 0.00206149 0.000489742
 0.00376643 0.000811592
 0.00181071 0.000395923
 0.00414729 0.000917155
 0.00811493  0.00166529
 0.00329163 0.000703087
 0.00635634  0.00130117
 0.00298126 0.000678342
 0.00344398 0.000772688
 0.00313575 0.000669746
 0.00131091 0.000340855
 0.00448898 0.000958132
 0.00672747  0.00140039
 0.00310311 0.000689001
 0.00170186 0.000391745
 0.00618784   0.0013127
 0.00377287 0.000809082
 0.00302975 0.000734742
 0.00546103  0.00112182
0.000808274  0.00019143
0.000647314 0.000147031
 0.00513598  0.00111438
 0.00177875  0.00039266
 0.00172028  0.00039658
 0.00264294 0.000556964
 0.00449492 0.000940207
 0.00244922 0.000522613
 0.00141432 0.000336665
 0.00285513 0.000665373
 0.00377526 0.000976075
 0.00498649  0.00105512
 0.00310982 0.000757057
 0.00190801 0.000439839
 0.00639086  0.00133716
 0.00174642 0.000386259
 0.00194893 0.000452007
 0.00635568  0.00133002
 0.00273585 0.000614569
0.000815773  0.00020779
 0.00293548 0.000646828
  0.0055428  0.00117138
 0.00763442  0.00156611
 0.00177434 0.000454132
 0.00293796 0.000306561
 0.00839517  0.00171888
 0.00663822  0.00137037
 0.00156429 0.000348409
 0.00221215 0.000504364
 0.00566028  0.00120029
 0.00813495  0.00166813
 0.00721517  0.00148344
 0.00230254 0.000327913
 0.00308568  0.00067244
 0.00437325   0.0009551
 0.00459311  0.00101403
 0.00170476 0.000367061
 0.00683324  0.00139687
0.000925233 0.000188145
 0.00434711 0.000932243
 0.00107386 0.000698092
 0.00247964 0.000630742
 0.00856323  0.00175013
 0.00117476  0.00036477
 0.00205649 0.000521482
0.000505925 0.000113643
 0.00207692 0.000468844
 0.00603312  0.00125421
 0.00137223 0.000295149
 0.00124795 0.000317527
 0.00231819 0.000522575
 0.00365291 0.000764054
 0.00336817  0.00071939
 0.00276072 0.000590976
  0.0078681  0.00160628
 0.00227823 0.000503835
 0.00274828 0.000622722
 0.00425263  0.00093045
 0.00220879 0.000472823
 0.00388616 0.000848258
 0.00257609  0.00054643
  0.0043064  0.00092564
 0.00695395   0.0014363
 0.00127871 0.000305391
 0.00473738  0.00100613
0.000945249 0.000211062
 0.00795857   0.0016309
 0.00230773 0.000430424
 0.00783188  0.00160844
 0.00166444 0.000362099
0.000616839 0.000144272
 0.00306289 0.000678105
 0.00224738 0.000502053
 0.00555834  0.00116044
0.000765141 0.000183285
 0.00326225 0.000699578
 0.00275664 0.000613191
 0.00269107 0.000576827
 0.00160277 0.000348642
 0.00317175 0.000709726
 0.00261894 0.000571184
 0.00208679  0.00044722
 0.00286484 0.000656638
 0.00126229 0.000337116
 0.00148268  0.00031213
 0.00448572 0.000944072
 0.00438631 0.000963783
 0.00312886  0.00069397
 0.00165992 0.000389893
 0.00335166 0.000749098
 0.00310373 0.000726252
   0.002052 0.000511588
 0.00360909 0.000801349
 0.00576339  0.00120966
 0.00498309  0.00108547
 0.00169655 0.000367829
 0.00199183 0.000503809
 0.00214478 0.000417479
 0.00365534 0.000782951
 0.00066546  0.00014304
 0.00381622 0.000814616
 0.00828226  0.00169582
 0.00267012 0.000605961
 0.00304158  0.00066534
 0.00147662 0.000335669
 0.00436077 0.000891691
 0.00698797  0.00143033
 0.00828302  0.00170284
 0.00505815  0.00112008
 0.00352345 0.000742074
 0.00336965  0.00111301
 0.00256727 0.000573195
 0.00586268  0.00124984
  0.0049745  0.00102417
 0.00379153 0.000810846
 0.00854495  0.00175031
0.000839777 0.000349114
 0.00483826   0.0010333
 0.00113223 0.000260161
 0.00379277 0.000837034
 0.00250206 0.000607209
 0.00213402  0.00027545
 0.00240952 0.000579005
 0.00266398 0.000589021
 0.00155173 0.000337289
 0.00193992  0.00045483
 0.00222677 0.000515008
 0.00146809 0.000362283
 0.00238331 0.000552075
 0.00200694 0.000493066
 0.00491399  0.00105321
 0.00590971  0.00121305
0.000630876 0.000137529
 0.00690019  0.00141502
 0.00716787  0.00146835
 0.00340836 0.000817074
 0.00218631 0.000492143
 0.00300982 0.000415878
  0.0076254  0.00155893
 0.00111868 0.000258485
 0.00279024 0.000589582
 0.00549738  0.00117042
 0.00258011 0.000553693
 0.00298694 0.000665502
 0.00190307 0.000479498
 0.00852904  0.00174284
 0.00298385 0.000711974
 0.00124884  0.00028163
 0.00146135 0.000350145
 0.00861396   0.0017618
0.000988101 0.000236124
 0.00195313 0.000428499
 0.00350869  0.00075917
 0.00730759   0.0014985
 0.00242091 0.000516106
 0.00070239   0.0104814
 0.00285186 0.000606954
 0.00779873   0.0015937
 0.00155758 0.000340671
 0.00107468 0.000259486
 0.00829513  0.00169924
 0.00766289  0.00157085
 0.00162185 0.000414549
0.000988117 0.000243422
 0.00274178 0.000599088
 0.00833994  0.00170904
 0.00149692 0.000322822
 0.00521959  0.00109734
 0.00255803 0.000579011
  0.0045863  0.00094862
   0.002148 0.000467951
  0.0039886 0.000823914
  0.0030187 0.000666238
 0.00477027  0.00104442
  0.0045191 0.000991184
 0.00612471  0.00129696
 0.00151095 0.000326432
 0.00490894  0.00104334
  0.0010762    0.000467
 0.00552773  0.00116371
 0.00185348 0.000405764
  0.0043879 0.000938333
 0.00288744 0.000667679
 0.00197307 0.000428064
 0.00312712 0.000657295
 0.00130302 0.000314545
  0.0018853 0.000463075
 0.00242318 0.000529318
 0.00263521 0.000592682
 0.00318188 0.000680719
 0.00460188 0.000987895
 0.00458575 0.000965378
0.000782825 0.000198644
0.000775193 0.000599153
 0.00459571 0.000949012
 0.00169121 0.000399628
 0.00162529 0.000373577
 0.00225946 0.000512075
0.000842839 0.000188757
 0.00269927 0.000594258
 0.00384729 0.000807172
0.000721347  0.00115009
  0.0127202 0.000547975
 0.00838927  0.00171395
 0.00499791  0.00102988
 0.00238177 0.000543585
 0.00156691 0.000404854
  0.0027371 0.000583191
0.000958009 0.000226842
 0.00153688 0.000343129
 0.00195962 0.000312872
 0.00263463 0.000632562
 0.00400259 0.000878062
 0.00227202 0.000492434
 0.00496966  0.00106574
 0.00123137 0.000283346
 0.00815164  0.00166738
  0.0014776 0.000321503
 0.00325803 0.000726379
 0.00435151 0.000931425
 0.00375364  0.00079955
  0.0021226 0.000452462
 0.00483949  0.00104454
 0.00830123  0.00170008
 0.00388042 0.000828336
 0.00288731 0.000623474
 0.00210952 0.000479861
 0.00335334 0.000744314
 0.00145048 0.000357532
 0.00822014  0.00168548
  0.0020472 0.000447601
  0.0076095   0.0015541
 0.00192222 0.000427131
 0.00208679 0.000477145
 0.00636399  0.00132347
 0.00245049 0.000567987
 0.00132434 0.000320976
 0.00347782 0.000759633
 0.00327952  0.00073586
 0.00308855 0.000647337
 0.00294633 0.000650305
  0.0023948 0.000318113
 0.00387347  0.00085285
 0.00475985  0.00106208
 0.00110117 0.000249625
 0.00158637 0.000501745
0.000932378 0.000227656
 0.00155708 0.000355599
  0.0047875  0.00100852
 0.00559863  0.00117583
  0.0059027  0.00125085
  0.0025507 0.000569581
 0.00182428 0.000397011
 0.00458893 0.000952095
  0.0025838 0.000605618
 0.00466999 0.000993601
 0.00244093 0.000540457
 0.00174996 0.000424701
 0.00772262  0.00157914
 0.00186213 0.000434845
 0.00271185 0.000581952
 0.00384472 0.000827869
 0.00293245 0.000668777
 0.00207912 0.000459484
 0.00247291  0.00055025
   0.001432 0.000313538
 0.00162806 0.000388271
0.000931597 0.000212435
 0.00600029  0.00127266
 0.00240894 0.000584922
 0.00190172 0.000409285
0.000367467 7.98298e-05
 0.00508433  0.00106987
 0.00415076  0.00089504
 0.00374051 0.000849916
  0.0032198 0.000695978
 0.00291312 0.000682351
 0.00248877 0.000531138
 0.00316079 0.000684044
 0.00356941 0.000803206
 0.00826862  0.00168787
 0.00291685  0.00061063
0.000785066 0.000167179
  0.0013266 0.000311099
 0.00290902 0.000684196
  0.0045679 0.000987516
 0.00248111  0.00051748
 0.00592678  0.00122821
 0.00170827 0.000256766
 0.00174754 0.000422226
 0.00662963  0.00139955
  0.0013878 0.000308813
 0.00126598  0.00045169
 0.00189376 0.000423573
 0.00534419  0.00114147
  0.0050502  0.00105385
 0.00150075 0.000309322
 0.00310085 0.000708272
 0.00427115  0.00091744
  0.0069909  0.00145319
  0.0015936 0.000654384
 0.00142906 0.000298041
 0.00369708 0.000789016
 0.00510784  0.00107879
 0.00128917 0.000302623
 0.00416046 0.000921797
  0.0013901 0.000330166
 0.00187742 0.000387756
 0.00474481  0.00108206
 0.00249882 0.000567107
 0.00413172 0.000927502
 0.00225872 0.000511351
 0.00253343 0.000538862
 0.00362522 0.000814518
 0.00356409 0.000791509
0.000272849 6.24229e-05
    0.00226 0.000486471
 0.00383908 0.000802192
 0.00206201 0.000342218
 0.00182567  0.00039212
 0.00141138 0.000300026
  0.0031683  0.00069051
0.000757402 0.000169647
 0.00106584 0.000226486
 0.00584544  0.00124353
 0.00326001 0.000725451
  0.0023518 0.000538921
 0.00440741 0.000934312
 0.00368884 0.000847238
 0.00153558 0.000352147
 0.00418104 0.000876204
  0.0014127 0.000361565
 0.00321888 0.000688229
 0.00467267  0.00099225
 0.00173623 0.000418557
 0.00369177 0.000804456
0.000453111 0.000631041
  0.0056918  0.00119379
 0.00807049  0.00165407
 0.00319432 0.000758229
 0.00380054 0.000780267
 0.00145894 0.000348431
 0.00267146 0.000614479
 0.00127511 0.000269489
 0.00514043  0.00114814
 0.00481245   0.0010372
 0.00462545 0.000974606
 0.00484234  0.00100331
 0.00178701 0.000412069
 0.00218618 0.000519317
0.000646354 0.000197994
 0.00506125  0.00110162
  0.0032258 0.000708534
 0.00853677  0.00174605
 0.00210877 0.000524883
 0.00364684 0.000809066
0.000694214 0.000177867
 0.00451777 0.000954017
 0.00575752  0.00122765
0.000556324 0.000137138
 0.00193296  0.00041402
  0.0011991 0.000279467
  0.0038972 0.000817772
 0.00356052 0.000777964
 0.00366716 0.000770382
 0.00851541  0.00173919
 0.00254969 0.000586629
 0.00185271  0.00039936
0.000589504  0.00014001
 0.00154099 0.000353301
 0.00212972 0.000494873
 0.00727987  0.00149489
0.000972973 0.000232699
 0.00820943   0.0016851
 0.00696952  0.00145856
 0.00563497  0.00115973
 0.00208794 0.000447771
 0.00139824 0.000413839
 0.00397613 0.000869182
 0.00386765 0.000835783
 0.00117292 0.000625964
 0.00363445 0.000799954
 0.00155455 0.000377686
 0.00289121 0.000627947
 0.00275573  0.00058816
 0.00396202 0.000828744
 0.00267007  0.00059614
 0.00360031 0.000777667
 0.00486283  0.00103889
 0.00307237 0.000645077
 0.00361388 0.000806427
 0.00319134 0.000686992
 0.00532942  0.00112506
 0.00277863 0.000659967
 0.00451977 0.000973455
 0.00809833  0.00165526
 0.00177472 0.000404119
 0.00817345  0.00167595
 0.00315184   0.0107171
 0.00509313  0.00113211
 0.00199398 0.000478885
 0.00185783 0.000441609
 0.00358381 0.000665971
 0.00853451  0.00174361
 0.00418906 0.000907127
 0.00139813 0.000363855
 0.00395437 0.000878468
 0.00157731 0.000354547
 0.00585884  0.00120415
 0.00826132  0.00169126
 0.00319072 0.000708381
 0.00634536  0.00135375
0.000580286 0.000127513
 0.00212725 0.000465945
 0.00088727  0.00020119
 0.00240005 0.000555196
 0.00601564  0.00124321
 0.00317606 0.000680622
 0.00289896 0.000617571
 0.00201465 0.000430088
 0.00200672 0.000471252
 0.00406262 0.000872321
 0.00643309  0.00136371
 0.00441903 0.000907728
 0.00450723  0.00095093
 0.00136639 0.000357198
 0.00403294 0.000876372
 0.00767347  0.00157278
 0.00151503 0.000369565
 0.00400035 0.000933277
   0.003392 0.000707302
 0.00348084  0.00074154
 0.00349852 0.000733295
 0.00258414  0.00057647
 0.00265535 0.000770075
 0.00281798 0.000463769
  0.0123261 0.000364901
 0.00294576 0.000678962
 0.00084932 0.000205856
 0.00217088 0.000491241
 0.00119576 0.000442546
  0.0018742 0.000456901
 0.00238472 0.000558914
  0.0028077 0.000601233
0.000999791 0.000234014
 0.00119377 0.000267339
 0.00658629  0.00137231
 0.00511269  0.00110345
 0.00215139 0.000469938
 0.00458907  0.00107485
 0.00117221 0.000266439
  0.0020047 0.000508396
 0.00343645 0.000782346
 0.00217979  0.00054416
0.000542137 0.000117363
 0.00227372 0.000505765
 0.00163151 0.000350873
0.000769037 0.000196928
 0.00736316  0.00150638
 0.00276741 0.000599405
 0.00254072 0.000463512
 0.00548554  0.00116084
   0.003577  0.00076611
 0.00756335  0.00154601
 0.00354677 0.000770579
 0.00224663 0.000482121
 0.00211425 0.000452691
 0.00505702  0.00107439
 0.00178632  0.00041323
 0.00196754 0.000425582
 0.00345791 0.000725331
 0.00879643  0.00179999
 0.00789733   0.0016231
 0.00117901 0.000371616
  0.0052802  0.00109869
 0.00117789 0.000253875
 0.00330361 0.000756788
 0.00104696 0.000255683
 0.00237784 0.000506515
 0.00295903 0.000623909
 0.00233818 0.000498774
 0.00492935  0.00103239
 0.00253929 0.000578111
 0.00194625 0.000430257
 0.00322982 0.000688323
 0.00135903 0.000306464
 0.00658344  0.00137268
  0.0022182 0.000545088
 0.00274051 0.000608448
 0.00145413 0.000309459
 0.00274774 0.000605486
 0.00194539 0.000420175
 0.00871947  0.00178312
 0.00409319 0.000841372
0.000913916 0.000216851
 0.00581024  0.00127327
 0.00840269  0.00171774
 0.00657925  0.00138075
 0.00353887 0.000699473
 0.00148081 0.000362996
0.000939066  0.00022503
 0.00241772 0.000507967
 0.00307006  0.00064978
 0.00317015 0.000680424
 0.00417444  0.00093664
 0.00277976 0.000573599
  0.0041767 0.000916968
 0.00561658  0.00121098
  0.0155316  0.00116167
0.000757586 0.000171736
 0.00157803 0.000493685
 0.00156437 0.000341042
 0.00341214  0.00073894
 0.00331554 0.000691884
 0.00298368 0.000670619
  0.0019136 0.000467301
 0.00202393 0.000444096
 0.00236862 0.000538832
 0.00835028  0.00170946
 0.00820216   0.0016744
 0.00534576   0.0011402
 0.00149537 0.000349598
 0.00115342 0.000275894
 0.00226536 0.000498059
 0.00458683 0.000955392
0.000262613 5.72896e-05
 0.00072021 0.000173662
 0.00242868 0.000524426
 0.00258463 0.000584091
 0.00210354 0.000508217
 0.00142761 0.000355105
 0.00492235  0.00108661
 0.00361059 0.000761403
 0.00660425  0.00137652
 0.00201145 0.000453576
 0.00282028  0.00063353
 0.00152274 0.000324231
 0.00188868 0.000464934
0.000921238 0.000346199
 0.00195897 0.000450345
 0.00355239 0.000786911
 0.00443542 0.000946476
 0.00331587 0.000793754
 0.00350107 0.000746801
 0.00121852 0.000301932
 0.00225333 0.000502817
 0.00121139 0.000292633
 0.00187537 0.000437541
 0.00460215 0.000975026
   0.002293 0.000517066
 0.00316055 0.000703347
  0.0029134 0.000642135
 0.00170594 0.000381091
 0.00443957 0.000948535
 0.00173606 0.000338843
 0.00389666 0.000824304
 0.00315273 0.000708788
 0.00365824 0.000777672
0.000793651  0.00048875
 0.00172367 0.000366022
 0.00130542 0.000292638
 0.00359893 0.000807623
 0.00448373 0.000938244
 0.00129811 0.000294008
 0.00452338 0.000999607
 0.00241067 0.000524739
 0.00231924  0.00054375
 0.00584297  0.00122559
 0.00208447 0.000472942
 0.00218667 0.000339853
  0.0041161 0.000876285
 0.00643057  0.00132108
 0.00191623 0.000436538
 0.00525423  0.00108426
  0.0015048 0.000352867
 0.00125728 0.000304268
 0.00538187   0.0011395
 0.00351264 0.000755093
  0.0024607 0.000519771
 0.00398736 0.000858184
0.000617762 0.000143252
 0.00622432  0.00129023
 0.00311825 0.000655467
 0.00809374   0.0016605
0.000761481 0.000168524
 0.00373609 0.000783427
 0.00799111  0.00163783
 0.00141522 0.000343712
  0.0012561 0.000315149
 0.00192836 0.000409243
 0.00160506 0.000426564
0.000811197 0.000200266
 0.00277397 0.000617012
  0.0017603 0.000421566
 0.00243655 0.000615494
  0.0049473   0.0010434
  0.0008488 0.000180924
 0.00523824  0.00110594
 0.00320744 0.000678503
  0.0066151  0.00138572
 0.00115664 0.000259276
 0.00226492 0.000469927
 0.00448507  0.00093811
 0.00368995 0.000788294
 0.00236324 0.000546407
 0.00379449   0.0008092
 0.00582977  0.00121309
 0.00157598 0.000335547
  0.0061564  0.00126123
 0.00361697 0.000784535
 0.00316707 0.000707081
 0.00439618 0.000937311
 0.00144274 0.000306164
 0.00677439  0.00139518
 0.00408206 0.000923506
 0.00195304  0.00042637
0.000838001 0.000184652
 0.00112873 0.000300319
 0.00215604 0.000493513
 0.00410536 0.000886412
 0.00112731 0.000267795
 0.00305158 0.000699383
 0.00274619 0.000626462
 0.00180269  0.00041803
 0.00372049 0.000818939
 0.00199118 0.000448889
 0.00490865  0.00105153
 0.00261797  0.00057523
 0.00672433  0.00138781
 0.00346719 0.000743529
 0.00367801 0.000807191
 0.00202992 0.000504995
 0.00172272 0.000368978
 0.00836122  0.00171499
0.000195895 4.21235e-05
  0.0045271 0.000932379
 0.00224436 0.000569569
 0.00437341  0.00092002
0.000947463 0.000205643
 0.00579343  0.00119882
  0.0031203 0.000673203
0.000574961 0.000184028
 0.00257823 0.000578703
0.000703804 0.000184207
 0.00821561  0.00167594
 0.00447162 0.000958034
  0.0039995  0.00090962
 0.00537674  0.00113898
  0.0046979  0.00102701
 0.00498864  0.00109422
 0.00165786 0.000416703
 0.00346529 0.000747113
0.000674537 0.000192854
 0.00157557 0.000255977
 0.00240938 0.000540633
 0.00526437  0.00112898
 0.00274183 0.000595278
 0.00599476  0.00125251
 0.00514483   0.0010655
 0.00178029 0.000403445
 0.00168182 0.000518633
0.000994566 0.000214934
 0.00383209 0.000819927
 0.00328468 0.000705271
0.000811189 0.000176706
 0.00383191 0.000821946
 0.00839619  0.00171355
 0.00325956 0.000682085
 0.00146676 0.000350309
 0.00225839 0.000348907
 0.00479363 0.000991344
 0.00254432 0.000542382
 0.00138006 0.000325823
 0.00337498 0.000768558
0.000924894 0.000228504
 0.00172034 0.000286716
 0.00102709 0.000368208
 0.00134838 0.000335735
 0.00164309 0.000324975
 0.00542902  0.00114644
 0.00375013 0.000795304
 0.00115108 0.000280263
0.000644241    0.000316
 0.00334554 0.000650159
 0.00121669  0.00044325
0.000610765   0.0003124
 0.00049879 0.000108686
 0.00159158 0.000338876
 0.00119686 0.000199582
 0.00182659 0.000426767
 0.00315514 0.000689892
0.000629534 0.000148839
 0.00228537 0.000559318
 0.00843204  0.00172056
 0.00686271  0.00141262
 0.00512794  0.00106919
 0.00413459 0.000918278
0.000881097 0.000273498
   0.004874  0.00107368
 0.00403194 0.000876061
 0.00844177  0.00172232
0.000889355   0.0001976
 0.00218849 0.000497558
 0.00191896  0.00046375
  0.0030621 0.000659796
 0.00406647  0.00089847
 0.00145192 0.000359402
 0.00306666 0.000722871
 0.00253857 0.000628643
 0.00738269  0.00152062
 0.00169859  0.00036744
  0.0013726 0.000333628
 0.00242763 0.000546228
 0.00159237 0.000354102
 0.00507213  0.00112124
  0.0120427 0.000440552
0.000218915 5.08587e-05
0.000840072 0.000182211
 0.00585985  0.00120893
  0.0035063 0.000767503
  0.0025267 0.000572212
 0.00151715 0.000247348
0.000767925  0.00111702
0.000542102 0.000131399
 0.00194291 0.000368022
 0.00871307  0.00178116
0.000793163 0.000183445
 0.00111228  0.00024437
 0.00579427  0.00118766
 0.00565482  0.00118201
 0.00153725   0.0003452
 0.00165499 0.000371644
 0.00344399 0.000691434
 0.00248074 0.000529085
 0.00800975  0.00164145
 0.00414678 0.000877643
 0.00413566  0.00093435
0.000925294  0.00109046
 0.00294232 0.000629235
 0.00130729 0.000323231
 0.00345392 0.000722113
 0.00338363 0.000746615
 0.00109839 0.000379594
 0.00842533  0.00172039
 0.00359664 0.000801235
 0.00187372 0.000453997
 0.00114208  0.00024415
 0.00492495  0.00103558
 0.00446667 0.000949947
 0.00142981 0.000271558
 0.00136965 0.000323619
 0.00188922 0.000628237
 0.00438631 0.000906943
  0.0009298 0.000145931
 0.00455314  0.00101825
 0.00262108  0.00063479
 0.00121479 0.000225091
 0.00179848 0.000441252
0.000516945 0.000116088
 0.00310508 0.000700072
  0.0025319 0.000559058
 0.00100383 0.000239771
 0.00291278 0.000636528
  0.0086238  0.00176621
 0.00101112 0.000227716
 0.00274883 0.000601284
 0.00377616 0.000850641
 0.00365634 0.000795601
  0.0127156 0.000554284
 0.00567796  0.00120288
 0.00285143 0.000654842
 0.00444387 0.000941669
  0.0034967 0.000838925
 0.00110579 0.000243288
 0.00256076 0.000531402
 0.00174829 0.000430862
 0.00267772 0.000569579
  0.0032022 0.000670923
 0.00264276 0.000395479
 0.00233853  0.00054342
 0.00466808 0.000988991
 0.00301674 0.000687876
 0.00490628  0.00104598
 0.00260352 0.000563778
 0.00119297  0.00018654
 0.00822756   0.0016802
 0.00128397 0.000293534
0.000652511 0.000239271
 0.00551633  0.00113273
 0.00363622 0.000813886
 0.00362918 0.000783815
 0.00471768  0.00101222
 0.00224119 0.000429954
 0.00564843  0.00121949
0.000662768 0.000142886
 0.00586093  0.00123323
 0.00624635  0.00129062
 0.00262827 0.000614341
 0.00229774 0.000516932
 0.00133834 0.000288474
 0.00050563 0.000170106
0.000914144 0.000207451
  0.0030738 0.000670414
 0.00680932   0.0014252
0.000476628 0.000171109
 0.00101382 0.000771312
 0.00745612  0.00153255
 0.00410614 0.000879951
 0.00851203  0.00174318
 0.00470928 0.000998803
0.000696027 0.000157503
 0.00428323 0.000945526
 0.00294503 0.000620175
 0.00167379 0.000394259
 0.00379056  0.00081247
 0.00207886 0.000491212
 0.00321499 0.000682305
 0.00825219  0.00168627
 0.00582249  0.00124154
 0.00820812   0.0016774
 0.00105743 0.000253889
 0.00470232  0.00103391
 0.00282558 0.000620033
 0.00534784  0.00110466
 0.00224788 0.000505478
 0.00816014  0.00167133
 0.00631446  0.00129762
 0.00125479  0.00030771
 0.00164718 0.000362533
 0.00267453 0.000540829
 0.00264919  0.00058588
 0.00261086 0.000623736
 0.00339327 0.000726085
 0.00402082 0.000859098
 0.00792938  0.00162209
 0.00191194 0.000447434
 0.00596506  0.00122309
 0.00465041 0.000990186
 0.00236729 0.000514675
  0.0034732 0.000744503
 0.00377484 0.000806267
 0.00611509  0.00128821
 0.00140677 0.000322828
 0.00333333  0.00072217
 0.00217778 0.000460794
 0.00282859 0.000659938
 0.00436567 0.000926112
 0.00431853 0.000905755
  0.0045666 0.000977129
 0.00493117  0.00106475
0.000961696 0.000446476
0.000679968 0.000183365
 0.00470132 0.000992032
 0.00342152 0.000771281
  0.0013263 0.000331785
 0.00450725 0.000976344
 0.00343556 0.000741138
 0.00170965 0.000440164
 0.00338615 0.000828663
 0.00159588 0.000341438
 0.00847944  0.00173462
 0.00106269 0.000253991
  0.0034099 0.000714013
 0.00268622 0.000621056
 0.00196602  0.00042459
 0.00139749 0.000373872
  0.0048775  0.00102092
 0.00179745  0.00042552
 0.00170033 0.000403107
 0.00213796 0.000457881
0.000561293 0.000123059
 0.00266195 0.000632181
 0.00392911  0.00082578
 0.00880665   0.0018004
 0.00101868 0.000222398
 0.00148567 0.000430262
 0.00222099 0.000496415
 0.00250147 0.000606996
 0.00328381 0.000761241
 0.00538599  0.00116526
 0.00395258 0.000859804
 0.00349139 0.000796748
 0.00123251 0.000270173
 0.00240721 0.000499268
 0.00156733 0.000439016
   0.005511  0.00118485
 0.00265368 0.000581117
0.000925319 0.000222408
 0.00147503 0.000387335
 0.00145014 0.000327528
 0.00222873 0.000485003
 0.00225469 0.000477336
 0.00270814 0.000589679
 0.00468014 0.000979798
 0.00275646 0.000594368
 0.00210107 0.000506722
 0.00165061 0.000402245
 0.00113384 0.000248855
 0.00151659 0.000334962
 0.00197227 0.000438254
 0.00255385 0.000650432
 0.00408938 0.000861241
 0.00271893 0.000637827
 0.00263584 0.000579293
 0.00188335 0.000437843
 0.00191854 0.000436045
 0.00792201  0.00162236
  0.0033106 0.000694021
 0.00145169 0.000485208
 0.00136494 0.000346771
 0.00261123 0.000573767
 0.00224092  0.00049075
 0.00375328 0.000808432
 0.00478529   0.0010158
 0.00272112 0.000599247
0.000939276 0.000209425
 0.00526889  0.00112754
 0.00246504 0.000524489
 0.00103386 0.000238023
 0.00240933 0.000593409
 0.00244598 0.000529977
 0.00110308 0.000245717
 0.00106794 0.000254211
 0.00225601 0.000485651
 0.00563053  0.00120308
 0.00402711 0.000889193
 0.00883213  0.00180791
 0.00345634 0.000728992
 0.00558748  0.00114476
 0.00346063 0.000688739
 0.00106436 0.000242927
 0.00100735 0.000416886
  0.0031653 0.000770059
 0.00169851 0.000268991
 0.00387629 0.000821082
 0.00113561 0.000305188
0.000853458 0.000182292
 0.00202342 0.000495805
 0.00142951 0.000379194
 0.00104469   0.0103107
  0.0030977 0.000656369
 0.00431532 0.000990693
  0.0043443 0.000928225
 0.00274704 0.000610509
 0.00167007 0.000367834
 0.00169463 0.000408961
 0.00868651   0.0017747
 0.00796699  0.00162856
 0.00402763 0.000862894
 0.00145793 0.000326912
 0.00603408  0.00126871
 0.00497585  0.00104635
 0.00859682  0.00175773
 0.00591136  0.00123931
 0.00413636 0.000862917
 0.00596027  0.00124945
 0.00297559 0.000668474
 0.00846882  0.00173148
 0.00565463  0.00117184
 0.00271766 0.000699406
 0.00601367  0.00124131
 0.00250604  0.00035344
 0.00359619 0.000761834
  0.0042733 0.000955393
 0.00365297 0.000768537
 0.00687337  0.00140471
 0.00352483 0.000690285
 0.00349291 0.000731069
  0.0029022 0.000638469
 0.00125187  0.00028067
 0.00359155 0.000783727
 0.00270626 0.000615224
 0.00317618 0.000749612
  0.0083504  0.00170878
 0.00064234 0.000137362
 0.00256991 0.000576829
 0.00252933 0.000521793
 0.00228203 0.000514935
 0.00385587 0.000825365
 0.00402038 0.000854801
 0.00838478  0.00171952
0.000624388 0.000136807
 0.00417676 0.000892394
 0.00442522 0.000951136
0.000808672 0.000191793
 0.00124332 0.000417367
 0.00145066 0.000319176
0.000565416  0.00012826
 0.00157464 0.000337644
 0.00213542 0.000476363
 0.00158466 0.000439407
 0.00395175 0.000848693
0.000556907 0.000124261
 0.00554602  0.00116116
 0.00278799 0.000612879
 0.00255154 0.000595247
 0.00339632 0.000734841
 0.00243478 0.000555645
 0.00146823 0.000363651
 0.00246702 0.000580908
 0.00307076 0.000676809
 0.00304183  0.00066973
 0.00357547 0.000817042
 0.00720788  0.00148042
0.000156152 3.62999e-05
 0.00120765 0.000368662
  0.0036713 0.000790636
 0.00327212 0.000707356
0.000291649 6.37015e-05
 0.00277442 0.000590135
 0.00161248  0.00034799
 0.00170931  0.00035319
 0.00252963 0.000558767
 0.00859863   0.0017617
 0.00752064  0.00154154
 0.00334968 0.000741885
  0.0026067 0.000619235
 0.00322229 0.000697494
0.000490656 0.000178869
 0.00181277  0.00037008
 0.00506097  0.00104445
 0.00105454 0.000227309
0.000428941 9.55272e-05
0.000532566 0.000125516
 0.00383129 0.000849927
 0.00301217 0.000443443
 0.00163136 0.000345091
 0.00665262  0.00137963
 0.00545113  0.00113106
 0.00260664 0.000600103
 0.00400808 0.000853275
 0.00778998  0.00160082
 0.00361103 0.000761113
0.000641852 0.000323158
  0.0074439   0.0015252
 0.00612018  0.00126689
 0.00404475 0.000878725
  0.0053638  0.00120323
 0.00220978 0.000506825
 0.00198648 0.000436045
 0.00833415  0.00170563
 0.00369717 0.000772947
 0.00124441 0.000296385
 0.00569495  0.00121209
 0.00605676  0.00126654
 0.00196495 0.000424465
0.000376899 8.49375e-05
 0.00150365  0.00042852
 0.00165486 0.000390511
 0.00208421 0.000453009
 0.00291194 0.000632926
 0.00242615 0.000576252
 0.00117727 0.000242892
 0.00350075 0.000821239
 0.00410249 0.000856284
 0.00627332   0.0013057
 0.00520376  0.00108538
 0.00865037  0.00177322
 0.00460541 0.000985151
 0.00414911 0.000894009
 0.00476345  0.00107512
 0.00503737  0.00104358
 0.00286606  0.00064096
 0.00164584 0.000382226
 0.00410249 0.000872791
 0.00756982  0.00154818
 0.00622846  0.00128095
 0.00618519  0.00130793
 0.00441942 0.000923982
 0.00244089 0.000532293
 0.00256351 0.000594199
 0.00291602 0.000679398
 0.00522648  0.00107655
 0.00150701 0.000319485
 0.00166027 0.000360641
 0.00311108 0.000755031
 0.00482278  0.00102112
 0.00440503  0.00108874
 0.00147301 0.000359212
 0.00209178  0.00045967
 0.00860026  0.00176045
 0.00864849  0.00176886
 0.00817872  0.00167849
 0.00341433  0.00073705
 0.00255447 0.000612335
 0.00311986 0.000662335
 0.00335583 0.000765122
 0.00533862  0.00116017
 0.00229909 0.000495671
 0.00116374 0.000267307
 0.00123468 0.000269863
 0.00205756 0.000395812
 0.00257984 0.000572163
 0.00294079 0.000699138
 0.00248476 0.000609424
 0.00217558 0.000675379
 0.00152184 0.000350363
 0.00405493 0.000870578
 0.00218674 0.000522075
 0.00788265  0.00162177
 0.00502504  0.00102885
 0.00328085 0.000727801
 0.00135757 0.000289507
 0.00203943      0.0005
 0.00338197 0.000726684
 0.00795534  0.00162787
 0.00313098 0.000668793
 0.00339389 0.000768534
 0.00378036 0.000804578
 0.00141227 0.000334843
 0.00213899 0.000468257
 0.00405281 0.000863896
 0.00374262 0.000789362
 0.00442796 0.000940814
 0.00413343 0.000878956
 0.00235034 0.000535766
 0.00854201  0.00174681
 0.00231458 0.000569047
 0.00247865 0.000541725
 0.00134435 0.000375408
 0.00372876 0.000799154
 0.00409681 0.000866152
 0.00270444 0.000567559
 0.00273005 0.000559241
 0.00356136 0.000798365
 0.00307355 0.000690371
 0.00216601 0.000402361
 0.00485865  0.00105719
  0.0058019   0.0011974
  0.0025243 0.000609214
 0.00168881 0.000355467
 0.00565695   0.0011851
 0.00242351 0.000538643
 0.00192029 0.000420909
 0.00293061 0.000648863
0.000854177 0.000184446
 0.00667839  0.00137532
 0.00297655 0.000653341
 0.00130033 0.000261899
 0.00317627 0.000704188
 0.00129003 0.000343134
 0.00517961  0.00110163
 0.00128223 0.000281457
  0.0080687  0.00164865
 0.00294392 0.000672494
 0.00090304 0.000379703
 0.00302572 0.000684202
 0.00317836 0.000712623
 0.00188307 0.000392096
 0.00240338 0.000494561
 0.00154368 0.000341735
0.000873876 0.000200035
 0.00354046 0.000755398
  0.0044015 0.000957231
 0.00187544  0.00044019
 0.00577828  0.00123215
 0.00222743 0.000477769
 0.00176614 0.000386361
  0.0022612 0.000489032
  0.0046641 0.000979121
 0.00655377  0.00136221
 0.00118126 0.000285248
 0.00455203 0.000952876
 0.00082244 0.000193334
 0.00075258 0.000178481
 0.00182137 0.000391142
0.000755131 0.000175838
 0.00498508  0.00107176
 0.00330357 0.000713456
 0.00243028 0.000524124
 0.00378142 0.000841134
 0.00263004 0.000573407
 0.00159662 0.000360855
 0.00396202 0.000846661
 0.00437724 0.000916117
 0.00197926 0.000458596
 0.00133675 0.000338974
 0.00108561 0.000263933
 0.00290284 0.000572755
 0.00292801 0.000750458
 0.00790414  0.00162394
 0.00199435 0.000456237
 0.00480981  0.00105703
 0.00415301 0.000905533
  0.0012124 0.000860712
 0.00423189 0.000905495
 0.00793516  0.00162359
 0.00856792  0.00175209
  0.0041983 0.000886496
 0.00180697 0.000392692
 0.00306536 0.000658254
 0.00218987  0.00046962
   0.003805 0.000810516
 0.00805361   0.0016518
 0.00146608 0.000338709
 0.00199293  0.00045093
 0.00779852  0.00159613
 0.00392709 0.000838103
 0.00242389 0.000461858
 0.00626677   0.0012868
 0.00167824 0.000402036
0.000829134 0.000214003
 0.00126328 0.000380411
 0.00325115 0.000685143
 0.00806599  0.00165725
 0.00183215 0.000354481
0.000940926 0.000213632
  0.0022546 0.000505107
 0.00365424 0.000814722
 0.00347344 0.000737614
 0.00401749 0.000837857
  0.0040435 0.000893627
 0.00140055 0.000319923
 0.00151698 0.000330449
 0.00268538  0.00059839
 0.00374626 0.000819479
 0.00802872  0.00164308
  0.0030217 0.000628167
 0.00232086 0.000486291
 0.00799322  0.00163496
 0.00533249  0.00113103
 0.00244396 0.000569555
  0.0056457  0.00120068
 0.00438294 0.000946061
 0.00106437 0.000244448
 0.00275267 0.000622738
 0.00828504  0.00169523
 0.00207247 0.000463908
 0.00353821 0.000748414
 0.00236496  0.00050462
 0.00223708 0.000504188
 0.00746095   0.0015343
 0.00340518  0.00072348
 0.00176824 0.000423833
 0.00126672 0.000288706
 0.00315219 0.000676248
 0.00297948 0.000653763
 0.00174518 0.000377203
 0.00238538 0.000569649
 0.00625897  0.00131285
 0.00188057 0.000443753
0.000958385 0.000221222
 0.00503449  0.00107664
 0.00162857 0.000345276
 0.00135725 0.000307422
0.000880137 0.000191849
  0.0188642  0.00182954
0.000860159 0.000199762
 0.00182576 0.000407779
 0.00308871 0.000660738
 0.00227169 0.000570969
 0.00316025 0.000703467
  0.0037103 0.000774228
 0.00160483  0.00035177
 0.00191237 0.000406773
 0.00249046 0.000533838
  0.0029859 0.000647698
 0.00793525  0.00162247
 0.00106645 0.000260831
 0.00286701 0.000614937
0.000721222 0.000167103
 0.00366905 0.000811954
 0.00139067 0.000328076
 0.00367649 0.000768117
 0.00149777 0.000336422
 0.00388789 0.000818581
 0.00268612 0.000577729
0.000750461 0.000171245
0.000813265   0.0001902
 0.00416885 0.000931964
 0.00147127 0.000280026
 0.00839962  0.00171553
 0.00116638 0.000254791
  0.0068041   0.0014212
 0.00655666  0.00137123
 0.00390856 0.000818244
 0.00221816 0.000462521
  0.0060319  0.00125455
 0.00112939 0.000993028
 0.00036433 7.52467e-05
 0.00362439 0.000769416
0.000894718  0.00025669
 0.00447988 0.000940892
 0.00517534   0.0010451
 0.00175212 0.000411683
 0.00223946 0.000481136
 0.00240087 0.000526359
 0.00163377 0.000402734
 0.00190276 0.000432872
 0.00505951  0.00105488
 0.00133542 0.000304068
 0.00821569  0.00168524
 0.00316862 0.000698671
 0.00585419  0.00124611
 0.00716125   0.0014666
 0.00264885 0.000588736
 0.00223039  0.00051213
 0.00255153 0.000535146
 0.00163498 0.000371044
 0.00198319 0.000434972
0.000740623 0.000162336
 0.00532052  0.00113139
  0.0028239 0.000626378
  0.0050046  0.00103041
 0.00225418 0.000456882
 0.00532744  0.00110549
 0.00646685  0.00132782
 0.00170068 0.000379934
 0.00448456 0.000940794
 0.00828507  0.00169212
  0.0069966  0.00143369
 0.00640757  0.00131635
 0.00203693 0.000524522
 0.00271211 0.000633747
 0.00134049  0.00046712
 0.00330994 0.000748084
 0.00121556 0.000259919
0.000941086 0.000227592
 0.00258851 0.000392685
 0.00261484 0.000566037
  0.0046688  0.00098736
 0.00349094 0.000774283
  0.0075586  0.00154552
 0.00182428 0.000425346
 0.00821012  0.00168176
 0.00204732 0.000445723
  0.0029961 0.000674441
 0.00381728 0.000833476
 0.00250634 0.000531078
 0.00101272 0.000235932
 0.00343205 0.000749125
 0.00269848  0.00058349
 0.00115894 0.000266416
 0.00283191 0.000598258
 0.00200192 0.000459052
 0.00179988   0.0003877
 0.00079891 0.000415834
 0.00440091 0.000941274
  0.0030634 0.000723206
 0.00389113 0.000826969
0.000825994 0.000189032
 0.00358726 0.000766333
 0.00477644  0.00101528
 0.00351095 0.000750919
 0.00352904 0.000713104
 0.00161791 0.000395767
 0.00837243  0.00171468
 0.00143028 0.000299933
 0.00394326 0.000842384
 0.00163366 0.000392294
 0.00367923 0.000803032
 0.00107575 0.000251363
 0.00514855  0.00109653
 0.00430475 0.000908611
 0.00487195  0.00103282
 0.00311256 0.000740412
 0.00652166  0.00135195
 0.00194703 0.000462737
  0.0032279 0.000771573
  0.0057843  0.00122237
 0.00436844  0.00094584
 0.00167041 0.000390453
 0.00180396 0.000448323
 0.00185622 0.000276795
 0.00152264 0.000334623
 0.00431418 0.000905129
 0.00182929 0.000434833
 0.00390507  0.00080187
 0.00259426 0.000586446
 0.00521313  0.00110126
 0.00295421 0.000764128
 0.00252525 0.000633805
 0.00341876 0.000776589
 0.00426529 0.000920881
  0.0053991  0.00111926
 0.00143463 0.000347603
0.000737755 0.000167528
0.000900943  0.00020653
 0.00304236  0.00067139
 0.00665613   0.0013785
 0.00257805 0.000553911
 0.00168543 0.000382683
 0.00193618 0.000488826
 0.00077724 0.000278743
 0.00661385  0.00140044
 0.00397989 0.000783584
0.000763498  0.00017773
 0.00847883  0.00173618
 0.00597496  0.00125811
 0.00264262 0.000561082
 0.00597138  0.00126151
 0.00188401 0.000357501
  0.0078714  0.00161627
 0.00339645 0.000752076
 0.00476571 0.000989391
 0.00335301 0.000801611
0.000902643  0.00019329
 0.00432891 0.000944532
  0.0043282 0.000963855
0.000568601 0.000129338
   0.006054  0.00128409
 0.00275733 0.000630377
 0.00264625 0.000594236
 0.00118988 0.000283843
 0.00184273 0.000387631
 0.00193385 0.000461093
 0.00644242   0.0013373
 0.00124082 0.000268637
  0.0014509  0.00030856
 0.00384121 0.000424177
  0.0012705 0.000302939
 0.00709215   0.0014544
 0.00204975 0.000505241
 0.00342921 0.000747288
 0.00240461 0.000565768
0.000824683 0.000187952
 0.00459953 0.000962082
0.000479549 0.000132969
 0.00149623 0.000382486
 0.00466245  0.00096409
 0.00406029 0.000865854
 0.00687216   0.0014444
   0.003088 0.000733201
  0.0009655 0.000209117
 0.00437896 0.000963432
 0.00219394 0.000488464
 0.00245123 0.000565326
 0.00306936 0.000689749
 0.00234555  0.00047701
  0.0035302 0.000817021
 0.00158695 0.000358769
 0.00112011 0.000264601
0.000815664 0.000190865
 0.00224924 0.000478704
 0.00180859 0.000537072
 0.00727629  0.00149811
 0.00447547 0.000973088
 0.00155593 0.000311934
0.000689819 0.000177105
 0.00396796 0.000894723
 0.00443266 0.000940399
 0.00350207 0.000745312
 0.00611751  0.00129436
 0.00346652 0.000749681
  0.0030053 0.000727642
 0.00430755 0.000907844
 0.00667723  0.00138431
 0.00160387 0.000363505
  0.0062851  0.00132626
  0.0015958 0.000339684
 0.00209794 0.000510179
0.000674277 0.000191219
 0.00196072 0.000415963
 0.00240288 0.000588264
 0.00482058   0.0010475
  0.0052224  0.00111717
 0.00292238 0.000608052
0.000630521  0.00016828
 0.00730561  0.00149589
 0.00324897 0.000829688
 0.00807633  0.00165276
 0.00336479 0.000759124
 0.00189057  0.00044573
 0.00502147  0.00109234
 0.00118287 0.000272809
0.000897548 0.000201302
 0.00388656 0.000832864
 0.00451723 0.000986556
0.000571871 0.000128669
 0.00808653  0.00165985
0.000555843 0.000154779
 0.00400001 0.000865714
 0.00429797 0.000939179
 0.00195702 0.000480424
 0.00138555 0.000310168
 0.00284878 0.000647077
 0.00289028 0.000626782
 0.00311578 0.000722563
 0.00277132 0.000627087
 0.00267531 0.000568682
 0.00448641 0.000944683