 1.35499e-61            0
 1.07557e-40            0
 1.39543e-60            0
 2.91933e-36            0
 4.37798e-64            0
 7.46599e-22            0
 4.19064e-72            0
 3.54579e-22            0
 4.10891e-30            0
 1.77469e-32            0
 8.39538e-88            0
 1.20368e-48            0
 6.33456e-45            0
 1.90037e-65            0
 3.93005e-87            0
 2.25783e-26            0
 9.21375e-55            0
 1.16079e-55            0
 4.17047e-32            0
 5.41113e-83            0
 5.93091e-89            0
 7.17172e-53            0
1.14733e-101            0
  3.0649e-71            0
 1.30411e-32            0
 7.58259e-16            0
 3.50619e-70            0
 2.52834e-81            0
 7.34256e-41            0
 7.54836e-60            0
 3.39541e-29            0
 2.05446e-49            0
 2.84208e-77            0
 9.41004e-28            0
 1.12106e-86            0
 1.47025e-80            0
 1.20058e-39            0
 5.42166e-54            0
3.79222e-116            0
 7.09162e-47            0
 3.82572e-29            0
 6.42762e-64            0
 3.77975e-34            0
 1.60356e-53            0
  3.6351e-66            0
  3.4682e-52            0
 9.42997e-68            0
 2.74151e-40            0
 4.00497e-21            0
 1.74079e-65            0
  6.1281e-71            0
 2.48761e-84            0
 6.03899e-65            0
 2.95163e-48            0
 2.92549e-41            0
 1.82198e-95            0
 1.62295e-72            0
 1.34253e-51            0
 2.15729e-35            0
 3.58153e-81            0
 1.30466e-31            0
 5.20912e-64            0
 2.90992e-83            0
 1.05429e-82            0
3.70917e-107            0
 9.97879e-46            0
 3.79584e-55            0
 4.38078e-87            0
 3.02218e-41            0
 1.23685e-48            0
   1.485e-21            0
 2.01153e-70            0
 1.98686e-23            0
 2.58887e-68            0
  4.6328e-60            0
 7.09213e-64            0
 2.27638e-58            0
 1.24887e-17            0
 1.23695e-43            0
 9.21157e-39            0
 2.21672e-63            0
 1.11763e-70            0
 3.82815e-94            0
 1.84811e-33            0
3.06625e-112            0
 5.69438e-62            0
 3.43949e-58            0
 5.43922e-65            0
7.34012e-104            0
1.15451e-101            0
 8.22533e-52            0
 6.59455e-67            0
 4.08805e-29            0
 2.67158e-80            0
  5.7542e-57            0
  5.3194e-31            0
 1.07565e-58            0
1.29536e-114            0
 2.47633e-25            0
 6.99505e-38            0
 2.15211e-69            0
  1.4605e-55            0
  2.9354e-65            0
 2.44149e-68            0
 1.53979e-47            0
 7.96868e-53            0
  4.2432e-72            0
 2.52678e-87            0
 3.37986e-40            0
 9.39365e-62            0
 3.65829e-54            0
 1.89376e-29            0
 1.24218e-58            0
 6.44351e-57            0
 3.74629e-76            0
 1.43675e-38            0
 2.90729e-47            0
 1.24557e-64            0
 1.01145e-64            0
 7.87958e-47            0
 1.03194e-63            0
 4.27103e-27            0
 9.46499e-37            0
  2.5523e-71            0
 1.96612e-12            0
 1.13858e-69            0
 6.25265e-66            0
  2.2593e-27            0
 5.05296e-20            0
 7.08118e-52            0
 9.20172e-23            0
 2.53711e-26            0
 2.85002e-30            0
 8.04978e-53            0
 1.40874e-61            0
 8.03446e-84            0
 2.22271e-31            0
 5.70784e-87            0
 1.11325e-43            0
  3.2596e-60            0
 4.61952e-31            0
 6.19081e-79            0
 1.22576e-21            0
 1.43807e-75            0
 7.28154e-52            0
 4.10886e-51            0
 1.38549e-94            0
 3.46212e-38            0
 2.99418e-75            0
 1.58599e-31            0
 1.44638e-72            0
 4.75326e-95            0
 1.20604e-71            0
 2.13255e-69            0
 3.52857e-58            0
 1.05182e-42            0
 4.83737e-63            0
 1.41963e-69            0
 7.71035e-90            0
 9.79372e-68            0
 4.42528e-19            0
 6.28729e-76            0
 4.73322e-61            0
 4.35524e-87            0
 2.99923e-65            0
 5.50114e-57            0
1.57168e-101            0
 2.19092e-69            0
 7.44046e-63            0
 3.54534e-74            0
4.13766e-111            0
 6.55242e-52            0
 4.12658e-72            0
 1.17391e-32            0
 5.06364e-71            0
 2.13495e-21            0
 4.56565e-70            0
 1.09145e-63            0
 1.24199e-76            0
 1.26879e-61            0
 2.03549e-70            0
 4.42801e-30            0
 6.93068e-94            0
7.20483e-105            0
 8.58022e-65            0
 2.53239e-72            0
 7.99388e-53            0
 3.29112e-57            0
 7.55442e-77            0
 8.13684e-69            0
 3.00878e-25            0
 1.34637e-51            0
    2.84e-34            0
 5.02632e-43            0
   2.829e-27            0
  1.3349e-71            0
  3.0269e-50            0
 1.20656e-77            0
 6.31242e-29            0
 4.18949e-67            0
 2.60039e-60            0
   1.465e-54            0
1.27483e-101            0
 7.76511e-26            0
 1.68505e-59            0
 1.20106e-43            0
 2.68254e-78            0
 1.40031e-22            0
 9.66956e-37            0
  1.6285e-41            0
 5.16381e-09            0
 2.80267e-42            0
  3.4292e-81            0
 2.58674e-21            0
 1.01311e-74            0
 6.65045e-51            0
 2.00496e-89            0
  1.0289e-72            0
 4.97958e-55            0
 2.61939e-29            0
 1.13398e-64            0
 1.11334e-36            0
 2.84897e-65            0
 8.81149e-27            0
 2.91864e-87            0
 1.90301e-37            0
 9.15529e-60            0
 8.71527e-71            0
 1.02201e-73            0
  6.0673e-83            0
 1.05666e-17            0
 1.78872e-36            0
 6.89492e-70            0
 8.34924e-21            0
 3.68015e-63            0
 6.15392e-65            0
 6.56722e-77            0
 7.15427e-41            0
 3.58134e-38            0
 8.26761e-36            0
  2.7796e-58            0
 9.31027e-58            0
 7.64569e-65            0
 5.97613e-60            0
 6.01937e-43            0
  6.7121e-22            0
 1.01902e-60            0
  5.2535e-79            0
 3.60104e-64            0
 8.23976e-60            0
 1.77586e-69            0
 1.18586e-27            0
 4.86516e-63            0
 2.54641e-43            0
 3.99375e-13            0
 3.76164e-99            0
 3.22781e-38            0
 1.17979e-24            0
 8.22989e-81            0
 1.11889e-36            0
 3.69893e-54            0
  3.8162e-58            0
 2.88329e-37            0
 1.2795e-111            0
 7.22766e-65            0
 3.00167e-61            0
  1.1771e-48            0
 1.47962e-20            0
 1.30619e-31            0
 2.76082e-17            0
 1.08005e-53            0
 6.44187e-67            0
 1.62303e-20            0
 6.17451e-61            0
 4.00754e-20            0
 1.61422e-32            0
 1.06582e-15            0
  9.8336e-70            0
 7.01827e-82            0
 1.51251e-54            0
 2.07078e-47            0
 1.31018e-70            0
 2.04444e-29            0
 2.05365e-45            0
 1.17087e-63            0
 1.53483e-78            0
 9.43127e-43            0
 1.37418e-19            0
 4.60734e-16            0
 4.96437e-41            0
2.85989e-122            0
 3.96829e-20            0
  2.9978e-25            0
 7.21582e-51            0
 5.06317e-50            0
 3.95808e-57            0
 8.87441e-15            0
 2.86109e-79            0
 6.00303e-59            0
 3.00315e-64            0
 3.35828e-56            0
1.58289e-116            0
 2.02793e-40            0
 7.91315e-65            0
 1.62447e-23            0
 2.34716e-65            0
 1.12381e-72            0
 2.45115e-54            0
 3.86479e-81            0
 1.23679e-22            0
 5.70942e-85            0
 4.07659e-66            0
 1.16021e-64            0
 1.34686e-38            0
  1.5451e-39            0
 7.66606e-92            0
 8.27518e-40            0
 9.80363e-21            0
 7.23582e-43            0
 6.76868e-67            0
 2.80468e-71            0
  1.6558e-44            0
 9.79467e-54            0
8.55637e-107            0
 9.07628e-37            0
 7.42389e-91            0
  3.2681e-31            0
 1.66952e-55            0
 7.26578e-26            0
  1.0076e-44            0
 1.22026e-79            0
 2.38854e-46            0
 9.02255e-45            0
  4.4422e-27            0
5.03834e-155            0
 8.81289e-75            0
 3.38777e-29            0
 9.80613e-73            0
2.24239e-103            0
 2.27893e-91            0
 7.21407e-65            0
2.02984e-119            0
3.26124e-116            0
 5.09027e-27            0
 4.54522e-27            0
 1.70537e-78            0
 1.32126e-41            0
 1.02638e-44            0
 8.06206e-41            0
 1.86785e-26            0
 3.99017e-52            0
 6.03196e-56            0
 7.71693e-31            0
 2.88297e-89            0
 7.10465e-58            0
9.80084e-103            0
  2.9401e-23            0
 6.99735e-65            0
 2.45117e-59            0
 2.98347e-49            0
  8.4708e-73            0
 1.40651e-21            0
 9.25168e-65            0
 3.91436e-36            0
 2.51001e-27            0
 6.38387e-41            0
  3.2959e-27            0
 6.71002e-67            0
 1.42416e-69            0
 1.11413e-77            0
  2.0156e-41            0
 3.79698e-72            0
 7.34613e-64            0
 7.06876e-36            0
 3.78197e-47            0
4.53799e-131            0
 7.88858e-58            0
 1.23259e-19            0
6.91423e-127            0
 1.04549e-35            0
 3.40717e-69            0
 4.26696e-25            0
 2.01268e-48            0
 1.11249e-21            0
 9.77899e-64            0
 1.29273e-16            0
 4.57025e-75            0
7.41787e-101            0
 1.57387e-65            0
 3.53705e-87            0
 8.07682e-70            0
 1.09577e-55            0
 7.56394e-66            0
  1.0933e-37            0
 7.04992e-30            0
  1.3226e-55            0
 6.36843e-80            0
 4.92579e-30            0
 9.86438e-46            0
 9.34111e-67            0
 3.10893e-56            0
 6.93026e-19            0
 1.99994e-36            0
 2.79299e-55            0
 6.86305e-39            0
 3.33945e-55            0
 7.35242e-51            0
   2.543e-41            0
 2.91454e-08            0
 1.57186e-35            0
 8.34168e-66            0
 5.44165e-34            0
 3.60131e-20            0
 2.36399e-35            0
 5.97126e-66            0
 4.01419e-86            0
 4.33478e-67            0
 7.86658e-52            0
 3.95845e-55            0
 2.52787e-54            0
 7.38938e-51            0
 7.63477e-48            0
  7.2902e-65            0
 3.81252e-60            0
 8.19236e-47            0
 4.93582e-27            0
 1.45523e-63            0
 5.77289e-71            0
 2.29634e-64            0
 7.44438e-67            0
  7.9072e-21            0
8.79883e-122            0
 1.34185e-86            0
 6.35473e-54            0
 5.16088e-63            0
 3.96505e-38            0
 1.84771e-60            0
 5.97208e-18            0
 2.05691e-56            0
 9.64029e-58            0
 2.79919e-37            0
  1.2072e-35            0
 5.42409e-40            0
 6.93471e-34            0
 6.54334e-84            0
 4.43321e-30            0
 1.75289e-68            0
  7.7319e-46            0
 1.05098e-29            0
 1.49057e-24            0
 8.59602e-39            0
 1.69518e-17            0
 1.56886e-22            0
 1.20501e-66            0
 2.68503e-58            0
 2.22488e-52            0
 2.31133e-16            0
 2.20058e-70            0
 2.16342e-63            0
 1.34063e-77            0
 6.04535e-61            0
  6.4984e-16            0
 2.15264e-39            0
 1.45187e-92            0
2.95749e-112            0
 6.48639e-45            0
 4.16969e-52            0
6.48437e-105            0
 5.15897e-51            0
 3.62431e-83            0
 4.44396e-61            0
 2.57208e-54            0
  1.0713e-57            0
3.23784e-108            0
 4.29405e-77            0
  1.9369e-69            0
 9.9064e-118            0
 4.90871e-66            0
 3.93642e-95            0
  9.0811e-52            0
 4.01805e-37            0
 3.43277e-33            0
 1.63283e-68            0
   6.974e-38            0
  2.1798e-67            0
 2.07635e-17            0
 5.48704e-36            0
 1.87349e-31            0
 3.07536e-44            0
 1.16942e-25            0
 2.68986e-63            0
 3.79529e-65            0
 2.76364e-94            0
 7.61119e-16            0
5.21652e-134            0
  2.9758e-16            0
 1.18164e-56            0
 2.51369e-55            0
 3.93919e-58            0
 1.87107e-31            0
 3.84085e-45            0
 1.56335e-62            0
 5.66133e-53            0
 1.74841e-63            0
 1.29493e-70            0
 2.08524e-37            0
 2.63882e-62            0
 2.76679e-76            0
 1.16141e-41            0
 2.39248e-68            0
 9.10594e-60            0
 2.81458e-64            0
  3.2075e-27            0
 1.1599e-101            0
 1.23153e-52            0
 3.67976e-65            0
 1.88875e-43            0
 2.91704e-47            0
2.87443e-116            0
 9.67024e-77            0
 5.53019e-57            0
 5.53553e-55            0
 2.10531e-69            0
 6.17802e-37            0
 2.16617e-27            0
 2.28961e-56            0
 1.03446e-57            0
 1.33511e-26            0
8.24208e-101            0
 1.25876e-68            0
2.77642e-106            0
 3.60439e-40            0
 1.54262e-21            0
 5.90822e-44            0
 4.26004e-59            0
 6.05863e-92            0
 3.92578e-48            0
 1.36608e-63            0
 8.29596e-67            0
 1.12092e-17            0
 1.51278e-59            0
2.18237e-114            0
 6.09538e-47            0
 1.85599e-81            0
 2.81698e-95            0
 4.2411e-102            0
 5.07719e-80            0
 7.87976e-64            0
     0.46751            0
 8.43062e-58            0
 2.05989e-48            0
  3.8519e-50            0
 1.95873e-45            0
 1.48045e-60            0
 1.11063e-61            0
 1.01946e-68            0
 1.63361e-80            0
 3.5273e-103            0
 9.38887e-58            0
  1.8043e-40            0
 2.51942e-37            0
 8.92089e-62            0
 7.11525e-53            0
 3.25822e-65            0
 2.72873e-52            0
 2.07862e-47            0
 7.97942e-33            0
  6.0752e-30            0
 3.15635e-56            0
 1.37827e-47            0
 6.31469e-58            0
 1.09735e-79            0
 2.46302e-63            0
 3.63506e-69            0
 4.57607e-10            0
 2.31538e-54            0
 1.85108e-64            0
 1.75394e-90            0
 6.62879e-99            0
3.27154e-120            0
  1.0006e-54            0
 4.51289e-68            0
 2.22271e-99            0
 1.60184e-36            0
  9.2497e-97            0
 1.01008e-50            0
 1.03533e-41            0
 2.84072e-56            0
 3.68841e-70            0
 9.91192e-40            0
 9.71319e-71            0
 1.73938e-23            0
 2.29542e-73            0
7.70074e-107            0
 2.34431e-16            0
 3.77148e-16            0
 1.75417e-61            0
 1.46919e-73            0
 2.70092e-24            0
1.66744e-134            0
 5.27497e-68            0
 5.34573e-29            0
 9.04593e-64            0
6.00178e-106            0
  4.4045e-16            0
 1.00999e-69            0
 1.35869e-21            0
 5.01445e-50            0
 6.78041e-79            0
 9.88704e-56            0
 3.63062e-63            0
 1.43431e-75            0
 1.12288e-39            0
 8.35387e-49            0
 1.10674e-29            0
  2.1318e-71            0
 2.42983e-37            0
 4.68804e-44            0
 6.95133e-38            0
 6.34204e-87            0
 2.74367e-50            0
 8.56216e-26            0
 3.92083e-58            0
 1.82876e-27            0
 1.88528e-36            0
 9.27694e-31            0
 5.72354e-49            0
  3.4548e-75            0
 2.26624e-64            0
 1.77172e-26            0
  5.4652e-24            0
 1.85489e-85            0
  3.1205e-52            0
 2.08384e-54            0
 4.38555e-55            0
1.92331e-108            0
 1.59365e-87            0
 3.17026e-41            0
 1.53578e-33            0
 8.32473e-97            0
 4.09032e-58            0
 2.33143e-62            0
 1.01312e-39            0
 1.28559e-40            0
 1.58567e-83            0
 1.42748e-31            0
  3.8377e-40            0
 1.12061e-72            0
 4.19833e-45            0
 1.56164e-39            0
 9.06896e-34            0
 4.56833e-84            0
  7.0515e-65            0
3.23969e-167            0
 2.78635e-24            0
 2.14857e-39            0
 1.41733e-09            0
2.06402e-109            0
 4.74751e-68            0
 8.26173e-65            0
7.19148e-117            0
 5.22188e-57            0
  9.6087e-84            0
 2.61224e-64            0
 4.99174e-34            0
 3.04865e-59            0
 3.42428e-36            0
  3.6021e-44            0
 5.31989e-45            0
 3.29246e-54            0
 2.50614e-64            0
1.94142e-101            0
 4.27986e-90            0
 5.28347e-62            0
 1.40758e-20            0
 5.41743e-43            0
 8.31834e-41            0
 6.37125e-68            0
 3.58392e-62            0
  2.5338e-72            0
 1.20767e-86            0
 3.52742e-31            0
 3.10467e-51            0
 4.88589e-99            0
 4.37401e-44            0
 3.04726e-64            0
 1.07038e-30            0
 2.08148e-31            0
 2.68909e-78            0
 1.30391e-35            0
 1.30718e-36            0
 2.73382e-99            0
  7.5095e-41            0
7.32599e-103            0
 3.67491e-82            0
 1.31247e-74            0
 1.06347e-56            0
 5.71102e-71            0
 3.04059e-41            0
 5.01362e-68            0
 1.08654e-58            0
 6.25826e-68            0
  1.5353e-50            0
  2.5984e-71            0
 1.22678e-69            0
 2.56546e-87            0
 7.36525e-99            0
 2.41329e-87            0
 1.03754e-58            0
 5.44455e-23            0
 5.89392e-89            0
 7.52039e-49            0
 7.06519e-65            0
 1.81294e-69            0
 2.04512e-13            0
 4.20935e-29            0
 3.45872e-73            0
 1.06731e-53            0
 2.48617e-36            0
 5.22654e-65            0
 4.43909e-91            0
 3.68209e-26            0
 5.83533e-16            0
  2.5755e-79            0
 2.17214e-45            0
  2.4826e-53            0
 2.47365e-67            0
 1.08451e-66            0
 5.11287e-67            0
 3.01381e-54            0
 1.51662e-59            0
 3.48006e-69            0
 3.48033e-71            0
  4.1252e-36            0
 1.07912e-44            0
3.06369e-151            0
1.10569e-101            0
 2.42878e-74            0
 3.35212e-50            0
 1.52933e-15            0
 3.06585e-87            0
 3.38499e-65            0
 1.74394e-70            0
 2.58803e-49            0
 3.30714e-64            0
1.64806e-137            0
 5.42873e-99            0
 9.33314e-26            0
 2.64622e-23            0
 1.53257e-67            0
 2.25715e-48            0
 1.40057e-47            0
 3.38732e-37            0
 1.37997e-69            0
 3.90786e-40            0
 5.21664e-25            0
  1.0379e-66            0
 1.13434e-45            0
  1.0808e-43            0
 2.23821e-54            0
 8.07171e-43            0
 4.94832e-73            0
 1.57785e-64            0
 1.86292e-39            0
 4.34202e-34            0
 2.57033e-82            0
 4.93536e-14            0
 9.71918e-43            0
 8.1391e-104            0
 6.00337e-89            0
 1.25464e-46            0
 2.56549e-30            0
 9.06051e-83            0
 1.49452e-36            0
 1.45545e-79            0
 4.75785e-90            0
 2.61644e-87            0
6.84616e-127            0
 3.88873e-69            0
 6.38979e-50            0
 5.26557e-83            0
 7.26473e-55            0
 1.55298e-63            0
5.93839e-128            0
  1.3616e-21            0
 1.89569e-54            0
 9.00013e-59            0
         0.1            0
 1.23703e-34            0
 1.59493e-52            0
 1.23584e-49            0
 1.09335e-56            0
4.68774e-120            0
 6.00261e-58            0
 7.16686e-46            0
 1.27254e-67            0
 4.25853e-33            0
 8.82552e-73            0
 1.33503e-72            0
 8.76507e-58            0
 7.35554e-70            0
 2.31916e-34            0
 1.44978e-80            0
 2.40102e-74            0
 1.67821e-64            0
1.96414e-114            0
 1.68197e-99            0
 1.75688e-37            0
 1.22826e-66            0
 8.16162e-65            0
 1.00486e-17            0
 2.28783e-45            0
  2.5519e-56            0
 8.37199e-92            0
 1.07389e-32            0
 6.37432e-30            0
 1.50106e-14            0
 7.95605e-80            0
3.63505e-120            0
         0.1            0
1.77012e-108            0
 1.08263e-51            0
 1.65885e-38            0
4.03573e-112            0
 2.46857e-76            0
 6.17102e-67            0
 1.00268e-37            0
 3.95766e-64            0
 4.19425e-16            0
 3.78286e-93            0
 1.47858e-35            0
 3.36984e-78            0
 2.55821e-89            0
 2.30526e-26            0
 4.83141e-16            0
 2.12953e-19            0
 4.69441e-65            0
 1.49552e-38            0
 3.84998e-64            0
1.46861e-113            0
 4.36465e-41            0
 4.49532e-56            0
 3.97552e-74            0
 1.79091e-35            0
  2.5481e-66            0
 3.67743e-72            0
 2.27409e-87            0
 2.03944e-62            0
 1.25586e-51            0
   1.398e-52            0
 3.96156e-37            0
  1.0304e-50            0
  6.8156e-57            0
 3.15434e-61            0
 1.08466e-73            0
 7.00277e-31            0
 2.97771e-19            0
 1.57876e-61            0
 3.51666e-40            0
  3.8879e-63            0
  2.0121e-29            0
1.19956e-107            0
 3.07441e-33            0
 2.47182e-39            0
 9.45168e-15            0
 5.28192e-47            0
 1.46785e-41            0
 6.49547e-34            0
 5.32164e-45            0
 1.94875e-90            0
 8.64783e-84            0
 1.31819e-32            0
 2.67575e-53            0
 7.87499e-74            0
 1.20119e-37            0
 7.60391e-47            0
 5.57162e-50            0
 4.35528e-38            0
  7.2689e-86            0
 3.08055e-65            0
 2.65258e-92            0
 1.64403e-22            0
 3.30205e-17            0
 2.27214e-62            0
 8.57058e-81            0
  1.0306e-20            0
 1.36659e-65            0
 3.88602e-25            0
 5.65791e-74            0
 2.30891e-87            0
 1.42116e-52            0
    0.526316            0
 4.43271e-64            0
7.24998e-122            0
 5.82069e-81            0
  3.7967e-47            0
 1.67334e-32            0
 5.65363e-62            0
 1.10133e-55            0
 1.40377e-36            0
  6.2536e-62            0
 7.49125e-40            0
 1.07854e-67            0
 7.38142e-81            0
 1.10859e-32            0
 1.56781e-70            0
  5.9159e-24            0
 9.52373e-81            0
 3.19755e-79            0
 1.11052e-79            0
 2.66038e-78            0
 2.61334e-60            0
 9.52296e-15            0
 3.98105e-63            0
 7.96024e-60            0
 4.64479e-63            0
 1.75382e-96            0
 3.53578e-59            0
 2.22772e-89            0
 2.01099e-51            0
 1.86286e-36            0
 1.71362e-62            0
 1.99997e-52            0
 1.17336e-74            0
 5.4445e-119            0
 8.42574e-70            0
 2.11222e-25            0
 2.28045e-72            0
2.58699e-116            0
  2.0192e-40            0
 1.37345e-38            0
 5.19763e-26            0
 8.32584e-28            0
  3.1597e-61            0
 9.69016e-99            0
 2.56059e-58            0
 3.03286e-78            0
 1.21752e-55            0
 8.20698e-19            0
 5.65886e-76            0
 6.43244e-51            0
 1.64893e-94            0
 1.56437e-45            0
 9.34767e-33            0
 3.27483e-24            0
 4.57402e-64            0
 2.00484e-44            0
 1.91381e-37            0
  1.7027e-21            0
3.58627e-106            0
 8.19591e-89            0
 6.11237e-57            0
 6.84732e-83            0
 2.81458e-64            0
 7.99608e-41            0
1.30756e-107            0
 1.74196e-76            0
 1.15324e-82            0
 2.13674e-81            0
 6.63569e-18            0
 1.01165e-54            0
 1.07991e-42            0
 7.63087e-61            0
2.88672e-102            0
 8.71909e-69            0
 9.57963e-64            0
 8.67457e-70            0
 4.32373e-58            0
 1.56491e-60            0
 5.47826e-39            0
  4.8874e-55            0
 3.41706e-64            0
 2.95667e-35            0
 1.25405e-19            0
 2.19108e-37            0
 1.20556e-32            0
 2.91706e-65            0
 7.48555e-32            0
 5.19009e-66            0
 2.99713e-25            0
  3.5392e-76            0
 3.91362e-51            0
 3.43498e-53            0
 3.84026e-25            0
 5.30557e-71            0
 5.56351e-21            0
 2.11464e-25            0
 8.85833e-61            0
 8.57856e-82            0
 2.06547e-40            0
  1.8556e-51            0
 2.24818e-49            0
 8.74751e-66            0
2.47172e-116            0
 9.52473e-74            0
 1.25344e-55            0
  1.9133e-70            0
  5.0355e-42            0
 1.99934e-27            0
 7.11541e-65            0
 5.74887e-84            0
 6.87309e-36            0
 6.19516e-31            0
 9.5081e-107            0
 5.49813e-73            0
1.65891e-109            0
1.24315e-107            0
8.05554e-122            0
 9.37652e-27            0
 8.20158e-81            0
  3.5701e-34            0
 9.81766e-84            0
 3.93406e-28            0
 1.71862e-60            0
  2.8073e-70            0
 3.31514e-33            0
 1.47694e-61            0
9.80371e-115            0
 5.55443e-74            0
 4.90069e-60            0
 3.61405e-38            0
 3.51806e-69            0
 6.23691e-72            0
1.27574e-181            0
 4.19373e-79            0
 1.19502e-40            0
   5.933e-66            0
1.32687e-135            0
 6.29544e-48            0
 9.75733e-29            0
 8.61795e-49            0
 7.82816e-69            0
 5.44225e-66            0
 1.50187e-70            0
 6.74654e-59            0
 1.79147e-24            0
 2.55799e-53            0
9.19479e-114            0
 4.84318e-23            0
 2.96632e-27            0
1.93402e-112            0
9.90156e-152            0
1.40064e-123            0
   3.305e-40            0
 4.35363e-63            0
   2.061e-85            0
 6.19262e-49            0
 7.74389e-31            0
 4.80564e-42            0
 7.06469e-33            0
 5.81283e-66            0
 1.16268e-32            0
  3.8248e-85            0
 1.36554e-70            0
 1.58281e-69            0
 9.16146e-33            0
 1.47512e-55            0
 4.99894e-74            0
 1.45695e-89            0
 2.08919e-65            0
 8.33971e-26            0
 1.63203e-56            0
 1.11367e-34            0
 1.64804e-33            0
 3.90228e-57            0
4.12922e-148            0
 8.36509e-60            0
 1.81392e-79            0
 3.92864e-59            0
  3.6563e-74            0
 5.38989e-17            0
 1.23124e-89            0
 3.92074e-58            0
 1.53932e-27            0
 1.96184e-46            0
  1.2842e-17            0
 2.23304e-64            0
 5.57276e-35            0
 1.41405e-41            0
 1.85502e-55            0
 7.61979e-34            0
 1.90401e-55            0
 5.21582e-62            0
 8.01784e-39            0
 1.75207e-70            0
 8.31728e-32            0
 2.64339e-38            0
 3.09594e-24            0
 2.54665e-58            0
 3.69802e-30            0
 3.58809e-24            0
 4.67417e-30            0
 1.25886e-71            0
 2.50947e-54            0
 4.63768e-51            0
 5.68775e-30            0
 1.16776e-29            0
 9.10651e-52            0
 2.25788e-58            0
 8.40997e-66            0
 3.00142e-64            0
 9.69526e-65            0
 2.79738e-51            0
   1.769e-57            0
 5.63978e-22            0
 1.67505e-61            0
  8.7643e-42            0
  2.7612e-40            0
 2.10409e-64            0
 2.73405e-70            0
 2.05905e-45            0
  3.9266e-60            0
  4.4135e-51            0
 3.74051e-58            0
  5.1616e-66            0
  5.5627e-35            0
 4.39866e-55            0
 7.68853e-63            0
 2.00883e-66            0
 1.13013e-27            0
 8.38256e-72            0
 3.23685e-83            0
 6.14406e-16            0
 1.27757e-67            0
 1.09441e-68            0
 2.85805e-26            0
 8.17642e-64            0
 2.56469e-42            0
 3.04503e-65            0
1.42167e-111            0
 2.09229e-21            0
 1.46347e-50            0
 3.82797e-58            0
 1.11393e-25            0
 1.71361e-55            0
 6.35464e-65            0
 7.63128e-28            0
 9.08491e-64            0
 3.06745e-52            0
 3.42503e-54            0
 2.14795e-40            0
 9.63307e-31            0
 4.41472e-22            0
 2.44021e-25            0
 1.01599e-64            0
 1.17126e-56            0
 5.52763e-59            0
 4.62319e-74            0
  1.3862e-70            0
 2.62295e-41            0
 1.31082e-29            0
 1.48243e-43            0
  5.9105e-77            0
 5.44522e-60            0
1.71846e-112            0
 5.05514e-66            0
 3.77258e-75            0
 3.42564e-89            0
 3.93319e-43            0
 9.32369e-96            0
  1.1642e-37            0
 1.46676e-52            0
 2.92152e-69            0
 4.73679e-64            0
 4.36089e-84            0
 4.01908e-63            0
 5.34635e-53            0
 9.75644e-49            0
 7.35811e-35            0
 2.94705e-92            0
 5.55714e-91            0
 7.46636e-36            0
 1.91301e-50            0
 1.21667e-53            0
 1.35593e-29            0
 5.75614e-92            0
 5.52146e-69            0
 2.70883e-61            0
 5.48003e-16            0
 1.83134e-33            0
 4.94032e-74            0
  8.2021e-21            0
 1.23792e-77            0
 9.41627e-80            0
 3.65937e-67            0
 1.56493e-97            0
 3.45734e-53            0
 2.90371e-60            0
 1.12616e-67            0
 5.54637e-34            0
 5.45644e-92            0
  5.3327e-74            0
 4.90068e-71            0
 1.45048e-26            0
 6.81772e-67            0
 2.20179e-42            0
 2.01478e-78            0
 1.13274e-55            0
 1.89987e-61            0
 6.42604e-65            0
 5.56742e-74            0
 1.08864e-41            0
 3.14007e-42            0
 2.68569e-52            0
 1.11409e-37            0
 2.63273e-66            0
 1.21625e-63            0
         0.1            0
 4.78112e-64            0
 2.41479e-39            0
 2.07493e-59            0
 9.55203e-39            0
 3.04949e-62            0
 5.07703e-53            0
 2.95595e-46            0
 1.57201e-69            0
 5.54962e-49            0
 3.28931e-46            0
 2.53095e-71            0
 6.85371e-30            0
4.08419e-131            0
 5.23862e-81            0
 2.35932e-29            0
 2.66004e-64            0
 8.84436e-32            0
 4.19342e-58            0
 1.81962e-63            0
  6.6987e-54            0
 1.30239e-12            0
    0.473684            0
 2.69876e-41            0
 1.71622e-67            0
 1.33488e-84            0
 1.61692e-63            0
 2.74671e-59            0
 6.77964e-67            0
 1.24096e-48            0
 4.18346e-31            0
 1.54252e-66            0
 4.47576e-27            0
 7.56401e-62            0
 3.29535e-39            0
 7.55649e-33            0
 1.97226e-76            0
 1.31967e-58            0
 5.10538e-65            0
 1.64504e-60            0
 1.38574e-54            0
 1.83691e-49            0
 3.00177e-55            0
 1.45334e-70            0
    1.28e-54            0
 4.11686e-16            0
  2.3885e-67            0
 6.99101e-55            0
 2.65831e-68            0
8.76598e-104            0
 1.11469e-66            0
 4.88837e-40            0
 2.74051e-65            0
1.09311e-108            0
 5.94152e-32            0
 3.56843e-80            0
 2.87279e-49            0
 5.94114e-83            0
 4.13983e-64            0
 2.29707e-71            0
 1.44874e-59            0
 5.27242e-50            0
 1.42856e-49            0
 7.63654e-43            0
 2.22218e-36            0
 8.1911e-105            0
 1.44148e-35            0
 1.11977e-42            0
 2.58505e-78            0
 9.55032e-68            0
 7.67963e-65            0
 8.36255e-37            0
1.49302e-109            0
 1.56609e-26            0
 2.53431e-81            0
 7.46379e-81            0
 1.14599e-48            0
 8.18447e-70            0
 9.79186e-75            0
 3.93923e-74            0
1.21456e-108            0
 6.63544e-42            0
 1.32312e-54            0
 9.29635e-65            0
 2.72622e-85            0
  3.2579e-42            0
  1.4936e-38            0
  5.4836e-28            0
  6.6223e-35            0
 2.28497e-43            0
  3.7611e-65            0
2.58872e-132            0
 2.66505e-63            0
 7.65427e-79            0
  2.1229e-06            0
  8.4805e-26            0
 5.03667e-75            0
 1.42593e-72            0
 6.33627e-30            0
 1.95715e-47            0
3.20458e-102            0
 2.95956e-17            0
 4.18414e-82            0
 5.03828e-65            0
 3.69165e-43            0
 4.15878e-21            0
 4.30027e-70            0
 4.81148e-53            0
 3.21871e-28            0
 2.77262e-62            0
 1.01753e-70            0
6.60611e-104            0
 2.64228e-95            0
 5.07474e-29            0
 1.25819e-52            0
 4.58619e-79            0
    0.526316            0
 8.38497e-39            0
  1.2082e-72            0
 1.84084e-69            0
 4.44182e-14            0
 9.99351e-65            0
 4.48242e-71            0
 1.95593e-71            0
 5.51471e-45            0
 4.73327e-64            0
 3.60591e-66            0
 1.74356e-22            0
 3.67023e-78            0
9.82777e-103            0
 2.42018e-78            0
 6.04283e-58            0
  7.8758e-17            0
 2.54559e-27            0
 7.46319e-68            0
 3.33318e-76            0
 2.54116e-65            0
 6.20597e-70            0
 2.60225e-46            0
  3.8215e-41            0
 2.37161e-95            0
4.02612e-106            0
  1.9373e-61            0
 6.83511e-51            0
1.08474e-100            0
  2.4068e-27            0
 1.05236e-64            0
   1.722e-70            0
 2.42765e-77            0
 2.78483e-45            0
  5.1331e-64            0
 2.17282e-64            0
3.62351e-106            0
 4.74814e-45            0
 1.25774e-43            0
 1.44376e-35            0
  2.9497e-47            0
    0.520177            0
 1.82195e-65            0
 4.63531e-29            0
 9.55758e-50            0
 8.59684e-46            0
  1.2432e-36            0
 1.31307e-92            0
 1.10838e-52            0
 4.42355e-18            0
 1.33741e-48            0
 1.50349e-51            0
 1.99473e-48            0
 5.12491e-19            0
 1.36046e-51            0
 3.37851e-41            0
 1.55721e-60            0
 9.63815e-76            0
 1.58269e-38            0
 3.58499e-73            0
 9.77029e-70            0
 7.70465e-26            0
 1.11316e-48            0
 6.94603e-31            0
  7.2073e-26            0
 1.30849e-28            0
  1.0249e-60            0
 8.54341e-63            0
 6.90596e-42            0
 2.41466e-50            0
 9.83912e-28            0
 7.15661e-80            0
  3.3287e-52            0
 1.79658e-77            0
 9.84257e-61            0
 1.76384e-69            0
 3.34902e-25            0
 5.83972e-62            0
 1.66569e-90            0
 2.01256e-70            0
 4.26646e-29            0
 8.21587e-21            0
 1.09085e-83            0
 5.08066e-66            0
  1.6568e-28            0
 2.40053e-52            0
 2.63935e-38            0
 2.82677e-60            0
 2.92559e-64            0
 1.42053e-41            0
 6.82293e-37            0
  4.7871e-59            0
1.69815e-105            0
 3.75272e-52            0
 1.02574e-47            0
 1.5064e-113            0
 2.02147e-32            0
 4.23675e-32            0
 5.80209e-57            0
 3.20388e-66            0
 2.60243e-63            0
 5.63499e-68            0
 2.34308e-37            0
6.61438e-105            0
1.88683e-105            0
 2.00739e-52            0
 6.97509e-74            0
 1.30016e-71            0
 2.27766e-71            0
 1.33952e-32            0
 1.84685e-54            0
 2.56888e-49            0
 2.66362e-17            0
1.18014e-126            0
  6.5008e-75            0
 3.74999e-27            0
 1.11943e-39            0
 1.04685e-27            0
  4.7075e-32            0
 7.13215e-90            0
 2.12501e-50            0
 5.77168e-63            0
 4.21855e-47            0
 2.56531e-44            0
    0.473684            0
 4.38314e-57            0
 4.39836e-81            0
 4.40693e-42            0
 3.88158e-95            0
 2.05487e-88            0
 9.12867e-81            0
   2.641e-61            0
 1.59478e-37            0
 2.86461e-71            0
1.32175e-113            0
  3.2939e-45            0
 7.57289e-57            0
 3.11782e-41            0
 1.18437e-29            0
 8.16569e-51            0
 4.90389e-51            0
 2.01475e-54            0
  3.8369e-46            0
 1.42838e-81            0
 4.39793e-40            0
 1.89877e-49            0
 1.98974e-46            0
3.89163e-111            0
 1.17356e-32            0
 5.34948e-61            0
 4.67852e-29            0
 2.28513e-46            0
 2.28545e-56            0
5.98938e-110            0
 3.88733e-71            0
 1.49186e-62            0
 1.53264e-66            0
 1.37639e-15            0
 2.85323e-41            0
 9.19915e-38            0
 1.24588e-46            0
1.19813e-119            0
 2.03535e-22            0
 3.44267e-36            0
 7.36341e-97            0
  1.1806e-61            0
 8.77022e-97            0
 3.69594e-64            0
 2.40196e-44            0
 2.10243e-37            0
 3.77014e-67            0
 1.39653e-15            0
 3.25976e-65            0
 5.07097e-64            0
 7.15053e-67            0
  1.9246e-60            0
 1.80496e-23            0