 3.21526e-40           -0
-2.24591e-26           -0
-1.44132e-38           -0
 3.57302e-23           -0
-5.97424e-40           -0
-1.03158e-13           -0
 1.27304e-40           -0
 2.71076e-14           -0
 1.30826e-17           -0
 4.95598e-21           -0
-1.37292e-54           -0
 1.88956e-30           -0
-3.07335e-27           -0
 1.55248e-41           -0
-2.27956e-52           -0
 1.34538e-17           -0
 1.35905e-33           -0
-2.46129e-34           -0
 8.51039e-21           -0
 3.55321e-53           -0
 1.28252e-54           -0
 1.01289e-32           -0
-1.14639e-63           -0
 2.19093e-44           -0
-1.86192e-20           -0
-1.10397e-09           -0
-2.73156e-44           -0
 8.86689e-50           -0
-5.74758e-25           -0
-1.45319e-36           -0
 2.28101e-19           -0
-5.70365e-30           -0
 3.61532e-48           -0
-6.14728e-18           -0
-1.03612e-56           -0
-9.11644e-50           -0
-9.61839e-26           -0
 -8.2782e-33           -0
-2.28885e-72           -0
 5.92835e-29           -0
   5.484e-19           -0
 1.31779e-39           -0
 5.12882e-22           -0
-6.11214e-34           -0
-2.35174e-42           -0
-3.50881e-32           -0
-2.61599e-44           -0
 -1.4603e-24           -0
 4.38636e-13           -0
  5.9855e-40           -0
-4.41046e-43           -0
 3.64652e-53           -0
-2.15851e-42           -0
-4.08224e-30           -0
-9.48049e-26           -0
 2.18161e-60           -0
 6.34813e-41           -0
-1.37561e-32           -0
-3.71237e-22           -0
-1.20671e-51           -0
-1.13213e-19           -0
-5.67022e-40           -0
 4.47501e-52           -0
 9.00749e-52           -0
 2.79996e-67           -0
 5.65846e-27           -0
-7.54608e-34           -0
-5.90804e-55           -0
 1.42154e-26           -0
-1.21582e-30           -0
 4.50572e-14           -0
  2.3736e-44           -0
-8.29651e-15           -0
 5.82697e-41           -0
 2.50919e-38           -0
-4.91456e-39           -0
 3.17794e-36           -0
-6.02113e-12           -0
 3.57205e-26           -0
-1.01896e-24           -0
 -2.9062e-39           -0
-5.60494e-43           -0
-2.07156e-58           -0
-6.92756e-21           -0
-4.95134e-68           -0
-2.80339e-38           -0
 2.48837e-36           -0
 1.02757e-39           -0
 1.20823e-64           -0
 6.61945e-64           -0
-1.71198e-31           -0
-1.04117e-39           -0
 5.64256e-19           -0
 4.83404e-50           -0
-8.56011e-37           -0
-6.61425e-19           -0
 6.50545e-37           -0
-3.19352e-71           -0
-1.10048e-15           -0
  2.0777e-24           -0
 6.77577e-43           -0
-4.44078e-35           -0
-2.01643e-39           -0
-3.69599e-43           -0
 4.04657e-31           -0
 9.73268e-33           -0
 4.30032e-45           -0
-4.15367e-54           -0
-8.81173e-25           -0
 1.14723e-36           -0
 1.98574e-33           -0
-2.54962e-18           -0
 -9.1312e-38           -0
 8.36887e-36           -0
-1.02371e-49           -0
 -3.0973e-24           -0
 1.52959e-30           -0
 1.13625e-40           -0
  9.7387e-42           -0
 5.64605e-29           -0
 4.71209e-39           -0
 2.38678e-16           -0
 8.03309e-22           -0
-1.81266e-43           -0
-7.89187e-09           -0
 5.94498e-44           -0
  1.4886e-38           -0
-5.06153e-17           -0
-9.18879e-14           -0
-1.63715e-31           -0
-3.70909e-14           -0
 1.26145e-17           -0
 1.63716e-18           -0
-6.19654e-32           -0
 2.86543e-37           -0
-5.20128e-53           -0
 -2.9658e-21           -0
-2.41525e-53           -0
 3.75062e-26           -0
-1.25736e-36           -0
 3.18021e-20           -0
-1.41817e-48           -0
-1.74578e-13           -0
 6.26345e-48           -0
  5.4999e-32           -0
-5.69188e-31           -0
-1.44461e-58           -0
-7.53808e-24           -0
 5.57526e-46           -0
-9.48227e-20           -0
 3.54197e-42           -0
 5.37474e-59           -0
 2.47945e-40           -0
 1.68584e-41           -0
 1.98167e-34           -0
  2.6292e-27           -0
 1.66252e-39           -0
-2.61225e-39           -0
 2.77496e-55           -0
 4.58052e-43           -0
  2.4013e-12           -0
  5.7772e-49           -0
 -1.7301e-38           -0
 2.04478e-53           -0
-1.89352e-39           -0
-1.30095e-34           -0
 7.48046e-64           -0
 1.09178e-44           -0
  -6.894e-39           -0
 1.12454e-45           -0
-1.16385e-69           -0
 -6.2077e-34           -0
 2.90953e-41           -0
-7.54246e-22           -0
-1.55596e-43           -0
 -1.9664e-14           -0
 4.89712e-40           -0
 1.41001e-39           -0
-1.21761e-48           -0
 2.93671e-37           -0
 3.77481e-40           -0
  2.5015e-19           -0
-2.45651e-56           -0
-3.17129e-64           -0
 6.98985e-40           -0
-3.01261e-45           -0
 2.33775e-34           -0
-5.93625e-35           -0
 2.02116e-44           -0
-1.52689e-43           -0
 1.80408e-16           -0
-1.72982e-32           -0
-1.02193e-22           -0
 1.19314e-25           -0
 4.10421e-18           -0
 3.78764e-45           -0
 3.31433e-32           -0
 9.21778e-50           -0
 7.78181e-19           -0
 2.97668e-43           -0
  6.0051e-38           -0
-9.93694e-34           -0
-1.09243e-63           -0
-3.62966e-16           -0
 3.81047e-37           -0
 9.00245e-27           -0
-3.64501e-49           -0
-5.10667e-14           -0
-6.99795e-24           -0
-2.85378e-26           -0
-1.15745e-06           -0
-1.51042e-26           -0
-7.79843e-52           -0
  6.1747e-14           -0
 1.17132e-45           -0
-3.82792e-32           -0
-6.91069e-54           -0
-1.61233e-44           -0
 6.30863e-33           -0
-1.70389e-18           -0
-2.00557e-39           -0
-2.39515e-24           -0
-4.42059e-39           -0
  2.1861e-17           -0
  1.5703e-53           -0
-1.75336e-23           -0
 1.71074e-38           -0
 1.76589e-43           -0
-2.24633e-46           -0
-7.17169e-53           -0
 1.76232e-11           -0
 7.81666e-21           -0
 1.67681e-44           -0
 1.01162e-13           -0
 1.69589e-40           -0
 6.52488e-40           -0
  4.9174e-47           -0
 -9.5155e-26           -0
 5.04854e-23           -0
 6.16858e-22           -0
 2.15083e-37           -0
-5.73601e-37           -0
 7.59376e-40           -0
-1.54823e-37           -0
-4.11488e-27           -0
-1.26051e-13           -0
-2.93336e-38           -0
-1.32163e-48           -0
 2.36807e-39           -0
 1.79628e-38           -0
 7.06046e-42           -0
-1.45751e-16           -0
-3.47386e-39           -0
-2.41249e-26           -0
 1.33469e-08           -0
 3.87346e-61           -0
 9.61986e-22           -0
 2.39524e-14           -0
 1.53335e-50           -0
 3.94256e-21           -0
-3.47999e-34           -0
-2.38331e-36           -0
-2.35895e-23           -0
 1.07846e-69           -0
 -6.2603e-41           -0
 -5.3624e-38           -0
-3.73279e-29           -0
 2.57326e-13           -0
 6.71463e-21           -0
-2.71687e-12           -0
-5.12076e-33           -0
-8.06091e-42           -0
 1.98476e-13           -0
-1.22782e-37           -0
-1.59752e-12           -0
-1.66639e-20           -0
 5.59783e-10           -0
 5.44797e-40           -0
-4.28863e-51           -0
-5.78744e-35           -0
-2.40855e-29           -0
 2.19667e-44           -0
-2.87566e-18           -0
-9.34445e-28           -0
 1.37777e-39           -0
 3.85278e-49           -0
-6.60807e-27           -0
 1.51118e-13           -0
-1.85588e-10           -0
-9.58065e-26           -0
-1.94163e-76           -0
-1.59615e-12           -0
 1.70629e-16           -0
  4.6943e-31           -0
-2.27479e-30           -0
-1.90545e-34           -0
-2.97805e-10           -0
 9.83644e-49           -0
 3.54287e-36           -0
 3.89915e-39           -0
-4.54668e-34           -0
-8.18986e-73           -0
 4.97637e-26           -0
 7.50659e-39           -0
   3.115e-15           -0
  -2.372e-41           -0
 -1.2282e-43           -0
-2.65261e-34           -0
   1.024e-50           -0
 3.23331e-15           -0
 3.94965e-53           -0
 1.12634e-42           -0
-2.99533e-40           -0
-2.09675e-24           -0
-2.20802e-26           -0
 1.47318e-57           -0
-2.97452e-24           -0
 1.46355e-13           -0
 7.79835e-27           -0
 3.83964e-43           -0
  8.5445e-44           -0
 5.68815e-28           -0
 1.59532e-34           -0
-1.67793e-65           -0
-1.22901e-22           -0
 -2.4012e-54           -0
-7.68032e-19           -0
 3.96815e-34           -0
 1.32817e-16           -0
-8.11335e-26           -0
-6.10911e-49           -0
 6.79986e-30           -0
-8.30133e-26           -0
-9.42739e-17           -0
 1.76808e-97           -0
-1.46275e-46           -0
-2.07394e-19           -0
 2.59208e-45           -0
 1.05731e-63           -0
-6.00407e-58           -0
 3.84702e-41           -0
 8.01416e-75           -0
-1.29794e-72           -0
 5.51426e-18           -0
 2.56763e-16           -0
 3.66931e-49           -0
 3.91114e-28           -0
-4.34414e-28           -0
-1.01582e-25           -0
 4.22353e-17           -0
-2.39198e-32           -0
 4.02832e-35           -0
 2.33247e-20           -0
-2.06301e-53           -0
 1.17543e-35           -0
-7.91719e-64           -0
-8.84859e-16           -0
  1.1067e-39           -0
-4.23345e-37           -0
 2.94501e-33           -0
-1.76478e-47           -0
-7.09154e-13           -0
  1.8283e-40           -0
-6.19605e-22           -0
-4.82464e-17           -0
-3.40939e-26           -0
 2.18971e-16           -0
 1.08984e-41           -0
 2.05059e-43           -0
 6.91062e-49           -0
-1.13594e-25           -0
 4.38226e-45           -0
 3.42197e-39           -0
-2.65262e-22           -0
-3.08264e-28           -0
 1.64414e-81           -0
  2.8896e-36           -0
 1.54028e-13           -0
 6.07351e-79           -0
 -3.4143e-22           -0
 1.60334e-42           -0
-8.97163e-16           -0
 1.89708e-28           -0
-1.22787e-14           -0
-3.83466e-40           -0
-1.06486e-09           -0
 2.00094e-46           -0
-3.27423e-62           -0
 3.50459e-40           -0
-2.39354e-52           -0
 4.53245e-41           -0
 7.24754e-34           -0
 1.61724e-39           -0
  1.5122e-24           -0
 1.72065e-19           -0
-7.15565e-36           -0
 6.07426e-50           -0
 -1.6505e-17           -0
 7.27476e-28           -0
 3.96645e-40           -0
-6.14544e-37           -0
-1.25967e-11           -0
 4.01876e-21           -0
 5.43343e-35           -0
 3.68047e-25           -0
 2.39774e-35           -0
-2.43473e-31           -0
 -1.0763e-25           -0
 1.24382e-05           -0
-9.33689e-22           -0
-6.42894e-41           -0
-7.03038e-22           -0
 5.29381e-13           -0
-3.58934e-22           -0
 8.16387e-41           -0
 9.62919e-53           -0
 1.62121e-41           -0
-1.56082e-31           -0
  -2.307e-34           -0
-7.52584e-33           -0
 -3.6457e-32           -0
-6.48524e-29           -0
 8.85797e-40           -0
 2.50092e-37           -0
-2.98076e-29           -0
-8.98262e-17           -0
 1.81612e-39           -0
 2.02942e-44           -0
 3.94055e-39           -0
-2.61573e-42           -0
 2.67059e-14           -0
-7.25719e-77           -0
-4.44849e-53           -0
-5.91051e-34           -0
 5.15703e-38           -0
 1.82867e-23           -0
-2.60934e-37           -0
 -2.6498e-11           -0
 2.42839e-34           -0
 -1.7054e-36           -0
-5.16207e-24           -0
-5.09275e-23           -0
 8.44493e-26           -0
-1.65129e-22           -0
 3.79071e-52           -0
 -1.7329e-17           -0
-1.38226e-41           -0
-2.04196e-29           -0
 6.63006e-18           -0
 7.81591e-16           -0
 3.53357e-25           -0
-5.21798e-12           -0
 7.08322e-13           -0
-7.36308e-41           -0
  1.4335e-37           -0
-2.59015e-33           -0
-1.54454e-09           -0
-2.07214e-44           -0
 1.76542e-39           -0
 8.77884e-50           -0
-2.92614e-37           -0
-9.25702e-10           -0
-4.28007e-26           -0
 5.71599e-57           -0
-7.13893e-70           -0
-3.06137e-27           -0
 4.25166e-33           -0
-3.32988e-64           -0
-6.88976e-32           -0
-5.36856e-52           -0
-2.39314e-37           -0
-2.39634e-34           -0
-1.62987e-36           -0
 1.80175e-68           -0
 -2.6373e-48           -0
 7.11456e-43           -0
-7.12125e-75           -0
  4.0802e-40           -0
 6.11657e-59           -0
 -2.7844e-32           -0
 2.64848e-23           -0
-1.80813e-20           -0
 4.27538e-41           -0
-1.75668e-22           -0
 1.88138e-42           -0
-8.40244e-12           -0
 2.31784e-23           -0
-1.70365e-19           -0
 1.50353e-26           -0
-2.50341e-17           -0
-8.75396e-40           -0
 5.49585e-40           -0
 1.11699e-57           -0
-1.08092e-09           -0
-5.18657e-85           -0
-1.85098e-09           -0
-7.15616e-36           -0
  5.7051e-35           -0
-1.12258e-36           -0
-6.77804e-20           -0
-1.32511e-29           -0
-2.56762e-39           -0
-3.38066e-32           -0
  5.4889e-40           -0
-9.25532e-45           -0
-1.26854e-23           -0
 6.17257e-40           -0
  1.4206e-46           -0
-1.85094e-26           -0
 2.99263e-42           -0
 1.62222e-36           -0
 4.57578e-40           -0
-2.79319e-18           -0
 4.31841e-63           -0
 2.55342e-33           -0
 3.29846e-40           -0
 3.29455e-27           -0
-1.53575e-27           -0
 1.25213e-73           -0
 2.54821e-49           -0
 1.45724e-36           -0
 6.05099e-33           -0
-6.15646e-44           -0
-1.82756e-22           -0
 1.34318e-16           -0
 8.29391e-34           -0
 -5.4703e-37           -0
-1.03217e-16           -0
-3.11831e-62           -0
 4.81198e-44           -0
 5.01126e-66           -0
 6.07508e-23           -0
 4.03717e-14           -0
-7.14478e-27           -0
-4.61458e-37           -0
-1.65807e-57           -0
 1.39079e-29           -0
-4.42494e-40           -0
-3.98497e-42           -0
  1.0715e-11           -0
-1.17671e-37           -0
 6.26427e-69           -0
-5.43879e-31           -0
 4.66248e-51           -0
 3.56689e-60           -0
 2.02003e-65           -0
 1.65964e-51           -0
-4.68265e-39           -0
     0.69757           -0
 4.74595e-35           -0
-3.21495e-30           -0
  2.3138e-32           -0
 2.40924e-28           -0
-4.23051e-38           -0
-1.67532e-37           -0
 1.72189e-43           -0
-8.68233e-50           -0
 -5.4262e-63           -0
 4.59163e-35           -0
 2.65209e-23           -0
-5.41799e-24           -0
-2.12681e-38           -0
-6.13923e-32           -0
 -1.9203e-39           -0
 1.91278e-32           -0
 4.72308e-29           -0
-1.28416e-20           -0
 1.79867e-19           -0
 5.84503e-35           -0
-5.40293e-30           -0
 3.42003e-37           -0
-6.36297e-49           -0
-2.76783e-39           -0
 1.71307e-42           -0
-3.43597e-07           -0
 1.25731e-33           -0
 4.33788e-40           -0
 2.31326e-55           -0
 1.08764e-63           -0
 1.67298e-75           -0
 9.47338e-33           -0
-4.87573e-43           -0
 2.81537e-61           -0
 7.95173e-21           -0
 1.61286e-59           -0
-4.81917e-32           -0
-9.96523e-26           -0
 6.13728e-35           -0
 5.83904e-44           -0
 -1.2983e-25           -0
 8.76404e-42           -0
-1.21678e-14           -0
 3.13659e-42           -0
-1.76183e-65           -0
 1.01893e-10           -0
 1.62358e-10           -0
 5.14169e-39           -0
 1.84058e-46           -0
 4.06934e-14           -0
-3.47293e-83           -0
-3.20042e-42           -0
-2.39167e-18           -0
 4.53326e-39           -0
-6.00813e-65           -0
 1.07444e-10           -0
 1.32976e-39           -0
 1.02739e-13           -0
 5.71358e-31           -0
 9.34672e-50           -0
 1.56652e-34           -0
 -3.5883e-40           -0
-2.23109e-47           -0
 3.33371e-24           -0
-1.36901e-29           -0
 5.99908e-20           -0
 3.72759e-45           -0
-1.31052e-24           -0
 3.65463e-29           -0
-4.50796e-24           -0
-2.30024e-53           -0
-6.02445e-31           -0
 7.91068e-17           -0
-6.15824e-36           -0
-5.10212e-17           -0
-1.95628e-21           -0
-5.45437e-21           -0
-3.33668e-32           -0
 3.43486e-43           -0
 5.22034e-40           -0
 8.28264e-16           -0
 1.29318e-15           -0
-1.66881e-53           -0
-3.66277e-32           -0
 1.32013e-33           -0
-5.13209e-34           -0
  -2.115e-68           -0
 1.38214e-56           -0
-6.70636e-26           -0
 7.65877e-22           -0
  1.6935e-59           -0
-2.36754e-38           -0
-9.74128e-39           -0
 3.47856e-24           -0
-4.22967e-25           -0
-1.71576e-51           -0
-9.98267e-20           -0
-1.81935e-24           -0
-1.23819e-43           -0
-7.06779e-28           -0
-8.10722e-25           -0
 1.22402e-21           -0
-6.39128e-53           -0
  1.1147e-39           -0
2.07519e-106           -0
-3.13925e-15           -0
-9.90942e-25           -0
-7.00556e-07           -0
 -5.5254e-69           -0
-3.36004e-42           -0
 1.38848e-39           -0
-4.02999e-74           -0
 2.07584e-35           -0
-3.03227e-51           -0
 4.34676e-41           -0
-2.70804e-21           -0
-2.35437e-37           -0
-3.98808e-23           -0
 5.13557e-29           -0
 2.58443e-27           -0
 2.08503e-33           -0
 5.08873e-40           -0
-5.93638e-63           -0
 2.10257e-56           -0
 1.32454e-38           -0
 1.80065e-13           -0
-4.32062e-27           -0
-8.40707e-26           -0
 3.40891e-41           -0
-2.72312e-39           -0
 3.15764e-45           -0
-4.67091e-53           -0
 3.27529e-20           -0
-1.01647e-29           -0
-2.26356e-62           -0
  6.4844e-29           -0
-8.16486e-40           -0
-2.06271e-19           -0
 -1.6236e-19           -0
-7.79454e-50           -0
 7.00383e-22           -0
-2.49879e-24           -0
-1.07714e-59           -0
 -7.4426e-26           -0
 -4.4232e-62           -0
 1.98785e-51           -0
 1.37252e-46           -0
-7.51397e-36           -0
  9.1812e-46           -0
 1.13075e-25           -0
-4.64772e-43           -0
 1.13217e-37           -0
-1.65423e-41           -0
 -8.6395e-33           -0
-1.12338e-43           -0
-1.19329e-42           -0
-1.14066e-53           -0
 1.02633e-63           -0
 7.22787e-55           -0
 1.09919e-37           -0
-2.78962e-14           -0
 5.24274e-56           -0
-1.43684e-29           -0
 1.15703e-40           -0
 1.26049e-42           -0
 7.30422e-09           -0
-6.28332e-19           -0
 4.05158e-47           -0
-1.43069e-33           -0
-2.27377e-22           -0
-2.74398e-40           -0
 5.45773e-57           -0
-1.93245e-17           -0
-9.56956e-10           -0
 1.03292e-48           -0
-4.47907e-27           -0
 8.55511e-33           -0
-1.56609e-42           -0
-7.73123e-41           -0
 3.14017e-39           -0
-1.78208e-34           -0
 3.99872e-37           -0
-1.80785e-43           -0
-9.96211e-44           -0
-5.04505e-22           -0
-2.10634e-27           -0
-5.47714e-95           -0
-5.00719e-64           -0
 2.00215e-44           -0
-6.55266e-33           -0
-1.29346e-09           -0
 7.68123e-55           -0
-5.46311e-40           -0
-7.97818e-45           -0
 7.36957e-32           -0
-2.24932e-38           -0
 1.22199e-85           -0
-2.15571e-62           -0
-2.79973e-16           -0
-9.31121e-16           -0
 6.49018e-41           -0
-8.56444e-30           -0
-9.90187e-28           -0
 4.02374e-24           -0
 7.09616e-40           -0
 3.27337e-25           -0
 -1.7665e-15           -0
 3.77821e-40           -0
 1.40307e-29           -0
 9.42766e-27           -0
-2.24611e-34           -0
-4.50114e-26           -0
 2.29102e-44           -0
 2.40077e-39           -0
-1.04391e-24           -0
-3.31578e-21           -0
 7.57432e-53           -0
-8.27104e-09           -0
 1.05942e-26           -0
-4.57678e-66           -0
  2.3304e-55           -0
 9.88097e-29           -0
 1.71711e-18           -0
-1.89465e-52           -0
-3.17899e-22           -0
-1.70793e-50           -0
  2.0147e-56           -0
  1.4642e-53           -0
 9.62322e-79           -0
 2.08145e-43           -0
 -1.2789e-30           -0
-4.76919e-52           -0
-3.54932e-33           -0
 1.58097e-38           -0
 8.01086e-81           -0
-1.64458e-13           -0
-2.52237e-34           -0
 6.13761e-38           -0
       -0.05           -0
-3.21213e-22           -0
-6.46292e-32           -0
   5.415e-31           -0
-4.11499e-34           -0
 6.89651e-75           -0
 3.17582e-37           -0
-5.92332e-29           -0
-1.10505e-42           -0
 1.78278e-21           -0
 2.72169e-45           -0
 2.36549e-45           -0
 2.75216e-36           -0
-1.31451e-41           -0
 1.12447e-22           -0
-7.58049e-52           -0
-4.14888e-47           -0
 -3.0431e-40           -0
 6.57749e-69           -0
 7.44974e-62           -0
 4.48602e-23           -0
-2.06651e-42           -0
 1.74724e-39           -0
 1.10046e-11           -0
 2.26134e-27           -0
-1.82028e-35           -0
 3.64608e-58           -0
 1.29039e-21           -0
 1.86789e-19           -0
  1.7007e-09           -0
 9.37119e-49           -0
 1.59331e-75           -0
       -0.05           -0
 -2.1113e-68           -0
-1.78306e-31           -0
 5.84422e-24           -0
-1.10079e-69           -0
-7.14728e-47           -0
 5.91568e-41           -0
-4.71748e-23           -0
-1.08853e-39           -0
 1.55951e-10           -0
-2.84208e-60           -0
-6.62147e-22           -0
-5.11785e-48           -0
-2.07214e-53           -0
 3.68593e-17           -0
-7.11891e-10           -0
-3.29595e-13           -0
 2.56181e-40           -0
-2.00177e-24           -0
-8.95732e-40           -0
-4.08747e-71           -0
-2.99035e-25           -0
-1.52039e-34           -0
 2.20338e-42           -0
-1.25023e-23           -0
-2.17467e-40           -0
 1.95191e-41           -0
-4.36064e-54           -0
-2.71998e-39           -0
-3.23293e-30           -0
 1.71655e-32           -0
 1.42099e-22           -0
 -1.8917e-31           -0
-4.45513e-35           -0
-1.04432e-37           -0
-1.24832e-46           -0
 4.59357e-20           -0
 1.02038e-12           -0
 5.39863e-39           -0
 3.42892e-25           -0
 9.33534e-40           -0
-5.25363e-19           -0
-2.91691e-66           -0
-1.85107e-20           -0
-5.72408e-25           -0
 1.28538e-09           -0
 2.97885e-30           -0
 3.45756e-27           -0
-6.43467e-23           -0
-1.97309e-28           -0
 2.20365e-55           -0
-3.18389e-51           -0
 3.95408e-21           -0
-6.28814e-33           -0
 7.14749e-48           -0
-4.77571e-24           -0
-7.79743e-29           -0
 5.44151e-31           -0
 2.86198e-23           -0
-1.05357e-54           -0
-5.44758e-41           -0
 5.77505e-58           -0
 1.20263e-14           -0
-1.32282e-10           -0
 4.54233e-38           -0
-1.02514e-48           -0
 -5.8885e-14           -0
-9.65089e-42           -0
-3.53873e-16           -0
 8.51597e-46           -0
-1.19768e-53           -0
-6.14516e-33           -0
    0.487805           -0
-1.06581e-40           -0
 9.22938e-77           -0
 2.76555e-49           -0
-1.22202e-29           -0
-3.05694e-20           -0
 1.96873e-38           -0
 4.73739e-35           -0
 2.20115e-23           -0
 1.89147e-38           -0
-3.00141e-26           -0
 4.69702e-43           -0
 2.24498e-49           -0
-4.36671e-21           -0
-5.15903e-44           -0
 1.71607e-15           -0
-9.78292e-49           -0
-1.83762e-50           -0
-1.10903e-50           -0
 2.53196e-50           -0
 3.57571e-37           -0
 1.01338e-09           -0
 8.70737e-40           -0
 5.30262e-37           -0
 5.41484e-38           -0
 2.01648e-60           -0
-1.67339e-37           -0
-6.58164e-54           -0
-2.87644e-32           -0
-2.79538e-24           -0
-9.03114e-39           -0
-9.80203e-31           -0
 1.22649e-45           -0
 8.78696e-72           -0
 1.08875e-39           -0
 -6.8729e-16           -0
 3.31843e-45           -0
 1.31474e-73           -0
-1.24276e-24           -0
 -3.2597e-24           -0
 6.96216e-17           -0
 3.66222e-18           -0
 7.35506e-37           -0
 -5.5309e-62           -0
 3.16577e-36           -0
-5.37375e-48           -0
 6.90243e-34           -0
-3.51705e-12           -0
 6.06316e-49           -0
-1.43515e-30           -0
-1.42247e-58           -0
 9.01865e-29           -0
-2.92697e-21           -0
 4.49699e-14           -0
  1.3241e-39           -0
-4.09536e-30           -0
 3.86569e-23           -0
-1.61476e-14           -0
 1.75374e-66           -0
 1.39665e-55           -0
-1.23894e-34           -0
 4.79747e-52           -0
-1.09338e-41           -0
-3.62967e-26           -0
 4.05932e-68           -0
 8.67645e-48           -0
-6.50561e-50           -0
-8.60394e-52           -0
 -2.5245e-11           -0
-3.48781e-34           -0
 1.00951e-26           -0
 1.65272e-37           -0
 2.81261e-64           -0
-1.66766e-44           -0
 1.39763e-40           -0
-2.09008e-40           -0
-5.92697e-36           -0
-2.92241e-38           -0
 3.27535e-25           -0
 2.23148e-35           -0
 -9.6716e-42           -0
-9.66556e-23           -0
 6.36571e-13           -0
-1.48943e-24           -0
 7.85395e-20           -0
-1.35947e-39           -0
 5.73589e-20           -0
 4.00347e-41           -0
-5.87972e-17           -0
 7.31911e-48           -0
-2.18978e-33           -0
 8.15428e-32           -0
-9.41911e-16           -0
 5.96871e-40           -0
-3.00048e-14           -0
-6.87016e-16           -0
 5.29409e-37           -0
 3.44347e-51           -0
-2.32219e-25           -0
-2.73057e-33           -0
-5.30731e-30           -0
-7.42708e-40           -0
 -1.0893e-72           -0
 -1.5121e-45           -0
 9.92668e-35           -0
-7.89827e-43           -0
 1.49808e-26           -0
  8.4011e-18           -0
 1.11791e-39           -0
 5.49651e-53           -0
-4.95136e-24           -0
-3.39574e-18           -0
 4.68801e-67           -0
 2.18192e-44           -0
 1.70934e-67           -0
-2.67032e-68           -0
 8.78988e-77           -0
-9.06417e-17           -0
 2.13807e-49           -0
 1.85692e-22           -0
-3.45453e-51           -0
-2.69478e-19           -0
 -3.8878e-38           -0
 3.57669e-42           -0
 1.34489e-21           -0
-1.80301e-38           -0
-1.75205e-70           -0
 1.39822e-44           -0
 7.17521e-36           -0
 9.66764e-22           -0
 2.16511e-43           -0
  5.6571e-42           -0
1.51618e-113           -0
 6.47457e-51           -0
-2.14498e-26           -0
 5.18447e-41           -0
-3.68653e-86           -0
-1.11742e-31           -0
 1.09816e-18           -0
 2.69866e-30           -0
-4.19554e-43           -0
-4.86984e-42           -0
-7.73462e-43           -0
-3.68985e-37           -0
-4.18832e-15           -0
 1.24272e-31           -0
 1.20429e-71           -0
 4.32121e-15           -0
 2.29896e-16           -0
 1.51878e-69           -0
-4.72335e-96           -0
-1.25122e-77           -0
-1.59245e-24           -0
 1.74564e-39           -0
-1.58966e-53           -0
 6.47048e-31           -0
-2.16786e-20           -0
 1.77696e-25           -0
 5.16951e-22           -0
 1.52572e-38           -0
 3.03413e-21           -0
-1.78842e-52           -0
 1.56965e-40           -0
-1.49247e-40           -0
-4.97929e-19           -0
  5.8441e-35           -0
 1.46747e-44           -0
 1.43721e-56           -0
 2.63031e-40           -0
-3.55337e-16           -0
 4.28946e-36           -0
-3.39081e-22           -0
-6.00334e-21           -0
-3.20441e-37           -0
-7.00276e-92           -0
 -1.5851e-36           -0
-4.49845e-49           -0
-1.59371e-37           -0
-5.97776e-47           -0
-5.12051e-11           -0
-9.64465e-57           -0
 1.88921e-34           -0
 7.00799e-18           -0
 4.39158e-29           -0
-4.71819e-11           -0
 2.33397e-39           -0
 3.88329e-23           -0
-8.20326e-26           -0
  3.7792e-34           -0
-2.06733e-21           -0
  2.6684e-33           -0
-3.10068e-39           -0
 3.15948e-25           -0
 1.09613e-40           -0
 5.46276e-20           -0
-1.33865e-23           -0
-2.98976e-15           -0
-1.40764e-35           -0
 1.37368e-17           -0
-6.53004e-15           -0
-4.52794e-19           -0
 4.92235e-46           -0
-4.56336e-35           -0
 1.74477e-31           -0
  1.8331e-19           -0
 6.31434e-18           -0
-2.02013e-32           -0
-1.40478e-35           -0
 1.59141e-39           -0
-2.33005e-38           -0
 1.14227e-39           -0
-1.07221e-29           -0
  1.7407e-35           -0
-6.49585e-13           -0
 1.47895e-36           -0
 5.98039e-25           -0
-8.72308e-27           -0
 1.91206e-39           -0
-1.88367e-44           -0
 2.37438e-27           -0
 2.70158e-36           -0
 1.90077e-31           -0
-4.61754e-35           -0
 4.01132e-41           -0
 2.77663e-22           -0
 2.34308e-35           -0
-1.14796e-39           -0
 1.60499e-39           -0
-3.04441e-17           -0
-6.57087e-46           -0
  -1.117e-52           -0
 3.85725e-10           -0
-7.70369e-42           -0
 9.88756e-42           -0
-1.30807e-17           -0
 2.18729e-39           -0
-1.43246e-27           -0
 1.22033e-40           -0
  1.0271e-69           -0
 4.75534e-14           -0
 1.86161e-32           -0
-7.92391e-38           -0
-4.52349e-16           -0
 2.80182e-33           -0
 5.56096e-40           -0
-3.27574e-17           -0
   2.083e-39           -0
-1.53032e-31           -0
  5.1731e-34           -0
-7.41094e-26           -0
-2.16289e-19           -0
-5.35758e-13           -0
 2.85303e-16           -0
 6.14081e-40           -0
 2.76954e-35           -0
 3.25362e-38           -0
 2.35824e-42           -0
 5.31633e-45           -0
 7.86702e-27           -0
 6.33805e-20           -0
  3.6894e-25           -0
 5.16327e-47           -0
 6.83344e-36           -0
 1.52284e-69           -0
 4.99729e-40           -0
-1.86383e-48           -0
-1.80126e-56           -0
 -2.7812e-26           -0
-3.05259e-58           -0
-4.95224e-24           -0
 1.38678e-33           -0
-5.55609e-41           -0
-2.07354e-38           -0
 1.31795e-52           -0
 -2.4987e-41           -0
 2.16613e-31           -0
 2.92675e-30           -0
 1.19851e-20           -0
 5.50376e-58           -0
-6.01357e-57           -0
  6.4362e-22           -0
 4.62914e-30           -0
-7.56235e-34           -0
 2.87296e-19           -0
-4.31669e-58           -0
 2.08928e-44           -0
 4.07926e-38           -0
-7.54689e-11           -0
   -5.73e-21           -0
 4.83837e-45           -0
-5.13781e-14           -0
 6.58154e-49           -0
-1.22584e-50           -0
  9.2305e-43           -0
 3.91211e-61           -0
-2.69833e-33           -0
 3.40547e-37           -0
-1.09835e-42           -0
-2.57908e-21           -0
-1.73772e-57           -0
 2.15917e-45           -0
-4.53179e-45           -0
 2.84088e-17           -0
-4.66097e-42           -0
-1.61946e-26           -0
 3.31954e-49           -0
 1.08169e-34           -0
 4.33642e-38           -0
 1.15145e-39           -0
 4.83951e-45           -0
 8.78726e-25           -0
-4.13078e-25           -0
 -1.4901e-31           -0
-4.49285e-23           -0
-2.53214e-40           -0
-2.73413e-40           -0
       -0.05           -0
 2.74397e-40           -0
-3.27296e-26           -0
-2.52892e-38           -0
 3.37227e-25           -0
-2.21717e-38           -0
-1.61388e-33           -0
-5.33399e-28           -0
-2.60128e-39           -0
-7.29562e-31           -0
-2.50073e-28           -0
 1.71434e-41           -0
 2.49581e-19           -0
 1.72634e-81           -0
 2.90383e-49           -0
-1.78396e-18           -0
 1.04155e-40           -0
-3.73742e-19           -0
  1.6827e-35           -0
 1.05921e-38           -0
-3.56439e-32           -0
-6.46399e-09           -0
    0.512195           -0
 -5.2015e-26           -0
 6.39445e-41           -0
 1.82582e-54           -0
 1.72972e-39           -0
 -4.8831e-37           -0
-1.45733e-40           -0
-2.30333e-28           -0
 3.82273e-20           -0
 6.74062e-41           -0
-2.82251e-18           -0
-5.00277e-39           -0
-1.37682e-24           -0
-4.35818e-19           -0
-3.44464e-48           -0
 3.23882e-35           -0
 1.92039e-40           -0
-4.02954e-38           -0
  -1.641e-35           -0
 -3.0234e-31           -0
 2.48969e-35           -0
-6.15064e-43           -0
-2.34814e-35           -0
-6.68495e-10           -0
-2.05674e-42           -0
-4.35699e-34           -0
 2.85013e-42           -0
-2.07674e-64           -0
 3.60958e-41           -0
 1.16718e-24           -0
 1.28095e-40           -0
-9.38208e-68           -0
 5.49077e-20           -0
 1.41985e-50           -0
 6.94513e-30           -0
-6.67003e-54           -0
-1.22348e-39           -0
-1.90329e-43           -0
 6.52973e-37           -0
-3.70045e-31           -0
 5.16687e-30           -0
 1.17969e-24           -0
 3.82926e-21           -0
 2.59181e-67           -0
-2.42379e-22           -0
-1.16713e-27           -0
 4.06043e-48           -0
-1.08589e-42           -0
-1.56944e-39           -0
-6.69818e-24           -0
 1.79481e-67           -0
 8.21562e-16           -0
-1.73937e-51           -0
 1.59226e-50           -0
 -3.5258e-29           -0
 3.37472e-43           -0
 -1.3935e-46           -0
 1.07099e-45           -0
-8.93531e-68           -0
 6.21492e-25           -0
 5.77418e-34           -0
 -1.9039e-40           -0
 6.42844e-53           -0
 3.10518e-26           -0
 6.08469e-24           -0
-1.42239e-17           -0
 1.25843e-20           -0
-2.48339e-26           -0
-5.20296e-40           -0
 3.66001e-82           -0
 8.26056e-40           -0
-8.44792e-50           -0
 0.000180062           -0
-3.13108e-16           -0
 6.65216e-47           -0
 3.13914e-44           -0
-3.62699e-18           -0
-1.06552e-29           -0
 2.64926e-64           -0
 2.90488e-11           -0
 2.02461e-51           -0
  1.9245e-40           -0
 7.41705e-25           -0
 4.39477e-13           -0
 8.28122e-44           -0
 2.27135e-31           -0
 4.65401e-18           -0
-9.68566e-37           -0
 1.50236e-43           -0
 1.26865e-64           -0
  3.6782e-59           -0
 2.93225e-19           -0
 1.80143e-32           -0
 3.73069e-45           -0
    0.487805           -0
 3.39647e-25           -0
 3.03474e-42           -0
 2.99263e-43           -0
-8.68407e-09           -0
-4.08945e-40           -0
 5.28879e-40           -0
 1.21299e-42           -0
 1.16909e-27           -0
-3.16004e-40           -0
 1.11904e-42           -0
 6.76967e-13           -0
 1.75507e-49           -0
 1.55132e-63           -0
-8.18426e-50           -0
-1.18726e-36           -0
 3.83444e-11           -0
 2.29343e-16           -0
 4.89598e-42           -0
  1.4931e-46           -0
 9.04333e-40           -0
 1.76697e-44           -0
-5.25075e-28           -0
-2.36732e-24           -0
 2.93299e-60           -0
-3.26239e-66           -0
-3.52668e-40           -0
-8.43377e-32           -0
 2.89425e-63           -0
 1.27914e-16           -0
-2.60984e-40           -0
-8.28055e-43           -0
-1.77476e-47           -0
 2.48513e-28           -0
 2.31941e-38           -0
-3.69436e-42           -0
-3.42551e-66           -0
-7.16476e-28           -0
 5.56441e-29           -0
 1.05975e-21           -0
-1.10583e-27           -0
    0.673018           -0
 -5.5721e-40           -0
 6.07313e-19           -0
 1.82296e-32           -0
-6.47204e-29           -0
 3.75592e-21           -0
 5.95311e-57           -0
 2.68088e-33           -0
-2.38561e-11           -0
 1.79977e-30           -0
-6.84807e-31           -0
 1.54938e-30           -0
 4.07742e-12           -0
-6.97065e-31           -0
 1.08003e-25           -0
-6.78412e-38           -0
-8.16598e-47           -0
-2.77982e-24           -0
  4.4059e-47           -0
-3.72434e-44           -0
 8.28079e-17           -0
-1.27661e-30           -0
 -3.3767e-18           -0
-3.57956e-16           -0
-5.41011e-20           -0
  1.1934e-37           -0
-1.09517e-39           -0
-1.37409e-25           -0
  2.1872e-30           -0
 -1.0652e-18           -0
 9.77854e-49           -0
-6.65155e-33           -0
-8.02997e-49           -0
 5.04096e-37           -0
-1.44973e-40           -0
-6.81094e-16           -0
 9.62129e-40           -0
 1.17185e-56           -0
-8.14516e-45           -0
-8.33841e-19           -0
-4.16272e-14           -0
-3.29003e-51           -0
-1.61158e-40           -0
-6.30689e-20           -0
 -3.4487e-33           -0
-1.28613e-23           -0
 1.27491e-37           -0
 1.96284e-39           -0
 1.08065e-26           -0
 8.13455e-24           -0
-1.09498e-35           -0
-3.21363e-66           -0
 4.46416e-33           -0
 4.39827e-29           -0
 6.05925e-72           -0
-5.81051e-21           -0
 2.08715e-19           -0
 1.97699e-35           -0
-4.56235e-42           -0
 1.65991e-39           -0
-7.90881e-42           -0
-1.29265e-23           -0
 1.03112e-65           -0
-3.06058e-66           -0
-2.80419e-33           -0
 4.01742e-46           -0
 2.89542e-40           -0
 -2.4057e-45           -0
 7.48066e-20           -0
 6.24388e-35           -0
 7.07619e-30           -0
 3.04978e-11           -0
 1.50058e-78           -0
 8.75758e-47           -0
-3.98353e-17           -0
 4.66526e-25           -0
-5.93043e-18           -0
 1.98779e-19           -0
-3.72215e-57           -0
  4.4096e-30           -0
 1.11951e-39           -0
-1.16383e-29           -0
 4.05759e-26           -0
    0.512195           -0
-1.75863e-34           -0
-8.11979e-50           -0
-1.06944e-26           -0
-7.99991e-61           -0
 4.72693e-55           -0
-6.79332e-50           -0
-8.99005e-38           -0
 1.24208e-22           -0
 8.23864e-44           -0
-4.29185e-71           -0
 9.08582e-28           -0
 -4.2429e-35           -0
-1.82869e-26           -0
 2.72222e-19           -0
-2.30837e-31           -0
  1.8103e-31           -0
 -2.3626e-34           -0
 6.89161e-29           -0
 5.31281e-51           -0
  1.2179e-24           -0
-1.51851e-32           -0
-1.88992e-29           -0
 7.10498e-70           -0
-1.95008e-20           -0
   -1.47e-37           -0
-6.01077e-19           -0
-2.07441e-29           -0
 2.31275e-34           -0
 -1.4287e-68           -0
 1.24197e-40           -0
-1.05996e-39           -0
 4.82269e-42           -0
-1.35792e-09           -0
-7.04168e-26           -0
-6.19592e-23           -0
-1.16898e-28           -0
-1.10598e-74           -0
  1.0269e-14           -0
 -1.0665e-21           -0
-7.17395e-61           -0
-4.79807e-38           -0
 4.40695e-62           -0
 5.51281e-40           -0
-7.47524e-28           -0
-2.80184e-23           -0
 3.11853e-43           -0
 4.07789e-10           -0
 9.86097e-40           -0
 -2.2086e-38           -0
-9.84797e-40           -0
 1.13656e-38           -0
 2.96676e-15           -0