           0            0
3.73147e-214            0
           0            0
           0            0
 2.17792e-11            0
4.17127e-119            0
 3.42745e-35            0
           0            0
           0            0
4.58727e-191            0
           0            0
1.36556e-197            0
7.17133e-111            0
           0            0
           0            0
6.47985e-145            0
           0            0
           0            0
 6.82876e-35            0
           0            0
           0            0
2.74707e-206            0
           0            0
           0            0
3.00346e-139            0
 5.46372e-65            0
           0            0
           0            0
           0            0
           0  9.69247e-33
3.86467e-151            0
           0            0
           0            0
3.36306e-115            0
           0            0
           0            0
 4.7772e-110            0
           0            0
           0            0
1.20887e-196            0
2.85672e-112            0
 1.51271e-31            0
           0            0
 3.10733e-05            0
 8.23936e-10            0
 3.88281e-46            0
           0            0
           0            0
9.47925e-133            0
 6.62291e-12            0
 1.78406e-32            0
  1.458e-129            0
           0            0
2.26138e-198            0
8.73392e-180            0
           0            0
 8.33831e-37            0
           0            0
1.19154e-188            0
           0            0
           0            0
 4.05855e-09            0
           0            0
           0            0
           0            0
 5.5905e-135            0
 1.23835e-58            0
           0            0
           0            0
           0            0
 1.7186e-141            0
1.77946e-284            0
 5.54976e-75            0
 5.06296e-18            0
2.65708e-281            0
2.56339e-309            0
2.95438e-237            0
2.46413e-136            0
1.15462e-188            0
 8.0955e-103            0
2.98643e-257            0
 1.25697e-26            0
           0            0
8.22374e-192            0
           0            0
 6.46012e-09            0
           0            0
 2.85986e-08            0
           0            0
           0            0
           0            0
1.68465e-266            0
3.92983e-112            0
           0            0
2.50535e-183            0
           0            0
           0            0
           0            0
           0            0
3.44584e-224            0
           0            0
           0            0
           0            0
           0            0
1.63061e-196            0
 2.7196e-206            0
           0            0
           0            0
           0            0
           0            0
           0            0
           0            0
1.45073e-147            0
4.25411e-192            0
           0            0
           0            0
           0            0
 2.6893e-261            0
           0            0
1.22108e-196            0
  1.5499e-06            0
           0            0
           0            0
           0            0
2.79169e-198            0
 2.29564e-23            0
 1.80122e-13            0
2.54177e-125            0
 4.17608e-98            0
           0     0.497487
           0            0
6.41506e-145            0
 2.73435e-56            0
2.64258e-138            0
 1.67211e-16            0
           0            0
4.14389e-169            0
           0            0
1.14307e-188            0
           0            0
           0            0
           0            0
           0            0
           0            0
           0            0
           0            0
           0            0
           0            0
           0            0
1.95865e-184            0
 4.93269e-34            0
           0            0
 2.39391e-33            0
 2.34748e-21            0
           0            0
           0            0
 1.68516e-44            0
 6.23357e-23            0
           0            0
           0            0
 2.51434e-91            0
           0            0
           0            0
           0            0
 1.14625e-05            0
           0            0
           0            0
           0            0
 8.22618e-06            0
           0            0
           0            0
1.30386e-247            0
 3.33096e-35            0
           0            0
           0         0.01
2.66057e-135            0
 9.28563e-27            0
           0            0
           0            0
 1.68882e-16            0
 2.59729e-28            0
           0            0
           0            0
           0            0
 7.99918e-08            0
           0            0
 3.0301e-154            0
           0            0
 1.28462e-49            0
           0            0
 2.73227e-53            0
5.57279e-286            0
9.11776e-164            0
1.70289e-187            0
8.03975e-143            0
           0            0
6.37499e-213            0
           0            0
 4.8604e-112            0
           0            0
3.35987e-244            0
1.15241e-232            0
           0            0
2.56985e-201            0
           0            0
           0            0
           0            0
           0            0
8.65567e-191            0
1.45724e-160            0
1.19428e-102            0
           0            0
           0            0
 1.40031e-30            0
           0            0
           0            0
           0            0
           0            0
           0            0
 2.61474e-63            0
           0            0
        0.01            0
 6.14395e-13            0
 1.01618e-33            0
           0            0
           0            0
           0            0
           0            0
           0            0
           0            0
           0            0
8.48572e-144            0
           0            0
4.35502e-156            0
           0            0
 3.92888e-10            0
           0            0
9.22635e-255            0
           0            0
7.39467e-160            0
           0            0
 1.4129e-215            0
 1.03553e-07            0
           0            0
4.24725e-230            0
           0            0
2.34698e-250            0
           0            0
 3.03319e-07            0
           0            0
 2.74651e-23            0
           0            0
5.20144e-305            0
7.72496e-102            0
           0            0
           0            0
           0            0
           0            0
           0            0
           0            0
 6.88182e-08            0
4.34866e-273            0
7.96136e-195            0
           0            0
           0            0
           0            0
           0            0
 3.58939e-97            0
 1.56401e-97            0
5.58837e-141            0
4.12438e-180            0
           0            0
 1.29523e-27            0
           0            0
 5.62376e-89            0
           0            0
           0            0
 3.44472e-24            0
           0            0
3.21664e-258            0
1.18649e-192            0
           0            0
           0            0
3.45348e-147            0
           0            0
           0            0
           0            0
4.36466e-129            0
           0            0
1.43669e-172            0
           0            0
 5.56752e-89            0
2.89467e-148            0
           0            0
 2.8115e-197            0
           0            0
2.37296e-125            0
1.51678e-321            0
           0            0
 7.54695e-10            0
           0            0
           0            0
           0            0
           0            0
1.25704e-151            0
           0            0
 5.77223e-41            0
 5.54654e-08            0
           0            0
6.34462e-119            0
           0            0
           0            0
           0            0
6.80016e-149            0
 2.10471e-92            0
           0            0
3.53166e-172            0
2.36547e-155            0
 4.03282e-99            0
           0            0
           0            0
5.54869e-226            0
6.86638e-131            0
           0            0
           0            0
           0            0
           0            0
2.89137e-207            0
           0            0
3.28249e-195            0
           0            0
  3.326e-222            0
3.24967e-195            0
           0            0
           0            0
           0            0
 4.10505e-81            0
           0            0
           0            0
           0            0
 2.0255e-316            0
           0            0
           0            0
1.22473e-147            0
           0            0
           0            0
1.63388e-133            0
  2.051e-224            0
           0            0
9.39621e-114            0
           0            0
1.50339e-226            0
1.47592e-157            0
           0            0
           0            0
           0            0
 1.99591e-42            0
 1.15129e-08            0
           0            0
8.28922e-105            0
           0            0
           0            0
           0            0
4.16915e-160            0
2.56744e-125            0
5.06277e-166            0
  5.0739e-68            0
           0            0
           0            0
           0            0
           0            0
           0            0
 4.18055e-09            0
           0            0
1.71803e-185            0
           0            0
2.79059e-234            0
4.32102e-129            0
           0            0
           0            0
           0            0
1.22358e-124            0
2.29455e-191            0
  2.9406e-89            0
  0.00179859            0
           0            0
           0            0
           0            0
           0            0
           0            0
 1.25647e-22            0
           0            0
 1.06722e-08            0
1.66916e-112            0
 4.01181e-32            0
           0            0
           0            0
           0            0
           0            0
           0            0
6.09139e-263            0
           0            0
 3.95605e-98            0
5.92926e-225            0
5.75776e-118            0
9.11189e-262            0
2.10187e-207            0
           0            0
7.41107e-108            0
           0            0
4.44852e-277            0
5.67505e-140            0
           0            0
1.17963e-188            0
 4.05026e-19            0
           0            0
 1.40185e-13            0
           0     0.502513
1.85103e-202            0
           0            0
           0            0
 4.14929e-47            0
 0.000146647            0
3.31458e-235            0
           0            0
           0            0
 3.5101e-317            0
 1.13973e-28            0
 9.32199e-14            0
           0            0
5.18126e-126            0
           0            0
           0            0
           0            0
           0            0
 2.26954e-49            0
1.78296e-245            0
 4.53206e-53            0
           0            0
           0            0
1.65775e-189            0
2.69017e-142            0
 2.98114e-66            0
           0            0
           0            0
           0            0
 2.09223e-18            0
           0            0
           0            0
 9.38446e-94            0
 1.3268e-186            0
 8.09599e-83            0
           0            0
           0            0
           0            0
    0.502513            0
           0            0
           0            0
           0            0
           0            0
           0            0
           0            0
7.44957e-208            0
           0            0
           0            0
7.09962e-111            0
1.66542e-209            0
           0            0
3.08331e-208            0
           0            0
           0            0
2.34063e-271            0
           0            0
           0            0
           0            0
           0            0
           0            0
 4.47943e-24            0
           0            0
 9.95404e-63            0
1.82398e-170            0
           0            0
 3.29384e-18            0
           0            0
           0            0
4.56008e-136            0
2.03891e-162            0
           0            0
           0            0
6.07489e-113            0
 0.000248606            0
 4.51784e-10            0
           0            0
 5.51891e-65            0
           0            0
           0            0
           0            0
5.86997e-225            0
4.30849e-244            0
6.58893e-107            0
 7.75571e-90            0
7.55827e-275            0
           0            0
5.72228e-299            0
           0            0
9.93753e-109            0
           0            0
           0            0
           0            0
1.00164e-314            0
           0            0
 0.000678019            0
2.32612e-172            0
           0            0
5.59482e-176            0
  5.4101e-15            0
6.85554e-121            0
 4.84101e-54            0
           0            0
           0            0
           0            0
           0            0
           0            0
7.27103e-161            0
           0            0
1.60153e-223            0
1.42717e-215            0
   0.0100005            0
           0            0
           0            0
           0            0
           0            0
 2.11609e-38            0
3.00059e-169            0
           0            0
           0            0
           0            0
 0.000173188            0
 3.73411e-13            0
 1.7479e-143            0
           0            0
           0            0
           0            0
3.57754e-175            0
           0            0
           0            0
           0            0
2.58928e-309            0
           0            0
           0            0
2.05025e-198            0
           0            0
4.26004e-123            0
7.13905e-281            0
6.80706e-277            0
           0            0
           0            0
           0            0
           0            0
2.04064e-159            0
1.64117e-189            0
           0            0
2.66928e-138            0
           0            0
           0            0
           0            0
           0            0
7.01657e-157            0
           0            0
4.70942e-280            0
           0            0
           0            0
 3.0166e-257            0
           0            0
9.30491e-106            0
1.26984e-270            0
           0            0
           0            0
           0            0
           0            0
6.48282e-217            0
           0            0
           0            0
8.40086e-144            0
           0            0
           0            0
2.59557e-155            0
           0            0
 1.29685e-72            0
 9.5004e-162            0
 3.49032e-26            0
           0            0
 7.05554e-36            0
           0            0
           0            0
 8.75407e-80            0
4.94883e-303            0
           0            0
           0            0
           0            0
 1.12997e-89            0
5.73105e-131            0
 1.53445e-06            0
           0            0
 6.75152e-45            0
 1.32976e-25            0
           0            0
           0            0
           0            0
           0            0
           0            0
           0            0
           0            0
           0            0
3.37636e-107            0
           0            0
4.57164e-121            0
1.08995e-164            0
  9.762e-111            0
           0            0
           0            0
 9.23761e-66            0
1.45849e-236            0
           0            0
1.65069e-142            0
 6.11661e-52            0
           0            0
  2.8045e-47            0
9.67966e-299            0
           0            0
2.07398e-157            0
           0            0
 3.84399e-46            0
1.28266e-270            0
           0            0
           0            0
           0            0
           0            0
 8.5933e-150            0
           0            0
2.75359e-270            0
 1.0492e-302            0
           0            0
           0            0
           0            0
1.93906e-184            0
           0            0
  5.8287e-41            0
9.15889e-184            0
3.01515e-234            0
           0            0
           0            0
 5.51634e-10            0
           0            0
 1.00744e-69            0
           0            0
4.20332e-104            0
           0            0
 1.11867e-89            0
6.10369e-264            0
           0            0
           0            0
           0            0
 1.25377e-10            0
           0            0
6.88074e-245            0
6.53396e-147            0
8.51313e-230            0
 1.5245e-193            0
           0            0
9.62904e-299            0
           0            0
           0            0
           0            0
3.46822e-155            0
4.20477e-230            0
2.69762e-122            0
 2.45715e-41            0
           0            0
           0            0
           0            0
7.28436e-186            0
 2.42771e-92            0
           0            0
1.40619e-215            0
    0.463842            0
5.12103e-104            0
           0            0
 3.8563e-154            0
  2.1987e-75            0
           0            0
           0            0
9.12468e-255            0
           0            0
           0            0
           0            0
           0            0
           0            0
9.49536e-168            0
           0            0
           0            0
           0            0
 5.35765e-58            0
           0            0
           0            0
           0            0
           0            0
           0            0
           0            0
           0            0
           0            0
           0            0
 9.04163e-06            0
 1.17653e-25            0
 3.00493e-81            0
8.87948e-168            0
           0            0
4.70262e-222            0
           0            0
  0.00045108            0
           0            0
           0            0
           0            0
1.50196e-321            0
1.19549e-178            0
           0            0
           0            0
           0            0
 9.54828e-18            0
           0            0
           0            0
           0            0
           0            0
4.12141e-160            0
        0.01            0
           0            0
           0            0
 1.99088e-50            0
2.83702e-265            0
           0            0
           0            0
           0            0
           0            0
           0            0
 2.01109e-08            0
           0            0
           0            0
 0.000490737            0
 2.01607e-42            0
           0            0
           0            0
 1.36679e-54            0
2.74394e-221            0
 3.75007e-24            0
1.49817e-165            0
           0            0
           0            0
           0            0
           0            0
1.97369e-229            0
2.56218e-137            0
           0            0
 1.54073e-12            0
           0            0
           0            0
           0            0
 3.50144e-88            0
6.55656e-174            0
           0            0
           0            0
           0            0
   2.707e-56            0
           0            0
2.23418e-161            0
           0            0
           0            0
           0            0
           0            0
           0            0
2.03315e-109            0
           0            0
1.89513e-255            0
 7.83621e-11            0
           0            0
           0            0
1.63685e-291            0
           0            0
        0.01            0
4.72973e-141            0
           0            0
3.91011e-201            0
           0            0
           0            0
1.71974e-253            0
           0            0
           0            0
2.30247e-180            0
           0            0
           0            0
2.81878e-234            0
2.66064e-278            0
1.91599e-150            0
           0            0
           0            0
 7.21368e-09            0
           0            0
           0            0
 5.09148e-47            0
           0            0
6.05317e-264            0
1.73042e-143            0
           0            0
4.80078e-182            0
           0            0
1.48863e-137            0
 4.05233e-32            0
           0            0
           0            0
           0            0
           0            0
           0            0
           0            0
5.93677e-102            0
           0            0
           0            0
 4.12251e-16            0
7.37289e-200            0
 9.67141e-11            0
 8.66653e-80            0
           0            0
           0            0
           0            0
           0            0
7.18933e-178            0
           0            0
4.84419e-143            0
 2.48008e-06            0
6.86885e-149            0
  1.4424e-10            0
           0            0
8.99426e-180            0
           0            0
 8.83153e-40            0
           0            0
  1.0497e-09            0
  4.3005e-31            0
           0            0
2.52033e-288            0
 1.92992e-70            0
           0            0
           0            0
 1.5911e-205            0
2.18755e-231            0
  4.1202e-24            0
           0            0
 3.61483e-30            0
 4.58601e-93            0
4.89934e-303            0
1.48319e-165            0
1.67988e-255            0
7.02939e-122            0
           0            0
           0            0
4.22194e-123            0
           0            0
4.16354e-200            0
1.61754e-133            0
5.58892e-179            0
2.14735e-174            0
           0            0
           0            0
 1.7895e-126            0
5.36845e-228            0
           0            0
9.58514e-153            0
3.62254e-236            0
           0            0
           0            0
           0            0
 1.38345e-07            0
           0            0
4.01628e-145            0
           0            0
           0            0
           0            0
 2.54656e-98            0
           0            0
           0            0
           0            0
           0            0
           0            0
6.76209e-103            0
    0.012951            0
           0            0
           0            0
           0            0
           0            0
 5.1713e-238            0
2.35024e-187            0
           0            0
5.22354e-238            0
           0            0
           0            0
           0            0
1.35676e-135            0
           0            0
           0            0
           0            0
           0            0
           0            0
           0            0
           0            0
 5.48277e-79            0
1.71165e-318            0
           0            0
           0            0
           0            0
6.89709e-188            0
           0            0
           0            0
 5.8934e-176            0
2.15062e-264            0
 4.83858e-99            0
           0            0
           0            0
 1.31344e-25            0
 4.70832e-72            0
           0            0
           0            0
           0            0
           0            0
4.15339e-167            0
3.76199e-127            0
9.72692e-243            0
           0            0
2.98422e-237            0
           0            0
           0            0
           0            0
           0            0
           0            0
           0            0
2.13855e-200            0
9.09642e-136            0
           0            0
 4.61293e-09            0
4.81262e-175            0
 5.14286e-47            0
2.01329e-167            0
           0            0
           0            0
           0            0
           0            0
7.37861e-265            0
           0            0
           0            0
           0            0
           0            0
           0         0.01
 4.57784e-53            0
2.75938e-204            0
6.62279e-174            0
           0            0
           0            0
           0            0
 4.34793e-09            0
 6.20272e-25            0
1.47322e-236            0
           0            0
 8.0634e-132            0
2.00272e-130            0
 3.31346e-05            0
3.75161e-145            0
  5.4617e-31            0
4.61782e-121            0
           0            0
  1.1579e-05            0
 1.40777e-28            0
           0            0
 1.61554e-36            0
           0            0
4.64246e-176            0
5.95454e-211            0
1.23592e-124            0
 5.08757e-31            0
1.36106e-183            0
 4.75588e-72            0
1.17508e-237            0
           0            0
           0            0
           0            0
           0            0
  2.4162e-07            0
           0            0
           0            0
           0            0
           0            0
1.36831e-186            0
 1.6995e-153            0
 1.13892e-08            0
           0            0
5.87941e-187            0
4.20114e-121            0
           0            0
           0            0
           0            0
           0            0
           0            0
           0            0
           0            0
1.06637e-170            0
           0            0
 5.08022e-62            0
8.39025e-312            0
           0            0
           0            0
           0            0
           0            0
           0            0
 7.1434e-238            0
           0            0
           0            0
 3.39345e-32            0
           0            0
           0            0
3.76916e-214            0
9.72964e-295            0
           0            0
           0            0
           0            0
           0            0
           0            0
  1.2638e-10            0
 2.69824e-31            0
           0            0
           0            0
           0            0
           0            0
           0            0
 5.12515e-68            0
           0            0
           0            0
           0            0
1.94714e-154            0
 1.66831e-44            0
           0            0
 5.72232e-70            0
 2.33547e-59            0
           0            0
4.66309e-182            0
  1.7832e-13            0
2.53358e-126            0
           0            0
 1.37069e-27            0
 3.32483e-32            0
1.30581e-128            0
2.42116e-187            0
           0            0
           0            0
 1.32222e-10            0
2.54482e-201            0
           0            0
4.68244e-141            0
 9.12349e-54            0
1.34735e-229            0
           0            0
           0            0
           0            0
6.96676e-188            0
           0            0
           0            0
           0            0
           0            0
 1.65979e-60            0
 2.92716e-73            0
 4.58227e-94            0
 1.42678e-06            0
2.45515e-179            0
           0            0
2.92058e-207            0
 1.89571e-60            0
           0            0
           0            0
1.76301e-167            0
 1.29422e-25            0
 1.42199e-28            0
6.92222e-162            0
 9.97361e-70            0
7.07958e-296            0
           0            0
           0            0
 2.15507e-54            0
           0            0
           0            0
           0            0
7.08744e-157            0
           0            0
           0            0
7.00878e-296            0
   1.078e-08            0
 1.99098e-08            0
 1.22506e-10            0
 2.45224e-92            0
           0            0
           0            0
           0            0
7.00461e-183            0
           0            0
           0            0
           0            0
           0            0
1.79299e-317            0
           0            0
           0            0
           0            0
           0            0
1.98269e-130            0
           0            0
 2.35724e-16            0
 1.14597e-43            0
           0            0
           0            0
           0            0
6.13575e-274            0
 1.45025e-22            0
           0            0
           0            0
2.27271e-172            0
           0            0
           0            0
1.69295e-101            0
2.15751e-213            0
1.83015e-240            0
1.50639e-130            0
           0            0
 8.04531e-09            0
           0            0
           0            0
           0            0
1.26001e-219            0
6.48867e-164            0
5.06982e-104            0
           0            0
           0            0
           0            0
           0            0
3.38806e-209            0
 8.92122e-40            0
           0            0
3.50497e-152            0
3.41091e-107            0
           0            0
           0            0
7.21555e-238            0
           0            0
 6.45104e-34            0
           0            0
           0            0
4.49298e-138            0
           0            0
 1.3659e-152            0
           0            0
 1.35922e-22            0
5.39188e-258            0
           0            0
           0            0
6.79225e-210            0
           0            0
           0            0
           0            0
           0            0
7.46424e-160            0
5.72962e-200            0
           0            0
9.90771e-143            0
           0            0
           0            0
           0            0
 1.13188e-68            0
 9.21565e-54            0
           0            0
 2.51353e-98            0
           0            0
           0            0
           0            0
           0            0
2.95589e-205            0
           0            0
           0            0
           0            0
           0            0
           0            0
4.52599e-116            0
  2.3047e-51            0
4.12653e-292            0
           0            0
           0            0
           0            0
           0            0
 2.89003e-08            0
           0            0
8.77607e-183            0
8.14632e-166            0
           0            0
7.44736e-200            0
 1.82129e-09            0
  0.00177127            0
2.91223e-131            0
           0            0
1.41831e-200            0
           0            0
1.31353e-186            0
 3.33849e-12            0
           0            0
           0            0
 6.29653e-23            0
4.21545e-277            0
           0            0
 1.21767e-27            0
           0            0
           0            0
           0            0
 2.58859e-63            0
 1.36784e-11            0
           0            0
           0            0
3.02975e-248            0
3.65779e-108            0
7.29434e-117            0
6.69447e-103            0
4.50199e-255            0
           0            0
           0            0
3.54556e-317            0
1.78368e-277            0
 1.41026e-11            0
 1.29642e-58            0
1.79731e-129            0
 5.71709e-14            0
1.59937e-141            0
           0            0
8.97203e-112            0
1.29225e-128            0
           0            0
           0            0
 3.52276e-08            0
7.06782e-281            0
2.55567e-225            0
4.29065e-234            0
9.02077e-262            0
 2.70394e-31            0
2.58149e-225            0
           0            0
           0            0
           0            0
1.01176e-314            0
           0            0
           0            0
2.55091e-120            0
           0            0
           0            0
6.09659e-176            0
           0            0
           0            0
           0            0
    0.469089            0
           0            0
           0            0
           0            0
           0            0
           0            0
 3.99601e-98            0
           0            0
           0            0
2.75477e-214            0
1.41983e-317            0
 3.82486e-16            0
           0            0
8.56891e-191            0
           0            0
           0            0
           0            0
           0            0
           0            0
           0            0
           0            0
           0            0
           0            0
5.17244e-183            0
           0            0
 0.000249375            0
           0            0
1.80798e-101            0
 5.8774e-102            0
3.98519e-118            0
           0            0
7.64771e-102            0
           0            0
           0            0
9.31561e-256            0
           0            0
 2.90996e-83            0
 0.000495694            0
           0            0
           0            0
           0            0
           0            0
           0            0
 3.92491e-77            0
           0            0
 1.20162e-07            0
           0            0
9.38449e-133            0
 6.20168e-26            0
6.72432e-210            0
           0            0
2.33005e-136            0
           0            0
           0            0
           0            0
2.28385e-150            0
           0            0
 2.92093e-63            0
           0            0
 5.86566e-61            0
 4.15528e-34            0
           0            0
 3.53681e-88            0
  0.00607434            0
 5.03647e-31            0
 1.52416e-41            0
           0            0
           0            0
           0            0
           0            0
           0            0
           0            0
3.89525e-154            0
           0            0
 7.54359e-74            0
           0            0
 3.25546e-16            0
           0            0
 4.31362e-13            0
           0            0
           0            0
5.79895e-162            0
           0            0
           0            0
2.68591e-242            0
  2.003e-247            0
           0            0
           0            0
           0            0
           0            0
           0            0
4.41853e-184            0
           0            0
 1.8894e-301            0
           0            0
9.25141e-184            0
4.67757e-182            0
           0            0
   4.739e-54            0
           0            0
 1.44683e-15            0
           0            0
2.00547e-211            0
           0            0
           0            0
           0            0
5.53887e-176            0
3.40974e-104            0
1.37936e-197            0
           0            0
 4.61251e-89            0
           0            0
           0            0
9.59128e-168            0
3.54369e-276            0
           0            0
           0            0
9.54469e-211            0
           0            0
 9.14523e-66            0
           0            0
4.24358e-121            0
           0            0
8.73242e-112            0
           0            0
           0            0
1.53705e-182            0
6.18486e-217            0
  2.1814e-43            0
           0            0
           0            0
           0            0
1.18695e-237            0
 3.35842e-32            0
 6.76464e-82            0
           0            0
           0            0
           0            0
1.36459e-120            0
6.48604e-165            0
           0            0
  3.1037e-09            0
8.85265e-112            0
           0            0
6.85558e-162            0
           0            0
 3.00279e-07            0
7.11933e-247            0
 7.46381e-54            0
           0            0
           0            0
1.64877e-209            0
           0            0
           0            0
 2.8289e-134            0
           0            0
           0            0
           0            0
           0            0
           0            0
1.00355e-108            0
           0            0
           0            0
    0.497487            0
           0            0
 2.38865e-33            0
           0            0
           0            0
           0            0
           0            0
 3.88566e-77            0
           0            0
           0            0
  2.1421e-87            0
9.66799e-196            0
3.39703e-115            0
           0            0
           0            0
 5.7875e-200            0
           0            0
           0            0
1.61217e-129            0
           0            0
           0            0
           0            0
           0            0
           0            0
           0            0
           0            0
 4.07887e-24            0
           0            0
           0            0
           0            0
           0            0
2.20964e-231            0
 9.2295e-169            0
1.00118e-142            0
 2.1231e-207            0
           0            0
1.95395e-229            0
 1.22529e-72            0
           0            0
2.55773e-120            0
           0            0
           0            0
           0            0
2.97343e-139            0
           0            0
8.96918e-168            0
1.52063e-190            0
           0            0
           0            0
 3.71183e-31            0
           0            0
 9.11504e-13            0
           0            0
           0            0
4.30454e-167            0
           0            0
           0            0
2.37068e-162            0
9.45747e-142            0
           0            0
 1.19645e-09            0
           0            0
1.68814e-260            0
1.23716e-174            0
           0            0
           0            0
           0            0
3.59772e-265            0
5.33796e-258            0
1.70167e-266            0
           0            0
1.26974e-151            0