  2.32317e-62  5.23234e-200
  1.02504e-16 -3.65183e-132
   2.8685e-27  1.02603e-143
  2.44898e-28 -2.11402e-122
  2.30975e-24  5.68715e-151
  3.35971e-10 -1.37562e-138
  2.81565e-27  3.62902e-154
  1.76492e-31  9.03525e-145
  1.05515e-19 -1.12372e-133
  3.67344e-11 -7.88416e-142
  3.90066e-26  4.08951e-109
  4.64451e-21  9.63804e-132
    0.0381869  6.67564e-161
  3.32902e-16  7.22008e-114
 -3.05704e-56 -1.48918e-152
    0.0252087 -2.45198e-141
  8.37583e-20 -8.22281e-125
  1.14237e-67 -1.51164e-208
  2.36758e-19 -1.24084e-147
   4.6052e-44  1.22266e-141
  6.22576e-60 -2.63737e-144
  2.15123e-26 -1.67662e-119
  2.51939e-42 -1.15867e-121
  7.38826e-26  5.65481e-100
  1.29714e-24   2.3995e-158
  1.19712e-06 -2.31627e-147
  7.74773e-29  5.22216e-113
  2.87471e-51  4.07604e-139
  1.12459e-67 -4.14284e-205
 -6.94252e-48 -1.98362e-137
    0.0261707 -2.44493e-141
  1.14351e-67 -1.51316e-208
  1.33938e-32 -1.26515e-171
  8.44638e-09 -4.74431e-147
  3.95565e-29  2.96187e-158
 -1.23338e-62 -2.02934e-115
     0.103968 -4.52486e-157
  5.79485e-35 -2.68316e-132
 -5.87756e-59   6.2895e-109
   5.9132e-61 -1.83812e-145
  7.56782e-06 -4.12179e-146
  7.86826e-22  2.18948e-151
  1.25237e-34  9.07746e-147
  7.6984e-105  1.17638e-223
  2.29849e-24  3.06775e-151
  1.71222e-07  1.06949e-146
  1.35454e-08 -5.08325e-117
  1.10384e-67 -4.06638e-205
  1.95444e-09 -7.83282e-140
  2.24412e-24  7.87734e-151
  1.66164e-25   5.1278e-150
 6.61809e-113  2.67434e-249
 -7.70615e-37 -5.57945e-164
  8.19005e-32   -4.635e-119
  8.27496e-54 -3.26633e-138
  1.47416e-15 -3.51973e-137
  2.82057e-27  3.63649e-154
  1.40298e-45  1.71438e-206
  1.93028e-76  1.49112e-156
  3.21304e-36   6.00593e-86
  1.87688e-40  1.79463e-206
  4.11645e-24  5.05663e-151
  9.37876e-60 -1.99442e-115
  2.46141e-36  4.81824e-100
  1.12817e-32  3.47774e-119
  2.41949e-58 -9.19185e-143
  7.42169e-05  1.06826e-146
  5.44253e-38  3.40752e-152
  4.82398e-23 -7.14498e-143
  7.98363e-40 -8.09854e-154
  5.43376e-33 -1.19593e-157
   1.4979e-31 -1.10131e-157
  1.21708e-11  2.25236e-145
  2.71737e-26  3.65588e-153
  3.18934e-51 -1.78913e-157
  7.93197e-38  9.53936e-113
   5.3061e-40  1.12176e-114
  1.21897e-15 -8.76374e-127
  2.18032e-58 -9.31751e-143
  1.22099e-15 -1.51273e-144
 -1.96669e-31  3.02218e-158
  4.42529e-24  3.53644e-151
 -1.23215e-62 -2.02731e-115
  1.03701e-60 -3.91274e-146
 -4.60635e-47  5.88448e-109
  3.81521e-23  5.44277e-151
  1.90052e-58  8.25164e-213
  2.23134e-24   6.2611e-151
  1.36458e-44 -1.60087e-145
  5.10502e-47 -2.63985e-144
  4.22762e-26  2.49834e-106
  5.39506e-70 -3.78747e-164
  7.60102e-06 -4.11655e-146
   1.5142e-11 -8.09968e-191
  4.45876e-13 -4.32845e-152
  2.30857e-16 -9.60045e-131
  4.34788e-07 -1.76197e-133
   -7.788e-44 -1.23861e-119
  1.45095e-10 -7.14684e-108
  2.29637e-19 -4.87013e-150
  2.35156e-26 -2.19541e-153
  1.68114e-21  3.87391e-108
  2.20234e-31  3.41739e-147
  3.35759e-11 -5.34364e-137
   0.00593638 -7.79029e-135
  2.14908e-26  -1.6767e-119
 -7.70245e-37  -1.2651e-171
  2.63747e-39 -9.19235e-126
   -3.905e-32  7.07285e-144
  1.15112e-69 -2.91551e-195
  5.76129e-37  -7.4638e-201
  1.45081e-10 -7.14617e-108
  9.17181e-19 -3.07291e-124
  6.60199e-19 -6.93763e-121
  1.89864e-18  -2.1912e-153
  2.64048e-38  4.86215e-138
  -1.0349e-68  6.50877e-220
 -1.95327e-31   2.9678e-158
  2.59727e-38 -8.40589e-177
  5.91912e-61 -1.83996e-145
  2.21461e-24  5.52639e-151
   1.2643e-12  4.43399e-130
  1.03514e-19 -1.10241e-133
   4.2167e-33 -4.40649e-147
  2.47948e-43  -1.5823e-151
  2.29392e-24  3.06418e-151
  1.92824e-24  2.35633e-149
  1.25179e-23 -1.65292e-134
  3.23052e-15 -8.88846e-133
 -7.00793e-48 -1.98561e-137
  6.32205e-43  1.12289e-206
     0.025225 -2.44934e-141
   0.00634694  1.08317e-136
  2.84594e-31 -1.05509e-127
  7.92396e-22  2.18427e-151
  6.18403e-24  3.58924e-127
    0.0251998 -2.44688e-141
  1.19685e-70  1.85717e-186
  2.18247e-58 -9.32671e-143
  2.01955e-47 -3.31984e-181
  1.45973e-63  4.14549e-191
  2.07165e-47 -2.01723e-162
  3.46245e-43  1.12299e-206
  9.81459e-27 -6.66195e-161
  2.38136e-45  -2.9851e-200
  5.78038e-35 -2.68434e-132
  1.44533e-44   2.65738e-98
  2.17132e-38  5.38006e-217
  2.88047e-51   4.0842e-139
  9.74184e-62 -3.92034e-146
  3.10522e-27  3.84285e-154
  2.33928e-26 -2.18395e-153
  2.79536e-27  3.59754e-154
  1.17536e-26    1.077e-153
   1.1375e-69  5.24329e-200
  1.03205e-31   9.0287e-145
 1.96048e-105  6.61821e-238
  2.75939e-27  3.44546e-154
  2.87768e-51  4.08025e-139
  2.66984e-59 -1.85925e-159
  4.54637e-12 -7.18159e-123
  1.56036e-43 -1.82354e-112
  7.52786e-31  3.01091e-108
 -6.30432e-59  6.29448e-109
  4.71547e-24  3.61521e-151
  2.02157e-47 -3.32317e-181
  1.86619e-59 -1.20409e-135
  5.62515e-50  1.22386e-141
   3.5245e-24  5.45147e-151
  1.74073e-28 -2.57597e-148
  2.51017e-42 -1.15967e-121
  5.76919e-51 -3.23636e-157
   2.9228e-27  3.77472e-154
    0.0251491 -2.44196e-141
  1.36379e-19   9.13347e-76
  3.35634e-10 -4.78773e-137
   2.8219e-27  3.62699e-154
  3.50752e-42  6.06694e-122
   6.0125e-33 -8.89808e-153
  7.89883e-22  2.18446e-151
  2.89418e-27  3.73325e-154
  2.20562e-21 -3.26303e-141
 -4.47044e-47  5.89031e-109
 -3.78471e-40 -1.23861e-119
  2.24851e-24  6.09867e-151
  0.000106981 -9.70028e-132
     0.107674  1.69313e-130
   1.0442e-22   1.6586e-106
  2.85849e-27  3.64383e-154
   9.7925e-39  2.98054e-152
  1.68538e-08  3.11236e-142
  3.15055e-36  1.06708e-104
  7.59083e-54 -2.88381e-138
  8.36779e-54 -3.55024e-138
    0.0251814 -2.86087e-141
  9.36637e-18  -1.0235e-143
  1.97825e-05 -1.19224e-126
  2.45484e-68  8.45632e-143
  7.57539e-06 -4.12067e-146
  2.72036e-25 -1.01592e-163
  1.48098e-31 -1.09494e-157
  6.98194e-54 -2.96226e-138
  2.52911e-42 -1.15751e-121
  5.05991e-44  2.97636e-177
   3.9547e-27 -5.83306e-147
  2.41472e-23 -1.32672e-202
  3.22248e-34   2.16437e-89
  1.33528e-06 -3.90527e-117
  8.68977e-05 -8.43773e-144
  0.000125573 -2.87594e-153
  1.19863e-15 -8.80427e-127
  2.01434e-16 -2.98087e-136
  3.22129e-36   6.02136e-86
  5.27047e-07  3.11651e-142
  2.88056e-51  4.08433e-139
  1.14067e-25   5.1099e-113
  1.73837e-65 -3.31851e-168
  5.08067e-28 -7.51848e-148
  4.34811e-68  3.26731e-203
  1.22343e-15 -1.51573e-144
  8.01995e-29   1.97641e-98
  4.44143e-70 -5.34638e-157
  7.69352e-24  2.93417e-151
  9.50604e-12  3.11885e-142
 -6.31209e-59  6.31592e-109
  1.33394e-06 -3.90136e-117
    7.898e-42 -4.69516e-163
  1.12594e-22  1.74713e-138
  2.27064e-54 -1.27914e-160
   1.4275e-82 -2.00766e-242
  8.47559e-23 -1.24521e-142
  1.24911e-55 -4.74549e-140
  2.40183e-29 -1.00628e-164
  3.68324e-11 -7.91218e-142
  1.02299e-16 -3.73808e-132
  2.25754e-24  6.08189e-151
  5.30199e-85 -2.01379e-169
  4.59063e-30 -2.99235e-106
  3.74386e-43  7.41338e-144
  5.09556e-32 -6.84484e-156
  1.51214e-05 -9.11326e-127
  1.31147e-25  1.52668e-117
   2.2434e-24  6.16732e-151
  1.25915e-14  8.36342e-110
  2.29297e-27 -9.34738e-161
  8.04653e-12 -1.19074e-131
  1.06782e-18  1.69612e-102
  2.06957e-47 -2.01521e-162
  2.25851e-24  6.11823e-151
   7.8901e-42 -4.69046e-163
  1.95607e-24  2.82448e-151
  9.86383e-07 -1.45967e-126
  7.02954e-60 -2.97784e-144
     0.496404  8.89824e-160
  0.000804752 -7.66469e-118
  1.85599e-59  6.28475e-109
 -5.28741e-31  9.98116e-144
  1.19023e-19  1.91625e-132
  1.71063e-30  8.64629e-132
  -3.7974e-31  1.93822e-140
 7.68022e-105 -7.56204e-209
  2.02525e-32   8.87686e-98
  1.70195e-55  -1.9168e-137
  4.92153e-65 -8.46329e-160
  6.19022e-24  7.81038e-130
  9.52945e-08 -1.41019e-127
  5.08067e-28 -7.51848e-148
  4.22277e-12  -6.7195e-123
  7.48649e-06 -1.06292e-145
  4.61323e-11  -9.9099e-142
  7.57045e-54 -2.88122e-138
  7.22983e-10 -6.48953e-140
  1.68518e-08  3.11863e-142
  1.14122e-67  1.90411e-205
  1.75382e-11  3.04615e-139
  1.33854e-06 -3.90133e-117
  2.00419e-16 -2.96584e-136
  2.83825e-27  3.64441e-154
  3.67201e-40 -1.23296e-135
  1.38952e-08 -1.29814e-147
    0.0849741 -8.05093e-132
  4.52135e-31 -5.76249e-136
  1.87688e-40  1.79463e-206
  7.57803e-54  -2.8841e-138
  3.50986e-42  6.06088e-122
 -3.00778e-46  4.01781e-152
  3.43848e-43  1.12075e-206
  2.11278e-09 -8.46744e-140
  2.01716e-16 -2.98503e-136
  1.29455e-24   2.3947e-158
  2.90473e-51 -1.44594e-119
  1.75557e-11   3.0431e-139
  3.86755e-11 -7.89887e-142
  2.05415e-37 -3.89169e-144
  5.72099e-51 -5.61946e-154
  1.74844e-46 -5.28567e-155
  1.22211e-15 -8.78667e-127
  1.27683e-42   2.0366e-167
  2.40648e-21 -2.59108e-144
  1.21365e-23   5.4587e-151
  1.28721e-60 -4.48186e-145
  2.90763e-51 -1.44739e-119
  8.74782e-18 -1.39308e-137
  1.13516e-69  5.23249e-200
  5.86049e-64 -1.56546e-151
  3.36431e-11 -4.10153e-135
  1.60899e-25  4.96334e-150
 7.67254e-105 -1.39627e-208
  -4.0706e-56 -1.98906e-115
  2.62276e-09 -8.12602e-140
   1.1293e-32  3.11136e-119
  6.15606e-36   1.22361e-85
  2.52313e-40 -2.91133e-154
  0.000125573 -2.87595e-153
  9.03216e-16 -1.68262e-142
  1.71249e-30  8.63764e-132
  7.60233e-54 -2.88818e-138
  3.72259e-11   -7.891e-142
     0.495823  8.94179e-160
  6.49343e-36   1.22128e-85
  1.12481e-22  1.74538e-138
  4.69392e-14 -2.02836e-148
     0.419485 -8.13394e-129
  9.94751e-81  1.41045e-168
 -3.90891e-32  7.07993e-144
 -1.39771e-45  5.88446e-109
  9.86383e-07 -1.45967e-126
   1.3496e-39 -4.65827e-119
  1.83803e-31  9.02622e-145
  6.98901e-54 -2.96526e-138
  2.51029e-60 -1.11398e-158
  2.40213e-17 -2.30725e-156
  6.98202e-54 -2.96229e-138
   6.6529e-36   9.0443e-145
  2.70844e-40  1.86135e-140
  2.07621e-36 -8.41159e-163
  3.22972e-11 -1.51425e-144
  1.42791e-82 -2.05209e-242
  2.02451e-42  1.93339e-121
  6.07026e-10  5.34973e-126
  9.82566e-27 -6.66862e-161
  1.16841e-31  2.23153e-130
  2.91054e-51 -1.44884e-119
    0.0261969 -2.44738e-141
  1.26304e-12  4.43847e-130
 -3.01079e-46  4.02183e-152
  -3.8604e-70  1.07953e-154
  1.70025e-55 -1.91488e-137
  3.44192e-43  1.12187e-206
   6.8605e-19  1.47374e-141
  1.15375e-12   4.27898e-73
  1.79241e-09 -7.26366e-136
    0.0261451 -2.44253e-141
 -4.47491e-47  5.89621e-109
  2.65788e-24 -4.49336e-119
  2.83941e-31   1.90139e-87
  9.60126e-12  3.67162e-135
  2.23971e-24  6.02482e-151
  6.85433e-29 -1.07445e-129
 -3.85654e-70  1.07845e-154
  9.64908e-34  5.63969e-108
  2.18964e-06 -3.24028e-126
  5.72083e-49  1.72192e-206
  7.61759e-54 -2.89398e-138
  1.25263e-23 -1.65457e-134
  0.000427885 -1.76421e-130
      0.50025  3.90373e-151
  7.78759e-42  3.11615e-119
  1.14773e-36  3.91776e-112
  9.71473e-37  -1.1075e-169
  1.27752e-09  1.51436e-106
 -7.71391e-37  -1.2664e-171
  9.07056e-24  3.57178e-151
   3.1604e-37  2.33729e-195
  5.72099e-51  -4.8303e-145
  1.08704e-62 -2.20021e-134
  2.82721e-28 -6.44594e-144
  2.11624e-09 -8.48104e-140
   1.3542e-61  1.92011e-149
  1.18125e-37  -1.6976e-197
  1.05301e-19 -1.12144e-133
  5.83056e-34 -1.19717e-157
  4.80238e-55 -1.82446e-139
  5.47823e-11  -1.6962e-136
  2.57218e-24   5.4162e-151
  2.18964e-06 -3.24028e-126
  2.34686e-26 -2.19102e-153
  5.64262e-33  -1.0126e-146
  6.12918e-33 -6.44368e-147
 -3.05398e-56 -1.48769e-152
  4.52688e-27   5.0513e-154
  1.12707e-22  1.74888e-138
   1.9544e-24  2.82493e-151
     0.107781 -4.03193e-152
   2.0891e-19 -1.24305e-147
  8.67378e-05  -8.4222e-144
    9.092e-60  2.44802e-111
 -1.41906e-24  9.73803e-140
  9.09244e-34 -1.91817e-133
  1.49217e-31   1.97641e-98
  1.31023e-25  1.94162e-115
  2.01636e-16 -2.98385e-136
  2.42435e-58  -9.2103e-143
  1.17341e-13 -4.83808e-140
  1.52107e-15 -4.45553e-139
   3.1945e-51 -1.79203e-157
     0.499731 -4.67193e-137
  2.51595e-09  1.51254e-106
   5.8441e-14 -6.72498e-150
 -3.90889e-32  7.07993e-144
  2.45534e-06  9.62835e-132
  8.43373e-09 -4.73956e-147
  0.000802271 -8.62656e-118
 -1.02873e-82  1.49269e-156
  9.60371e-24   2.9416e-151
  5.70384e-51 -3.22675e-157
  2.23899e-24  3.07219e-151
 -7.01496e-48 -1.98759e-137
   2.6939e-24 -4.63241e-119
  1.11169e-12   3.48231e-65
  1.14137e-25  5.10479e-113
  1.40894e-72 -5.35173e-157
  3.77344e-24  5.14036e-151
  2.14908e-26 -1.67494e-119
  3.15724e-37  2.33495e-195
  6.65956e-36  9.05335e-145
  2.01834e-34  3.01091e-108
  2.29192e-24  3.27215e-151
  6.37328e-23  3.16801e-151
  1.30321e-26  5.66019e-100
  2.11081e-09 -8.53578e-140
  1.35441e-38 -1.79605e-162
  1.11009e-38  5.12851e-129
  3.56004e-43  1.11851e-206
  8.11931e-55 -3.77048e-152
  9.08941e-14  1.90946e-150
  8.53611e-21  4.85949e-140
  1.21708e-11  2.25236e-145
   4.6694e-24 -6.55338e-144
  3.03986e-42 -1.99009e-158
  1.39231e-08 -1.30074e-147
  0.000195322  -5.6441e-140
  2.36538e-19  -1.2396e-147
  1.01818e-12 -6.05283e-134
  3.68073e-36  2.23377e-130
 -1.43213e-24 -9.00702e-140
  3.35258e-24  3.21512e-151
  3.91503e-24 -5.79355e-144
  2.79913e-18  -7.1595e-108
  3.55653e-07  7.54136e-141
  3.10718e-05 -1.28111e-131
  2.16117e-11 -2.38327e-129
  5.13362e-12 -7.79519e-132
  7.79654e-55 -5.43776e-145
  4.34811e-68  3.26731e-203
 7.71397e-105  1.17638e-223
  2.18964e-06 -3.24028e-126
  2.26018e-27 -3.34467e-147
  6.74408e-32  2.69742e-109
   2.4573e-68  8.44787e-143
  5.77731e-46 -3.44048e-201
  5.58666e-12 -8.26727e-132
    0.0251746 -2.44444e-141
  6.59128e-57   2.6239e-136
  1.36185e-44  1.40753e-133
    0.0381512  6.66918e-161
   3.3357e-16   1.0354e-121
  -3.7885e-40 -1.23985e-119
  2.30344e-32 -4.65827e-119
  5.81114e-70 -1.78543e-155
  5.77153e-46 -3.43818e-201
  2.04068e-21  4.44894e-108
   3.0429e-42 -1.99208e-158
  1.37435e-18 -6.98373e-144
  2.68574e-24 -4.61852e-119
   2.3492e-26 -2.19321e-153
 -4.51008e-58  9.99533e-111
  3.02428e-22  1.12816e-151
  2.25012e-42  5.03998e-163
  1.40633e-72 -5.34116e-157
  2.84464e-13 -1.20872e-154
  3.77497e-12 -5.96307e-123
  3.49912e-26   4.7872e-153
 -1.41764e-24  9.72876e-140
  9.36637e-18  -1.0235e-143
  1.22016e-15 -8.77251e-127
  1.61753e-06 -6.99855e-134
  2.26019e-27 -3.34467e-147
  8.67194e-19 -1.28329e-138
  1.20643e-11 -6.89239e-135
  2.47196e-24  5.52883e-151
   2.2205e-24  5.73809e-151
  1.97462e-60 -1.00226e-147
  1.19836e-06 -2.31399e-147
  1.16558e-33 -1.21886e-119
  2.19183e-06 -3.24352e-126
 -5.77471e-47  -6.4454e-157
  1.17224e-13 -4.83325e-140
  3.36095e-11 -5.34899e-137
  1.21587e-11  2.25011e-145
  1.18969e-15  8.27625e-142
  2.27519e-54  -1.2817e-160
  4.22339e-26  2.49585e-106
  9.37574e-18 -1.02453e-143
  6.22264e-30 -1.81993e-140
     0.102049 -5.74977e-156
  5.63091e-50  1.22511e-141
  1.70965e-34 -9.54203e-136
  1.01392e-09  8.07808e-142
  4.33018e-43    2.1671e-89
  1.03392e-19 -1.10111e-133
  2.61627e-24  5.48235e-151
  1.06622e-59 -5.80376e-145
  9.02243e-47 -6.60021e-116
  6.81328e-19  1.77661e-124
  9.43176e-24  5.38091e-151
    0.0381417 -1.45932e-160
  1.41159e-72 -5.36179e-157
  4.56282e-95  4.98419e-164
  2.71493e-25 -1.01538e-163
  1.51214e-05 -9.11326e-127
  4.35247e-68  3.27058e-203
  1.59719e-34  1.64869e-110
  7.60994e-54 -2.89107e-138
  5.72656e-49  1.71896e-206
  5.77498e-51  -3.2396e-157
  1.31264e-25  1.52821e-117
  9.15391e-12  3.11554e-142
  5.64827e-33 -1.01367e-146
  1.05607e-37  5.61125e-111
  2.24787e-42  5.03494e-163
 -5.28212e-31  9.97118e-144
  1.58846e-08  2.93964e-142
  7.59473e-54 -2.88529e-138
  2.69899e-18 -3.49629e-182
  1.74113e-42 -7.05591e-169
 -5.20579e-31  1.02748e-143
  2.46977e-24  5.52325e-151
  3.23546e-24  5.15069e-151
  3.68074e-11 -7.90681e-142
  3.85671e-24 -6.28298e-143
 -1.11906e-56   9.5602e-127
  7.60183e-25  4.22894e-102
 -1.16803e-25  8.40364e-126
  4.33485e-07 -1.75669e-133
  5.61952e-50  1.22263e-141
   1.5573e-43 -1.56169e-112
  7.92404e-38   9.5489e-113
  3.59533e-06 -1.98646e-121
 -7.79299e-24  9.71902e-124
  7.75225e-32 -4.63963e-119
  4.99427e-07 -4.45465e-139
    0.0392704  5.54282e-161
  1.21491e-54 -6.81876e-161
  5.71526e-51 -3.57466e-148
  1.17107e-13 -4.82841e-140
 -1.23461e-62 -2.03137e-115
  4.03327e-68  1.96915e-146
 -7.80079e-24  9.66486e-124
  1.24938e-55 -4.74651e-140
  1.39092e-08 -1.29944e-147
  2.63886e-42 -6.58029e-176
  2.95346e-31 -1.05404e-127
  2.20454e-31  3.42081e-147
   1.0122e-14  1.63157e-110
  1.96154e-22 -1.04926e-201
  8.04653e-12 -1.19074e-131
  2.40213e-17 -2.30725e-156
  2.06183e-37 -1.33043e-113
  4.57369e-30 -2.95126e-106
  2.26216e-05 -1.34355e-126
  2.50778e-60  -1.1136e-158
 -1.96866e-31   3.0252e-158
  1.12594e-22  1.74713e-138
  4.45635e-17 -1.08505e-128
  3.15359e-36  1.06815e-104
  2.14907e-26 -1.67494e-119
  -9.3281e-43  1.09476e-113
  4.95738e-27  3.80237e-139
 -2.43818e-66 -9.49163e-235
  5.71526e-51 -3.23321e-157
  3.88719e-24 -2.34262e-145
  8.17581e-57  2.62125e-136
   1.2504e-55 -4.75037e-140
  2.02653e-42  1.93533e-121
  6.54592e-29 -2.98936e-106
  2.84762e-13 -1.81016e-148
  2.05977e-37  -1.3291e-113
 1.96048e-105  6.60498e-238
  0.000427869 -1.76414e-130
   6.6345e-27  6.66975e-154
  8.04653e-12 -1.11525e-131
  2.86136e-27  3.64749e-154
  9.93756e-81  1.40904e-168
  2.62721e-06 -1.44505e-121
   4.5166e-12 -7.19114e-123
  9.83425e-27 -6.67529e-161
  3.64543e-18 -7.91676e-144
  1.19023e-19  1.91625e-132
  9.93756e-81  1.40904e-168
 -1.16959e-25  8.40364e-126
  1.01493e-09  8.08617e-142
  2.21254e-24  5.52669e-151
 -2.43331e-66 -3.89019e-173
  2.10013e-09  3.88655e-143
   2.8248e-27  3.63333e-154
  2.11688e-16 -3.13261e-136
  6.84033e-39  3.36591e-144
  1.37573e-18 -6.99072e-144
  2.38228e-45  1.65456e-177
  2.86563e-27    1.025e-143
  2.68843e-24 -4.62314e-119
  2.17352e-38 -1.01249e-217
  5.80647e-35 -2.68852e-132
  7.39687e-06 -4.19272e-146
  1.16989e-13 -4.82358e-140
  4.78511e-08 -1.97295e-134
  7.39687e-06 -4.19272e-146
     0.101865 -5.76059e-156
  1.19805e-70  1.85903e-186
  -1.0349e-68 -1.09194e-211
  1.52194e-15 -4.45999e-139
  2.24938e-30 -5.33742e-157
  1.87688e-40  1.79463e-206
  2.17681e-56 -8.26987e-141
  9.05964e-16 -1.70146e-142
  1.20522e-11  -6.8864e-135
  2.89553e-27  3.73517e-154
  4.25412e-45  2.06775e-110
  2.42064e-25  1.06847e-137
  3.67711e-11 -7.89203e-142
  8.80276e-21 -1.91169e-146
  1.70983e-07  1.07074e-146
  3.15675e-36  1.06921e-104
   1.1087e-67 -4.07724e-205
  2.25231e-31 -2.98732e-155
   2.4807e-54  1.47298e-134
  1.36985e-19 -3.72205e-133
  7.52187e-06 -2.85133e-144
  2.02451e-42  1.93726e-121
  1.30892e-25  1.93968e-115
  7.03658e-60 -2.98082e-144
  2.17134e-38 -1.01147e-217
 -3.90891e-32  7.07993e-144
  8.19758e-43   2.56785e-95
  9.75152e-62 -3.91666e-146
  1.10494e-67 -4.07045e-205
  1.60949e-25  4.96484e-150
  0.000107087 -9.70999e-132
  8.38646e-32  7.33317e-119
  2.20342e-21 -3.26055e-141
  1.25789e-14  8.35506e-110
  2.22222e-24  5.72244e-151
  3.23744e-44  5.89566e-154
  8.00627e-23  4.03263e-154
  1.05611e-37  1.76284e-136
  4.46081e-17 -1.08614e-128
  2.25183e-31  -3.4068e-155
 -1.17076e-25  8.41205e-126
  6.97575e-21  3.61211e-141
 -8.15689e-59  6.53077e-174
  7.79538e-42  3.11927e-119
  3.23362e-45  5.01763e-161
  8.12509e-24  3.57339e-151
  4.37323e-35 -5.12264e-136
  1.31257e-18  2.86161e-105
  0.000420356 -1.73747e-130
  0.000126984  1.43529e-131
   8.3678e-54 -3.64336e-138
  5.75553e-37 -7.45634e-201
  4.25818e-45  2.06982e-110
   7.5064e-49  2.35134e-101
 -8.17632e-59  4.89594e-228
  7.77981e-42  3.11304e-119
   3.6777e-11 -7.90029e-142
  2.29068e-27 -9.33803e-161
      0.10197 -6.07727e-156
  7.88303e-22   2.1801e-151
  4.42257e-33  2.83585e-108
  -4.9764e-35   9.8153e-124
  1.10898e-38  5.12338e-129
   0.00014445 -7.97431e-142
  4.10586e-67 -8.46935e-152
  3.01193e-38 -4.00753e-159
    0.0251747 -2.52988e-141
  2.86205e-24  5.18092e-151
  1.19699e-23  2.21483e-157
  2.26245e-27 -3.34802e-147
 5.47754e-113  2.67432e-249
   0.00455647  7.77612e-137
    0.0251239 -2.43952e-141
 -2.71578e-49  6.28187e-109
  4.58721e-30 -2.99662e-106
 -4.47044e-47  5.88897e-109
  1.42768e-82 -1.69031e-242
  -4.9764e-35   9.8153e-124
 -5.78049e-47 -6.45186e-157
  6.21952e-60 -2.63473e-144
  2.26462e-05 -1.34626e-126
  3.89107e-24 -2.34497e-145
  5.62559e-50  1.22389e-141
  1.11055e-12   7.20949e-89
  1.40495e-72 -5.33592e-157
  2.14065e-42 -8.41684e-140
  1.11169e-12    1.5082e-69
  4.73128e-33 -7.00145e-153
  4.95242e-27  3.79857e-139
   1.9026e-64  5.72668e-222
  3.58165e-46  1.22389e-141
  1.33528e-06 -3.90527e-117
  3.08137e-28   3.7539e-139
  5.80068e-35 -2.69377e-132
  2.74164e-24  5.41387e-151
   1.6424e-24  7.09205e-149
  1.19452e-06  2.46627e-147
  5.40148e-10 -2.01892e-140
  6.14432e-36   1.22374e-85
  2.69112e-24 -4.62778e-119
  1.00208e-26 -9.61002e-131
  2.86848e-24   5.1753e-151
  1.14983e-32  1.04776e-113
  4.45189e-17 -1.08397e-128
  5.58108e-12   -8.259e-132
  1.27811e-42  2.03453e-167
  7.54164e-54 -2.34432e-138
  1.11497e-10 -5.96416e-190
  1.47662e-20  3.21812e-107
  7.78874e-55 -5.43233e-145
  1.92617e-24  6.86298e-149
  9.78263e-12 -1.11524e-144
  3.95075e-27 -5.82723e-147
  8.63762e-22 -1.36085e-165
  5.86748e-15 -5.69745e-154
  7.61746e-54 -2.89393e-138
  1.03528e-19 -1.53204e-139
  2.72216e-67  2.56849e-144
  1.20904e-13 -1.08524e-143
  3.61366e-27  3.66512e-154
  3.81816e-33 -2.27304e-154
  1.33795e-06 -3.90526e-117
 2.74797e-105  6.59837e-238
  3.06017e-35  2.12791e-109
  1.21465e-11  2.24786e-145
 -1.03103e-68 -1.75393e-211
  7.70114e-24  2.93585e-151
 -5.37543e-59  6.27565e-109
  3.01495e-38 -4.01154e-159
  9.17131e-12  3.12206e-142
  9.61087e-12  3.67542e-135
  6.22575e-60 -2.63737e-144
  1.69062e-09  2.62335e-125
  1.41015e-72 -5.35633e-157
  3.67588e-11 -7.89636e-142
    2.841e-27  3.64803e-154
  3.71936e-09  -4.9513e-148
   1.4524e-10 -7.15399e-108
  1.49367e-31   1.97839e-98
  6.99876e-06  2.13995e-133
  2.41713e-23 -1.32797e-202
  3.36767e-11 -4.10564e-135
  7.59584e-54 -2.88571e-138
  6.28021e-46  8.26918e-126
  2.81352e-23  3.66985e-151
  1.15394e-34 -5.11219e-136
  1.18243e-37  -1.6993e-197
  4.83644e-51 -5.62309e-194
   3.3665e-10 -6.81658e-144
  4.34788e-07 -1.76197e-133
 5.47805e-113  7.60533e-223
  2.89019e-51  4.08025e-139
   8.0667e-16   1.85639e-97
   0.00634059  1.08209e-136
-1.35324e-102 -1.39487e-208
  7.60987e-54 -2.89104e-138
  1.51134e-54   5.0723e-142
 -8.18451e-59  4.90085e-228
 -6.29409e-59  6.28195e-109
 -6.14638e-44 -4.05155e-119
  1.05106e-35 -2.07235e-159
  2.96036e-62 -1.12462e-146
  2.20014e-31  3.41397e-147
  6.18895e-63 -4.09145e-154
  6.45739e-23   3.1469e-151
 -2.43574e-66 -2.34824e-219
  3.44592e-43  1.12412e-206
  2.12492e-34  1.07412e-114
  0.000125454 -2.89251e-144
    2.477e-43 -1.58072e-151
  0.000428313 -1.76598e-130
  5.80065e-35 -2.68584e-132
  2.26235e-05 -1.34491e-126
  4.23499e-69  5.26369e-200
  1.35012e-40 -1.59926e-145
  1.31284e-10 -5.88869e-132
  3.86057e-24 -5.71296e-144
  7.75549e-29  5.22739e-113
  4.76878e-30 -1.19009e-157
  1.42648e-82 -2.05003e-242
  4.47476e-52 -1.01365e-115
  2.83004e-28 -6.45239e-144
   3.6231e-67 -1.03945e-162
   0.00274351 -2.57284e-142
  3.47727e-30  2.96483e-158
 7.67254e-105 -2.28976e-192
   2.5638e-24  5.51083e-151
 -1.12018e-56  9.55073e-127
 -4.97143e-35  1.47922e-123
  8.81763e-14  1.91137e-150
  1.04998e-35 -6.67108e-157
  6.98245e-21  3.60777e-141
  3.67706e-11  -7.8989e-142
  9.12412e-25 -1.35021e-144
  1.34995e-39 -4.65827e-119
  1.16873e-13 -4.81876e-140
   0.00594216 -6.13512e-142
  2.09116e-19  -1.2443e-147
  0.000803929 -7.65686e-118
  5.64244e-47 -6.60684e-116
 -2.44062e-66             0
  5.07558e-28  8.13516e-106
  2.25036e-31  -2.9843e-155
   6.4467e-69 -2.44907e-153
     0.104198 -3.74959e-157
  1.20046e-44  6.26297e-109
  1.20287e-44  6.27552e-109
   2.2315e-24   7.3191e-149
  5.99404e-26 -1.58838e-158
  3.80232e-24  5.38421e-151
  4.51209e-12 -7.21115e-123
  8.89024e-05 -8.63238e-144
 -3.91282e-32  7.08701e-144
  1.01719e-28 -4.62323e-131
 -4.61097e-47  5.89037e-109
  3.67339e-11 -7.89102e-142
  2.01924e-16 -2.98812e-136
  3.35299e-10 -3.75111e-133
  2.66094e-24  5.51157e-151
  0.000125699 -2.87882e-153
  3.88148e-24   5.2995e-151
  6.51718e-81  9.19971e-169
  8.23523e-54 -3.12788e-138
  1.13726e-67  2.37393e-205
  2.83795e-27  3.60881e-154
  2.84271e-23  1.29996e-122
  3.43418e-24  3.47029e-151
  2.85612e-27  3.64465e-154
  2.63483e-39 -9.12007e-126
  1.21476e-54 -6.81793e-161
  1.40775e-72 -5.34655e-157
  4.66343e-28 -1.54954e-113
  2.37989e-45 -5.07004e-193
    0.0848891 -8.04288e-132
  8.54466e-21  4.86435e-140
  2.45909e-20  2.64668e-151
  2.61603e-53  3.02261e-155
  2.36943e-19 -1.24207e-147
  4.51658e-12 -7.19118e-123
  9.82441e-27 -6.66862e-161
  3.71564e-09 -4.94634e-148
  3.32068e-27 -1.34575e-153
  8.44217e-09 -4.74431e-147
  2.51687e-42 -1.15751e-121
  3.77119e-12 -5.95711e-123
  1.40233e-15 -1.51258e-144
   0.00100219 -1.48307e-123
  2.26234e-05  -1.3449e-126
 -3.86427e-70  1.08061e-154
    0.0227665 -2.21039e-141
  0.000125457 -2.87324e-153
 -9.33744e-43  1.09367e-113
  3.23038e-45  5.01261e-161
  7.56437e-06 -4.11706e-146
  6.97182e-54 -2.95789e-138
  9.12217e-42  5.41652e-122
  0.000427448 -1.76615e-130
  1.04959e-23  -1.5869e-158
  6.84717e-39  3.36928e-144
  4.68978e-17  -7.1595e-108
  9.75694e-26 -6.65614e-161
  2.63662e-24  5.40537e-151
  5.11013e-47 -2.51699e-144
  1.79464e-32 -1.19474e-157
  8.05458e-12 -1.19194e-131
  2.28464e-23 -1.93592e-137
  4.03731e-68  6.33288e-164
  3.16289e-15 -8.89742e-133
  1.21586e-11  3.41408e-135
  2.01312e-16 -2.97932e-136
  2.35578e-26 -2.22033e-153
  4.73601e-33 -7.00846e-153
   2.4126e-57 -8.17245e-198
  1.40283e-17  8.32727e-151
  2.63358e-24  5.42882e-151
  8.63284e-99 -4.77416e-205
  1.68805e-60 -1.45669e-160
  4.58404e-36 -4.51381e-150
  1.18362e-37 -1.70101e-197
  7.34025e-26  1.29541e-112
   6.6086e-19  -6.9446e-121
   2.4614e-28 -2.12841e-122
  7.33481e-26  1.29392e-112
  3.34964e-10 -3.74915e-133
  2.67251e-59 -1.85799e-159
  6.68254e-69  3.01068e-155
  4.96601e-06 -1.55506e-144
  6.47766e-17   1.1141e-149
  3.59174e-06 -1.98448e-121
  4.04135e-68  6.32617e-164
   5.1566e-25  8.31195e-121
  0.000426872 -6.66262e-130
  2.72768e-41  1.06048e-140
  2.00905e-21   3.1433e-118
  1.19471e-06   -2.248e-147
  1.83687e-15 -7.44387e-142
  2.30035e-36 -3.04833e-199
  8.11119e-55 -3.76671e-152
  2.01823e-34  3.00983e-108
  3.01198e-45 -1.26154e-169
  1.73663e-65 -3.31519e-168
  2.64145e-42  2.33767e-195
  4.79049e-08 -1.97293e-134
  2.22204e-67 -3.20934e-153
   1.4452e-66  -1.5775e-151
  2.88345e-51  4.08842e-139
 -2.50437e-50  9.75812e-123
  2.82734e-27  3.63741e-154
  2.95883e-22  5.47567e-156
 -4.98139e-35  9.82512e-124
  4.55825e-95   4.9792e-164
  1.10981e-67 -4.08839e-205
  1.38435e-18  1.27283e-114
  3.67585e-11 -7.89413e-142
  7.00577e-06 -4.11943e-143
  5.70955e-51 -3.22998e-157
  7.02243e-60 -2.97486e-144
  5.31141e-40  1.12288e-114
  1.01821e-28 -4.62786e-131
  1.12819e-22  1.75063e-138
  2.01514e-16 -2.98205e-136
   1.5588e-43 -1.82536e-112
  5.08067e-28 -7.51848e-148
  2.06751e-47 -2.01328e-162
  2.18354e-05  1.01614e-133
  4.96089e-06  -1.5535e-144
  1.19142e-19  1.91817e-132
  2.23233e-24  5.56545e-151
  7.50623e-06 -4.10585e-146
  8.80882e-14  1.91354e-150
  5.15971e-60 -1.56339e-151
  1.55996e-43 -1.98601e-111
 -8.95922e-47  3.31895e-111
  2.01956e-47 -3.31643e-181
  7.14143e-77  5.94471e-227
  3.24468e-39  1.12064e-114
  2.01111e-16 -2.97634e-136
  5.40438e-13 -4.62323e-131
  9.38373e-60 -1.99642e-115
  4.03731e-68  6.31985e-164
  3.20982e-36   5.99992e-86
   1.2183e-11  2.25462e-145
  1.99701e-25 -4.65444e-119
  4.35224e-07 -1.76374e-133
  1.82662e-34 -5.44101e-146
  2.10952e-87  2.38231e-178
  5.63078e-50  1.22508e-141
  8.13388e-24  3.57671e-151
  6.20266e-27   8.3421e-154
  2.25153e-30 -5.34238e-157
  2.01735e-34  3.00943e-108
     0.103578 -1.43241e-153
  1.42361e-29  9.89837e-156
  2.61639e-24  5.40496e-151
  8.79747e-08 -5.83391e-147
  1.68348e-08  3.11548e-142
   4.7899e-08 -1.97492e-134
  1.27635e-12  1.66905e-111
  4.33339e-24   3.7243e-151
  6.40459e-18  7.63519e-143
  3.90892e-53 -1.56853e-157
  1.31046e-10  3.67149e-135
  6.06628e-88  6.61156e-238
  4.78033e-08 -1.97097e-134
  5.72098e-51 -3.23645e-157
  5.83423e-34 -1.19838e-157
  2.82336e-27  3.64009e-154
  1.65739e-55 -1.56339e-151
  2.96179e-22  5.48115e-156
  7.23566e-69 -2.74888e-153
  4.21249e-33 -4.40209e-147
  7.65448e-13 -3.77021e-110
  1.54896e-61 -1.20388e-199
  1.14465e-67 -1.51169e-208
  4.42972e-24  3.53998e-151
  2.90763e-51 -1.44739e-119
  7.32748e-26  1.29262e-112
 -1.03594e-68  6.51578e-220
  4.50138e-46 -9.84391e-141
  2.18573e-05  1.01715e-133
  7.97816e-10 -7.88334e-142
  2.24173e-24  6.00549e-151
  4.33919e-07 -1.75845e-133
  8.90804e-05 -8.64967e-144
  3.11659e-56 -1.18402e-140
 -2.97235e-59 -1.98706e-115
   6.2865e-46  8.26091e-126
  2.57352e-54  1.93187e-143
  9.73327e-33 -1.25716e-112
  8.64148e-99 -4.77894e-205
  3.44247e-43  1.12299e-206
  6.68923e-69  3.01369e-155
    0.0261189 -2.44009e-141
  4.60111e-33  7.13958e-149
    7.384e-16   -1.866e-137
  1.68316e-44  1.44715e-107
  1.13543e-69 -5.06533e-189
  1.23581e-11 -5.42985e-123
  6.84747e-29 -1.07337e-129
  9.92762e-81  1.40763e-168
  -1.4317e-47 -7.15089e-144
  3.78075e-80 -1.43318e-164
 -5.29271e-31  9.99116e-144
     1.05e-35 -2.07411e-159
  3.20301e-27  3.98317e-154
  2.99714e-50  1.93187e-143
  1.47642e-34   1.22123e-85
  1.02606e-16 -3.65549e-132
  1.62826e-44  8.37181e-110
  5.69202e-35 -1.97817e-111
    0.0122582 -6.56836e-132
  5.83826e-14 -6.71825e-150
  5.72656e-49  1.71896e-206
  4.08712e-33  5.66596e-100
  2.77562e-24  5.32691e-151
   1.6633e-25  5.13293e-150
  5.13668e-28   3.0079e-108
  6.09656e-40  1.79466e-206
 -4.02929e-31  4.41254e-142
  8.35554e-46 -1.03064e-125
  5.72084e-49  1.71724e-206
      0.49975   3.9074e-151
 -6.15253e-44 -4.05561e-119
  2.71115e-40  -1.5904e-145
  6.51076e-81  9.19051e-169
  7.60233e-54 -2.88818e-138
 1.96244e-105  6.61159e-238
  8.81157e-21  -1.9136e-146
     0.423711  7.32763e-168
  0.000212666  3.54843e-135
  1.19023e-19  -4.9459e-130
  2.11066e-09 -5.63113e-139
  1.92691e-24  2.38301e-149
  7.56782e-06 -4.11655e-146
  1.10947e-12         0.001
  2.83826e-27  3.64452e-154
  3.02839e-24  3.15133e-143
  1.09076e-55 -4.14387e-140
   6.6652e-19 -4.79274e-121
 -1.43395e-47 -6.98479e-144
  4.53627e-39 -1.83832e-165
  2.26412e-24  5.88768e-151
  5.06326e-44  2.97838e-177
  1.03101e-31  9.01968e-145
  0.000427876 -1.76792e-130
  8.78329e-13  -1.5838e-143
  1.45924e-38 -1.59254e-167
  1.55008e-50  6.49727e-138
  5.79485e-35  2.61075e-121
  3.59502e-55 -1.99392e-115
    3.015e-45  -1.2628e-169
  8.15449e-40 -2.34287e-114
  2.01514e-16 -2.98205e-136
 -8.16505e-59  8.15665e-228
  1.13657e-69  5.27405e-200
   1.0632e-14 -4.45309e-139
     0.491664  4.60065e-156
  3.98128e-08  1.08306e-143
  2.23611e-24  6.16399e-151
    0.0251999 -2.44689e-141
  1.27625e-09  1.99677e-106
  1.35095e-39 -4.66294e-119
  2.05301e-16  7.44793e-147
  2.34786e-73 -1.68717e-159
  3.40907e-26  2.33494e-106
   0.00041687 -1.71865e-130
   2.8824e-27   3.6837e-154
    6.411e-18  7.64283e-143
  2.85033e-13 -1.59537e-148
  8.01183e-23  4.02863e-154
  5.87924e-15 -5.70886e-154
  1.05603e-19 -1.12485e-133
  1.87876e-40  1.79642e-206
     0.135659  2.66779e-135
   7.8901e-42  7.70292e-158
  9.32085e-08 -9.05051e-147
   7.2455e-61  -8.2131e-198
  2.40454e-17 -2.30956e-156
  2.80193e-18 -7.16667e-108
        0.001  -3.4928e-182
  5.87336e-15 -5.70315e-154
  1.95628e-24  2.82773e-151
  7.69266e-24  2.93332e-151
  2.22026e-24   5.6367e-151
  4.10637e-67 -8.46414e-152
  2.67298e-32  1.98843e-195
   9.8737e-07 -1.46113e-126
  1.13543e-69  5.26413e-200
  8.39887e-54 -3.54703e-138
   1.3532e-13 -2.41293e-127
  1.12706e-22  1.74888e-138
  2.85565e-27  1.30004e-128
    9.115e-25 -1.34886e-144
  1.82004e-69 -4.86487e-154
   2.6467e-42  2.33701e-195
  1.74669e-46 -5.28039e-155
  3.90558e-53 -1.56696e-157
  2.11688e-16 -3.13261e-136
  1.42219e-29  9.88847e-156
  5.63091e-50  1.22549e-141
  2.03591e-24  1.59805e-149
     0.498021  3.01765e-139
 -7.41708e-37 -1.26385e-171
  3.35378e-11 -5.33758e-137
  2.00619e-16 -2.96881e-136
  3.10803e-26   1.7626e-145
  2.01064e-24  2.86759e-151
   3.0817e-13 -3.77212e-124
   3.6881e-36 -1.10003e-134
  0.000363344  -1.4981e-130
  5.99631e-41  2.17665e-134
  4.92646e-65 -8.47176e-160
  4.51207e-12 -7.18399e-123
  1.51365e-05 -9.12238e-127
   5.3061e-40  1.12176e-114
  4.06582e-13 -5.82161e-137
  2.34552e-73 -1.68548e-159
  2.23534e-24  5.86145e-151
  1.88549e-33  1.78357e-204
  3.69134e-36 -1.09871e-134
   1.1128e-12 -3.90415e-106
   4.3445e-07  -1.7606e-133
  0.000427885 -1.76421e-130
   1.1958e-23  2.21262e-157
  9.86383e-07 -1.45967e-126
  7.39005e-34   9.0443e-145
  8.35338e-27 -2.48869e-138
 -1.03594e-68  6.51579e-220
  6.65854e-19 -4.78794e-121
  2.84068e-27  3.61227e-154
  4.51683e-31 -5.75673e-136
   1.1946e-23  2.21041e-157
  7.40427e-06 -4.19692e-146
 -5.28741e-31  9.98117e-144
  5.29669e-85 -2.01177e-169
  3.78453e-80 -1.43462e-164
 -6.18772e-44 -4.05967e-119
  7.89093e-22  2.18228e-151
  8.31811e-40  1.10287e-114
 -8.17322e-59  5.41422e-228
  7.58825e-54 -2.88283e-138
  4.03327e-68  4.00783e-157
  0.000419923 -2.17153e-130
  1.50653e-23 -2.22939e-143
  5.57768e-26  7.94908e-153
  2.15174e-67 -4.44869e-155
 -8.96831e-47 -1.99244e-115
  2.69121e-24 -4.62778e-119
   2.6284e-52 -2.21918e-146
  5.72655e-49  1.72365e-206
  8.68931e-19 -1.28586e-138
  5.11525e-47 -2.51951e-144
  5.80533e-70 -1.78365e-155
  5.09091e-32 -6.83799e-156
  5.73245e-51 -3.24285e-157
  1.71661e-19  9.80406e-124
  7.10393e-05  -6.2317e-143
  1.83242e-16  3.89434e-115
  2.71764e-25 -1.01491e-163
  1.05124e-20  8.39524e-126
  1.19592e-06 -2.32391e-147
   8.7729e-13 -1.58539e-143
  9.12209e-42  5.41652e-122
  3.15973e-15 -1.13897e-132
  9.72446e-37 -1.10861e-169
  3.86057e-24  -5.7129e-144
  3.71192e-09  -4.9414e-148
  6.78679e-43  3.27936e-217
   1.0567e-25  -4.6332e-119
  2.01107e-21  3.14645e-118
  7.74773e-29  5.22216e-113
  4.37761e-35 -5.11754e-136
   1.7394e-42 -7.04889e-169
  7.22138e-69 -2.74338e-153
  3.62388e-27 -1.29216e-135
   1.5883e-11 -1.99083e-140
  2.27291e-54 -1.28042e-160
  1.18243e-37  -1.6993e-197
  1.41011e-46  4.07196e-139
 -1.03698e-68  6.52231e-220
  8.33233e-46 -5.81146e-136
  2.23326e-24  6.28654e-151
  9.13122e-42  5.42194e-122
  8.37617e-54 -3.55379e-138
  4.81369e-62 -1.82876e-146
  1.11167e-12 -5.12563e-154
  6.00004e-26 -1.58997e-158
   4.0371e-24  3.62075e-151
  2.54814e-24  5.44082e-151
  2.88881e-11 -1.33281e-127
  4.34354e-07 -1.76021e-133
  8.89914e-05 -8.64102e-144
  8.63412e-05 -8.54128e-144
  3.10407e-05 -1.27983e-131
  1.43404e-22  5.43576e-151
  2.23345e-42   5.2271e-200
  5.87131e-27  2.33728e-106
  2.76198e-27  3.44874e-154
   5.9339e-32  1.27363e-114
  1.19526e-22 -1.76878e-142
  3.34494e-27  4.03584e-154
   0.00100119 -1.48158e-123
  1.08812e-62 -2.20241e-134
  1.68637e-60  5.11425e-172
  1.22221e-15 -1.51424e-144
  2.25456e-24  5.61879e-151
  9.85396e-07 -1.45821e-126
  1.95479e-27 -2.89275e-147
  7.22861e-69 -2.74613e-153
  3.05139e-62 -1.57593e-151
  1.22333e-15 -8.79546e-127
  1.40142e-17  8.33564e-151
  4.63284e-30 -2.98936e-106
  6.23198e-60 -2.64001e-144
  1.55883e-43 -1.82171e-112
  2.02036e-34  3.01392e-108
  4.09121e-33  5.67163e-100
  3.40431e-24  2.61206e-151
  1.40914e-72  -5.3518e-157
  1.18635e-23   2.1948e-157
  2.23466e-24  6.15623e-151
  1.61213e-11 -1.54845e-150
  1.21959e-38  1.74613e-137
     0.406294 -1.36263e-126
  1.09527e-55 -4.16104e-140
  2.05198e-45 -2.92889e-157
  1.03892e-54 -9.19185e-143
  2.80205e-24  5.57517e-151
  1.21598e-54 -6.82476e-161
  2.41003e-22 -9.93675e-149
   4.1429e-29 -5.93153e-153
   3.1913e-51 -1.79023e-157
  1.66502e-25   5.1389e-150
  2.41232e-22 -9.94619e-149
  2.01837e-16 -2.98684e-136
  9.78271e-39  2.97756e-152
    0.0268863 -9.18341e-132
  4.33451e-43   2.16927e-89
  3.88212e-54  1.21361e-210
  3.68441e-36 -1.09856e-134
     0.027335 -1.54477e-156
  5.99032e-41  2.17885e-134
  3.45451e-78  4.07878e-159
  4.59033e-16 -2.03034e-148
  1.37573e-18 -6.99072e-144
  1.95675e-27 -2.89564e-147
  1.20402e-11  7.21326e-133
  2.87132e-24  5.18057e-151
  4.22092e-33  -4.4109e-147
  4.65876e-28   -1.548e-113
  3.68691e-12  6.63458e-121
  1.05406e-19 -1.12256e-133
 -5.28212e-31  2.09934e-143
  2.42677e-58 -9.21952e-143
  1.55575e-43  1.70939e-111
  1.40438e-45   1.7161e-206
  8.68108e-05 -8.42929e-144
  8.97827e-41  4.63899e-161
  3.19593e-24  5.06044e-151
  1.11058e-12   3.05926e-44
  8.68108e-05 -8.42929e-144
  2.57094e-54   1.9338e-143
  2.41822e-25   1.0674e-137
  2.86915e-29  1.66818e-109
   1.7115e-30    8.637e-132
  5.08575e-28 -7.52601e-148
  6.07634e-10  8.69706e-126
  2.07829e-36    -8.42e-163
  1.74247e-28 -2.57855e-148
  3.45797e-78  4.08286e-159
  8.36778e-54 -3.55023e-138
  5.72083e-49  1.72192e-206
  2.73934e-24  5.30265e-151
  2.34451e-26 -2.18883e-153
     0.495135  8.62707e-160
     0.104096 -3.74631e-157
  1.33191e-32  5.78044e-157
  8.68062e-19 -1.28458e-138
     0.496908  8.90693e-160
  3.06323e-35  2.13004e-109
 -6.14024e-44  -4.0475e-119
   1.3771e-18 -6.99771e-144
  1.88361e-33  4.29944e-140
  1.08692e-09  -1.4058e-145
  9.16332e-12  3.11873e-142
  1.61529e-35 -1.99243e-115
  4.34811e-68  2.51956e-198
  2.18745e-06 -3.23704e-126
     0.000999 -5.34381e-183
  2.10741e-87  2.38469e-178
  6.86736e-19  1.47523e-141
  2.44995e-38  3.10993e-119
  2.47573e-24  5.68971e-151
 -5.28212e-31  4.38401e-142
  1.95507e-09 -7.83533e-140
  2.29424e-24  3.27546e-151
  2.62577e-52 -2.21697e-146
  3.09252e-28  9.25539e-145
  4.10175e-67 -8.46088e-152
  1.91087e-22  -3.5221e-136
  1.36322e-44 -1.60247e-145
  2.33694e-26 -2.18177e-153
    0.0261695 -2.44481e-141
  4.65877e-28 -1.55112e-113
  2.82533e-27  3.64276e-154
   1.8663e-56  1.03189e-219
  9.35433e-14  8.59063e-143
  3.08354e-27  3.82787e-154
  4.64205e-28 -1.54244e-113
  3.36984e-10 -6.80976e-144
  2.86593e-24  5.16609e-151
  2.82054e-27  3.63645e-154
  3.72795e-27  3.64911e-154
   2.3824e-45 -2.98377e-200
  9.96461e-32  2.06431e-120
  6.15047e-36   1.22496e-85
  5.13876e-12 -7.80299e-132
   1.1699e-13 -4.82359e-140
  2.87768e-51  4.08025e-139
 5.48302e-113    2.677e-249
  1.18025e-46 -1.82977e-147
  9.77662e-12  3.58635e-135
 -9.74888e-28  1.12783e-137
  2.23701e-24  3.06986e-151
  2.87759e-51  4.08012e-139
  3.04943e-24  5.97038e-151
  2.39972e-29 -1.00728e-164
  5.87715e-27  2.33962e-106
  7.59798e-54 -2.88652e-138
  3.94458e-42 -1.15635e-121
  2.72761e-67  2.57364e-144
  1.31154e-25  1.52515e-117
  1.26158e-17 -1.24086e-156
  1.22477e-63  1.55477e-144
  5.73229e-49  1.72068e-206
  2.52566e-40 -2.91425e-154
  4.50096e-46 -9.85523e-141
  1.20166e-44  6.26924e-109
  4.34775e-07  -1.7619e-133
  1.13629e-69  5.23773e-200
  8.21644e-29  5.53808e-113
  2.72488e-67  2.57106e-144
  0.000104123 -9.71977e-132
  0.000246582 -8.06706e-131
  1.27635e-12 -3.73292e-123
  1.41411e-72 -5.37136e-157
  3.60784e-06 -1.98443e-121
   6.6179e-24  3.52768e-151
  2.16914e-38   5.3771e-217
  0.000125451 -3.06512e-148
  3.86443e-24 -5.71868e-144
 -3.80019e-31  1.94016e-140
  6.58499e-57   2.6214e-136
  6.80647e-19  1.78403e-124
  3.36314e-10 -1.37583e-138
  4.64916e-21  9.64769e-132
  1.18733e-63  -8.2643e-198
     0.415424  7.48893e-160
    2.119e-16 -3.13575e-136
  1.18291e-63 -8.18062e-198
  2.26688e-05  -1.3476e-126
   7.5906e-40  2.06563e-110
  8.03489e-31  3.19859e-110
  2.12579e-51 -7.73535e-150
 -1.8745e-105  9.34331e-246
  2.17211e-34  3.00642e-108
  1.52042e-15 -4.46419e-139
  7.97564e-40 -8.08946e-154
  3.07439e-56 -1.16799e-140
  3.44338e-43  1.12293e-206
  7.50623e-06 -4.10438e-146
  1.96603e-44 -1.37128e-134
  5.63654e-50  1.22634e-141
  7.60226e-54 -2.88815e-138
  1.23409e-53 -3.84752e-138
  2.08702e-19 -1.24181e-147
   5.6368e-47 -6.60023e-116
   3.4351e-43  1.11963e-206
     0.000999 -2.01183e-174
  7.24291e-69 -2.75163e-153
  3.03142e-24  3.13011e-143
  1.21586e-11  2.25011e-145
  1.55749e-36 -1.48359e-150
  8.11797e-50 -5.66195e-140
  2.86563e-27 -7.47601e-145
  1.11853e-08 -4.48489e-147
  5.16488e-60 -1.56495e-151
  4.60571e-33  7.14672e-149
   2.3768e-24  3.01965e-151
  7.51374e-06 -4.10849e-146
   1.2222e-15 -1.51421e-144
  2.84748e-13 -4.09221e-160
  9.95765e-63  8.28902e-213
  2.25586e-24  6.12025e-151
  1.02401e-16 -3.74182e-132
  2.36521e-19  -1.2396e-147
  1.74847e-46 -3.36815e-154
  6.55379e-43  1.90514e-170
  3.33236e-16   1.0352e-121
  3.23128e-40  -8.2566e-141
    9.357e-18 -1.02248e-143
  4.98374e-06 -1.56057e-144
   2.3823e-45 -2.98923e-200
  7.78759e-42  3.11616e-119
  4.72957e-34 -2.98477e-200
 -1.47782e-90  9.26572e-219
   5.8079e-35 -1.69863e-145
     0.101947 -6.41876e-156
  1.56152e-43 -1.99107e-111
  6.56035e-43  1.90705e-170
 7.70611e-105  1.17755e-223
  1.05021e-20  2.98498e-126
  2.79765e-27  3.60169e-154
  2.00444e-47  -3.2916e-181
  1.27763e-12 -3.73666e-123
  3.95396e-26 -2.44008e-144
  1.95479e-27 -2.89275e-147
  6.87423e-19  1.47332e-141
  2.02248e-42  1.93533e-121
  2.94942e-47 -1.99444e-115
     0.499732  7.10426e-151
  2.17696e-05             0
  8.45062e-09 -4.74906e-147
  2.38469e-45 -2.98675e-200
  1.22098e-15  -1.5127e-144
  5.72672e-51 -3.23961e-157
  9.66368e-17 -1.34607e-135
  4.58863e-36 -4.51833e-150
  2.42191e-58 -9.20105e-143
  1.86443e-56  1.03171e-219
  1.75022e-46 -5.29108e-155
  2.50778e-60 -1.11287e-158
  1.21586e-11   2.2501e-145
   4.3189e-49  1.22386e-141
  6.07026e-10  8.68836e-126
 -6.30643e-59  6.28195e-109
   2.4566e-20  2.64445e-151
  2.32857e-44  7.69635e-144
  6.12305e-33 -6.43723e-147
  6.51066e-81  9.19051e-169
  1.96991e-05 -7.67307e-111
  8.55321e-21  4.85714e-140
  8.42498e-09 -4.73454e-147
  7.11113e-05 -6.06673e-143
     0.500231  -4.6766e-137
  2.64408e-42  2.34002e-195
  3.36432e-11 -5.35435e-137
     0.492153  4.59614e-156
  6.47797e-28   8.31223e-85
    0.0273077 -1.54324e-156
  7.57876e-06 -4.75061e-146
  4.73376e-34 -2.98783e-200
  3.57831e-59  2.44557e-111
  1.29584e-24   2.3971e-158
  5.80621e-46 -3.45542e-201
  5.40599e-10 -2.02094e-140
  0.000427299 -6.80038e-130
  4.67407e-24 -6.55994e-144
  5.77087e-62 -2.19801e-134
  2.89359e-27  3.73215e-154
  1.74676e-46 -3.71222e-142
  2.66789e-24  5.40362e-151
  1.33661e-06 -3.90918e-117
  1.36848e-19 -3.72283e-133
  8.21309e-54 -3.12021e-138
  9.85396e-07 -1.43402e-126
 -7.78012e-44  -1.4784e-119
  3.67956e-11 -7.90427e-142
  1.24791e-55 -4.74092e-140
  2.19793e-31   6.1527e-141
  1.17644e-22  5.44067e-151
  6.36054e-34 -9.42728e-154
  5.30366e-40  3.79803e-113
  1.18194e-47 -1.11593e-127
  1.88361e-33 -1.81009e-204
  2.71764e-25  -1.0164e-163
  0.000803074 -7.64871e-118
  6.97666e-21  3.60416e-141
  2.14959e-67 -4.45312e-155
  5.40046e-70 -3.79126e-164
  5.93528e-61 -1.84654e-145
  5.86635e-64 -1.56669e-151