2.60293e-13 7.92228e-16
2.33325e-06 5.29327e-12
2.83815e-06 1.03909e-11
2.06336e-09 1.27475e-05
  0.0148726 9.97624e-11
 0.00023518  8.9847e-13
 0.00713078  3.7013e-11
3.97239e-08 9.98941e-08
1.41353e-05  4.8118e-07
1.05764e-06 4.08182e-12
4.52758e-15 1.27792e-14
1.14184e-05 3.85167e-09
0.000673075 1.01372e-08
2.90722e-09 1.36701e-10
6.17971e-07 3.80083e-09
0.000265529 1.25945e-09
3.47061e-10 1.07543e-09
7.73124e-10 1.35421e-14
  0.0246069 1.25261e-10
3.24203e-13 8.27801e-13
6.73696e-14 7.19938e-17
6.84534e-09  8.4217e-09
1.81386e-13 3.65788e-12
4.65827e-13 6.69299e-13
3.45172e-05 9.84596e-14
 0.00517367 1.81329e-11
7.70164e-11 1.07506e-11
4.59428e-12 8.12349e-08
4.79961e-10 9.25429e-15
3.46085e-11   0.0264937
7.68336e-05 3.85524e-10
1.40878e-08 2.42097e-13
1.09578e-14 1.91761e-13
0.000545628 2.35558e-09
5.83254e-11 3.33786e-17
4.34771e-15 7.59428e-10
0.000351469 4.10418e-09
2.26477e-11  9.9423e-09
4.80539e-22 6.13513e-16
3.09793e-07 2.01341e-10
0.000130924 4.59595e-10
 0.00263696 5.40294e-11
6.60572e-09 5.36247e-10
  0.0430979 6.73583e-21
  0.0134825 6.85262e-11
0.000620953 2.49213e-09
2.48688e-13 3.92965e-13
3.99809e-10 6.36679e-15
0.000190974 7.19115e-10
  0.0130474 8.31126e-11
 0.00248987 1.51036e-11
2.69229e-05 6.17732e-21
5.87754e-13 9.48424e-13
1.74448e-08 2.74348e-08
3.23517e-06 3.38197e-08
2.50082e-14 2.15718e-17
 0.00538888  2.7923e-11
2.22187e-15 1.03677e-19
2.63448e-05 2.29849e-09
1.19294e-16   0.0419046
4.03268e-12 3.10121e-16
  0.0172253 1.03532e-10
1.47972e-16 1.74609e-11
2.79802e-15 2.95277e-11
1.00933e-17 2.98801e-16
1.83518e-06 2.66153e-12
0.000151082 6.78618e-10
1.37403e-10 2.92168e-15
1.54152e-12 1.75031e-12
2.56294e-08 2.58198e-09
0.000171969 5.01725e-13
1.00805e-09 1.30001e-13
0.000162189 4.59109e-13
  0.0104679 5.29808e-11
4.50244e-10 4.37643e-13
 1.0967e-09 3.04946e-09
 5.6665e-09 7.06415e-09
8.63878e-06 6.06069e-14
1.31839e-06 7.64464e-09
7.55929e-05  3.6537e-13
1.20505e-07 1.89912e-11
0.000987826 5.64607e-12
3.01097e-17   5.133e-12
8.29953e-06 8.86494e-10
9.15753e-19 2.69198e-15
 0.00915224 6.96486e-11
2.28261e-07 5.08857e-18
  0.0134743 8.65757e-11
4.38422e-13 2.07515e-13
4.74283e-19 1.61711e-15
1.17216e-11 2.24318e-10
7.19835e-08 1.09601e-11
 0.00014734 5.44327e-10
1.42528e-18 1.23913e-20
5.62634e-07 8.82088e-14
 5.4308e-09 4.66421e-07
7.95004e-09 4.11616e-13
1.04828e-13 1.59162e-15
1.50735e-08 0.000484412
4.32267e-07   1.779e-12
1.64894e-08 5.06963e-13
9.87162e-11 7.30588e-11
2.17835e-09 7.40895e-12
1.18239e-09 3.58575e-09
1.42608e-07 2.92237e-12
5.10964e-09 6.57139e-09
  1.529e-12 4.31969e-11
  2.902e-15 2.40973e-12
6.21796e-08 5.34561e-07
2.41651e-10 1.06011e-12
2.46817e-14 6.86404e-14
3.04273e-09 9.72204e-05
8.35927e-08  1.3692e-08
5.50769e-08 2.27297e-08
8.35437e-12 2.24674e-16
5.33662e-08 4.16846e-09
9.69512e-10 4.28417e-17
2.02483e-08 3.07093e-12
6.55611e-18 1.25442e-20
3.19046e-07 2.07352e-10
  0.0234861 1.50614e-10
3.47708e-07 1.46541e-06
1.01989e-06 4.21872e-08
3.70279e-08   1.602e-10
0.000176666   1.629e-11
 0.00266083 1.35604e-11
  0.0147568 9.49578e-11
0.000586402 5.43235e-11
1.10523e-05 4.31851e-14
6.42656e-10    0.496596
5.45381e-11 3.93551e-15
0.000234896 1.11535e-09
 0.00518136  2.4159e-11
1.92758e-07 5.72009e-11
  0.0132715 1.17278e-10
3.76635e-16 1.82078e-11
 1.9554e-05 9.32368e-11
 2.1761e-12 7.57621e-15
1.29987e-06 7.93104e-09
 1.0183e-11  5.2475e-12
2.07211e-05 1.34975e-19
1.56827e-12 6.89016e-15
7.74029e-11  4.4018e-15
  3.373e-10 2.64292e-15
1.63338e-13  2.2244e-17
4.06835e-11  2.3396e-08
1.72269e-17 2.01556e-10
3.55074e-12 3.42854e-16
4.44149e-11 9.03206e-07
1.80759e-05 1.87357e-09
 0.00312017 1.62235e-11
1.75344e-12  5.3913e-17
  0.0116277 6.04118e-11
 0.00802627 4.17669e-11
9.31428e-10 3.35502e-12
 3.4219e-11 2.48612e-10
  0.0449411 8.24133e-21
  0.0132383 6.89154e-11
1.64459e-13 3.45741e-09
4.72244e-08 1.75268e-11
0.000421345 2.35843e-11
2.98343e-10 4.98132e-11
1.79391e-09 3.69267e-10
1.67055e-14     3.1e-10
  0.0160797 8.75577e-11
3.29548e-11 1.70376e-11
1.31227e-17 5.21405e-17
3.66438e-09 9.73553e-09
  0.0193143 1.26663e-10
8.15069e-11 2.79458e-14
4.98006e-15 1.11107e-13
3.88887e-09 3.73251e-12
 0.00617024 3.19038e-11
3.91373e-08 1.84563e-13
1.25371e-15   0.0100005
5.74657e-05 2.22794e-13
  0.0142114 7.39481e-11
1.45473e-12 1.50735e-10
 1.4673e-15 4.15174e-14
  0.0105398 9.72531e-11
  0.0153317 7.94216e-11
9.46825e-10 1.13759e-09
4.60453e-17 2.10133e-12
2.99603e-13 1.43755e-11
  0.0167938 1.11319e-10
2.89192e-11 1.05721e-15
4.16552e-07 1.40849e-09
1.24297e-11  1.4569e-11
0.000686929  3.5805e-12
2.40435e-09 1.41013e-11
 0.00028055  7.9484e-13
2.68355e-10 1.32674e-09
1.13626e-06 2.19547e-09
1.96315e-06 2.06397e-08
0.000166094 7.90966e-10
2.36386e-10 8.26158e-15
1.00909e-07 4.56996e-07
1.11011e-13 4.65627e-09
0.000220018 7.72986e-10
3.88248e-10 3.62752e-15
3.76443e-08  5.3359e-12
7.15056e-09 6.21182e-11
1.87061e-13 3.16314e-12
1.12295e-05 4.01773e-14
1.06763e-12 5.51694e-10
1.17767e-12 1.48721e-16
3.96764e-12 2.66199e-12
 1.8957e-08 1.17467e-05
2.18036e-06 1.26703e-11
3.14722e-05 5.57421e-10
0.000271581 1.94777e-12
3.23937e-11  4.3202e-11
1.03439e-16   0.0249757
 0.00269519 7.85269e-12
4.28768e-11 9.01383e-07
3.13792e-12  1.1454e-10
5.04429e-08 2.41554e-09
1.16579e-09 1.14239e-12
8.37273e-09 6.41552e-14
 0.00287731 1.39112e-11
8.92051e-14 0.000173112
  0.0100096 6.68277e-13
  0.0129797 7.97475e-11
 0.00256915 7.27771e-12
1.21199e-14 2.18731e-10
7.89727e-11  4.8903e-08
2.02373e-10 1.74197e-13
 2.0289e-10 3.73793e-14
 1.6053e-11 1.50136e-14
1.35607e-06 2.19696e-22
4.90133e-08 5.60351e-08
 5.0667e-06 3.39048e-09
3.89511e-08 4.73125e-14
8.62248e-05 3.32485e-10
7.06472e-11 9.09682e-17
   0.014858 9.35275e-11
7.96208e-08 2.16073e-14
2.17082e-09 8.76789e-09
5.03671e-08 5.60242e-07
0.000232813 1.06835e-12
3.77799e-09 1.51207e-08
5.03633e-07 5.80575e-08
  0.0160495 1.02534e-10
2.31163e-09 5.35815e-10
3.66529e-06  1.5737e-11
3.39633e-08 5.53035e-08
1.57368e-09 3.07375e-10
9.71952e-13 4.27016e-15
  0.0222309 1.41414e-10
2.00962e-10 1.73062e-13
 0.00473051 2.40044e-11
1.17505e-06 3.54564e-08
6.03444e-10 6.45537e-13
 0.00102609 1.47027e-08
1.95074e-07 3.81559e-05
1.68046e-16 3.10038e-12
6.85241e-08 3.53156e-07
4.23091e-07 1.85493e-06
7.36807e-08 1.07031e-09
1.55864e-07 3.68687e-07
  0.0461471 7.21472e-21
2.99646e-09 1.98797e-09
2.45858e-06 8.37721e-10
4.17272e-16 1.50821e-11
4.63405e-13  2.1854e-08
 3.4102e-10 1.15898e-13
8.06817e-06 7.90983e-09
0.000271909 2.89274e-12
0.000115048  1.8806e-10
0.000183979 7.09154e-10
2.68988e-08 7.83732e-12
3.50549e-10 9.80699e-13
 0.00506569  1.4108e-11
9.48742e-11 1.67961e-15
 0.00130364 6.18912e-12
4.91529e-10 2.58379e-07
1.52754e-07 1.30499e-07
  0.0115034 6.00353e-11
2.03733e-13 6.19205e-10
8.97723e-08 4.32761e-13
2.99035e-07 1.16191e-11
1.24605e-10 2.73974e-08
4.96196e-12 5.63861e-16
7.17573e-07 1.94875e-10
 1.4593e-12 1.50951e-10
3.29606e-09 3.85691e-10
2.63074e-14 1.30459e-18
0.000285815 1.08531e-09
5.43535e-07 6.73928e-07
1.29822e-06 3.70309e-15
8.76952e-17 3.53034e-17
 0.00127372 5.99314e-12
 1.7317e-05 6.76983e-11
1.02956e-09 3.80307e-08
1.01805e-08 4.27312e-12
9.25884e-09  5.5754e-07
2.44178e-05 1.72793e-13
 1.6321e-08 7.31225e-11
1.84657e-10   1.787e-09
  0.0141605 8.96529e-11
2.67702e-08 6.62483e-13
7.22817e-16 2.90988e-16
3.08162e-12 7.83405e-12
7.90215e-11   2.725e-13
2.98458e-05 1.15346e-09
3.50247e-09  1.0831e-08
 0.00162502 9.97201e-12
  0.0325222 5.08457e-21
2.33484e-16   3.697e-11
0.000150133 5.25231e-10
 3.4953e-14 1.07606e-12
 1.7455e-14 0.000347906
1.31583e-09 1.08902e-10
9.36182e-05 1.66691e-09
0.000221503 1.91895e-12
1.22922e-09  1.8151e-11
5.97132e-07 1.19035e-09
7.61823e-05 2.95793e-10
0.000870863 1.25871e-08
1.12722e-14 0.000279403
1.85282e-10 3.06868e-14
6.35133e-08 5.71614e-13
3.95574e-07 3.57489e-09
2.14778e-14  2.5841e-10
2.25067e-07 1.88984e-06
4.18231e-16 6.53432e-12
7.04523e-07 9.49284e-09
1.20685e-07  2.4527e-07
1.33485e-08 2.71345e-08
1.77837e-06 1.83176e-08
7.63715e-12 3.62175e-07
2.19303e-07 8.88759e-13
1.45529e-06  1.4883e-08
1.96854e-07  5.9311e-07
6.70182e-23 1.88078e-24
9.04057e-10 1.72375e-12
0.000536937 2.58974e-12
 7.7199e-05 1.36593e-20
 3.8945e-16 1.91623e-13
1.86277e-14 5.10512e-15
1.71628e-08  1.3506e-13
1.05432e-19 4.83726e-15
1.07699e-15 4.33562e-16
0.000215858 1.03834e-09
3.33419e-07 1.48533e-06
3.33077e-09 3.89719e-10
5.26234e-05 1.93061e-09
1.24356e-07 8.97719e-11
6.05727e-14 3.01467e-18
0.000110219 4.81845e-13
2.83994e-12 6.78492e-06
1.35461e-08 1.15589e-12
4.65703e-05 2.31704e-10
3.65016e-16  1.6655e-11
4.42172e-11 2.72175e-10
1.04059e-19 5.78885e-08
  0.0208359 1.05226e-10
  0.0152185 9.73527e-11
9.70316e-11 6.06661e-05
1.46493e-05 1.20069e-10
6.69005e-15 2.69071e-11
1.54837e-07 6.26898e-07
4.45914e-12 3.44839e-20
3.39357e-06 8.27952e-09
 0.00059066 5.42684e-11
3.47664e-06 6.62447e-11
  0.0123571 4.19589e-11
2.02842e-11 1.34892e-11
4.80462e-15 3.70129e-08
6.67024e-12 7.26117e-20
8.81056e-09 1.04637e-06
1.27006e-12 3.58975e-11
  0.0128554 8.11557e-11
3.81403e-13 1.43407e-14
2.46367e-08 2.47086e-11
1.03085e-20 1.77325e-17
1.43905e-06 4.21599e-11
0.000197647 7.58903e-10
1.95205e-19 4.09253e-15
9.97298e-11 2.92441e-16
7.01172e-09  2.3057e-13
0.000699711 2.04282e-12
4.35702e-08 5.90336e-11
0.000145876 7.85077e-13
  0.0200868 1.13319e-10
9.62373e-07 3.91584e-06
2.03244e-09 6.24877e-14
2.63618e-14 4.20772e-15
1.37784e-08 6.07168e-11
5.99892e-07  3.8519e-09
 0.00886952 4.60405e-11
4.22897e-09 1.05588e-11
  0.0134965 6.87759e-11
0.000122871 1.69704e-09
  0.0459255 2.36691e-10
2.28881e-09 1.24057e-14
5.55958e-16 5.43082e-11
3.16346e-07 7.74175e-07
3.20201e-09 1.37106e-07
2.03193e-13 0.000459403
6.86432e-09 7.87213e-10
1.78014e-07 2.37412e-07
5.62221e-05  5.5819e-11
3.60557e-07 1.06241e-11
2.68712e-05  1.8474e-13
2.52872e-09 2.46108e-12
9.74191e-07 4.90548e-11
1.59049e-08 1.91442e-06
 9.8731e-05 3.50203e-13
3.38854e-07 2.75105e-06
1.08547e-08 2.58695e-12
5.44824e-05 2.37349e-10
7.73226e-09  2.1429e-06
2.64414e-05 2.30791e-09
 0.00739232 4.52683e-11
7.80026e-13 5.67884e-16
 0.00869383 4.49481e-11
6.45044e-10    0.500917
3.68387e-08  2.9547e-08
 9.7141e-13 5.26305e-06
3.02327e-12 1.22774e-10
0.000728343 5.09412e-11
  0.0136907 7.56101e-11
3.71724e-10 4.80858e-10
6.10682e-15 2.19014e-16
2.15547e-07 6.49294e-07
3.76777e-09 8.82931e-10
0.000954735 5.06591e-12
 0.00869169 4.79409e-11
2.80991e-12 1.21012e-12
 0.00016151 6.01445e-10
1.61654e-16  1.5866e-19
2.55132e-14 7.52469e-12
7.87236e-15 2.15689e-20
1.76997e-11 1.01817e-08
    0.01219 2.43375e-10
1.75617e-07 9.08224e-10
 0.00108431 3.06911e-12
4.19182e-08 4.14677e-11
1.02007e-10 4.97832e-07
5.25217e-05 2.53139e-10
2.47107e-05 5.55695e-10
  0.0011781 6.09374e-12
5.91357e-08 9.13991e-12
4.96284e-14 2.32592e-09
2.99775e-07 6.66743e-07
 0.00448355 2.37414e-11
2.99914e-11 1.91815e-09
4.40155e-08  0.00408972
0.000324523 1.45537e-12
1.11186e-06 3.52245e-11
3.59772e-05 1.55359e-13
2.36171e-07 1.41646e-06
2.61863e-08 4.70778e-06
4.82086e-08 2.32472e-15
  0.0734515 1.14597e-20
1.98646e-06 4.08271e-06
 1.3781e-14 9.54735e-15
2.65611e-10 8.09673e-11
1.12133e-13 4.60978e-09
 1.1643e-13 1.69816e-14
3.20742e-07 5.24903e-07
4.81131e-07  2.2945e-12
1.61339e-11 5.42108e-12
1.13836e-14 3.02399e-13
0.000644989 9.95774e-09
 4.6123e-07 2.00284e-08
 3.0017e-13 1.42266e-11
2.57932e-08 6.53202e-08
2.77858e-11 4.55653e-15
8.53621e-14  1.2292e-14
4.69186e-10 2.07827e-10
1.25469e-10 6.13092e-07
3.75093e-16 1.26618e-17
1.77136e-12 7.36717e-08
1.61815e-08 4.97496e-13
2.60436e-12   2.646e-14
 0.00300356  1.8904e-11
 9.9786e-12 4.54177e-14
0.000120088 7.01926e-12
4.52324e-05 9.33778e-10
3.41503e-06 4.02147e-09
 0.00655162 3.32388e-11
1.51557e-08 3.78278e-08
1.11956e-09 3.90323e-14
 1.2396e-05  8.7419e-14
8.99504e-06 9.92518e-10
1.95234e-08 1.64153e-08
2.31367e-06 2.22789e-09
4.62365e-06  1.4276e-14
  0.0274763 1.72214e-10
  0.0119969 7.96193e-11
6.02152e-16 1.20988e-10
 0.00448159 1.55989e-11
6.30505e-20 3.54716e-20
 1.7873e-06 7.23628e-06
1.10461e-11 2.74034e-13
 3.5476e-07 1.04533e-11
5.05384e-08 1.53278e-07
7.50512e-06 2.12437e-14
0.000102295 5.59349e-13
 1.1128e-09 1.03964e-12
 5.5515e-12 3.49355e-10
 6.1501e-09 2.14944e-13
 4.0061e-16 2.48873e-13
0.000528477 5.74098e-09
1.00396e-08  2.5951e-08
2.28245e-11 2.19658e-09
 1.7573e-07 7.33497e-16
 7.0224e-10 5.36697e-10
2.92974e-09  6.5858e-12
   0.021359  1.2987e-10
 1.3609e-06 1.71446e-11
2.77482e-18 5.17505e-15
4.07997e-07 2.35968e-07
 0.00806309 5.01774e-11
0.000284469 5.70233e-09
 0.00144313 1.20055e-10
 1.2412e-13  7.2643e-16
1.00401e-11 9.42785e-17
5.80054e-09 2.32106e-08
9.85977e-09 7.55447e-14
1.77824e-12 1.30938e-11
2.10461e-06 4.21309e-09
2.03538e-10 7.86899e-15
3.23153e-08 3.28757e-11
5.05979e-07 5.90608e-08
  0.0434708   1.092e-10
2.72071e-14 4.11484e-15
2.03657e-13 1.58084e-11
1.64737e-13 7.49477e-16
2.94939e-08 1.50704e-07
0.000852006 2.38794e-12
2.36122e-07 2.53217e-10
7.24642e-14 7.33853e-13
 1.8555e-12 4.51386e-14
3.01085e-08 9.88746e-10
  0.0136033 8.51873e-11
 0.00798811 4.51229e-11
0.000263007 1.01537e-09
2.28337e-13 3.38338e-11
 2.8923e-17 4.80957e-14
7.79214e-13 1.57917e-14
1.67645e-07 1.81613e-12
1.08657e-14 5.62576e-19
 1.8449e-14 4.90921e-14
7.84716e-11 1.30864e-11
1.09739e-09 3.08636e-09
9.29059e-09 4.13519e-07
1.87623e-08 7.16478e-11
2.20199e-08  3.8556e-08
4.25188e-07 1.98522e-13
0.000246364 3.89206e-09
2.07873e-09 1.96382e-12
1.07816e-09 3.99784e-13
2.74311e-09 8.08273e-14
4.45865e-15 7.79219e-10
1.92645e-16 1.13474e-13
1.57786e-08 7.65099e-11
7.60617e-07 9.16498e-10
5.11711e-05 2.46672e-10
4.98715e-12 1.62109e-11
2.58967e-07  3.9449e-11
2.22662e-09 7.57087e-12
2.61713e-11 9.06859e-11
 3.9067e-13 6.45603e-17
6.16604e-10 1.00332e-09
8.96703e-05 3.63363e-10
8.49223e-11 2.99954e-10
1.58736e-10 5.60583e-10
6.04782e-09 4.39675e-09
6.49003e-12 3.07776e-07
1.25914e-07 1.95625e-11
4.33687e-10 7.22111e-14
0.000186368 1.04083e-12
1.10568e-09 4.69494e-09
9.78037e-11 8.77782e-11
1.52144e-16 1.84772e-08
1.62689e-12 2.72604e-14
1.79965e-16 2.22742e-20
 5.9096e-08   5.993e-11
5.27984e-07 1.49736e-08
1.65426e-12 8.65188e-13
4.11549e-06 4.03511e-09
2.84342e-15 2.22681e-12
4.90695e-11 1.75517e-10
3.44496e-05 6.97003e-10
 8.3151e-11 2.93697e-10
 0.00330554 6.08157e-22
5.50838e-06 1.61873e-10
 0.00485156 2.52371e-11
1.97878e-08 3.08284e-08
 0.00261446 1.35996e-11
2.14329e-14 2.56203e-10
2.09211e-10 7.08922e-10
 0.00165717 2.02136e-11
6.20258e-08 4.88331e-13
 2.0906e-10 5.96674e-15
4.73078e-07 2.08351e-06
7.99096e-19 9.58576e-15
0.000417869 2.16429e-11
2.98724e-05 1.24694e-13
  0.0188968 1.21823e-10
4.52944e-13 3.94539e-20
0.000796248 2.25387e-12
  0.0181682 9.44117e-11
1.09305e-07 2.05338e-08
3.84878e-11 6.61748e-11
 1.8267e-11 2.98852e-13
2.63679e-14 4.34716e-16
1.00998e-06  3.6977e-12
3.58823e-12 1.48874e-07
6.54035e-12 6.34853e-16
1.19737e-10 6.88146e-08
 9.6258e-05 3.41052e-10
9.61901e-10  2.8343e-14
7.25188e-05 7.61535e-10
4.50002e-07 1.59151e-12
0.000349347 3.88827e-09
 2.1973e-12 7.58618e-15
1.77481e-09  2.4776e-16
 0.00361563 2.10453e-11
7.27159e-07 3.83162e-11
1.06975e-11 1.23105e-15
 6.8719e-07 8.84028e-11
 0.00841307  6.9508e-11
 7.3411e-10  2.4103e-18
 0.00195838 1.01255e-11
3.23798e-09  3.8339e-09
 1.4854e-07 3.85253e-07
3.16245e-05 1.21978e-10
8.60676e-12     2.5e-16
0.000689087 1.74626e-09
1.17545e-09 4.87908e-09
1.86783e-12 2.98363e-17
2.17797e-14 2.97164e-19
1.46144e-15 6.65803e-13
1.37344e-10 3.23307e-08
3.25062e-06 1.19238e-11
2.79481e-15 2.18875e-12
2.97647e-09 3.64698e-10
1.21962e-09 1.30856e-12
6.23076e-12 6.04492e-16
  5.265e-08 4.31593e-07
1.63593e-17 8.77314e-11
 1.8698e-05 1.99662e-09
5.70172e-10 9.07671e-15
  0.0018202 1.10485e-11
7.07251e-07 2.57895e-11
6.95144e-10 2.16138e-08
2.15649e-10 2.85077e-10
3.02076e-13 6.85853e-14
  0.0202936 1.30822e-10
 1.1367e-23 1.22981e-28
 0.00340039 1.00722e-11
3.17662e-08 2.49195e-09
0.000347242 1.94948e-12
1.22437e-14 1.89815e-19
0.000405858  2.1315e-11
 8.3324e-08 4.28966e-10
7.53654e-13 5.55716e-19
7.76815e-10 5.16582e-10
6.67056e-11  1.2056e-14
 0.00934082 5.49068e-11
3.30203e-08  3.5454e-05
6.18231e-09 1.04595e-09
1.84659e-05   1.133e-09
1.17927e-07 1.52748e-08
9.63664e-07 8.59751e-09
2.42367e-14 6.74026e-14
3.57885e-09 4.23587e-09
9.32522e-20 1.41985e-13
3.50146e-08 3.81304e-22
1.36629e-10 9.19331e-11
0.000100567 3.87943e-10
3.62354e-06 1.55594e-11
0.000109127 1.28769e-09
0.000633831 6.28626e-12
1.34559e-11 6.33741e-12
2.24488e-14 2.83927e-06
2.49138e-14  7.3479e-12
1.71813e-06 7.14978e-12
 0.00024891 1.99917e-10
1.81669e-12 1.43265e-17
2.63396e-07 1.61942e-12
  0.0165152 8.72173e-11
0.000334854  9.4827e-13
1.96782e-08  1.6545e-08
0.000111497 6.94661e-20
 0.00124665 6.23901e-12
 8.0617e-09 3.81969e-14
2.70086e-17 4.55708e-13
1.63629e-09 7.03789e-09
1.68735e-18  7.7076e-14
2.17251e-06 3.55574e-22
 9.9509e-15 1.26495e-06
1.11543e-11 2.72374e-13
2.53725e-12 2.57012e-15
4.31679e-06 8.95441e-09
5.19885e-07 1.51066e-08
2.46304e-09 6.36659e-09
 4.3566e-15 5.24451e-08
0.000120209 3.81131e-12
2.75007e-14 1.27292e-08
3.44557e-15 2.36431e-08
2.21193e-12 2.42846e-15
1.51724e-12  2.5913e-14
1.84039e-08 2.55282e-23
1.60833e-10 3.21385e-10
1.55607e-08 9.67355e-06
1.48845e-17 3.41507e-14
1.20605e-10 6.93564e-08
  0.0157363 9.42932e-11
 0.00258107 1.63297e-11
 0.00135807 4.89265e-12
1.52909e-05  6.7209e-11
1.02852e-15 2.07569e-05
5.38132e-09 1.16152e-08
5.91629e-09 3.69709e-06
  0.0116932 5.85831e-11
4.80823e-15 1.06703e-13
 4.9128e-07 2.76438e-15
2.66259e-07 4.35765e-07
1.60167e-08 7.17625e-11
7.51424e-08 1.13043e-10
4.38333e-14 2.32052e-16
2.60971e-10 9.81895e-11
2.57703e-08  4.6294e-06
   0.007973 5.39673e-11
1.28748e-09 1.36265e-17
1.01333e-12 5.82108e-10
1.72233e-12 2.97621e-11
4.32808e-11 3.88863e-16
2.16399e-06 6.59268e-09
  0.0171817 3.98363e-10
3.01636e-24 1.18976e-23
2.40695e-15 1.95423e-18
 0.00100754 5.27057e-12
9.99745e-10 8.93037e-13
2.69128e-07 0.000150573
6.18318e-06 1.17221e-24
5.73978e-13 7.98303e-05
3.85513e-12 1.09663e-20
 1.6748e-09 6.79864e-19
  0.0193938  1.1379e-10
 3.5864e-22 3.18346e-18
 1.8399e-12 1.45095e-17
  0.0425732 1.15908e-10
  0.0234521 1.18082e-10
1.65979e-10 1.77331e-13
3.79931e-09 1.35049e-11
 0.00126377 1.05933e-10
1.74714e-07 6.73625e-13
  0.0163127 8.50234e-11
1.57673e-05 7.59476e-11
2.32361e-08 0.000746737
2.19043e-13 0.000495236
1.59844e-08 1.03177e-13
1.07827e-12 1.40018e-16
 2.0262e-07 6.26075e-07
3.62889e-06 5.99195e-10
 3.5511e-13 2.09646e-10
  0.0127094 7.89813e-11
5.88577e-09 3.86392e-06
5.81467e-11 6.08752e-16
6.66139e-16 5.54473e-22
    0.00422 1.55564e-11
3.19071e-06 1.59467e-10
9.46095e-09  8.6335e-24
 1.6753e-13 4.44004e-09
1.60828e-11 6.90187e-08
  0.0043065 2.01168e-11
9.24709e-07 1.44571e-25
2.08291e-06 4.52176e-09
4.17665e-10 1.97624e-08
 4.0242e-08 4.44679e-22
1.15715e-14 2.14731e-10
1.00653e-17 1.78343e-19
5.47756e-11 2.48177e-09
 5.0592e-05 6.78813e-11
1.48113e-12 5.03786e-15
 1.4813e-07 5.68077e-13
  0.0146134 9.14913e-11
 6.3959e-17 1.30345e-21
 7.6301e-11 3.79553e-15
7.97244e-11 6.81697e-09
2.79879e-08 1.81659e-10
  0.0100031 2.99161e-13
3.95056e-05 8.43558e-10
3.69112e-11 1.96666e-08
1.93118e-07 6.66529e-09
4.92334e-10 1.61602e-12
4.76078e-16 1.73797e-16
2.35172e-08 7.60109e-08
3.34981e-11 2.24092e-09
2.57895e-10 3.58971e-11
4.14103e-06 1.21125e-14
7.79522e-05 1.35242e-20
1.68251e-15 1.21939e-10
1.45316e-06 4.25137e-11
2.49528e-08 3.96014e-12
2.36551e-05 1.37753e-10
6.92128e-10 3.90987e-16
2.04984e-05  3.2229e-24
  0.0124023 7.63855e-11
2.96949e-17 4.84409e-14
 4.0914e-18 4.95516e-10
  0.0188716 3.49639e-10
4.53836e-11  2.0924e-09
9.86706e-08 5.07035e-10
0.000214654 8.29503e-10
  0.0441914  2.6743e-09
1.63233e-08  2.2022e-08
5.25471e-13 1.54758e-17
3.33957e-05 2.52734e-10
  0.0546058 2.84165e-10
8.81591e-08 1.69404e-05
5.71548e-15 1.94287e-11
1.78342e-16 2.24613e-20
3.85967e-16 1.05662e-14
1.80451e-14 2.38568e-19
2.18146e-07 2.85674e-13
0.000675068 8.52558e-09
4.30801e-22 9.03161e-14
2.43876e-16 5.20985e-08
 0.00672931 4.33022e-11
2.05221e-05 1.93885e-10
 0.00968705 6.51886e-11
 0.00136691 1.63096e-11
6.88395e-16 2.35112e-18
4.08121e-07  3.3451e-06
7.30454e-08  6.2272e-12
4.07009e-16  1.4678e-11
1.01023e-05 3.90415e-11
6.50817e-07 8.53674e-07
3.02965e-05 1.28571e-13
  0.0139652 8.62438e-11
0.000106007 1.87583e-09
 0.00864689 5.51497e-11
9.70306e-17 1.92641e-12
2.92857e-06 3.02018e-08
1.30153e-09 1.75111e-14
 0.00193045 1.00777e-11
2.47507e-08  8.0111e-12
  0.0108124 5.49204e-11
 0.00581552 3.02376e-11
2.64518e-15 2.70255e-12
9.28872e-10  8.8009e-13
0.000283668 2.46912e-11
3.36909e-10 8.17778e-10
3.11533e-11 1.19548e-14
7.29686e-08  2.8741e-12
6.92364e-07 3.58082e-09
 0.00638773 6.67103e-11
2.22203e-16 2.49982e-12
  0.0388163  1.9654e-10
0.000523901 4.94176e-12
5.90544e-08 4.62586e-13
1.36307e-05 6.59537e-11
4.58771e-09  5.7221e-13
0.000316095  1.3546e-09
1.83091e-14  3.7063e-13
2.75853e-06 4.97836e-09
 1.0929e-05 5.24806e-14
5.07543e-07 1.03479e-05
3.11189e-07 8.80049e-08
5.20627e-05 1.92862e-09
9.48034e-06  4.6283e-11
1.14631e-05 3.13849e-10
1.46063e-16 1.74774e-08
6.60355e-11 1.19349e-14
4.70228e-05 1.65813e-10
7.35548e-09 4.61248e-11
1.43739e-13 5.24744e-11
9.59164e-06 2.86361e-10
8.64753e-07 8.13765e-12
3.88398e-11 6.67752e-11
2.12767e-09 0.000186157
4.45345e-14 3.33507e-19
  0.0138657 8.07946e-11
1.43333e-17 4.93289e-14
9.81421e-05 2.86423e-13
3.14388e-07 5.11908e-07
3.94133e-09 5.92548e-12
7.30649e-13 4.20229e-10
0.000744594 3.50755e-12
2.86907e-11 5.67672e-14
3.96036e-08  1.7908e-08
3.26703e-09 1.00127e-13
2.31052e-12 2.51394e-15
1.44756e-11 1.64707e-14
 0.00114031 4.08238e-12
     0.0219 1.27197e-10
 1.1478e-17 1.08914e-20
5.97057e-14 1.22243e-08
1.47998e-11 4.00837e-09
2.61578e-11 1.19192e-15
3.88344e-09 2.82944e-09
1.19135e-07  5.1638e-08
2.71082e-09 2.21492e-05
3.86029e-09 3.14049e-09
1.35615e-08 6.58098e-17
 4.7669e-08 1.73517e-11
2.85163e-14 2.99246e-10
0.000101557 5.62764e-10
1.33995e-10 2.24151e-15
1.42503e-12 6.34223e-11
8.26221e-13 4.75198e-10
1.87847e-12 2.89087e-15
2.28634e-12 2.98148e-15
2.54674e-13 1.75166e-12
1.33316e-10 1.49135e-08
 0.00138195 4.92392e-12
1.99552e-09 7.33414e-14
3.28012e-15 9.74398e-15
1.75471e-11 1.00939e-08
1.45134e-14  1.3197e-14
5.08566e-07 2.81264e-15
4.99991e-08  2.3916e-09
1.48297e-12  4.7397e-12
5.29871e-07 4.99578e-12
1.66596e-08 1.11212e-11
0.000158497 1.31593e-10
5.62037e-11 1.18165e-06
7.82862e-18 9.24451e-15
  0.0158499 8.23148e-11
 0.00194057 5.45641e-12
2.46976e-14 3.13956e-06
1.22879e-13 7.21583e-16
5.41633e-10 8.75282e-15
1.98075e-10 2.74081e-08
1.75147e-05 6.75939e-11
1.90971e-05 7.55562e-11
 5.3983e-09 5.47331e-12
1.15457e-15 1.24158e-18
7.14548e-09 8.71552e-09
7.22581e-08 6.16008e-12
4.32022e-09 1.07407e-11
1.48957e-07 1.82077e-07
3.00724e-10 5.01834e-11
3.58081e-06 3.50891e-09
3.86156e-15 1.40773e-17
7.21265e-08 3.71442e-12
 7.3675e-05 3.99802e-10
6.52759e-07 2.84777e-06
  0.0252198 1.60512e-10
3.05347e-07 1.08615e-12
  0.0153874 2.71697e-10
1.44962e-05 2.49594e-10
3.02981e-15 9.67478e-16
5.08882e-18 4.43954e-09
3.22257e-11 1.60015e-11
3.73905e-07 1.97707e-21
4.51864e-10 5.59045e-10
1.18484e-10 5.34653e-11
3.91843e-16 2.91016e-18
1.42905e-15 2.29704e-10
3.66529e-13 2.10808e-10
8.28891e-17   0.0390194
  0.0011907 3.37025e-12
2.46641e-08 3.02083e-08
3.60443e-06 1.86847e-10
4.45897e-11 2.68011e-09
3.11238e-16  3.3939e-15
6.32137e-09  1.6714e-08
  0.0193366 1.19195e-10
 0.00809027 4.24591e-11
7.29922e-07 3.84654e-11
1.73843e-11 1.00583e-11
5.24079e-05 6.39291e-10
7.71341e-05 3.22021e-12
  0.0202866 1.19502e-10
3.93321e-05 1.97962e-10
 0.00247223  6.9275e-12
7.66026e-05 8.06508e-10
3.24976e-09 1.90314e-06
  0.0150643 7.75641e-11
  0.0423019 2.73551e-10
 8.1728e-10 3.90287e-06
  0.0138761 6.91679e-11
0.000363486 1.18423e-22
4.53787e-07  5.2992e-12
1.18615e-07 1.20314e-10
0.000648984 1.89361e-12
  0.0121444 6.29599e-11
1.31087e-05  5.6621e-11
 0.00195797  5.5046e-12
2.69589e-08 8.02173e-12
2.28082e-09  1.7198e-12
3.77599e-11  1.1908e-06
1.35532e-10 4.62135e-15
1.44649e-08  2.4367e-13
  0.0110102 5.84354e-11
7.81078e-16 3.14438e-16
1.56862e-11 1.27691e-11
2.73648e-08 1.18699e-15
6.61838e-06 8.77388e-09
  4.046e-07 2.08367e-11
7.47674e-06 2.82613e-11
  0.0179392 1.15049e-10
6.96409e-13 3.60568e-17
3.31228e-06 1.90481e-11
8.72901e-06 2.42273e-10
1.77432e-20 2.80944e-15
3.60206e-13 2.12511e-10
7.76498e-17 3.75341e-13
2.17957e-17 4.01605e-18
 1.1593e-17 1.10006e-20
9.40915e-12 4.68241e-16
 2.8799e-14 2.97402e-10
1.15565e-05 5.71721e-11
5.31762e-11 9.51319e-15
 0.00421784 2.72879e-11
2.42168e-11 4.47631e-11
1.02377e-11 3.70818e-14
1.82606e-06 1.07418e-13
3.75073e-11 2.34434e-05
1.17531e-15 1.40493e-11
6.40802e-06 1.10867e-08
1.88396e-07 1.50755e-11
 6.7272e-08 3.95922e-07
5.20893e-11 2.35542e-09
 0.00615369 3.20585e-11
7.15975e-27 1.10687e-24
2.58052e-16 2.88358e-06
2.34113e-06 5.41306e-12
1.85263e-09 2.18679e-09
1.27899e-21 4.14275e-22
1.16122e-08 1.83157e-13
4.54244e-08 1.60047e-16
8.94223e-12 3.02432e-18
4.55167e-11 2.87879e-11
  0.0123679 7.16385e-11
 0.00429563  2.6142e-11
1.03639e-09 1.88267e-10
3.20248e-11 4.76143e-15
2.16326e-10 1.06043e-09
8.00834e-22 7.30973e-17
3.92765e-12 3.03356e-18
  0.0123457 4.18872e-11
2.03311e-15 3.60155e-17
6.18491e-21  1.6736e-22
2.31939e-18 4.60378e-14
1.02827e-06 1.10371e-09
  0.0445652 8.19911e-21
9.26556e-12 2.69097e-16
8.26759e-05 2.26195e-08
  0.0016013 9.75896e-12
6.83669e-10 2.98342e-09
1.52143e-06 5.69076e-12
  0.0130706 8.49401e-11
3.36279e-05 1.18273e-10
1.05089e-17 1.03123e-10
 0.00902472 4.70544e-11
 0.00232828 2.12307e-11
4.31187e-06 3.36523e-10
1.42065e-07 7.33565e-08
5.82695e-06 1.00982e-08
7.04718e-13 1.52275e-14
  0.0145738 9.01655e-11
1.12102e-05 4.01083e-14
 2.0827e-13  1.5132e-12
3.43871e-05 9.98214e-10
  0.0117035 2.32585e-10
1.79949e-08 9.48912e-17
8.17413e-20 2.06772e-25
2.02641e-12 1.16613e-09
1.60328e-15 2.77244e-11
5.13488e-07 2.83996e-15
1.19502e-11 1.00745e-11
2.95747e-07 3.58141e-07
1.69988e-08 2.30794e-22
1.01295e-09 3.59497e-12
 0.00175752 9.74571e-12
 0.00024202 1.86537e-09
 0.00134431 5.17297e-12
  0.0273519 1.74809e-10
8.35946e-06 4.01696e-11
4.21555e-09 4.99462e-07
1.23797e-07 2.51419e-07
 0.00102951 4.92435e-12
7.15117e-07  1.0708e-12
7.35247e-14 2.26132e-13
4.32117e-06 2.19741e-10
   0.011456  5.9636e-11
  0.0449808 2.90671e-10
 0.00010433 2.16378e-09
 0.00338465  1.0021e-11
6.12589e-09 5.46066e-14
1.39056e-05 4.74135e-07
4.72619e-11 5.38253e-15
 0.00214477 1.04069e-11
2.57954e-12 3.51644e-14
2.94666e-09  2.0284e-14
1.91893e-10 2.42706e-13
9.22327e-05 3.73782e-10
4.52374e-08   0.0042035
6.40737e-15 5.01815e-14
4.79722e-09 4.27996e-14
  0.0173722 8.74535e-11
  0.0179843 1.06471e-10
  0.0175144 1.13849e-10
  0.0002898 2.20081e-10
5.90112e-13 1.91861e-12
1.50345e-05 4.52989e-07
2.60438e-10 9.24252e-13
 3.6279e-06 4.01272e-08
9.29587e-10 1.42156e-16
2.31998e-09 4.19267e-13
1.77501e-11 2.17345e-13
  0.0431507 2.61543e-09
1.00245e-08 1.20457e-13
5.21011e-12 1.66896e-11
5.25595e-09 3.16351e-07
7.96644e-10 4.00531e-06
9.66611e-10  1.5098e-10
7.62382e-05 3.18353e-12
7.46629e-08 1.51468e-07
 0.00982235 6.27906e-11
 0.00334083 1.18971e-11
8.74035e-13 2.48184e-11
5.54846e-12 1.66584e-11
 2.5278e-07 2.12262e-07
1.68135e-08 8.62543e-11
  0.0057883 3.07836e-11
7.03737e-07 5.76808e-15
8.89415e-11 4.23436e-06
1.60644e-06 5.41361e-11
2.15356e-07 9.32257e-10
4.21447e-16 1.52336e-11
0.000177439 1.63868e-12
7.96358e-08 3.18741e-07
4.23091e-09 5.17536e-09
0.000110802 4.80084e-13
 6.9432e-07 1.04495e-12
  0.0170961 1.06526e-10
8.70737e-12 5.06317e-15
9.16126e-11 3.72885e-06
2.46232e-12 1.56414e-05
 4.4579e-08 2.34383e-12
4.15122e-06 8.38856e-11
0.000289869 8.20784e-13
1.25269e-05 2.78717e-07
9.29926e-08 2.76619e-07
1.08613e-11 7.88212e-10
1.89775e-08 8.29279e-16
1.34148e-08 6.81638e-09
 0.00249911 1.31041e-11
9.12691e-11 2.00619e-08
3.55551e-06 1.00731e-14
0.000150614 5.32509e-10
7.44158e-09 4.34932e-08
7.87149e-08 2.16705e-14
1.90244e-07 1.51943e-11
2.55524e-15 4.28771e-17
 0.00147635 1.50474e-11
1.24109e-11 1.48143e-11
2.60612e-08 3.16128e-22
1.91712e-06 3.67275e-10
 2.9669e-15 1.70641e-12
8.50103e-06 2.05699e-09
1.49112e-09 1.11722e-12
 0.00954556  4.9553e-11
3.48295e-08 2.11667e-11
1.88592e-17 9.35558e-10
2.11904e-11 1.07863e-10
1.40185e-08 7.14232e-12
 4.8995e-12  1.3228e-17
7.26615e-05 6.99977e-08
1.48429e-17 5.08695e-14
1.55768e-12  2.5544e-16
0.000231918 1.06441e-12
2.84095e-07 2.89389e-10
1.66825e-13 2.21559e-09
3.38611e-05 2.22394e-10
 5.5189e-13 1.17832e-14
1.74316e-10 1.62321e-15
6.76806e-11 5.09192e-11
   0.003482 1.22953e-11
  0.0141804 2.34112e-10
1.75032e-13 6.08688e-11
0.000529153 2.62754e-12
6.73773e-12 7.33394e-20
8.40787e-16 9.93607e-15
 5.4351e-10 2.70385e-15
1.10362e-13 2.94237e-25
9.26478e-09 8.79286e-09
 1.3483e-10 1.51021e-08
1.92889e-10 2.68488e-11
 3.3357e-08 3.54843e-05
1.78288e-12 4.39418e-14
2.31122e-10 5.73473e-14
 2.5742e-06 4.92971e-12
 0.00134772 6.40304e-12
1.98226e-10 1.85372e-13
5.55147e-13 2.53498e-17
6.39827e-14 1.05526e-09
3.31812e-08 1.44994e-15
   3.72e-09 7.61595e-07
   0.014024 9.03697e-11
2.25127e-13  7.8307e-11
4.58024e-06 4.86573e-08
1.63233e-06 2.35957e-10
1.56181e-12 1.76997e-05
2.07842e-05 1.96369e-10
 0.00798809 4.10993e-11
  0.0191816 1.15879e-10
1.71117e-05 1.27719e-12
1.06534e-09  5.5159e-14
6.29875e-07 3.61714e-12
 4.0223e-10 4.04024e-15
9.62661e-07 3.01906e-11
 0.00708422   7.017e-11
6.19563e-15 1.62141e-17
3.66909e-11  1.1675e-10
  0.0155733 8.11475e-11
2.86212e-10 9.20494e-10
  0.0145351 5.71446e-10
 0.00555002 2.88578e-11
4.70003e-10 9.60202e-09
1.03876e-20 1.78687e-17
5.90962e-14 1.20994e-08
 0.00272989 1.31901e-11
  0.0154937 1.06576e-10
2.40097e-05 7.90785e-09
1.60733e-12 1.35118e-12
1.18711e-08 2.90998e-12
5.76234e-05 4.85885e-11
6.31604e-05 4.47747e-13
 0.00111463 3.99046e-12
 1.5457e-09 5.74418e-09
 2.0587e-10 2.19963e-13
1.21591e-11 2.03074e-12
4.02651e-09 9.43542e-10
1.84949e-09 1.17096e-09
 0.00895325 4.75773e-11
0.000684593  6.3581e-11
3.15681e-05 8.98137e-14
 0.00724167  4.4196e-11
2.92075e-05 1.18614e-10
3.10889e-08 8.05314e-10
1.07408e-06 2.22029e-06
 3.2567e-06 5.06214e-10
5.51982e-15 5.42686e-18
 1.5953e-08 1.36153e-11
  0.0143365 8.97414e-11
2.16959e-09 2.05563e-12
9.83895e-07 3.41707e-11
2.66147e-07 1.21823e-15
2.10081e-09 2.03953e-12
 0.00371375 2.27829e-11
9.87605e-07 3.40606e-11
5.35767e-07 7.14541e-07
1.20209e-09 7.07989e-12
2.20883e-08 8.21237e-13
7.33833e-10  5.6072e-10
9.79014e-18 7.79385e-14
3.17588e-11 1.45941e-06
0.000361777 4.43296e-09
2.33889e-07 9.10161e-10
1.65292e-16 7.61802e-16
6.23699e-06 5.89033e-11
1.14724e-11 3.83075e-13
5.06469e-11 4.25757e-11
2.53001e-15 9.62646e-20
  0.0345612 1.36514e-10
3.65157e-08 1.57984e-10
2.39849e-11 5.82783e-11
4.00039e-09 1.19527e-06
9.81624e-09 3.43584e-10
1.10735e-08 5.65538e-08
6.44884e-05 6.39372e-11
8.59813e-15 1.62854e-15
1.16389e-12 5.43768e-17
1.94306e-07 1.11463e-12
 2.7559e-09 1.20035e-11
 0.00467687 2.55979e-11
1.84887e-14  1.0017e-07
1.60851e-06 9.43473e-12
7.65314e-17  3.7349e-13
1.15799e-07 3.00917e-07
 2.4888e-13 4.50951e-14
7.11057e-08 1.07265e-09
8.96236e-06 8.78241e-09
8.79795e-09 4.12896e-12
9.12299e-10 1.74255e-12
8.23301e-11 2.82233e-14
1.67106e-16 7.70164e-16
2.86893e-06 3.02077e-08
2.15756e-11  1.3932e-18
  0.0150523 7.96154e-11
4.73315e-11 1.45528e-15
0.000636484 9.11208e-09
0.000603217 7.63546e-09
0.000231025 6.80091e-13
7.17175e-05 6.90919e-08
0.000932762  1.3347e-08
5.79859e-13 8.04968e-05
 1.3618e-18 2.41291e-20
7.23384e-09 1.52057e-11
6.39856e-20 2.80245e-18
0.000417032 1.49932e-12
   0.053277  1.4258e-10
1.10439e-15 1.15661e-10
3.35273e-11 1.21467e-16
1.54063e-08 2.48412e-08
8.38529e-15 9.83421e-15
3.08182e-16 3.42348e-15
 0.00325012 1.41867e-11
8.32091e-14 3.83529e-13
     0.0123 7.53268e-11
1.01972e-08 5.35445e-08
 0.00018821 7.12961e-10
 0.00269661 1.40027e-11
1.40725e-08 6.06477e-12
 6.0718e-09 1.29116e-08
4.16525e-06 3.34462e-12
1.67602e-10 3.81572e-12
4.31428e-13 2.11555e-13
1.36291e-12 4.19058e-17
8.06437e-05 4.12532e-10
2.91608e-10 7.17496e-10
0.000441004 2.28573e-12
1.27653e-08 7.26429e-17
 0.00286563 1.88144e-11
 0.00513338 2.67082e-11
4.98542e-13 1.86943e-12
 0.00421504 1.54373e-11
  0.0123243 5.87763e-11
 0.00968097 5.01909e-11
 0.00285712  1.5118e-11
1.44326e-12 2.11499e-16
7.71379e-11 9.41851e-11
1.44657e-14 0.000293463
2.85459e-07  1.7121e-06
9.14938e-11 2.69581e-15
 1.4226e-15 2.98985e-11
0.000112309 7.04337e-20
6.33719e-10 2.70389e-11
 0.00110963 5.55866e-12
1.30406e-07 3.43788e-07
 0.00492076 2.52049e-11
 2.7416e-11 5.33081e-07
  0.0119967 8.32744e-11
3.74652e-08  4.9324e-14
4.06241e-11 1.41536e-10
2.32012e-07 1.80894e-10
4.08347e-13 2.42903e-13
4.96304e-17 1.95812e-16
4.40801e-08  4.9506e-09
1.51638e-07 1.40563e-12
8.75722e-17 4.03625e-16
2.07852e-10 8.04506e-15
1.29901e-09 1.06541e-10
 6.2447e-06 7.78728e-09
1.38141e-16 2.95045e-08
1.17423e-06 5.90264e-11
1.24263e-10  4.2958e-13
6.18404e-10 8.59728e-11
4.87615e-17 1.92332e-16
9.65198e-07 3.48993e-11
 1.4695e-06 1.42602e-11
1.13904e-09 6.64238e-07
 0.00101469 8.51896e-11
8.78385e-09 3.04273e-07
 0.00939677 5.56806e-11
  4.508e-13 9.16817e-19
3.26407e-07 2.93777e-11
4.44118e-11 2.91624e-09
1.62607e-07 3.86091e-07
1.60336e-11 5.44339e-12
3.78767e-07 2.15866e-07
0.000956881 3.60586e-12
1.15004e-05  3.8594e-09
6.77665e-10 5.86031e-13
0.000123532 1.76673e-09
3.07956e-07 5.60738e-08
6.31961e-10  7.0148e-13
5.47065e-06 6.67682e-09
 5.2583e-10  9.9944e-10
1.77052e-10 3.37769e-13
 4.2783e-08 3.37653e-09
6.11841e-07  4.5809e-22
4.89834e-13 2.54649e-13
 0.00302148 1.76243e-11
2.58367e-08  2.5606e-09
1.16897e-05 1.96821e-10
1.82012e-11 1.07509e-15
0.000102656 3.63951e-10
2.26369e-09 5.57112e-07
6.72731e-08 1.72893e-07
2.50154e-07 5.55214e-10
1.59975e-07 1.67603e-09
  0.0152275 7.81084e-11
4.85229e-15 1.64944e-11
4.39916e-15 4.55975e-20
5.24678e-19 3.90733e-18
2.47211e-08 7.80644e-12
 0.00320485 2.57623e-11
7.50487e-05 2.12441e-13
2.31852e-11 2.35404e-12
3.30394e-13 5.95657e-11
  6.984e-08 2.55702e-13
 0.00034115 1.53834e-09
2.36324e-05 4.09852e-10
 5.3959e-11 9.65325e-15
  0.0153683 7.88671e-11
0.000161509 5.70183e-10
5.59249e-07 2.72582e-15
0.000108948 2.27273e-09
8.26579e-08 1.05033e-17
  0.0151022 9.66305e-11
1.99629e-07 2.63252e-13
 0.00346749 1.77508e-11
4.20175e-09 2.63473e-07
1.75424e-13 7.73038e-16
4.26719e-07 1.86804e-08
1.54357e-09 2.38088e-08
4.40364e-17 7.53801e-21
0.000116235 6.95997e-10
1.87501e-10 2.54333e-14
7.74366e-10 5.22826e-10
3.63401e-16 5.92895e-20
2.28188e-08 2.90584e-17
 1.3527e-13 7.54861e-11
0.000367456 4.08956e-09
 4.4347e-15 1.84702e-15
1.77195e-13 7.80854e-16
  0.0873716 1.36554e-20
6.58656e-13 4.92767e-13
  0.0100706 5.22915e-11
1.98506e-13 2.16201e-14
3.62835e-09 2.12036e-06
2.77356e-12 2.92303e-11
 4.0931e-11 3.44082e-11
 0.00320285 1.39874e-11
 4.9072e-20 4.93644e-17
6.12412e-16 4.45117e-09
 0.00261223 8.92525e-12
3.40236e-07 6.22898e-12
0.000691141 2.93692e-09
1.78185e-10 2.51544e-14
 5.5737e-13 2.71733e-21
3.01797e-07  3.0465e-10
5.28267e-10 2.66226e-12
1.49446e-11 4.04886e-09
3.62208e-06 5.17798e-12
1.26126e-08 7.20861e-17
8.64962e-09 5.21712e-07
3.88073e-12 1.83992e-07
1.43032e-07 4.04893e-16
2.90736e-13 7.68557e-13
8.81371e-12 1.34659e-14
1.71582e-15 1.28608e-10
 0.00300208 3.50169e-11
8.06643e-08 7.93599e-07
1.10196e-07 6.14019e-12
9.60311e-17 1.90656e-12
2.49366e-09 1.41577e-05
6.71255e-07  3.5495e-09
3.90879e-06 1.73177e-11
4.84219e-05 3.17132e-10
  1.017e-06 5.13744e-11
5.30147e-12 1.69469e-11
2.03977e-07 6.18707e-07
0.000207759 4.35299e-09
9.08147e-15 8.31528e-12
0.000281199 3.77715e-09
8.97796e-10  3.2743e-15
6.14071e-13 7.66546e-17
6.56577e-21 2.36031e-13
2.81467e-05  8.0288e-14
8.23087e-14  1.2173e-14
1.72911e-05 7.45344e-11
6.83919e-07 7.91849e-11
4.31941e-08 4.26968e-11
7.84674e-20 3.76727e-17
  0.0090532 4.69018e-11
4.16541e-09 1.00628e-07
 0.00705312 4.10477e-11
2.50118e-07 0.000155712
1.36307e-10 3.19801e-08
1.81805e-06 8.92784e-09
2.36738e-09 3.18753e-11
4.56038e-16 4.06743e-16
3.63054e-05 1.39994e-10
3.55694e-06 2.01764e-09
8.92361e-15 3.05768e-17
  0.0100332 1.04169e-10
4.84301e-21 2.52226e-21
7.17605e-10 9.22054e-10
2.03284e-07 9.94685e-10
2.86334e-13 2.01457e-16
3.41601e-10 3.20771e-15
4.80166e-08 8.76373e-06
5.87555e-08 3.01499e-10
3.57718e-08 2.23779e-11
7.62378e-08 1.17474e-11
4.22657e-09 1.35792e-12
3.26006e-05 1.18335e-09