           0            0
7.29248e-161            0
           0            0
           0            0
2.29262e-259            0
 6.93229e-86            0
4.71945e-294            0
           0            0
           0            0
8.15812e-126            0
           0            0
1.22365e-194            0
 5.4791e-182            0
           0            0
           0            0
1.20551e-101            0
           0            0
2.01132e-231            0
2.64245e-124            0
           0            0
           0            0
6.81159e-267            0
           0            0
           0            0
1.43641e-129            0
 4.02591e-63            0
           0            0
           0            0
6.85715e-241            0
           0            0
9.49281e-113            0
5.43017e-200            0
           0            0
7.56501e-109            0
           0            0
           0            0
1.62469e-157            0
           0            0
           0            0
           0            0
 4.3579e-114            0
7.49242e-256            0
           0            0
           0            0
6.32641e-267            0
3.71408e-211            0
           0            0
1.18083e-241            0
 2.86718e-83            0
 6.7899e-264            0
8.43061e-287            0
           0            0
           0            0
8.17534e-262            0
           0            0
           0            0
1.14891e-295            0
           0            0
           0            0
           0            0
1.01372e-124            0
4.04761e-257            0
           0            0
           0            0
           0            0
           0            0
1.45411e-223            0
           0            0
           0            0
           0            0
 6.15924e-83            0
1.44957e-281            0
 6.16851e-92            0
 8.8684e-275            0
           0            0
           0            0
1.47126e-311            0
 3.20678e-64            0
           0            0
3.53318e-150            0
1.96372e-255            0
2.08445e-284            0
           0            0
           0            0
           0            0
3.77845e-250            0
           0            0
5.09972e-263            0
           0            0
           0            0
           0            0
           0            0
5.90664e-114            0
           0            0
5.70566e-272            0
           0            0
           0            0
           0            0
           0            0
7.80828e-148            0
           0            0
           0            0
           0            0
           0            0
2.23095e-185            0
6.13043e-267            0
           0            0
           0            0
           0            0
7.79783e-251            0
           0            0
           0            0
1.64058e-240            0
3.50432e-227            0
           0            0
           0            0
           0            0
2.19075e-258            0
           0            0
           0            0
7.80954e-258            0
           0            0
           0            0
           0            0
           0            0
1.60241e-280            0
1.50377e-268            0
1.92459e-107            0
 1.2168e-125            0
           0            0
  9.6797e-90            0
1.33946e-101            0
6.91168e-121            0
           0            0
1.32805e-250            0
           0            0
7.86582e-126            0
           0            0
           0            0
2.86285e-281            0
           0            0
           0            0
 2.19447e-85            0
           0            0
           0            0
           0            0
           0            0
7.05288e-151            0
           0            0
           0            0
7.38839e-292            0
           0            0
1.69464e-292            0
3.89091e-279            0
1.13177e-236            0
           0            0
           0            0
9.84262e-282            0
           0            0
           0            0
 2.19944e-72            0
           0            0
           0            0
           0            0
2.30002e-263            0
1.69318e-268            0
           0            0
           0            0
2.60895e-253            0
           0            0
           0            0
           0            0
3.78406e-293            0
           0            0
           0            0
 1.67311e-79            0
5.46418e-285            0
           0            0
           0            0
1.19524e-250            0
3.44982e-286            0
           0            0
           0            0
           0            0
1.90015e-261            0
           0            0
1.34725e-208            0
           0            0
1.32213e-307            0
           0            0
 4.43076e-97            0
           0            0
           0            0
           0            0
1.76194e-105            0
           0            0
5.78202e-198            0
           0            0
8.15593e-114            0
           0            0
3.01071e-241            0
           0            0
           0            0
2.03947e-102            0
           0            0
           0            0
           0            0
           0            0
 1.4252e-148            0
1.11064e-165            0
 2.21674e-30            0
           0            0
           0            0
 3.67071e-81            0
           0            0
           0            0
           0            0
           0            0
1.91781e-224            0
5.93291e-115            0
           0            0
           0            0
1.80093e-266            0
4.63419e-103            0
           0            0
           0            0
           0            0
           0            0
           0            0
           0            0
           0            0
           0            0
5.73082e-311            0
 1.64007e-79            0
           0            0
1.24384e-261            0
           0            0
1.20318e-297            0
           0            0
8.93841e-144            0
           0            0
2.66477e-229            0
9.19834e-262            0
           0            0
2.60051e-170            0
           0            0
1.50862e-257            0
           0            0
1.05567e-258            0
           0            0
5.16689e-281            0
           0            0
           0            0
2.62191e-175            0
           0            0
           0            0
           0            0
           0            0
           0            0
           0            0
           0            0
2.42547e-288            0
           0            0
           0            0
           0            0
           0            0
           0            0
 3.13984e-78            0
6.35505e-122            0
 1.76944e-63            0
           0            0
           0            0
 3.73477e-78            0
5.23675e-254            0
 5.49738e-80            0
           0            0
           0            0
2.12548e-281            0
           0            0
4.80321e-216            0
1.59246e-189            0
           0            0
6.11245e-116            0
           0            0
           0            0
           0            0
           0            0
 1.08399e-74            0
           0            0
5.67851e-163            0
           0            0
 5.06471e-80            0
 3.73559e-97            0
           0            0
           0            0
           0            0
  3.6401e-53            0
9.25879e-321            0
           0            0
3.14505e-260            0
           0            0
           0            0
           0            0
1.52814e-262            0
           0            0
           0            0
1.46543e-296            0
           0            0
           0            0
 1.22643e-86            0
           0            0
           0            0
           0            0
5.18278e-154            0
3.35208e-157            0
           0            0
           0            0
 5.89374e-79            0
1.43774e-171            0
           0            0
           0            0
1.53559e-176            0
4.23856e-257            0
           0            0
           0            0
           0            0
           0            0
1.24263e-272            0
           0            0
           0            0
           0            0
5.86201e-182            0
           0            0
           0            0
           0            0
           0            0
 2.8072e-111            0
           0            0
           0            0
           0            0
2.64581e-275            0
           0            0
           0            0
2.32406e-104            0
           0            0
           0            0
           0            0
           0            0
           0            0
1.10791e-102            0
           0            0
1.22468e-223            0
3.29573e-119            0
           0            0
           0            0
           0            0
 6.34677e-90            0
1.60828e-263            0
           0            0
           0            0
           0            0
           0            0
           0            0
           0            0
2.13843e-107            0
5.76518e-162            0
1.47719e-110            0
           0            0
           0            0
           0            0
           0            0
           0            0
3.47045e-257            0
1.64432e-141            0
           0            0
           0            0
2.50059e-231            0
  9.7559e-75            0
           0            0
           0            0
           0            0
 4.07267e-99            0
           0            0
 2.29758e-81            0
1.51163e-255            0
           0            0
           0            0
           0            0
           0            0
           0            0
1.89325e-280            0
           0            0
2.00766e-266            0
4.28861e-148            0
8.42993e-116            0
           0            0
           0            0
           0            0
           0            0
           0            0
9.49466e-277            0
           0            0
           0            0
9.62863e-222            0
8.93784e-152            0
           0            0
1.79332e-205            0
           0            0
 6.78865e-30            0
           0            0
3.62384e-274            0
1.16052e-133            0
           0            0
           0            0
2.71982e-268            0
           0            0
2.18731e-270            0
           0            0
1.52473e-237            0
           0            0
           0            0
           0            0
 2.9003e-261            0
7.47162e-296            0
           0            0
           0            0
           0            0
2.11745e-283            0
5.01052e-261            0
           0            0
 1.65179e-79            0
           0            0
           0            0
           0            0
           0            0
6.79781e-152            0
1.25722e-243            0
 5.03734e-70            0
           0            0
           0            0
2.99525e-147            0
2.29932e-140            0
1.04871e-155            0
           0            0
           0            0
           0            0
3.87927e-276            0
           0            0
           0            0
 6.16394e-95            0
1.95874e-183            0
 1.42801e-64            0
           0            0
           0            0
1.82855e-260            0
           0            0
           0            0
           0            0
           0            0
           0            0
           0            0
           0            0
1.28551e-164            0
           0            0
           0            0
6.06008e-182            0
1.59971e-208            0
           0            0
7.65699e-254            0
           0            0
           0            0
8.03081e-305            0
           0            0
           0            0
           0            0
           0            0
           0            0
1.14768e-267            0
           0            0
           0            0
 3.8733e-147            0
           0            0
5.24507e-275            0
           0            0
           0            0
 6.52787e-64            0
 3.4688e-141            0
           0            0
           0            0
6.13835e-130            0
1.31787e-254            0
1.93769e-263            0
           0            0
 4.46662e-63            0
           0            0
           0            0
           0            0
8.66577e-222            0
2.79547e-230            0
6.65776e-124            0
2.24459e-177            0
           0            0
           0            0
5.12761e-296            0
           0            0
1.09472e-148            0
           0            0
           0            0
           0            0
           0            0
           0            0
9.25561e-258            0
           0            0
           0            0
2.35146e-210            0
1.55699e-262            0
1.32177e-172            0
           0            0
           0            0
           0            0
           0            0
2.13089e-224            0
           0            0
           0            0
2.03021e-110            0
           0            0
2.96085e-229            0
3.80655e-104            0
           0            0
           0            0
           0            0
           0            0
 3.43153e-82            0
           0            0
7.31431e-258            0
           0            0
           0            0
8.34615e-255            0
9.42312e-268            0
 5.26957e-67            0
           0            0
           0            0
           0            0
           0            0
           0            0
           0            0
           0            0
           0            0
           0            0
           0            0
 9.9174e-262            0
           0            0
5.05456e-182            0
           0            0
           0            0
           0            0
           0            0
           0            0
           0            0
           0            0
2.69573e-147            0
1.36238e-247            0
           0            0
           0            0
           0            0
3.18829e-196            0
           0            0
1.52573e-116            0
           0            0
5.38532e-322            0
           0            0
           0            0
2.18191e-255            0
           0            0
 4.24246e-35            0
2.72963e-317            0
           0            0
           0            0
           0            0
           0            0
           0            0
           0            0
           0            0
           0            0
           0            0
           0            0
3.10017e-165            0
           0            0
           0            0
1.62031e-157            0
5.25812e-284            0
           0            0
7.98767e-294            0
           0            0
           0            0
 8.42345e-61            0
7.11086e-262            0
           0            0
           0            0
           0            0
6.59179e-274            0
5.03579e-114            0
7.02858e-258            0
           0            0
 8.66949e-61            0
 8.5307e-284            0
           0            0
           0            0
           0            0
           0            0
           0            0
           0            0
7.20922e-159            0
           0            0
1.44216e-116            0
           0            0
9.77476e-148            0
4.65556e-174            0
1.16815e-150            0
           0            0
1.26208e-280            0
 1.57736e-99            0
1.24439e-234            0
3.91337e-108            0
           0            0
1.07153e-116            0
           0            0
3.39318e-305            0
1.18961e-319            0
           0            0
 4.05725e-92            0
           0            0
3.34267e-211            0
3.03292e-317            0
           0            0
           0            0
           0            0
           0            0
 5.2328e-130            0
           0            0
3.90184e-284            0
           0            0
 6.4883e-159            0
           0            0
           0            0
           0            0
1.38787e-241            0
1.61871e-296            0
 1.3522e-180            0
9.90942e-298            0
           0            0
           0            0
2.60249e-263            0
           0            0
 2.24744e-96            0
           0            0
 2.10809e-33            0
           0            0
5.93261e-274            0
 4.5104e-263            0
           0            0
           0            0
           0            0
1.04082e-258            0
           0            0
4.86517e-252            0
6.76407e-143            0
5.89848e-235            0
           0            0
           0            0
1.07064e-319            0
           0            0
           0            0
           0            0
   9.541e-79            0
2.34046e-170            0
2.97254e-162            0
 1.4372e-275            0
           0            0
           0            0
           0            0
1.29547e-120            0
           0            0
           0            0
2.42653e-172            0
9.16659e-258            0
1.59105e-121            0
           0            0
           0            0
1.08322e-141            0
           0            0
           0            0
1.08175e-297            0
           0            0
           0            0
           0            0
           0            0
           0            0
7.73508e-165            0
           0            0
           0            0
           0            0
           0            0
           0            0
           0            0
           0            0
           0            0
           0            0
           0            0
           0            0
           0            0
           0            0
1.12318e-259            0
1.93802e-280            0
 5.95794e-51            0
1.73533e-114            0
           0            0
3.52148e-257            0
           0            0
8.91436e-261            0
           0            0
           0            0
           0            0
8.32995e-321            0
           0            0
           0            0
           0            0
           0            0
7.10892e-273            0
           0            0
           0            0
4.47112e-298            0
           0            0
           0            0
           0            0
           0            0
           0            0
1.05551e-299            0
           0            0
           0            0
           0            0
           0            0
           0            0
           0            0
4.95083e-262            0
           0            0
           0            0
4.71644e-101            0
 5.71209e-90            0
           0            0
           0            0
           0            0
8.53902e-145            0
2.54528e-281            0
2.91709e-160            0
           0            0
           0            0
           0            0
           0            0
1.54951e-215            0
           0            0
           0            0
8.63852e-262            0
           0            0
  1.706e-134            0
           0            0
 7.04109e-55            0
5.87519e-171            0
           0            0
           0            0
           0            0
6.22052e-121            0
           0            0
           0            0
           0            0
           0            0
           0            0
           0            0
2.25915e-297            0
           0            0
           0            0
           0            0
 4.6353e-258            0
           0            0
  2.4383e-85            0
           0            0
           0            0
         0.1            0
5.92453e-137            0
           0            0
2.89568e-198            0
8.07382e-229            0
           0            0
1.22739e-239            0
           0            0
           0            0
1.61166e-145            0
           0            0
           0            0
2.77843e-231            0
           0            0
2.97048e-133            0
           0            0
           0            0
3.50374e-259            0
           0            0
           0            0
1.67752e-149            0
3.89917e-310            0
4.06415e-263            0
 4.74262e-67            0
           0            0
1.51976e-299            0
           0            0
2.24038e-126            0
7.58694e-116            0
           0            0
           0            0
           0            0
         0.1            0
           0            0
           0            0
2.62494e-154            0
           0            0
           0            0
7.46979e-271            0
1.94281e-151            0
2.78849e-258            0
 9.35939e-61            0
           0            0
           0            0
           0            0
           0            0
1.79127e-101            0
           0            0
  1.2068e-71            0
3.08147e-260            0
5.75864e-154            0
4.15873e-258            0
           0            0
           0            0
4.86196e-232            0
1.15746e-298            0
           0            0
  3.821e-267            0
5.35548e-289            0
           0            0
           0            0
           0            0
           0            0
1.11095e-148            0
1.94137e-202            0
1.69675e-229            0
2.68609e-248            0
           0            0
1.53867e-119            0
   8.574e-73            0
6.39977e-262            0
2.62538e-160            0
1.50531e-252            0
1.58122e-115            0
           0            0
           0            0
8.80381e-155            0
           0            0
4.24715e-185            0
           0            0
 9.6443e-136            0
1.48783e-179            0
           0            0
           0            0
 2.6491e-128            0
           0            0
           0            0
9.92271e-149            0
8.67787e-188            0
           0            0
           0            0
           0            0
1.04798e-261            0
           0            0
 1.30853e-86            0
           0            0
           0            0
           0            0
 6.93623e-78            0
           0            0
           0            0
           0            0
           0            0
7.85409e-248            0
    0.526316            0
7.10475e-257            0
           0            0
           0            0
           0            0
2.74076e-128            0
2.18971e-271            0
2.12961e-222            0
           0            0
1.97144e-271            0
           0            0
           0            0
           0            0
5.30594e-129            0
           0            0
           0            0
           0            0
           0            0
           0            0
           0            0
           0            0
 5.81135e-56            0
4.68977e-307            0
           0            0
           0            0
           0            0
5.71395e-235            0
           0            0
1.08417e-203            0
1.38863e-154            0
           0            0
           0            0
           0            0
           0            0
7.66251e-284            0
2.57043e-101            0
           0            0
           0            0
1.32965e-241            0
           0            0
1.88729e-100            0
2.52007e-107            0
           0            0
           0            0
1.63473e-311            0
           0            0
           0            0
           0            0
           0            0
           0            0
           0            0
1.70401e-179            0
5.05498e-129            0
           0            0
3.52786e-259            0
2.38387e-174            0
 1.8639e-149            0
           0            0
           0            0
           0            0
1.52458e-268            0
           0            0
           0            0
           0            0
           0            0
           0            0
           0            0
           0            0
 5.59705e-70            0
2.06631e-239            0
6.52799e-171            0
           0            0
           0            0
           0            0
3.97039e-257            0
1.06985e-282            0
1.38265e-234            0
           0            0
1.76652e-153            0
5.51879e-219            0
2.49635e-257            0
7.68071e-139            0
  9.7426e-75            0
8.79729e-148            0
           0            0
2.53697e-263            0
4.27115e-126            0
           0            0
 1.28957e-97            0
           0            0
9.02382e-203            0
           0            0
  3.6654e-99            0
7.70788e-290            0
           0            0
2.58216e-101            0
           0            0
           0            0
           0            0
5.70684e-251            0
6.03352e-200            0
 4.4075e-265            0
           0            0
           0            0
3.77514e-309            0
           0            0
 1.1993e-165            0
1.32037e-105            0
1.52095e-263            0
           0            0
1.01456e-143            0
           0            0
           0            0
           0            0
           0            0
           0            0
           0            0
7.57916e-106            0
           0            0
2.16474e-132            0
           0            0
 1.4354e-106            0
           0            0
4.53442e-285            0
           0            0
           0            0
           0            0
           0            0
           0            0
           0            0
2.51016e-297            0
4.92842e-290            0
           0            0
           0            0
8.10275e-161            0
           0            0
           0            0
           0            0
           0            0
           0            0
           0            0
1.67585e-264            0
1.40257e-285            0
           0            0
 3.60381e-96            0
           0            0
           0            0
           0            0
1.32947e-110            0
           0            0
           0            0
           0            0
           0            0
           0            0
           0            0
3.88557e-196            0
8.02023e-120            0
           0            0
1.05282e-127            0
1.35382e-268            0
3.86495e-128            0
           0            0
8.45754e-285            0
3.36929e-282            0
           0            0
2.41325e-222            0
           0            0
           0            0
2.76525e-263            0
2.26563e-102            0
           0            0
5.33208e-137            0
4.59515e-132            0
1.01475e-276            0
           0            0
           0            0
           0            0
6.34883e-235            0
           0            0
           0            0
           0            0
1.25753e-236            0
1.58858e-106            0
5.66556e-186            0
 4.42756e-69            0
1.10784e-260            0
 4.6603e-136            0
           0            0
1.38069e-272            0
8.28741e-134            0
           0            0
           0            0
3.19397e-152            0
2.14623e-283            0
4.74572e-126            0
9.73972e-152            0
 2.49715e-96            0
1.61485e-248            0
           0            0
  2.0651e-95            0
9.17757e-118            0
           0            0
           0            0
2.85527e-204            0
1.37406e-116            0
           0            0
4.80492e-287            0
1.45336e-248            0
2.23074e-266            0
4.45576e-262            0
 2.6581e-262            0
           0            0
8.19307e-230            0
           0            0
5.74745e-250            0
           0            0
           0            0
           0            0
           0            0
           0            0
           0            0
2.34052e-204            0
           0            0
           0            0
           0            0
4.96691e-219            0
           0            0
6.60003e-268            0
3.03061e-110            0
           0            0
           0            0
           0            0
3.93316e-272            0
9.83914e-278            0
           0            0
           0            0
3.52377e-168            0
           0            0
           0            0
 2.87741e-81            0
1.77893e-198            0
9.11401e-315            0
3.40902e-101            0
           0            0
1.34828e-262            0
1.62774e-109            0
           0            0
           0            0
1.02642e-216            0
7.38891e-160            0
1.43194e-121            0
           0            0
           0            0
           0            0
5.48469e-313            0
   3.07e-244            0
1.28614e-298            0
           0            0
5.01731e-165            0
1.60261e-116            0
           0            0
           0            0
           0            0
           0            0
4.15058e-268            0
           0            0
           0            0
           0            0
           0            0
1.28545e-148            0
           0            0
2.56329e-280            0
           0            0
           0            0
           0            0
           0            0
           0            0
           0            0
           0            0
           0            0
8.04457e-144            0
           0            0
           0            0
4.23148e-116            0
           0            0
           0            0
           0            0
 1.86976e-62            0
5.10572e-132            0
           0            0
 6.22387e-78            0
           0            0
           0            0
           0            0
           0            0
1.36602e-254            0
           0            0
           0            0
           0            0
           0            0
           0            0
           0            0
 5.4922e-102            0
           0            0
           0            0
           0            0
3.40595e-309            0
           0            0
5.64219e-263            0
           0            0
           0            0
           0            0
           0            0
2.15868e-151            0
3.62798e-267            0
1.69487e-255            0
         0.1            0
           0            0
2.22495e-157            0
           0            0
1.76287e-183            0
5.90841e-252            0
           0            0
           0            0
1.09362e-281            0
           0            0
           0            0
1.66764e-285            0
           0            0
           0            0
           0            0
5.33961e-115            0
1.14752e-259            0
           0            0
           0            0
           0            0
           0            0
 1.23084e-44            0
    0.473684            0
5.64747e-297            0
           0            0
           0            0
           0            0
 2.6407e-291            0
2.57253e-269            0
           0            0
5.38727e-121            0
4.03555e-268            0
1.13075e-102            0
           0            0
5.53836e-238            0
           0            0
           0            0
           0            0
4.92581e-260            0
           0            0
2.35955e-217            0
4.20385e-218            0
           0            0
1.54783e-285            0
 2.1236e-217            0
           0            0
           0            0
           0            0
           0            0
           0            0
           0            0
9.91571e-162            0
           0            0
           0            0
1.85595e-126            0
           0            0
           0            0
           0            0
1.01973e-257            0
           0            0
           0            0
           0            0
           0            0
           0            0
           0            0
           0            0
9.99862e-141            0
4.12351e-172            0
8.66621e-317            0
8.77466e-271            0
           0            0
1.28265e-148            0
           0            0
           0            0
           0            0
           0            0
           0            0
           0            0
           0            0
           0            0
           0            0
           0            0
           0            0
6.01113e-259            0
           0            0
4.21218e-169            0
2.36245e-154            0
1.52384e-110            0
           0            0
2.35972e-175            0
           0            0
           0            0
6.89877e-253            0
           0            0
 2.21259e-22            0
 4.2448e-101            0
           0            0
           0            0
           0            0
           0            0
           0            0
 5.09069e-66            0
           0            0
1.11526e-260            0
           0            0
 3.14255e-83            0
 1.2674e-280            0
           0            0
           0            0
           0            0
           0            0
           0            0
           0            0
4.74084e-112            0
           0            0
4.19956e-322            0
    0.526316            0
9.28305e-152            0
5.78262e-292            0
           0            0
 6.33698e-55            0
1.20043e-259            0
6.93678e-290            0
1.68879e-288            0
           0            0
           0            0
           0            0
           0            0
           0            0
           0            0
           0            0
           0            0
 6.96341e-64            0
           0            0
4.61771e-273            0
           0            0
 3.2557e-265            0
6.36758e-311            0
           0            0
           0            0
           0            0
           0            0
4.60518e-256            0
2.89384e-205            0
           0            0
2.25579e-110            0
           0            0
           0            0
           0            0
3.95935e-181            0
1.86937e-259            0
           0            0
           0            0
1.50244e-180            0
 6.3997e-171            0
           0            0
           0            0
         0.1            0
3.32945e-263            0
           0            0
8.00105e-195            0
           0            0
           0            0
           0            0
2.11631e-210            0
 6.23336e-71            0
1.35961e-194            0
1.54086e-208            0
1.85797e-193            0
           0            0
1.38678e-208            0
8.59453e-165            0
           0            0
           0            0
           0            0
           0            0
           0            0
 1.41963e-99            0
           0            0
           0            0
 2.4155e-102            0
4.32549e-111            0
           0            0
           0            0
           0            0
           0            0
3.24022e-105            0
           0            0
           0            0
           0            0
           0            0
3.74366e-282            0
 6.83531e-99            0
           0            0
           0            0
           0            0
3.06957e-114            0
           0            0
           0            0
6.97813e-267            0
4.82355e-111            0
           0            0
8.76668e-152            0
           0            0
9.50074e-259            0
1.26486e-193            0
2.62563e-143            0
           0            0
           0            0
1.43974e-208            0
           0            0
           0            0
 9.2698e-128            0
1.06068e-128            0
           0            0
           0            0
           0            0
           0            0
1.21643e-148            0
           0            0
           0            0
           0            0
           0            0
1.55276e-292            0
           0            0
           0            0
           0            0
           0            0
 4.58162e-66            0
           0            0
           0            0
4.74509e-107            0
1.86711e-156            0
8.40556e-109            0
1.17854e-128            0
           0            0
           0            0
           0            0
           0            0
           0            0
    0.473684            0
           0            0
           0            0
           0            0
           0            0
           0            0
           0            0
 2.4174e-248            0
           0            0
           0            0
           0            0
           0            0
1.88527e-229            0
 1.7158e-162            0
3.80738e-116            0
1.99258e-205            0
2.60058e-204            0
1.39456e-215            0
2.60872e-185            0
           0            0
8.92413e-162            0
           0            0
           0            0
           0            0
1.29277e-129            0
           0            0
1.92815e-114            0
2.07973e-185            0
           0            0
           0            0
4.59704e-289            0
           0            0
1.39453e-266            0
           0            0
           0            0
           0            0
           0            0
           0            0
 8.11621e-86            0
           0            0
           0            0
2.24416e-249            0
           0            0
           0            0
           0            0
           0            0
           0            0
           0            0
2.19594e-264            0
           0            0
           0            0
           0            0
           0            0