1.27518e-108            0
 4.42299e-71            0
  3.649e-106            0
 2.51233e-63            0
1.73405e-112            0
 9.97248e-38            0
2.91545e-125            0
  1.9366e-38            0
 8.72851e-52            0
 1.72134e-56            0
1.97179e-154            0
  4.8891e-85            0
 8.21033e-79            0
6.89132e-115            0
6.26764e-153            0
 9.09773e-46            0
 8.35018e-96            0
   3.149e-97            0
 8.06644e-56            0
1.73947e-146            0
4.56667e-156            0
 1.16879e-92            0
6.67724e-179            0
2.75177e-125            0
 4.17945e-57            0
  1.5866e-27            0
1.50015e-123            0
 1.1288e-142            0
 4.38541e-71            0
 9.9042e-105            0
 1.07754e-50            0
 2.01841e-86            0
7.53914e-136            0
 5.88951e-48            0
5.48458e-153            0
1.85354e-141            0
 9.79286e-69            0
 2.67209e-94            0
2.62032e-237            0
 2.30929e-82            0
 2.18576e-50            0
3.70582e-112            0
 8.58625e-60            0
 4.51322e-94            0
7.74897e-115            0
 2.51229e-91            0
2.42827e-119            0
 2.21715e-70            0
 1.65627e-36            0
6.96473e-114            0
2.04792e-123            0
 7.5812e-149            0
1.41445e-114            0
  1.9759e-84            0
 8.80321e-72            0
3.31263e-168            0
5.51712e-126            0
  1.7107e-90            0
 9.36915e-62            0
4.34552e-153            0
 5.59964e-55            0
8.40692e-112            0
2.32878e-146            0
1.95529e-145            0
6.75401e-189            0
 7.59676e-80            0
 1.06906e-96            0
2.76005e-153            0
 2.11325e-72            0
  4.2143e-85            0
 2.03767e-37            0
1.15849e-123            0
 1.97705e-40            0
1.07039e-118            0
1.22793e-105            0
4.12483e-112            0
3.71441e-102            0
 4.13741e-30            0
 4.07325e-76            0
 6.19049e-68            0
4.71457e-111            0
1.87932e-122            0
1.54278e-165            0
   2.371e-58            0
1.85105e-197            0
1.33895e-108            0
1.85294e-102            0
 5.8059e-113            0
6.62275e-183            0
4.54386e-179            0
 1.45039e-90            0
4.58999e-117            0
 2.50158e-50            0
3.97275e-141            0
4.21565e-100            0
 6.61166e-54            0
7.03708e-103            0
5.67026e-202            0
 1.25496e-43            0
 3.05855e-66            0
6.40641e-122            0
 2.75981e-97            0
5.13447e-114            0
2.84975e-119            0
 5.30936e-83            0
 1.19876e-92            0
1.01324e-126            0
8.77244e-154            0
 4.31004e-70            0
5.26493e-108            0
 7.77651e-95            0
 6.03221e-51            0
8.03682e-103            0
 2.60757e-99            0
2.82467e-134            0
 1.78325e-67            0
 4.06544e-83            0
2.32161e-113            0
3.87625e-114            0
  2.3685e-82            0
4.60912e-111            0
 5.75417e-47            0
 1.65163e-63            0
5.25605e-125            0
 2.72091e-21            0
6.87642e-121            0
4.09477e-115            0
 2.49436e-47            0
 1.18883e-34            0
 1.25419e-90            0
 1.90432e-39            0
 9.34566e-46            0
 4.37326e-53            0
 1.41432e-92            0
7.46066e-108            0
1.90759e-147            0
 6.65364e-55            0
1.40712e-152            0
 3.97142e-76            0
1.65219e-105            0
  2.1915e-54            0
3.55207e-139            0
 1.60765e-37            0
8.59589e-133            0
  5.5663e-91            0
 3.52121e-89            0
3.79304e-166            0
 1.35469e-66            0
5.05084e-132            0
 4.69525e-55            0
1.01821e-125            0
2.78822e-167            0
2.59522e-124            0
 4.0299e-120            0
1.01433e-101            0
 8.29591e-75            0
5.66854e-111            0
2.60983e-120            0
 6.9328e-158            0
1.52281e-119            0
 9.41149e-33            0
6.07001e-134            0
4.88466e-107            0
 7.4312e-153            0
4.27866e-113            0
7.67575e-100            0
5.13824e-179            0
1.87171e-122            0
5.09166e-110            0
9.05344e-130            0
1.28092e-195            0
 2.96555e-91            0
1.21048e-125            0
 4.11938e-57            0
3.55992e-124            0
 6.66695e-37            0
8.20928e-122            0
7.84923e-112            0
  4.692e-135            0
7.27416e-108            0
1.25879e-122            0
  1.6646e-52            0
6.70726e-165            0
3.46636e-184            0
4.03402e-113            0
 4.4157e-127            0
 1.62536e-92            0
3.68042e-100            0
7.19699e-133            0
3.60489e-121            0
 1.05781e-43            0
 2.66462e-90            0
 4.77334e-60            0
  9.9982e-75            0
  1.9774e-47            0
9.80373e-126            0
 9.57713e-88            0
5.89325e-137            0
  3.4159e-50            0
6.13155e-118            0
9.40551e-106            0
 2.33889e-95            0
6.84845e-179            0
 4.63718e-45            0
1.42317e-104            0
 2.79686e-76            0
 5.4593e-137            0
 7.42713e-39            0
 4.24757e-64            0
 1.87247e-72            0
 4.24608e-15            0
 7.29779e-74            0
3.58243e-153            0
 1.28248e-36            0
4.44666e-131            0
 3.30916e-89            0
4.68098e-157            0
7.36699e-128            0
 2.70487e-96            0
 1.23694e-50            0
5.72391e-113            0
 2.13287e-64            0
2.14689e-114            0
 2.37352e-46            0
5.59331e-153            0
 3.24589e-65            0
2.84467e-105            0
8.62725e-124            0
 1.8008e-129            0
 3.8279e-146            0
 1.48205e-30            0
 4.59664e-63            0
 5.5941e-123            0
 5.62623e-36            0
4.97107e-111            0
7.11606e-113            0
2.02048e-135            0
 1.26383e-71            0
 2.20524e-66            0
 1.90009e-62            0
1.25346e-101            0
1.85976e-101            0
3.86325e-113            0
1.32811e-104            0
 2.90195e-75            0
  1.2429e-37            0
1.43136e-106            0
3.42131e-139            0
1.40519e-111            0
2.77356e-105            0
1.39134e-120            0
 1.95227e-47            0
3.22083e-110            0
  1.9059e-75            0
 2.38013e-22            0
4.07486e-174            0
 3.42762e-66            0
 2.03786e-42            0
1.82391e-142            0
 2.48016e-63            0
 3.42495e-95            0
2.62286e-101            0
 3.36264e-65            0
7.63805e-197            0
8.05729e-114            0
5.48443e-107            0
 3.49947e-85            0
 2.36501e-35            0
 7.73906e-55            0
 8.29505e-30            0
 8.15456e-94            0
2.77845e-117            0
 2.72964e-35            0
8.63492e-107            0
 5.77305e-35            0
 1.08384e-56            0
   2.457e-27            0
2.68555e-121            0
4.97629e-144            0
 1.34209e-95            0
 9.84975e-83            0
4.55862e-124            0
 4.47214e-51            0
 3.57343e-79            0
8.02852e-112            0
2.72022e-138            0
 6.49904e-75            0
  8.5212e-34            0
 8.86525e-28            0
 6.22306e-72            0
3.62548e-215            0
 5.72392e-35            0
 9.01461e-44            0
 8.22428e-89            0
 1.20584e-87            0
9.00048e-100            0
  3.3127e-25            0
4.50508e-139            0
4.18155e-103            0
1.66602e-112            0
 5.05621e-98            0
      5e-205            0
 6.11514e-71            0
1.01203e-113            0
 9.44392e-41            0
4.14147e-114            0
 7.3275e-127            0
 2.53111e-95            0
1.38609e-142            0
  4.3834e-39            0
1.59707e-149            0
5.14822e-128            0
1.59597e-113            0
 2.87497e-67            0
 2.20554e-69            0
5.18703e-162            0
 2.43456e-69            0
 1.12796e-35            0
 8.89544e-75            0
5.36159e-128            0
9.73839e-125            0
 5.91649e-78            0
 5.69111e-94            0
7.34984e-188            0
 4.57619e-64            0
1.92071e-159            0
 9.16471e-54            0
 8.67446e-97            0
 6.31213e-45            0
 1.28809e-77            0
7.26137e-140            0
 1.99702e-81            0
 1.25571e-77            0
  6.4197e-47            0
           0            0
3.11516e-131            0
 5.67992e-51            0
 7.4893e-128            0
4.38352e-182            0
3.32815e-185            0
7.52981e-114            0
           0            0
1.24323e-204            0
 5.83835e-47            0
 5.87661e-47            0
2.78997e-138            0
 8.12225e-73            0
 2.32538e-78            0
 1.50272e-71            0
 4.30237e-46            0
 3.90733e-91            0
 6.44248e-98            0
 1.48312e-53            0
9.05925e-157            0
2.06066e-101            0
           0            0
  1.5926e-40            0
4.40569e-113            0
5.82391e-104            0
 2.43583e-86            0
4.21125e-134            0
  3.7242e-37            0
5.14126e-114            0
 4.96709e-63            0
 2.55832e-47            0
 1.57121e-71            0
 1.25871e-47            0
1.88755e-117            0
3.66131e-122            0
1.94472e-136            0
 7.26455e-72            0
9.87693e-127            0
1.55362e-111            0
 2.01675e-62            0
 3.89622e-82            0
3.67506e-231            0
2.41001e-101            0
 8.30788e-34            0
1.12031e-223            0
 4.04622e-62            0
4.01554e-121            0
 1.29817e-43            0
 3.19296e-84            0
 1.09591e-37            0
1.09961e-110            0
 2.48193e-28            0
7.27976e-132            0
           0            0
1.31848e-114            0
6.11095e-153            0
1.03412e-120            0
 5.11641e-97            0
 4.2265e-114            0
 1.22666e-65            0
 4.55096e-52            0
 1.66163e-97            0
2.02617e-140            0
 1.09789e-51            0
  7.9463e-80            0
 1.6498e-116            0
 5.01266e-99            0
 2.40277e-32            0
 1.88988e-63            0
 4.88653e-97            0
 4.78087e-68            0
 5.27097e-97            0
 7.39045e-89            0
  4.7829e-72            0
 7.48192e-14            0
  5.6435e-62            0
1.82923e-115            0
 5.63516e-59            0
 1.35838e-34            0
 9.60509e-62            0
1.10774e-115            0
1.62322e-151            0
1.63641e-116            0
 1.28635e-90            0
 3.17528e-96            0
 1.21342e-94            0
 3.39401e-89            0
 3.87772e-84            0
8.59834e-113            0
1.60709e-105            0
 8.57839e-82            0
  6.5843e-47            0
 2.4415e-111            0
2.60687e-123            0
1.81254e-112            0
3.15436e-117            0
 6.29372e-36            0
6.75473e-215            0
1.08557e-152            0
 1.23943e-94            0
3.05448e-110            0
 4.84778e-66            0
8.51902e-106            0
 1.08316e-30            0
 2.11435e-98            0
1.21213e-101            0
 4.83738e-65            0
 5.28301e-62            0
 9.11687e-70            0
 2.32889e-59            0
2.06149e-147            0
 1.07044e-51            0
7.94716e-119            0
 1.07074e-80            0
 2.63291e-51            0
 1.21738e-42            0
 6.35151e-68            0
 3.57204e-30            0
 9.40316e-39            0
9.77166e-117            0
9.82114e-103            0
  3.4927e-92            0
   6.973e-28            0
4.29147e-124            0
3.49402e-111            0
6.04436e-137            0
9.11066e-107            0
 2.41277e-27            0
 4.94639e-69            0
6.17747e-163            0
1.63109e-197            0
 8.22436e-79            0
 2.60257e-91            0
 3.3797e-184            0
 5.70897e-89            0
6.24353e-146            0
7.81583e-107            0
 2.15176e-95            0
1.24321e-101            0
 1.3147e-190            0
1.87099e-135            0
6.24625e-122            0
           0            0
1.69852e-115            0
2.61061e-167            0
 4.40703e-91            0
 6.76382e-65            0
 1.03833e-57            0
7.15487e-119            0
 1.43597e-65            0
3.02704e-118            0
 6.66068e-30            0
 1.43349e-62            0
 6.94434e-55            0
 9.31227e-77            0
 1.34785e-44            0
1.63081e-110            0
1.67125e-113            0
4.16345e-166            0
 1.61105e-27            0
           0            0
 7.59784e-28            0
 1.08684e-99            0
 4.76437e-97            0
3.40073e-101            0
 1.25277e-54            0
 2.16081e-79            0
9.96371e-110            0
 1.47497e-92            0
2.19747e-111            0
2.99972e-124            0
 8.12155e-65            0
1.04544e-109            0
3.84724e-134            0
 1.22214e-72            0
2.78915e-119            0
2.37912e-104            0
6.04134e-112            0
 1.39165e-47            0
3.11042e-179            0
 4.08672e-92            0
4.25346e-114            0
 4.67841e-76            0
 1.55699e-82            0
 4.5624e-205            0
6.25751e-135            0
 2.55283e-99            0
 2.77423e-96            0
 8.2208e-122            0
 2.65308e-64            0
 1.18937e-47            0
 8.90625e-99            0
1.90745e-101            0
 7.88009e-46            0
           0            0
5.13449e-121            0
4.59195e-187            0
 1.36472e-69            0
  4.3686e-37            0
  1.1199e-76            0
1.46356e-103            0
9.34787e-162            0
 4.76353e-84            0
1.01787e-110            0
2.54548e-116            0
 2.21503e-30            0
1.30683e-104            0
2.52985e-201            0
  1.6593e-82            0
2.78833e-143            0
1.05677e-167            0
7.50194e-181            0
4.42606e-141            0
 4.2306e-112            0
    0.493403            0
9.30772e-101            0
 1.58323e-84            0
 4.76524e-88            0
 1.96995e-79            0
2.76337e-106            0
 6.4687e-108            0
8.71889e-121            0
1.90107e-141            0
2.43116e-181            0
9.54672e-101            0
 5.04063e-70            0
 4.71645e-65            0
1.61434e-108            0
 1.37703e-92            0
5.26612e-114            0
 1.12429e-91            0
 7.63304e-83            0
 4.70343e-57            0
 2.25738e-52            0
  1.2837e-98            0
 2.33798e-83            0
2.00319e-101            0
7.07979e-140            0
4.83545e-111            0
4.71944e-121            0
  4.7355e-17            0
 1.96686e-95            0
3.44419e-113            0
9.26147e-159            0
9.62015e-179            0
5.79685e-212            0
 7.69063e-96            0
3.62353e-119            0
5.49413e-175            0
 4.48067e-63            0
2.14887e-170            0
 5.26816e-89            0
  6.7806e-73            0
  1.2516e-98            0
1.73924e-123            0
 1.73231e-69            0
2.46683e-122            0
 1.87957e-40            0
9.39361e-127            0
7.16609e-188            0
 3.80265e-28            0
 1.29539e-27            0
6.85308e-108            0
 4.1423e-129            0
 8.88492e-42            0
4.72044e-237            0
2.90133e-119            0
 2.58097e-50            0
4.48532e-111            0
1.68369e-186            0
 1.38568e-27            0
2.74518e-121            0
 2.22552e-37            0
 8.02857e-88            0
 1.4952e-138            0
 9.16271e-98            0
1.09008e-110            0
8.13261e-133            0
 3.76596e-69            0
 3.22564e-85            0
 1.84004e-51            0
1.76618e-125            0
 2.89395e-65            0
 5.16716e-77            0
  1.0551e-65            0
 1.4432e-152            0
 5.83048e-88            0
 7.77894e-45            0
8.13778e-102            0
 1.31825e-47            0
 4.75201e-63            0
 1.70936e-53            0
   5.785e-86            0
4.71172e-131            0
6.21935e-113            0
 1.04898e-45            0
 1.62238e-41            0
5.50356e-150            0
 2.44948e-91            0
 1.91769e-95            0
 1.73355e-96            0
 2.6364e-191            0
6.50073e-154            0
 6.25009e-72            0
 2.28012e-58            0
2.09515e-170            0
2.67085e-102            0
3.63177e-109            0
 3.67189e-69            0
 6.57934e-71            0
1.73466e-146            0
 4.57787e-55            0
 2.67925e-70            0
7.42669e-127            0
 9.22438e-79            0
 6.35534e-69            0
  5.4208e-59            0
2.08698e-147            0
2.56533e-113            0
           0            0
 2.98696e-42            0
 7.32667e-69            0
 2.67453e-16            0
5.93347e-193            0
2.82879e-119            0
 1.7914e-113            0
2.57516e-206            0
6.16213e-100            0
8.40209e-147            0
 3.2177e-112            0
 3.89791e-59            0
4.09564e-104            0
 4.79415e-63            0
 3.07578e-77            0
 9.70491e-79            0
  7.5821e-95            0
6.37664e-113            0
9.31768e-207            0
1.09364e-158            0
 8.1239e-109            0
 1.46687e-35            0
  2.8294e-75            0
 7.59092e-71            0
6.38165e-119            0
4.50159e-109            0
4.02633e-127            0
1.05843e-152            0
 3.52631e-54            0
 3.29748e-89            0
2.02543e-174            0
 3.52853e-77            0
2.88337e-111            0
 1.42608e-53            0
  7.1224e-55            0
 3.4231e-138            0
 2.38785e-62            0
 4.54049e-64            0
2.29275e-174            0
 1.26059e-71            0
7.40241e-181            0
5.00986e-145            0
4.81037e-131            0
 1.05966e-99            0
2.47396e-125            0
 8.76259e-72            0
3.71644e-119            0
2.37119e-103            0
9.23495e-119            0
 5.69984e-89            0
3.79493e-125            0
7.22983e-122            0
5.82363e-154            0
9.86625e-179            0
4.29318e-154            0
2.18444e-103            0
 1.38505e-39            0
8.50568e-157            0
   3.145e-85            0
 7.4126e-113            0
 9.7402e-121            0
 4.26304e-23            0
 1.80917e-50            0
 1.9671e-140            0
 1.80955e-93            0
 2.53617e-63            0
 1.3205e-112            0
2.58644e-160            0
 1.35973e-45            0
 2.35237e-27            0
4.39245e-139            0
 4.31331e-79            0
 2.65185e-93            0
2.17215e-118            0
9.52736e-117            0
5.04588e-117            0
 5.17915e-95            0
1.38759e-104            0
2.00434e-121            0
6.69192e-125            0
 4.92901e-63            0
 8.90855e-78            0
           0            0
5.14124e-179            0
8.26493e-130            0
 2.74877e-88            0
 1.74826e-26            0
 8.8258e-154            0
3.22593e-114            0
6.03347e-124            0
 9.22065e-87            0
1.94392e-112            0
3.07465e-242            0
2.07736e-174            0
 1.78895e-44            0
 1.55279e-40            0
5.32145e-118            0
 3.43109e-84            0
 6.01411e-83            0
 5.67506e-65            0
3.31126e-121            0
 8.39642e-70            0
 3.26807e-43            0
 1.6921e-116            0
  5.8271e-80            0
 2.72694e-76            0
 1.16322e-94            0
 9.75079e-75            0
5.53634e-128            0
6.73962e-113            0
  4.3894e-69            0
 2.59137e-59            0
5.21358e-150            0
 5.76639e-24            0
 1.63508e-74            0
2.03217e-183            0
1.28854e-156            0
 2.26421e-81            0
 4.26393e-53            0
8.46246e-146            0
 1.27584e-63            0
5.01337e-140            0
1.12169e-158            0
4.60554e-153            0
1.49015e-247            0
6.17317e-122            0
 3.42161e-87            0
1.44383e-146            0
  7.4558e-96            0
3.74273e-111            0
1.17355e-225            0
 1.64881e-37            0
 1.36484e-95            0
5.88149e-103            0
       0.025            0
 2.01033e-60            0
 9.26424e-92            0
  1.2464e-86            0
   3.104e-99            0
1.28116e-211            0
4.89824e-101            0
 2.28013e-80            0
4.40698e-119            0
 6.20381e-58            0
7.30206e-128            0
1.51496e-127            0
2.47181e-101            0
  2.609e-122            0
 8.42088e-60            0
5.52075e-142            0
6.78893e-131            0
1.29177e-112            0
 2.4666e-201            0
2.92877e-175            0
 5.51085e-65            0
 1.4022e-117            0
1.81222e-113            0
 2.15945e-30            0
 6.64005e-79            0
 6.40858e-99            0
1.09679e-161            0
 9.16254e-57            0
 4.43833e-52            0
 9.53204e-25            0
3.37685e-140            0
5.94549e-212            0
       0.025            0
2.57076e-191            0
 1.09957e-90            0
  3.9788e-67            0
           0            0
1.05241e-133            0
1.91012e-116            0
 8.39184e-66            0
3.18938e-112            0
 1.32861e-27            0
1.67144e-168            0
 5.53254e-62            0
2.24423e-137            0
8.82456e-157            0
 1.10826e-45            0
 1.80809e-27            0
 2.02806e-33            0
4.00276e-113            0
 2.94868e-67            0
3.76264e-112            0
1.62965e-200            0
 1.04454e-71            0
 1.84895e-98            0
6.00498e-128            0
 3.81789e-62            0
6.16014e-115            0
1.27033e-124            0
8.55313e-154            0
1.35904e-109            0
 5.20961e-90            0
 3.47216e-92            0
 1.26997e-64            0
 1.78159e-88            0
 1.58906e-99            0
5.86027e-107            0
1.40529e-129            0
 1.03555e-53            0
    2.22e-33            0
6.68175e-108            0
 8.18651e-70            0
8.92681e-111            0
 6.32808e-51            0
1.79566e-189            0
 1.01224e-57            0
 1.68204e-68            0
 2.05512e-25            0
 4.45695e-82            0
 8.33051e-73            0
 2.66148e-59            0
 1.31137e-78            0
9.49894e-159            0
8.19204e-147            0
 1.26871e-56            0
 2.95481e-93            0
 1.2225e-129            0
 1.22507e-65            0
 5.99308e-82            0
 8.23443e-88            0
 3.29665e-66            0
 4.3882e-151            0
1.70808e-113            0
1.69562e-162            0
 4.85306e-39            0
 1.81592e-29            0
3.76085e-109            0
1.29428e-141            0
 1.11488e-35            0
2.55812e-115            0
 9.19088e-44            0
4.60577e-130            0
5.67804e-154            0
 4.92016e-92            0
    0.506329            0
1.53483e-111            0
3.47083e-215            0
 1.8123e-142            0
 2.18168e-82            0
 1.45333e-56            0
6.88647e-109            0
 3.41217e-97            0
 9.96882e-64            0
7.06254e-109            0
 1.03585e-69            0
1.56079e-119            0
6.75674e-142            0
 6.63762e-57            0
4.47849e-124            0
 1.14146e-41            0
1.32746e-141            0
1.25031e-139            0
1.37279e-140            0
3.56563e-138            0
4.67172e-105            0
 2.50519e-25            0
1.03685e-110            0
7.84751e-105            0
2.97811e-110            0
9.24981e-170            0
5.18049e-104            0
  4.801e-157            0
 4.66325e-90            0
 7.24608e-64            0
 1.8487e-109            0
 1.14894e-91            0
4.58999e-131            0
2.18006e-209            0
2.58074e-121            0
 1.98697e-44            0
3.92567e-127            0
4.44834e-205            0
  1.3844e-70            0
 3.03231e-67            0
  3.4183e-45            0
 2.71146e-48            0
2.50996e-107            0
1.28911e-173            0
3.81233e-102            0
2.18812e-137            0
  5.2476e-97            0
  1.3705e-32            0
5.91826e-134            0
 4.12801e-89            0
7.11417e-167            0
 7.47669e-80            0
 4.89366e-57            0
 9.34937e-42            0
4.37186e-112            0
 5.85123e-78            0
 5.63138e-65            0
 2.96753e-37            0
1.55757e-186            0
3.72269e-156            0
7.87256e-100            0
3.14348e-146            0
7.45499e-113            0
 1.40078e-71            0
1.06592e-189            0
 2.2134e-134            0
6.10445e-145            0
2.65754e-153            0
 1.11094e-30            0
 1.99034e-95            0
 1.67701e-74            0
9.39213e-107            0
 1.9716e-180            0
2.82864e-121            0
1.83449e-111            0
2.38386e-121            0
8.34524e-102            0
4.55829e-106            0
  6.9989e-68            0
 6.86877e-97            0
1.79606e-111            0
 2.82493e-61            0
 8.80907e-34            0
 2.82165e-65            0
 1.38805e-56            0
4.43435e-113            0
 1.49612e-55            0
 1.6097e-116            0
  6.3398e-44            0
2.96113e-134            0
 1.02555e-89            0
 3.50977e-93            0
 1.26571e-43            0
2.11735e-123            0
 2.03302e-36            0
 1.98794e-44            0
1.55263e-106            0
1.03247e-143            0
 2.01348e-70            0
 1.16303e-90            0
 2.06766e-86            0
7.24011e-114            0
1.10422e-204            0
1.14858e-129            0
 6.42144e-98            0
2.16067e-123            0
 1.04712e-73            0
 1.65078e-47            0
4.23612e-113            0
1.14799e-147            0
 7.60987e-63            0
 8.82385e-54            0
4.84142e-188            0
 5.6783e-128            0
1.64934e-192            0
9.79203e-190            0
3.55983e-215            0
 1.29441e-46            0
6.92999e-142            0
 2.09582e-59            0
1.02647e-146            0
 5.63753e-49            0
3.72263e-106            0
3.13542e-123            0
 5.78472e-58            0
7.74275e-108            0
7.75935e-202            0
1.02406e-129            0
6.95774e-105            0
 3.52004e-66            0
6.01927e-122            0
8.27367e-125            0
           0            0
 2.5694e-150            0
  4.5364e-71            0
9.66096e-116            0
           0            0
 3.83729e-84            0
 3.49912e-50            0
   1.072e-85            0
3.66045e-120            0
8.18415e-115            0
7.29505e-123            0
2.80333e-103            0
 2.73795e-42            0
 2.12604e-93            0
           0            0
 3.97619e-40            0
 1.22725e-47            0
6.21684e-222            0
           0            0
1.91561e-218            0
 4.37957e-70            0
5.52682e-111            0
5.64468e-150            0
 1.27634e-85            0
 6.62205e-54            0
  2.4747e-73            0
 2.39134e-57            0
4.01198e-115            0
 1.24202e-56            0
           0            0
8.27462e-123            0
6.62286e-122            0
 8.07357e-57            0
 3.89652e-97            0
9.98462e-130            0
1.29204e-157            0
2.77559e-114            0
 4.74555e-45            0
 2.75108e-99            0
 1.96008e-60            0
 2.85427e-58            0
1.73652e-100            0
           0            0
1.24239e-104            0
1.60914e-139            0
5.31332e-104            0
2.42604e-130            0
 2.33241e-29            0
5.69654e-158            0
1.04034e-101            0
 6.25179e-48            0
 4.04254e-81            0
 2.87394e-30            0
1.56618e-112            0
 4.61551e-61            0
 6.42817e-72            0
 8.89688e-97            0
 4.99937e-59            0
 2.88826e-97            0
7.22648e-109            0
  1.7868e-67            0
4.81372e-122            0
 1.53448e-55            0
 6.61669e-67            0
 3.06355e-42            0
3.49675e-102            0
  8.5103e-52            0
 6.41918e-42            0
  1.0081e-52            0
 2.7348e-126            0
 3.41789e-95            0
 2.54947e-89            0
 2.20982e-52            0
 2.70042e-51            0
 1.33679e-90            0
 3.4059e-102            0
4.33492e-114            0
1.89582e-112            0
5.80685e-113            0
 3.21506e-89            0
1.15802e-100            0
 1.66593e-37            0
1.25201e-107            0
 1.15694e-72            0
 1.39157e-70            0
1.63189e-112            0
1.56596e-123            0
 6.47405e-79            0
1.35099e-105            0
 2.33388e-89            0
1.61211e-101            0
1.60592e-116            0
 3.52239e-61            0
 6.69705e-97            0
 2.7515e-110            0
1.27786e-115            0
  1.7904e-48            0
2.49406e-126            0
1.01303e-145            0
 1.40504e-27            0
1.86634e-118            0
4.66289e-120            0
  1.3644e-45            0
 7.9631e-112            0
 3.66144e-74            0
2.27818e-114            0
 7.8339e-197            0
 3.88498e-37            0
 4.74966e-88            0
5.28887e-102            0
 1.61576e-44            0
 2.81605e-97            0
1.79699e-113            0
 3.27775e-48            0
8.16728e-112            0
 4.99658e-91            0
 7.71831e-95            0
 1.35838e-70            0
 1.39043e-53            0
 1.56426e-37            0
 5.43864e-44            0
1.42237e-113            0
 1.31872e-99            0
1.40151e-103            0
 6.2112e-128            0
4.51604e-124            0
 1.19287e-72            0
 1.91144e-51            0
 1.12211e-75            0
1.96997e-135            0
7.13615e-105            0
6.29384e-222            0
1.29244e-115            0
2.74172e-132            0
 2.6281e-157            0
 4.01819e-75            0
3.80837e-168            0
 1.40334e-65            0
 1.67902e-92            0
2.77854e-120            0
3.42467e-112            0
7.98449e-148            0
4.04163e-111            0
 1.93299e-92            0
 1.33714e-85            0
 3.17614e-60            0
 1.7391e-162            0
9.40938e-160            0
 1.85262e-62            0
 2.67137e-88            0
 5.26723e-94            0
 2.01246e-51            0
6.37386e-162            0
3.27787e-121            0
1.91538e-107            0
 5.06937e-28            0
 2.92745e-58            0
 9.6639e-130            0
 1.03495e-35            0
1.99459e-136            0
1.33128e-140            0
2.23347e-118            0
7.24184e-172            0
 7.78742e-93            0
4.79151e-105            0
4.29149e-119            0
 3.99786e-59            0
9.11419e-162            0
6.62348e-130            0
5.87997e-125            0
 7.25902e-46            0
2.07488e-117            0
 4.64712e-74            0
3.83543e-138            0
 6.26222e-98            0
1.31786e-107            0
6.25339e-113            0
9.92067e-130            0
 1.52956e-72            0
 2.16523e-73            0
 4.85699e-91            0
 8.60702e-66            0
 8.6036e-115            0
1.20341e-110            0
       0.025            0
 2.5283e-112            0
 6.60452e-69            0
3.15749e-104            0
 6.51437e-68            0
2.70905e-109            0
 3.04258e-93            0
 7.33578e-81            0
2.67667e-120            0
 1.00976e-85            0
 2.11588e-80            0
4.37464e-123            0
  2.7025e-52            0
3.58318e-231            0
1.76699e-142            0
 1.20602e-50            0
1.14974e-112            0
 1.05524e-54            0
4.74086e-102            0
2.99316e-111            0
 9.13422e-95            0
 2.00238e-21            0
    0.493671            0
 3.02293e-72            0
 5.4596e-118            0
2.72169e-149            0
2.50411e-111            0
2.88334e-103            0
9.07136e-116            0
 9.59573e-85            0
 2.53308e-54            0
5.65642e-116            0
  3.4424e-47            0
1.93372e-108            0
 2.79806e-68            0
 7.70941e-57            0
2.41238e-134            0
9.66762e-103            0
2.87066e-113            0
2.83422e-106            0
  1.9799e-95            0
 9.97035e-87            0
 5.13913e-97            0
7.16456e-123            0
  1.9316e-95            0
 1.74417e-27            0
1.25487e-118            0
  3.6189e-96            0
2.86067e-119            0
1.98091e-182            0
7.53761e-117            0
 1.51133e-69            0
2.22122e-114            0
1.66485e-191            0
  1.0508e-55            0
7.96735e-141            0
 2.03513e-86            0
           0            0
3.13072e-111            0
5.12465e-125            0
1.56328e-104            0
 1.89688e-87            0
 2.61716e-86            0
 2.39391e-74            0
 1.93834e-63            0
4.37192e-185            0
 4.20874e-62            0
 1.49038e-74            0
2.49407e-137            0
9.51501e-118            0
2.86247e-113            0
  4.1168e-64            0
1.60811e-192            0
 1.02132e-45            0
4.69627e-143            0
1.78079e-142            0
 3.52213e-85            0
1.17872e-122            0
3.19503e-131            0
9.28558e-130            0
1.70754e-191            0
 9.82082e-73            0
 5.82208e-96            0
1.84339e-112            0
5.69893e-150            0
 1.08825e-73            0
 3.87935e-67            0
 1.10671e-48            0
 3.09674e-60            0
 1.85814e-75            0
3.30865e-114            0
 4.0163e-257            0
6.58186e-111            0
8.34795e-139            0
  1.6256e-10            0
 1.74591e-44            0
7.45127e-132            0
1.28059e-127            0
 6.36064e-52            0
 5.72177e-83            0
2.02215e-180            0
 8.29295e-30            0
1.75635e-144            0
5.52746e-113            0
 6.60964e-75            0
 1.67914e-36            0
 5.3224e-122            0
 1.88467e-92            0
 4.85614e-49            0
8.82361e-109            0
 6.6513e-124            0
6.45718e-183            0
1.48233e-167            0
 2.20221e-50            0
 3.38536e-92            0
9.92767e-138            0
    0.506329            0
 5.60265e-68            0
9.36272e-126            0
 4.0047e-122            0
 5.62223e-24            0
4.19385e-112            0
2.04619e-123            0
7.91367e-125            0
 1.15694e-78            0
3.76047e-112            0
5.01296e-128            0
 9.64427e-39            0
1.66606e-137            0
8.26307e-181            0
3.33753e-138            0
9.99392e-102            0
  5.9233e-29            0
 4.96625e-47            0
1.03393e-117            0
1.21497e-133            0
1.74323e-114            0
5.45424e-123            0
 7.13791e-81            0
 1.18767e-71            0
7.70624e-168            0
4.39357e-187            0
3.27898e-108            0
 3.01838e-89            0
1.87364e-177            0
 1.21986e-47            0
1.55676e-113            0
2.10666e-123            0
2.02491e-135            0
 4.93081e-79            0
2.33622e-112            0
1.59043e-113            0
4.28373e-187            0
 9.47256e-79            0
 1.66716e-76            0
 8.87727e-62            0
 1.47976e-82            0
    0.506061            0
1.95408e-114            0
 7.92374e-51            0
 3.66763e-87            0
 2.38587e-80            0
 2.54375e-63            0
6.02343e-163            0
 3.98456e-92            0
 4.32131e-31            0
 5.01446e-85            0
 3.06792e-90            0
 1.64359e-84            0
 7.20509e-33            0
  2.9918e-90            0
 8.98727e-72            0
1.49634e-105            0
4.14701e-133            0
 1.82751e-67            0
4.17874e-129            0
 3.0373e-122            0
 7.58447e-45            0
 4.10894e-85            0
 9.05252e-54            0
 4.68217e-45            0
 7.62515e-50            0
2.16221e-106            0
2.82205e-110            0
 4.91152e-73            0
 8.30019e-88            0
  2.3302e-48            0
3.29242e-140            0
 1.19953e-91            0
3.15359e-136            0
1.59244e-106            0
6.79304e-122            0
 1.63705e-43            0
6.90065e-109            0
3.54019e-159            0
1.37243e-123            0
 2.36499e-50            0
 3.95765e-36            0
1.05279e-146            0
1.38681e-114            0
 8.24794e-50            0
 1.60859e-91            0
  6.5536e-67            0
4.29368e-106            0
 1.3547e-111            0
 1.13686e-72            0
 2.95341e-64            0
3.53275e-103            0
3.24666e-186            0
  2.5375e-91            0
 2.81163e-83            0
3.07888e-200            0
 2.12297e-56            0
 9.42767e-56            0
6.32013e-100            0
2.09553e-116            0
2.01271e-111            0
2.31673e-119            0
 8.35823e-65            0
2.34679e-184            0
3.32991e-186            0
 3.40566e-92            0
9.37016e-130            0
2.67538e-124            0
9.39188e-126            0
 1.42365e-56            0
  7.6449e-96            0
 1.98381e-86            0
 8.08563e-30            0
2.12647e-223            0
1.37998e-131            0
 3.90565e-47            0
  1.2514e-69            0
 6.04058e-48            0
 9.66941e-56            0
3.64734e-158            0
 2.73987e-88            0
9.33667e-111            0
 2.23762e-82            0
 2.07174e-77            0
    0.493671            0
9.22986e-100            0
2.32471e-142            0
 1.59857e-73            0
3.83275e-168            0
1.18776e-155            0
7.92815e-142            0
5.66359e-107            0
 2.53043e-65            0
 9.7204e-125            0
1.58891e-200            0
 8.39102e-79            0
 1.62981e-99            0
 8.84774e-72            0
 1.92874e-51            0
 7.57994e-89            0
 2.39372e-89            0
 1.13414e-94            0
 8.75378e-81            0
1.78226e-143            0
 1.47354e-69            0
 6.82708e-87            0
 2.74605e-81            0
7.71157e-196            0
 4.07496e-57            0
5.19209e-107            0
 1.85556e-50            0
 1.95383e-81            0
 2.16856e-98            0
1.04286e-193            0
7.06923e-124            0
7.10847e-110            0
1.09949e-115            0
 1.70456e-26            0
 6.09384e-72            0
  4.9745e-66            0
 4.18058e-81            0
8.26708e-211            0
 9.05836e-39            0
 1.08364e-62            0
3.97867e-171            0
 3.1883e-108            0
           0            0
1.76463e-112            0
 1.05432e-77            0
 3.89577e-65            0
5.97826e-118            0
  1.6601e-26            0
4.86948e-114            0
3.49821e-112            0
  4.703e-117            0
1.68139e-106            0
 9.68607e-41            0