        0      0.05     0.486  0.496667
      0.2      0.05     0.486  0.496667
      0.4      0.05     0.486  0.496667
      0.6      0.05     0.486  0.496667
      0.8      0.05     0.486  0.496667
      0.9      0.05     0.486  0.496667
     0.95      0.05     0.486  0.496667
     0.99      0.05     0.486  0.496667
    0.999      0.05     0.486  0.496667
   0.9999      0.05     0.486  0.496667
        0       0.1     0.486  0.496667
      0.2       0.1  0.128667  0.128011
      0.4       0.1  0.131333   0.12591
      0.6       0.1  0.129333  0.119476
      0.8       0.1  0.111333  0.113419
      0.9       0.1     0.116  0.114518
     0.95       0.1  0.117333  0.117804
     0.99       0.1     0.128  0.126629
    0.999       0.1     0.132  0.130895
   0.9999       0.1     0.138   0.13406
        0      0.15     0.486  0.496667
      0.2      0.15     0.134  0.131852
      0.4      0.15     0.126  0.128443
      0.6      0.15      0.13  0.125592
      0.8      0.15  0.112667  0.120404
      0.9      0.15  0.116667  0.121354
     0.95      0.15  0.119333  0.124539
     0.99      0.15  0.136667  0.130804
    0.999      0.15  0.121333  0.124875
   0.9999      0.15  0.133333  0.134758
        0       0.2     0.486  0.496667
      0.2       0.2  0.134667   0.13391
      0.4       0.2  0.131333   0.12961
      0.6       0.2     0.126   0.12653
      0.8       0.2  0.125333  0.122786
      0.9       0.2  0.112667  0.122024
     0.95       0.2  0.118667   0.12397
     0.99       0.2     0.122  0.125107
    0.999       0.2     0.136  0.146941
   0.9999       0.2     0.158  0.167148
        0       0.3     0.486  0.496667
      0.2       0.3  0.143333  0.147007
      0.4       0.3  0.123333  0.132945
      0.6       0.3  0.120667  0.125902
      0.8       0.3  0.109333  0.120647
      0.9       0.3     0.088  0.121143
     0.95       0.3     0.088   0.12742
     0.99       0.3 0.0946667  0.154683
    0.999       0.3 0.0906667  0.238904
   0.9999       0.3  0.166667  0.377727
        0       0.4     0.486  0.496667
      0.2       0.4  0.160667  0.176948
      0.4       0.4     0.132  0.159718
      0.6       0.4      0.11   0.14687
      0.8       0.4 0.0933333  0.140604
      0.9       0.4 0.0793333  0.148278
     0.95       0.4 0.0726667  0.167926
     0.99       0.4 0.0713333  0.256761
    0.999       0.4     0.074  0.428497
   0.9999       0.4     0.488  0.491059
        0       0.5     0.486  0.496667
      0.2       0.5  0.158667  0.207777
      0.4       0.5  0.141333   0.19912
      0.6       0.5     0.104  0.194781
      0.8       0.5     0.084  0.203942
      0.9       0.5     0.076  0.231736
     0.95       0.5     0.068  0.275818
     0.99       0.5 0.0646667  0.400412
    0.999       0.5  0.255333  0.485372
   0.9999       0.5     0.486  0.498207
        0       0.6     0.486  0.496667
      0.2       0.6  0.160667  0.238468
      0.4       0.6     0.144  0.242327
      0.6       0.6  0.122667  0.253477
      0.8       0.6 0.0933333     0.287
      0.9       0.6 0.0833333   0.33367
     0.95       0.6 0.0913333  0.383476
     0.99       0.6     0.266    0.4637
    0.999       0.6     0.486  0.495012
   0.9999       0.6  0.489333  0.498926
        0       0.7     0.486  0.496667
      0.2       0.7  0.161333  0.272779
      0.4       0.7     0.152     0.286
      0.6       0.7     0.142  0.308636
      0.8       0.7  0.137333   0.35453
      0.9       0.7     0.164  0.400529
     0.95       0.7     0.222  0.437842
     0.99       0.7  0.415333  0.482706
    0.999       0.7     0.486  0.497198
   0.9999       0.7  0.489333  0.499009
        0       0.8     0.486  0.496667
      0.2       0.8  0.160667  0.309419
      0.4       0.8  0.155333  0.327563
      0.6       0.8  0.153333   0.35476
      0.8       0.8  0.164667  0.400296
      0.9       0.8  0.219333  0.437423
     0.95       0.8  0.310667  0.463001
     0.99       0.8     0.468  0.489677
    0.999       0.8     0.486  0.497985
   0.9999       0.8  0.489333  0.499089
        0       0.9     0.486  0.496667
      0.2       0.9     0.162  0.343538
      0.4       0.9  0.155333  0.363126
      0.6       0.9     0.164  0.390046
      0.8       0.9  0.190667  0.429743
      0.9       0.9     0.258  0.458018
     0.95       0.9  0.369333  0.475662
     0.99       0.9  0.483333  0.492839
    0.999       0.9     0.486  0.498401
   0.9999       0.9  0.489333    0.4992
        0         1     0.486  0.496667
      0.2         1  0.162667   0.37227
      0.4         1     0.164  0.391219
      0.6         1  0.170667  0.415641
      0.8         1  0.206667  0.448574
      0.9         1      0.29  0.469994
     0.95         1     0.394  0.482574
     0.99         1     0.486  0.494494
    0.999         1     0.486  0.498665
   0.9999         1  0.489333  0.499313
        0         2     0.486  0.496667
      0.2         2     0.176  0.470058
      0.4         2  0.180667  0.476144
      0.6         2  0.195333  0.482576
      0.8         2  0.253333  0.489411
      0.9         2  0.397333  0.493055
     0.95         2  0.477333  0.495055
     0.99         2     0.486  0.497487
    0.999         2     0.486  0.499377
   0.9999         2  0.488667  0.499786
        0         4     0.486  0.496667
      0.2         4  0.181333  0.490468
      0.4         4     0.184  0.491989
      0.6         4  0.203333  0.493539
      0.8         4  0.270667  0.495143
      0.9         4  0.415333  0.496029
     0.95         4     0.484   0.49661
     0.99         4     0.486  0.497881
    0.999         4     0.486  0.499521
   0.9999         4     0.486   0.49991