       0     0.05 0.823333 0.822222
       0      0.1 0.823333 0.822222
       0     0.15 0.823333 0.822222
       0      0.2 0.823333 0.822222
       0      0.3 0.823333 0.822222
       0      0.4 0.823333 0.822222
       0      0.5 0.823333 0.822222
       0      0.6 0.823333 0.822222
       0      0.7 0.823333 0.822222
       0      0.8 0.823333 0.822222
       0      0.9 0.823333 0.822222
       0        1 0.823333 0.822222
       0        2 0.823333 0.822222
       0        4 0.823333 0.822222
     0.2     0.05 0.548667 0.543333
     0.2      0.1 0.463333 0.465127
     0.2     0.15 0.463333 0.462446
     0.2      0.2 0.461333 0.462045
     0.2      0.3    0.474  0.47567
     0.2      0.4 0.467333  0.47904
     0.2      0.5 0.475333  0.48785
     0.2      0.6    0.478 0.500656
     0.2      0.7 0.485333 0.514764
     0.2      0.8 0.490667 0.530801
     0.2      0.9 0.491333 0.548902
     0.2        1    0.492 0.569319
     0.2        2    0.554 0.751129
     0.2        4 0.797333 0.811376
     0.4     0.05 0.548667 0.542222
     0.4      0.1    0.464 0.464526
     0.4     0.15 0.464667 0.463261
     0.4      0.2 0.462667 0.461628
     0.4      0.3 0.461333 0.460548
     0.4      0.4 0.448667 0.460597
     0.4      0.5     0.47 0.476211
     0.4      0.6 0.472667 0.489642
     0.4      0.7    0.478 0.504873
     0.4      0.8 0.483333 0.523537
     0.4      0.9 0.485333 0.546255
     0.4        1 0.481333 0.572108
     0.4        2    0.562 0.763402
     0.4        4 0.817333 0.814016
     0.6     0.05 0.547333 0.540222
     0.6      0.1 0.466667 0.464806
     0.6     0.15 0.465333 0.463948
     0.6      0.2 0.462667   0.4626
     0.6      0.3 0.462667 0.458074
     0.6      0.4 0.426667 0.440113
     0.6      0.5    0.458   0.4613
     0.6      0.6 0.468667 0.479284
     0.6      0.7    0.476 0.496475
     0.6      0.8 0.481333 0.518613
     0.6      0.9 0.477333 0.547629
     0.6        1    0.476 0.581098
     0.6        2 0.575333 0.778161
     0.6        4     0.82 0.816814
     0.8     0.05 0.547333 0.539222
     0.8      0.1 0.466667 0.468375
     0.8     0.15 0.468667 0.465755
     0.8      0.2    0.466 0.464678
     0.8      0.3    0.464 0.457999
     0.8      0.4 0.423333 0.432641
     0.8      0.5    0.432 0.440837
     0.8      0.6 0.446667 0.463082
     0.8      0.7 0.469333 0.487856
     0.8      0.8 0.474667 0.518343
     0.8      0.9 0.466667 0.560058
     0.8        1 0.467333 0.606151
     0.8        2 0.626667 0.796865
     0.8        4 0.823333 0.819936
     0.9     0.05 0.547333 0.539333
     0.9      0.1 0.474667 0.475595
     0.9     0.15    0.472 0.470877
     0.9      0.2    0.472 0.470005
     0.9      0.3 0.471333 0.463287
     0.9      0.4 0.422667 0.432884
     0.9      0.5 0.427333 0.439025
     0.9      0.6 0.440667 0.456094
     0.9      0.7 0.457333 0.485727
     0.9      0.8 0.460667  0.52747
     0.9      0.9    0.452 0.583641
     0.9        1 0.505333 0.638775
     0.9        2 0.751333 0.808877
     0.9        4 0.823333 0.821975
    0.95     0.05 0.547333 0.538222
    0.95      0.1 0.473333 0.476267
    0.95     0.15    0.472 0.471583
    0.95      0.2 0.470667 0.470115
    0.95      0.3 0.472667 0.465948
    0.95      0.4    0.436 0.438069
    0.95      0.5 0.445333 0.443921
    0.95      0.6    0.448   0.4583
    0.95      0.7 0.459333  0.49182
    0.95      0.8 0.450667 0.547821
    0.95      0.9 0.494667 0.615881
    0.95        1    0.572 0.673789
    0.95        2     0.82 0.816467
    0.95        4 0.823333 0.823715
    0.99     0.05 0.547333 0.536778
    0.99      0.1 0.473333 0.476107
    0.99     0.15 0.470667 0.470712
    0.99      0.2 0.472667 0.472501
    0.99      0.3 0.475333 0.468849
    0.99      0.4 0.449333 0.448825
    0.99      0.5 0.450667 0.456334
    0.99      0.6    0.468 0.478674
    0.99      0.7 0.446667  0.53714
    0.99      0.8 0.529333 0.626625
    0.99      0.9 0.599333 0.697794
    0.99        1    0.648 0.749527
    0.99        2 0.822667 0.826337
    0.99        4 0.823333 0.828281
   0.999     0.05 0.547333 0.537111
   0.999      0.1 0.473333 0.474989
   0.999     0.15 0.472667 0.472618
   0.999      0.2 0.472667 0.473389
   0.999      0.3    0.452 0.461905
   0.999      0.4    0.452 0.458705
   0.999      0.5 0.462667 0.480746
   0.999      0.6    0.444 0.538225
   0.999      0.7 0.561333 0.657219
   0.999      0.8 0.662667 0.739773
   0.999      0.9     0.72 0.791892
   0.999        1 0.822667 0.815278
   0.999        2 0.830667 0.832155
   0.999        4 0.832667 0.832501
  0.9999     0.05 0.547333 0.535667
  0.9999      0.1    0.472 0.473696
  0.9999     0.15 0.472667 0.472661
  0.9999      0.2    0.478 0.477262
  0.9999      0.3    0.452   0.4578
  0.9999      0.4 0.462667 0.474108
  0.9999      0.5 0.493333 0.509078
  0.9999      0.6 0.575333 0.651047
  0.9999      0.7    0.672  0.76122
  0.9999      0.8 0.829333 0.812389
  0.9999      0.9 0.831333 0.827011
  0.9999        1 0.832667 0.830958
  0.9999        2 0.833333 0.833203
  0.9999        4 0.833333 0.833244