        0      0.05  0.166667  0.466667
      0.2      0.05  0.166667  0.325667
      0.4      0.05  0.166667  0.325667
      0.6      0.05  0.166667  0.325667
      0.8      0.05  0.166667  0.325333
      0.9      0.05  0.166667  0.325333
     0.95      0.05  0.166667  0.325333
     0.99      0.05  0.166667  0.325333
    0.999      0.05  0.166667  0.325333
   0.9999      0.05  0.166667  0.325333
        0       0.1  0.166667  0.466667
      0.2       0.1     0.056 0.0560698
      0.4       0.1 0.0546667 0.0558015
      0.6       0.1 0.0546667 0.0554563
      0.8       0.1 0.0546667 0.0543416
      0.9       0.1 0.0533333  0.053307
     0.95       0.1     0.052  0.052735
     0.99       0.1     0.052 0.0520427
    0.999       0.1     0.052 0.0520029
   0.9999       0.1 0.0526667 0.0526642
        0      0.15  0.166667  0.466667
      0.2      0.15 0.0573333 0.0591271
      0.4      0.15     0.056 0.0575729
      0.6      0.15 0.0553333 0.0566357
      0.8      0.15     0.054 0.0549124
      0.9      0.15     0.052 0.0537281
     0.95      0.15 0.0526667  0.053338
     0.99      0.15 0.0526667 0.0533598
    0.999      0.15 0.0526667 0.0534577
   0.9999      0.15      0.05 0.0517455
        0       0.2  0.166667  0.466667
      0.2       0.2     0.062 0.0631823
      0.4       0.2 0.0566667 0.0603551
      0.6       0.2 0.0553333 0.0580395
      0.8       0.2     0.054 0.0556141
      0.9       0.2     0.052 0.0540239
     0.95       0.2 0.0526667 0.0535189
     0.99       0.2 0.0526667 0.0529665
    0.999       0.2     0.052 0.0517223
   0.9999       0.2      0.05 0.0515984
        0       0.3  0.166667  0.466667
      0.2       0.3 0.0653333 0.0685086
      0.4       0.3 0.0606667 0.0656534
      0.6       0.3 0.0586667 0.0628809
      0.8       0.3 0.0546667 0.0592594
      0.9       0.3     0.052 0.0568828
     0.95       0.3     0.052 0.0551006
     0.99       0.3     0.048 0.0517423
    0.999       0.3 0.0373333 0.0467507
   0.9999       0.3 0.0386667 0.0490765
        0       0.4  0.166667  0.466667
      0.2       0.4 0.0726667  0.079275
      0.4       0.4     0.062 0.0729358
      0.6       0.4     0.058  0.068327
      0.8       0.4 0.0506667 0.0635422
      0.9       0.4     0.046 0.0599558
     0.95       0.4 0.0433333 0.0569297
     0.99       0.4 0.0293333 0.0545703
    0.999       0.4 0.0306667 0.0690273
   0.9999       0.4 0.0366667 0.0800852
        0       0.5  0.166667  0.466667
      0.2       0.5 0.0773333 0.0937122
      0.4       0.5 0.0646667 0.0854681
      0.6       0.5 0.0553333 0.0797408
      0.8       0.5 0.0466667 0.0751136
      0.9       0.5 0.0413333 0.0737218
     0.95       0.5 0.0346667 0.0750933
     0.99       0.5 0.0266667 0.0883749
    0.999       0.5 0.0373333   0.10456
   0.9999       0.5     0.084  0.121262
        0       0.6  0.166667  0.466667
      0.2       0.6 0.0833333   0.10986
      0.4       0.6 0.0686667  0.102621
      0.6       0.6     0.054 0.0984539
      0.8       0.6 0.0453333  0.098296
      0.9       0.6      0.04  0.103439
     0.95       0.6     0.032  0.112293
     0.99       0.6 0.0313333  0.134668
    0.999       0.6 0.0693333  0.149944
   0.9999       0.6  0.188667   0.19722
        0       0.7  0.166667  0.466667
      0.2       0.7     0.094  0.130886
      0.4       0.7     0.072  0.126601
      0.6       0.7 0.0566667  0.126312
      0.8       0.7 0.0473333  0.133467
      0.9       0.7 0.0413333  0.145951
     0.95       0.7     0.036  0.159961
     0.99       0.7     0.038  0.181855
    0.999       0.7  0.114667   0.21342
   0.9999       0.7  0.199333  0.252968
        0       0.8  0.166667  0.466667
      0.2       0.8 0.0973333  0.156575
      0.4       0.8      0.08  0.156934
      0.6       0.8     0.062  0.161934
      0.8       0.8     0.054  0.176615
      0.9       0.8 0.0446667  0.193724
     0.95       0.8      0.04  0.208654
     0.99       0.8 0.0633333  0.231863
    0.999       0.8  0.194667   0.27166
   0.9999       0.8       0.2   0.29035
        0       0.9  0.166667  0.466667
      0.2       0.9     0.102  0.185522
      0.4       0.9 0.0906667  0.190709
      0.6       0.9 0.0773333  0.200826
      0.8       0.9     0.062   0.22098
      0.9       0.9     0.048  0.239742
     0.95       0.9      0.05  0.254576
     0.99       0.9  0.108667  0.282317
    0.999       0.9  0.199333  0.314386
   0.9999       0.9       0.2  0.322712
        0         1  0.166667  0.466667
      0.2         1  0.111333  0.216581
      0.4         1  0.102667  0.225609
      0.6         1     0.092  0.239487
      0.8         1     0.066  0.262603
      0.9         1     0.054  0.281761
     0.95         1      0.06  0.296941
     0.99         1  0.152667  0.325528
    0.999         1       0.2  0.347748
   0.9999         1       0.2  0.351962
        0         2  0.166667  0.466667
      0.2         2     0.218  0.411331
      0.4         2     0.206  0.418794
      0.6         2  0.172667  0.427253
      0.8         2  0.112667  0.438122
      0.9         2     0.156  0.446878
     0.95         2  0.166667  0.454677
     0.99         2  0.166667  0.467205
    0.999         2       0.2  0.472172
   0.9999         2       0.2  0.472754
        0         4  0.166667  0.466667
      0.2         4  0.247333  0.456576
      0.4         4      0.24  0.458849
      0.6         4  0.211333  0.461861
      0.8         4  0.163333   0.46723
      0.9         4  0.166667   0.47339
     0.95         4  0.166667  0.479873
     0.99         4  0.166667  0.490587
    0.999         4  0.193333  0.494625
   0.9999         4       0.2  0.495086