        0      0.05     0.486  0.496667
      0.2      0.05  0.485333  0.495333
      0.4      0.05  0.485333  0.495333
      0.6      0.05  0.485333  0.495333
      0.8      0.05  0.485333  0.495333
      0.9      0.05  0.485333  0.495333
     0.95      0.05  0.485333  0.495333
     0.99      0.05  0.485333  0.495333
    0.999      0.05  0.485333  0.495333
   0.9999      0.05  0.485333  0.495333
        0       0.1     0.486  0.496667
      0.2       0.1  0.205333  0.207918
      0.4       0.1  0.202667   0.20334
      0.6       0.1  0.199333  0.201294
      0.8       0.1     0.202  0.201251
      0.9       0.1     0.202  0.202724
     0.95       0.1  0.205333  0.204926
     0.99       0.1     0.208  0.205998
    0.999       0.1  0.196667  0.199271
   0.9999       0.1  0.190667  0.192385
        0      0.15     0.486  0.496667
      0.2      0.15     0.216  0.214115
      0.4      0.15  0.216667  0.208937
      0.6      0.15  0.201333  0.205299
      0.8      0.15  0.206667  0.204212
      0.9      0.15  0.206667  0.202182
     0.95      0.15  0.195333  0.199559
     0.99      0.15     0.194  0.198216
    0.999      0.15  0.185333  0.192381
   0.9999      0.15  0.180667  0.191565
        0       0.2     0.486  0.496667
      0.2       0.2     0.216  0.216959
      0.4       0.2  0.213333  0.210739
      0.6       0.2  0.203333  0.205939
      0.8       0.2  0.202667  0.201021
      0.9       0.2      0.19  0.198109
     0.95       0.2  0.200667  0.199546
     0.99       0.2  0.198667  0.202145
    0.999       0.2     0.184   0.18387
   0.9999       0.2  0.131333  0.147779
        0       0.3     0.486  0.496667
      0.2       0.3      0.22  0.219429
      0.4       0.3  0.207333  0.210519
      0.6       0.3  0.194667  0.202764
      0.8       0.3  0.181333    0.1939
      0.9       0.3     0.172  0.188523
     0.95       0.3     0.154  0.183937
     0.99       0.3  0.120667    0.1708
    0.999       0.3     0.092  0.174888
   0.9999       0.3     0.116  0.295692
        0       0.4     0.486  0.496667
      0.2       0.4  0.214667  0.230147
      0.4       0.4     0.192  0.214753
      0.6       0.4  0.177333  0.204951
      0.8       0.4  0.158667  0.196849
      0.9       0.4      0.14  0.193804
     0.95       0.4  0.122667  0.195279
     0.99       0.4 0.0726667   0.23795
    0.999       0.4  0.181333  0.407641
   0.9999       0.4  0.489333  0.485655
        0       0.5     0.486  0.496667
      0.2       0.5  0.226667  0.254171
      0.4       0.5  0.196667   0.23958
      0.6       0.5  0.169333  0.232449
      0.8       0.5     0.142  0.234791
      0.9       0.5  0.125333  0.250486
     0.95       0.5     0.106  0.281521
     0.99       0.5 0.0813333  0.392845
    0.999       0.5       0.4  0.482696
   0.9999       0.5  0.488667  0.497565
        0       0.6     0.486  0.496667
      0.2       0.6  0.239333  0.277243
      0.4       0.6      0.21  0.272554
      0.6       0.6  0.175333  0.276295
      0.8       0.6  0.150667  0.299052
      0.9       0.6     0.134  0.336604
     0.95       0.6  0.124667  0.380954
     0.99       0.6  0.129333  0.460433
    0.999       0.6     0.404  0.494978
   0.9999       0.6  0.504667  0.499588
        0       0.7     0.486  0.496667
      0.2       0.7  0.234667  0.302264
      0.4       0.7  0.221333  0.307597
      0.6       0.7  0.197333  0.322282
      0.8       0.7  0.183333  0.358701
      0.9       0.7     0.186  0.399501
     0.95       0.7     0.236  0.435162
     0.99       0.7     0.444  0.481784
    0.999       0.7     0.506  0.498255
   0.9999       0.7  0.510667  0.500466
        0       0.8     0.486  0.496667
      0.2       0.8     0.236   0.32961
      0.4       0.8  0.224667  0.341917
      0.6       0.8  0.224667  0.362964
      0.8       0.8  0.228667  0.402009
      0.9       0.8  0.293333  0.436526
     0.95       0.8  0.394667  0.461854
     0.99       0.8  0.492667  0.490126
    0.999       0.8  0.507333  0.499533
   0.9999       0.8  0.510667  0.500904
        0       0.9     0.486  0.496667
      0.2       0.9     0.232  0.356831
      0.4       0.9  0.232667  0.372389
      0.6       0.9  0.239333  0.395102
      0.8       0.9      0.28  0.430822
      0.9       0.9  0.381333   0.45793
     0.95       0.9     0.446  0.475743
     0.99       0.9  0.503333  0.493896
    0.999       0.9  0.507333  0.500044
   0.9999       0.9  0.510667  0.501035
        0         1     0.486  0.496667
      0.2         1  0.235333  0.381241
      0.4         1      0.24  0.397416
      0.6         1  0.255333  0.419056
      0.8         1     0.324  0.449645
      0.9         1  0.417333  0.470564
     0.95         1     0.474  0.483328
     0.99         1  0.506667  0.495717
    0.999         1  0.507333  0.500212
   0.9999         1  0.510667  0.501004
        0         2     0.486  0.496667
      0.2         2  0.253333  0.471853
      0.4         2  0.267333  0.477596
      0.6         2  0.308667  0.483693
      0.8         2  0.432667  0.490206
      0.9         2  0.503333  0.493692
     0.95         2  0.507333  0.495606
     0.99         2  0.507333  0.497939
    0.999         2  0.507333  0.499855
   0.9999         2  0.510667  0.500293
        0         4     0.486  0.496667
      0.2         4     0.256  0.490972
      0.4         4      0.28  0.492399
      0.6         4  0.327333  0.493854
      0.8         4     0.458  0.495364
      0.9         4  0.507333  0.496201
     0.95         4  0.507333  0.496755
     0.99         4  0.507333  0.497996
    0.999         4  0.507333  0.499641
   0.9999         4  0.507333  0.500038