        0      0.05      0.78  0.777778
      0.2      0.05  0.105333  0.131351
      0.4      0.05     0.104  0.127784
      0.6      0.05  0.102667  0.126701
      0.8      0.05 0.0993333  0.125388
      0.9      0.05 0.0953333  0.122514
     0.95      0.05 0.0953333  0.120484
     0.99      0.05 0.0946667  0.117798
    0.999      0.05 0.0946667  0.117854
   0.9999      0.05     0.092  0.117565
        0       0.1      0.78  0.777778
      0.2       0.1     0.068 0.0672683
      0.4       0.1 0.0673333 0.0671652
      0.6       0.1     0.068 0.0669638
      0.8       0.1 0.0666667 0.0652992
      0.9       0.1 0.0626667 0.0624676
     0.95       0.1 0.0606667 0.0616285
     0.99       0.1 0.0606667 0.0609169
    0.999       0.1 0.0606667 0.0619636
   0.9999       0.1 0.0646667 0.0648204
        0      0.15      0.78  0.777778
      0.2      0.15 0.0686667 0.0692636
      0.4      0.15     0.066 0.0666203
      0.6      0.15     0.064 0.0652622
      0.8      0.15 0.0633333 0.0643907
      0.9      0.15 0.0593333 0.0622774
     0.95      0.15 0.0586667 0.0611938
     0.99      0.15 0.0593333 0.0630236
    0.999      0.15 0.0666667 0.0663003
   0.9999      0.15 0.0713333 0.0675893
        0       0.2      0.78  0.777778
      0.2       0.2 0.0753333 0.0747418
      0.4       0.2 0.0686667 0.0710766
      0.6       0.2 0.0666667 0.0678993
      0.8       0.2 0.0653333 0.0665509
      0.9       0.2 0.0593333 0.0646472
     0.95       0.2      0.06 0.0640523
     0.99       0.2 0.0593333 0.0651494
    0.999       0.2     0.066 0.0649963
   0.9999       0.2 0.0633333  0.061402
        0       0.3      0.78  0.777778
      0.2       0.3 0.0893333 0.0904338
      0.4       0.3      0.08 0.0802386
      0.6       0.3 0.0773333 0.0760161
      0.8       0.3 0.0686667 0.0693549
      0.9       0.3     0.066 0.0660876
     0.95       0.3 0.0606667 0.0644494
     0.99       0.3     0.062 0.0630361
    0.999       0.3 0.0613333 0.0619655
   0.9999       0.3 0.0613333 0.0693474
        0       0.4      0.78  0.777778
      0.2       0.4  0.108667  0.116251
      0.4       0.4 0.0946667 0.0985703
      0.6       0.4 0.0826667 0.0873307
      0.8       0.4 0.0773333 0.0789832
      0.9       0.4 0.0693333 0.0723392
     0.95       0.4 0.0606667 0.0691688
     0.99       0.4     0.062 0.0711044
    0.999       0.4 0.0593333 0.0939628
   0.9999       0.4 0.0933333  0.134603
        0       0.5      0.78  0.777778
      0.2       0.5  0.135333  0.142135
      0.4       0.5  0.117333  0.121524
      0.6       0.5       0.1  0.107089
      0.8       0.5 0.0853333 0.0955134
      0.9       0.5     0.078 0.0903153
     0.95       0.5 0.0686667 0.0891385
     0.99       0.5 0.0653333  0.104482
    0.999       0.5     0.124  0.154296
   0.9999       0.5  0.153333  0.217696
        0       0.6      0.78  0.777778
      0.2       0.6  0.156667  0.162061
      0.4       0.6  0.133333  0.144875
      0.6       0.6  0.119333  0.131453
      0.8       0.6 0.0973333  0.122291
      0.9       0.6 0.0906667  0.121583
     0.95       0.6 0.0853333  0.126099
     0.99       0.6  0.104667   0.16274
    0.999       0.6     0.144  0.296133
   0.9999       0.6  0.249333  0.518651
        0       0.7      0.78  0.777778
      0.2       0.7  0.164667  0.180258
      0.4       0.7  0.150667  0.169472
      0.6       0.7  0.134667  0.160885
      0.8       0.7  0.122667  0.159668
      0.9       0.7  0.118667  0.170697
     0.95       0.7  0.119333  0.193125
     0.99       0.7  0.139333  0.299838
    0.999       0.7  0.224667  0.544474
   0.9999       0.7     0.498  0.730991
        0       0.8      0.78  0.777778
      0.2       0.8      0.17  0.204664
      0.4       0.8     0.156  0.201575
      0.6       0.8  0.144667  0.203097
      0.8       0.8  0.137333  0.219999
      0.9       0.8  0.141333  0.255342
     0.95       0.8     0.148  0.308799
     0.99       0.8     0.182  0.482122
    0.999       0.8  0.405333  0.704974
   0.9999       0.8     0.756  0.806224
        0       0.9      0.78  0.777778
      0.2       0.9     0.178  0.240346
      0.4       0.9  0.166667  0.246352
      0.6       0.9  0.159333  0.261816
      0.8       0.9  0.153333  0.304687
      0.9       0.9  0.162667  0.366806
     0.95       0.9  0.176667  0.442967
     0.99       0.9     0.244  0.624835
    0.999       0.9  0.673333  0.781721
   0.9999       0.9  0.833333  0.826414
        0         1      0.78  0.777778
      0.2         1  0.190667  0.287696
      0.4         1  0.186667  0.303488
      0.6         1  0.185333  0.332943
      0.8         1     0.196  0.398429
      0.9         1  0.202667  0.476816
     0.95         1  0.213333  0.558658
     0.99         1  0.385333  0.714569
    0.999         1  0.739333  0.813057
   0.9999         1  0.833333  0.831088
        0         2      0.78  0.777778
      0.2         2  0.315333  0.691961
      0.4         2  0.336667   0.71068
      0.6         2  0.365333  0.732802
      0.8         2  0.459333  0.761782
      0.9         2     0.566  0.783535
     0.95         2  0.652667  0.800574
     0.99         2  0.733333  0.823999
    0.999         2     0.818  0.832287
   0.9999         2  0.833333  0.833227
        0         4      0.78  0.777778
      0.2         4  0.693333  0.768381
      0.4         4     0.718  0.772307
      0.6         4  0.765333   0.77754
      0.8         4      0.78  0.786815
      0.9         4      0.78  0.797297
     0.95         4      0.78  0.808178
     0.99         4      0.78  0.825895
    0.999         4  0.833333  0.832499
   0.9999         4  0.833333  0.833249