       0     0.05    0.492 0.493333
     0.2     0.05    0.492 0.493333
     0.4     0.05    0.492 0.493333
     0.6     0.05    0.492 0.493333
     0.8     0.05    0.492 0.493333
     0.9     0.05    0.492 0.493333
    0.95     0.05    0.492 0.493333
    0.99     0.05    0.492 0.493333
   0.999     0.05    0.492 0.493333
  0.9999     0.05    0.492 0.493333
       0      0.1    0.492 0.493333
     0.2      0.1 0.475333 0.481376
     0.4      0.1 0.483333 0.485708
     0.6      0.1 0.486667 0.488671
     0.8      0.1 0.496667 0.494417
     0.9      0.1     0.51 0.499075
    0.95      0.1 0.507333 0.500734
    0.99      0.1 0.501333  0.49879
   0.999      0.1 0.493333 0.492093
  0.9999      0.1 0.481333 0.484567
       0     0.15    0.492 0.493333
     0.2     0.15 0.465333 0.466114
     0.4     0.15 0.474667 0.475772
     0.6     0.15 0.488667  0.48141
     0.8     0.15    0.496 0.486338
     0.9     0.15 0.502667   0.4882
    0.95     0.15 0.494667 0.487151
    0.99     0.15 0.494667 0.483304
   0.999     0.15    0.484 0.484375
  0.9999     0.15    0.486 0.488366
       0      0.2    0.492 0.493333
     0.2      0.2    0.438 0.441315
     0.4      0.2 0.447333 0.456211
     0.6      0.2     0.46 0.465403
     0.8      0.2 0.478667 0.472175
     0.9      0.2    0.488 0.475437
    0.95      0.2 0.480667 0.477911
    0.99      0.2 0.481333 0.484408
   0.999      0.2 0.483333 0.492732
  0.9999      0.2 0.482667 0.493958
       0      0.3    0.492 0.493333
     0.2      0.3 0.391333 0.413446
     0.4      0.3 0.399333 0.427726
     0.6      0.3 0.406667 0.441673
     0.8      0.3    0.434 0.457946
     0.9      0.3 0.453333 0.469162
    0.95      0.3    0.476 0.477372
    0.99      0.3    0.488 0.489332
   0.999      0.3    0.496 0.497204
  0.9999      0.3 0.500667 0.499721
       0      0.4    0.492 0.493333
     0.2      0.4 0.352667 0.413609
     0.4      0.4 0.360667 0.428915
     0.6      0.4 0.376667 0.445259
     0.8      0.4    0.408 0.464932
     0.9      0.4 0.448667 0.477503
    0.95      0.4 0.479333 0.485391
    0.99      0.4 0.493333 0.494554
   0.999      0.4      0.5 0.499195
  0.9999      0.4 0.501333 0.500089
       0      0.5    0.492 0.493333
     0.2      0.5 0.353333 0.431287
     0.4      0.5 0.348667 0.444057
     0.6      0.5 0.361333 0.458021
     0.8      0.5 0.399333 0.474104
     0.9      0.5    0.448 0.483614
    0.95      0.5 0.487333 0.489254
    0.99      0.5 0.494667 0.495925
   0.999      0.5      0.5 0.499466
  0.9999      0.5 0.501333 0.500064
       0      0.6    0.492 0.493333
     0.2      0.6 0.341333 0.448402
     0.4      0.6 0.344667 0.458247
     0.6      0.6 0.354667 0.468856
     0.8      0.6 0.397333 0.480635
     0.9      0.6     0.46 0.487337
    0.95      0.6 0.493333 0.491308
    0.99      0.6 0.494667 0.496487
   0.999      0.6 0.496667 0.499538
  0.9999      0.6 0.501333 0.500037
       0      0.7    0.492 0.493333
     0.2      0.7 0.331333 0.460588
     0.4      0.7 0.342667 0.468068
     0.6      0.7 0.357333 0.476002
     0.8      0.7 0.397333 0.484618
     0.9      0.7    0.474 0.489467
    0.95      0.7 0.494667 0.492423
    0.99      0.7 0.494667 0.496754
   0.999      0.7 0.494667  0.49956
  0.9999      0.7 0.501333 0.500018
       0      0.8    0.492 0.493333
     0.2      0.8    0.332  0.46876
     0.4      0.8    0.338 0.474523
     0.6      0.8 0.361333 0.480573
     0.8      0.8 0.405333  0.48707
     0.9      0.8 0.480667 0.490741
    0.95      0.8 0.494667 0.493073
    0.99      0.8 0.494667 0.496894
   0.999      0.8 0.494667 0.499567
  0.9999      0.8 0.501333 0.500005
       0      0.9    0.492 0.493333
     0.2      0.9 0.330667 0.474307
     0.4      0.9 0.343333  0.47885
     0.6      0.9    0.358 0.483588
     0.8      0.9 0.412667 0.488653
     0.9      0.9 0.483333  0.49155
    0.95      0.9 0.494667 0.493479
    0.99      0.9 0.494667 0.496973
   0.999      0.9 0.494667 0.499567
  0.9999      0.9 0.501333 0.499995
       0        1    0.492 0.493333
     0.2        1    0.332  0.47819
     0.4        1    0.342 0.481855
     0.6        1 0.362667 0.485661
     0.8        1 0.417333 0.489727
     0.9        1 0.488667 0.492094
    0.95        1 0.494667 0.493748
    0.99        1 0.494667 0.497021
   0.999        1 0.494667 0.499565
  0.9999        1 0.501333 0.499987
       0        2    0.492 0.493333
     0.2        2 0.342667 0.489819
     0.4        2 0.351333 0.490732
     0.6        2    0.372 0.491688
     0.8        2 0.440667 0.492788
     0.9        2 0.493333 0.493617
    0.95        2 0.494667 0.494482
    0.99        2 0.494667 0.497116
   0.999        2 0.494667 0.499546
  0.9999        2 0.496667  0.49996
       0        4    0.492 0.493333
     0.2        4 0.345333 0.492489
     0.4        4 0.355333 0.492743
     0.6        4 0.379333 0.493032
     0.8        4    0.442 0.493457
     0.9        4 0.493333 0.493944
    0.95        4 0.494667 0.494634
    0.99        4 0.494667 0.497126
   0.999        4 0.494667 0.499538
  0.9999        4 0.494667 0.499953