       0     0.05     0.83 0.827778
       0      0.1     0.83 0.827778
       0     0.15     0.83 0.827778
       0      0.2     0.83 0.827778
       0      0.3     0.83 0.827778
       0      0.4     0.83 0.827778
       0      0.5     0.83 0.827778
       0      0.6     0.83 0.827778
       0      0.7     0.83 0.827778
       0      0.8     0.83 0.827778
       0      0.9     0.83 0.827778
       0        1     0.83 0.827778
       0        2     0.83 0.827778
       0        4     0.83 0.827778
     0.2     0.05 0.713333 0.665556
     0.2      0.1     0.57 0.568989
     0.2     0.15    0.576 0.577231
     0.2      0.2 0.582667 0.584875
     0.2      0.3    0.596 0.599212
     0.2      0.4 0.607333 0.612493
     0.2      0.5 0.616667 0.619461
     0.2      0.6 0.616667 0.623597
     0.2      0.7 0.616667 0.627772
     0.2      0.8 0.617333 0.632515
     0.2      0.9 0.616667 0.639001
     0.2        1 0.619333 0.648231
     0.2        2    0.746 0.762341
     0.2        4     0.83 0.816465
     0.4     0.05    0.712 0.662111
     0.4      0.1 0.564667 0.565571
     0.4     0.15 0.567333 0.568883
     0.4      0.2    0.574  0.57539
     0.4      0.3 0.582667 0.587829
     0.4      0.4    0.596 0.601188
     0.4      0.5 0.606667 0.611923
     0.4      0.6 0.610667 0.618192
     0.4      0.7 0.611333 0.623312
     0.4      0.8 0.608667 0.628779
     0.4      0.9 0.609333 0.636604
     0.4        1 0.612667 0.648185
     0.4        2 0.759333 0.771254
     0.4        4     0.83 0.819238
     0.6     0.05    0.712 0.662444
     0.6      0.1 0.563333 0.563947
     0.6     0.15 0.562667 0.565573
     0.6      0.2    0.564 0.566774
     0.6      0.3    0.578 0.579683
     0.6      0.4 0.585333 0.591221
     0.6      0.5    0.596 0.601423
     0.6      0.6 0.601333 0.610841
     0.6      0.7    0.606 0.618586
     0.6      0.8 0.607333 0.626073
     0.6      0.9    0.606 0.636301
     0.6        1    0.616 0.650832
     0.6        2    0.784 0.783013
     0.6        4     0.83 0.822194
     0.8     0.05    0.712 0.661889
     0.8      0.1 0.564667 0.563452
     0.8     0.15 0.562667 0.562873
     0.8      0.2 0.562667 0.563252
     0.8      0.3 0.565333 0.568216
     0.8      0.4 0.576667 0.580412
     0.8      0.5 0.583333   0.5914
     0.8      0.6 0.588667 0.600295
     0.8      0.7 0.589333 0.610145
     0.8      0.8    0.598 0.622886
     0.8      0.9 0.600667 0.639404
     0.8        1 0.613333  0.65967
     0.8        2    0.822 0.799744
     0.8        4     0.83 0.825391
     0.9     0.05    0.712 0.660444
     0.9      0.1 0.562667 0.561971
     0.9     0.15    0.558 0.559167
     0.9      0.2 0.556667  0.55767
     0.9      0.3 0.559333 0.560913
     0.9      0.4 0.562667  0.57223
     0.9      0.5 0.572667 0.584084
     0.9      0.6 0.578667 0.595027
     0.9      0.7    0.582 0.606255
     0.9      0.8    0.588 0.623547
     0.9      0.9    0.608 0.646332
     0.9        1    0.618 0.672272
     0.9        2 0.826667 0.811586
     0.9        4     0.83  0.82717
    0.95     0.05    0.712 0.660444
    0.95      0.1 0.559333 0.558924
    0.95     0.15 0.553333 0.555375
    0.95      0.2 0.553333 0.552848
    0.95      0.3 0.547333 0.551627
    0.95      0.4 0.551333 0.564108
    0.95      0.5 0.562667 0.577225
    0.95      0.6 0.570667 0.589988
    0.95      0.7    0.576 0.605714
    0.95      0.8    0.596  0.62925
    0.95      0.9 0.614667 0.657381
    0.95        1 0.638667 0.688501
    0.95        2 0.826667 0.819235
    0.95        4     0.83 0.828256
    0.99     0.05 0.710667 0.660778
    0.99      0.1 0.556667 0.556221
    0.99     0.15    0.552 0.551211
    0.99      0.2 0.541333 0.541811
    0.99      0.3 0.541333 0.549424
    0.99      0.4 0.541333 0.559571
    0.99      0.5     0.54 0.570995
    0.99      0.6 0.537333 0.586326
    0.99      0.7 0.574667 0.618449
    0.99      0.8 0.611333 0.655655
    0.99      0.9     0.71   0.6961
    0.99        1 0.734667 0.739039
    0.99        2     0.83 0.827748
    0.99        4     0.83 0.830201
   0.999     0.05 0.710667 0.660889
   0.999      0.1 0.555333 0.554989
   0.999     0.15    0.542 0.542003
   0.999      0.2 0.543333 0.544879
   0.999      0.3     0.56 0.563594
   0.999      0.4     0.56 0.569872
   0.999      0.5 0.543333 0.577618
   0.999      0.6 0.585333   0.6085
   0.999      0.7 0.642667  0.66206
   0.999      0.8 0.721333 0.719609
   0.999      0.9 0.787333 0.774133
   0.999        1 0.825333 0.804677
   0.999        2 0.832667 0.832155
   0.999        4 0.833333 0.832633
  0.9999     0.05    0.712 0.661333
  0.9999      0.1 0.551333 0.550065
  0.9999     0.15 0.542667 0.543577
  0.9999      0.2 0.543333 0.554992
  0.9999      0.3 0.585333 0.569872
  0.9999      0.4    0.586 0.576055
  0.9999      0.5    0.544  0.58504
  0.9999      0.6 0.628667 0.653838
  0.9999      0.7    0.682 0.729766
  0.9999      0.8 0.797333 0.793955
  0.9999      0.9     0.83 0.820101
  0.9999        1    0.832 0.828359
  0.9999        2 0.833333 0.833192
  0.9999        4 0.833333 0.833253