        0      0.05  0.479333      0.49
      0.2      0.05  0.477333     0.488
      0.4      0.05  0.477333     0.488
      0.6      0.05  0.477333     0.488
      0.8      0.05  0.477333     0.488
      0.9      0.05  0.477333     0.488
     0.95      0.05  0.477333     0.488
     0.99      0.05  0.477333     0.488
    0.999      0.05  0.477333     0.488
   0.9999      0.05  0.477333     0.488
        0       0.1  0.479333      0.49
      0.2       0.1  0.122667  0.124422
      0.4       0.1  0.121333  0.123007
      0.6       0.1  0.122667    0.1226
      0.8       0.1  0.122667  0.123324
      0.9       0.1  0.129333   0.12546
     0.95       0.1  0.129333  0.127505
     0.99       0.1     0.128  0.127688
    0.999       0.1  0.121333  0.119913
   0.9999       0.1  0.113333  0.113847
        0      0.15  0.479333      0.49
      0.2      0.15     0.136  0.135531
      0.4      0.15  0.131333  0.129514
      0.6      0.15  0.121333  0.124402
      0.8      0.15  0.126667  0.124079
      0.9      0.15  0.127333  0.124755
     0.95      0.15     0.126  0.122911
     0.99      0.15     0.112  0.114738
    0.999      0.15  0.106667  0.107214
   0.9999      0.15 0.0993333  0.101489
        0       0.2  0.479333      0.49
      0.2       0.2  0.135333  0.136458
      0.4       0.2  0.131333  0.133578
      0.6       0.2  0.127333  0.128446
      0.8       0.2  0.123333  0.122858
      0.9       0.2  0.122667  0.119865
     0.95       0.2  0.113333   0.11635
     0.99       0.2     0.102  0.108417
    0.999       0.2 0.0993333   0.10628
   0.9999       0.2 0.0946667  0.117648
        0       0.3  0.479333      0.49
      0.2       0.3     0.136  0.141185
      0.4       0.3  0.126667  0.136965
      0.6       0.3     0.124  0.131144
      0.8       0.3  0.111333  0.123497
      0.9       0.3  0.106667  0.119548
     0.95       0.3  0.101333  0.119004
     0.99       0.3  0.103333  0.130404
    0.999       0.3     0.116  0.194426
   0.9999       0.3     0.164  0.338138
        0       0.4  0.479333      0.49
      0.2       0.4  0.126667  0.146607
      0.4       0.4     0.122  0.144433
      0.6       0.4  0.112667  0.141328
      0.8       0.4     0.102  0.138651
      0.9       0.4 0.0906667  0.142417
     0.95       0.4      0.08  0.155286
     0.99       0.4 0.0606667  0.234396
    0.999       0.4       0.1  0.420202
   0.9999       0.4  0.500667  0.490069
        0       0.5  0.479333      0.49
      0.2       0.5  0.121333  0.170794
      0.4       0.5     0.112  0.172615
      0.6       0.5  0.107333  0.177313
      0.8       0.5     0.098  0.193289
      0.9       0.5 0.0913333  0.222993
     0.95       0.5 0.0793333  0.268404
     0.99       0.5 0.0673333  0.398572
    0.999       0.5  0.182667  0.485816
   0.9999       0.5      0.51   0.49866
        0       0.6  0.479333      0.49
      0.2       0.6     0.118  0.208993
      0.4       0.6  0.110667  0.219224
      0.6       0.6  0.104667  0.236775
      0.8       0.6     0.098  0.277141
      0.9       0.6 0.0866667  0.328249
     0.95       0.6 0.0793333  0.381066
     0.99       0.6 0.0713333  0.464064
    0.999       0.6 0.0666667   0.49571
   0.9999       0.6  0.432667  0.499544
        0       0.7  0.479333      0.49
      0.2       0.7     0.116  0.252088
      0.4       0.7  0.112667  0.269868
      0.6       0.7  0.103333  0.297366
      0.8       0.7     0.096  0.348752
      0.9       0.7 0.0873333  0.397699
     0.95       0.7     0.086  0.436369
     0.99       0.7 0.0933333  0.482786
    0.999       0.7     0.458  0.497904
   0.9999       0.7  0.487333  0.499703
        0       0.8  0.479333      0.49
      0.2       0.8  0.117333  0.294911
      0.4       0.8  0.113333  0.316625
      0.6       0.8  0.109333  0.347498
      0.8       0.8  0.100667  0.396553
      0.9       0.8 0.0966667  0.434994
     0.95       0.8       0.1  0.461153
     0.99       0.8  0.189333  0.489461
    0.999       0.8  0.476667  0.498641
   0.9999       0.8  0.488667  0.499762
        0       0.9  0.479333      0.49
      0.2       0.9     0.118  0.333382
      0.4       0.9     0.116  0.355648
      0.6       0.9  0.112667  0.385065
      0.8       0.9  0.108667  0.426607
      0.9       0.9  0.105333  0.455327
     0.95       0.9  0.105333  0.473362
     0.99       0.9  0.297333  0.492415
    0.999       0.9  0.479333  0.498975
   0.9999       0.9  0.488667  0.499804
        0         1  0.479333      0.49
      0.2         1     0.124  0.365109
      0.4         1  0.119333  0.385889
      0.6         1  0.115333  0.411778
      0.8         1  0.115333  0.445432
      0.9         1  0.108667  0.466925
     0.95         1     0.114  0.479906
     0.99         1  0.358667  0.493915
    0.999         1  0.479333  0.499156
   0.9999         1  0.487333  0.499837
        0         2  0.479333      0.49
      0.2         2     0.138  0.465488
      0.4         2  0.136667  0.471317
      0.6         2  0.135333  0.477474
      0.8         2  0.139333  0.484196
      0.9         2     0.134  0.488237
     0.95         2  0.137333  0.491133
     0.99         2  0.394667  0.496356
    0.999         2  0.479333  0.499488
   0.9999         2  0.479333  0.499935
        0         4  0.479333      0.49
      0.2         4     0.144  0.484441
      0.4         4  0.144667  0.485904
      0.6         4     0.146  0.487459
      0.8         4  0.144667  0.489321
      0.9         4  0.145333  0.490821
     0.95         4  0.148667  0.492412
     0.99         4      0.31  0.496591
    0.999         4  0.479333  0.499518
   0.9999         4  0.479333  0.499948