        0      0.05  0.193333  0.493333
      0.2      0.05  0.193333  0.376333
      0.4      0.05  0.193333  0.376333
      0.6      0.05  0.193333  0.376333
      0.8      0.05  0.193333     0.376
      0.9      0.05  0.193333     0.376
     0.95      0.05  0.193333     0.376
     0.99      0.05  0.193333  0.375333
    0.999      0.05  0.193333  0.375333
   0.9999      0.05  0.193333  0.375333
        0       0.1  0.193333  0.493333
      0.2       0.1     0.094 0.0935865
      0.4       0.1 0.0946667 0.0931282
      0.6       0.1 0.0893333 0.0890274
      0.8       0.1 0.0886667 0.0872568
      0.9       0.1     0.086 0.0853251
     0.95       0.1     0.086 0.0837241
     0.99       0.1 0.0813333 0.0788647
    0.999       0.1 0.0753333 0.0742711
   0.9999       0.1 0.0746667 0.0738071
        0      0.15  0.193333  0.493333
      0.2      0.15 0.0933333 0.0928273
      0.4      0.15 0.0926667 0.0908723
      0.6      0.15 0.0913333 0.0875178
      0.8      0.15 0.0833333 0.0814406
      0.9      0.15 0.0806667 0.0773659
     0.95      0.15 0.0733333 0.0736444
     0.99      0.15     0.072 0.0686289
    0.999      0.15      0.06 0.0607901
   0.9999      0.15     0.052 0.0553314
        0       0.2  0.193333  0.493333
      0.2       0.2 0.0973333 0.0948139
      0.4       0.2 0.0913333 0.0901866
      0.6       0.2     0.088 0.0852077
      0.8       0.2 0.0753333 0.0764772
      0.9       0.2     0.072 0.0708382
     0.95       0.2 0.0646667  0.066315
     0.99       0.2 0.0553333  0.057563
    0.999       0.2     0.048 0.0489677
   0.9999       0.2     0.044 0.0450815
        0       0.3  0.193333  0.493333
      0.2       0.3 0.0993333  0.111245
      0.4       0.3 0.0893333 0.0965327
      0.6       0.3     0.084 0.0858244
      0.8       0.3 0.0626667 0.0710327
      0.9       0.3 0.0513333 0.0608547
     0.95       0.3     0.048   0.05352
     0.99       0.3 0.0326667 0.0439193
    0.999       0.3 0.0333333 0.0422646
   0.9999       0.3     0.032 0.0551423
        0       0.4  0.193333  0.493333
      0.2       0.4  0.136667  0.138738
      0.4       0.4     0.106  0.116448
      0.6       0.4 0.0766667 0.0972834
      0.8       0.4 0.0586667 0.0771915
      0.9       0.4 0.0433333 0.0648665
     0.95       0.4 0.0433333 0.0587115
     0.99       0.4 0.0326667 0.0610095
    0.999       0.4 0.0306667  0.100206
   0.9999       0.4 0.0306667  0.108718
        0       0.5  0.193333  0.493333
      0.2       0.5      0.16  0.171209
      0.4       0.5  0.133333  0.148515
      0.6       0.5  0.101333  0.128841
      0.8       0.5 0.0686667  0.108266
      0.9       0.5 0.0473333 0.0989597
     0.95       0.5     0.038  0.099307
     0.99       0.5     0.034  0.123096
    0.999       0.5 0.0286667  0.137071
   0.9999       0.5 0.0633333   0.13384
        0       0.6  0.193333  0.493333
      0.2       0.6     0.184  0.200897
      0.4       0.6  0.156667  0.182693
      0.6       0.6  0.124667  0.166413
      0.8       0.6 0.0913333  0.151803
      0.9       0.6     0.062  0.149237
     0.95       0.6 0.0453333  0.155273
     0.99       0.6 0.0293333  0.174638
    0.999       0.6     0.058  0.177213
   0.9999       0.6  0.143333   0.21717
        0       0.7  0.193333  0.493333
      0.2       0.7     0.208  0.226426
      0.4       0.7  0.178667  0.213258
      0.6       0.7     0.146  0.202297
      0.8       0.7  0.100667  0.195435
      0.9       0.7 0.0713333  0.198767
     0.95       0.7 0.0453333  0.206964
     0.99       0.7     0.038  0.220746
    0.999       0.7 0.0993333  0.247058
   0.9999       0.7     0.198  0.287663
        0       0.8  0.193333  0.493333
      0.2       0.8  0.221333  0.251414
      0.4       0.8     0.196  0.243342
      0.6       0.8     0.164  0.238219
      0.8       0.8     0.106  0.239437
      0.9       0.8     0.068  0.247511
     0.95       0.8 0.0453333  0.256835
     0.99       0.8     0.074  0.275538
    0.999       0.8  0.189333  0.315652
   0.9999       0.8  0.199333  0.335209
        0       0.9  0.193333  0.493333
      0.2       0.9  0.230667  0.277858
      0.4       0.9     0.208  0.275058
      0.6       0.9      0.18  0.275859
      0.8       0.9  0.111333   0.28429
      0.9       0.9     0.066  0.295883
     0.95       0.9 0.0513333  0.307099
     0.99       0.9     0.102  0.334174
    0.999       0.9     0.194  0.366215
   0.9999       0.9       0.2  0.374682
        0         1  0.193333  0.493333
      0.2         1  0.244667  0.305618
      0.4         1     0.224  0.307607
      0.6         1  0.196667  0.313547
      0.8         1  0.120667  0.327428
      0.9         1     0.068  0.341713
     0.95         1 0.0746667  0.355134
     0.99         1  0.149333  0.383653
    0.999         1  0.194667  0.404273
   0.9999         1       0.2  0.408525
        0         2  0.193333  0.493333
      0.2         2  0.405333  0.469692
      0.4         2     0.426  0.475188
      0.6         2     0.454  0.481397
      0.8         2     0.512   0.48881
      0.9         2  0.613333   0.49341
     0.95         2  0.686667  0.496344
     0.99         2     0.792  0.500701
    0.999         2  0.793333  0.503846
   0.9999         2  0.799333  0.504411
        0         4  0.193333  0.493333
      0.2         4  0.545333  0.493461
      0.4         4     0.568  0.494317
      0.6         4  0.617333  0.495237
      0.8         4     0.704  0.496324
      0.9         4      0.78   0.49715
     0.95         4  0.793333  0.498003
     0.99         4  0.793333  0.500619
    0.999         4  0.793333  0.503105
   0.9999         4       0.8  0.503537