       0     0.05     0.49     0.49
     0.2     0.05     0.49     0.49
     0.4     0.05     0.49     0.49
     0.6     0.05     0.49     0.49
     0.8     0.05     0.49     0.49
     0.9     0.05     0.49     0.49
    0.95     0.05     0.49     0.49
    0.99     0.05     0.49     0.49
   0.999     0.05     0.49     0.49
  0.9999     0.05     0.49     0.49
       0      0.1     0.49     0.49
     0.2      0.1 0.474667 0.471003
     0.4      0.1 0.470667 0.472057
     0.6      0.1     0.47 0.475592
     0.8      0.1 0.491333 0.481423
     0.9      0.1    0.488  0.48561
    0.95      0.1 0.488667 0.488411
    0.99      0.1    0.498 0.494547
   0.999      0.1 0.497333 0.497748
  0.9999      0.1 0.493333 0.495999
       0     0.15     0.49     0.49
     0.2     0.15 0.476667 0.468914
     0.4     0.15 0.473333 0.471883
     0.6     0.15 0.460667 0.475287
     0.8     0.15 0.474667 0.482134
     0.9     0.15 0.481333 0.488344
    0.95     0.15 0.492667 0.492439
    0.99     0.15    0.498 0.494526
   0.999     0.15 0.507333  0.49178
  0.9999     0.15     0.48 0.489932
       0      0.2     0.49     0.49
     0.2      0.2 0.456667 0.457274
     0.4      0.2    0.464 0.465633
     0.6      0.2 0.465333 0.472198
     0.8      0.2 0.469333 0.479871
     0.9      0.2 0.473333 0.484692
    0.95      0.2 0.483333 0.487043
    0.99      0.2    0.492 0.488447
   0.999      0.2    0.476 0.488195
  0.9999      0.2 0.470667 0.488235
       0      0.3     0.49     0.49
     0.2      0.3    0.434 0.450616
     0.4      0.3 0.426667  0.45694
     0.6      0.3 0.425333 0.463722
     0.8      0.3 0.430667 0.472098
     0.9      0.3 0.426667 0.478069
    0.95      0.3    0.422 0.482597
    0.99      0.3    0.448 0.489753
   0.999      0.3 0.483333 0.496078
  0.9999      0.3 0.491333 0.499155
       0      0.4     0.49     0.49
     0.2      0.4    0.416 0.449898
     0.4      0.4    0.402 0.457877
     0.6      0.4 0.396667 0.466411
     0.8      0.4    0.394  0.47668
     0.9      0.4     0.44 0.483321
    0.95      0.4    0.468 0.487714
    0.99      0.4     0.49 0.494161
   0.999      0.4 0.491333 0.498865
  0.9999      0.4 0.499333 0.499869
       0      0.5     0.49     0.49
     0.2      0.5    0.394 0.456446
     0.4      0.5 0.387333  0.46362
     0.6      0.5 0.382667 0.471469
     0.8      0.5 0.388667 0.480483
     0.9      0.5 0.445333 0.485949
    0.95      0.5 0.472667 0.489563
    0.99      0.5     0.49 0.495364
   0.999      0.5    0.492 0.499262
  0.9999      0.5      0.5 0.499921
       0      0.6     0.49     0.49
     0.2      0.6 0.366667 0.463929
     0.4      0.6 0.364667 0.469827
     0.6      0.6 0.367333 0.476189
     0.8      0.6 0.392667 0.483308
     0.9      0.6 0.452667 0.487605
    0.95      0.6 0.484667 0.490594
    0.99      0.6     0.49 0.495894
   0.999      0.6     0.49  0.49939
  0.9999      0.6      0.5 0.499936
       0      0.7     0.49     0.49
     0.2      0.7 0.353333 0.469809
     0.4      0.7 0.357333 0.474552
     0.6      0.7 0.362667 0.479604
     0.8      0.7    0.386 0.485201
     0.9      0.7    0.456 0.488648
    0.95      0.7 0.487333 0.491206
    0.99      0.7     0.49 0.496162
   0.999      0.7     0.49 0.499445
  0.9999      0.7      0.5 0.499942
       0      0.8     0.49     0.49
     0.2      0.8 0.353333 0.474105
     0.4      0.8 0.352667 0.477936
     0.6      0.8    0.358 0.481986
     0.8      0.8 0.390667 0.486475
     0.9      0.8 0.467333 0.489331
    0.95      0.8 0.489333 0.491593
    0.99      0.8     0.49 0.496312
   0.999      0.8     0.49 0.499473
  0.9999      0.8      0.5 0.499945
       0      0.9     0.49     0.49
     0.2      0.9 0.345333 0.477236
     0.4      0.9    0.346 0.480372
     0.6      0.9 0.351333 0.483676
     0.8      0.9    0.394 0.487364
     0.9      0.9 0.470667 0.489799
    0.95      0.9     0.49 0.491852
    0.99      0.9     0.49 0.496403
   0.999      0.9     0.49 0.499489
  0.9999      0.9      0.5 0.499947
       0        1     0.49     0.49
     0.2        1 0.342667 0.479557
     0.4        1    0.342 0.482163
     0.6        1     0.35 0.484907
     0.8        1 0.398667 0.488004
     0.9        1 0.471333 0.490132
    0.95        1     0.49 0.492033
    0.99        1     0.49 0.496462
   0.999        1     0.49 0.499499
  0.9999        1      0.5 0.499948
       0        2     0.49     0.49
     0.2        2 0.339333 0.487351
     0.4        2 0.338667 0.488101
     0.6        2 0.353333 0.488933
     0.8        2 0.401333 0.490059
     0.9        2 0.479333 0.491184
    0.95        2     0.49 0.492583
    0.99        2     0.49 0.496611
   0.999        2     0.49  0.49952
  0.9999        2     0.49  0.49995
       0        4     0.49     0.49
     0.2        4 0.338667 0.489371
     0.4        4 0.339333 0.489622
     0.6        4 0.352667 0.489951
     0.8        4 0.403333 0.490571
     0.9        4 0.481333 0.491441
    0.95        4     0.49 0.492713
    0.99        4     0.49 0.496638
   0.999        4     0.49 0.499523
  0.9999        4     0.49  0.49995