       0     0.05 0.488667     0.49
     0.2     0.05 0.488667     0.49
     0.4     0.05 0.488667     0.49
     0.6     0.05 0.488667     0.49
     0.8     0.05 0.488667     0.49
     0.9     0.05 0.488667     0.49
    0.95     0.05 0.488667     0.49
    0.99     0.05 0.488667     0.49
   0.999     0.05 0.488667     0.49
  0.9999     0.05 0.488667     0.49
       0      0.1 0.488667     0.49
     0.2      0.1 0.451333 0.450308
     0.4      0.1 0.452667 0.452774
     0.6      0.1 0.456667 0.455056
     0.8      0.1 0.463333 0.460219
     0.9      0.1 0.464667 0.464321
    0.95      0.1 0.467333 0.468802
    0.99      0.1    0.484 0.480163
   0.999      0.1 0.483333 0.484114
  0.9999      0.1 0.477333 0.484572
       0     0.15 0.488667     0.49
     0.2     0.15    0.436 0.442654
     0.4     0.15 0.444667 0.449504
     0.6     0.15 0.449333 0.454261
     0.8     0.15 0.457333 0.460654
     0.9     0.15     0.47 0.467612
    0.95     0.15 0.471333 0.473871
    0.99     0.15    0.478 0.483333
   0.999     0.15     0.49 0.494671
  0.9999     0.15 0.506667 0.503422
       0      0.2 0.488667     0.49
     0.2      0.2 0.429333   0.4349
     0.4      0.2 0.424667 0.443432
     0.6      0.2 0.432667  0.45097
     0.8      0.2 0.448667 0.459986
     0.9      0.2    0.454 0.467065
    0.95      0.2 0.471333 0.473279
    0.99      0.2 0.485333 0.485657
   0.999      0.2 0.513333 0.496953
  0.9999      0.2 0.512667 0.496389
       0      0.3 0.488667     0.49
     0.2      0.3    0.394 0.426389
     0.4      0.3 0.394667 0.439002
     0.6      0.3 0.408667 0.450796
     0.8      0.3 0.423333  0.46438
     0.9      0.3 0.450667  0.47352
    0.95      0.3 0.458667 0.479882
    0.99      0.3 0.459333 0.489003
   0.999      0.3 0.491333 0.496304
  0.9999      0.3    0.498 0.499362
       0      0.4 0.488667     0.49
     0.2      0.4 0.366667 0.430245
     0.4      0.4 0.365333 0.442687
     0.6      0.4 0.368667 0.455582
     0.8      0.4 0.376667 0.470523
     0.9      0.4 0.394667  0.47985
    0.95      0.4 0.417333 0.485816
    0.99      0.4 0.481333  0.49375
   0.999      0.4    0.492  0.49884
  0.9999      0.4 0.500667 0.499896
       0      0.5 0.488667     0.49
     0.2      0.5 0.358667 0.446367
     0.4      0.5    0.356 0.455834
     0.6      0.5 0.354667 0.466051
     0.8      0.5    0.354 0.477618
     0.9      0.5 0.366667 0.484475
    0.95      0.5    0.398 0.488817
    0.99      0.5 0.487333 0.495195
   0.999      0.5 0.491333  0.49925
  0.9999      0.5 0.500667 0.499936
       0      0.6 0.488667     0.49
     0.2      0.6 0.352667 0.460013
     0.4      0.6    0.354 0.466878
     0.6      0.6 0.352667 0.474209
     0.8      0.6 0.351333 0.482312
     0.9      0.6 0.360667 0.487107
    0.95      0.6 0.416667 0.490338
    0.99      0.6    0.492 0.495816
   0.999      0.6 0.491333 0.499388
  0.9999      0.6 0.500667  0.49995
       0      0.7 0.488667     0.49
     0.2      0.7 0.343333 0.468892
     0.4      0.7 0.344667 0.473903
     0.6      0.7 0.347333 0.479197
     0.8      0.7 0.356667 0.485013
     0.9      0.7    0.388 0.488557
    0.95      0.7 0.436667 0.491152
    0.99      0.7 0.491333 0.496128
   0.999      0.7 0.491333 0.499448
  0.9999      0.7 0.500667 0.499955
       0      0.8 0.488667     0.49
     0.2      0.8 0.340667 0.474521
     0.4      0.8    0.342 0.478288
     0.6      0.8 0.345333 0.482249
     0.8      0.8 0.365333 0.486623
     0.9      0.8 0.405333 0.489406
    0.95      0.8 0.465333 0.491623
    0.99      0.8 0.491333 0.496299
   0.999      0.8 0.491333 0.499479
  0.9999      0.8 0.501333 0.499957
       0      0.9 0.488667     0.49
     0.2      0.9    0.342  0.47821
     0.4      0.9 0.351333 0.481135
     0.6      0.9 0.355333 0.484208
     0.8      0.9 0.371333 0.487643
     0.9      0.9 0.409333 0.489939
    0.95      0.9 0.473333 0.491915
    0.99      0.9 0.491333   0.4964
   0.999      0.9 0.491333 0.499495
  0.9999      0.9 0.501333 0.499958
       0        1 0.488667     0.49
     0.2        1    0.354 0.480733
     0.4        1 0.354667  0.48307
     0.6        1 0.362667  0.48553
     0.8        1 0.376667 0.488326
     0.9        1 0.417333 0.490294
    0.95        1 0.482667 0.492107
    0.99        1 0.491333 0.496464
   0.999        1 0.491333 0.499505
  0.9999        1 0.501333 0.499957
       0        2 0.488667     0.49
     0.2        2    0.378 0.487965
     0.4        2     0.38 0.488564
     0.6        2 0.382667 0.489244
     0.8        2 0.398667 0.490216
     0.9        2 0.456667 0.491262
    0.95        2 0.489333  0.49262
    0.99        2 0.491333 0.496615
   0.999        2 0.491333 0.499523
  0.9999        2 0.491333 0.499953
       0        4 0.488667     0.49
     0.2        4 0.381333 0.489545
     0.4        4    0.386 0.489753
     0.6        4     0.39 0.490039
     0.8        4 0.408667 0.490615
     0.9        4 0.466667 0.491463
    0.95        4 0.489333 0.492723
    0.99        4 0.491333 0.496639
   0.999        4 0.491333 0.499524
  0.9999        4 0.491333 0.499951