       0     0.05 0.471333 0.466667
     0.2     0.05 0.460667  0.46517
     0.4     0.05 0.456667 0.466527
     0.6     0.05 0.452667 0.468554
     0.8     0.05 0.447333 0.472669
     0.9     0.05     0.45 0.477966
    0.95     0.05    0.456  0.48401
    0.99     0.05 0.458667 0.494914
   0.999     0.05 0.469333 0.499391
  0.9999     0.05 0.495333 0.499921
       0      0.1 0.471333 0.466667
     0.2      0.1    0.454 0.466223
     0.4      0.1 0.453333 0.467056
     0.6      0.1 0.458667  0.46869
     0.8      0.1 0.459333 0.472852
     0.9      0.1 0.459333 0.478554
    0.95      0.1 0.462667 0.484857
    0.99      0.1    0.452 0.495426
   0.999      0.1    0.462 0.499449
  0.9999      0.1 0.495333 0.499911
       0     0.15 0.471333 0.466667
     0.2     0.15 0.460667 0.465761
     0.4     0.15    0.454  0.46682
     0.6     0.15 0.456667 0.468688
     0.8     0.15 0.462667 0.473036
     0.9     0.15 0.460667 0.478737
    0.95     0.15 0.460667 0.484974
    0.99     0.15 0.453333 0.495455
   0.999     0.15    0.462 0.499456
  0.9999     0.15 0.495333 0.499914
       0      0.2 0.471333 0.466667
     0.2      0.2 0.467333 0.466124
     0.4      0.2 0.470667 0.467186
     0.6      0.2    0.462  0.46902
     0.8      0.2 0.459333 0.473253
     0.9      0.2 0.462667  0.47884
    0.95      0.2 0.460667 0.485007
    0.99      0.2    0.462 0.495456
   0.999      0.2    0.462 0.499459
  0.9999      0.2 0.495333 0.499918
       0      0.3 0.471333 0.466667
     0.2      0.3    0.462 0.466764
     0.4      0.3 0.461333 0.467724
     0.6      0.3 0.465333 0.469423
     0.8      0.3    0.462 0.473473
     0.9      0.3    0.462 0.478951
    0.95      0.3 0.468667 0.485069
    0.99      0.3    0.462 0.495482
   0.999      0.3    0.462 0.499467
  0.9999      0.3 0.495333 0.499923
       0      0.4 0.471333 0.466667
     0.2      0.4 0.461333 0.467015
     0.4      0.4 0.467333 0.467925
     0.6      0.4    0.466 0.469569
     0.8      0.4    0.464 0.473568
     0.9      0.4    0.468 0.479032
    0.95      0.4    0.464 0.485147
    0.99      0.4    0.462 0.495524
   0.999      0.4    0.462 0.499477
  0.9999      0.4 0.495333 0.499928
       0      0.5 0.471333 0.466667
     0.2      0.5    0.464  0.46711
     0.4      0.5     0.47 0.468001
     0.6      0.5 0.467333 0.469628
     0.8      0.5 0.458667 0.473617
     0.9      0.5 0.460667 0.479086
    0.95      0.5 0.461333 0.485205
    0.99      0.5    0.462 0.495557
   0.999      0.5    0.462 0.499485
  0.9999      0.5 0.495333 0.499933
       0      0.6 0.471333 0.466667
     0.2      0.6 0.472667 0.467151
     0.4      0.6 0.472667 0.468034
     0.6      0.6 0.466667 0.469655
     0.8      0.6 0.465333 0.473644
     0.9      0.6    0.458 0.479118
    0.95      0.6    0.462 0.485239
    0.99      0.6    0.462 0.495578
   0.999      0.6    0.462 0.499491
  0.9999      0.6 0.495333 0.499937
       0      0.7 0.471333 0.466667
     0.2      0.7    0.474 0.467172
     0.4      0.7 0.469333 0.468052
     0.6      0.7 0.466667  0.46967
     0.8      0.7 0.464667 0.473659
     0.9      0.7 0.465333 0.479136
    0.95      0.7    0.462  0.48526
    0.99      0.7    0.462  0.49559
   0.999      0.7    0.462 0.499495
  0.9999      0.7 0.495333  0.49994
       0      0.8 0.471333 0.466667
     0.2      0.8 0.472667 0.467183
     0.4      0.8 0.470667 0.468061
     0.6      0.8 0.464667 0.469678
     0.8      0.8 0.467333 0.473667
     0.9      0.8 0.460667 0.479147
    0.95      0.8    0.462 0.485272
    0.99      0.8    0.462 0.495598
   0.999      0.8    0.462 0.499498
  0.9999      0.8 0.495333 0.499942
       0      0.9 0.471333 0.466667
     0.2      0.9 0.471333 0.467191
     0.4      0.9     0.47 0.468068
     0.6      0.9 0.471333 0.469684
     0.8      0.9 0.465333 0.473673
     0.9      0.9     0.46 0.479154
    0.95      0.9    0.462  0.48528
    0.99      0.9    0.462 0.495603
   0.999      0.9    0.462 0.499499
  0.9999      0.9    0.468 0.499943
       0        1 0.471333 0.466667
     0.2        1 0.469333 0.467196
     0.4        1     0.47 0.468072
     0.6        1    0.474 0.469687
     0.8        1 0.464667 0.473677
     0.9        1    0.462 0.479159
    0.95        1    0.462 0.485285
    0.99        1    0.462 0.495606
   0.999        1    0.462 0.499501
  0.9999        1    0.462 0.499944
       0        2 0.471333 0.466667
     0.2        2    0.468 0.467209
     0.4        2    0.468 0.468083
     0.6        2 0.475333 0.469696
     0.8        2 0.469333 0.473686
     0.9        2    0.462  0.47917
    0.95        2    0.462 0.485297
    0.99        2    0.462 0.495615
   0.999        2    0.462 0.499506
  0.9999        2    0.462 0.499949
       0        4 0.471333 0.466667
     0.2        4    0.468 0.467212
     0.4        4 0.466667 0.468085
     0.6        4 0.477333 0.469698
     0.8        4 0.470667 0.473687
     0.9        4    0.462 0.479171
    0.95        4    0.462 0.485299
    0.99        4    0.462 0.495616
   0.999        4    0.462 0.499507
  0.9999        4    0.462  0.49995