       0     0.05 0.493333 0.493333
       0      0.1 0.493333 0.493333
       0     0.15 0.493333 0.493333
       0      0.2 0.493333 0.493333
       0      0.3 0.493333 0.493333
       0      0.4 0.493333 0.493333
       0      0.5 0.493333 0.493333
       0      0.6 0.493333 0.493333
       0      0.7 0.493333 0.493333
       0      0.8 0.493333 0.493333
       0      0.9 0.493333 0.493333
       0        1 0.493333 0.493333
       0        2 0.493333 0.493333
       0        4 0.493333 0.493333
     0.2     0.05 0.236667 0.272667
     0.2      0.1 0.323333 0.345869
     0.2     0.15 0.362667 0.363468
     0.2      0.2 0.355333 0.360469
     0.2      0.3 0.363333 0.372409
     0.2      0.4 0.398667 0.387002
     0.2      0.5 0.391333 0.378501
     0.2      0.6 0.367333 0.372319
     0.2      0.7 0.361333 0.369719
     0.2      0.8    0.354 0.367386
     0.2      0.9    0.352 0.365072
     0.2        1 0.347333 0.364572
     0.2        2 0.383333 0.431546
     0.2        4 0.451333 0.478928
     0.4     0.05 0.237333  0.27345
     0.4      0.1 0.323333 0.346218
     0.4     0.15 0.364667 0.366865
     0.4      0.2    0.362  0.36947
     0.4      0.3 0.378667 0.376664
     0.4      0.4    0.388 0.384812
     0.4      0.5 0.399333 0.389486
     0.4      0.6 0.397333  0.38009
     0.4      0.7    0.364  0.37138
     0.4      0.8 0.355333 0.366982
     0.4      0.9    0.352 0.365047
     0.4        1    0.346 0.365722
     0.4        2 0.397333 0.438669
     0.4        4 0.454667 0.481949
     0.6     0.05    0.228 0.263054
     0.6      0.1 0.323333 0.345918
     0.6     0.15 0.368667 0.369059
     0.6      0.2     0.36 0.373046
     0.6      0.3 0.399333 0.384261
     0.6      0.4     0.39 0.387383
     0.6      0.5 0.392667 0.391823
     0.6      0.6 0.400667 0.389327
     0.6      0.7      0.4 0.379123
     0.6      0.8    0.354 0.369523
     0.6      0.9 0.344667 0.365378
     0.6        1     0.34 0.367485
     0.6        2      0.4 0.448654
     0.6        4     0.46 0.485352
     0.8     0.05    0.228 0.263004
     0.8      0.1 0.313333 0.337613
     0.8     0.15    0.344 0.340873
     0.8      0.2     0.36  0.37605
     0.8      0.3 0.398667 0.391364
     0.8      0.4    0.396 0.393929
     0.8      0.5 0.398667 0.398025
     0.8      0.6 0.396667 0.396389
     0.8      0.7 0.402667 0.386848
     0.8      0.8    0.396 0.373932
     0.8      0.9 0.352667 0.367716
     0.8        1    0.348 0.373489
     0.8        2 0.408667 0.464293
     0.8        4 0.465333 0.489324
     0.9     0.05     0.23 0.264667
     0.9      0.1 0.313333 0.336132
     0.9     0.15 0.313333 0.319574
     0.9      0.2    0.358 0.361107
     0.9      0.3 0.395333 0.392024
     0.9      0.4 0.395333 0.396087
     0.9      0.5 0.403333 0.401352
     0.9      0.6      0.4 0.400736
     0.9      0.7 0.397333 0.389534
     0.9      0.8    0.354 0.375354
     0.9      0.9    0.356 0.372665
     0.9        1 0.355333 0.384742
     0.9        2    0.394 0.476488
     0.9        4    0.454 0.491781
    0.95     0.05 0.231333    0.265
    0.95      0.1 0.313333  0.33608
    0.95     0.15 0.313333 0.321724
    0.95      0.2 0.386667  0.36584
    0.95      0.3 0.393333 0.391703
    0.95      0.4 0.390667 0.395395
    0.95      0.5 0.395333 0.402126
    0.95      0.6      0.4 0.402264
    0.95      0.7      0.4 0.390344
    0.95      0.8 0.359333 0.377229
    0.95      0.9 0.359333 0.382201
    0.95        1    0.366 0.400245
    0.95        2 0.447333 0.484882
    0.95        4 0.383333 0.493508
    0.99     0.05    0.234    0.267
    0.99      0.1 0.313333 0.336269
    0.99     0.15 0.397333 0.376055
    0.99      0.2 0.397333 0.394716
    0.99      0.3    0.386 0.389346
    0.99      0.4 0.388667 0.393018
    0.99      0.5 0.389333 0.401611
    0.99      0.6    0.388 0.402586
    0.99      0.7 0.419333 0.391775
    0.99      0.8 0.371333 0.395591
    0.99      0.9 0.394667 0.418085
    0.99        1    0.418 0.438573
    0.99        2 0.493333 0.494886
    0.99        4 0.493333 0.496858
   0.999     0.05 0.235333 0.269667
   0.999      0.1 0.311333 0.337514
   0.999     0.15    0.402 0.398464
   0.999      0.2 0.403333 0.399268
   0.999      0.3     0.38 0.387395
   0.999      0.4     0.37 0.400008
   0.999      0.5 0.370667 0.407308
   0.999      0.6     0.43 0.409956
   0.999      0.7     0.35 0.416235
   0.999      0.8 0.381333 0.442145
   0.999      0.9     0.45 0.462361
   0.999        1 0.476667 0.476311
   0.999        2    0.498 0.499282
   0.999        4 0.493333 0.499502
  0.9999     0.05 0.235333 0.271333
  0.9999      0.1 0.310667 0.351027
  0.9999     0.15 0.402667 0.402227
  0.9999      0.2 0.387333 0.394049
  0.9999      0.3 0.378667 0.393638
  0.9999      0.4 0.383333 0.407006
  0.9999      0.5 0.436667 0.421825
  0.9999      0.6 0.396667 0.424483
  0.9999      0.7    0.406 0.451996
  0.9999      0.8 0.453333 0.472727
  0.9999      0.9      0.5 0.484192
  0.9999        1      0.5 0.494106
  0.9999        2      0.5 0.499924
  0.9999        4 0.493333 0.499947