       0     0.05     0.47     0.49
     0.2     0.05    0.112 0.136173
     0.4     0.05 0.112667 0.145589
     0.6     0.05 0.111333 0.160803
     0.8     0.05 0.116667 0.196248
     0.9     0.05    0.122  0.24601
    0.95     0.05 0.124667 0.306442
    0.99     0.05    0.152 0.430066
   0.999     0.05 0.452667 0.490022
  0.9999     0.05     0.48 0.497651
       0      0.1     0.47     0.49
     0.2      0.1 0.111333 0.191697
     0.4      0.1     0.11 0.214388
     0.6      0.1    0.114 0.249256
     0.8      0.1 0.121333 0.313243
     0.9      0.1 0.134667 0.373597
    0.95      0.1     0.17 0.421098
    0.99      0.1    0.446  0.47741
   0.999      0.1     0.48 0.495245
  0.9999      0.1     0.48 0.497283
       0     0.15     0.47     0.49
     0.2     0.15 0.111333   0.2664
     0.4     0.15 0.112667 0.293892
     0.6     0.15 0.121333 0.332044
     0.8     0.15 0.143333 0.389589
     0.9     0.15 0.232667 0.431757
    0.95     0.15     0.38 0.458825
    0.99     0.15     0.47 0.486792
   0.999     0.15     0.48 0.495848
  0.9999     0.15     0.48 0.496943
       0      0.2     0.47     0.49
     0.2      0.2    0.118 0.330595
     0.4      0.2    0.122 0.356602
     0.6      0.2 0.131333 0.389159
     0.8      0.2     0.24 0.431393
     0.9      0.2 0.387333 0.457993
    0.95      0.2 0.469333 0.473679
    0.99      0.2     0.47 0.490037
   0.999      0.2     0.48 0.496092
  0.9999      0.2     0.48 0.496878
       0      0.3     0.47     0.49
     0.2      0.3    0.158 0.416966
     0.4      0.3 0.217333 0.432344
     0.6      0.3 0.306667 0.449193
     0.8      0.3 0.435333 0.467895
     0.9      0.3     0.47 0.478421
    0.95      0.3     0.47  0.48465
    0.99      0.3     0.47 0.492639
   0.999      0.3     0.48 0.496653
  0.9999      0.3     0.48 0.497224
       0      0.4     0.47     0.49
     0.2      0.4    0.286 0.457518
     0.4      0.4     0.36 0.464816
     0.6      0.4    0.436 0.472434
     0.8      0.4     0.47 0.480574
     0.9      0.4     0.47 0.485269
    0.95      0.4     0.47 0.488446
    0.99      0.4     0.47 0.493917
   0.999      0.4     0.48 0.497296
  0.9999      0.4     0.48 0.497793
       0      0.5     0.47     0.49
     0.2      0.5    0.392  0.47437
     0.4      0.5    0.444 0.477889
     0.6      0.5 0.464667 0.481528
     0.8      0.5     0.47 0.485489
     0.9      0.5     0.47 0.488024
    0.95      0.5     0.47 0.490111
    0.99      0.5     0.47 0.494699
   0.999      0.5     0.48 0.497834
  0.9999      0.5     0.48   0.4983
       0      0.6     0.47     0.49
     0.2      0.6    0.444 0.481666
     0.4      0.6 0.460667 0.483512
     0.6      0.6     0.47 0.485442
     0.8      0.6     0.47 0.487661
     0.9      0.6     0.47 0.489318
    0.95      0.6     0.47 0.490969
    0.99      0.6     0.47 0.495205
   0.999      0.6     0.48 0.498231
  0.9999      0.6     0.48 0.498682
       0      0.7     0.47     0.49
     0.2      0.7 0.455333  0.48513
     0.4      0.7 0.466667 0.486191
     0.6      0.7     0.47 0.487329
     0.8      0.7     0.47  0.48875
     0.9      0.7     0.47  0.49001
    0.95      0.7     0.47 0.491466
    0.99      0.7     0.47 0.495544
   0.999      0.7     0.47 0.498516
  0.9999      0.7     0.48 0.498959
       0      0.8     0.47     0.49
     0.2      0.8     0.46 0.486933
     0.4      0.8     0.47 0.487596
     0.6      0.8     0.47 0.488335
     0.8      0.8     0.47 0.489357
     0.9      0.8     0.47  0.49042
    0.95      0.8     0.47 0.491779
    0.99      0.8     0.47  0.49578
   0.999      0.8     0.47 0.498722
  0.9999      0.8     0.48  0.49916
       0      0.9     0.47     0.49
     0.2      0.9 0.463333  0.48795
     0.4      0.9     0.47 0.488396
     0.6      0.9     0.47 0.488919
     0.8      0.9     0.47 0.489726
     0.9      0.9     0.47 0.490683
    0.95      0.9     0.47  0.49199
    0.99      0.9     0.47 0.495949
   0.999      0.9     0.47 0.498873
  0.9999      0.9     0.48 0.499309
       0        1     0.47     0.49
     0.2        1 0.466667 0.488563
     0.4        1     0.47 0.488884
     0.6        1     0.47 0.489281
     0.8        1     0.47 0.489964
     0.9        1     0.47 0.490861
    0.95        1     0.47 0.492139
    0.99        1     0.47 0.496074
   0.999        1     0.47 0.498987
  0.9999        1     0.48  0.49942
       0        2     0.47     0.49
     0.2        2     0.47 0.489853
     0.4        2     0.47 0.489948
     0.6        2     0.47 0.490122
     0.8        2     0.47 0.490584
     0.9        2     0.47 0.491374
    0.95        2     0.47 0.492604
    0.99        2     0.47 0.496497
   0.999        2     0.47 0.499381
  0.9999        2     0.48 0.499809
       0        4     0.47     0.49
     0.2        4     0.47 0.490012
     0.4        4     0.47 0.490094
     0.6        4     0.47 0.490254
     0.8        4     0.47 0.490704
     0.9        4     0.47 0.491489
    0.95        4     0.47 0.492717
    0.99        4     0.47 0.496608
   0.999        4     0.47 0.499487
  0.9999        4     0.47 0.499914