       0     0.05 0.496667 0.496667
     0.2     0.05 0.304667 0.318761
     0.4     0.05    0.288 0.317371
     0.6     0.05 0.278667 0.321597
     0.8     0.05 0.271333 0.341704
     0.9     0.05 0.285333 0.373701
    0.95     0.05 0.314667 0.408841
    0.99     0.05    0.382 0.467697
   0.999     0.05 0.401333 0.495555
  0.9999     0.05 0.496667 0.499532
       0      0.1 0.496667 0.496667
     0.2      0.1 0.335333 0.413498
     0.4      0.1 0.339333 0.421538
     0.6      0.1 0.349333 0.434663
     0.8      0.1    0.388 0.455443
     0.9      0.1 0.405333 0.471116
    0.95      0.1 0.418667  0.48185
    0.99      0.1    0.428 0.494246
   0.999      0.1 0.496667 0.499144
  0.9999      0.1      0.5 0.499907
       0     0.15 0.496667 0.496667
     0.2     0.15 0.431333 0.469381
     0.4     0.15    0.434 0.472383
     0.6     0.15 0.435333 0.477253
     0.8     0.15 0.433333 0.484564
     0.9     0.15    0.438 0.489777
    0.95     0.15    0.446 0.493162
    0.99     0.15    0.474 0.497127
   0.999     0.15 0.496667 0.499464
  0.9999     0.15      0.5  0.49994
       0      0.2 0.496667 0.496667
     0.2      0.2 0.455333 0.488522
     0.4      0.2 0.454667  0.48914
     0.6      0.2 0.457333 0.490547
     0.8      0.2 0.460667 0.492948
     0.9      0.2 0.478667 0.494718
    0.95      0.2 0.540667 0.495902
    0.99      0.2 0.496667 0.497739
   0.999      0.2 0.496667 0.499531
  0.9999      0.2      0.5 0.499947
       0      0.3 0.496667 0.496667
     0.2      0.3 0.482667 0.496379
     0.4      0.3 0.484667 0.496206
     0.6      0.3 0.492667  0.49618
     0.8      0.3 0.528667 0.496368
     0.9      0.3 0.530667 0.496624
    0.95      0.3    0.454 0.496914
    0.99      0.3 0.496667 0.497958
   0.999      0.3 0.496667 0.499557
  0.9999      0.3      0.5  0.49995
       0      0.4 0.496667 0.496667
     0.2      0.4 0.503333 0.496802
     0.4      0.4 0.500667 0.496684
     0.6      0.4 0.502667 0.496628
     0.8      0.4 0.549333 0.496673
     0.9      0.4    0.462 0.496802
    0.95      0.4 0.496667 0.497011
    0.99      0.4 0.496667 0.497982
   0.999      0.4 0.496667 0.499561
  0.9999      0.4 0.496667  0.49995
       0      0.5 0.496667 0.496667
     0.2      0.5 0.501333 0.496654
     0.4      0.5    0.506 0.496624
     0.6      0.5 0.508667 0.496629
     0.8      0.5 0.547333 0.496699
     0.9      0.5 0.446667 0.496823
    0.95      0.5 0.496667 0.497023
    0.99      0.5 0.496667 0.497986
   0.999      0.5 0.496667 0.499563
  0.9999      0.5 0.496667  0.49995
       0      0.6 0.496667 0.496667
     0.2      0.6      0.5 0.496577
     0.4      0.6 0.505333 0.496588
     0.6      0.6    0.508 0.496621
     0.8      0.6 0.538667 0.496705
     0.9      0.6 0.445333 0.496829
    0.95      0.6 0.496667 0.497027
    0.99      0.6 0.496667 0.497988
   0.999      0.6 0.496667 0.499564
  0.9999      0.6 0.496667 0.499951
       0      0.7 0.496667 0.496667
     0.2      0.7    0.502 0.496555
     0.4      0.7 0.504667 0.496582
     0.6      0.7 0.509333 0.496625
     0.8      0.7 0.536667 0.496711
     0.9      0.7 0.448667 0.496833
    0.95      0.7 0.496667  0.49703
    0.99      0.7 0.496667 0.497989
   0.999      0.7 0.496667 0.499564
  0.9999      0.7 0.496667 0.499951
       0      0.8 0.496667 0.496667
     0.2      0.8 0.501333 0.496557
     0.4      0.8 0.504667 0.496588
     0.6      0.8 0.506667 0.496632
     0.8      0.8 0.534667 0.496717
     0.9      0.8 0.453333 0.496836
    0.95      0.8 0.496667 0.497032
    0.99      0.8 0.496667  0.49799
   0.999      0.8 0.496667 0.499564
  0.9999      0.8 0.496667 0.499951
       0      0.9 0.496667 0.496667
     0.2      0.9 0.499333 0.496566
     0.4      0.9 0.504667 0.496597
     0.6      0.9 0.506667 0.496641
     0.8      0.9 0.533333 0.496722
     0.9      0.9    0.456 0.496839
    0.95      0.9 0.496667 0.497033
    0.99      0.9 0.496667  0.49799
   0.999      0.9 0.496667 0.499565
  0.9999      0.9 0.496667 0.499951
       0        1 0.496667 0.496667
     0.2        1 0.498667 0.496577
     0.4        1    0.506 0.496607
     0.6        1 0.507333 0.496648
     0.8        1 0.530667 0.496727
     0.9        1    0.456 0.496842
    0.95        1 0.496667 0.497035
    0.99        1 0.496667 0.497991
   0.999        1 0.496667 0.499565
  0.9999        1 0.496667 0.499951
       0        2 0.496667 0.496667
     0.2        2    0.498 0.496641
     0.4        2 0.505333 0.496658
     0.6        2 0.509333 0.496684
     0.8        2 0.525333 0.496745
     0.9        2 0.468667 0.496851
    0.95        2 0.496667  0.49704
    0.99        2 0.496667 0.497992
   0.999        2 0.496667 0.499565
  0.9999        2 0.496667 0.499951
       0        4 0.496667 0.496667
     0.2        4 0.497333 0.496664
     0.4        4    0.504 0.496675
     0.6        4 0.509333 0.496696
     0.8        4    0.524 0.496751
     0.9        4     0.47 0.496854
    0.95        4 0.496667 0.497041
    0.99        4 0.496667 0.497992
   0.999        4 0.496667 0.499565
  0.9999        4 0.496667 0.499951