       0     0.05 0.495333 0.496667
     0.2     0.05 0.495333 0.496667
     0.4     0.05 0.495333 0.496667
     0.6     0.05 0.495333 0.496667
     0.8     0.05 0.495333 0.496667
     0.9     0.05 0.495333 0.496667
    0.95     0.05 0.495333 0.496667
    0.99     0.05 0.495333 0.496667
   0.999     0.05 0.495333 0.496667
  0.9999     0.05 0.495333 0.496667
       0      0.1 0.495333 0.496667
     0.2      0.1 0.466667 0.467841
     0.4      0.1     0.47 0.468971
     0.6      0.1    0.466 0.469532
     0.8      0.1 0.473333 0.471014
     0.9      0.1 0.468667  0.47299
    0.95      0.1    0.478 0.475429
    0.99      0.1    0.476 0.474221
   0.999      0.1    0.474 0.474022
  0.9999      0.1 0.474667  0.47627
       0     0.15 0.495333 0.496667
     0.2     0.15    0.466  0.46616
     0.4     0.15 0.463333 0.467921
     0.6     0.15    0.466 0.469937
     0.8     0.15 0.468667 0.472349
     0.9     0.15     0.47 0.474102
    0.95     0.15     0.48  0.47542
    0.99     0.15    0.472   0.4776
   0.999     0.15    0.494 0.490542
  0.9999     0.15 0.496667 0.495742
       0      0.2 0.495333 0.496667
     0.2      0.2 0.457333  0.46161
     0.4      0.2 0.463333 0.465759
     0.6      0.2 0.467333 0.469275
     0.8      0.2    0.474  0.47327
     0.9      0.2 0.475333 0.476275
    0.95      0.2 0.476667 0.479505
    0.99      0.2 0.489333 0.488403
   0.999      0.2 0.496667 0.494906
  0.9999      0.2 0.496667 0.496124
       0      0.3 0.495333 0.496667
     0.2      0.3 0.448667 0.457523
     0.4      0.3 0.455333 0.463677
     0.6      0.3 0.470667 0.469439
     0.8      0.3     0.47  0.47699
     0.9      0.3    0.476   0.4832
    0.95      0.3 0.480667 0.488163
    0.99      0.3 0.494667 0.494727
   0.999      0.3    0.496 0.497877
  0.9999      0.3    0.498 0.499209
       0      0.4 0.495333 0.496667
     0.2      0.4 0.435333 0.457156
     0.4      0.4    0.446 0.464116
     0.6      0.4 0.459333 0.471663
     0.8      0.4    0.476  0.48112
     0.9      0.4 0.483333 0.487523
    0.95      0.4     0.48  0.49169
    0.99      0.4     0.49 0.496458
   0.999      0.4 0.495333 0.499126
  0.9999      0.4    0.498 0.499826
       0      0.5 0.495333 0.496667
     0.2      0.5     0.43 0.463666
     0.4      0.5 0.440667 0.470051
     0.6      0.5    0.448 0.477068
     0.8      0.5 0.461333 0.485473
     0.9      0.5    0.464 0.490661
    0.95      0.5 0.468667 0.493749
    0.99      0.5    0.482 0.497211
   0.999      0.5 0.494667 0.499414
  0.9999      0.5 0.495333  0.49993
       0      0.6 0.495333 0.496667
     0.2      0.6    0.432 0.471138
     0.4      0.6 0.435333 0.476549
     0.6      0.6 0.448667 0.482424
     0.8      0.6 0.454667 0.489056
     0.9      0.6    0.454 0.492835
    0.95      0.6     0.45 0.494984
    0.99      0.6 0.456667 0.497559
   0.999      0.6    0.498 0.499507
  0.9999      0.6    0.498 0.499953
       0      0.7 0.495333 0.496667
     0.2      0.7 0.430667 0.477201
     0.4      0.7 0.435333 0.481605
     0.6      0.7    0.448 0.486274
     0.8      0.7    0.446 0.491323
     0.9      0.7 0.439333 0.494085
    0.95      0.7    0.448  0.49565
    0.99      0.7 0.486667 0.497726
   0.999      0.7    0.498 0.499543
  0.9999      0.7    0.498 0.499959
       0      0.8 0.495333 0.496667
     0.2      0.8 0.435333 0.481635
     0.4      0.8 0.432667 0.485173
     0.6      0.8 0.441333 0.488856
     0.8      0.8 0.438667 0.492741
     0.9      0.8 0.440667 0.494832
    0.95      0.8 0.443333 0.496035
    0.99      0.8 0.496667 0.497815
   0.999      0.8    0.498 0.499559
  0.9999      0.8    0.498  0.49996
       0      0.9 0.495333 0.496667
     0.2      0.9 0.439333 0.484814
     0.4      0.9    0.436 0.487671
     0.6      0.9     0.44  0.49061
     0.8      0.9 0.439333 0.493668
     0.9      0.9 0.443333  0.49531
    0.95      0.9     0.44 0.496278
    0.99      0.9    0.498 0.497866
   0.999      0.9    0.498 0.499566
  0.9999      0.9    0.498  0.49996
       0        1 0.495333 0.496667
     0.2        1 0.438667  0.48712
     0.4        1 0.436667 0.489455
     0.6        1 0.439333  0.49184
     0.8        1 0.437333 0.494305
     0.9        1 0.440667 0.495633
    0.95        1 0.443333 0.496441
    0.99        1    0.498 0.497898
   0.999        1    0.498 0.499569
  0.9999        1    0.498 0.499959
       0        2 0.495333 0.496667
     0.2        2 0.436667 0.494374
     0.4        2 0.438667 0.494958
     0.6        2    0.442 0.495551
     0.8        2    0.442 0.496181
     0.9        2 0.437333 0.496572
    0.95        2 0.453333 0.496904
    0.99        2    0.498 0.497975
   0.999        2    0.498 0.499569
  0.9999        2    0.498 0.499954
       0        4 0.495333 0.496667
     0.2        4 0.440667 0.496106
     0.4        4 0.439333 0.496257
     0.6        4 0.441333 0.496417
     0.8        4 0.437333 0.496612
     0.9        4    0.434 0.496786
    0.95        4     0.46 0.497008
    0.99        4    0.498 0.497989
   0.999        4    0.498 0.499566
  0.9999        4    0.498 0.499952