        0      0.05  0.166667  0.466667
      0.2      0.05  0.166667  0.327667
      0.4      0.05  0.166667  0.327667
      0.6      0.05  0.166667  0.327667
      0.8      0.05  0.166667  0.327667
      0.9      0.05  0.166667  0.327667
     0.95      0.05  0.166667  0.327667
     0.99      0.05  0.166667  0.327667
    0.999      0.05  0.166667  0.327667
   0.9999      0.05  0.166667  0.327667
        0       0.1  0.166667  0.466667
      0.2       0.1 0.0653333 0.0647285
      0.4       0.1 0.0653333 0.0642424
      0.6       0.1 0.0653333 0.0644934
      0.8       0.1 0.0646667 0.0654192
      0.9       0.1 0.0673333 0.0661654
     0.95       0.1 0.0666667 0.0665639
     0.99       0.1     0.066 0.0666268
    0.999       0.1 0.0666667 0.0664405
   0.9999       0.1     0.064 0.0641087
        0      0.15  0.166667  0.466667
      0.2      0.15 0.0613333 0.0625364
      0.4      0.15 0.0653333  0.063713
      0.6      0.15 0.0646667 0.0639539
      0.8      0.15     0.064 0.0644317
      0.9      0.15 0.0666667 0.0646688
     0.95      0.15 0.0666667 0.0644167
     0.99      0.15 0.0633333 0.0614963
    0.999      0.15 0.0586667 0.0564581
   0.9999      0.15 0.0513333 0.0535357
        0       0.2  0.166667  0.466667
      0.2       0.2 0.0606667 0.0596188
      0.4       0.2 0.0606667 0.0604994
      0.6       0.2     0.062 0.0610659
      0.8       0.2 0.0606667 0.0607206
      0.9       0.2 0.0606667 0.0596374
     0.95       0.2 0.0553333 0.0577955
     0.99       0.2 0.0513333 0.0535307
    0.999       0.2      0.05 0.0479373
   0.9999       0.2 0.0386667 0.0410811
        0       0.3  0.166667  0.466667
      0.2       0.3      0.06 0.0604423
      0.4       0.3 0.0526667 0.0582135
      0.6       0.3     0.052 0.0569629
      0.8       0.3      0.05 0.0546272
      0.9       0.3 0.0466667  0.052136
     0.95       0.3 0.0433333  0.049153
     0.99       0.3 0.0313333 0.0417432
    0.999       0.3 0.0313333 0.0393062
   0.9999       0.3 0.0333333 0.0473238
        0       0.4  0.166667  0.466667
      0.2       0.4     0.062 0.0684087
      0.4       0.4     0.056 0.0640263
      0.6       0.4     0.048 0.0602891
      0.8       0.4 0.0393333 0.0559087
      0.9       0.4     0.034  0.052862
     0.95       0.4 0.0286667  0.051269
     0.99       0.4      0.03 0.0537249
    0.999       0.4      0.03 0.0683015
   0.9999       0.4     0.034  0.081246
        0       0.5  0.166667  0.466667
      0.2       0.5 0.0573333 0.0780492
      0.4       0.5     0.052 0.0735059
      0.6       0.5 0.0433333 0.0697167
      0.8       0.5 0.0346667 0.0667978
      0.9       0.5 0.0306667 0.0674725
     0.95       0.5 0.0273333  0.071287
     0.99       0.5     0.024 0.0883056
    0.999       0.5 0.0333333  0.109768
   0.9999       0.5     0.066   0.12372
        0       0.6  0.166667  0.466667
      0.2       0.6 0.0626667  0.091831
      0.4       0.6      0.05 0.0883815
      0.6       0.6     0.044 0.0867406
      0.8       0.6 0.0373333 0.0892461
      0.9       0.6 0.0306667 0.0968693
     0.95       0.6     0.028  0.108093
     0.99       0.6 0.0293333  0.136104
    0.999       0.6      0.05  0.159269
   0.9999       0.6  0.155333  0.208707
        0       0.7  0.166667  0.466667
      0.2       0.7 0.0626667  0.111633
      0.4       0.7     0.052  0.110938
      0.6       0.7 0.0466667  0.113606
      0.8       0.7 0.0373333  0.124235
      0.9       0.7     0.034  0.139681
     0.95       0.7 0.0333333  0.156646
     0.99       0.7     0.036  0.187517
    0.999       0.7  0.101333    0.2294
   0.9999       0.7       0.2  0.274775
        0       0.8  0.166667  0.466667
      0.2       0.8 0.0633333  0.138184
      0.4       0.8 0.0566667  0.141544
      0.6       0.8 0.0486667  0.149612
      0.8       0.8     0.042  0.168345
      0.9       0.8 0.0386667  0.189099
     0.95       0.8 0.0413333  0.208055
     0.99       0.8     0.058  0.242311
    0.999       0.8  0.188667  0.291886
   0.9999       0.8       0.2  0.313877
        0       0.9  0.166667  0.466667
      0.2       0.9 0.0666667  0.169778
      0.4       0.9 0.0633333  0.177467
      0.6       0.9     0.056  0.190505
      0.8       0.9     0.046  0.214841
      0.9       0.9     0.046  0.237661
     0.95       0.9     0.048  0.257031
     0.99       0.9     0.098  0.294969
    0.999       0.9  0.197333  0.333834
   0.9999       0.9       0.2  0.343561
        0         1  0.166667  0.466667
      0.2         1     0.072  0.204145
      0.4         1     0.066  0.215324
      0.6         1      0.06    0.2318
      0.8         1 0.0553333  0.258798
      0.9         1 0.0526667  0.281904
     0.95         1 0.0553333  0.301269
     0.99         1  0.148667  0.337659
    0.999         1       0.2  0.363837
   0.9999         1       0.2  0.368654
        0         2  0.166667  0.466667
      0.2         2  0.173333  0.412087
      0.4         2  0.154667  0.419414
      0.6         2  0.132667  0.427741
      0.8         2  0.112667  0.438493
      0.9         2  0.160667  0.447192
     0.95         2  0.166667  0.454958
     0.99         2  0.166667  0.467496
    0.999         2       0.2  0.472507
   0.9999         2       0.2  0.473096
        0         4  0.166667  0.466667
      0.2         4  0.234667  0.456773
      0.4         4  0.224667  0.458947
      0.6         4     0.186  0.461855
      0.8         4      0.16  0.467112
      0.9         4  0.166667  0.473208
     0.95         4  0.166667  0.479657
     0.99         4  0.166667  0.490358
    0.999         4  0.197333  0.494403
   0.9999         4       0.2  0.494864