        0      0.05  0.193333  0.493333
      0.2      0.05  0.193333  0.377333
      0.4      0.05  0.193333  0.377333
      0.6      0.05  0.193333     0.377
      0.8      0.05  0.193333  0.376667
      0.9      0.05  0.193333  0.376667
     0.95      0.05  0.193333  0.376667
     0.99      0.05  0.193333  0.376667
    0.999      0.05  0.193333  0.376667
   0.9999      0.05  0.193333  0.376667
        0       0.1  0.193333  0.493333
      0.2       0.1  0.174667  0.176847
      0.4       0.1      0.18   0.18008
      0.6       0.1  0.182667  0.182365
      0.8       0.1  0.183333  0.184047
      0.9       0.1     0.184  0.184806
     0.95       0.1     0.184  0.185461
     0.99       0.1  0.188667  0.188817
    0.999       0.1     0.194  0.195497
   0.9999       0.1  0.197333  0.197479
        0      0.15  0.193333  0.493333
      0.2      0.15     0.178  0.179764
      0.4      0.15  0.178667   0.18104
      0.6      0.15  0.184667  0.184886
      0.8      0.15     0.188  0.189257
      0.9      0.15  0.189333  0.191775
     0.95      0.15  0.192667  0.195395
     0.99      0.15  0.200667  0.201627
    0.999      0.15  0.205333  0.208019
   0.9999      0.15     0.218  0.215205
        0       0.2  0.193333  0.493333
      0.2       0.2  0.179333  0.178134
      0.4       0.2  0.178667   0.18074
      0.6       0.2      0.18  0.183217
      0.8       0.2  0.188667  0.190304
      0.9       0.2  0.190667  0.195931
     0.95       0.2  0.200667  0.200913
     0.99       0.2  0.207333  0.210287
    0.999       0.2  0.223333  0.222105
   0.9999       0.2     0.228  0.250298
        0       0.3  0.193333  0.493333
      0.2       0.3     0.174  0.174329
      0.4       0.3  0.174667  0.175152
      0.6       0.3  0.177333  0.179241
      0.8       0.3  0.183333  0.187179
      0.9       0.3  0.195333  0.196081
     0.95       0.3     0.208  0.206115
     0.99       0.3  0.222667    0.2321
    0.999       0.3  0.290667  0.255334
   0.9999       0.3  0.217333  0.260624
        0       0.4  0.193333  0.493333
      0.2       0.4  0.175333  0.184281
      0.4       0.4  0.173333  0.181632
      0.6       0.4     0.174  0.181863
      0.8       0.4  0.181333  0.188046
      0.9       0.4     0.188  0.198228
     0.95       0.4  0.204667  0.211277
     0.99       0.4     0.242  0.239787
    0.999       0.4  0.290667  0.259162
   0.9999       0.4  0.196667  0.217349
        0       0.5  0.193333  0.493333
      0.2       0.5  0.184667  0.197758
      0.4       0.5      0.18  0.194632
      0.6       0.5  0.176667  0.194591
      0.8       0.5     0.178  0.199304
      0.9       0.5  0.181333  0.208146
     0.95       0.5     0.196  0.219194
     0.99       0.5  0.208667   0.23959
    0.999       0.5  0.114667  0.218946
   0.9999       0.5 0.0453333  0.173165
        0       0.6  0.193333  0.493333
      0.2       0.6     0.198  0.212942
      0.4       0.6  0.188667  0.209713
      0.6       0.6     0.188  0.209478
      0.8       0.6  0.184667  0.213482
      0.9       0.6  0.181333  0.220433
     0.95       0.6  0.182667  0.228081
     0.99       0.6  0.148667  0.237568
    0.999       0.6 0.0406667  0.223692
   0.9999       0.6      0.13  0.246071
        0       0.7  0.193333  0.493333
      0.2       0.7  0.202667  0.229191
      0.4       0.7  0.199333  0.227242
      0.6       0.7     0.196  0.227881
      0.8       0.7      0.19   0.23302
      0.9       0.7  0.187333  0.241022
     0.95       0.7  0.179333  0.249834
     0.99       0.7     0.044  0.262614
    0.999       0.7  0.103333  0.279234
   0.9999       0.7  0.198667   0.31401
        0       0.8  0.193333  0.493333
      0.2       0.8     0.206  0.248307
      0.4       0.8     0.204  0.248621
      0.6       0.8  0.203333  0.251877
      0.8       0.8  0.192667  0.261394
      0.9       0.8  0.184667  0.273184
     0.95       0.8  0.143333  0.284241
     0.99       0.8 0.0573333  0.302972
    0.999       0.8  0.165333  0.335794
   0.9999       0.8  0.199333  0.353562
        0       0.9  0.193333  0.493333
      0.2       0.9  0.210667  0.270151
      0.4       0.9  0.207333  0.273383
      0.6       0.9     0.204  0.280087
      0.8       0.9  0.189333  0.294314
      0.9       0.9  0.166667  0.308656
     0.95       0.9 0.0706667  0.321064
     0.99       0.9  0.113333  0.346216
    0.999       0.9  0.194667  0.373988
   0.9999       0.9  0.199333  0.381489
        0         1  0.193333  0.493333
      0.2         1     0.214  0.293491
      0.4         1     0.208  0.299529
      0.6         1  0.201333  0.309292
      0.8         1     0.182   0.32672
      0.9         1  0.110667  0.342509
     0.95         1     0.072  0.356166
     0.99         1  0.154667   0.38215
    0.999         1     0.198  0.400372
   0.9999         1  0.199333  0.404067
        0         2  0.193333  0.493333
      0.2         2     0.228  0.447922
      0.4         2  0.217333  0.454589
      0.6         2  0.180667   0.46204
      0.8         2     0.128  0.470629
      0.9         2  0.160667  0.475693
     0.95         2  0.190667  0.478808
     0.99         2  0.193333  0.483265
    0.999         2  0.193333  0.486314
   0.9999         2       0.2  0.486857
        0         4  0.193333  0.493333
      0.2         4  0.292667  0.487547
      0.4         4      0.27  0.488706
      0.6         4     0.244  0.489919
      0.8         4  0.194667  0.491283
      0.9         4  0.151333  0.492242
     0.95         4  0.191333  0.493164
     0.99         4  0.193333  0.495834
    0.999         4  0.193333  0.498316
   0.9999         4  0.193333  0.498745