       0     0.05 0.494667     0.49
     0.2     0.05 0.482667 0.492356
     0.4     0.05 0.485333 0.492583
     0.6     0.05 0.481333 0.492909
     0.8     0.05    0.486 0.493203
     0.9     0.05    0.488 0.493264
    0.95     0.05 0.486667 0.493468
    0.99     0.05    0.476   0.4958
   0.999     0.05 0.488667 0.499193
  0.9999     0.05 0.495333 0.499865
       0      0.1 0.494667     0.49
     0.2      0.1 0.490667  0.49187
     0.4      0.1 0.484667  0.49184
     0.6      0.1 0.484667 0.491728
     0.8      0.1    0.476 0.491547
     0.9      0.1 0.476667 0.491749
    0.95      0.1 0.471333  0.49263
    0.99      0.1 0.475333 0.496435
   0.999      0.1 0.478667 0.499483
  0.9999      0.1 0.483333 0.499946
       0     0.15 0.494667     0.49
     0.2     0.15 0.474667 0.490906
     0.4     0.15 0.479333 0.490789
     0.6     0.15 0.482667 0.490662
     0.8     0.15 0.474667 0.490742
     0.9     0.15 0.469333 0.491375
    0.95     0.15    0.468 0.492602
    0.99     0.15 0.489333 0.496607
   0.999     0.15 0.494667 0.499558
  0.9999     0.15 0.504667 0.499997
       0      0.2 0.494667     0.49
     0.2      0.2 0.480667  0.49026
     0.4      0.2 0.476667 0.490164
     0.6      0.2 0.475333 0.490156
     0.8      0.2    0.472 0.490509
     0.9      0.2 0.476667 0.491341
    0.95      0.2     0.48 0.492655
    0.99      0.2      0.5 0.496665
   0.999      0.2 0.494667 0.499586
  0.9999      0.2 0.504667 0.500019
       0      0.3 0.494667     0.49
     0.2      0.3    0.468 0.489537
     0.4      0.3 0.467333 0.489649
     0.6      0.3    0.466 0.489884
     0.8      0.3    0.474  0.49049
     0.9      0.3 0.483333 0.491411
    0.95      0.3     0.49 0.492731
    0.99      0.3 0.492667 0.496701
   0.999      0.3 0.494667 0.499595
  0.9999      0.3 0.504667 0.500024
       0      0.4 0.494667     0.49
     0.2      0.4 0.467333 0.489508
     0.4      0.4 0.467333 0.489681
     0.6      0.4 0.468667 0.489961
     0.8      0.4    0.478 0.490576
     0.9      0.4    0.486 0.491471
    0.95      0.4 0.498667 0.492766
    0.99      0.4 0.494667 0.496706
   0.999      0.4 0.494667 0.499584
  0.9999      0.4 0.504667  0.50001
       0      0.5 0.494667     0.49
     0.2      0.5 0.469333 0.489638
     0.4      0.5    0.468 0.489804
     0.6      0.5 0.472667 0.490065
     0.8      0.5 0.479333 0.490641
     0.9      0.5 0.486667 0.491503
    0.95      0.5 0.501333 0.492778
    0.99      0.5 0.494667 0.496701
   0.999      0.5 0.494667 0.499571
  0.9999      0.5 0.504667 0.499996
       0      0.6 0.494667     0.49
     0.2      0.6 0.467333  0.48975
     0.4      0.6    0.466 0.489899
     0.6      0.6    0.474 0.490137
     0.8      0.6 0.475333 0.490678
     0.9      0.6 0.489333 0.491518
    0.95      0.6 0.497333  0.49278
    0.99      0.6 0.494667 0.496694
   0.999      0.6 0.494667 0.499561
  0.9999      0.6 0.504667 0.499985
       0      0.7 0.494667     0.49
     0.2      0.7 0.464667 0.489827
     0.4      0.7 0.463333 0.489962
     0.6      0.7    0.474 0.490181
     0.8      0.7    0.476 0.490699
     0.9      0.7    0.492 0.491525
    0.95      0.7 0.495333 0.492778
    0.99      0.7 0.494667 0.496686
   0.999      0.7 0.494667 0.499553
  0.9999      0.7 0.504667 0.499977
       0      0.8 0.494667     0.49
     0.2      0.8 0.466667 0.489879
     0.4      0.8    0.462 0.490003
     0.6      0.8 0.473333  0.49021
     0.8      0.8 0.477333 0.490712
     0.9      0.8    0.492 0.491528
    0.95      0.8    0.494 0.492776
    0.99      0.8 0.494667 0.496679
   0.999      0.8 0.494667 0.499547
  0.9999      0.8 0.494667 0.499972
       0      0.9 0.494667     0.49
     0.2      0.9    0.466 0.489915
     0.4      0.9 0.462667 0.490032
     0.6      0.9 0.471333 0.490229
     0.8      0.9 0.477333  0.49072
     0.9      0.9    0.492 0.491529
    0.95      0.9 0.493333 0.492773
    0.99      0.9 0.494667 0.496674
   0.999      0.9 0.494667 0.499543
  0.9999      0.9 0.494667 0.499967
       0        1 0.494667     0.49
     0.2        1    0.466 0.489941
     0.4        1 0.463333 0.490052
     0.6        1    0.472 0.490242
     0.8        1    0.476 0.490725
     0.9        1 0.494667  0.49153
    0.95        1    0.498 0.492771
    0.99        1 0.494667  0.49667
   0.999        1 0.494667  0.49954
  0.9999        1 0.494667 0.499964
       0        2 0.494667     0.49
     0.2        2 0.467333 0.490023
     0.4        2 0.460667 0.490113
     0.6        2 0.470667  0.49028
     0.8        2 0.476667 0.490738
     0.9        2 0.497333 0.491528
    0.95        2    0.492  0.49276
    0.99        2 0.494667 0.496653
   0.999        2 0.494667 0.499528
  0.9999        2 0.494667 0.499954
       0        4 0.494667     0.49
     0.2        4 0.467333 0.490043
     0.4        4 0.460667 0.490127
     0.6        4 0.471333 0.490289
     0.8        4    0.478  0.49074
     0.9        4 0.496667 0.491527
    0.95        4 0.492667 0.492756
    0.99        4 0.494667 0.496648
   0.999        4 0.494667 0.499525
  0.9999        4 0.494667 0.499951