       0     0.05 0.493333 0.493333
     0.2     0.05 0.493333 0.493333
     0.4     0.05 0.493333 0.493333
     0.6     0.05 0.493333 0.493333
     0.8     0.05 0.493333 0.493333
     0.9     0.05 0.493333 0.493333
    0.95     0.05 0.493333 0.493333
    0.99     0.05 0.493333 0.493333
   0.999     0.05 0.493333 0.493333
  0.9999     0.05 0.493333 0.493333
       0      0.1 0.493333 0.493333
     0.2      0.1    0.444 0.442123
     0.4      0.1 0.448667 0.451014
     0.6      0.1 0.455333 0.457131
     0.8      0.1    0.466  0.46312
     0.9      0.1    0.468 0.467096
    0.95      0.1    0.474 0.469949
    0.99      0.1 0.476667 0.472293
   0.999      0.1 0.472667 0.474004
  0.9999      0.1 0.462667 0.475017
       0     0.15 0.493333 0.493333
     0.2     0.15    0.418 0.426658
     0.4     0.15 0.433333 0.436747
     0.6     0.15 0.445333 0.447443
     0.8     0.15    0.462 0.458949
     0.9     0.15 0.470667  0.46655
    0.95     0.15 0.462667  0.47143
    0.99     0.15 0.475333 0.478829
   0.999     0.15    0.488 0.484951
  0.9999     0.15    0.488  0.48533
       0      0.2 0.493333 0.493333
     0.2      0.2 0.414667 0.422312
     0.4      0.2    0.418 0.431338
     0.6      0.2    0.422 0.441703
     0.8      0.2 0.433333 0.455849
     0.9      0.2    0.446 0.466278
    0.95      0.2 0.463333 0.473602
    0.99      0.2 0.473333   0.4816
   0.999      0.2 0.486667 0.483411
  0.9999      0.2 0.487333 0.484897
       0      0.3 0.493333 0.493333
     0.2      0.3    0.386 0.415381
     0.4      0.3 0.392667 0.428023
     0.6      0.3 0.408667 0.441241
     0.8      0.3 0.428667 0.457966
     0.9      0.3 0.453333 0.469747
    0.95      0.3 0.472667 0.478055
    0.99      0.3     0.49 0.489308
   0.999      0.3    0.494 0.496525
  0.9999      0.3      0.5 0.499332
       0      0.4 0.493333 0.493333
     0.2      0.4 0.367333 0.421449
     0.4      0.4 0.371333 0.434531
     0.6      0.4 0.386667 0.449209
     0.8      0.4 0.434667 0.467458
     0.9      0.4 0.472667 0.479159
    0.95      0.4    0.488 0.486369
    0.99      0.4 0.492667 0.494584
   0.999      0.4    0.498 0.498974
  0.9999      0.4      0.5  0.49988
       0      0.5 0.493333 0.493333
     0.2      0.5 0.348667 0.436047
     0.4      0.5 0.355333 0.447892
     0.6      0.5 0.378667 0.460918
     0.8      0.5 0.428667   0.4759
     0.9      0.5 0.476667 0.484631
    0.95      0.5    0.492  0.48973
    0.99      0.5 0.493333 0.495814
   0.999      0.5    0.498 0.499299
  0.9999      0.5      0.5 0.499923
       0      0.6 0.493333 0.493333
     0.2      0.6 0.340667 0.449839
     0.4      0.6 0.343333 0.459525
     0.6      0.6    0.364 0.469894
     0.8      0.6    0.426 0.481278
     0.9      0.6 0.482667 0.487657
    0.95      0.6 0.492667 0.491397
    0.99      0.6 0.493333  0.49633
   0.999      0.6 0.495333 0.499409
  0.9999      0.6      0.5 0.499936
       0      0.7 0.493333 0.493333
     0.2      0.7    0.328 0.460039
     0.4      0.7 0.330667 0.467754
     0.6      0.7 0.351333 0.475871
     0.8      0.7 0.423333 0.484585
     0.9      0.7 0.485333 0.489419
    0.95      0.7 0.493333 0.492331
    0.99      0.7 0.493333 0.496593
   0.999      0.7 0.493333 0.499459
  0.9999      0.7      0.5 0.499942
       0      0.8 0.493333 0.493333
     0.2      0.8     0.32 0.467262
     0.4      0.8    0.322 0.473446
     0.6      0.8    0.346 0.479887
     0.8      0.8 0.419333 0.486727
     0.9      0.8 0.487333 0.490534
    0.95      0.8 0.493333  0.49291
    0.99      0.8 0.493333 0.496745
   0.999      0.8 0.493333 0.499485
  0.9999      0.8      0.5 0.499945
       0      0.9 0.493333 0.493333
     0.2      0.9 0.316667 0.472446
     0.4      0.9 0.321333 0.477477
     0.6      0.9 0.346667 0.482685
     0.8      0.9 0.414667 0.488191
     0.9      0.9 0.485333 0.491286
    0.95      0.9 0.493333 0.493296
    0.99      0.9 0.493333 0.496839
   0.999      0.9 0.493333   0.4995
  0.9999      0.9      0.5 0.499947
       0        1 0.493333 0.493333
     0.2        1 0.314667 0.476257
     0.4        1    0.318 0.480417
     0.6        1    0.342 0.484706
     0.8        1 0.410667 0.489236
     0.9        1    0.484 0.491819
    0.95        1 0.493333 0.493567
    0.99        1 0.493333 0.496903
   0.999        1 0.493333  0.49951
  0.9999        1      0.5 0.499948
       0        2 0.493333 0.493333
     0.2        2    0.306 0.488962
     0.4        2    0.312 0.490088
     0.6        2 0.329333 0.491256
     0.8        2 0.386667 0.492565
     0.9        2 0.478667 0.493496
    0.95        2 0.493333 0.494409
    0.99        2 0.493333 0.497078
   0.999        2 0.493333 0.499531
  0.9999        2 0.493333  0.49995
       0        4 0.493333 0.493333
     0.2        4 0.305333  0.49225
     0.4        4    0.312 0.492563
     0.6        4 0.324667 0.492911
     0.8        4 0.382667 0.493395
     0.9        4 0.476667  0.49391
    0.95        4 0.493333 0.494614
    0.99        4 0.493333 0.497116
   0.999        4 0.493333 0.499534
  0.9999        4 0.493333  0.49995