         0       0.05   0.466667   0.466667
       0.2       0.05  0.0213333  0.0356667
       0.4       0.05      0.022      0.035
       0.6       0.05  0.0226667  0.0343333
       0.8       0.05  0.0226667  0.0343333
       0.9       0.05  0.0226667      0.035
      0.95       0.05      0.024      0.034
      0.99       0.05      0.024      0.034
     0.999       0.05  0.0226667  0.0336667
    0.9999       0.05      0.022      0.034
         0        0.1   0.466667   0.466667
       0.2        0.1 0.00466667 0.00525734
       0.4        0.1 0.00466667 0.00466837
       0.6        0.1 0.00466667 0.00466843
       0.8        0.1 0.00466667 0.00465928
       0.9        0.1 0.00333333 0.00364864
      0.95        0.1 0.00333333 0.00335327
      0.99        0.1 0.00333333 0.00339618
     0.999        0.1 0.00333333 0.00391063
    0.9999        0.1 0.00333333 0.00833251
         0       0.15   0.466667   0.466667
       0.2       0.15  0.0133333  0.0141409
       0.4       0.15 0.00733333 0.00740684
       0.6       0.15 0.00466667 0.00551805
       0.8       0.15 0.00466667 0.00602045
       0.9       0.15 0.00333333 0.00619541
      0.95       0.15 0.00333333 0.00777627
      0.99       0.15 0.00333333  0.0179473
     0.999       0.15  0.0466667  0.0400378
    0.9999       0.15  0.0486667   0.047775
         0        0.2   0.466667   0.466667
       0.2        0.2  0.0193333   0.025445
       0.4        0.2  0.0146667  0.0216974
       0.6        0.2 0.00733333  0.0144231
       0.8        0.2 0.00466667   0.015771
       0.9        0.2 0.00466667  0.0210635
      0.95        0.2 0.00333333  0.0273538
      0.99        0.2      0.004  0.0413842
     0.999        0.2  0.0486667  0.0481144
    0.9999        0.2  0.0486667  0.0496131
         0        0.3   0.466667   0.466667
       0.2        0.3      0.036  0.0569995
       0.4        0.3  0.0253333   0.050314
       0.6        0.3  0.0173333  0.0488926
       0.8        0.3  0.0133333  0.0489437
       0.9        0.3 0.00333333  0.0468384
      0.95        0.3 0.00333333  0.0487174
      0.99        0.3  0.0466667  0.0551935
     0.999        0.3  0.0486667  0.0722189
    0.9999        0.3  0.0806667   0.104545
         0        0.4   0.466667   0.466667
       0.2        0.4      0.052  0.0865331
       0.4        0.4  0.0393333  0.0774819
       0.6        0.4  0.0266667  0.0710393
       0.8        0.4  0.0166667  0.0687239
       0.9        0.4  0.0153333  0.0696628
      0.95        0.4  0.0553333  0.0718677
      0.99        0.4      0.062  0.0885067
     0.999        0.4   0.105333   0.129826
    0.9999        0.4   0.108667   0.163028
         0        0.5   0.466667   0.466667
       0.2        0.5      0.064   0.106171
       0.4        0.5  0.0526667  0.0989689
       0.6        0.5      0.046  0.0927831
       0.8        0.5       0.07  0.0876314
       0.9        0.5      0.066  0.0898656
      0.95        0.5  0.0633333  0.0974744
      0.99        0.5  0.0853333   0.129776
     0.999        0.5        0.1   0.192689
    0.9999        0.5       0.25   0.285126
         0        0.6   0.466667   0.466667
       0.2        0.6   0.106667   0.123625
       0.4        0.6      0.106   0.116284
       0.6        0.6  0.0953333    0.11332
       0.8        0.6  0.0813333   0.113855
       0.9        0.6  0.0726667    0.12072
      0.95        0.6      0.072   0.133928
      0.99        0.6  0.0826667    0.18373
     0.999        0.6   0.165333   0.283715
    0.9999        0.6   0.338667   0.374921
         0        0.7   0.466667   0.466667
       0.2        0.7      0.122   0.140706
       0.4        0.7      0.112   0.135278
       0.6        0.7   0.107333   0.135059
       0.8        0.7  0.0946667    0.14319
       0.9        0.7  0.0926667   0.158334
      0.95        0.7      0.092   0.179978
      0.99        0.7   0.114667   0.248167
     0.999        0.7   0.264667   0.354841
    0.9999        0.7      0.284   0.426295
         0        0.8   0.466667   0.466667
       0.2        0.8      0.126   0.159272
       0.4        0.8   0.118667   0.158527
       0.6        0.8      0.112   0.162216
       0.8        0.8   0.109333   0.177997
       0.9        0.8   0.107333   0.201917
      0.95        0.8   0.117333   0.231867
      0.99        0.8   0.176667   0.311888
     0.999        0.8      0.272   0.410676
    0.9999        0.8      0.408   0.458882
         0        0.9   0.466667   0.466667
       0.2        0.9   0.130667   0.181113
       0.4        0.9      0.128   0.185105
       0.6        0.9   0.126667   0.194577
       0.8        0.9   0.122667   0.218669
       0.9        0.9   0.131333   0.250083
      0.95        0.9      0.142   0.285889
      0.99        0.9   0.241333   0.369479
     0.999        0.9   0.382667   0.446824
    0.9999        0.9   0.454667   0.481647
         0          1   0.466667   0.466667
       0.2          1      0.136   0.206026
       0.4          1      0.136   0.214084
       0.6          1      0.138   0.228838
       0.8          1      0.146   0.260362
       0.9          1   0.153333   0.296961
      0.95          1   0.161333   0.335185
      0.99          1   0.241333   0.411521
     0.999          1   0.399333   0.471422
    0.9999          1        0.5   0.494876
         0          2   0.466667   0.466667
       0.2          2      0.206   0.409901
       0.4          2   0.222667   0.420744
       0.6          2   0.256667    0.43404
       0.8          2   0.273333   0.452412
       0.9          2       0.28   0.466834
      0.95          2      0.402    0.47824
      0.99          2   0.466667   0.493801
     0.999          2        0.5   0.499303
    0.9999          2        0.5   0.499929
         0          4   0.466667   0.466667
       0.2          4   0.357333   0.460341
       0.4          4   0.363333   0.462757
       0.6          4   0.351333   0.466018
       0.8          4   0.360667   0.471784
       0.9          4       0.45   0.478214
      0.95          4   0.466667   0.484824
      0.99          4   0.466667   0.495521
     0.999          4       0.47   0.499498
    0.9999          4        0.5   0.499949