        0      0.05  0.466667  0.466667
      0.2      0.05 0.0493333  0.114503
      0.4      0.05     0.048   0.12916
      0.6      0.05 0.0453333  0.155732
      0.8      0.05     0.048   0.21642
      0.9      0.05      0.06  0.288897
     0.95      0.05     0.074  0.358505
     0.99      0.05  0.176667  0.459177
    0.999      0.05     0.248  0.495329
   0.9999      0.05  0.499333  0.499525
        0       0.1  0.466667  0.466667
      0.2       0.1 0.0826667   0.29785
      0.4       0.1 0.0933333  0.324797
      0.6       0.1     0.124  0.359504
      0.8       0.1  0.202667  0.407211
      0.9       0.1     0.274  0.440822
     0.95       0.1     0.316  0.463755
     0.99       0.1  0.345333  0.490495
    0.999       0.1     0.374   0.49896
   0.9999       0.1       0.5  0.499895
        0      0.15  0.466667  0.466667
      0.2      0.15     0.232  0.396835
      0.4      0.15  0.271333  0.411514
      0.6      0.15  0.319333  0.428482
      0.8      0.15  0.379333   0.45001
      0.9      0.15  0.404667  0.465682
     0.95      0.15  0.420667  0.477681
     0.99      0.15  0.437333  0.493758
    0.999      0.15  0.466667  0.499306
   0.9999      0.15       0.5   0.49993
        0       0.2  0.466667  0.466667
      0.2       0.2  0.413333  0.434003
      0.4       0.2     0.432  0.441253
      0.6       0.2     0.442  0.449886
      0.8       0.2  0.453333  0.462017
      0.9       0.2  0.457333  0.472379
     0.95       0.2     0.464  0.481374
     0.99       0.2  0.449333  0.494612
    0.999       0.2  0.466667  0.499396
   0.9999       0.2       0.5  0.499939
        0       0.3  0.466667  0.466667
      0.2       0.3     0.476  0.454032
      0.4       0.3  0.477333  0.457214
      0.6       0.3  0.477333  0.461557
      0.8       0.3  0.477333  0.468877
      0.9       0.3     0.476  0.476344
     0.95       0.3     0.476  0.483616
     0.99       0.3     0.428  0.495153
    0.999       0.3  0.466667  0.499455
   0.9999       0.3     0.494  0.499945
        0       0.4  0.466667  0.466667
      0.2       0.4  0.478667  0.459239
      0.4       0.4      0.48  0.461649
      0.6       0.4     0.478  0.465014
      0.8       0.4     0.478  0.471009
      0.9       0.4     0.478  0.477608
     0.95       0.4  0.476667  0.484357
     0.99       0.4       0.4   0.49535
    0.999       0.4  0.466667  0.499477
   0.9999       0.4  0.466667  0.499947
        0       0.5  0.466667  0.466667
      0.2       0.5  0.479333  0.461795
      0.4       0.5     0.478  0.463801
      0.6       0.5     0.478   0.46665
      0.8       0.5  0.479333  0.471983
      0.9       0.5  0.477333  0.478181
     0.95       0.5  0.475333    0.4847
     0.99       0.5     0.388  0.495445
    0.999       0.5  0.466667  0.499488
   0.9999       0.5  0.466667  0.499948
        0       0.6  0.466667  0.466667
      0.2       0.6  0.479333  0.463318
      0.4       0.6     0.478  0.465045
      0.6       0.6     0.478  0.467565
      0.8       0.6  0.479333   0.47251
      0.9       0.6  0.477333  0.478489
     0.95       0.6  0.475333  0.484886
     0.99       0.6  0.383333  0.495498
    0.999       0.6  0.466667  0.499494
   0.9999       0.6  0.466667  0.499949
        0       0.7  0.466667  0.466667
      0.2       0.7     0.478  0.464292
      0.4       0.7  0.477333  0.465825
      0.6       0.7  0.478667  0.468125
      0.8       0.7  0.479333  0.472826
      0.9       0.7  0.477333  0.478673
     0.95       0.7  0.474667  0.484997
     0.99       0.7  0.376667   0.49553
    0.999       0.7  0.466667  0.499497
   0.9999       0.7  0.466667  0.499949
        0       0.8  0.466667  0.466667
      0.2       0.8  0.477333  0.464948
      0.4       0.8  0.477333  0.466342
      0.6       0.8  0.478667  0.468492
      0.8       0.8  0.478667   0.47303
      0.9       0.8  0.477333  0.478792
     0.95       0.8     0.474  0.485069
     0.99       0.8  0.370667  0.495551
    0.999       0.8  0.466667    0.4995
   0.9999       0.8  0.466667  0.499949
        0       0.9  0.466667  0.466667
      0.2       0.9  0.477333  0.465409
      0.4       0.9  0.477333  0.466702
      0.6       0.9  0.478667  0.468745
      0.8       0.9  0.479333  0.473169
      0.9       0.9  0.477333  0.478873
     0.95       0.9     0.474  0.485118
     0.99       0.9     0.368  0.495565
    0.999       0.9  0.466667  0.499501
   0.9999       0.9  0.466667   0.49995
        0         1  0.466667  0.466667
      0.2         1  0.477333  0.465743
      0.4         1  0.477333  0.466961
      0.6         1  0.479333  0.468926
      0.8         1  0.479333  0.473269
      0.9         1  0.477333   0.47893
     0.95         1     0.474  0.485153
     0.99         1     0.366  0.495575
    0.999         1  0.466667  0.499502
   0.9999         1  0.466667   0.49995
        0         2  0.466667  0.466667
      0.2         2  0.477333   0.46684
      0.4         2  0.477333  0.467802
      0.6         2  0.479333  0.469505
      0.8         2  0.479333  0.473584
      0.9         2  0.477333  0.479112
     0.95         2     0.472  0.485263
     0.99         2  0.361333  0.495606
    0.999         2  0.466667  0.499506
   0.9999         2  0.466667   0.49995
        0         4  0.466667  0.466667
      0.2         4  0.477333   0.46712
      0.4         4  0.477333  0.468015
      0.6         4  0.479333   0.46965
      0.8         4  0.479333  0.473662
      0.9         4  0.477333  0.479157
     0.95         4  0.472667  0.485291
     0.99         4  0.357333  0.495614
    0.999         4  0.466667  0.499507
   0.9999         4  0.466667   0.49995