         0       0.05   0.466667   0.466667
       0.2       0.05       0.02  0.0346667
       0.4       0.05  0.0186667  0.0333333
       0.6       0.05  0.0186667  0.0333333
       0.8       0.05  0.0186667  0.0326667
       0.9       0.05  0.0186667  0.0326667
      0.95       0.05  0.0186667  0.0326667
      0.99       0.05  0.0186667  0.0326667
     0.999       0.05  0.0173333  0.0326667
    0.9999       0.05  0.0166667  0.0326667
         0        0.1   0.466667   0.466667
       0.2        0.1 0.00733333 0.00762608
       0.4        0.1 0.00466667 0.00475572
       0.6        0.1 0.00466667  0.0047056
       0.8        0.1 0.00466667 0.00469625
       0.9        0.1      0.004 0.00431565
      0.95        0.1      0.004 0.00404435
      0.99        0.1      0.004 0.00410982
     0.999        0.1 0.00333333  0.0043255
    0.9999        0.1 0.00333333  0.0106789
         0       0.15   0.466667   0.466667
       0.2       0.15  0.0153333  0.0177406
       0.4       0.15       0.01   0.014075
       0.6       0.15 0.00733333 0.00980658
       0.8       0.15 0.00466667 0.00799731
       0.9       0.15      0.004 0.00865305
      0.95       0.15      0.004  0.0109518
      0.99       0.15 0.00333333  0.0231079
     0.999       0.15  0.0486667  0.0433432
    0.9999       0.15  0.0486667  0.0480969
         0        0.2   0.466667   0.466667
       0.2        0.2  0.0206667  0.0257793
       0.4        0.2  0.0186667   0.023916
       0.6        0.2      0.016  0.0233712
       0.8        0.2  0.0153333   0.022677
       0.9        0.2       0.02  0.0264146
      0.95        0.2  0.0333333  0.0325498
      0.99        0.2  0.0486667  0.0436223
     0.999        0.2  0.0486667    0.04794
    0.9999        0.2  0.0473333  0.0483027
         0        0.3   0.466667   0.466667
       0.2        0.3  0.0426667  0.0497895
       0.4        0.3      0.036  0.0427331
       0.6        0.3       0.04  0.0436476
       0.8        0.3  0.0553333  0.0475682
       0.9        0.3  0.0553333  0.0495889
      0.95        0.3       0.05  0.0493577
      0.99        0.3  0.0473333  0.0503596
     0.999        0.3  0.0473333  0.0611564
    0.9999        0.3      0.064  0.0868091
         0        0.4   0.466667   0.466667
       0.2        0.4  0.0773333   0.074265
       0.4        0.4       0.07  0.0662418
       0.6        0.4  0.0626667   0.060413
       0.8        0.4  0.0573333  0.0586395
       0.9        0.4  0.0566667  0.0601615
      0.95        0.4  0.0566667  0.0622738
      0.99        0.4      0.058  0.0739368
     0.999        0.4  0.0653333   0.101683
    0.9999        0.4       0.09   0.130621
         0        0.5   0.466667   0.466667
       0.2        0.5  0.0986667  0.0928906
       0.4        0.5  0.0866667  0.0852775
       0.6        0.5  0.0773333  0.0799973
       0.8        0.5  0.0666667  0.0756034
       0.9        0.5      0.066  0.0770017
      0.95        0.5  0.0653333   0.082563
      0.99        0.5      0.072   0.106497
     0.999        0.5  0.0986667   0.166749
    0.9999        0.5   0.183333   0.268172
         0        0.6   0.466667   0.466667
       0.2        0.6   0.105333   0.109596
       0.4        0.6      0.098   0.102418
       0.6        0.6  0.0906667  0.0988514
       0.8        0.6  0.0806667  0.0988916
       0.9        0.6      0.074   0.104094
      0.95        0.6  0.0773333    0.11465
      0.99        0.6  0.0953333   0.159037
     0.999        0.6   0.147333   0.262098
    0.9999        0.6   0.326667    0.36393
         0        0.7   0.466667   0.466667
       0.2        0.7   0.117333    0.12736
       0.4        0.7      0.104   0.122886
       0.6        0.7        0.1   0.121879
       0.8        0.7      0.094   0.128037
       0.9        0.7  0.0926667   0.141071
      0.95        0.7      0.094   0.160363
      0.99        0.7   0.127333   0.225477
     0.999        0.7   0.169333   0.342804
    0.9999        0.7   0.297333   0.429164
         0        0.8   0.466667   0.466667
       0.2        0.8   0.119333   0.146168
       0.4        0.8      0.118   0.146424
       0.6        0.8   0.110667    0.15052
       0.8        0.8   0.105333   0.165066
       0.9        0.8   0.113333   0.187327
      0.95        0.8   0.129333   0.215941
      0.99        0.8   0.147333   0.299058
     0.999        0.8   0.277333   0.411919
    0.9999        0.8   0.450667   0.462339
         0        0.9   0.466667   0.466667
       0.2        0.9   0.125333   0.168879
       0.4        0.9   0.124667   0.173643
       0.6        0.9   0.125333   0.183714
       0.8        0.9   0.134667   0.208041
       0.9        0.9   0.145333   0.239686
      0.95        0.9   0.149333   0.276785
      0.99        0.9   0.194667   0.367502
     0.999        0.9      0.352   0.450173
    0.9999        0.9   0.496667   0.480167
         0          1   0.466667   0.466667
       0.2          1   0.133333   0.195543
       0.4          1      0.134   0.204646
       0.6          1   0.142667   0.220393
       0.8          1       0.15   0.253543
       0.9          1   0.159333   0.292212
      0.95          1   0.165333   0.332941
      0.99          1   0.293333   0.414204
     0.999          1   0.444667   0.471327
    0.9999          1        0.5   0.493396
         0          2   0.466667   0.466667
       0.2          2      0.268   0.412064
       0.4          2   0.281333   0.422808
       0.6          2   0.318667   0.435917
       0.8          2   0.323333    0.45384
       0.9          2   0.301333   0.467721
      0.95          2   0.388667    0.47868
      0.99          2   0.466667    0.49385
     0.999          2      0.498   0.499306
    0.9999          2        0.5    0.49993
         0          4   0.466667   0.466667
       0.2          4   0.367333   0.461955
       0.4          4   0.390667   0.464061
       0.6          4      0.422   0.466952
       0.8          4      0.412    0.47227
       0.9          4      0.408   0.478435
      0.95          4   0.466667   0.484908
      0.99          4   0.466667   0.495524
     0.999          4   0.466667   0.499497
    0.9999          4        0.5   0.499949