        0      0.05  0.166667  0.466667
        0       0.1  0.166667  0.466667
        0      0.15  0.166667  0.466667
        0       0.2  0.166667  0.466667
        0      0.25  0.166667  0.466667
        0       0.3  0.166667  0.466667
        0      0.35  0.166667  0.466667
        0       0.4  0.166667  0.466667
        0      0.45  0.166667  0.466667
        0       0.5  0.166667  0.466667
        0      0.55  0.166667  0.466667
        0       0.6  0.166667  0.466667
        0      0.65  0.166667  0.466667
        0       0.7  0.166667  0.466667
        0      0.75  0.166667  0.466667
        0       0.8  0.166667  0.466667
        0      0.85  0.166667  0.466667
        0       0.9  0.166667  0.466667
        0      0.95  0.166667  0.466667
        0         2  0.166667  0.466667
        0         4  0.166667  0.466667
        0         8  0.166667  0.466667
        0        16  0.166667  0.466667
      0.1      0.05  0.166667  0.466667
      0.1       0.1     0.166  0.205819
      0.1      0.15     0.068 0.0661415
      0.1       0.2 0.0633333 0.0621988
      0.1      0.25 0.0606667 0.0617755
      0.1       0.3     0.062 0.0639832
      0.1      0.35 0.0693333 0.0677616
      0.1       0.4 0.0693333 0.0704138
      0.1      0.45     0.068 0.0721226
      0.1       0.5 0.0726667 0.0735959
      0.1      0.55 0.0726667 0.0751766
      0.1       0.6     0.072 0.0773999
      0.1      0.65     0.072 0.0802487
      0.1       0.7 0.0753333 0.0835507
      0.1      0.75     0.082 0.0872674
      0.1       0.8 0.0833333 0.0912432
      0.1      0.85 0.0846667 0.0953244
      0.1       0.9 0.0906667 0.0994426
      0.1      0.95 0.0933333  0.103583
      0.1         2     0.104  0.230996
      0.1         4  0.197333   0.42063
      0.1         8     0.256  0.458548
      0.1        16      0.26  0.465005
      0.2      0.05  0.166667  0.466667
      0.2       0.1     0.166  0.205667
      0.2      0.15 0.0666667 0.0653217
      0.2       0.2 0.0633333 0.0621321
      0.2      0.25 0.0626667 0.0620076
      0.2       0.3      0.06 0.0624757
      0.2      0.35 0.0613333 0.0647998
      0.2       0.4      0.07 0.0677974
      0.2      0.45 0.0686667 0.0701517
      0.2       0.5 0.0693333 0.0718257
      0.2      0.55     0.072 0.0732874
      0.2       0.6 0.0733333  0.074911
      0.2      0.65 0.0713333  0.076973
      0.2       0.7     0.072 0.0795999
      0.2      0.75 0.0733333  0.082731
      0.2       0.8 0.0766667  0.086294
      0.2      0.85 0.0806667 0.0901886
      0.2       0.9     0.082 0.0943089
      0.2      0.95 0.0826667 0.0985793
      0.2         2       0.1  0.235921
      0.2         4  0.191333  0.423776
      0.2         8      0.25  0.459432
      0.2        16     0.256  0.465445
      0.3      0.05  0.166667  0.466667
      0.3       0.1     0.166  0.205654
      0.3      0.15 0.0653333 0.0645493
      0.3       0.2 0.0633333 0.0616988
      0.3      0.25 0.0633333 0.0617252
      0.3       0.3 0.0613333 0.0620984
      0.3      0.35 0.0593333 0.0633595
      0.3       0.4 0.0626667 0.0657024
      0.3      0.45 0.0686667 0.0680822
      0.3       0.5     0.066 0.0700404
      0.3      0.55 0.0673333 0.0716165
      0.3       0.6      0.07 0.0731693
      0.3      0.65 0.0693333 0.0749709
      0.3       0.7 0.0706667 0.0771973
      0.3      0.75 0.0713333 0.0799357
      0.3       0.8 0.0706667 0.0831762
      0.3      0.85 0.0733333 0.0868555
      0.3       0.9 0.0753333 0.0908823
      0.3      0.95 0.0793333 0.0951716
      0.3         2 0.0913333  0.241672
      0.3         4     0.184  0.427067
      0.3         8     0.242  0.460395
      0.3        16     0.248  0.465964
      0.4      0.05  0.166667  0.466667
      0.4       0.1     0.166  0.205649
      0.4      0.15 0.0646667 0.0640506
      0.4       0.2 0.0613333 0.0610226
      0.4      0.25 0.0633333 0.0613125
      0.4       0.3     0.062 0.0615731
      0.4      0.35 0.0606667 0.0624365
      0.4       0.4      0.06 0.0641012
      0.4      0.45     0.062 0.0661893
      0.4       0.5 0.0646667 0.0681116
      0.4      0.55 0.0646667 0.0698107
      0.4       0.6     0.066 0.0713908
      0.4      0.65     0.068 0.0731228
      0.4       0.7 0.0686667 0.0751938
      0.4      0.75 0.0686667 0.0777266
      0.4       0.8 0.0713333 0.0807745
      0.4      0.85 0.0706667 0.0843171
      0.4       0.9 0.0693333 0.0882862
      0.4      0.95     0.072 0.0926019
      0.4         2 0.0833333  0.248425
      0.4         4     0.176  0.430536
      0.4         8  0.232667  0.461472
      0.4        16  0.237333  0.466595
      0.5      0.05  0.166667  0.466667
      0.5       0.1     0.166  0.205644
      0.5      0.15 0.0646667 0.0637757
      0.5       0.2 0.0593333 0.0602606
      0.5      0.25     0.062 0.0607111
      0.5       0.3 0.0613333 0.0608745
      0.5      0.35     0.062 0.0614662
      0.5       0.4      0.06 0.0626697
      0.5      0.45 0.0606667 0.0643419
      0.5       0.5 0.0606667 0.0661185
      0.5      0.55 0.0633333 0.0677988
      0.5       0.6     0.064 0.0694254
      0.5      0.65 0.0653333 0.0711564
      0.5       0.7 0.0666667 0.0731899
      0.5      0.75 0.0673333 0.0756645
      0.5       0.8 0.0666667 0.0786596
      0.5      0.85 0.0686667 0.0821823
      0.5       0.9 0.0673333 0.0861826
      0.5      0.95 0.0666667 0.0905899
      0.5         2     0.078  0.256443
      0.5         4  0.159333  0.434239
      0.5         8     0.216  0.462722
      0.5        16     0.226  0.467398
      0.6      0.05  0.166667  0.466667
      0.6       0.1     0.166  0.205306
      0.6      0.15 0.0646667 0.0635741
      0.6       0.2 0.0593333 0.0595376
      0.6      0.25 0.0586667  0.059884
      0.6       0.3 0.0606667 0.0599985
      0.6      0.35 0.0613333  0.060287
      0.6       0.4 0.0606667 0.0610817
      0.6      0.45 0.0586667 0.0623526
      0.6       0.5 0.0586667 0.0639056
      0.6      0.55     0.058 0.0655331
      0.6       0.6      0.06 0.0671799
      0.6      0.65 0.0626667  0.068946
      0.6       0.7 0.0653333  0.071015
      0.6      0.75 0.0646667 0.0735414
      0.6       0.8 0.0646667 0.0766176
      0.6      0.85     0.064 0.0802594
      0.6       0.9 0.0633333 0.0844211
      0.6      0.95     0.064 0.0890351
      0.6         2     0.072  0.266124
      0.6         4     0.142  0.438275
      0.6         8  0.196667  0.464251
      0.6        16      0.21  0.468482
      0.7      0.05  0.166667  0.466667
      0.7       0.1     0.166  0.205302
      0.7      0.15 0.0646667 0.0633356
      0.7       0.2 0.0586667 0.0588299
      0.7      0.25 0.0586667   0.05885
      0.7       0.3     0.058 0.0588292
      0.7      0.35 0.0586667  0.058824
      0.7       0.4 0.0593333 0.0591538
      0.7      0.45 0.0566667 0.0599894
      0.7       0.5 0.0553333 0.0612605
      0.7      0.55     0.056 0.0628144
      0.7       0.6     0.056 0.0644995
      0.7      0.65     0.056 0.0663417
      0.7       0.7     0.058 0.0685236
      0.7      0.75     0.058 0.0712231
      0.7       0.8 0.0613333 0.0745385
      0.7      0.85 0.0586667 0.0784788
      0.7       0.9 0.0586667 0.0829872
      0.7      0.95 0.0606667 0.0879896
      0.7         2 0.0686667  0.278123
      0.7         4     0.118  0.442853
      0.7         8  0.172667  0.466285
      0.7        16     0.186  0.470076
      0.8      0.05  0.166667  0.466667
      0.8       0.1     0.166   0.20463
      0.8      0.15 0.0646667 0.0630012
      0.8       0.2     0.058 0.0579589
      0.8      0.25 0.0566667 0.0575631
      0.8       0.3 0.0573333 0.0572233
      0.8      0.35 0.0573333 0.0568419
      0.8       0.4 0.0573333 0.0566627
      0.8      0.45     0.058 0.0569913
      0.8       0.5 0.0526667 0.0579082
      0.8      0.55 0.0506667 0.0593248
      0.8       0.6 0.0506667  0.061063
      0.8      0.65     0.052 0.0630646
      0.8       0.7 0.0546667 0.0655019
      0.8      0.75 0.0533333 0.0685814
      0.8       0.8 0.0553333 0.0723985
      0.8      0.85     0.056 0.0769344
      0.8       0.9 0.0553333 0.0821046
      0.8      0.95     0.054 0.0878212
      0.8         2 0.0633333  0.293699
      0.8         4      0.11  0.448493
      0.8         8     0.146  0.469383
      0.8        16  0.159333   0.47274
      0.9      0.05  0.166667  0.466667
      0.9       0.1     0.166  0.204626
      0.9      0.15 0.0626667 0.0619485
      0.9       0.2     0.056 0.0562694
      0.9      0.25 0.0553333 0.0557189
      0.9       0.3 0.0546667  0.055061
      0.9      0.35 0.0553333 0.0540037
      0.9       0.4 0.0533333 0.0531167
      0.9      0.45 0.0493333 0.0528765
      0.9       0.5 0.0453333 0.0533679
      0.9      0.55 0.0453333 0.0545514
      0.9       0.6 0.0453333 0.0563159
      0.9      0.65 0.0453333 0.0586171
      0.9       0.7 0.0453333 0.0616465
      0.9      0.75 0.0446667 0.0656197
      0.9       0.8     0.044 0.0705829
      0.9      0.85 0.0446667 0.0764406
      0.9       0.9 0.0446667 0.0830532
      0.9      0.95 0.0446667 0.0903086
      0.9         2 0.0606667  0.316375
      0.9         4     0.152  0.457015
      0.9         8  0.165333  0.475419
      0.9        16  0.165333  0.478355
        1      0.05       0.2       0.5
        1       0.1       0.2       0.5
        1      0.15       0.2       0.5
        1       0.2       0.2       0.5
        1      0.25       0.2       0.5
        1       0.3       0.2       0.5
        1      0.35       0.2       0.5
        1       0.4       0.2       0.5
        1      0.45       0.2       0.5
        1       0.5       0.2       0.5
        1      0.55       0.2       0.5
        1       0.6       0.2       0.5
        1      0.65       0.2       0.5
        1       0.7       0.2       0.5
        1      0.75       0.2       0.5
        1       0.8       0.2       0.5
        1      0.85       0.2       0.5
        1       0.9       0.2       0.5
        1      0.95       0.2       0.5
        1         2       0.2       0.5
        1         4       0.2       0.5
        1         8       0.2       0.5
        1        16       0.2       0.5
     0.99      0.05  0.166667  0.466667
     0.99       0.1     0.166  0.204289
     0.99      0.15      0.06 0.0591874
     0.99       0.2     0.054 0.0548287
     0.99      0.25 0.0546667 0.0530339
     0.99       0.3 0.0473333  0.050044
     0.99      0.35 0.0466667 0.0479688
     0.99       0.4     0.046 0.0461103
     0.99      0.45 0.0413333 0.0447473
     0.99       0.5 0.0373333 0.0448031
     0.99      0.55 0.0353333 0.0462465
     0.99       0.6     0.036 0.0491014
     0.99      0.65 0.0366667 0.0537952
     0.99       0.7 0.0326667 0.0606851
     0.99      0.75     0.032 0.0695936
     0.99       0.8      0.03 0.0799984
     0.99      0.85 0.0273333 0.0913327
     0.99       0.9     0.028  0.103121
     0.99      0.95      0.03  0.115018
     0.99         2     0.168  0.367498
     0.99         4  0.166667  0.477133
     0.99         8  0.166667  0.492516
     0.99        16  0.166667  0.494949
    0.999      0.05  0.166667  0.466667
    0.999       0.1     0.166  0.204288
    0.999      0.15 0.0593333 0.0589078
    0.999       0.2     0.054 0.0531897
    0.999      0.25 0.0466667  0.049052
    0.999       0.3 0.0466667 0.0465538
    0.999      0.35 0.0433333 0.0430247
    0.999       0.4     0.038 0.0413703
    0.999      0.45 0.0353333 0.0416101
    0.999       0.5 0.0366667 0.0435897
    0.999      0.55 0.0326667 0.0471081
    0.999       0.6 0.0293333 0.0535656
    0.999      0.65     0.028 0.0636525
    0.999       0.7 0.0273333 0.0762399
    0.999      0.75 0.0266667 0.0893667
    0.999       0.8     0.026  0.101242
    0.999      0.85 0.0273333  0.111066
    0.999       0.9 0.0273333  0.119318
    0.999      0.95 0.0293333  0.127268
    0.999         2       0.2  0.386433
    0.999         4       0.2  0.481996
    0.999         8  0.166667  0.496551
    0.999        16  0.166667   0.49887