        0      0.05  0.193333  0.493333
      0.2      0.05  0.193333  0.425667
      0.4      0.05  0.193333  0.425667
      0.6      0.05  0.193333  0.425667
      0.8      0.05  0.193333  0.425667
      0.9      0.05  0.193333     0.425
     0.95      0.05  0.193333     0.425
     0.99      0.05  0.193333     0.425
    0.999      0.05  0.193333  0.424667
   0.9999      0.05  0.193333  0.424667
        0       0.1  0.193333  0.493333
      0.2       0.1  0.116667  0.115128
      0.4       0.1  0.118667  0.117819
      0.6       0.1  0.118667  0.117729
      0.8       0.1     0.116  0.116371
      0.9       0.1     0.116  0.115661
     0.95       0.1  0.116667  0.115278
     0.99       0.1     0.114  0.112119
    0.999       0.1  0.103333  0.102472
   0.9999       0.1     0.088 0.0927449
        0      0.15  0.193333  0.493333
      0.2      0.15     0.112  0.111465
      0.4      0.15  0.116667  0.112746
      0.6      0.15  0.119333  0.114009
      0.8      0.15  0.116667  0.112364
      0.9      0.15  0.112667  0.109678
     0.95      0.15  0.108667  0.106033
     0.99      0.15      0.09 0.0978824
    0.999      0.15  0.102667  0.103164
   0.9999      0.15  0.109333  0.107739
        0       0.2  0.193333  0.493333
      0.2       0.2  0.114667  0.114313
      0.4       0.2  0.109333  0.109447
      0.6       0.2  0.112667  0.108055
      0.8       0.2     0.106  0.105519
      0.9       0.2  0.103333  0.102279
     0.95       0.2 0.0906667  0.100276
     0.99       0.2  0.104667  0.104896
    0.999       0.2  0.109333  0.108284
   0.9999       0.2  0.106667  0.106735
        0       0.3  0.193333  0.493333
      0.2       0.3  0.120667  0.127754
      0.4       0.3     0.112  0.116438
      0.6       0.3     0.106  0.107859
      0.8       0.3 0.0933333  0.100427
      0.9       0.3 0.0886667 0.0987411
     0.95       0.3 0.0873333  0.100448
     0.99       0.3  0.103333   0.10324
    0.999       0.3      0.09 0.0923995
   0.9999       0.3 0.0706667 0.0793992
        0       0.4  0.193333  0.493333
      0.2       0.4  0.138667  0.147314
      0.4       0.4  0.124667  0.136673
      0.6       0.4  0.109333  0.125693
      0.8       0.4 0.0946667   0.11426
      0.9       0.4     0.086  0.107974
     0.95       0.4 0.0853333  0.103806
     0.99       0.4 0.0853333 0.0950941
    0.999       0.4 0.0726667 0.0925261
   0.9999       0.4 0.0746667 0.0996259
        0       0.5  0.193333  0.493333
      0.2       0.5  0.145333  0.169822
      0.4       0.5  0.130667  0.160612
      0.6       0.5  0.111333  0.150888
      0.8       0.5 0.0933333  0.139083
      0.9       0.5 0.0846667  0.131047
     0.95       0.5      0.08  0.125515
     0.99       0.5 0.0773333  0.120126
    0.999       0.5 0.0753333  0.124273
   0.9999       0.5 0.0786667  0.137773
        0       0.6  0.193333  0.493333
      0.2       0.6  0.157333  0.191834
      0.4       0.6  0.139333  0.183793
      0.6       0.6  0.117333  0.175709
      0.8       0.6 0.0886667  0.165488
      0.9       0.6     0.084  0.159443
     0.95       0.6     0.084  0.156699
     0.99       0.6 0.0753333  0.158127
    0.999       0.6 0.0793333    0.1726
   0.9999       0.6      0.15   0.21628
        0       0.7  0.193333  0.493333
      0.2       0.7  0.168667  0.211557
      0.4       0.7  0.139333  0.204784
      0.6       0.7     0.118  0.199015
      0.8       0.7 0.0913333   0.19356
      0.9       0.7 0.0853333   0.19259
     0.95       0.7 0.0846667  0.194564
     0.99       0.7 0.0753333  0.205156
    0.999       0.7  0.114667  0.239612
   0.9999       0.7     0.188  0.279551
        0       0.8  0.193333  0.493333
      0.2       0.8  0.165333   0.23192
      0.4       0.8     0.144   0.22758
      0.6       0.8  0.114667  0.225341
      0.8       0.8 0.0946667  0.226373
      0.9       0.8 0.0886667   0.23089
     0.95       0.8 0.0833333  0.237157
     0.99       0.8     0.094  0.257291
    0.999       0.8     0.178  0.296646
   0.9999       0.8  0.198667  0.316713
        0       0.9  0.193333  0.493333
      0.2       0.9  0.160667  0.254181
      0.4       0.9  0.141333  0.253142
      0.6       0.9  0.120667  0.254851
      0.8       0.9     0.096   0.26159
      0.9       0.9 0.0913333  0.270288
     0.95       0.9 0.0906667  0.279898
     0.99       0.9     0.132  0.305344
    0.999       0.9     0.192  0.334085
   0.9999       0.9  0.199333  0.343227
        0         1  0.193333  0.493333
      0.2         1  0.158667  0.277718
      0.4         1     0.138  0.279971
      0.6         1  0.121333    0.2852
      0.8         1  0.103333  0.296159
      0.9         1     0.098  0.307582
     0.95         1  0.109333  0.318894
     0.99         1  0.169333  0.342532
    0.999         1  0.194667  0.360451
   0.9999         1       0.2  0.364989
        0         2  0.193333  0.493333
      0.2         2  0.163333  0.434151
      0.4         2  0.156667  0.439238
      0.6         2     0.164  0.444683
      0.8         2     0.186  0.450589
      0.9         2  0.191333  0.453898
     0.95         2  0.193333  0.455966
     0.99         2  0.193333  0.459474
    0.999         2  0.198667  0.462405
   0.9999         2       0.2  0.462953
        0         4  0.193333  0.493333
      0.2         4  0.189333  0.480063
      0.4         4  0.188667  0.481219
      0.6         4     0.196  0.482411
      0.8         4  0.192667  0.483733
      0.9         4  0.193333   0.48466
     0.95         4  0.193333  0.485562
     0.99         4  0.193333  0.488214
    0.999         4  0.193333  0.490702
   0.9999         4       0.2  0.491133