        0      0.05  0.196667  0.496667
      0.2      0.05  0.196667     0.391
      0.4      0.05  0.196667  0.389667
      0.6      0.05  0.196667     0.389
      0.8      0.05  0.196667  0.388667
      0.9      0.05  0.196667  0.388667
     0.95      0.05  0.196667  0.388667
     0.99      0.05  0.196667  0.388667
    0.999      0.05  0.196667     0.387
   0.9999      0.05  0.196667  0.386333
        0       0.1  0.196667  0.496667
      0.2       0.1  0.229333  0.229534
      0.4       0.1  0.229333   0.22932
      0.6       0.1  0.229333  0.229432
      0.8       0.1  0.229333  0.229723
      0.9       0.1  0.229333  0.229427
     0.95       0.1      0.23  0.229557
     0.99       0.1      0.23  0.230019
    0.999       0.1  0.230667  0.230043
   0.9999       0.1     0.228  0.229197
        0      0.15  0.196667  0.496667
      0.2      0.15  0.233333  0.223613
      0.4      0.15  0.231333  0.227074
      0.6      0.15      0.23  0.228695
      0.8      0.15      0.23  0.230224
      0.9      0.15     0.232  0.230657
     0.95      0.15  0.231333  0.230126
     0.99      0.15  0.227333  0.228538
    0.999      0.15  0.228667  0.227328
   0.9999      0.15     0.226  0.225553
        0       0.2  0.196667  0.496667
      0.2       0.2  0.211333  0.219353
      0.4       0.2  0.231333  0.220795
      0.6       0.2     0.232   0.22406
      0.8       0.2  0.232667  0.227746
      0.9       0.2     0.232  0.227839
     0.95       0.2     0.228   0.22671
     0.99       0.2  0.227333  0.225791
    0.999       0.2     0.224  0.222429
   0.9999       0.2  0.215333  0.216612
        0       0.3  0.196667  0.496667
      0.2       0.3  0.215333  0.220141
      0.4       0.3     0.208  0.215872
      0.6       0.3     0.214  0.215546
      0.8       0.3     0.222  0.214747
      0.9       0.3  0.219333  0.213869
     0.95       0.3  0.221333  0.212585
     0.99       0.3  0.222667   0.20538
    0.999       0.3  0.215333  0.192006
   0.9999       0.3 0.0606667  0.127571
        0       0.4  0.196667  0.496667
      0.2       0.4  0.229333   0.23393
      0.4       0.4  0.218667  0.227427
      0.6       0.4  0.208667  0.216325
      0.8       0.4  0.192667   0.20325
      0.9       0.4  0.187333   0.19347
     0.95       0.4  0.175333   0.18461
     0.99       0.4  0.158667  0.162636
    0.999       0.4 0.0433333  0.104676
   0.9999       0.4  0.100667  0.103167
        0       0.5  0.196667  0.496667
      0.2       0.5  0.226667  0.239479
      0.4       0.5  0.221333  0.231809
      0.6       0.5     0.206  0.220882
      0.8       0.5     0.186  0.203308
      0.9       0.5  0.167333  0.188724
     0.95       0.5     0.152  0.175074
     0.99       0.5  0.100667  0.140569
    0.999       0.5 0.0966667  0.119945
   0.9999       0.5      0.11  0.134533
        0       0.6  0.196667  0.496667
      0.2       0.6  0.224667  0.249955
      0.4       0.6  0.213333  0.236509
      0.6       0.6     0.196  0.224222
      0.8       0.6     0.178  0.207644
      0.9       0.6  0.161333  0.193947
     0.95       0.6  0.138667  0.182074
     0.99       0.6 0.0806667   0.16132
    0.999       0.6     0.108  0.153592
   0.9999       0.6  0.161333  0.187154
        0       0.7  0.196667  0.496667
      0.2       0.7  0.226667  0.263644
      0.4       0.7     0.208  0.248197
      0.6       0.7  0.197333  0.235391
      0.8       0.7  0.178667  0.221762
      0.9       0.7  0.157333  0.213046
     0.95       0.7  0.127333  0.206957
     0.99       0.7 0.0913333  0.194748
    0.999       0.7  0.126667  0.204465
   0.9999       0.7     0.198  0.238393
        0       0.8  0.196667  0.496667
      0.2       0.8  0.227333  0.276372
      0.4       0.8  0.209333  0.263363
      0.6       0.8     0.192  0.253486
      0.8       0.8      0.18  0.245715
      0.9       0.8     0.158  0.242635
     0.95       0.8  0.112667  0.240143
     0.99       0.8  0.110667  0.235637
    0.999       0.8      0.18  0.259144
   0.9999       0.8  0.199333   0.27811
        0       0.9  0.196667  0.496667
      0.2       0.9     0.224  0.288582
      0.4       0.9     0.204  0.280122
      0.6       0.9     0.196  0.275127
      0.8       0.9  0.181333  0.273903
      0.9       0.9     0.156   0.27489
     0.95       0.9  0.119333  0.275161
     0.99       0.9  0.127333  0.280575
    0.999       0.9  0.195333  0.303422
   0.9999       0.9       0.2  0.312398
        0         1  0.196667  0.496667
      0.2         1  0.220667  0.301614
      0.4         1  0.211333  0.298041
      0.6         1  0.201333  0.297927
      0.8         1  0.182667  0.302135
      0.9         1     0.162  0.306376
     0.95         1  0.119333  0.309697
     0.99         1     0.154  0.321316
    0.999         1  0.196667    0.3377
   0.9999         1       0.2  0.342209
        0         2  0.196667  0.496667
      0.2         2  0.233333  0.426678
      0.4         2  0.221333  0.433212
      0.6         2  0.217333  0.440525
      0.8         2  0.200667  0.448819
      0.9         2     0.182  0.453487
     0.95         2  0.195333  0.456081
     0.99         2  0.196667  0.458947
    0.999         2  0.196667  0.461081
   0.9999         2       0.2  0.461621
        0         4  0.196667  0.496667
      0.2         4     0.248  0.479366
      0.4         4  0.232667  0.481437
      0.6         4  0.216667  0.483566
      0.8         4  0.195333  0.485779
      0.9         4  0.196667  0.486978
     0.95         4  0.196667  0.487713
     0.99         4  0.196667   0.48909
    0.999         4  0.196667   0.49078
   0.9999         4       0.2  0.491191