       0     0.05     0.83 0.827778
     0.2     0.05    0.704 0.692778
     0.4     0.05 0.703333 0.692222
     0.6     0.05 0.703333 0.692222
     0.8     0.05 0.703333 0.692222
     0.9     0.05    0.702 0.691111
    0.95     0.05    0.702 0.690556
    0.99     0.05    0.702 0.690556
   0.999     0.05    0.702 0.690556
  0.9999     0.05    0.702 0.689444
       0      0.1     0.83 0.827778
     0.2      0.1     0.61 0.614572
     0.4      0.1 0.626667  0.63118
     0.6      0.1 0.632667 0.631711
     0.8      0.1 0.635333 0.635544
     0.9      0.1    0.638 0.636522
    0.95      0.1    0.638 0.636949
    0.99      0.1     0.64 0.638531
   0.999      0.1 0.641333 0.638889
  0.9999      0.1 0.642667 0.639889
       0     0.15     0.83 0.827778
     0.2     0.15 0.666667 0.665708
     0.4     0.15 0.636667 0.637427
     0.6     0.15 0.650667 0.650153
     0.8     0.15 0.653333 0.653091
     0.9     0.15 0.653333 0.653328
    0.95     0.15    0.652 0.652032
    0.99     0.15    0.652 0.652017
   0.999     0.15 0.656667 0.655967
  0.9999     0.15    0.658 0.657548
       0      0.2     0.83 0.827778
     0.2      0.2 0.668667 0.668551
     0.4      0.2    0.662  0.66319
     0.6      0.2 0.637333 0.642071
     0.8      0.2 0.653333 0.652461
     0.9      0.2 0.653333 0.652805
    0.95      0.2    0.652 0.652023
    0.99      0.2 0.656667 0.654757
   0.999      0.2    0.658 0.658947
  0.9999      0.2     0.67 0.667655
       0      0.3     0.83 0.827778
     0.2      0.3    0.672 0.673099
     0.4      0.3 0.668667 0.669181
     0.6      0.3 0.665333 0.664211
     0.8      0.3 0.646667 0.647184
     0.9      0.3 0.653333 0.651514
    0.95      0.3    0.652 0.653545
    0.99      0.3     0.67 0.665827
   0.999      0.3 0.654667 0.653245
  0.9999      0.3    0.634 0.636906
       0      0.4     0.83 0.827778
     0.2      0.4     0.69 0.688789
     0.4      0.4 0.675333  0.67614
     0.6      0.4 0.666667 0.667342
     0.8      0.4    0.652 0.654371
     0.9      0.4    0.646 0.647959
    0.95      0.4 0.652667 0.653261
    0.99      0.4    0.668  0.65775
   0.999      0.4    0.634 0.637995
  0.9999      0.4    0.634 0.625407
       0      0.5     0.83 0.827778
     0.2      0.5 0.694667 0.691135
     0.4      0.5 0.686667 0.685447
     0.6      0.5 0.676667 0.674921
     0.8      0.5 0.658667 0.661581
     0.9      0.5 0.644667 0.652105
    0.95      0.5 0.642667 0.651912
    0.99      0.5 0.633333 0.639918
   0.999      0.5 0.595333 0.626109
  0.9999      0.5    0.592 0.620266
       0      0.6     0.83 0.827778
     0.2      0.6 0.690667 0.689604
     0.4      0.6 0.689333 0.687703
     0.6      0.6 0.681333 0.680745
     0.8      0.6 0.660667 0.668511
     0.9      0.6 0.641333 0.657996
    0.95      0.6 0.636667 0.651962
    0.99      0.6 0.598667 0.637898
   0.999      0.6 0.591333  0.64339
  0.9999      0.6 0.697333 0.698039
       0      0.7     0.83 0.827778
     0.2      0.7    0.688 0.691127
     0.4      0.7    0.688 0.688856
     0.6      0.7 0.681333 0.684608
     0.8      0.7 0.659333 0.675215
     0.9      0.7    0.636 0.666679
    0.95      0.7    0.628 0.661088
    0.99      0.7 0.614667 0.662485
   0.999      0.7 0.669333 0.705543
  0.9999      0.7 0.787333 0.781489
       0      0.8     0.83 0.827778
     0.2      0.8 0.692667   0.6958
     0.4      0.8    0.684 0.692363
     0.6      0.8 0.678667 0.689677
     0.8      0.8    0.662 0.684987
     0.9      0.8 0.644667 0.681843
    0.95      0.8 0.625333 0.682593
    0.99      0.8 0.701333 0.702274
   0.999      0.8 0.780667 0.766302
  0.9999      0.8 0.830667 0.821012
       0      0.9     0.83 0.827778
     0.2      0.9 0.690667 0.702177
     0.4      0.9 0.691333 0.699014
     0.6      0.9    0.682 0.696898
     0.8      0.9    0.664 0.696093
     0.9      0.9 0.663333 0.698676
    0.95      0.9 0.657333 0.705842
    0.99      0.9 0.748667 0.740838
   0.999      0.9    0.828 0.808112
  0.9999      0.9    0.832 0.829488
       0        1     0.83 0.827778
     0.2        1 0.691333 0.710411
     0.4        1 0.686667 0.708332
     0.6        1    0.684 0.707602
     0.8        1    0.692 0.710818
     0.9        1 0.670667 0.719493
    0.95        1 0.719333 0.733546
    0.99        1 0.795333 0.779884
   0.999        1 0.830667 0.822883
  0.9999        1 0.833333 0.831875
       0        2     0.83 0.827778
     0.2        2 0.783333 0.791948
     0.4        2    0.802 0.796504
     0.6        2 0.811333 0.803077
     0.8        2 0.828667 0.812867
     0.9        2 0.829333 0.819863
    0.95        2     0.83 0.824357
    0.99        2     0.83 0.829555
   0.999        2 0.833333 0.832608
  0.9999        2 0.833333 0.833251
       0        4     0.83 0.827778
     0.2        4     0.83 0.821443
     0.4        4     0.83 0.823039
     0.6        4     0.83 0.824791
     0.8        4     0.83 0.826762
     0.9        4     0.83 0.827926
    0.95        4     0.83  0.82872
    0.99        4     0.83 0.830483
   0.999        4 0.833333 0.832735
  0.9999        4 0.833333 0.833266