       0     0.05 0.465333 0.466667
     0.2     0.05 0.465333 0.466667
     0.4     0.05 0.465333 0.466667
     0.6     0.05 0.465333 0.466667
     0.8     0.05 0.465333 0.466667
     0.9     0.05 0.465333 0.466667
    0.95     0.05 0.465333 0.466667
    0.99     0.05 0.465333 0.466667
   0.999     0.05 0.465333 0.466667
  0.9999     0.05 0.465333 0.466667
       0      0.1 0.465333 0.466667
     0.2      0.1 0.381333 0.385828
     0.4      0.1    0.394 0.390935
     0.6      0.1     0.39 0.394187
     0.8      0.1    0.388 0.397724
     0.9      0.1 0.392667 0.399801
    0.95      0.1    0.398 0.400901
    0.99      0.1 0.404667 0.403877
   0.999      0.1 0.399333 0.405647
  0.9999      0.1 0.400667  0.41038
       0     0.15 0.465333 0.466667
     0.2     0.15 0.373333 0.378882
     0.4     0.15 0.376667 0.386332
     0.6     0.15 0.389333 0.392609
     0.8     0.15 0.395333 0.398085
     0.9     0.15 0.391333 0.401071
    0.95     0.15    0.396 0.403902
    0.99     0.15 0.407333 0.412814
   0.999     0.15    0.428 0.427231
  0.9999     0.15 0.438667 0.435273
       0      0.2 0.465333 0.466667
     0.2      0.2 0.357333 0.371325
     0.4      0.2     0.37  0.38102
     0.6      0.2 0.375333 0.388892
     0.8      0.2    0.378 0.397975
     0.9      0.2     0.38 0.404944
    0.95      0.2 0.381333 0.411406
    0.99      0.2 0.412667 0.425663
   0.999      0.2 0.434667 0.443051
  0.9999      0.2 0.449333 0.460458
       0      0.3 0.465333 0.466667
     0.2      0.3    0.312 0.366111
     0.4      0.3 0.306667  0.38004
     0.6      0.3 0.322667 0.395229
     0.8      0.3    0.334 0.416188
     0.9      0.3    0.376 0.433595
    0.95      0.3     0.42 0.448328
    0.99      0.3 0.457333 0.473859
   0.999      0.3    0.486  0.49343
  0.9999      0.3 0.500667  0.49924
       0      0.4 0.465333 0.466667
     0.2      0.4    0.264 0.384522
     0.4      0.4 0.258667 0.400358
     0.6      0.4 0.272667 0.418672
     0.8      0.4     0.32 0.442189
     0.9      0.4 0.394667 0.458722
    0.95      0.4 0.450667 0.470884
    0.99      0.4 0.468667 0.489274
   0.999      0.4 0.496667 0.498606
  0.9999      0.4 0.501333  0.49995
       0      0.5 0.465333 0.466667
     0.2      0.5 0.228667 0.408854
     0.4      0.5    0.234 0.421945
     0.6      0.5 0.236667 0.436717
     0.8      0.5    0.302 0.454839
     0.9      0.5 0.402667 0.467572
    0.95      0.5    0.464  0.47747
    0.99      0.5    0.468 0.492647
   0.999      0.5    0.498 0.499163
  0.9999      0.5 0.501333 0.499971
       0      0.6 0.465333 0.466667
     0.2      0.6    0.208 0.427306
     0.4      0.6 0.212667 0.437061
     0.6      0.6 0.225333  0.44798
     0.8      0.6 0.304667 0.461597
     0.9      0.6 0.421333 0.471875
    0.95      0.6 0.467333  0.48049
    0.99      0.6    0.468 0.493934
   0.999      0.6 0.498667 0.499332
  0.9999      0.6 0.501333 0.499971
       0      0.7 0.465333 0.466667
     0.2      0.7 0.206667 0.439039
     0.4      0.7 0.209333  0.44638
     0.6      0.7     0.23  0.45466
     0.8      0.7    0.318 0.465423
     0.9      0.7    0.442 0.474243
    0.95      0.7    0.468 0.482106
    0.99      0.7    0.468 0.494556
   0.999      0.7 0.496667 0.499405
  0.9999      0.7 0.501333 0.499969
       0      0.8 0.465333 0.466667
     0.2      0.8 0.204667 0.446476
     0.4      0.8 0.214667 0.452197
     0.6      0.8 0.238667 0.458758
     0.8      0.8 0.339333 0.467723
     0.9      0.8    0.456 0.475647
    0.95      0.8    0.468 0.483047
    0.99      0.8    0.468 0.494895
   0.999      0.8 0.494667 0.499443
  0.9999      0.8 0.501333 0.499967
       0      0.9 0.465333 0.466667
     0.2      0.9 0.211333 0.451369
     0.4      0.9    0.224 0.455989
     0.6      0.9    0.248 0.461402
     0.8      0.9 0.359333  0.46919
     0.9      0.9 0.459333 0.476533
    0.95      0.9    0.468 0.483632
    0.99      0.9    0.468 0.495097
   0.999      0.9 0.483333 0.499464
  0.9999      0.9 0.501333 0.499965
       0        1 0.465333 0.466667
     0.2        1 0.212667 0.454726
     0.4        1 0.233333 0.458576
     0.6        1 0.258667 0.463195
     0.8        1 0.369333 0.470177
     0.9        1    0.464 0.477124
    0.95        1    0.468 0.484017
    0.99        1    0.468 0.495226
   0.999        1 0.468667 0.499476
  0.9999        1 0.501333 0.499963
       0        2 0.465333 0.466667
     0.2        2     0.24 0.464408
     0.4        2 0.250667 0.465966
     0.6        2 0.290667 0.468262
     0.8        2    0.406 0.472924
     0.9        2 0.467333 0.478738
    0.95        2    0.468 0.485038
    0.99        2    0.468 0.495544
   0.999        2    0.468 0.499503
  0.9999        2 0.501333 0.499954
       0        4 0.465333 0.466667
     0.2        4 0.246667 0.466533
     0.4        4    0.262 0.467573
     0.6        4 0.297333 0.469352
     0.8        4 0.413333 0.473504
     0.9        4    0.468 0.479069
    0.95        4    0.468 0.485238
    0.99        4    0.468   0.4956
   0.999        4    0.468 0.499506
  0.9999        4    0.468 0.499951