       0     0.05 0.823333 0.822222
     0.2     0.05     0.49 0.484778
     0.4     0.05     0.49    0.485
     0.6     0.05 0.489333 0.484111
     0.8     0.05 0.488667 0.481889
     0.9     0.05 0.488667 0.481889
    0.95     0.05 0.488667 0.481889
    0.99     0.05 0.488667 0.482111
   0.999     0.05 0.488667 0.481444
  0.9999     0.05 0.486667 0.481556
       0      0.1 0.823333 0.822222
     0.2      0.1    0.484 0.483218
     0.4      0.1    0.484   0.4832
     0.6      0.1 0.478667 0.477628
     0.8      0.1    0.476  0.47535
     0.9      0.1    0.476 0.474736
    0.95      0.1 0.475333 0.474456
    0.99      0.1 0.473333 0.472992
   0.999      0.1    0.464 0.464494
  0.9999      0.1    0.458 0.457621
       0     0.15 0.823333 0.822222
     0.2     0.15 0.476667 0.477686
     0.4     0.15 0.482667 0.482632
     0.6     0.15 0.482667 0.482836
     0.8     0.15 0.474667 0.474768
     0.9     0.15    0.474 0.473804
    0.95     0.15 0.471333 0.471829
    0.99     0.15     0.46 0.460138
   0.999     0.15 0.455333   0.4547
  0.9999     0.15    0.448 0.450556
       0      0.2 0.823333 0.822222
     0.2      0.2 0.477333 0.477139
     0.4      0.2 0.476667 0.477712
     0.6      0.2 0.482667 0.482403
     0.8      0.2     0.48 0.478723
     0.9      0.2 0.472667 0.472445
    0.95      0.2    0.466 0.466516
    0.99      0.2 0.454667 0.455388
   0.999      0.2 0.450667 0.449221
  0.9999      0.2 0.451333 0.448529
       0      0.3 0.823333 0.822222
     0.2      0.3 0.482667 0.483109
     0.4      0.3 0.480667 0.478777
     0.6      0.3 0.477333 0.476295
     0.8      0.3 0.480667 0.480122
     0.9      0.3 0.471333 0.472386
    0.95      0.3 0.464667 0.464587
    0.99      0.3 0.455333 0.452264
   0.999      0.3 0.432667 0.434881
  0.9999      0.3 0.423333 0.427027
       0      0.4 0.823333 0.822222
     0.2      0.4 0.492667 0.492377
     0.4      0.4    0.484 0.484712
     0.6      0.4     0.48 0.480873
     0.8      0.4    0.478 0.478379
     0.9      0.4    0.478 0.476387
    0.95      0.4 0.469333 0.466449
    0.99      0.4 0.444667 0.446057
   0.999      0.4 0.420667 0.432494
  0.9999      0.4 0.420667 0.443977
       0      0.5 0.823333 0.822222
     0.2      0.5    0.512 0.518325
     0.4      0.5     0.49 0.497764
     0.6      0.5 0.485333 0.488927
     0.8      0.5 0.481333 0.483125
     0.9      0.5 0.478667 0.478478
    0.95      0.5 0.466667 0.471382
    0.99      0.5 0.438667 0.455626
   0.999      0.5 0.439333 0.457271
  0.9999      0.5 0.454667 0.462226
       0      0.6 0.823333 0.822222
     0.2      0.6 0.533333 0.533955
     0.4      0.6 0.516667 0.517245
     0.6      0.6 0.491333 0.501728
     0.8      0.6 0.486667 0.491643
     0.9      0.6 0.478667 0.486433
    0.95      0.6 0.470667 0.481036
    0.99      0.6    0.452 0.472752
   0.999      0.6 0.457333 0.489211
  0.9999      0.6 0.462667 0.569544
       0      0.7 0.823333 0.822222
     0.2      0.7 0.539333 0.543248
     0.4      0.7    0.534 0.532662
     0.6      0.7     0.51 0.518711
     0.8      0.7 0.482667 0.506182
     0.9      0.7    0.482 0.501864
    0.95      0.7    0.486 0.499814
    0.99      0.7 0.472667 0.511725
   0.999      0.7 0.471333 0.602664
  0.9999      0.7     0.66 0.741047
       0      0.8 0.823333 0.822222
     0.2      0.8 0.547333 0.551723
     0.4      0.8 0.539333 0.545175
     0.6      0.8 0.528667 0.537648
     0.8      0.8 0.497333 0.530557
     0.9      0.8 0.497333 0.531683
    0.95      0.8 0.500667 0.539975
    0.99      0.8 0.539333 0.593546
   0.999      0.8    0.612 0.726098
  0.9999      0.8 0.822667 0.808096
       0      0.9 0.823333 0.822222
     0.2      0.9    0.554 0.562672
     0.4      0.9 0.545333 0.559144
     0.6      0.9 0.539333 0.557771
     0.8      0.9 0.521333 0.561875
     0.9      0.9 0.526667 0.575489
    0.95      0.9 0.538667 0.598956
    0.99      0.9 0.536667 0.683393
   0.999      0.9    0.756 0.789555
  0.9999      0.9     0.79 0.826872
       0        1 0.823333 0.822222
     0.2        1 0.558667 0.576778
     0.4        1 0.554667 0.577499
     0.6        1 0.549333 0.582122
     0.8        1 0.542667 0.598715
     0.9        1    0.556 0.625524
    0.95        1 0.573333 0.660241
    0.99        1 0.601333 0.745518
   0.999        1 0.799333 0.815701
  0.9999        1 0.833333 0.831274
       0        2 0.823333 0.822222
     0.2        2 0.606667  0.74831
     0.4        2    0.634 0.760491
     0.6        2 0.650667 0.775545
     0.8        2 0.702667 0.795263
     0.9        2 0.726667 0.808234
    0.95        2    0.782 0.816443
    0.99        2 0.823333 0.826818
   0.999        2    0.826 0.832364
  0.9999        2 0.833333 0.833231
       0        4 0.823333 0.822222
     0.2        4    0.782 0.810658
     0.4        4 0.782667  0.81342
     0.6        4 0.823333 0.816378
     0.8        4 0.823333 0.819713
     0.9        4 0.823333 0.821899
    0.95        4 0.823333 0.823749
    0.99        4 0.823333 0.828444
   0.999        4 0.833333 0.832553
  0.9999        4 0.833333  0.83325