        0      0.05  0.466667  0.466667
      0.2      0.05 0.0326667  0.104109
      0.4      0.05 0.0313333   0.12108
      0.6      0.05 0.0306667   0.15051
      0.8      0.05      0.03  0.214926
      0.9      0.05 0.0333333  0.289468
     0.95      0.05 0.0453333  0.359951
     0.99      0.05  0.124667  0.460521
    0.999      0.05     0.248  0.495556
   0.9999      0.05  0.414667  0.499549
        0       0.1  0.466667  0.466667
      0.2       0.1 0.0726667  0.297267
      0.4       0.1 0.0846667  0.324725
      0.6       0.1 0.0966667   0.35991
      0.8       0.1  0.149333  0.408112
      0.9       0.1  0.219333  0.441932
     0.95       0.1  0.300667  0.464768
     0.99       0.1  0.363333  0.490884
    0.999       0.1  0.309333  0.499007
   0.9999       0.1  0.496667    0.4999
        0      0.15  0.466667  0.466667
      0.2      0.15  0.190667  0.396211
      0.4      0.15  0.226667  0.411002
      0.6      0.15     0.282  0.428198
      0.8      0.15  0.359333  0.450107
      0.9      0.15     0.398  0.465972
     0.95      0.15      0.41  0.477992
     0.99      0.15  0.407333  0.493894
    0.999      0.15  0.466667  0.499323
   0.9999      0.15       0.5  0.499932
        0       0.2  0.466667  0.466667
      0.2       0.2  0.367333   0.43295
      0.4       0.2  0.397333  0.440484
      0.6       0.2  0.411333  0.449472
      0.8       0.2  0.424667     0.462
      0.9       0.2  0.432667  0.472525
     0.95       0.2  0.434667  0.481551
     0.99       0.2  0.347333  0.494695
    0.999       0.2  0.466667  0.499407
   0.9999       0.2       0.5   0.49994
        0       0.3  0.466667  0.466667
      0.2       0.3  0.447333  0.453848
      0.4       0.3     0.448  0.457191
      0.6       0.3      0.45  0.461665
      0.8       0.3  0.451333  0.469056
      0.9       0.3  0.438667  0.476518
     0.95       0.3  0.423333  0.483761
     0.99       0.3  0.466667   0.49521
    0.999       0.3  0.466667  0.499462
   0.9999       0.3       0.5  0.499945
        0       0.4  0.466667  0.466667
      0.2       0.4  0.461333  0.459456
      0.4       0.4     0.462  0.461879
      0.6       0.4      0.46  0.465233
      0.8       0.4  0.455333  0.471185
      0.9       0.4      0.44  0.477748
     0.95       0.4     0.404  0.484466
     0.99       0.4  0.466667   0.49539
    0.999       0.4  0.466667  0.499482
   0.9999       0.4       0.5  0.499948
        0       0.5  0.466667  0.466667
      0.2       0.5  0.465333  0.462051
      0.4       0.5  0.463333  0.464028
      0.6       0.5  0.458667  0.466836
      0.8       0.5  0.456667  0.472116
      0.9       0.5      0.44  0.478283
     0.95       0.5     0.392  0.484779
     0.99       0.5  0.466667  0.495475
    0.999       0.5  0.466667  0.499491
   0.9999       0.5       0.5  0.499948
        0       0.6  0.466667  0.466667
      0.2       0.6  0.465333  0.463535
      0.4       0.6  0.465333  0.465229
      0.6       0.6  0.460667  0.467708
      0.8       0.6  0.456667  0.472608
      0.9       0.6  0.435333  0.478564
     0.95       0.6      0.38  0.484944
     0.99       0.6  0.466667   0.49552
    0.999       0.6  0.466667  0.499496
   0.9999       0.6       0.5  0.499949
        0       0.7  0.466667  0.466667
      0.2       0.7     0.468  0.464468
      0.4       0.7  0.463333  0.465969
      0.6       0.7  0.459333  0.468235
      0.8       0.7  0.455333    0.4729
      0.9       0.7  0.437333   0.47873
     0.95       0.7  0.377333  0.485042
     0.99       0.7  0.466667  0.495547
    0.999       0.7  0.466667  0.499499
   0.9999       0.7       0.5  0.499949
        0       0.8  0.466667  0.466667
      0.2       0.8     0.468  0.465089
      0.4       0.8  0.463333  0.466456
      0.6       0.8  0.459333  0.468578
      0.8       0.8  0.454667  0.473088
      0.9       0.8     0.438  0.478836
     0.95       0.8  0.368667  0.485104
     0.99       0.8  0.466667  0.495564
    0.999       0.8  0.466667  0.499501
   0.9999       0.8  0.466667  0.499949
        0       0.9  0.466667  0.466667
      0.2       0.9     0.468  0.465523
      0.4       0.9     0.464  0.466794
      0.6       0.9  0.460667  0.468813
      0.8       0.9     0.454  0.473216
      0.9       0.9  0.435333  0.478908
     0.95       0.9  0.367333  0.485146
     0.99       0.9  0.466667  0.495575
    0.999       0.9  0.466667  0.499503
   0.9999       0.9  0.466667   0.49995
        0         1  0.466667  0.466667
      0.2         1  0.467333  0.465837
      0.4         1  0.462667  0.467036
      0.6         1  0.460667  0.468981
      0.8         1     0.454  0.473306
      0.9         1  0.434667  0.478959
     0.95         1  0.363333  0.485176
     0.99         1  0.466667  0.495583
    0.999         1  0.466667  0.499503
   0.9999         1  0.466667   0.49995
        0         2  0.466667  0.466667
      0.2         2     0.466  0.466864
      0.4         2  0.462667  0.467822
      0.6         2  0.460667   0.46952
      0.8         2     0.454  0.473593
      0.9         2     0.432  0.479119
     0.95         2     0.358  0.485269
     0.99         2  0.466667  0.495608
    0.999         2  0.466667  0.499506
   0.9999         2  0.466667   0.49995
        0         4  0.466667  0.466667
      0.2         4     0.466  0.467126
      0.4         4  0.461333   0.46802
      0.6         4      0.46  0.469654
      0.8         4     0.454  0.473664
      0.9         4  0.431333  0.479159
     0.95         4     0.358  0.485292
     0.99         4  0.466667  0.495615
    0.999         4  0.466667  0.499507
   0.9999         4  0.466667   0.49995