       0     0.05 0.493333 0.493333
     0.2     0.05 0.174667 0.200501
     0.4     0.05 0.165333 0.206966
     0.6     0.05 0.158667 0.223493
     0.8     0.05 0.164667 0.267264
     0.9     0.05 0.186667 0.323139
    0.95     0.05 0.215333 0.379047
    0.99     0.05 0.309333 0.463841
   0.999     0.05 0.493333 0.495752
  0.9999     0.05      0.5 0.499566
       0      0.1 0.493333 0.493333
     0.2      0.1    0.214 0.333262
     0.4      0.1 0.227333 0.356606
     0.6      0.1 0.247333 0.387247
     0.8      0.1 0.265333 0.429525
     0.9      0.1 0.293333 0.457942
    0.95      0.1 0.320667 0.475303
    0.99      0.1    0.452 0.492916
   0.999      0.1 0.493333 0.499088
  0.9999      0.1      0.5 0.499905
       0     0.15 0.493333 0.493333
     0.2     0.15 0.281333 0.422826
     0.4     0.15 0.298667 0.437021
     0.6     0.15 0.315333 0.453054
     0.8     0.15    0.338  0.47162
     0.9     0.15 0.354667 0.482405
    0.95     0.15 0.384667 0.488654
    0.99     0.15 0.493333 0.495841
   0.999     0.15 0.493333 0.499394
  0.9999     0.15      0.5 0.499936
       0      0.2 0.493333 0.493333
     0.2      0.2 0.352667 0.462071
     0.4      0.2 0.355333 0.468804
     0.6      0.2    0.356 0.476117
     0.8      0.2 0.358667 0.484334
     0.9      0.2 0.391333 0.489145
    0.95      0.2 0.465333 0.492146
    0.99      0.2 0.493333 0.496578
   0.999      0.2 0.493333 0.499472
  0.9999      0.2      0.5 0.499944
       0      0.3 0.493333 0.493333
     0.2      0.3 0.357333 0.484328
     0.4      0.3     0.35 0.486199
     0.6      0.3    0.336 0.488319
     0.8      0.3 0.421333 0.490874
     0.9      0.3 0.434667 0.492578
    0.95      0.3 0.492667 0.493921
    0.99      0.3 0.493333 0.496958
   0.999      0.3 0.493333 0.499514
  0.9999      0.3      0.5 0.499948
       0      0.4 0.493333 0.493333
     0.2      0.4 0.459333 0.488709
     0.4      0.4 0.445333  0.48971
     0.6      0.4    0.418 0.490859
     0.8      0.4 0.374667 0.492281
     0.9      0.4 0.488667 0.493327
    0.95      0.4 0.493333 0.494312
    0.99      0.4 0.493333 0.497046
   0.999      0.4 0.493333 0.499525
  0.9999      0.4      0.5 0.499949
       0      0.5 0.493333 0.493333
     0.2      0.5    0.466 0.490292
     0.4      0.5 0.456667    0.491
     0.6      0.5    0.408   0.4918
     0.8      0.5     0.39 0.492801
     0.9      0.5 0.492667 0.493602
    0.95      0.5 0.493333 0.494455
    0.99      0.5 0.493333 0.497079
   0.999      0.5 0.493333 0.499529
  0.9999      0.5      0.5  0.49995
       0      0.6 0.493333 0.493333
     0.2      0.6 0.462667 0.491147
     0.4      0.6 0.455333 0.491687
     0.6      0.6 0.407333 0.492293
     0.8      0.6      0.4 0.493067
     0.9      0.6 0.493333 0.493741
    0.95      0.6 0.493333 0.494526
    0.99      0.6 0.493333 0.497095
   0.999      0.6 0.493333 0.499531
  0.9999      0.6 0.498667  0.49995
       0      0.7 0.493333 0.493333
     0.2      0.7    0.464 0.491686
     0.4      0.7 0.448667 0.492113
     0.6      0.7 0.410667 0.492592
     0.8      0.7    0.412 0.493225
     0.9      0.7 0.493333 0.493822
    0.95      0.7 0.493333 0.494568
    0.99      0.7 0.493333 0.497104
   0.999      0.7 0.493333 0.499532
  0.9999      0.7 0.493333  0.49995
       0      0.8 0.493333 0.493333
     0.2      0.8 0.463333 0.492051
     0.4      0.8 0.451333 0.492397
     0.6      0.8 0.410667  0.49279
     0.8      0.8     0.42 0.493328
     0.9      0.8 0.493333 0.493875
    0.95      0.8 0.493333 0.494595
    0.99      0.8 0.493333  0.49711
   0.999      0.8 0.493333 0.499533
  0.9999      0.8 0.493333  0.49995
       0      0.9 0.493333 0.493333
     0.2      0.9 0.463333 0.492309
     0.4      0.9     0.45 0.492597
     0.6      0.9 0.411333 0.492927
     0.8      0.9    0.426 0.493399
     0.9      0.9 0.493333 0.493911
    0.95      0.9 0.493333 0.494613
    0.99      0.9 0.493333 0.497114
   0.999      0.9 0.493333 0.499533
  0.9999      0.9 0.493333  0.49995
       0        1 0.493333 0.493333
     0.2        1 0.463333 0.492499
     0.4        1 0.449333 0.492743
     0.6        1    0.412 0.493027
     0.8        1 0.433333  0.49345
     0.9        1 0.493333 0.493937
    0.95        1 0.493333 0.494626
    0.99        1 0.493333 0.497117
   0.999        1 0.493333 0.499534
  0.9999        1 0.493333  0.49995
       0        2 0.493333 0.493333
     0.2        2    0.466 0.493133
     0.4        2 0.455333 0.493225
     0.6        2    0.418 0.493353
     0.8        2    0.456 0.493615
     0.9        2 0.493333  0.49402
    0.95        2 0.493333 0.494668
    0.99        2 0.493333 0.497125
   0.999        2 0.493333 0.499535
  0.9999        2 0.493333  0.49995
       0        4 0.493333 0.493333
     0.2        4 0.467333 0.493299
     0.4        4 0.454667  0.49335
     0.6        4    0.418 0.493436
     0.8        4 0.461333 0.493657
     0.9        4 0.493333 0.494041
    0.95        4 0.493333 0.494678
    0.99        4 0.493333 0.497127
   0.999        4 0.493333 0.499535
  0.9999        4 0.493333  0.49995