       0     0.05    0.375    0.375
       0      0.1    0.375    0.375
       0     0.15    0.375    0.375
       0      0.2    0.375    0.375
       0      0.3    0.375    0.375
       0      0.4    0.375    0.375
       0      0.5    0.375    0.375
       0      0.6    0.375    0.375
       0      0.7    0.375    0.375
       0      0.8    0.375    0.375
       0      0.9    0.375    0.375
       0        1    0.375    0.375
       0        2    0.375    0.375
       0        4    0.375    0.375
     0.2     0.05    0.395 0.399305
     0.2      0.1    0.395 0.395739
     0.2     0.15    0.395 0.388674
     0.2      0.2   0.3875 0.380605
     0.2      0.3   0.3675 0.371847
     0.2      0.4    0.365 0.371462
     0.2      0.5     0.35 0.370346
     0.2      0.6    0.365 0.369993
     0.2      0.7   0.3475  0.37075
     0.2      0.8   0.3325 0.372064
     0.2      0.9     0.34 0.373591
     0.2        1     0.34 0.375114
     0.2        2     0.35 0.381654
     0.2        4   0.3725 0.382312
     0.4     0.05    0.395 0.401518
     0.4      0.1   0.3975 0.399393
     0.4     0.15     0.39 0.396007
     0.4      0.2    0.385  0.39033
     0.4      0.3   0.3725 0.384522
     0.4      0.4    0.375 0.383346
     0.4      0.5   0.3625  0.38203
     0.4      0.6    0.375 0.381889
     0.4      0.7     0.35 0.382863
     0.4      0.8   0.3475 0.384305
     0.4      0.9     0.34 0.385822
     0.4        1     0.34 0.387222
     0.4        2   0.3675 0.392567
     0.4        4   0.3875 0.392934
     0.6     0.05    0.395  0.40302
     0.6      0.1     0.39 0.402005
     0.6     0.15    0.395 0.401959
     0.6      0.2     0.39 0.398884
     0.6      0.3    0.385 0.398351
     0.6      0.4   0.3725 0.398971
     0.6      0.5     0.36 0.398744
     0.6      0.6   0.3725 0.399352
     0.6      0.7    0.345  0.40073
     0.6      0.8   0.3475 0.402333
     0.6      0.9     0.35  0.40382
     0.6        1    0.355  0.40507
     0.6        2   0.3575 0.409192
     0.6        4    0.375 0.409294
     0.8     0.05    0.395 0.404048
     0.8      0.1   0.3875 0.405795
     0.8     0.15   0.3875 0.408963
     0.8      0.2     0.39 0.411043
     0.8      0.3    0.385 0.419396
     0.8      0.4     0.38 0.424682
     0.8      0.5   0.3775 0.426958
     0.8      0.6   0.3575 0.428813
     0.8      0.7   0.3525 0.430725
     0.8      0.8    0.365 0.432448
     0.8      0.9     0.37 0.433817
     0.8        1   0.3575 0.434853
     0.8        2     0.37 0.437827
     0.8        4   0.3625 0.437789
     0.9     0.05   0.3925 0.404575
     0.9      0.1    0.395 0.409329
     0.9     0.15   0.4025 0.415644
     0.9      0.2   0.4025  0.42314
     0.9      0.3   0.3925 0.439039
     0.9      0.4   0.3775 0.447843
     0.9      0.5   0.3775 0.451456
     0.9      0.6     0.35 0.453833
     0.9      0.7     0.37 0.455852
     0.9      0.8   0.3675 0.457429
     0.9      0.9    0.375 0.458578
     0.9        1    0.365  0.45941
     0.9        2     0.37 0.461778
     0.9        4    0.375 0.461787
    0.95     0.05    0.395 0.405291
    0.95      0.1   0.4025 0.412897
    0.95     0.15   0.4125 0.422396
    0.95      0.2    0.405 0.434784
    0.95      0.3   0.3975 0.456577
    0.95      0.4     0.38 0.466339
    0.95      0.5    0.365 0.469827
    0.95      0.6   0.3725 0.472105
    0.95      0.7   0.3825  0.47385
    0.95      0.8     0.38 0.475084
    0.95      0.9    0.375 0.475939
    0.95        1   0.3675 0.476552
    0.95        2   0.3725 0.478373
    0.95        4    0.375 0.478426
    0.99     0.05   0.4025 0.408212
    0.99      0.1   0.4225  0.42042
    0.99     0.15    0.425  0.43776
    0.99      0.2   0.4225 0.456824
    0.99      0.3   0.4275 0.484519
    0.99      0.4   0.3675 0.489612
    0.99      0.5    0.375 0.491444
    0.99      0.6    0.375 0.492729
    0.99      0.7   0.3725 0.493489
    0.99      0.8     0.37 0.493951
    0.99      0.9   0.3725 0.494254
    0.99        1   0.3725 0.494469
    0.99        2    0.375 0.495155
    0.99        4    0.375 0.495188
   0.999     0.05   0.4025 0.410114
   0.999      0.1   0.4325 0.430889
   0.999     0.15   0.4475 0.455546
   0.999      0.2   0.4625  0.48204
   0.999      0.3   0.4875 0.496925
   0.999      0.4   0.4775 0.498008
   0.999      0.5   0.4825 0.498869
   0.999      0.6   0.4975 0.499157
   0.999      0.7   0.4975 0.499279
   0.999      0.8   0.4975 0.499344
   0.999      0.9   0.4975 0.499385
   0.999        1   0.4975 0.499413
   0.999        2   0.4975 0.499502
   0.999        4    0.375 0.499506
  0.9999     0.05    0.405 0.411941
  0.9999      0.1   0.4375 0.439222
  0.9999     0.15    0.465 0.467222
  0.9999      0.2   0.5075 0.498226
  0.9999      0.3      0.5  0.49866
  0.9999      0.4      0.5 0.499715
  0.9999      0.5   0.4975 0.499879
  0.9999      0.6      0.5 0.499914
  0.9999      0.7      0.5 0.499927
  0.9999      0.8      0.5 0.499934
  0.9999      0.9      0.5 0.499938
  0.9999        1      0.5 0.499941
  0.9999        2      0.5  0.49995
  0.9999        4      0.5  0.49995