       0     0.05     0.49     0.49
     0.2     0.05 0.253333 0.268667
     0.4     0.05 0.253333 0.268667
     0.6     0.05 0.253333    0.268
     0.8     0.05 0.253333     0.27
     0.9     0.05 0.253333     0.27
    0.95     0.05 0.253333 0.269667
    0.99     0.05 0.253333 0.270333
   0.999     0.05 0.253333 0.270667
  0.9999     0.05 0.253333     0.27
       0      0.1     0.49     0.49
     0.2      0.1    0.306 0.282772
     0.4      0.1      0.3 0.276762
     0.6      0.1      0.3 0.276603
     0.8      0.1      0.3 0.276785
     0.9      0.1 0.301333 0.276732
    0.95      0.1    0.302 0.276798
    0.99      0.1      0.3 0.277459
   0.999      0.1      0.3  0.27724
  0.9999      0.1    0.304 0.281072
       0     0.15     0.49     0.49
     0.2     0.15 0.304667 0.297679
     0.4     0.15    0.306 0.300895
     0.6     0.15 0.304667 0.299215
     0.8     0.15      0.3 0.296338
     0.9     0.15 0.302667 0.297679
    0.95     0.15      0.3 0.298636
    0.99     0.15 0.303333 0.300337
   0.999     0.15    0.308 0.299203
  0.9999     0.15 0.310667 0.299512
       0      0.2     0.49     0.49
     0.2      0.2 0.280667 0.282844
     0.4      0.2 0.297333 0.282298
     0.6      0.2    0.306 0.285301
     0.8      0.2      0.3  0.28245
     0.9      0.2    0.304 0.281125
    0.95      0.2 0.271333 0.280286
    0.99      0.2 0.261333 0.277774
   0.999      0.2 0.264667 0.279557
  0.9999      0.2 0.265333 0.283191
       0      0.3     0.49     0.49
     0.2      0.3 0.259333 0.269174
     0.4      0.3 0.260667 0.270507
     0.6      0.3    0.256 0.269295
     0.8      0.3    0.252 0.268355
     0.9      0.3    0.256 0.269946
    0.95      0.3 0.260667 0.273639
    0.99      0.3 0.263333 0.279951
   0.999      0.3    0.304 0.293645
  0.9999      0.3 0.331333 0.325916
       0      0.4     0.49     0.49
     0.2      0.4 0.257333 0.273882
     0.4      0.4 0.256667 0.271513
     0.6      0.4 0.254667 0.271306
     0.8      0.4 0.258667  0.27591
     0.9      0.4 0.263333 0.281911
    0.95      0.4 0.274667 0.288446
    0.99      0.4 0.308667 0.298299
   0.999      0.4 0.338667 0.331978
  0.9999      0.4 0.363333  0.35388
       0      0.5     0.49     0.49
     0.2      0.5 0.271333 0.292977
     0.4      0.5 0.256667 0.277019
     0.6      0.5 0.257333 0.277023
     0.8      0.5 0.259333 0.281256
     0.9      0.5 0.260667 0.289031
    0.95      0.5 0.260667 0.296822
    0.99      0.5    0.324 0.316675
   0.999      0.5     0.35 0.350492
  0.9999      0.5 0.363333 0.383597
       0      0.6     0.49     0.49
     0.2      0.6 0.288667 0.309793
     0.4      0.6 0.265333 0.290618
     0.6      0.6 0.259333 0.282548
     0.8      0.6 0.261333 0.286732
     0.9      0.6 0.255333 0.293928
    0.95      0.6     0.25 0.302042
    0.99      0.6 0.317333 0.324488
   0.999      0.6 0.384667 0.365156
  0.9999      0.6 0.396667 0.408675
       0      0.7     0.49     0.49
     0.2      0.7 0.326667 0.319426
     0.4      0.7 0.320667  0.30578
     0.6      0.7 0.288667 0.294126
     0.8      0.7 0.248667 0.293573
     0.9      0.7 0.248667  0.29987
    0.95      0.7 0.244667 0.308349
    0.99      0.7 0.235333 0.336435
   0.999      0.7 0.280667 0.395969
  0.9999      0.7    0.424 0.454061
       0      0.8     0.49     0.49
     0.2      0.8    0.302 0.326456
     0.4      0.8 0.283333 0.316991
     0.6      0.8 0.258667 0.307691
     0.8      0.8 0.242667 0.305066
     0.9      0.8    0.242 0.311867
    0.95      0.8 0.241333 0.323371
    0.99      0.8 0.291333 0.366432
   0.999      0.8 0.413333 0.442781
  0.9999      0.8    0.454 0.484068
       0      0.9     0.49     0.49
     0.2      0.9    0.302 0.332967
     0.4      0.9    0.292 0.326967
     0.6      0.9 0.266667  0.32193
     0.8      0.9    0.246 0.323294
     0.9      0.9 0.238667 0.334118
    0.95      0.9 0.236667 0.352103
    0.99      0.9 0.274667 0.410544
   0.999      0.9 0.440667  0.47388
  0.9999      0.9      0.5  0.49578
       0        1     0.49     0.49
     0.2        1 0.302667 0.341093
     0.4        1    0.294 0.338599
     0.6        1 0.277333 0.338453
     0.8        1    0.258 0.347179
     0.9        1 0.261333 0.365295
    0.95        1    0.238 0.389604
    0.99        1     0.36 0.446503
   0.999        1 0.445333 0.488887
  0.9999        1      0.5 0.498611
       0        2     0.49     0.49
     0.2        2     0.34 0.454486
     0.4        2 0.353333  0.46113
     0.6        2    0.376 0.469037
     0.8        2     0.39 0.478834
     0.9        2    0.484 0.485137
    0.95        2 0.488667 0.489413
    0.99        2     0.49 0.495883
   0.999        2 0.497333 0.499427
  0.9999        2      0.5  0.49994
       0        4     0.49     0.49
     0.2        4    0.428 0.487126
     0.4        4    0.474 0.487893
     0.6        4 0.464667 0.488768
     0.8        4     0.49 0.489973
     0.9        4     0.49  0.49116
    0.95        4     0.49 0.492601
    0.99        4     0.49 0.496652
   0.999        4     0.49 0.499528
  0.9999        4      0.5 0.499951