       0     0.05 0.465333 0.466667
       0      0.1 0.465333 0.466667
       0     0.15 0.465333 0.466667
       0      0.2 0.465333 0.466667
       0      0.3 0.465333 0.466667
       0      0.4 0.465333 0.466667
       0      0.5 0.465333 0.466667
       0      0.6 0.465333 0.466667
       0      0.7 0.465333 0.466667
       0      0.8 0.465333 0.466667
       0      0.9 0.465333 0.466667
       0        1 0.465333 0.466667
       0        2 0.465333 0.466667
       0        4 0.465333 0.466667
     0.2     0.05 0.465333 0.466667
     0.2      0.1 0.409333 0.407061
     0.2     0.15 0.389333 0.393573
     0.2      0.2 0.370667 0.379123
     0.2      0.3 0.309333 0.365292
     0.2      0.4 0.278667 0.380997
     0.2      0.5 0.262667  0.40832
     0.2      0.6    0.254 0.428354
     0.2      0.7 0.258667 0.440477
     0.2      0.8    0.264 0.447878
     0.2      0.9 0.268667 0.452621
     0.2        1 0.275333 0.455816
     0.2        2    0.302 0.464728
     0.2        4    0.312 0.466616
     0.4     0.05 0.465333 0.466667
     0.4      0.1 0.414667  0.41248
     0.4     0.15    0.402 0.401217
     0.4      0.2 0.380667 0.390522
     0.4      0.3 0.308667 0.380606
     0.4      0.4 0.273333 0.397635
     0.4      0.5 0.260667 0.421466
     0.4      0.6 0.255333 0.437848
     0.4      0.7    0.258 0.447464
     0.4      0.8 0.268667  0.45325
     0.4      0.9 0.275333 0.456928
     0.4        1    0.278 0.459392
     0.4        2    0.304 0.466205
     0.4        4    0.312 0.467635
     0.6     0.05 0.465333 0.466667
     0.6      0.1 0.419333 0.415803
     0.6     0.15 0.411333 0.407058
     0.6      0.2 0.384667 0.399024
     0.6      0.3 0.312667 0.396897
     0.6      0.4     0.28 0.416787
     0.6      0.5    0.264 0.436335
     0.6      0.6    0.264   0.4485
     0.6      0.7 0.265333 0.455383
     0.6      0.8 0.272667 0.459459
     0.6      0.9     0.28 0.462027
     0.6        1 0.280667 0.463737
     0.6        2 0.304667 0.468421
     0.6        4 0.313333 0.469393
     0.8     0.05 0.465333 0.466667
     0.8      0.1 0.421333 0.419502
     0.8     0.15 0.412667 0.412904
     0.8      0.2 0.389333 0.408162
     0.8      0.3    0.318 0.418935
     0.8      0.4    0.292 0.441163
     0.8      0.5 0.271333 0.454593
     0.8      0.6 0.268667 0.461847
     0.8      0.7    0.268 0.465782
     0.8      0.8    0.276 0.468074
     0.8      0.9 0.282667 0.469504
     0.8        1 0.284667  0.47045
     0.8        2    0.306 0.473005
     0.8        4 0.309333 0.473525
     0.9     0.05 0.465333 0.466667
     0.9      0.1    0.422 0.423108
     0.9     0.15     0.41 0.416857
     0.9      0.2     0.39 0.414839
     0.9      0.3 0.329333 0.436751
     0.9      0.4 0.297333 0.458125
     0.9      0.5 0.283333  0.46741
     0.9      0.6 0.283333 0.471989
     0.9      0.7 0.283333 0.474421
     0.9      0.8    0.284 0.475824
     0.9      0.9    0.294 0.476694
     0.9        1    0.292 0.477265
     0.9        2 0.307333  0.47878
     0.9        4    0.308  0.47908
    0.95     0.05 0.465333 0.466667
    0.95      0.1 0.426667 0.425624
    0.95     0.15 0.407333 0.419168
    0.95      0.2    0.396 0.420488
    0.95      0.3    0.354 0.451261
    0.95      0.4 0.303333 0.470488
    0.95      0.5 0.290667 0.477341
    0.95      0.6 0.286667 0.480527
    0.95      0.7 0.290667 0.482188
    0.95      0.8 0.287333 0.483134
    0.95      0.9 0.287333 0.483713
    0.95        1    0.298 0.484089
    0.95        2 0.307333 0.485061
    0.95        4 0.307333 0.485244
    0.99     0.05 0.465333 0.466667
    0.99      0.1 0.424667 0.425763
    0.99     0.15    0.412 0.422117
    0.99      0.2 0.417333 0.432539
    0.99      0.3    0.452 0.475037
    0.99      0.4 0.376667 0.489015
    0.99      0.5 0.394667 0.492535
    0.99      0.6 0.444667 0.493897
    0.99      0.7    0.452 0.494545
    0.99      0.8    0.446 0.494894
    0.99      0.9 0.422667   0.4951
    0.99        1    0.392 0.495231
    0.99        2 0.306667 0.495547
    0.99        4 0.312667 0.495601
   0.999     0.05 0.465333 0.466667
   0.999      0.1    0.418 0.422058
   0.999     0.15 0.420667 0.427447
   0.999      0.2 0.449333 0.450721
   0.999      0.3 0.480667 0.493345
   0.999      0.4    0.468 0.498472
   0.999      0.5 0.465333 0.499086
   0.999      0.6 0.465333 0.499282
   0.999      0.7 0.465333  0.49937
   0.999      0.8 0.465333 0.499417
   0.999      0.9 0.465333 0.499443
   0.999        1 0.465333  0.49946
   0.999        2    0.308 0.499499
   0.999        4    0.468 0.499505
  0.9999     0.05 0.465333 0.466667
  0.9999      0.1 0.411333 0.420782
  0.9999     0.15 0.426667 0.435024
  0.9999      0.2 0.466667 0.468426
  0.9999      0.3 0.499333 0.499115
  0.9999      0.4 0.498667 0.499851
  0.9999      0.5 0.497333 0.499901
  0.9999      0.6 0.498667 0.499921
  0.9999      0.7 0.498667 0.499932
  0.9999      0.8 0.494667 0.499938
  0.9999      0.9    0.468 0.499942
  0.9999        1 0.465333 0.499944
  0.9999        2 0.374667 0.499949
  0.9999        4    0.468  0.49995