       0     0.05 0.823333 0.822222
       0      0.1 0.823333 0.822222
       0     0.15 0.823333 0.822222
       0      0.2 0.823333 0.822222
       0      0.3 0.823333 0.822222
       0      0.4 0.823333 0.822222
       0      0.5 0.823333 0.822222
       0      0.6 0.823333 0.822222
       0      0.7 0.823333 0.822222
       0      0.8 0.823333 0.822222
       0      0.9 0.823333 0.822222
       0        1 0.823333 0.822222
       0        2 0.823333 0.822222
       0        4 0.823333 0.822222
     0.2     0.05    0.528 0.525223
     0.2      0.1 0.483333 0.482345
     0.2     0.15 0.484667 0.484141
     0.2      0.2 0.482667 0.483563
     0.2      0.3 0.493333 0.495241
     0.2      0.4     0.52 0.519641
     0.2      0.5 0.531333 0.534914
     0.2      0.6    0.536 0.543512
     0.2      0.7    0.544 0.551216
     0.2      0.8     0.55 0.559013
     0.2      0.9     0.55 0.570134
     0.2        1 0.549333 0.586282
     0.2        2    0.534 0.765777
     0.2        4 0.817333 0.814064
     0.4     0.05 0.526667 0.522223
     0.4      0.1    0.486 0.485234
     0.4     0.15    0.482 0.481846
     0.4      0.2    0.484 0.483506
     0.4      0.3    0.484 0.485003
     0.4      0.4 0.498667 0.498143
     0.4      0.5     0.52 0.520706
     0.4      0.6 0.527333 0.533988
     0.4      0.7 0.534667  0.54318
     0.4      0.8 0.540667 0.553309
     0.4      0.9 0.547333 0.568165
     0.4        1 0.547333 0.588945
     0.4        2 0.546667 0.775634
     0.4        4 0.819333 0.815995
     0.6     0.05 0.525333 0.522223
     0.6      0.1    0.486 0.485374
     0.6     0.15    0.482  0.48263
     0.6      0.2    0.482 0.481367
     0.6      0.3    0.482 0.482163
     0.6      0.4    0.484 0.487279
     0.6      0.5 0.495333 0.501773
     0.6      0.6     0.52 0.521628
     0.6      0.7 0.525333 0.534776
     0.6      0.8    0.536 0.548794
     0.6      0.9    0.538 0.568938
     0.6        1    0.536 0.596487
     0.6        2 0.574667 0.787355
     0.6        4 0.822667 0.818104
     0.8     0.05 0.522667 0.522112
     0.8      0.1    0.486 0.485426
     0.8     0.15 0.484667 0.484486
     0.8      0.2    0.482 0.481667
     0.8      0.3 0.481333 0.479916
     0.8      0.4 0.478667 0.481919
     0.8      0.5 0.483333  0.48786
     0.8      0.6 0.489333 0.504295
     0.8      0.7 0.503333 0.524128
     0.8      0.8 0.516667 0.546396
     0.8      0.9 0.521333 0.578869
     0.8        1    0.512 0.618324
     0.8        2    0.732 0.802139
     0.8        4 0.823333 0.820574
     0.9     0.05    0.522 0.522112
     0.9      0.1    0.486 0.485363
     0.9     0.15 0.485333 0.485106
     0.9      0.2 0.480667 0.482764
     0.9      0.3 0.478667  0.47905
     0.9      0.4     0.48 0.480218
     0.9      0.5 0.488667 0.484864
     0.9      0.6    0.486 0.497882
     0.9      0.7     0.49 0.520113
     0.9      0.8 0.499333 0.553509
     0.9      0.9      0.5 0.599653
     0.9        1 0.461333  0.64824
     0.9        2 0.820667 0.811814
     0.9        4 0.823333 0.822316
    0.95     0.05    0.522 0.521556
    0.95      0.1    0.486 0.485243
    0.95     0.15 0.488667  0.48756
    0.95      0.2 0.486667 0.484694
    0.95      0.3     0.48 0.478463
    0.95      0.4     0.48  0.47937
    0.95      0.5     0.48  0.48501
    0.95      0.6     0.49  0.49824
    0.95      0.7 0.491333 0.523425
    0.95      0.8      0.5  0.57138
    0.95      0.9 0.455333  0.62899
    0.95        1     0.48 0.681753
    0.95        2     0.82 0.818173
    0.95        4 0.823333  0.82393
    0.99     0.05    0.522 0.518778
    0.99      0.1    0.488 0.487593
    0.99     0.15 0.488667 0.487309
    0.99      0.2 0.483333 0.480895
    0.99      0.3 0.478667 0.478587
    0.99      0.4 0.490667 0.481271
    0.99      0.5 0.492667 0.490136
    0.99      0.6 0.500667 0.507303
    0.99      0.7     0.45 0.564946
    0.99      0.8 0.486667 0.642573
    0.99      0.9 0.547333 0.706758
    0.99        1 0.613333 0.756482
    0.99        2 0.823333 0.826997
    0.99        4 0.823333 0.828415
   0.999     0.05 0.520667 0.517778
   0.999      0.1    0.488 0.487598
   0.999     0.15     0.49 0.483754
   0.999      0.2 0.487333 0.480408
   0.999      0.3 0.495333 0.483402
   0.999      0.4 0.481333 0.476052
   0.999      0.5 0.469333 0.490576
   0.999      0.6 0.445333   0.5641
   0.999      0.7    0.516 0.672323
   0.999      0.8    0.686 0.748215
   0.999      0.9 0.759333 0.794538
   0.999        1 0.820667 0.816708
   0.999        2 0.830667 0.832324
   0.999        4 0.832667 0.832535
  0.9999     0.05 0.520667 0.517775
  0.9999      0.1 0.494667 0.488988
  0.9999     0.15 0.492667 0.484341
  0.9999      0.2 0.492667 0.481334
  0.9999      0.3 0.491333 0.480455
  0.9999      0.4    0.442 0.477327
  0.9999      0.5 0.455333 0.517624
  0.9999      0.6 0.531333 0.668827
  0.9999      0.7 0.749333 0.768016
  0.9999      0.8    0.762 0.811147
  0.9999      0.9 0.833333 0.826928
  0.9999        1 0.833333 0.831239
  0.9999        2 0.833333 0.833225
  0.9999        4 0.833333 0.833248