        0      0.05  0.166667  0.466667
      0.2      0.05  0.166667  0.327667
      0.4      0.05  0.166667  0.327667
      0.6      0.05  0.166667  0.327667
      0.8      0.05  0.166667  0.327667
      0.9      0.05  0.166667  0.327667
     0.95      0.05  0.166667  0.327667
     0.99      0.05  0.166667  0.327667
    0.999      0.05  0.166667  0.327667
   0.9999      0.05  0.166667  0.327667
        0       0.1  0.166667  0.466667
      0.2       0.1 0.0793333 0.0796294
      0.4       0.1     0.078 0.0782131
      0.6       0.1     0.078 0.0776462
      0.8       0.1 0.0773333 0.0774184
      0.9       0.1 0.0773333 0.0772547
     0.95       0.1 0.0766667 0.0769745
     0.99       0.1 0.0753333 0.0747808
    0.999       0.1      0.07 0.0706814
   0.9999       0.1 0.0666667 0.0668893
        0      0.15  0.166667  0.466667
      0.2      0.15     0.082 0.0825949
      0.4      0.15 0.0793333 0.0800318
      0.6      0.15     0.078 0.0785554
      0.8      0.15     0.078  0.077045
      0.9      0.15     0.076  0.075344
     0.95      0.15 0.0713333 0.0729413
     0.99      0.15 0.0666667 0.0663884
    0.999      0.15 0.0546667  0.058899
   0.9999      0.15 0.0553333  0.057355
        0       0.2  0.166667  0.466667
      0.2       0.2     0.084 0.0851845
      0.4       0.2      0.08 0.0821616
      0.6       0.2 0.0786667 0.0787662
      0.8       0.2 0.0753333 0.0749005
      0.9       0.2 0.0713333 0.0707454
     0.95       0.2 0.0706667 0.0664433
     0.99       0.2 0.0593333 0.0597989
    0.999       0.2     0.058 0.0602982
   0.9999       0.2     0.066 0.0641886
        0       0.3  0.166667  0.466667
      0.2       0.3     0.086 0.0903417
      0.4       0.3 0.0813333 0.0855686
      0.6       0.3 0.0753333 0.0804797
      0.8       0.3 0.0626667 0.0736168
      0.9       0.3 0.0606667 0.0687064
     0.95       0.3 0.0573333 0.0651001
     0.99       0.3 0.0553333  0.060867
    0.999       0.3     0.044 0.0579921
   0.9999       0.3     0.032 0.0617319
        0       0.4  0.166667  0.466667
      0.2       0.4     0.094  0.100056
      0.4       0.4 0.0846667 0.0932269
      0.6       0.4     0.074 0.0868818
      0.8       0.4 0.0646667 0.0786254
      0.9       0.4 0.0566667 0.0723598
     0.95       0.4     0.052 0.0682581
     0.99       0.4      0.04 0.0688481
    0.999       0.4     0.028 0.0901238
   0.9999       0.4      0.03 0.0978038
        0       0.5  0.166667  0.466667
      0.2       0.5 0.0966667  0.111088
      0.4       0.5 0.0866667  0.104145
      0.6       0.5 0.0746667 0.0981164
      0.8       0.5 0.0626667 0.0923895
      0.9       0.5 0.0526667 0.0910987
     0.95       0.5 0.0426667  0.094309
     0.99       0.5     0.024  0.111542
    0.999       0.5 0.0246667  0.120537
   0.9999       0.5 0.0886667  0.128936
        0       0.6  0.166667  0.466667
      0.2       0.6 0.0993333  0.124866
      0.4       0.6 0.0866667  0.119908
      0.6       0.6 0.0773333  0.117093
      0.8       0.6     0.066  0.118266
      0.9       0.6 0.0573333  0.124593
     0.95       0.6 0.0433333  0.133448
     0.99       0.6 0.0273333   0.14967
    0.999       0.6 0.0646667  0.158027
   0.9999       0.6  0.178667  0.204964
        0       0.7  0.166667  0.466667
      0.2       0.7     0.108   0.14312
      0.4       0.7      0.09  0.141185
      0.6       0.7 0.0793333   0.14266
      0.8       0.7 0.0706667  0.150716
      0.9       0.7 0.0593333  0.161757
     0.95       0.7 0.0486667  0.172359
     0.99       0.7 0.0386667  0.187424
    0.999       0.7  0.130667   0.22104
   0.9999       0.7       0.2  0.259991
        0       0.8  0.166667  0.466667
      0.2       0.8     0.108  0.165914
      0.4       0.8 0.0973333  0.167689
      0.6       0.8      0.09  0.173428
      0.8       0.8 0.0706667  0.186721
      0.9       0.8     0.058  0.200295
     0.95       0.8 0.0506667  0.211679
     0.99       0.8     0.064  0.233945
    0.999       0.8     0.194  0.277078
   0.9999       0.8       0.2  0.294839
        0       0.9  0.166667  0.466667
      0.2       0.9  0.118667  0.192251
      0.4       0.9  0.108667  0.197482
      0.6       0.9 0.0913333  0.206742
      0.8       0.9 0.0693333  0.223573
      0.9       0.9 0.0606667  0.238808
     0.95       0.9     0.052  0.251955
     0.99       0.9  0.119333  0.282317
    0.999       0.9       0.2  0.316043
   0.9999       0.9       0.2  0.323848
        0         1  0.166667  0.466667
      0.2         1  0.126667  0.220423
      0.4         1  0.118667   0.22831
      0.6         1 0.0973333  0.240076
      0.8         1 0.0746667   0.25932
      0.9         1     0.064  0.276197
     0.95         1     0.062  0.291348
     0.99         1  0.157333  0.322982
    0.999         1       0.2  0.345845
   0.9999         1       0.2  0.349796
        0         2  0.166667  0.466667
      0.2         2  0.219333  0.404709
      0.4         2  0.191333  0.412272
      0.6         2  0.149333  0.420999
      0.8         2  0.120667  0.432414
      0.9         2     0.164  0.441617
     0.95         2  0.166667  0.449679
     0.99         2  0.166667  0.462285
    0.999         2       0.2  0.467173
   0.9999         2       0.2  0.467742
        0         4  0.166667  0.466667
      0.2         4  0.261333  0.454803
      0.4         4  0.251333  0.457176
      0.6         4  0.198667  0.460303
      0.8         4     0.158  0.465808
      0.9         4  0.166667  0.472047
     0.95         4  0.166667  0.478569
     0.99         4  0.166667  0.489293
    0.999         4       0.2  0.493323
   0.9999         4       0.2  0.493782