       0     0.05     0.49     0.49
     0.2     0.05    0.186 0.164333
     0.4     0.05 0.186667    0.165
     0.6     0.05 0.186667 0.165333
     0.8     0.05 0.186667 0.165333
     0.9     0.05 0.186667 0.164667
    0.95     0.05 0.186667    0.165
    0.99     0.05 0.186667 0.166333
   0.999     0.05 0.186667 0.166333
  0.9999     0.05 0.186667 0.167333
       0      0.1     0.49     0.49
     0.2      0.1    0.188 0.164582
     0.4      0.1    0.188 0.164667
     0.6      0.1    0.188 0.164667
     0.8      0.1    0.188 0.164667
     0.9      0.1    0.188 0.164667
    0.95      0.1    0.188 0.164666
    0.99      0.1    0.188 0.164845
   0.999      0.1 0.188667 0.165061
  0.9999      0.1 0.187333 0.164401
       0     0.15     0.49     0.49
     0.2     0.15 0.189333 0.189742
     0.4     0.15 0.186667 0.187435
     0.6     0.15    0.188 0.187982
     0.8     0.15    0.188 0.187996
     0.9     0.15    0.188 0.188015
    0.95     0.15 0.188667 0.188372
    0.99     0.15 0.188667 0.188201
   0.999     0.15    0.188 0.188217
  0.9999     0.15    0.188 0.188129
       0      0.2     0.49     0.49
     0.2      0.2 0.189333 0.189304
     0.4      0.2 0.188667 0.189119
     0.6      0.2 0.190667 0.189573
     0.8      0.2    0.188 0.188026
     0.9      0.2    0.188 0.188247
    0.95      0.2 0.188667 0.188482
    0.99      0.2    0.188 0.188624
   0.999      0.2    0.188 0.188468
  0.9999      0.2     0.19 0.190389
       0      0.3     0.49     0.49
     0.2      0.3 0.199333 0.199646
     0.4      0.3     0.19 0.188684
     0.6      0.3     0.19 0.188101
     0.8      0.3 0.191333 0.190422
     0.9      0.3 0.188667  0.18956
    0.95      0.3 0.189333 0.189226
    0.99      0.3 0.191333 0.190398
   0.999      0.3 0.191333 0.192142
  0.9999      0.3 0.195333 0.195317
       0      0.4     0.49     0.49
     0.2      0.4 0.214667 0.215553
     0.4      0.4    0.206 0.203917
     0.6      0.4 0.190667 0.191787
     0.8      0.4    0.188 0.188052
     0.9      0.4    0.192 0.189979
    0.95      0.4 0.193333 0.190392
    0.99      0.4 0.191333 0.192327
   0.999      0.4 0.195333 0.199899
  0.9999      0.4    0.182 0.213744
       0      0.5     0.49     0.49
     0.2      0.5 0.221333 0.227697
     0.4      0.5 0.214667 0.217821
     0.6      0.5 0.203333 0.207359
     0.8      0.5 0.184667 0.195784
     0.9      0.5 0.185333 0.193881
    0.95      0.5    0.192 0.195583
    0.99      0.5    0.188 0.205224
   0.999      0.5    0.182 0.248974
  0.9999      0.5 0.347333 0.332106
       0      0.6     0.49     0.49
     0.2      0.6 0.234667 0.242235
     0.4      0.6    0.222  0.23202
     0.6      0.6 0.214667 0.223127
     0.8      0.6 0.198667 0.215087
     0.9      0.6 0.188667 0.213823
    0.95      0.6 0.184667 0.218552
    0.99      0.6 0.179333 0.251445
   0.999      0.6 0.324667 0.330258
  0.9999      0.6 0.402667 0.402902
       0      0.7     0.49     0.49
     0.2      0.7 0.237333 0.254054
     0.4      0.7    0.234 0.245512
     0.6      0.7    0.226 0.238145
     0.8      0.7 0.213333 0.234627
     0.9      0.7 0.202667 0.240825
    0.95      0.7 0.200667 0.254388
    0.99      0.7 0.282667 0.303083
   0.999      0.7 0.360667 0.385567
  0.9999      0.7    0.406 0.446205
       0      0.8     0.49     0.49
     0.2      0.8 0.248667 0.263608
     0.4      0.8    0.236 0.257419
     0.6      0.8    0.236 0.253695
     0.8      0.8 0.227333 0.256733
     0.9      0.8    0.234  0.26998
    0.95      0.8 0.269333 0.289608
    0.99      0.8 0.337333 0.348059
   0.999      0.8 0.403333 0.434502
  0.9999      0.8    0.454 0.477227
       0      0.9     0.49     0.49
     0.2      0.9 0.250667 0.273882
     0.4      0.9 0.242667 0.271208
     0.6      0.9 0.240667 0.271936
     0.8      0.9 0.249333 0.282195
     0.9      0.9 0.279333 0.301259
    0.95      0.9 0.306667 0.326243
    0.99      0.9     0.33 0.396071
   0.999      0.9 0.435333 0.467173
  0.9999      0.9      0.5   0.4931
       0        1     0.49     0.49
     0.2        1 0.258667 0.286727
     0.4        1    0.256  0.28774
     0.6        1 0.263333 0.293221
     0.8        1 0.290667 0.310884
     0.9        1 0.325333 0.336417
    0.95        1    0.306 0.366895
    0.99        1 0.340667  0.43526
   0.999        1 0.451333  0.48447
  0.9999        1      0.5  0.49775
       0        2     0.49     0.49
     0.2        2 0.308667 0.431419
     0.4        2      0.3  0.44072
     0.6        2    0.292 0.452188
     0.8        2 0.326667 0.467431
     0.9        2 0.390667 0.478038
    0.95        2 0.452667 0.485304
    0.99        2     0.49 0.494919
   0.999        2      0.5  0.49933
  0.9999        2      0.5  0.49993
       0        4     0.49     0.49
     0.2        4     0.36  0.48064
     0.4        4 0.346667 0.482765
     0.6        4 0.349333 0.485147
     0.8        4 0.415333 0.488041
     0.9        4 0.448667 0.490151
    0.95        4     0.49 0.492076
    0.99        4     0.49 0.496533
   0.999        4     0.49 0.499515
  0.9999        4      0.5 0.499949