       0     0.05 0.823333 0.822222
     0.2     0.05 0.388667 0.398444
     0.4     0.05    0.388 0.396333
     0.6     0.05 0.385333 0.394667
     0.8     0.05    0.382 0.394667
     0.9     0.05    0.382 0.394111
    0.95     0.05     0.38 0.393556
    0.99     0.05 0.377333 0.390333
   0.999     0.05    0.376 0.386222
  0.9999     0.05 0.373333 0.384889
       0      0.1 0.823333 0.822222
     0.2      0.1 0.362667  0.36222
     0.4      0.1     0.36 0.358523
     0.6      0.1 0.354667 0.353649
     0.8      0.1 0.354667 0.353315
     0.9      0.1 0.354667 0.353799
    0.95      0.1 0.354667 0.354025
    0.99      0.1 0.354667 0.354108
   0.999      0.1 0.354667 0.354111
  0.9999      0.1 0.354667 0.354112
       0     0.15 0.823333 0.822222
     0.2     0.15 0.366667 0.366655
     0.4     0.15 0.365333 0.364855
     0.6     0.15 0.361333 0.359694
     0.8     0.15 0.352667 0.352858
     0.9     0.15 0.352667  0.35245
    0.95     0.15 0.352667 0.352598
    0.99     0.15 0.352667 0.352831
   0.999     0.15 0.354667 0.354007
  0.9999     0.15    0.352 0.352379
       0      0.2 0.823333 0.822222
     0.2      0.2 0.386667 0.384286
     0.4      0.2 0.366667 0.367471
     0.6      0.2    0.364 0.363882
     0.8      0.2    0.354 0.354947
     0.9      0.2    0.354 0.352741
    0.95      0.2 0.352667 0.352869
    0.99      0.2 0.354667 0.353395
   0.999      0.2    0.348  0.34915
  0.9999      0.2 0.340667 0.342476
       0      0.3 0.823333 0.822222
     0.2      0.3 0.404667 0.402592
     0.4      0.3 0.386667 0.388552
     0.6      0.3 0.383333 0.380352
     0.8      0.3    0.364 0.364212
     0.9      0.3 0.351333 0.354102
    0.95      0.3 0.351333 0.351728
    0.99      0.3 0.340667 0.344552
   0.999      0.3 0.335333 0.336236
  0.9999      0.3 0.324667 0.331785
       0      0.4 0.823333 0.822222
     0.2      0.4 0.428667 0.426464
     0.4      0.4    0.404 0.405902
     0.6      0.4 0.386667 0.391951
     0.8      0.4    0.384 0.380131
     0.9      0.4 0.370667 0.366197
    0.95      0.4     0.35 0.356967
    0.99      0.4 0.334667 0.342224
   0.999      0.4 0.322667 0.339144
  0.9999      0.4 0.286667 0.340771
       0      0.5 0.823333 0.822222
     0.2      0.5 0.449333 0.453067
     0.4      0.5 0.427333 0.427457
     0.6      0.5 0.403333 0.409396
     0.8      0.5 0.382667  0.39251
     0.9      0.5 0.383333  0.38105
    0.95      0.5 0.363333 0.369775
    0.99      0.5 0.340667 0.359674
   0.999      0.5 0.265333  0.36624
  0.9999      0.5     0.33 0.390696
       0      0.6 0.823333 0.822222
     0.2      0.6    0.472 0.472631
     0.4      0.6 0.440667 0.449162
     0.6      0.6 0.420667 0.431526
     0.8      0.6 0.395333 0.414216
     0.9      0.6    0.386 0.404063
    0.95      0.6 0.383333 0.396645
    0.99      0.6 0.369333 0.397463
   0.999      0.6    0.386 0.463157
  0.9999      0.6 0.490667 0.611547
       0      0.7 0.823333 0.822222
     0.2      0.7 0.478667  0.48689
     0.4      0.7    0.452 0.468787
     0.6      0.7 0.427333 0.454283
     0.8      0.7 0.413333 0.442776
     0.9      0.7 0.401333 0.438186
    0.95      0.7 0.384667 0.440233
    0.99      0.7 0.378667 0.486435
   0.999      0.7    0.484  0.62875
  0.9999      0.7 0.713333 0.741229
       0      0.8 0.823333 0.822222
     0.2      0.8    0.484  0.50086
     0.4      0.8 0.467333 0.487901
     0.6      0.8    0.438 0.479043
     0.8      0.8 0.422667 0.477867
     0.9      0.8 0.409333 0.488614
    0.95      0.8    0.394 0.511066
    0.99      0.8    0.424 0.601432
   0.999      0.8    0.666 0.730154
  0.9999      0.8      0.8 0.802877
       0      0.9 0.823333 0.822222
     0.2      0.9    0.494 0.516818
     0.4      0.9    0.478 0.510481
     0.6      0.9 0.458667 0.509338
     0.8      0.9    0.434 0.522587
     0.9      0.9 0.425333 0.550489
    0.95      0.9 0.434667 0.589062
    0.99      0.9    0.534  0.68909
   0.999      0.9 0.735333 0.785585
  0.9999      0.9 0.833333 0.825282
       0        1 0.823333 0.822222
     0.2        1 0.499333 0.536317
     0.4        1 0.484667  0.53733
     0.6        1    0.474 0.545425
     0.8        1 0.461333 0.573257
     0.9        1 0.454667 0.612815
    0.95        1 0.488667 0.656773
    0.99        1    0.652  0.74471
   0.999        1 0.829333  0.81363
  0.9999        1 0.833333  0.83092
       0        2 0.823333 0.822222
     0.2        2 0.619333 0.747477
     0.4        2     0.63 0.760469
     0.6        2 0.657333 0.776149
     0.8        2    0.708 0.796079
     0.9        2 0.806667 0.808874
    0.95        2 0.823333 0.816901
    0.99        2 0.823333  0.82706
   0.999        2 0.833333 0.832414
  0.9999        2 0.833333 0.833236
       0        4 0.823333 0.822222
     0.2        4    0.802 0.811403
     0.4        4 0.823333  0.81399
     0.6        4 0.823333 0.816769
     0.8        4 0.823333 0.819926
     0.9        4 0.823333 0.822029
    0.95        4 0.823333 0.823844
    0.99        4 0.823333 0.828511
   0.999        4 0.833333 0.832568
  0.9999        4 0.833333 0.833252