       0     0.05 0.496667 0.496667
     0.2     0.05 0.496667 0.496667
     0.4     0.05 0.496667 0.496667
     0.6     0.05 0.496667 0.496667
     0.8     0.05 0.496667 0.496667
     0.9     0.05 0.496667 0.496667
    0.95     0.05 0.496667 0.496667
    0.99     0.05 0.496667 0.496667
   0.999     0.05 0.496667 0.496667
  0.9999     0.05 0.496667 0.496667
       0      0.1 0.496667 0.496667
     0.2      0.1    0.458   0.4573
     0.4      0.1 0.467333 0.463739
     0.6      0.1 0.470667 0.467011
     0.8      0.1 0.471333 0.469603
     0.9      0.1 0.473333 0.470264
    0.95      0.1 0.471333 0.470932
    0.99      0.1    0.472 0.472992
   0.999      0.1 0.477333 0.478619
  0.9999      0.1 0.483333 0.482775
       0     0.15 0.496667 0.496667
     0.2     0.15    0.444  0.44908
     0.4     0.15 0.454667 0.454733
     0.6     0.15    0.468 0.461399
     0.8     0.15 0.475333 0.467888
     0.9     0.15 0.468667 0.471122
    0.95     0.15 0.475333 0.474845
    0.99     0.15 0.481333 0.482468
   0.999     0.15    0.488 0.489013
  0.9999     0.15 0.492667 0.492485
       0      0.2 0.496667 0.496667
     0.2      0.2 0.441333 0.439861
     0.4      0.2 0.460667  0.44848
     0.6      0.2    0.462 0.456423
     0.8      0.2 0.472667 0.466806
     0.9      0.2 0.474667 0.474706
    0.95      0.2 0.483333 0.480795
    0.99      0.2 0.489333 0.488663
   0.999      0.2 0.491333 0.491447
  0.9999      0.2 0.492667 0.492069
       0      0.3 0.496667 0.496667
     0.2      0.3 0.416667 0.438936
     0.4      0.3 0.444667 0.446982
     0.6      0.3 0.461333 0.456086
     0.8      0.3 0.474667  0.46872
     0.9      0.3    0.488 0.477909
    0.95      0.3 0.491333 0.484188
    0.99      0.3    0.494 0.492148
   0.999      0.3 0.496667  0.49677
  0.9999      0.3 0.499333 0.498969
       0      0.4 0.496667 0.496667
     0.2      0.4    0.402 0.443647
     0.4      0.4 0.425333 0.454103
     0.6      0.4    0.456 0.464682
     0.8      0.4     0.48 0.477395
     0.9      0.4    0.492 0.485553
    0.95      0.4 0.491333 0.490583
    0.99      0.4 0.496667 0.495961
   0.999      0.4    0.498 0.498907
  0.9999      0.4      0.5 0.499849
       0      0.5 0.496667 0.496667
     0.2      0.5    0.388 0.452457
     0.4      0.5 0.414667 0.462046
     0.6      0.5    0.442 0.471927
     0.8      0.5     0.48 0.482979
     0.9      0.5     0.49  0.48939
    0.95      0.5    0.496 0.493048
    0.99      0.5 0.496667 0.496902
   0.999      0.5 0.497333  0.49929
  0.9999      0.5      0.5 0.499914
       0      0.6 0.496667 0.496667
     0.2      0.6 0.389333 0.462089
     0.4      0.6 0.407333 0.469914
     0.6      0.6 0.426667 0.478053
     0.8      0.6 0.476667 0.486855
     0.9      0.6    0.492 0.491697
    0.95      0.6 0.496667 0.494368
    0.99      0.6 0.496667 0.497311
   0.999      0.6 0.496667 0.499416
  0.9999      0.6      0.5 0.499932
       0      0.7 0.496667 0.496667
     0.2      0.7 0.382667 0.469979
     0.4      0.7 0.395333 0.476202
     0.6      0.7     0.42  0.48265
     0.8      0.7 0.468667 0.489471
     0.9      0.7 0.495333 0.493126
    0.95      0.7 0.496667 0.495132
    0.99      0.7 0.496667 0.497525
   0.999      0.7 0.496667 0.499472
  0.9999      0.7      0.5 0.499939
       0      0.8 0.496667 0.496667
     0.2      0.8 0.379333 0.475814
     0.4      0.8    0.394 0.480774
     0.6      0.8 0.412667 0.485882
     0.8      0.8     0.47 0.491214
     0.9      0.8 0.496667 0.494041
    0.95      0.8 0.496667  0.49561
    0.99      0.8 0.496667 0.497651
   0.999      0.8 0.496667 0.499502
  0.9999      0.8      0.5 0.499943
       0      0.9 0.496667 0.496667
     0.2      0.9 0.380667 0.480049
     0.4      0.9 0.395333 0.484054
     0.6      0.9 0.408667 0.488158
     0.8      0.9     0.47 0.492409
     0.9      0.9 0.496667 0.494658
    0.95      0.9 0.496667 0.495927
    0.99      0.9 0.496667 0.497732
   0.999      0.9 0.496667  0.49952
  0.9999      0.9      0.5 0.499945
       0        1 0.496667 0.496667
     0.2        1 0.380667  0.48316
     0.4        1 0.392667 0.486445
     0.6        1 0.408667 0.489798
     0.8        1 0.468667 0.493258
     0.9        1 0.496667 0.495092
    0.95        1 0.496667 0.496149
    0.99        1 0.496667 0.497787
   0.999        1 0.496667 0.499531
  0.9999        1      0.5 0.499947
       0        2 0.496667 0.496667
     0.2        2 0.372667 0.493301
     0.4        2 0.391333 0.494147
     0.6        2    0.406 0.495006
     0.8        2 0.466667 0.495904
     0.9        2 0.496667  0.49643
    0.95        2 0.496667 0.496827
    0.99        2 0.496667 0.497946
   0.999        2 0.496667 0.499559
  0.9999        2 0.496667  0.49995
       0        4 0.496667 0.496667
     0.2        4 0.374667 0.495832
     0.4        4     0.39 0.496051
     0.6        4 0.403333 0.496279
     0.8        4    0.464 0.496543
     0.9        4 0.496667  0.49675
    0.95        4 0.496667 0.496989
    0.99        4 0.496667 0.497981
   0.999        4 0.496667 0.499564
  0.9999        4 0.496667 0.499951