       0     0.05 0.823333 0.822222
     0.2     0.05 0.396667  0.40786
     0.4     0.05    0.392  0.40501
     0.6     0.05 0.392667 0.405386
     0.8     0.05 0.393333 0.404052
     0.9     0.05 0.393333 0.401558
    0.95     0.05 0.393333 0.401539
    0.99     0.05 0.393333 0.400363
   0.999     0.05    0.392 0.400448
  0.9999     0.05    0.392 0.399889
       0      0.1 0.823333 0.822222
     0.2      0.1    0.404 0.404487
     0.4      0.1    0.404 0.404619
     0.6      0.1 0.403333 0.404359
     0.8      0.1    0.404  0.40432
     0.9      0.1    0.404 0.404393
    0.95      0.1    0.404 0.404048
    0.99      0.1    0.404 0.400081
   0.999      0.1 0.392667 0.393324
  0.9999      0.1    0.392 0.389242
       0     0.15 0.823333 0.822222
     0.2     0.15    0.404 0.402889
     0.4     0.15 0.405333 0.403918
     0.6     0.15 0.404667 0.403382
     0.8     0.15 0.401333 0.402904
     0.9     0.15    0.402 0.401667
    0.95     0.15    0.402 0.399413
    0.99     0.15 0.390667 0.393007
   0.999     0.15 0.383333 0.387498
  0.9999     0.15    0.384 0.386594
       0      0.2 0.823333 0.822222
     0.2      0.2 0.405333 0.405211
     0.4      0.2    0.402 0.402777
     0.6      0.2    0.404 0.403092
     0.8      0.2    0.404 0.402825
     0.9      0.2    0.404 0.401619
    0.95      0.2 0.401333  0.39972
    0.99      0.2 0.389333 0.395358
   0.999      0.2 0.383333 0.390972
  0.9999      0.2 0.378667 0.385915
       0      0.3 0.823333 0.822222
     0.2      0.3    0.402 0.402208
     0.4      0.3 0.406667 0.403944
     0.6      0.3 0.403333 0.402234
     0.8      0.3    0.404 0.399599
     0.9      0.3    0.402 0.398112
    0.95      0.3 0.398667 0.396602
    0.99      0.3    0.404 0.390515
   0.999      0.3 0.378667 0.383259
  0.9999      0.3     0.36 0.371754
       0      0.4 0.823333 0.822222
     0.2      0.4 0.428667 0.426043
     0.4      0.4 0.402667 0.404571
     0.6      0.4 0.401333  0.40203
     0.8      0.4    0.402 0.399014
     0.9      0.4 0.397333 0.396493
    0.95      0.4 0.395333 0.393503
    0.99      0.4 0.396667 0.385072
   0.999      0.4 0.361333 0.375443
  0.9999      0.4 0.359333 0.393453
       0      0.5 0.823333 0.822222
     0.2      0.5    0.444 0.442564
     0.4      0.5 0.426667 0.423652
     0.6      0.5 0.401333  0.40727
     0.8      0.5 0.405333 0.401626
     0.9      0.5 0.403333 0.398286
    0.95      0.5 0.403333 0.395266
    0.99      0.5 0.403333 0.392601
   0.999      0.5    0.382 0.411249
  0.9999      0.5 0.394667 0.441642
       0      0.6 0.823333 0.822222
     0.2      0.6 0.451333 0.452829
     0.4      0.6 0.434667 0.438229
     0.6      0.6 0.420667 0.424384
     0.8      0.6    0.404 0.412372
     0.9      0.6 0.400667  0.40964
    0.95      0.6    0.404  0.41066
    0.99      0.6 0.395333 0.423534
   0.999      0.6 0.397333 0.477209
  0.9999      0.6 0.425333 0.591738
       0      0.7 0.823333 0.822222
     0.2      0.7    0.454  0.45913
     0.4      0.7    0.448 0.450261
     0.6      0.7 0.427333 0.441051
     0.8      0.7 0.414667 0.434457
     0.9      0.7    0.412 0.435302
    0.95      0.7     0.41 0.442624
    0.99      0.7    0.416 0.484562
   0.999      0.7 0.463333 0.611933
  0.9999      0.7 0.632667  0.74427
       0      0.8 0.823333 0.822222
     0.2      0.8     0.45 0.467001
     0.4      0.8 0.448667 0.462763
     0.6      0.8 0.438667 0.459704
     0.8      0.8 0.429333 0.462715
     0.9      0.8 0.426667 0.474436
    0.95      0.8    0.424  0.49503
    0.99      0.8 0.440667 0.579926
   0.999      0.8 0.566667 0.727267
  0.9999      0.8 0.790667 0.802821
       0      0.9 0.823333 0.822222
     0.2      0.9 0.451333 0.479301
     0.4      0.9 0.447333 0.479618
     0.6      0.9    0.444 0.483637
     0.8      0.9 0.438667 0.499216
     0.9      0.9 0.436667 0.525864
    0.95      0.9 0.441333  0.56335
    0.99      0.9 0.527333 0.673978
   0.999      0.9 0.739333 0.784888
  0.9999      0.9 0.833333 0.824485
       0        1 0.823333 0.822222
     0.2        1 0.453333 0.497528
     0.4        1    0.448 0.502863
     0.6        1 0.447333 0.514535
     0.8        1 0.450667 0.544339
     0.9        1    0.456 0.585471
    0.95        1     0.47 0.634085
    0.99        1 0.586667  0.73845
   0.999        1 0.787333 0.812726
  0.9999        1 0.833333 0.830727
       0        2 0.823333 0.822222
     0.2        2 0.531333 0.740386
     0.4        2 0.548667  0.75549
     0.6        2      0.6 0.773276
     0.8        2 0.714667 0.795064
     0.9        2 0.796667 0.808528
    0.95        2 0.823333 0.816772
    0.99        2 0.823333 0.827041
   0.999        2 0.833333 0.832417
  0.9999        2 0.833333 0.833237
       0        4 0.823333 0.822222
     0.2        4 0.829333  0.81067
     0.4        4 0.823333  0.81346
     0.6        4 0.823333  0.81643
     0.8        4 0.823333 0.819764
     0.9        4 0.823333 0.821949
    0.95        4 0.823333 0.823804
    0.99        4 0.823333 0.828503
   0.999        4 0.833333 0.832568
  0.9999        4 0.833333 0.833252