       0     0.05 0.476667 0.496667
     0.2     0.05 0.279333 0.283163
     0.4     0.05 0.281333 0.286164
     0.6     0.05 0.279333 0.292282
     0.8     0.05 0.278667 0.311993
     0.9     0.05 0.281333  0.34444
    0.95     0.05 0.286667 0.383989
    0.99     0.05 0.316667 0.459478
   0.999     0.05 0.474667 0.493225
  0.9999     0.05     0.48 0.497783
       0      0.1 0.476667 0.496667
     0.2      0.1 0.276667 0.303956
     0.4      0.1 0.277333 0.318009
     0.6      0.1 0.277333 0.340987
     0.8      0.1 0.280667 0.383753
     0.9      0.1 0.291333 0.423094
    0.95      0.1 0.303333 0.452875
    0.99      0.1 0.453333 0.485871
   0.999      0.1 0.476667 0.496361
  0.9999      0.1     0.48 0.497741
       0     0.15 0.476667 0.496667
     0.2     0.15 0.265333 0.343097
     0.4     0.15    0.268 0.363419
     0.6     0.15 0.274667 0.390727
     0.8     0.15 0.286667 0.430378
     0.9     0.15 0.296667  0.45819
    0.95     0.15 0.350667 0.475185
    0.99     0.15 0.476667 0.491496
   0.999     0.15 0.476667 0.496907
  0.9999     0.15     0.48 0.497725
       0      0.2 0.476667 0.496667
     0.2      0.2 0.262667 0.384305
     0.4      0.2    0.264 0.403718
     0.6      0.2 0.265333 0.427322
     0.8      0.2    0.274 0.456778
     0.9      0.2    0.348 0.474462
    0.95      0.2 0.461333  0.48435
    0.99      0.2 0.476667 0.493589
   0.999      0.2 0.476667 0.497163
  0.9999      0.2     0.48 0.497788
       0      0.3 0.476667 0.496667
     0.2      0.3 0.244667 0.444171
     0.4      0.3 0.249333 0.455511
     0.6      0.3 0.275333 0.467681
     0.8      0.3 0.408667 0.480789
     0.9      0.3    0.474 0.487793
    0.95      0.3 0.476667 0.491529
    0.99      0.3 0.476667 0.495344
   0.999      0.3 0.476667 0.497612
  0.9999      0.3     0.48 0.498098
       0      0.4 0.476667 0.496667
     0.2      0.4 0.284667 0.472911
     0.4      0.4 0.324667 0.478304
     0.6      0.4 0.401333 0.483836
     0.8      0.4    0.468 0.489532
     0.9      0.4 0.476667 0.492498
    0.95      0.4 0.476667 0.494122
    0.99      0.4 0.476667 0.496203
   0.999      0.4 0.476667 0.498062
  0.9999      0.4     0.48 0.498498
       0      0.5 0.476667 0.496667
     0.2      0.5 0.361333 0.485017
     0.4      0.5 0.391333 0.487644
     0.6      0.5    0.446 0.490296
     0.8      0.5 0.476667 0.492994
     0.9      0.5 0.476667 0.494419
    0.95      0.5 0.476667 0.495261
    0.99      0.5 0.476667  0.49672
   0.999      0.5 0.476667 0.498429
  0.9999      0.5     0.48 0.498843
       0      0.6 0.476667 0.496667
     0.2      0.6 0.381333 0.490323
     0.4      0.6 0.423333 0.491712
     0.6      0.6 0.464667 0.493108
     0.8      0.6 0.476667 0.494536
     0.9      0.6 0.476667  0.49532
    0.95      0.6 0.476667 0.495844
    0.99      0.6 0.476667 0.497051
   0.999      0.6 0.476667 0.498698
  0.9999      0.6     0.48 0.499101
       0      0.7 0.476667 0.496667
     0.2      0.7 0.403333  0.49287
     0.4      0.7 0.446667  0.49367
     0.6      0.7 0.474667 0.494476
     0.8      0.7 0.476667 0.495312
     0.9      0.7 0.476667 0.495802
    0.95      0.7 0.476667 0.496179
    0.99      0.7 0.476667 0.497273
   0.999      0.7 0.476667  0.49889
  0.9999      0.7     0.48 0.499288
       0      0.8 0.476667 0.496667
     0.2      0.8 0.419333 0.494212
     0.4      0.8 0.456667 0.494709
     0.6      0.8 0.476667 0.495212
     0.8      0.8 0.476667 0.495747
     0.9      0.8 0.476667 0.496087
    0.95      0.8 0.476667  0.49639
    0.99      0.8 0.476667 0.497427
   0.999      0.8 0.476667 0.499028
  0.9999      0.8     0.48 0.499423
       0      0.9 0.476667 0.496667
     0.2      0.9 0.428667 0.494979
     0.4      0.9 0.463333 0.495308
     0.6      0.9 0.476667 0.495643
     0.8      0.9 0.476667 0.496011
     0.9      0.9 0.476667 0.496269
    0.95      0.9 0.476667 0.496531
    0.99      0.9 0.476667 0.497537
   0.999      0.9 0.476667  0.49913
  0.9999      0.9     0.48 0.499522
       0        1 0.476667 0.496667
     0.2        1    0.438 0.495448
     0.4        1 0.468667 0.495677
     0.6        1 0.476667 0.495914
     0.8        1 0.476667 0.496184
     0.9        1 0.476667 0.496393
    0.95        1 0.476667 0.496631
    0.99        1 0.476667 0.497619
   0.999        1 0.476667 0.499206
  0.9999        1     0.48 0.499597
       0        2 0.476667 0.496667
     0.2        2 0.461333 0.496486
     0.4        2 0.476667 0.496518
     0.6        2 0.476667  0.49656
     0.8        2 0.476667 0.496636
     0.9        2 0.476667 0.496749
    0.95        2 0.476667 0.496941
    0.99        2 0.476667 0.497895
   0.999        2 0.476667  0.49947
  0.9999        2 0.476667 0.499857
       0        4 0.476667 0.496667
     0.2        4 0.466667 0.496633
     0.4        4 0.476667 0.496646
     0.6        4 0.476667 0.496668
     0.8        4 0.476667 0.496726
     0.9        4 0.476667  0.49683
    0.95        4 0.476667 0.497017
    0.99        4 0.476667 0.497968
   0.999        4 0.476667 0.499541
  0.9999        4 0.476667 0.499927