        0      0.05  0.479333      0.49
      0.2      0.05  0.478667  0.489667
      0.4      0.05  0.478667  0.489667
      0.6      0.05  0.478667  0.489667
      0.8      0.05  0.478667  0.489667
      0.9      0.05  0.478667  0.489667
     0.95      0.05  0.478667  0.489667
     0.99      0.05  0.478667  0.489667
    0.999      0.05  0.478667  0.489667
   0.9999      0.05  0.478667  0.489667
        0       0.1  0.479333      0.49
      0.2       0.1      0.12  0.121226
      0.4       0.1  0.123333  0.122197
      0.6       0.1     0.122  0.122232
      0.8       0.1  0.122667  0.123148
      0.9       0.1     0.122  0.123522
     0.95       0.1  0.124667  0.123428
     0.99       0.1  0.122667  0.121812
    0.999       0.1  0.116667  0.117483
   0.9999       0.1     0.116  0.116526
        0      0.15  0.479333      0.49
      0.2      0.15  0.120667  0.122384
      0.4      0.15  0.119333  0.121206
      0.6      0.15  0.119333  0.121706
      0.8      0.15  0.125333   0.12256
      0.9      0.15     0.124  0.122359
     0.95      0.15  0.121333  0.121205
     0.99      0.15     0.118  0.118527
    0.999      0.15  0.112667  0.117113
   0.9999      0.15     0.112  0.121296
        0       0.2  0.479333      0.49
      0.2       0.2     0.134  0.131056
      0.4       0.2  0.120667  0.125388
      0.6       0.2  0.120667  0.122771
      0.8       0.2  0.122667  0.122718
      0.9       0.2  0.124667  0.122567
     0.95       0.2  0.115333   0.12179
     0.99       0.2  0.115333  0.124245
    0.999       0.2      0.14  0.147379
   0.9999       0.2  0.150667  0.171159
        0       0.3  0.479333      0.49
      0.2       0.3      0.13  0.135247
      0.4       0.3  0.127333  0.131261
      0.6       0.3  0.125333  0.128922
      0.8       0.3     0.122  0.128046
      0.9       0.3  0.122667  0.131124
     0.95       0.3  0.122667  0.137469
     0.99       0.3     0.138  0.165011
    0.999       0.3  0.135333  0.236344
   0.9999       0.3     0.138  0.361233
        0       0.4  0.479333      0.49
      0.2       0.4     0.134  0.148836
      0.4       0.4  0.127333   0.14148
      0.6       0.4  0.123333  0.138703
      0.8       0.4  0.118667  0.142245
      0.9       0.4      0.11  0.154122
     0.95       0.4     0.108  0.174865
     0.99       0.4     0.098  0.263406
    0.999       0.4 0.0806667  0.430963
   0.9999       0.4  0.474667  0.491289
        0       0.5  0.479333      0.49
      0.2       0.5     0.138  0.172289
      0.4       0.5  0.129333  0.168528
      0.6       0.5     0.124  0.171336
      0.8       0.5     0.114   0.19051
      0.9       0.5     0.108  0.225579
     0.95       0.5 0.0986667  0.274926
     0.99       0.5 0.0806667  0.403778
    0.999       0.5     0.106  0.486486
   0.9999       0.5     0.406  0.498534
        0       0.6  0.479333      0.49
      0.2       0.6     0.142  0.204364
      0.4       0.6     0.128  0.209836
      0.6       0.6     0.122  0.225127
      0.8       0.6  0.117333  0.266781
      0.9       0.6  0.113333  0.320981
     0.95       0.6     0.108    0.3764
     0.99       0.6  0.152667  0.462394
    0.999       0.6      0.47  0.495237
   0.9999       0.6  0.489333  0.499203
        0       0.7  0.479333      0.49
      0.2       0.7     0.144  0.242606
      0.4       0.7  0.134667  0.257216
      0.6       0.7  0.127333  0.283447
      0.8       0.7  0.124667  0.336699
      0.9       0.7  0.126667  0.389044
     0.95       0.7     0.152  0.430679
     0.99       0.7     0.372  0.480727
    0.999       0.7  0.480667   0.49726
   0.9999       0.7  0.489333   0.49923
        0       0.8  0.479333      0.49
      0.2       0.8  0.144667   0.28408
      0.4       0.8     0.138   0.30446
      0.6       0.8  0.134667  0.335504
      0.8       0.8  0.138667  0.387268
      0.9       0.8  0.165333  0.428766
     0.95       0.8  0.234667  0.457127
     0.99       0.8  0.459333  0.487831
    0.999       0.8  0.483333  0.497988
   0.9999       0.8  0.489333  0.499238
        0       0.9  0.479333      0.49
      0.2       0.9  0.143333  0.323921
      0.4       0.9  0.139333  0.346087
      0.6       0.9  0.138667  0.376456
      0.8       0.9  0.159333  0.420541
      0.9       0.9  0.207333  0.451391
     0.95       0.9     0.306  0.470749
     0.99       0.9     0.476  0.491161
    0.999       0.9     0.484  0.498366
   0.9999       0.9  0.489333  0.499289
        0         1  0.479333      0.49
      0.2         1  0.144667  0.358018
      0.4         1     0.142  0.379196
      0.6         1     0.142  0.406123
      0.8         1     0.176  0.441659
      0.9         1     0.248  0.464462
     0.95         1  0.378667  0.478171
     0.99         1  0.479333  0.492925
    0.999         1  0.482667   0.49861
   0.9999         1  0.489333  0.499363
        0         2  0.479333      0.49
      0.2         2  0.152667  0.465609
      0.4         2  0.158667  0.471367
      0.6         2      0.17   0.47745
      0.8         2  0.274667  0.484085
      0.9         2  0.431333  0.488064
     0.95         2  0.479333  0.490913
     0.99         2  0.479333  0.496116
    0.999         2  0.479333  0.499318
   0.9999         2  0.489333  0.499781
        0         4  0.479333      0.49
      0.2         4     0.154  0.484574
      0.4         4  0.163333  0.485993
      0.6         4     0.198  0.487504
      0.8         4     0.312  0.489318
      0.9         4  0.465333   0.49079
     0.95         4  0.479333  0.492363
     0.99         4  0.479333  0.496531
    0.999         4  0.479333  0.499474
   0.9999         4  0.479333  0.499908