        0      0.05  0.482667  0.493333
        0       0.1  0.482667  0.493333
        0      0.15  0.482667  0.493333
        0       0.2  0.482667  0.493333
        0       0.3  0.482667  0.493333
        0       0.4  0.482667  0.493333
        0       0.5  0.482667  0.493333
        0       0.6  0.482667  0.493333
        0       0.7  0.482667  0.493333
        0       0.8  0.482667  0.493333
        0       0.9  0.482667  0.493333
        0         1  0.482667  0.493333
        0         2  0.482667  0.493333
        0         4  0.482667  0.493333
      0.2      0.05  0.482667     0.493
      0.2       0.1     0.132  0.135841
      0.2      0.15      0.12  0.125606
      0.2       0.2  0.115333  0.118749
      0.2       0.3  0.107333  0.116409
      0.2       0.4 0.0966667  0.117704
      0.2       0.5 0.0826667  0.133162
      0.2       0.6     0.082  0.163135
      0.2       0.7 0.0793333  0.201198
      0.2       0.8 0.0726667   0.24368
      0.2       0.9      0.07  0.285751
      0.2         1 0.0693333  0.323141
      0.2         2 0.0873333  0.457259
      0.2         4 0.0926667  0.485017
      0.4      0.05  0.482667     0.493
      0.4       0.1  0.149333  0.144656
      0.4      0.15     0.136  0.134217
      0.4       0.2  0.115333  0.126264
      0.4       0.3     0.108  0.119117
      0.4       0.4     0.092  0.118241
      0.4       0.5 0.0746667  0.134946
      0.4       0.6 0.0673333  0.171578
      0.4       0.7 0.0686667  0.218226
      0.4       0.8     0.068  0.266944
      0.4       0.9     0.068   0.31161
      0.4         1 0.0686667  0.348754
      0.4         2 0.0886667   0.46564
      0.4         4 0.0946667  0.487103
      0.6      0.05  0.482667     0.493
      0.6       0.1     0.148  0.147571
      0.6      0.15  0.145333   0.14237
      0.6       0.2  0.132667  0.134892
      0.6       0.3  0.111333   0.12323
      0.6       0.4 0.0906667  0.119368
      0.6       0.5 0.0693333  0.141197
      0.6       0.6      0.06   0.18976
      0.6       0.7 0.0593333  0.247777
      0.6       0.8 0.0626667  0.302474
      0.6       0.9 0.0666667  0.347675
      0.6         1 0.0646667  0.382093
      0.6         2     0.088  0.474484
      0.6         4 0.0933333  0.489247
      0.8      0.05  0.482667     0.493
      0.8       0.1     0.154  0.150934
      0.8      0.15  0.147333   0.14825
      0.8       0.2  0.146667   0.14346
      0.8       0.3  0.119333  0.129413
      0.8       0.4 0.0873333  0.123706
      0.8       0.5 0.0566667  0.161459
      0.8       0.6 0.0473333   0.23495
      0.8       0.7 0.0486667  0.307422
      0.8       0.8 0.0533333  0.363073
      0.8       0.9      0.06  0.401766
      0.8         1 0.0653333  0.427547
      0.8         2 0.0873333  0.483922
      0.8         4 0.0973333  0.491549
      0.9      0.05  0.482667     0.493
      0.9       0.1  0.154667  0.152038
      0.9      0.15  0.152667  0.151422
      0.9       0.2  0.148667  0.148032
      0.9       0.3     0.124  0.133222
      0.9       0.4 0.0753333  0.132495
      0.9       0.5 0.0466667  0.196028
      0.9       0.6 0.0433333  0.293377
      0.9       0.7 0.0453333   0.36749
      0.9       0.8 0.0486667  0.413379
      0.9       0.9 0.0553333  0.440878
      0.9         1     0.064   0.45741
      0.9         2 0.0973333  0.489093
      0.9         4     0.102  0.492981
     0.95      0.05  0.482667     0.493
     0.95       0.1      0.15  0.152497
     0.95      0.15     0.156  0.153727
     0.95       0.2     0.154  0.151767
     0.95       0.3  0.122667  0.135304
     0.95       0.4 0.0686667   0.14855
     0.95       0.5     0.048  0.245876
     0.95       0.6     0.046  0.354815
     0.95       0.7 0.0486667  0.416719
     0.95       0.8 0.0486667  0.448528
     0.95       0.9 0.0526667  0.465605
     0.95         1 0.0646667  0.475178
     0.95         2  0.106667  0.492163
     0.95         4  0.116667  0.494142
     0.99      0.05  0.482667     0.493
     0.99       0.1     0.154  0.155017
     0.99      0.15  0.158667  0.159286
     0.99       0.2  0.151333   0.15646
     0.99       0.3      0.11  0.144633
     0.99       0.4 0.0886667  0.229677
     0.99       0.5  0.105333  0.385523
     0.99       0.6  0.218667  0.454375
     0.99       0.7  0.251333  0.476994
     0.99       0.8     0.176  0.486131
     0.99       0.9 0.0813333  0.490469
     0.99         1 0.0686667  0.492742
     0.99         2  0.264667  0.496575
     0.99         4  0.275333   0.49701
    0.999      0.05  0.482667     0.493
    0.999       0.1     0.156  0.158795
    0.999      0.15  0.165333  0.162951
    0.999       0.2      0.14   0.15138
    0.999       0.3  0.131333  0.196803
    0.999       0.4     0.212   0.41433
    0.999       0.5  0.477333  0.482259
    0.999       0.6     0.482  0.493821
    0.999       0.7  0.481333  0.496947
    0.999       0.8  0.481333  0.498175
    0.999       0.9  0.441333   0.49874
    0.999         1  0.148667  0.499027
    0.999         2     0.504  0.499478
    0.999         4     0.504  0.499523
   0.9999      0.05  0.482667     0.493
   0.9999       0.1     0.162  0.161882
   0.9999      0.15  0.152667  0.161212
   0.9999       0.2  0.129333   0.15012
   0.9999       0.3  0.174667  0.319972
   0.9999       0.4  0.489333  0.486775
   0.9999       0.5  0.489333  0.496993
   0.9999       0.6  0.489333  0.498696
   0.9999       0.7  0.489333  0.499367
   0.9999       0.8  0.488667  0.499691
   0.9999       0.9  0.482667  0.499836
   0.9999         1     0.492    0.4999
   0.9999         2     0.504  0.499954
   0.9999         4     0.504  0.499951