        0      0.05  0.196667  0.496667
      0.2      0.05  0.196667  0.381333
      0.4      0.05  0.196667  0.380333
      0.6      0.05  0.196667      0.38
      0.8      0.05  0.196667  0.379667
      0.9      0.05  0.196667  0.379667
     0.95      0.05  0.196667  0.379667
     0.99      0.05  0.196667  0.379333
    0.999      0.05  0.196667     0.379
   0.9999      0.05  0.196667     0.378
        0       0.1  0.196667  0.496667
      0.2       0.1  0.216667  0.217273
      0.4       0.1  0.214667  0.215366
      0.6       0.1  0.215333   0.21552
      0.8       0.1  0.214667  0.215154
      0.9       0.1  0.214667  0.214887
     0.95       0.1     0.214  0.214441
     0.99       0.1     0.214  0.213588
    0.999       0.1  0.210667  0.209964
   0.9999       0.1  0.201333   0.20296
        0      0.15  0.196667  0.496667
      0.2      0.15  0.216667  0.217401
      0.4      0.15  0.220667  0.217474
      0.6      0.15  0.215333  0.215886
      0.8      0.15     0.218  0.215673
      0.9      0.15  0.215333  0.214708
     0.95      0.15     0.214  0.212421
     0.99      0.15     0.202  0.203668
    0.999      0.15     0.194  0.190227
   0.9999      0.15  0.148667  0.155461
        0       0.2  0.196667  0.496667
      0.2       0.2     0.222  0.220174
      0.4       0.2     0.218  0.217156
      0.6       0.2  0.214667  0.215532
      0.8       0.2  0.216667  0.213306
      0.9       0.2     0.212  0.208964
     0.95       0.2  0.203333   0.20269
     0.99       0.2  0.181333  0.180918
    0.999       0.2  0.139333  0.144003
   0.9999       0.2     0.134  0.135456
        0       0.3  0.196667  0.496667
      0.2       0.3  0.232667  0.238702
      0.4       0.3     0.226  0.226878
      0.6       0.3  0.217333  0.218868
      0.8       0.3  0.216667  0.210282
      0.9       0.3       0.2   0.20021
     0.95       0.3  0.192667  0.187762
     0.99       0.3     0.138  0.159967
    0.999       0.3     0.128  0.141931
   0.9999       0.3  0.126667  0.139795
        0       0.4  0.196667  0.496667
      0.2       0.4     0.258  0.265876
      0.4       0.4  0.239333  0.246736
      0.6       0.4  0.230667  0.232627
      0.8       0.4  0.216667  0.218051
      0.9       0.4     0.208  0.206977
     0.95       0.4  0.203333  0.197574
     0.99       0.4  0.171333  0.184268
    0.999       0.4  0.130667  0.166629
   0.9999       0.4      0.06  0.133425
        0       0.5  0.196667  0.496667
      0.2       0.5     0.272  0.277514
      0.4       0.5     0.244  0.260601
      0.6       0.5  0.234667  0.243839
      0.8       0.5     0.218  0.226514
      0.9       0.5     0.208  0.215399
     0.95       0.5  0.204667  0.207293
     0.99       0.5      0.13  0.189721
    0.999       0.5 0.0553333  0.167365
   0.9999       0.5 0.0713333  0.161227
        0       0.6  0.196667  0.496667
      0.2       0.6  0.265333  0.283748
      0.4       0.6  0.242667  0.267083
      0.6       0.6  0.231333   0.25015
      0.8       0.6  0.216667  0.231911
      0.9       0.6     0.208  0.221072
     0.95       0.6  0.188667  0.213983
     0.99       0.6     0.118  0.205034
    0.999       0.6 0.0566667  0.206263
   0.9999       0.6  0.133333  0.244732
        0       0.7  0.196667  0.496667
      0.2       0.7  0.265333  0.289982
      0.4       0.7  0.243333  0.274751
      0.6       0.7  0.228667  0.259819
      0.8       0.7  0.210667  0.245171
      0.9       0.7  0.195333   0.23909
     0.95       0.7     0.156  0.237899
     0.99       0.7 0.0753333  0.244246
    0.999       0.7  0.102667  0.275993
   0.9999       0.7  0.197333  0.317521
        0       0.8  0.196667  0.496667
      0.2       0.8      0.27  0.301071
      0.4       0.8  0.249333  0.288617
      0.6       0.8  0.229333  0.277959
      0.8       0.8  0.208667   0.27055
      0.9       0.8  0.186667  0.271495
     0.95       0.8     0.116  0.276857
     0.99       0.8 0.0606667  0.297922
    0.999       0.8  0.178667  0.339749
   0.9999       0.8       0.2  0.358873
        0       0.9  0.196667  0.496667
      0.2       0.9  0.270667  0.316442
      0.4       0.9  0.253333  0.308188
      0.6       0.9     0.232  0.303101
      0.8       0.9  0.210667  0.303986
      0.9       0.9  0.176667  0.311472
     0.95       0.9 0.0993333  0.321979
     0.99       0.9 0.0933333  0.350525
    0.999       0.9     0.194  0.380387
   0.9999       0.9       0.2   0.38805
        0         1  0.196667  0.496667
      0.2         1     0.278  0.334815
      0.4         1  0.258667  0.331335
      0.6         1  0.244667  0.331718
      0.8         1  0.209333  0.339556
      0.9         1  0.162667  0.351406
     0.95         1     0.094  0.364257
     0.99         1  0.151333  0.390449
    0.999         1  0.196667  0.407724
   0.9999         1       0.2  0.411219
        0         2  0.196667  0.496667
      0.2         2     0.314  0.460271
      0.4         2  0.309333  0.465646
      0.6         2  0.293333   0.47178
      0.8         2  0.259333  0.478899
      0.9         2  0.176667  0.482974
     0.95         2     0.176  0.485273
     0.99         2  0.196667  0.487959
    0.999         2  0.196667  0.489952
   0.9999         2       0.2  0.490405
        0         4  0.196667  0.496667
      0.2         4     0.368  0.490424
      0.4         4  0.364667    0.4918
      0.6         4  0.355333  0.493226
      0.8         4     0.334  0.494732
      0.9         4  0.296667  0.495578
     0.95         4  0.254667  0.496143
     0.99         4  0.196667  0.497404
    0.999         4  0.196667  0.499038
   0.9999         4  0.196667  0.499425