       0     0.05    0.492 0.493333
     0.2     0.05    0.492 0.493333
     0.4     0.05    0.492 0.493333
     0.6     0.05    0.492 0.493333
     0.8     0.05    0.492 0.493333
     0.9     0.05    0.492 0.493333
    0.95     0.05    0.492 0.493333
    0.99     0.05    0.492 0.493333
   0.999     0.05    0.492 0.493333
  0.9999     0.05    0.492 0.493333
       0      0.1    0.492 0.493333
     0.2      0.1    0.464 0.468124
     0.4      0.1 0.468667 0.469689
     0.6      0.1    0.464 0.470365
     0.8      0.1 0.475333  0.47371
     0.9      0.1 0.478667 0.477304
    0.95      0.1 0.481333 0.479807
    0.99      0.1 0.484667 0.485444
   0.999      0.1 0.504667 0.497571
  0.9999      0.1    0.502 0.500498
       0     0.15    0.492 0.493333
     0.2     0.15 0.454667 0.460936
     0.4     0.15 0.459333 0.466158
     0.6     0.15 0.471333  0.47021
     0.8     0.15    0.476  0.47497
     0.9     0.15 0.476667  0.47966
    0.95     0.15 0.490667 0.484286
    0.99     0.15 0.498667  0.49196
   0.999     0.15 0.504667 0.496599
  0.9999     0.15 0.496667 0.496117
       0      0.2    0.492 0.493333
     0.2      0.2 0.446667 0.454152
     0.4      0.2    0.452 0.461002
     0.6      0.2 0.465333 0.466386
     0.8      0.2    0.474 0.472416
     0.9      0.2 0.470667 0.477152
    0.95      0.2    0.484 0.481245
    0.99      0.2 0.492667 0.488604
   0.999      0.2 0.486667 0.491272
  0.9999      0.2 0.495333 0.494337
       0      0.3    0.492 0.493333
     0.2      0.3 0.428667 0.445707
     0.4      0.3 0.434667 0.453451
     0.6      0.3    0.444 0.461861
     0.8      0.3 0.463333 0.472912
     0.9      0.3 0.471333 0.480812
    0.95      0.3 0.488667 0.486212
    0.99      0.3    0.492 0.493206
   0.999      0.3 0.498667 0.497731
  0.9999      0.3 0.498667 0.499084
       0      0.4    0.492 0.493333
     0.2      0.4 0.420667 0.447136
     0.4      0.4    0.422 0.454643
     0.6      0.4    0.434  0.46375
     0.8      0.4    0.438 0.475675
     0.9      0.4 0.441333 0.483643
    0.95      0.4 0.466667 0.488822
    0.99      0.4     0.49  0.49535
   0.999      0.4    0.494 0.499043
  0.9999      0.4 0.498667 0.499779
       0      0.5    0.492 0.493333
     0.2      0.5 0.413333 0.454934
     0.4      0.5    0.414 0.462047
     0.6      0.5    0.416 0.470324
     0.8      0.5 0.420667 0.480519
     0.9      0.5 0.428667 0.486925
    0.95      0.5    0.428 0.490943
    0.99      0.5 0.432667 0.496215
   0.999      0.5    0.494 0.499375
  0.9999      0.5 0.496667 0.499938
       0      0.6    0.492 0.493333
     0.2      0.6 0.406667 0.463876
     0.4      0.6 0.408667 0.469973
     0.6      0.6 0.411333 0.476797
     0.8      0.6 0.420667 0.484699
     0.9      0.6    0.416 0.489396
    0.95      0.6 0.434667 0.492334
    0.99      0.6 0.494667 0.496638
   0.999      0.6 0.494667 0.499485
  0.9999      0.6 0.501333 0.499973
       0      0.7    0.492 0.493333
     0.2      0.7 0.402667 0.471101
     0.4      0.7    0.406 0.476028
     0.6      0.7 0.410667 0.481381
     0.8      0.7    0.422 0.487356
     0.9      0.7 0.426667 0.490842
    0.95      0.7    0.474 0.493098
    0.99      0.7 0.494667 0.496841
   0.999      0.7 0.494667 0.499527
  0.9999      0.7 0.501333  0.49998
       0      0.8    0.492 0.493333
     0.2      0.8    0.402 0.476296
     0.4      0.8 0.400667 0.480227
     0.6      0.8 0.412667 0.484421
     0.8      0.8    0.414 0.489019
     0.9      0.8    0.436 0.491713
    0.95      0.8 0.486667 0.493545
    0.99      0.8 0.494667 0.496948
   0.999      0.8 0.494667 0.499543
  0.9999      0.8 0.501333  0.49998
       0      0.9    0.492 0.493333
     0.2      0.9    0.402 0.479968
     0.4      0.9 0.409333 0.483132
     0.6      0.9 0.412667 0.486472
     0.8      0.9 0.422667 0.490108
     0.9      0.9 0.453333 0.492273
    0.95      0.9    0.492 0.493826
    0.99      0.9 0.494667 0.497009
   0.999      0.9 0.494667  0.49955
  0.9999      0.9 0.501333 0.499977
       0        1    0.492 0.493333
     0.2        1 0.400667 0.482604
     0.4        1    0.408 0.485191
     0.6        1 0.408667 0.487904
     0.8        1 0.424667 0.490856
     0.9        1    0.462 0.492652
    0.95        1 0.494667 0.494014
    0.99        1 0.494667 0.497045
   0.999        1 0.494667 0.499552
  0.9999        1 0.501333 0.499974
       0        2    0.492 0.493333
     0.2        2    0.402 0.490793
     0.4        2 0.402667 0.491464
     0.6        2 0.409333 0.492176
     0.8        2    0.436 0.493031
     0.9        2 0.483333 0.493736
    0.95        2 0.494667 0.494537
    0.99        2 0.494667 0.497119
   0.999        2 0.494667 0.499543
  0.9999        2 0.494667 0.499958
       0        4    0.492 0.493333
     0.2        4    0.404 0.492725
     0.4        4    0.404  0.49292
     0.6        4    0.406  0.49315
     0.8        4    0.446 0.493515
     0.9        4 0.487333 0.493972
    0.95        4 0.494667 0.494647
    0.99        4 0.494667 0.497126
   0.999        4 0.494667 0.499537
  0.9999        4 0.494667 0.499953