       0     0.05 0.493333 0.493333
     0.2     0.05 0.223333 0.259556
     0.4     0.05 0.209333 0.262823
     0.6     0.05    0.198 0.275354
     0.8     0.05    0.186 0.313632
     0.9     0.05 0.202667 0.363501
    0.95     0.05 0.254667 0.410867
    0.99     0.05 0.415333 0.474854
   0.999     0.05 0.467333 0.497029
  0.9999     0.05      0.5 0.499695
       0      0.1 0.493333 0.493333
     0.2      0.1     0.23 0.380081
     0.4      0.1 0.237333 0.398404
     0.6      0.1 0.255333 0.422355
     0.8      0.1    0.336 0.453996
     0.9      0.1    0.408 0.473385
    0.95      0.1 0.425333 0.484241
    0.99      0.1 0.439333 0.495062
   0.999      0.1 0.493333 0.499328
  0.9999      0.1      0.5  0.49993
       0     0.15 0.493333 0.493333
     0.2     0.15 0.287333 0.452506
     0.4     0.15 0.320667 0.462818
     0.6     0.15     0.38 0.473576
     0.8     0.15 0.429333 0.484389
     0.9     0.15 0.442667 0.489739
    0.95     0.15 0.452667 0.492676
    0.99     0.15 0.494667 0.496783
   0.999     0.15 0.493333 0.499503
  0.9999     0.15      0.5 0.499947
       0      0.2 0.493333 0.493333
     0.2      0.2 0.398667 0.482772
     0.4      0.2     0.42 0.486145
     0.6      0.2 0.442667 0.489203
     0.8      0.2    0.456 0.491927
     0.9      0.2 0.464667 0.493332
    0.95      0.2     0.48 0.494392
    0.99      0.2 0.493333 0.497102
   0.999      0.2 0.493333 0.499535
  0.9999      0.2      0.5  0.49995
       0      0.3 0.493333 0.493333
     0.2      0.3 0.469333 0.494806
     0.4      0.3 0.472667 0.494532
     0.6      0.3     0.47 0.494273
     0.8      0.3 0.473333 0.494124
     0.9      0.3 0.504667 0.494303
    0.95      0.3    0.556 0.494829
    0.99      0.3 0.493333 0.497177
   0.999      0.3 0.493333 0.499542
  0.9999      0.3      0.5 0.499951
       0      0.4 0.493333 0.493333
     0.2      0.4 0.473333 0.494573
     0.4      0.4    0.476 0.494309
     0.6      0.4 0.471333 0.494086
     0.8      0.4 0.488667 0.493998
     0.9      0.4    0.568 0.494224
    0.95      0.4 0.493333 0.494782
    0.99      0.4 0.493333 0.497165
   0.999      0.4 0.493333 0.499541
  0.9999      0.4      0.5 0.499951
       0      0.5 0.493333 0.493333
     0.2      0.5    0.478 0.494039
     0.4      0.5 0.476667 0.493909
     0.6      0.5 0.470667 0.493816
     0.8      0.5    0.504 0.493856
     0.9      0.5    0.534 0.494148
    0.95      0.5 0.493333 0.494741
    0.99      0.5 0.493333 0.497154
   0.999      0.5 0.493333  0.49954
  0.9999      0.5      0.5 0.499951
       0      0.6 0.493333 0.493333
     0.2      0.6    0.484 0.493754
     0.4      0.6    0.472 0.493696
     0.6      0.6    0.468 0.493671
     0.8      0.6    0.528  0.49378
     0.9      0.6 0.496667 0.494108
    0.95      0.6 0.493333 0.494719
    0.99      0.6 0.493333 0.497147
   0.999      0.6 0.493333 0.499539
  0.9999      0.6 0.493333 0.499951
       0      0.7 0.493333 0.493333
     0.2      0.7 0.479333 0.493606
     0.4      0.7 0.474667 0.493584
     0.6      0.7     0.46 0.493595
     0.8      0.7    0.544  0.49374
     0.9      0.7 0.493333 0.494087
    0.95      0.7 0.493333 0.494707
    0.99      0.7 0.493333 0.497142
   0.999      0.7 0.493333 0.499538
  0.9999      0.7 0.493333 0.499951
       0      0.8 0.493333 0.493333
     0.2      0.8 0.480667 0.493524
     0.4      0.8 0.479333 0.493521
     0.6      0.8 0.462667 0.493552
     0.8      0.8 0.548667 0.493718
     0.9      0.8 0.493333 0.494075
    0.95      0.8 0.493333   0.4947
    0.99      0.8 0.493333 0.497139
   0.999      0.8 0.493333 0.499537
  0.9999      0.8 0.493333 0.499951
       0      0.9 0.493333 0.493333
     0.2      0.9     0.48 0.493475
     0.4      0.9 0.477333 0.493484
     0.6      0.9     0.46 0.493527
     0.8      0.9 0.549333 0.493705
     0.9      0.9 0.493333 0.494067
    0.95      0.9 0.493333 0.494695
    0.99      0.9 0.493333 0.497137
   0.999      0.9 0.493333 0.499537
  0.9999      0.9 0.493333 0.499951
       0        1 0.493333 0.493333
     0.2        1 0.482667 0.493444
     0.4        1    0.478  0.49346
     0.6        1    0.456 0.493511
     0.8        1    0.548 0.493696
     0.9        1 0.493333 0.494063
    0.95        1 0.493333 0.494692
    0.99        1 0.493333 0.497135
   0.999        1 0.493333 0.499536
  0.9999        1 0.493333 0.499951
       0        2 0.493333 0.493333
     0.2        2 0.484667 0.493371
     0.4        2 0.475333 0.493404
     0.6        2 0.455333 0.493472
     0.8        2 0.544667 0.493675
     0.9        2 0.493333 0.494051
    0.95        2 0.493333 0.494684
    0.99        2 0.493333 0.497129
   0.999        2 0.493333 0.499535
  0.9999        2 0.493333  0.49995
       0        4 0.493333 0.493333
     0.2        4 0.480667 0.493359
     0.4        4 0.476667 0.493395
     0.6        4    0.454 0.493466
     0.8        4 0.538667 0.493672
     0.9        4 0.493333 0.494049
    0.95        4 0.493333 0.494682
    0.99        4 0.493333 0.497128
   0.999        4 0.493333 0.499535
  0.9999        4 0.493333  0.49995