        0      0.05      0.78  0.777778
      0.2      0.05  0.125333  0.139337
      0.4      0.05     0.124  0.137089
      0.6      0.05     0.124  0.137319
      0.8      0.05     0.124  0.137006
      0.9      0.05  0.122667  0.137121
     0.95      0.05  0.122667  0.137158
     0.99      0.05  0.122667  0.137025
    0.999      0.05  0.121333  0.134857
   0.9999      0.05  0.121333  0.134097
        0       0.1      0.78  0.777778
      0.2       0.1     0.088 0.0875677
      0.4       0.1     0.088 0.0878509
      0.6       0.1     0.088 0.0882135
      0.8       0.1 0.0886667 0.0889111
      0.9       0.1 0.0886667 0.0893042
     0.95       0.1 0.0886667 0.0894184
     0.99       0.1     0.088 0.0888373
    0.999       0.1     0.088 0.0887017
   0.9999       0.1 0.0913333  0.090555
        0      0.15      0.78  0.777778
      0.2      0.15 0.0886667 0.0888365
      0.4      0.15 0.0873333 0.0875999
      0.6      0.15 0.0873333 0.0878478
      0.8      0.15 0.0873333 0.0883176
      0.9      0.15 0.0873333 0.0884695
     0.95      0.15 0.0866667 0.0888276
     0.99      0.15 0.0906667 0.0901064
    0.999      0.15 0.0906667 0.0902662
   0.9999      0.15 0.0906667  0.090662
        0       0.2      0.78  0.777778
      0.2       0.2     0.092 0.0917052
      0.4       0.2 0.0893333 0.0900551
      0.6       0.2     0.088 0.0885437
      0.8       0.2 0.0886667 0.0887842
      0.9       0.2 0.0873333 0.0893849
     0.95       0.2 0.0906667  0.090012
     0.99       0.2      0.09 0.0903715
    0.999       0.2 0.0906667 0.0912592
   0.9999       0.2     0.092 0.0916829
        0       0.3      0.78  0.777778
      0.2       0.3  0.116667   0.11669
      0.4       0.3     0.098 0.0992649
      0.6       0.3     0.092 0.0931341
      0.8       0.3 0.0873333 0.0906966
      0.9       0.3      0.09 0.0908731
     0.95       0.3      0.09 0.0911242
     0.99       0.3 0.0906667 0.0916211
    0.999       0.3      0.09 0.0925432
   0.9999       0.3 0.0893333  0.100943
        0       0.4      0.78  0.777778
      0.2       0.4  0.137333  0.138935
      0.4       0.4     0.122  0.122236
      0.6       0.4     0.102  0.106019
      0.8       0.4 0.0906667  0.095816
      0.9       0.4      0.09 0.0942223
     0.95       0.4 0.0906667 0.0949638
     0.99       0.4 0.0913333  0.100856
    0.999       0.4 0.0913333  0.125777
   0.9999       0.4  0.132667  0.164497
        0       0.5      0.78  0.777778
      0.2       0.5     0.152  0.156035
      0.4       0.5  0.136667  0.141894
      0.6       0.5  0.119333  0.128885
      0.8       0.5 0.0966667   0.11523
      0.9       0.5 0.0913333  0.111779
     0.95       0.5 0.0906667  0.115258
     0.99       0.5     0.092  0.138411
    0.999       0.5  0.173333    0.1903
   0.9999       0.5  0.190667  0.245741
        0       0.6      0.78  0.777778
      0.2       0.6     0.162  0.176384
      0.4       0.6      0.15  0.161723
      0.6       0.6     0.136  0.152312
      0.8       0.6     0.128  0.145548
      0.9       0.6  0.121333  0.147295
     0.95       0.6  0.123333   0.15632
     0.99       0.6  0.149333  0.197579
    0.999       0.6  0.177333   0.31232
   0.9999       0.6     0.288   0.50915
        0       0.7      0.78  0.777778
      0.2       0.7     0.174  0.201504
      0.4       0.7  0.159333  0.188457
      0.6       0.7  0.152667  0.182047
      0.8       0.7  0.142667  0.183855
      0.9       0.7  0.139333   0.19595
     0.95       0.7  0.138667  0.218582
     0.99       0.7     0.164   0.31618
    0.999       0.7  0.301333  0.536574
   0.9999       0.7  0.499333  0.719701
        0       0.8      0.78  0.777778
      0.2       0.8  0.182667  0.231694
      0.4       0.8      0.17  0.224155
      0.6       0.8     0.164  0.224388
      0.8       0.8      0.16  0.241022
      0.9       0.8     0.158  0.273829
     0.95       0.8  0.169333   0.32251
     0.99       0.8      0.23  0.481225
    0.999       0.8     0.448  0.693539
   0.9999       0.8  0.656667  0.799856
        0       0.9      0.78  0.777778
      0.2       0.9  0.190667   0.26771
      0.4       0.9      0.18  0.269339
      0.6       0.9      0.18  0.280777
      0.8       0.9     0.176  0.318854
      0.9       0.9     0.186  0.375549
     0.95       0.9  0.223333  0.445968
     0.99       0.9  0.297333  0.617486
    0.999       0.9     0.542  0.773694
   0.9999       0.9      0.81  0.824396
        0         1      0.78  0.777778
      0.2         1  0.201333  0.310745
      0.4         1  0.194667   0.32269
      0.6         1     0.192  0.347265
      0.8         1     0.204  0.406083
      0.9         1  0.245333  0.478992
     0.95         1  0.269333  0.556263
     0.99         1     0.342  0.706547
    0.999         1     0.634  0.809031
   0.9999         1     0.832  0.830496
        0         2      0.78  0.777778
      0.2         2  0.317333  0.691918
      0.4         2      0.33  0.710397
      0.6         2     0.344  0.732184
      0.8         2  0.390667  0.760636
      0.9         2  0.415333   0.78199
     0.95         2  0.545333  0.798914
     0.99         2  0.772667  0.823106
    0.999         2  0.800667   0.83216
   0.9999         2  0.833333  0.833214
        0         4      0.78  0.777778
      0.2         4  0.638667  0.769037
      0.4         4  0.732667  0.772756
      0.6         4      0.78  0.777739
      0.8         4      0.78  0.786671
      0.9         4      0.78  0.796919
     0.95         4      0.78  0.807721
     0.99         4      0.78  0.825664
    0.999         4  0.833333  0.832468
   0.9999         4  0.833333  0.833246