        0      0.05     0.456  0.466667
      0.2      0.05  0.452667  0.463667
      0.4      0.05  0.452667  0.463667
      0.6      0.05  0.452667  0.463667
      0.8      0.05  0.452667  0.463667
      0.9      0.05  0.452667  0.463667
     0.95      0.05  0.452667  0.463667
     0.99      0.05  0.452667  0.463667
    0.999      0.05  0.452667  0.463667
   0.9999      0.05  0.452667  0.463667
        0       0.1     0.456  0.466667
      0.2       0.1     0.064 0.0612132
      0.4       0.1 0.0613333 0.0597761
      0.6       0.1 0.0606667 0.0592256
      0.8       0.1     0.052 0.0594239
      0.9       0.1      0.06 0.0601479
     0.95       0.1 0.0613333 0.0609907
     0.99       0.1 0.0633333  0.063008
    0.999       0.1 0.0653333  0.065634
   0.9999       0.1     0.072 0.0695878
        0      0.15     0.456  0.466667
      0.2      0.15 0.0626667 0.0598964
      0.4      0.15 0.0586667  0.060222
      0.6      0.15 0.0573333  0.059888
      0.8      0.15 0.0566667  0.060212
      0.9      0.15 0.0573333 0.0613943
     0.95      0.15 0.0633333 0.0632598
     0.99      0.15 0.0693333 0.0678532
    0.999      0.15 0.0713333 0.0714213
   0.9999      0.15 0.0733333 0.0731414
        0       0.2     0.456  0.466667
      0.2       0.2 0.0513333 0.0545675
      0.4       0.2     0.056 0.0577052
      0.6       0.2     0.056 0.0592003
      0.8       0.2 0.0573333 0.0606134
      0.9       0.2 0.0586667 0.0629358
     0.95       0.2     0.062 0.0657024
     0.99       0.2 0.0686667  0.070175
    0.999       0.2 0.0706667 0.0755354
   0.9999       0.2 0.0733333 0.0802029
        0       0.3     0.456  0.466667
      0.2       0.3 0.0486667 0.0553476
      0.4       0.3     0.048 0.0554394
      0.6       0.3     0.048 0.0570098
      0.8       0.3 0.0486667 0.0603938
      0.9       0.3 0.0486667 0.0644728
     0.95       0.3 0.0493333 0.0693156
     0.99       0.3     0.056 0.0854927
    0.999       0.3 0.0613333  0.145221
   0.9999       0.3 0.0826667  0.301738
        0       0.4     0.456  0.466667
      0.2       0.4     0.052  0.064721
      0.4       0.4 0.0506667 0.0639279
      0.6       0.4 0.0473333 0.0654745
      0.8       0.4     0.044  0.072211
      0.9       0.4 0.0413333 0.0849018
     0.95       0.4 0.0413333  0.106011
     0.99       0.4     0.044  0.204948
    0.999       0.4 0.0673333  0.413267
   0.9999       0.4  0.507333  0.489443
        0       0.5     0.456  0.466667
      0.2       0.5 0.0553333 0.0826801
      0.4       0.5 0.0486667 0.0858784
      0.6       0.5 0.0453333  0.094428
      0.8       0.5 0.0466667  0.120325
      0.9       0.5 0.0433333  0.163118
     0.95       0.5     0.044  0.223548
     0.99       0.5     0.048  0.383568
    0.999       0.5  0.117333   0.48407
   0.9999       0.5  0.489333   0.49815
        0       0.6     0.456  0.466667
      0.2       0.6     0.056  0.115262
      0.4       0.6 0.0533333   0.12767
      0.6       0.6 0.0526667   0.15107
      0.8       0.6 0.0473333  0.206605
      0.9       0.6      0.05  0.276219
     0.95       0.6 0.0566667  0.346916
     0.99       0.6     0.152   0.45533
    0.999       0.6     0.488  0.494395
   0.9999       0.6  0.489333  0.498826
        0       0.7     0.456  0.466667
      0.2       0.7 0.0593333  0.163529
      0.4       0.7 0.0586667  0.185428
      0.6       0.7     0.056  0.221445
      0.8       0.7 0.0586667  0.291056
      0.9       0.7      0.07  0.358388
     0.95       0.7  0.116667   0.41215
     0.99       0.7     0.434  0.476833
    0.999       0.7  0.489333  0.496675
   0.9999       0.7  0.489333   0.49884
        0       0.8     0.456  0.466667
      0.2       0.8 0.0626667  0.219448
      0.4       0.8 0.0626667   0.24676
      0.6       0.8 0.0653333  0.287025
      0.8       0.8 0.0813333  0.352892
      0.9       0.8  0.128667  0.405997
     0.95       0.8  0.257333  0.443375
     0.99       0.8     0.456  0.485006
    0.999       0.8  0.489333  0.497496
   0.9999       0.8  0.489333  0.498859
        0       0.9     0.456  0.466667
      0.2       0.9 0.0673333  0.272118
      0.4       0.9 0.0706667  0.300117
      0.6       0.9 0.0753333  0.337961
      0.8       0.9  0.116667   0.39289
      0.9       0.9  0.221333  0.432627
     0.95       0.9  0.364667  0.459241
     0.99       0.9     0.456  0.488854
    0.999       0.9  0.489333  0.497941
   0.9999       0.9  0.489333  0.498941
        0         1     0.456  0.466667
      0.2         1 0.0726667  0.315128
      0.4         1 0.0766667   0.34092
      0.6         1 0.0966667  0.373637
      0.8         1  0.154667    0.4176
      0.9         1      0.29  0.447744
     0.95         1     0.432  0.467849
     0.99         1     0.456   0.49093
    0.999         1  0.489333  0.498241
   0.9999         1  0.489333  0.499051
        0         2     0.456  0.466667
      0.2         2     0.126  0.439543
      0.4         2  0.147333  0.446787
      0.6         2  0.197333  0.455044
      0.8         2  0.349333   0.46597
      0.9         2     0.452  0.475045
     0.95         2     0.456  0.483019
     0.99         2     0.456  0.494908
    0.999         2  0.489333  0.499195
   0.9999         2  0.489333  0.499679
        0         4     0.456  0.466667
      0.2         4  0.141333  0.460976
      0.4         4     0.166  0.463359
      0.6         4  0.240667  0.466497
      0.8         4     0.384  0.472028
      0.9         4     0.456  0.478292
     0.95         4     0.456  0.484816
     0.99         4     0.456  0.495461
    0.999         4     0.456   0.49943
   0.9999         4  0.489333  0.499881