       0     0.05    0.486 0.496667
     0.2     0.05    0.486 0.495667
     0.4     0.05    0.486 0.495667
     0.6     0.05    0.486 0.495667
     0.8     0.05    0.486 0.495667
     0.9     0.05    0.486 0.495667
    0.95     0.05    0.486 0.495667
    0.99     0.05    0.486 0.495667
   0.999     0.05    0.486 0.495667
  0.9999     0.05    0.486 0.495667
       0      0.1    0.486 0.496667
     0.2      0.1 0.154667  0.15613
     0.4      0.1 0.156667 0.157063
     0.6      0.1 0.158667 0.158482
     0.8      0.1 0.162667 0.161574
     0.9      0.1 0.164667 0.163782
    0.95      0.1 0.164667  0.16529
    0.99      0.1 0.169333 0.169559
   0.999      0.1 0.171333 0.174665
  0.9999      0.1    0.176 0.174367
       0     0.15    0.486 0.496667
     0.2     0.15    0.154 0.157553
     0.4     0.15 0.159333 0.159448
     0.6     0.15 0.158667 0.161583
     0.8     0.15 0.164667 0.165724
     0.9     0.15 0.169333 0.169442
    0.95     0.15 0.173333 0.172353
    0.99     0.15    0.174 0.173841
   0.999     0.15    0.164 0.168187
  0.9999     0.15 0.158667 0.168511
       0      0.2    0.486 0.496667
     0.2      0.2 0.157333 0.158319
     0.4      0.2 0.157333 0.161586
     0.6      0.2    0.164 0.164762
     0.8      0.2    0.166 0.169029
     0.9      0.2    0.174 0.172156
    0.95      0.2 0.170667 0.173224
    0.99      0.2 0.160667 0.171598
   0.999      0.2 0.161333 0.169388
  0.9999      0.2 0.173333 0.175785
       0      0.3    0.486 0.496667
     0.2      0.3 0.149333 0.163017
     0.4      0.3 0.150667 0.164744
     0.6      0.3 0.153333 0.168459
     0.8      0.3     0.16 0.173478
     0.9      0.3 0.156667 0.176781
    0.95      0.3 0.154667 0.178375
    0.99      0.3 0.147333 0.182684
   0.999      0.3 0.150667 0.229745
  0.9999      0.3 0.218667 0.350065
       0      0.4    0.486 0.496667
     0.2      0.4 0.165333 0.184121
     0.4      0.4 0.152667 0.178423
     0.6      0.4 0.150667  0.18001
     0.8      0.4    0.146 0.184857
     0.9      0.4    0.138 0.190234
    0.95      0.4     0.13 0.199511
    0.99      0.4 0.105333 0.260967
   0.999      0.4 0.124667 0.422234
  0.9999      0.4 0.493333 0.489695
       0      0.5    0.486 0.496667
     0.2      0.5 0.181333 0.216478
     0.4      0.5 0.160667 0.208037
     0.6      0.5 0.145333 0.207384
     0.8      0.5 0.138667 0.218301
     0.9      0.5 0.124667 0.241659
    0.95      0.5    0.116 0.279536
    0.99      0.5 0.180667 0.397391
   0.999      0.5 0.499333 0.485222
  0.9999      0.5 0.509333 0.499395
       0      0.6    0.486 0.496667
     0.2      0.6    0.192 0.243389
     0.4      0.6    0.176 0.242941
     0.6      0.6 0.161333 0.251307
     0.8      0.6 0.153333 0.281143
     0.9      0.6    0.164 0.325263
    0.95      0.6 0.192667 0.374897
    0.99      0.6 0.435333  0.46032
   0.999      0.6 0.507333 0.495986
  0.9999      0.6     0.51 0.500823
       0      0.7    0.486 0.496667
     0.2      0.7 0.189333 0.271291
     0.4      0.7    0.178 0.279755
     0.6      0.7 0.174667  0.29855
     0.8      0.7    0.186 0.341867
     0.9      0.7    0.228  0.38896
    0.95      0.7    0.328 0.429422
    0.99      0.7 0.488667   0.4811
   0.999      0.7 0.507333 0.498717
  0.9999      0.7 0.510667 0.501177
       0      0.8    0.486 0.496667
     0.2      0.8 0.197333 0.302651
     0.4      0.8 0.189333  0.31745
     0.6      0.8 0.192667 0.342343
     0.8      0.8    0.232 0.388133
     0.9      0.8     0.32 0.428329
    0.95      0.8     0.42 0.457522
    0.99      0.8 0.504667  0.48945
   0.999      0.8 0.507333 0.499707
  0.9999      0.8 0.510667 0.501264
       0      0.9    0.486 0.496667
     0.2      0.9 0.202667 0.333851
     0.4      0.9    0.202 0.351786
     0.6      0.9 0.213333 0.378254
     0.8      0.9 0.277333 0.420168
     0.9      0.9 0.388667 0.451924
    0.95      0.9 0.458667 0.472617
    0.99      0.9 0.505333 0.493348
   0.999      0.9 0.507333 0.500112
  0.9999      0.9 0.510667 0.501237
       0        1    0.486 0.496667
     0.2        1 0.207333 0.361686
     0.4        1 0.211333 0.380314
     0.6        1 0.245333 0.405571
     0.8        1    0.322 0.441557
     0.9        1    0.428 0.466144
    0.95        1    0.484 0.481055
    0.99        1 0.506667 0.495311
   0.999        1 0.507333 0.500262
  0.9999        1 0.510667 0.501153
       0        2    0.486 0.496667
     0.2        2    0.266 0.466848
     0.4        2 0.286667 0.473739
     0.6        2 0.347333 0.481064
     0.8        2 0.461333  0.48889
     0.9        2 0.503333 0.493064
    0.95        2 0.507333 0.495328
    0.99        2 0.507333 0.497935
   0.999        2 0.507333 0.499927
  0.9999        2 0.510667 0.500384
       0        4    0.486 0.496667
     0.2        4 0.284667  0.48978
     0.4        4 0.315333 0.491506
     0.6        4    0.384 0.493264
     0.8        4 0.478667  0.49508
     0.9        4 0.506667 0.496072
    0.95        4 0.507333 0.496703
    0.99        4 0.507333 0.498003
   0.999        4 0.507333 0.499666
  0.9999        4 0.507333 0.500067