        0      0.05  0.166667  0.466667
      0.2      0.05  0.166667     0.327
      0.4      0.05  0.166667     0.327
      0.6      0.05  0.166667     0.327
      0.8      0.05  0.166667     0.327
      0.9      0.05  0.166667     0.327
     0.95      0.05  0.166667     0.327
     0.99      0.05  0.166667     0.327
    0.999      0.05  0.166667     0.327
   0.9999      0.05  0.166667     0.327
        0       0.1  0.166667  0.466667
      0.2       0.1 0.0566667 0.0564246
      0.4       0.1 0.0573333 0.0557857
      0.6       0.1 0.0573333 0.0550891
      0.8       0.1 0.0533333 0.0544239
      0.9       0.1 0.0546667 0.0543088
     0.95       0.1 0.0553333 0.0544522
     0.99       0.1 0.0586667 0.0548488
    0.999       0.1 0.0573333 0.0552705
   0.9999       0.1     0.054 0.0529098
        0      0.15  0.166667  0.466667
      0.2      0.15 0.0566667  0.056773
      0.4      0.15     0.056 0.0561256
      0.6      0.15 0.0573333  0.055679
      0.8      0.15 0.0586667 0.0550575
      0.9      0.15     0.058 0.0547278
     0.95      0.15 0.0573333 0.0546331
     0.99      0.15 0.0553333 0.0529444
    0.999      0.15 0.0566667  0.053884
   0.9999      0.15 0.0573333  0.055736
        0       0.2  0.166667  0.466667
      0.2       0.2 0.0566667 0.0572975
      0.4       0.2 0.0573333  0.056908
      0.6       0.2     0.056  0.056467
      0.8       0.2     0.058 0.0559903
      0.9       0.2 0.0566667 0.0555188
     0.95       0.2 0.0553333 0.0545018
     0.99       0.2 0.0553333 0.0545768
    0.999       0.2 0.0586667 0.0568432
   0.9999       0.2 0.0593333 0.0565236
        0       0.3  0.166667  0.466667
      0.2       0.3      0.06  0.063907
      0.4       0.3 0.0546667 0.0601696
      0.6       0.3 0.0513333 0.0578484
      0.8       0.3 0.0513333 0.0568743
      0.9       0.3 0.0493333 0.0560462
     0.95       0.3 0.0506667  0.055477
     0.99       0.3 0.0446667  0.053697
    0.999       0.3     0.038 0.0460189
   0.9999       0.3 0.0373333 0.0457831
        0       0.4  0.166667  0.466667
      0.2       0.4 0.0606667 0.0732987
      0.4       0.4     0.052 0.0675052
      0.6       0.4     0.048 0.0630124
      0.8       0.4     0.042 0.0592131
      0.9       0.4     0.038 0.0568379
     0.95       0.4     0.034 0.0548857
     0.99       0.4 0.0286667 0.0528392
    0.999       0.4 0.0346667 0.0649875
   0.9999       0.4     0.052 0.0796642
        0       0.5  0.166667  0.466667
      0.2       0.5     0.062 0.0884837
      0.4       0.5      0.05 0.0805692
      0.6       0.5 0.0413333 0.0747264
      0.8       0.5 0.0386667 0.0701095
      0.9       0.5 0.0313333 0.0690104
     0.95       0.5     0.028 0.0706005
     0.99       0.5 0.0266667 0.0835341
    0.999       0.5     0.046  0.102669
   0.9999       0.5 0.0726667  0.116491
        0       0.6  0.166667  0.466667
      0.2       0.6 0.0713333  0.107821
      0.4       0.6      0.06  0.100222
      0.6       0.6 0.0446667 0.0952794
      0.8       0.6 0.0306667 0.0937544
      0.9       0.6 0.0286667 0.0979204
     0.95       0.6     0.028  0.106039
     0.99       0.6 0.0333333   0.12886
    0.999       0.6 0.0653333  0.148812
   0.9999       0.6  0.147333  0.197494
        0       0.7  0.166667  0.466667
      0.2       0.7     0.076  0.128797
      0.4       0.7 0.0633333   0.12469
      0.6       0.7      0.05  0.123588
      0.8       0.7     0.038   0.12874
      0.9       0.7     0.034  0.139479
     0.95       0.7     0.032  0.152522
     0.99       0.7 0.0486667  0.177254
    0.999       0.7  0.106667  0.216355
   0.9999       0.7       0.2  0.260694
        0       0.8  0.166667  0.466667
      0.2       0.8 0.0766667  0.152314
      0.4       0.8 0.0666667  0.152762
      0.6       0.8     0.056  0.156964
      0.8       0.8     0.044  0.169688
      0.9       0.8     0.042  0.185403
     0.95       0.8 0.0406667  0.200421
     0.99       0.8     0.072  0.229627
    0.999       0.8  0.190667  0.277526
   0.9999       0.8       0.2  0.298738
        0       0.9  0.166667  0.466667
      0.2       0.9 0.0773333  0.179255
      0.4       0.9 0.0706667  0.184099
      0.6       0.9     0.062  0.193286
      0.8       0.9     0.054  0.211895
      0.9       0.9 0.0493333  0.230347
     0.95       0.9     0.052  0.246726
     0.99       0.9  0.107333   0.28185
    0.999       0.9  0.199333  0.319737
   0.9999       0.9       0.2  0.329111
        0         1  0.166667  0.466667
      0.2         1 0.0793333   0.20921
      0.4         1     0.074  0.217607
      0.6         1     0.068  0.230555
      0.8         1      0.06   0.25282
      0.9         1 0.0506667  0.272809
     0.95         1 0.0686667  0.290412
     0.99         1  0.150667   0.32554
    0.999         1       0.2  0.351239
   0.9999         1       0.2  0.355938
        0         2  0.166667  0.466667
      0.2         2  0.158667  0.408365
      0.4         2  0.132667  0.415719
      0.6         2  0.109333  0.424221
      0.8         2  0.118667  0.435405
      0.9         2  0.156667  0.444493
     0.95         2  0.166667  0.452536
     0.99         2  0.166667  0.465385
    0.999         2       0.2  0.470481
   0.9999         2       0.2  0.471078
        0         4  0.166667  0.466667
      0.2         4  0.217333  0.455665
      0.4         4  0.186667  0.457965
      0.6         4  0.161333  0.461016
      0.8         4     0.146  0.466432
      0.9         4  0.166667  0.472617
     0.95         4  0.166667   0.47912
     0.99         4  0.166667   0.48988
    0.999         4       0.2  0.493945
   0.9999         4       0.2  0.494408