        0      0.05  0.196667  0.496667
      0.2      0.05  0.196667  0.372667
      0.4      0.05  0.196667  0.371667
      0.6      0.05  0.196667  0.370667
      0.8      0.05  0.196667      0.37
      0.9      0.05  0.196667      0.37
     0.95      0.05  0.196667      0.37
     0.99      0.05  0.196667  0.369333
    0.999      0.05  0.196667  0.367333
   0.9999      0.05  0.196667     0.367
        0       0.1  0.196667  0.496667
      0.2       0.1     0.298   0.29746
      0.4       0.1       0.3   0.30216
      0.6       0.1  0.297333    0.3009
      0.8       0.1      0.28  0.285299
      0.9       0.1  0.277333  0.278534
     0.95       0.1  0.281333  0.278135
     0.99       0.1     0.272  0.269888
    0.999       0.1  0.263333  0.261009
   0.9999       0.1     0.248  0.249581
        0      0.15  0.196667  0.496667
      0.2      0.15     0.302  0.295664
      0.4      0.15     0.292  0.290689
      0.6      0.15  0.280667  0.291797
      0.8      0.15  0.270667  0.280954
      0.9      0.15  0.274667  0.271447
     0.95      0.15      0.26   0.26382
     0.99      0.15      0.25  0.249414
    0.999      0.15  0.224667   0.22311
   0.9999      0.15  0.185333  0.188417
        0       0.2  0.196667  0.496667
      0.2       0.2  0.296667  0.298277
      0.4       0.2     0.294  0.293474
      0.6       0.2  0.272667  0.283162
      0.8       0.2  0.263333  0.275272
      0.9       0.2  0.257333  0.263595
     0.95       0.2  0.247333  0.251781
     0.99       0.2     0.214  0.217908
    0.999       0.2  0.181333  0.177381
   0.9999       0.2  0.171333   0.16285
        0       0.3  0.196667  0.496667
      0.2       0.3     0.382  0.369612
      0.4       0.3  0.321333  0.332203
      0.6       0.3  0.288667    0.3034
      0.8       0.3  0.242667  0.266468
      0.9       0.3     0.208  0.231082
     0.95       0.3     0.184  0.201047
     0.99       0.3  0.148667  0.163599
    0.999       0.3  0.118667  0.122594
   0.9999       0.3     0.114  0.126309
        0       0.4  0.196667  0.496667
      0.2       0.4     0.406  0.400642
      0.4       0.4  0.389333  0.375283
      0.6       0.4  0.343333  0.337761
      0.8       0.4  0.230667  0.273941
      0.9       0.4  0.185333  0.220188
     0.95       0.4     0.144  0.180056
     0.99       0.4 0.0686667  0.130334
    0.999       0.4      0.11  0.121784
   0.9999       0.4     0.112  0.121844
        0       0.5  0.196667  0.496667
      0.2       0.5     0.414  0.407067
      0.4       0.5  0.387333  0.377901
      0.6       0.5      0.35  0.337357
      0.8       0.5  0.217333  0.270116
      0.9       0.5  0.156667  0.214356
     0.95       0.5     0.104  0.175794
     0.99       0.5  0.104667   0.14142
    0.999       0.5      0.11   0.13691
   0.9999       0.5     0.112  0.148032
        0       0.6  0.196667  0.496667
      0.2       0.6  0.407333  0.402504
      0.4       0.6     0.378  0.373989
      0.6       0.6  0.333333   0.33602
      0.8       0.6  0.208667  0.278206
      0.9       0.6  0.138667   0.23399
     0.95       0.6  0.123333   0.20524
     0.99       0.6      0.11  0.179359
    0.999       0.6  0.111333  0.177849
   0.9999       0.6     0.182  0.211129
        0       0.7  0.196667  0.496667
      0.2       0.7  0.396667  0.395385
      0.4       0.7     0.372  0.370905
      0.6       0.7  0.306667  0.340215
      0.8       0.7     0.198  0.297206
      0.9       0.7  0.152667  0.266825
     0.95       0.7  0.123333  0.247899
     0.99       0.7  0.112667  0.230562
    0.999       0.7  0.142667  0.245363
   0.9999       0.7  0.198667  0.273276
        0       0.8  0.196667  0.496667
      0.2       0.8  0.380667  0.390158
      0.4       0.8  0.352667  0.371257
      0.6       0.8  0.273333  0.348885
      0.8       0.8  0.188667   0.32046
      0.9       0.8  0.150667  0.302467
     0.95       0.8  0.124667  0.292199
     0.99       0.8  0.117333  0.288095
    0.999       0.8  0.189333  0.311374
   0.9999       0.8  0.198667  0.324428
        0       0.9  0.196667  0.496667
      0.2       0.9  0.360667  0.388775
      0.4       0.9  0.335333  0.375579
      0.6       0.9     0.252   0.36126
      0.8       0.9  0.184667  0.345364
      0.9       0.9  0.149333  0.337191
     0.95       0.9  0.127333  0.334299
     0.99       0.9  0.135333  0.341962
    0.999       0.9     0.196  0.360535
   0.9999       0.9       0.2  0.366276
        0         1  0.196667  0.496667
      0.2         1  0.351333  0.391425
      0.4         1  0.308667  0.383503
      0.6         1     0.236  0.376048
      0.8         1     0.182  0.369874
      0.9         1  0.148667  0.368946
     0.95         1  0.134667  0.371393
     0.99         1  0.159333  0.383516
    0.999         1     0.198   0.39559
   0.9999         1       0.2  0.398503
        0         2  0.196667  0.496667
      0.2         2  0.252667  0.463439
      0.4         2  0.230667  0.467014
      0.6         2     0.204   0.47113
      0.8         2  0.177333  0.476008
      0.9         2     0.162  0.478888
     0.95         2  0.184667  0.480571
     0.99         2  0.196667  0.482727
    0.999         2  0.196667  0.484649
   0.9999         2       0.2  0.485128
        0         4  0.196667  0.496667
      0.2         4     0.256  0.489778
      0.4         4  0.229333  0.490752
      0.6         4  0.205333  0.491765
      0.8         4  0.173333  0.492843
      0.9         4  0.164667  0.493469
     0.95         4     0.196  0.493918
     0.99         4  0.196667  0.495074
    0.999         4  0.196667  0.496703
   0.9999         4  0.196667    0.4971