        0      0.05     0.456  0.466667
      0.2      0.05  0.453333  0.462333
      0.4      0.05  0.453333  0.462333
      0.6      0.05  0.453333  0.462333
      0.8      0.05  0.453333  0.462333
      0.9      0.05  0.453333  0.462333
     0.95      0.05  0.453333  0.462333
     0.99      0.05  0.453333  0.462333
    0.999      0.05  0.453333  0.462333
   0.9999      0.05  0.453333  0.462333
        0       0.1     0.456  0.466667
      0.2       0.1 0.0593333 0.0606995
      0.4       0.1     0.064 0.0632032
      0.6       0.1 0.0646667 0.0641484
      0.8       0.1 0.0653333 0.0645969
      0.9       0.1     0.064 0.0651435
     0.95       0.1 0.0646667 0.0659547
     0.99       0.1     0.064 0.0666304
    0.999       0.1     0.062  0.064165
   0.9999       0.1 0.0613333 0.0622339
        0      0.15     0.456  0.466667
      0.2      0.15 0.0533333 0.0571027
      0.4      0.15 0.0573333 0.0604747
      0.6      0.15 0.0626667 0.0627797
      0.8      0.15 0.0633333  0.064014
      0.9      0.15     0.064 0.0646312
     0.95      0.15 0.0633333 0.0643291
     0.99      0.15 0.0593333 0.0622443
    0.999      0.15 0.0613333   0.06123
   0.9999      0.15 0.0566667 0.0614891
        0       0.2     0.456  0.466667
      0.2       0.2 0.0526667 0.0571085
      0.4       0.2     0.054 0.0593744
      0.6       0.2 0.0586667 0.0615943
      0.8       0.2     0.062 0.0628511
      0.9       0.2 0.0626667 0.0631225
     0.95       0.2 0.0606667 0.0632168
     0.99       0.2     0.058 0.0644372
    0.999       0.2 0.0633333 0.0688727
   0.9999       0.2 0.0673333 0.0784768
        0       0.3     0.456  0.466667
      0.2       0.3 0.0533333 0.0634538
      0.4       0.3     0.052  0.062894
      0.6       0.3     0.054 0.0639942
      0.8       0.3 0.0533333 0.0663293
      0.9       0.3 0.0546667 0.0692316
     0.95       0.3 0.0546667 0.0732931
     0.99       0.3     0.054 0.0914298
    0.999       0.3     0.046  0.163057
   0.9999       0.3      0.15  0.321981
        0       0.4     0.456  0.466667
      0.2       0.4 0.0553333 0.0725492
      0.4       0.4 0.0506667 0.0717805
      0.6       0.4     0.048 0.0734329
      0.8       0.4     0.046 0.0804021
      0.9       0.4 0.0406667 0.0934948
     0.95       0.4 0.0373333  0.115394
     0.99       0.4 0.0326667  0.216403
    0.999       0.4  0.112667  0.419523
   0.9999       0.4  0.489333  0.488929
        0       0.5     0.456  0.466667
      0.2       0.5      0.05 0.0917162
      0.4       0.5     0.044 0.0956974
      0.6       0.5     0.042  0.105167
      0.8       0.5 0.0346667  0.132216
      0.9       0.5 0.0273333  0.175563
     0.95       0.5 0.0306667  0.235701
     0.99       0.5     0.036  0.390976
    0.999       0.5     0.334  0.485157
   0.9999       0.5  0.489333  0.498072
        0       0.6     0.456  0.466667
      0.2       0.6 0.0486667  0.126901
      0.4       0.6     0.046  0.140633
      0.6       0.6 0.0426667  0.165152
      0.8       0.6     0.038  0.221025
      0.9       0.6     0.032  0.289308
     0.95       0.6 0.0306667  0.357421
     0.99       0.6     0.032  0.459513
    0.999       0.6     0.064  0.495462
   0.9999       0.6     0.484  0.499503
        0       0.7     0.456  0.466667
      0.2       0.7 0.0473333  0.176403
      0.4       0.7 0.0466667  0.199286
      0.6       0.7 0.0446667  0.235781
      0.8       0.7     0.046  0.304338
      0.9       0.7 0.0486667  0.369112
     0.95       0.7 0.0493333   0.41994
     0.99       0.7  0.147333  0.479965
    0.999       0.7  0.492667  0.498027
   0.9999       0.7  0.510667  0.499983
        0       0.8     0.456  0.466667
      0.2       0.8 0.0513333  0.231626
      0.4       0.8      0.05  0.259302
      0.6       0.8 0.0493333   0.29928
      0.8       0.8     0.052  0.363217
      0.9       0.8 0.0613333  0.413776
     0.95       0.8 0.0913333  0.448927
     0.99       0.8  0.439333  0.487558
    0.999       0.8  0.509333  0.498942
   0.9999       0.8  0.510667  0.500174
        0       0.9     0.456  0.466667
      0.2       0.9 0.0493333  0.282597
      0.4       0.9     0.052  0.310435
      0.6       0.9 0.0526667  0.347485
      0.8       0.9     0.062  0.400346
      0.9       0.9      0.09  0.438111
     0.95       0.9     0.182  0.463255
     0.99       0.9  0.475333  0.490966
    0.999       0.9  0.510667  0.499323
   0.9999       0.9  0.510667  0.500234
        0         1     0.456  0.466667
      0.2         1 0.0566667  0.323705
      0.4         1 0.0566667  0.349029
      0.6         1 0.0573333  0.380778
      0.8         1     0.072  0.422953
      0.9         1     0.132  0.451712
     0.95         1  0.264667  0.470872
     0.99         1  0.477333  0.492695
    0.999         1  0.510667   0.49949
   0.9999         1  0.510667  0.500237
        0         2     0.456  0.466667
      0.2         2 0.0746667  0.440874
      0.4         2 0.0786667  0.447937
      0.6         2     0.098  0.456005
      0.8         2     0.176  0.466748
      0.9         2  0.326667  0.475741
     0.95         2      0.47  0.483652
     0.99         2  0.477333  0.495381
    0.999         2  0.477333  0.499579
   0.9999         2  0.510667  0.500052
        0         4     0.456  0.466667
      0.2         4      0.09  0.461235
      0.4         4 0.0993333  0.463585
      0.6         4  0.124667  0.466692
      0.8         4  0.201333  0.472199
      0.9         4     0.374  0.478455
     0.95         4  0.476667   0.48497
     0.99         4  0.477333  0.495581
    0.999         4  0.477333  0.499528
   0.9999         4  0.510667  0.499977