       0     0.05     0.47     0.49
     0.2     0.05     0.21 0.229237
     0.4     0.05 0.213333 0.238058
     0.6     0.05 0.213333 0.251286
     0.8     0.05    0.224 0.278728
     0.9     0.05 0.242667 0.312928
    0.95     0.05    0.266 0.352614
    0.99     0.05 0.294667 0.439535
   0.999     0.05 0.441333 0.490192
  0.9999     0.05     0.48 0.497483
       0      0.1     0.47     0.49
     0.2      0.1 0.222667 0.280618
     0.4      0.1 0.237333 0.296124
     0.6      0.1 0.251333 0.318945
     0.8      0.1     0.27  0.36016
     0.9      0.1 0.282667 0.400324
    0.95      0.1 0.284667  0.43409
    0.99      0.1    0.346 0.479162
   0.999      0.1     0.48 0.495419
  0.9999      0.1     0.48 0.497354
       0     0.15     0.47     0.49
     0.2     0.15 0.259333 0.333047
     0.4     0.15 0.265333 0.350329
     0.6     0.15    0.276 0.374699
     0.8     0.15 0.288667  0.41293
     0.9     0.15 0.301333 0.442896
    0.95     0.15 0.346667 0.463743
    0.99     0.15     0.47 0.487688
   0.999     0.15     0.48 0.496089
  0.9999     0.15     0.48 0.497117
       0      0.2     0.47     0.49
     0.2      0.2 0.279333 0.375347
     0.4      0.2 0.283333 0.392189
     0.6      0.2 0.295333 0.413839
     0.8      0.2    0.304 0.443319
     0.9      0.2    0.346 0.463333
    0.95      0.2    0.362 0.476113
    0.99      0.2     0.47 0.490694
   0.999      0.2     0.48 0.496361
  0.9999      0.2     0.48 0.497094
       0      0.3     0.47     0.49
     0.2      0.3 0.311333 0.435305
     0.4      0.3    0.316 0.445876
     0.6      0.3 0.330667 0.457792
     0.8      0.3    0.346 0.471755
     0.9      0.3 0.408667 0.480247
    0.95      0.3     0.47 0.485659
    0.99      0.3     0.47 0.493122
   0.999      0.3     0.48 0.496929
  0.9999      0.3     0.48 0.497464
       0      0.4     0.47     0.49
     0.2      0.4 0.353333 0.465506
     0.4      0.4    0.358 0.470557
     0.6      0.4 0.357333 0.476026
     0.8      0.4 0.370667 0.482253
     0.9      0.4 0.469333 0.486166
    0.95      0.4     0.47 0.489032
    0.99      0.4     0.47 0.494288
   0.999      0.4     0.48 0.497534
  0.9999      0.4     0.48 0.498006
       0      0.5     0.47     0.49
     0.2      0.5    0.382 0.478337
     0.4      0.5 0.371333 0.480729
     0.6      0.5 0.359333 0.483325
     0.8      0.5    0.426 0.486383
     0.9      0.5     0.47 0.488554
    0.95      0.5     0.47 0.490498
    0.99      0.5     0.47  0.49498
   0.999      0.5     0.48 0.498024
  0.9999      0.5     0.48 0.498472
       0      0.6     0.47     0.49
     0.2      0.6 0.386667 0.483888
     0.4      0.6 0.374667 0.485111
     0.6      0.6 0.367333 0.486473
     0.8      0.6 0.451333 0.488205
     0.9      0.6     0.47 0.489666
    0.95      0.6     0.47 0.491242
    0.99      0.6     0.47  0.49542
   0.999      0.6    0.478 0.498381
  0.9999      0.6     0.48 0.498819
       0      0.7     0.47     0.49
     0.2      0.7    0.392 0.486501
     0.4      0.7    0.384 0.487185
     0.6      0.7 0.372667 0.487983
     0.8      0.7    0.464 0.489113
     0.9      0.7     0.47 0.490256
    0.95      0.7     0.47 0.491669
    0.99      0.7     0.47 0.495711
   0.999      0.7     0.47 0.498635
  0.9999      0.7     0.48 0.499068
       0      0.8     0.47     0.49
     0.2      0.8 0.396667 0.487845
     0.4      0.8 0.389333 0.488264
     0.6      0.8 0.371333 0.488783
     0.8      0.8 0.466667 0.489616
     0.9      0.8     0.47 0.490604
    0.95      0.8     0.47 0.491936
    0.99      0.8     0.47 0.495913
   0.999      0.8     0.47 0.498817
  0.9999      0.8     0.48 0.499248
       0      0.9     0.47     0.49
     0.2      0.9    0.402 0.488594
     0.4      0.9 0.393333 0.488872
     0.6      0.9 0.370667 0.489243
     0.8      0.9 0.469333  0.48992
     0.9      0.9     0.47 0.490825
    0.95      0.9     0.47 0.492115
    0.99      0.9     0.47 0.496057
   0.999      0.9     0.47 0.498951
  0.9999      0.9     0.48  0.49938
       0        1     0.47     0.49
     0.2        1 0.405333 0.489039
     0.4        1    0.396 0.489239
     0.6        1    0.374 0.489527
     0.8        1     0.47 0.490115
     0.9        1     0.47 0.490974
    0.95        1     0.47  0.49224
    0.99        1     0.47 0.496163
   0.999        1     0.47 0.499051
  0.9999        1     0.48 0.499479
       0        2     0.47     0.49
     0.2        2 0.413333 0.489934
     0.4        2 0.401333 0.490012
     0.6        2 0.392667 0.490169
     0.8        2     0.47 0.490617
     0.9        2     0.47 0.491401
    0.95        2     0.47 0.492629
    0.99        2     0.47  0.49652
   0.999        2     0.47 0.499398
  0.9999        2     0.48 0.499825
       0        4     0.47     0.49
     0.2        4 0.419333  0.49003
     0.4        4 0.398667 0.490108
     0.6        4 0.398667 0.490265
     0.8        4     0.47 0.490712
     0.9        4     0.47 0.491496
    0.95        4     0.47 0.492724
    0.99        4     0.47 0.496614
   0.999        4     0.47 0.499492
  0.9999        4     0.47 0.499918