       0     0.05     0.83 0.827778
     0.2     0.05 0.653333 0.619222
     0.4     0.05    0.652    0.617
     0.6     0.05 0.650667 0.616222
     0.8     0.05     0.65 0.615889
     0.9     0.05     0.65 0.616111
    0.95     0.05     0.65    0.615
    0.99     0.05    0.646 0.614556
   0.999     0.05    0.646 0.615222
  0.9999     0.05    0.646 0.612778
       0      0.1     0.83 0.827778
     0.2      0.1    0.574 0.586019
     0.4      0.1    0.576 0.586113
     0.6      0.1    0.576 0.586119
     0.8      0.1 0.578667 0.587214
     0.9      0.1 0.579333 0.587943
    0.95      0.1 0.581333 0.591631
    0.99      0.1      0.6 0.605972
   0.999      0.1 0.607333 0.612114
  0.9999      0.1    0.612 0.616123
       0     0.15     0.83 0.827778
     0.2     0.15    0.594 0.594421
     0.4     0.15    0.592 0.591537
     0.6     0.15     0.59 0.590326
     0.8     0.15 0.590667 0.590801
     0.9     0.15 0.591333 0.594775
    0.95     0.15    0.608  0.60824
    0.99     0.15    0.616 0.616617
   0.999     0.15 0.619333 0.619118
  0.9999     0.15    0.622 0.621114
       0      0.2     0.83 0.827778
     0.2      0.2 0.611333 0.613213
     0.4      0.2    0.592 0.600533
     0.6      0.2 0.590667 0.592094
     0.8      0.2     0.59  0.59121
     0.9      0.2 0.591333 0.596101
    0.95      0.2 0.611333 0.609591
    0.99      0.2    0.618 0.618325
   0.999      0.2 0.619333 0.617197
  0.9999      0.2    0.586 0.590933
       0      0.3     0.83 0.827778
     0.2      0.3 0.628667 0.626408
     0.4      0.3 0.613333 0.618493
     0.6      0.3 0.611333 0.612742
     0.8      0.3 0.590667 0.600145
     0.9      0.3     0.59 0.596728
    0.95      0.3 0.609333 0.604982
    0.99      0.3 0.611333 0.609732
   0.999      0.3 0.584667 0.596141
  0.9999      0.3 0.584667 0.590861
       0      0.4     0.83 0.827778
     0.2      0.4 0.631333 0.631279
     0.4      0.4 0.624667 0.624434
     0.6      0.4 0.624667 0.621337
     0.8      0.4 0.611333 0.613727
     0.9      0.4 0.607333 0.607375
    0.95      0.4 0.585333 0.605188
    0.99      0.4    0.606 0.605295
   0.999      0.4 0.584667 0.599193
  0.9999      0.4 0.584667 0.599787
       0      0.5     0.83 0.827778
     0.2      0.5 0.636667 0.636021
     0.4      0.5     0.63 0.628823
     0.6      0.5    0.626  0.62214
     0.8      0.5    0.624 0.617389
     0.9      0.5    0.612 0.613228
    0.95      0.5 0.620667 0.611177
    0.99      0.5 0.619333 0.606789
   0.999      0.5 0.622667  0.60808
  0.9999      0.5 0.622667  0.61899
       0      0.6     0.83 0.827778
     0.2      0.6 0.637333 0.637746
     0.4      0.6 0.635333 0.631869
     0.6      0.6 0.628667 0.623475
     0.8      0.6    0.624 0.614863
     0.9      0.6 0.625333 0.612241
    0.95      0.6 0.626667 0.610747
    0.99      0.6     0.62 0.610582
   0.999      0.6 0.627333 0.628623
  0.9999      0.6 0.584667 0.686209
       0      0.7     0.83 0.827778
     0.2      0.7    0.642  0.63981
     0.4      0.7    0.638 0.634099
     0.6      0.7 0.634667 0.626496
     0.8      0.7 0.627333 0.615021
     0.9      0.7 0.627333 0.610786
    0.95      0.7 0.624667  0.61119
    0.99      0.7 0.625333 0.629249
   0.999      0.7 0.585333 0.701216
  0.9999      0.7    0.786  0.78412
       0      0.8     0.83 0.827778
     0.2      0.8 0.643333 0.643506
     0.4      0.8 0.638667 0.638408
     0.6      0.8 0.637333 0.632937
     0.8      0.8 0.631333  0.62616
     0.9      0.8 0.624667 0.627658
    0.95      0.8 0.617333 0.637925
    0.99      0.8 0.597333 0.687623
   0.999      0.8 0.635333 0.771294
  0.9999      0.8 0.833333 0.816796
       0      0.9     0.83 0.827778
     0.2      0.9 0.642667 0.649313
     0.4      0.9 0.638667 0.646549
     0.6      0.9 0.638667 0.645348
     0.8      0.9    0.626 0.648886
     0.9      0.9    0.622 0.661823
    0.95      0.9 0.609333 0.682752
    0.99      0.9 0.596667 0.741246
   0.999      0.9 0.830667 0.804991
  0.9999      0.9 0.833333 0.827373
       0        1     0.83 0.827778
     0.2        1 0.642667 0.658243
     0.4        1     0.64 0.658842
     0.6        1    0.636 0.663092
     0.8        1    0.624 0.677194
     0.9        1 0.620667 0.698394
    0.95        1    0.606  0.72318
    0.99        1 0.699333  0.77763
   0.999        1 0.832667 0.819708
  0.9999        1 0.833333 0.831275
       0        2     0.83 0.827778
     0.2        2 0.713333 0.783481
     0.4        2     0.73 0.791311
     0.6        2    0.792 0.800713
     0.8        2     0.83 0.812534
     0.9        2     0.83 0.819947
    0.95        2     0.83 0.824373
    0.99        2     0.83  0.82938
   0.999        2 0.833333 0.832554
  0.9999        2 0.833333 0.833245
       0        4     0.83 0.827778
     0.2        4     0.83 0.823356
     0.4        4     0.83 0.824602
     0.6        4     0.83 0.825912
     0.8        4     0.83 0.827333
     0.9        4     0.83 0.828175
    0.95        4     0.83 0.828794
    0.99        4     0.83 0.830422
   0.999        4 0.833333 0.832709
  0.9999        4 0.833333 0.833263