       0     0.05    0.492 0.493333
     0.2     0.05    0.492 0.493333
     0.4     0.05    0.492 0.493333
     0.6     0.05    0.492 0.493333
     0.8     0.05    0.492 0.493333
     0.9     0.05    0.492 0.493333
    0.95     0.05    0.492 0.493333
    0.99     0.05    0.492 0.493333
   0.999     0.05    0.492 0.493333
  0.9999     0.05    0.492 0.493333
       0      0.1    0.492 0.493333
     0.2      0.1    0.404 0.413414
     0.4      0.1 0.402667 0.411292
     0.6      0.1 0.402667 0.410607
     0.8      0.1 0.405333 0.410619
     0.9      0.1    0.408 0.411075
    0.95      0.1    0.404 0.411349
    0.99      0.1 0.409333 0.412876
   0.999      0.1    0.404 0.417106
  0.9999      0.1    0.414 0.428773
       0     0.15    0.492 0.493333
     0.2     0.15 0.405333 0.423851
     0.4     0.15 0.406667 0.421791
     0.6     0.15 0.409333 0.420981
     0.8     0.15 0.406667 0.421756
     0.9     0.15 0.409333 0.423993
    0.95     0.15    0.412   0.4271
    0.99     0.15    0.418 0.437486
   0.999     0.15    0.448 0.452092
  0.9999     0.15    0.444 0.460523
       0      0.2    0.492 0.493333
     0.2      0.2 0.416667 0.428154
     0.4      0.2    0.408 0.429823
     0.6      0.2      0.4 0.430901
     0.8      0.2 0.399333 0.434471
     0.9      0.2 0.402667 0.439654
    0.95      0.2 0.415333 0.445626
    0.99      0.2 0.426667 0.458935
   0.999      0.2 0.438667  0.47481
  0.9999      0.2    0.482 0.485552
       0      0.3    0.492 0.493333
     0.2      0.3 0.389333 0.423426
     0.4      0.3    0.386 0.434787
     0.6      0.3 0.378667 0.445381
     0.8      0.3    0.378 0.458891
     0.9      0.3 0.394667 0.469253
    0.95      0.3 0.409333 0.477168
    0.99      0.3 0.460667 0.488509
   0.999      0.3 0.492667 0.496001
  0.9999      0.3    0.496 0.499072
       0      0.4    0.492 0.493333
     0.2      0.4    0.364 0.425883
     0.4      0.4 0.360667 0.438733
     0.6      0.4 0.352667 0.452295
     0.8      0.4 0.360667 0.468642
     0.9      0.4 0.380667 0.479252
    0.95      0.4    0.414 0.485981
    0.99      0.4    0.482 0.493864
   0.999      0.4 0.494667 0.498641
  0.9999      0.4 0.499333 0.499866
       0      0.5    0.492 0.493333
     0.2      0.5    0.358   0.4426
     0.4      0.5 0.359333 0.452891
     0.6      0.5 0.367333 0.464209
     0.8      0.5 0.383333 0.477354
     0.9      0.5 0.396667 0.485158
    0.95      0.5 0.453333 0.489774
    0.99      0.5    0.494 0.495416
   0.999      0.5 0.494667 0.499171
  0.9999      0.5 0.501333 0.499946
       0      0.6    0.492 0.493333
     0.2      0.6 0.362667 0.458067
     0.4      0.6 0.366667 0.465777
     0.6      0.6 0.375333 0.474104
     0.8      0.6    0.396 0.483359
     0.9      0.6 0.419333 0.488615
    0.95      0.6 0.469333  0.49174
    0.99      0.6 0.494667 0.496123
   0.999      0.6 0.494667 0.499354
  0.9999      0.6 0.501333 0.499967
       0      0.7    0.492 0.493333
     0.2      0.7 0.371333 0.468699
     0.4      0.7    0.376 0.474361
     0.6      0.7 0.387333 0.480357
     0.8      0.7 0.398667  0.48685
     0.9      0.7    0.436 0.490505
    0.95      0.7    0.488 0.492777
    0.99      0.7 0.494667 0.496484
   0.999      0.7 0.494667 0.499434
  0.9999      0.7 0.501333 0.499973
       0      0.8    0.492 0.493333
     0.2      0.8     0.37 0.475552
     0.4      0.8    0.376 0.479765
     0.6      0.8 0.392667 0.484173
     0.8      0.8    0.412 0.488895
     0.9      0.8    0.454 0.491585
    0.95      0.8    0.492 0.493362
    0.99      0.8 0.494667 0.496685
   0.999      0.8 0.494667 0.499473
  0.9999      0.8 0.501333 0.499973
       0      0.9    0.492 0.493333
     0.2      0.9 0.380667 0.480015
     0.4      0.9 0.384667 0.483234
     0.6      0.9 0.396667  0.48658
     0.8      0.9 0.422667 0.490157
     0.9      0.9     0.47 0.492243
    0.95      0.9 0.494667 0.493716
    0.99      0.9 0.494667 0.496806
   0.999      0.9 0.494667 0.499495
  0.9999      0.9 0.501333 0.499971
       0        1    0.492 0.493333
     0.2        1 0.385333 0.483019
     0.4        1 0.392667 0.485548
     0.6        1    0.392 0.488169
     0.8        1    0.426  0.49098
     0.9        1 0.478667  0.49267
    0.95        1 0.494667 0.493946
    0.99        1 0.494667 0.496884
   0.999        1 0.494667 0.499508
  0.9999        1 0.501333 0.499969
       0        2    0.492 0.493333
     0.2        2 0.401333 0.491195
     0.4        2    0.408 0.491768
     0.6        2 0.424667 0.492379
     0.8        2 0.448667 0.493127
     0.9        2 0.487333 0.493772
    0.95        2 0.494667 0.494535
    0.99        2 0.494667 0.497081
   0.999        2 0.494667 0.499532
  0.9999        2 0.494667 0.499957
       0        4    0.492 0.493333
     0.2        4     0.41 0.492843
     0.4        4 0.411333 0.493008
     0.6        4 0.431333 0.493208
     0.8        4 0.454667 0.493543
     0.9        4 0.491333 0.493983
    0.95        4 0.494667 0.494647
    0.99        4 0.494667 0.497117
   0.999        4 0.494667 0.499534
  0.9999        4 0.494667 0.499952