        0      0.05  0.479333      0.49
      0.2      0.05     0.478  0.488667
      0.4      0.05     0.478  0.488667
      0.6      0.05     0.478  0.488667
      0.8      0.05     0.478  0.488667
      0.9      0.05     0.478  0.488667
     0.95      0.05     0.478  0.488667
     0.99      0.05     0.478  0.488667
    0.999      0.05     0.478  0.488667
   0.9999      0.05     0.478  0.488667
        0       0.1  0.479333      0.49
      0.2       0.1  0.112667  0.115109
      0.4       0.1     0.116  0.115362
      0.6       0.1  0.117333  0.115983
      0.8       0.1      0.12   0.11664
      0.9       0.1     0.116  0.116452
     0.95       0.1  0.114667  0.115976
     0.99       0.1     0.114  0.114182
    0.999       0.1  0.115333  0.112026
   0.9999       0.1  0.110667   0.10717
        0      0.15  0.479333      0.49
      0.2      0.15  0.108667  0.111987
      0.4      0.15  0.111333  0.112609
      0.6      0.15  0.108667  0.112358
      0.8      0.15  0.113333  0.111933
      0.9      0.15     0.112   0.11025
     0.95      0.15  0.105333  0.107564
     0.99      0.15  0.101333  0.101517
    0.999      0.15 0.0906667 0.0879495
   0.9999      0.15 0.0666667 0.0752647
        0       0.2  0.479333      0.49
      0.2       0.2  0.109333  0.110388
      0.4       0.2     0.108  0.109252
      0.6       0.2  0.107333  0.108105
      0.8       0.2     0.106  0.104767
      0.9       0.2     0.096   0.10016
     0.95       0.2 0.0866667 0.0957408
     0.99       0.2      0.08 0.0876141
    0.999       0.2     0.082 0.0933264
   0.9999       0.2  0.105333   0.11633
        0       0.3  0.479333      0.49
      0.2       0.3  0.105333  0.112638
      0.4       0.3  0.100667  0.109204
      0.6       0.3 0.0946667  0.106005
      0.8       0.3 0.0853333  0.102177
      0.9       0.3      0.08  0.100932
     0.95       0.3     0.078  0.102995
     0.99       0.3 0.0666667  0.118865
    0.999       0.3     0.062  0.176173
   0.9999       0.3 0.0973333  0.306085
        0       0.4  0.479333      0.49
      0.2       0.4  0.105333  0.126285
      0.4       0.4  0.101333  0.120875
      0.6       0.4     0.094  0.118103
      0.8       0.4      0.08  0.119425
      0.9       0.4 0.0713333  0.127173
     0.95       0.4 0.0593333  0.142703
     0.99       0.4      0.05  0.224468
    0.999       0.4      0.04  0.413075
   0.9999       0.4  0.453333   0.48874
        0       0.5  0.479333      0.49
      0.2       0.5  0.115333  0.150928
      0.4       0.5     0.106  0.150126
      0.6       0.5 0.0953333   0.15389
      0.8       0.5     0.078  0.171097
      0.9       0.5 0.0693333  0.203244
     0.95       0.5 0.0606667  0.251552
     0.99       0.5 0.0946667  0.389613
    0.999       0.5     0.476  0.484916
   0.9999       0.5  0.510667  0.499082
        0       0.6  0.479333      0.49
      0.2       0.6  0.123333  0.185097
      0.4       0.6     0.116  0.193392
      0.6       0.6     0.108  0.210295
      0.8       0.6 0.0993333  0.252559
      0.9       0.6     0.106  0.307899
     0.95       0.6  0.132667  0.366176
     0.99       0.6  0.329333  0.459809
    0.999       0.6     0.506  0.496114
   0.9999       0.6  0.510667   0.50046
        0       0.7  0.479333      0.49
      0.2       0.7  0.132667  0.227005
      0.4       0.7     0.128  0.243944
      0.6       0.7  0.125333  0.272209
      0.8       0.7  0.138667  0.327993
      0.9       0.7     0.172  0.383062
     0.95       0.7      0.24  0.427421
     0.99       0.7  0.479333  0.481191
    0.999       0.7  0.510667  0.498796
   0.9999       0.7  0.510667  0.500859
        0       0.8  0.479333      0.49
      0.2       0.8     0.136  0.272303
      0.4       0.8  0.137333  0.294497
      0.6       0.8  0.141333  0.327544
      0.8       0.8      0.18  0.382218
      0.9       0.8  0.249333   0.42623
     0.95       0.8     0.356  0.456454
     0.99       0.8  0.498667    0.4891
    0.999       0.8  0.510667  0.499688
   0.9999       0.8  0.510667  0.500964
        0       0.9  0.479333      0.49
      0.2       0.9  0.141333  0.314759
      0.4       0.9  0.146667  0.338413
      0.6       0.9  0.165333  0.370628
      0.8       0.9     0.224  0.417407
      0.9       0.9  0.315333  0.450277
     0.95       0.9  0.427333  0.470939
     0.99       0.9  0.500667  0.492573
    0.999       0.9  0.510667  0.500001
   0.9999       0.9  0.510667  0.500931
        0         1  0.479333      0.49
      0.2         1     0.148   0.35037
      0.4         1  0.157333  0.372895
      0.6         1  0.180667  0.401542
      0.8         1     0.254  0.439479
      0.9         1  0.371333  0.463923
     0.95         1  0.469333  0.478627
     0.99         1  0.500667  0.494269
    0.999         1  0.510667  0.500091
   0.9999         1  0.510667  0.500844
        0         2  0.479333      0.49
      0.2         2  0.184667  0.462905
      0.4         2  0.215333  0.469378
      0.6         2  0.266667  0.476224
      0.8         2  0.396667  0.483678
      0.9         2     0.494  0.488094
     0.95         2  0.500667  0.491174
     0.99         2  0.500667  0.496561
    0.999         2  0.500667  0.499774
   0.9999         2  0.510667  0.500235
        0         4  0.479333      0.49
      0.2         4  0.199333  0.483863
      0.4         4      0.23  0.485485
      0.6         4     0.284  0.487202
      0.8         4     0.434  0.489226
      0.9         4  0.500667  0.490805
     0.95         4  0.500667  0.492434
     0.99         4  0.500667  0.496646
    0.999         4  0.500667  0.499591
   0.9999         4  0.510667  0.500024