       0     0.05 0.496667 0.496667
       0      0.1 0.496667 0.496667
       0     0.15 0.496667 0.496667
       0      0.2 0.496667 0.496667
       0      0.3 0.496667 0.496667
       0      0.4 0.496667 0.496667
       0      0.5 0.496667 0.496667
       0      0.6 0.496667 0.496667
       0      0.7 0.496667 0.496667
       0      0.8 0.496667 0.496667
       0      0.9 0.496667 0.496667
       0        1 0.496667 0.496667
       0        2 0.496667 0.496667
       0        4 0.496667 0.496667
     0.2     0.05 0.326667    0.358
     0.2      0.1 0.385333 0.383346
     0.2     0.15 0.380667 0.381419
     0.2      0.2 0.371333 0.373995
     0.2      0.3 0.415333 0.408919
     0.2      0.4    0.408 0.408165
     0.2      0.5 0.394667 0.398732
     0.2      0.6 0.386667 0.392309
     0.2      0.7    0.376 0.387293
     0.2      0.8    0.372 0.385405
     0.2      0.9 0.370667 0.385952
     0.2        1 0.373333 0.387724
     0.2        2     0.43 0.424923
     0.2        4 0.426667 0.481595
     0.4     0.05     0.33 0.358667
     0.4      0.1 0.389333 0.388811
     0.4     0.15 0.384667  0.38563
     0.4      0.2    0.382 0.381351
     0.4      0.3 0.394667 0.399032
     0.4      0.4 0.407333 0.406513
     0.4      0.5    0.404 0.401704
     0.4      0.6 0.386667  0.39456
     0.4      0.7 0.379333 0.390537
     0.4      0.8 0.371333 0.387528
     0.4      0.9    0.372  0.38669
     0.4        1    0.374 0.388482
     0.4        2    0.428 0.431248
     0.4        4 0.435333 0.484696
     0.6     0.05     0.33 0.359333
     0.6      0.1    0.394 0.394148
     0.6     0.15 0.388667 0.389103
     0.6      0.2 0.386667 0.388073
     0.6      0.3 0.379333 0.388661
     0.6      0.4 0.427333 0.410805
     0.6      0.5 0.406667 0.401108
     0.6      0.6 0.395333 0.396491
     0.6      0.7 0.392667 0.393761
     0.6      0.8 0.381333  0.38941
     0.6      0.9 0.379333 0.387485
     0.6        1 0.379333 0.389602
     0.6        2 0.426667 0.440683
     0.6        4     0.44 0.488191
     0.8     0.05 0.331333     0.36
     0.8      0.1 0.399333 0.398549
     0.8     0.15 0.397333 0.397481
     0.8      0.2    0.396 0.394471
     0.8      0.3    0.388 0.389248
     0.8      0.4     0.43 0.409788
     0.8      0.5    0.418 0.407196
     0.8      0.6 0.408667 0.400191
     0.8      0.7 0.409333 0.395472
     0.8      0.8 0.409333  0.39192
     0.8      0.9    0.404 0.388935
     0.8        1 0.392667 0.392467
     0.8        2 0.423333 0.456835
     0.8        4    0.446 0.492196
     0.9     0.05 0.332667     0.36
     0.9      0.1 0.399333 0.398765
     0.9     0.15 0.398667 0.398561
     0.9      0.2    0.396 0.396183
     0.9      0.3 0.389333 0.389772
     0.9      0.4 0.429333 0.408763
     0.9      0.5    0.412 0.407332
     0.9      0.6    0.412 0.403151
     0.9      0.7 0.406667 0.396376
     0.9      0.8 0.409333 0.392833
     0.9      0.9    0.404 0.392162
     0.9        1    0.404 0.398214
     0.9        2     0.42 0.470929
     0.9        4 0.452667 0.494487
    0.95     0.05 0.332667 0.361333
    0.95      0.1 0.398667 0.398943
    0.95     0.15 0.398667  0.39861
    0.95      0.2 0.396667   0.3964
    0.95      0.3 0.388667 0.389652
    0.95      0.4 0.428667 0.408331
    0.95      0.5 0.411333 0.406416
    0.95      0.6 0.414667 0.402051
    0.95      0.7 0.399333 0.395556
    0.95      0.8 0.404667 0.394683
    0.95      0.9 0.389333 0.398041
    0.95        1 0.404667  0.40674
    0.95        2    0.452 0.481566
    0.95        4     0.46 0.495826
    0.99     0.05    0.334    0.363
    0.99      0.1 0.398667 0.398718
    0.99     0.15 0.398667 0.398226
    0.99      0.2 0.396667 0.396334
    0.99      0.3    0.384 0.386359
    0.99      0.4 0.410667 0.409055
    0.99      0.5 0.406667 0.401142
    0.99      0.6 0.393333 0.393582
    0.99      0.7    0.372 0.397587
    0.99      0.8 0.386667 0.410538
    0.99      0.9 0.422667 0.419749
    0.99        1 0.432667  0.43158
    0.99        2 0.404667   0.4942
    0.99        4    0.438  0.49772
   0.999     0.05    0.334 0.363667
   0.999      0.1 0.398667 0.398668
   0.999     0.15 0.396667 0.396669
   0.999      0.2    0.396 0.395756
   0.999      0.3    0.384 0.399255
   0.999      0.4 0.406667 0.405257
   0.999      0.5 0.406667 0.390454
   0.999      0.6 0.366667 0.400396
   0.999      0.7 0.419333 0.430176
   0.999      0.8 0.471333 0.439032
   0.999      0.9 0.453333 0.450697
   0.999        1    0.436 0.464056
   0.999        2 0.496667 0.499123
   0.999        4 0.496667 0.499527
  0.9999     0.05    0.334 0.364667
  0.9999      0.1 0.398667 0.398636
  0.9999     0.15 0.396667 0.396663
  0.9999      0.2 0.384667 0.384986
  0.9999      0.3 0.429333 0.417181
  0.9999      0.4 0.406667 0.398971
  0.9999      0.5 0.361333 0.394643
  0.9999      0.6    0.484 0.442381
  0.9999      0.7 0.484667 0.449128
  0.9999      0.8 0.398667 0.458372
  0.9999      0.9 0.372667 0.471713
  0.9999        1    0.454 0.485172
  0.9999        2      0.5 0.499904
  0.9999        4 0.496667 0.499947