       0     0.05    0.486 0.496667
     0.2     0.05 0.485333 0.496333
     0.4     0.05 0.485333 0.496333
     0.6     0.05 0.485333 0.496333
     0.8     0.05 0.485333 0.496333
     0.9     0.05 0.485333 0.496333
    0.95     0.05 0.485333 0.496333
    0.99     0.05 0.485333 0.496333
   0.999     0.05 0.485333 0.496333
  0.9999     0.05 0.485333 0.496333
       0      0.1    0.486 0.496667
     0.2      0.1 0.183333 0.178228
     0.4      0.1 0.164667   0.1668
     0.6      0.1 0.164667  0.16515
     0.8      0.1    0.162 0.164165
     0.9      0.1    0.164 0.165294
    0.95      0.1 0.166667  0.16738
    0.99      0.1 0.175333 0.174425
   0.999      0.1 0.179333 0.179519
  0.9999      0.1 0.173333 0.174743
       0     0.15    0.486 0.496667
     0.2     0.15 0.191333 0.191838
     0.4     0.15     0.18 0.184312
     0.6     0.15 0.177333 0.176672
     0.8     0.15 0.166667 0.173167
     0.9     0.15 0.164667 0.173873
    0.95     0.15 0.167333 0.176006
    0.99     0.15 0.165333  0.17613
   0.999     0.15     0.16 0.169171
  0.9999     0.15     0.15 0.156939
       0      0.2    0.486 0.496667
     0.2      0.2    0.198 0.199782
     0.4      0.2 0.193333  0.19157
     0.6      0.2 0.186667 0.185544
     0.8      0.2    0.178 0.180925
     0.9      0.2 0.180667 0.180054
    0.95      0.2    0.188 0.179105
    0.99      0.2 0.177333 0.171517
   0.999      0.2    0.154 0.167333
  0.9999      0.2     0.19 0.197693
       0      0.3    0.486 0.496667
     0.2      0.3 0.221333 0.224919
     0.4      0.3 0.205333 0.209651
     0.6      0.3 0.199333 0.198907
     0.8      0.3 0.192667 0.191282
     0.9      0.3 0.187333  0.19105
    0.95      0.3 0.192667 0.195239
    0.99      0.3 0.212667 0.216427
   0.999      0.3     0.24 0.262126
  0.9999      0.3     0.29 0.331866
       0      0.4    0.486 0.496667
     0.2      0.4 0.234667  0.24939
     0.4      0.4    0.224 0.236613
     0.6      0.4 0.214667 0.226737
     0.8      0.4    0.212  0.22131
     0.9      0.4 0.205333 0.224559
    0.95      0.4    0.208 0.233483
    0.99      0.4 0.220667 0.280241
   0.999      0.4 0.287333 0.417812
  0.9999      0.4 0.487333  0.48703
       0      0.5    0.486 0.496667
     0.2      0.5     0.25 0.272885
     0.4      0.5 0.237333 0.264118
     0.6      0.5    0.218 0.258689
     0.8      0.5 0.213333 0.260318
     0.9      0.5 0.209333 0.274237
    0.95      0.5    0.206 0.301471
    0.99      0.5    0.244 0.399598
   0.999      0.5 0.447333  0.48328
  0.9999      0.5 0.489333 0.497213
       0      0.6    0.486 0.496667
     0.2      0.6 0.251333  0.28527
     0.4      0.6 0.234667 0.283434
     0.6      0.6 0.220667 0.286877
     0.8      0.6    0.214 0.306021
     0.9      0.6 0.211333 0.339613
    0.95      0.6 0.223333 0.381056
    0.99      0.6      0.3 0.459202
   0.999      0.6    0.484 0.494111
  0.9999      0.6 0.489333 0.498626
       0      0.7    0.486 0.496667
     0.2      0.7    0.236 0.297717
     0.4      0.7 0.228667 0.303056
     0.6      0.7 0.223333 0.316501
     0.8      0.7 0.217333 0.350969
     0.9      0.7 0.232667 0.391648
    0.95      0.7 0.259333 0.428713
    0.99      0.7     0.37 0.478995
   0.999      0.7    0.486 0.496761
  0.9999      0.7 0.489333 0.499006
       0      0.8    0.486 0.496667
     0.2      0.8 0.227333 0.315777
     0.4      0.8 0.225333  0.32719
     0.6      0.8 0.222667 0.347684
     0.8      0.8 0.225333 0.387988
     0.9      0.8 0.252667 0.425583
    0.95      0.8 0.284667 0.454205
    0.99      0.8     0.43 0.487024
   0.999      0.8    0.486 0.497732
  0.9999      0.8 0.489333 0.499155
       0      0.9    0.486 0.496667
     0.2      0.9 0.231333 0.337566
     0.4      0.9 0.229333 0.352817
     0.6      0.9 0.226667 0.376432
     0.8      0.9 0.236667 0.415888
     0.9      0.9 0.271333 0.447393
    0.95      0.9 0.309333 0.468772
    0.99      0.9 0.463333 0.491001
   0.999      0.9    0.486 0.498208
  0.9999      0.9 0.489333 0.499244
       0        1    0.486 0.496667
     0.2        1 0.236667 0.359695
     0.4        1 0.235333 0.376604
     0.6        1 0.232667 0.400447
     0.8        1 0.246667  0.43604
     0.9        1 0.286667 0.461515
    0.95        1 0.346667 0.477495
    0.99        1 0.477333 0.493192
   0.999        1    0.486 0.498493
  0.9999        1 0.489333 0.499319
       0        2    0.486 0.496667
     0.2        2    0.242 0.462356
     0.4        2     0.24 0.469976
     0.6        2 0.250667 0.478168
     0.8        2    0.288 0.487024
     0.9        2 0.368667 0.491786
    0.95        2 0.462667 0.494369
    0.99        2    0.486 0.497259
   0.999        2    0.486 0.499292
  0.9999        2 0.489333 0.499737
       0        4    0.486 0.496667
     0.2        4    0.244 0.488546
     0.4        4    0.246 0.490524
     0.6        4 0.252667 0.492542
     0.8        4    0.298 0.494629
     0.9        4      0.4  0.49576
    0.95        4    0.482 0.496463
    0.99        4    0.486 0.497826
   0.999        4    0.486 0.499496
  0.9999        4    0.486 0.499894