        0      0.05  0.196667  0.496667
      0.2      0.05  0.196667  0.494333
      0.4      0.05  0.196667  0.494333
      0.6      0.05  0.196667  0.494333
      0.8      0.05  0.196667  0.494333
      0.9      0.05  0.196667  0.494333
     0.95      0.05  0.196667  0.494333
     0.99      0.05  0.196667  0.494333
    0.999      0.05  0.196667  0.494333
   0.9999      0.05  0.196667  0.494333
        0       0.1  0.196667  0.496667
      0.2       0.1  0.143333  0.142657
      0.4       0.1     0.144  0.141282
      0.6       0.1  0.138667  0.139901
      0.8       0.1      0.14   0.13962
      0.9       0.1  0.138667   0.13923
     0.95       0.1     0.138  0.138596
     0.99       0.1  0.138667  0.138791
    0.999       0.1      0.14  0.139182
   0.9999       0.1  0.139333  0.139523
        0      0.15  0.196667  0.496667
      0.2      0.15  0.144667  0.144426
      0.4      0.15  0.143333  0.142988
      0.6      0.15  0.140667  0.141987
      0.8      0.15  0.139333  0.141074
      0.9      0.15     0.138  0.140542
     0.95      0.15  0.138667  0.140543
     0.99      0.15  0.140667  0.141109
    0.999      0.15      0.14  0.140792
   0.9999      0.15  0.139333  0.140358
        0       0.2  0.196667  0.496667
      0.2       0.2     0.144  0.144059
      0.4       0.2  0.144667  0.143884
      0.6       0.2     0.142  0.143023
      0.8       0.2  0.140667  0.142199
      0.9       0.2  0.140667  0.141654
     0.95       0.2  0.139333   0.14147
     0.99       0.2     0.136  0.140623
    0.999       0.2  0.139333  0.139404
   0.9999       0.2     0.136  0.137673
        0       0.3  0.196667  0.496667
      0.2       0.3  0.138667  0.139106
      0.4       0.3      0.14  0.141999
      0.6       0.3  0.143333  0.143045
      0.8       0.3  0.137333  0.143057
      0.9       0.3     0.136  0.142549
     0.95       0.3  0.132667  0.141528
     0.99       0.3  0.133333  0.136881
    0.999       0.3     0.106  0.110936
   0.9999       0.3     0.094 0.0984643
        0       0.4  0.196667  0.496667
      0.2       0.4  0.131333  0.137092
      0.4       0.4  0.133333  0.138777
      0.6       0.4  0.132667  0.139966
      0.8       0.4     0.136  0.140612
      0.9       0.4  0.132667  0.139183
     0.95       0.4  0.128667  0.135841
     0.99       0.4  0.118667  0.124375
    0.999       0.4 0.0893333  0.121391
   0.9999       0.4 0.0953333  0.112655
        0       0.5  0.196667  0.496667
      0.2       0.5  0.121333  0.145115
      0.4       0.5     0.116  0.142565
      0.6       0.5  0.124667  0.141881
      0.8       0.5  0.123333  0.141279
      0.9       0.5  0.116667  0.139801
     0.95       0.5  0.120667  0.137107
     0.99       0.5 0.0906667  0.135749
    0.999       0.5 0.0773333  0.137744
   0.9999       0.5     0.084  0.137048
        0       0.6  0.196667  0.496667
      0.2       0.6  0.127333  0.165594
      0.4       0.6  0.119333   0.15919
      0.6       0.6  0.116667  0.156633
      0.8       0.6  0.109333  0.155665
      0.9       0.6  0.105333  0.156151
     0.95       0.6  0.102667  0.158265
     0.99       0.6 0.0706667  0.167926
    0.999       0.6     0.074  0.175025
   0.9999       0.6  0.119333  0.210921
        0       0.7  0.196667  0.496667
      0.2       0.7  0.135333  0.191797
      0.4       0.7  0.117333  0.186063
      0.6       0.7  0.115333  0.182959
      0.8       0.7  0.109333  0.182713
      0.9       0.7  0.103333  0.186344
     0.95       0.7 0.0953333  0.192579
     0.99       0.7 0.0733333  0.207039
    0.999       0.7       0.1  0.236819
   0.9999       0.7  0.192667  0.284482
        0       0.8  0.196667  0.496667
      0.2       0.8     0.142  0.215984
      0.4       0.8  0.120667  0.212713
      0.6       0.8  0.113333  0.211395
      0.8       0.8  0.100667  0.214949
      0.9       0.8     0.096  0.222843
     0.95       0.8 0.0926667  0.232112
     0.99       0.8 0.0786667  0.254194
    0.999       0.8     0.168  0.299272
   0.9999       0.8     0.198  0.326853
        0       0.9  0.196667  0.496667
      0.2       0.9  0.149333  0.243845
      0.4       0.9  0.125333  0.242824
      0.6       0.9  0.110667  0.244593
      0.8       0.9  0.100667  0.252835
      0.9       0.9     0.098  0.263932
     0.95       0.9 0.0886667  0.275545
     0.99       0.9  0.109333  0.304732
    0.999       0.9  0.190667  0.343684
   0.9999       0.9  0.199333  0.356677
        0         1  0.196667  0.496667
      0.2         1  0.157333  0.275243
      0.4         1  0.132667  0.276845
      0.6         1     0.116  0.281566
      0.8         1  0.104667  0.293172
      0.9         1     0.102  0.306202
     0.95         1 0.0906667  0.319359
     0.99         1  0.150667  0.349568
    0.999         1     0.196  0.375837
   0.9999         1       0.2  0.382202
        0         2  0.196667  0.496667
      0.2         2      0.19   0.45118
      0.4         2  0.176667  0.456796
      0.6         2  0.160667  0.463179
      0.8         2  0.149333  0.470783
      0.9         2     0.158  0.475357
     0.95         2     0.188  0.478016
     0.99         2  0.196667  0.480988
    0.999         2  0.196667   0.48318
   0.9999         2       0.2  0.483751
        0         4  0.196667  0.496667
      0.2         4  0.251333  0.489612
      0.4         4  0.231333  0.490794
      0.6         4     0.204  0.492014
      0.8         4     0.178    0.4933
      0.9         4      0.17  0.494028
     0.95         4  0.194667  0.494525
     0.99         4  0.196667  0.495707
    0.999         4  0.196667  0.497359
   0.9999         4  0.196667  0.497768