       0     0.05 0.823333 0.822222
     0.2     0.05 0.526667 0.528606
     0.4     0.05    0.524 0.524541
     0.6     0.05    0.522 0.523444
     0.8     0.05 0.519333 0.521444
     0.9     0.05 0.517333 0.519778
    0.95     0.05 0.517333 0.519778
    0.99     0.05    0.516 0.516556
   0.999     0.05 0.515333 0.514555
  0.9999     0.05 0.511333 0.512796
       0      0.1 0.823333 0.822222
     0.2      0.1 0.379333 0.379698
     0.4      0.1    0.376 0.376762
     0.6      0.1    0.376 0.374694
     0.8      0.1 0.372667 0.371733
     0.9      0.1     0.37 0.369415
    0.95      0.1 0.368667 0.367581
    0.99      0.1 0.366667 0.365815
   0.999      0.1 0.365333 0.366153
  0.9999      0.1 0.368667 0.367801
       0     0.15 0.823333 0.822222
     0.2     0.15    0.384 0.386086
     0.4     0.15    0.386 0.384501
     0.6     0.15    0.378 0.380505
     0.8     0.15    0.372 0.373247
     0.9     0.15    0.368 0.368845
    0.95     0.15 0.365333 0.367035
    0.99     0.15     0.37 0.369712
   0.999     0.15 0.359333 0.366341
  0.9999     0.15 0.367333 0.367638
       0      0.2 0.823333 0.822222
     0.2      0.2 0.388667  0.38854
     0.4      0.2 0.384667 0.386836
     0.6      0.2    0.386 0.384672
     0.8      0.2 0.383333  0.37933
     0.9      0.2 0.378667 0.375229
    0.95      0.2 0.373333 0.375922
    0.99      0.2 0.368667 0.376805
   0.999      0.2 0.361333 0.376195
  0.9999      0.2 0.379333 0.385013
       0      0.3 0.823333 0.822222
     0.2      0.3 0.404667 0.405321
     0.4      0.3 0.389333 0.391862
     0.6      0.3 0.387333 0.387014
     0.8      0.3    0.386 0.382314
     0.9      0.3 0.384667 0.381487
    0.95      0.3 0.383333 0.383583
    0.99      0.3 0.397333  0.39137
   0.999      0.3    0.372 0.388861
  0.9999      0.3 0.379333 0.387515
       0      0.4 0.823333 0.822222
     0.2      0.4 0.417333 0.420414
     0.4      0.4     0.41 0.408996
     0.6      0.4 0.396667 0.397569
     0.8      0.4 0.390667 0.390171
     0.9      0.4    0.396 0.389475
    0.95      0.4    0.394 0.390614
    0.99      0.4     0.39  0.39106
   0.999      0.4     0.38 0.400448
  0.9999      0.4 0.432667 0.441081
       0      0.5 0.823333 0.822222
     0.2      0.5 0.435333 0.443343
     0.4      0.5 0.409333 0.420524
     0.6      0.5 0.411333  0.40944
     0.8      0.5 0.398667 0.399432
     0.9      0.5    0.394 0.396728
    0.95      0.5 0.388667 0.396762
    0.99      0.5    0.374 0.404814
   0.999      0.5 0.386667 0.444603
  0.9999      0.5 0.447333 0.470555
       0      0.6 0.823333 0.822222
     0.2      0.6    0.454 0.470496
     0.4      0.6    0.426 0.441264
     0.6      0.6 0.408667 0.422573
     0.8      0.6 0.404667 0.411005
     0.9      0.6    0.394 0.408322
    0.95      0.6    0.388 0.410454
    0.99      0.6    0.392 0.434565
   0.999      0.6    0.448 0.494223
  0.9999      0.6    0.464 0.596313
       0      0.7 0.823333 0.822222
     0.2      0.7    0.476 0.492113
     0.4      0.7 0.443333 0.466291
     0.6      0.7 0.420667 0.445444
     0.8      0.7 0.395333 0.430924
     0.9      0.7    0.396 0.431139
    0.95      0.7 0.396667 0.440457
    0.99      0.7    0.454 0.493772
   0.999      0.7 0.468667 0.619993
  0.9999      0.7 0.649333 0.751725
       0      0.8 0.823333 0.822222
     0.2      0.8 0.495333 0.509001
     0.4      0.8 0.457333 0.491756
     0.6      0.8 0.435333 0.477127
     0.8      0.8 0.399333 0.469481
     0.9      0.8 0.400667 0.479399
    0.95      0.8 0.446667 0.503449
    0.99      0.8    0.468 0.593988
   0.999      0.8 0.609333 0.733477
  0.9999      0.8 0.830667 0.813815
       0      0.9 0.823333 0.822222
     0.2      0.9 0.505333  0.52635
     0.4      0.9    0.478 0.517909
     0.6      0.9 0.455333 0.513691
     0.8      0.9    0.438 0.522489
     0.9      0.9 0.450667 0.547689
    0.95      0.9 0.453333 0.584473
    0.99      0.9 0.507333 0.684446
   0.999      0.9    0.792 0.794737
  0.9999      0.9 0.833333 0.828164
       0        1 0.823333 0.822222
     0.2        1 0.513333 0.547134
     0.4        1 0.499333 0.546931
     0.6        1     0.49 0.553233
     0.8        1 0.476667 0.577815
     0.9        1 0.487333 0.614211
    0.95        1 0.510667 0.656128
    0.99        1    0.632 0.748838
   0.999        1 0.826667 0.818003
  0.9999        1 0.833333 0.831569
       0        2 0.823333 0.822222
     0.2        2 0.607333 0.756456
     0.4        2 0.667333 0.768721
     0.6        2 0.699333 0.783128
     0.8        2 0.729333 0.800745
     0.9        2 0.813333 0.811617
    0.95        2 0.823333 0.818317
    0.99        2 0.823333 0.827146
   0.999        2    0.832 0.832376
  0.9999        2 0.833333 0.833231
       0        4 0.823333 0.822222
     0.2        4 0.823333 0.813206
     0.4        4 0.823333 0.815432
     0.6        4 0.823333 0.817796
     0.8        4 0.823333 0.820468
     0.9        4 0.823333  0.82229
    0.95        4 0.823333 0.823945
    0.99        4 0.823333 0.828469
   0.999        4 0.833333 0.832552
  0.9999        4 0.833333  0.83325