       0     0.05     0.49     0.49
       0      0.1     0.49     0.49
       0     0.15     0.49     0.49
       0      0.2     0.49     0.49
       0      0.3     0.49     0.49
       0      0.4     0.49     0.49
       0      0.5     0.49     0.49
       0      0.6     0.49     0.49
       0      0.7     0.49     0.49
       0      0.8     0.49     0.49
       0      0.9     0.49     0.49
       0        1     0.49     0.49
       0        2     0.49     0.49
       0        4     0.49     0.49
     0.2     0.05     0.49     0.49
     0.2      0.1 0.448667 0.446289
     0.2     0.15 0.440667  0.43993
     0.2      0.2    0.416 0.432382
     0.2      0.3 0.401333 0.427717
     0.2      0.4 0.380667 0.431629
     0.2      0.5 0.363333 0.443593
     0.2      0.6     0.35 0.455073
     0.2      0.7 0.342667 0.463452
     0.2      0.8 0.338667 0.469342
     0.2      0.9 0.337333 0.473541
     0.2        1 0.337333 0.476609
     0.2        2 0.337333 0.486659
     0.2        4    0.334 0.489202
     0.4     0.05     0.49     0.49
     0.4      0.1     0.45 0.449776
     0.4     0.15 0.443333 0.445171
     0.4      0.2    0.438 0.439744
     0.4      0.3    0.418 0.438368
     0.4      0.4 0.386667 0.443856
     0.4      0.5 0.368667 0.453743
     0.4      0.6 0.361333 0.463024
     0.4      0.7    0.358 0.469683
     0.4      0.8 0.353333 0.474301
     0.4      0.9 0.350667 0.477562
     0.4        1 0.346667 0.479928
     0.4        2 0.343333 0.487582
     0.4        4    0.342 0.489496
     0.6     0.05     0.49     0.49
     0.6      0.1 0.452667 0.452225
     0.6     0.15    0.452 0.448918
     0.6      0.2    0.452 0.445653
     0.6      0.3 0.437333 0.449278
     0.6      0.4 0.416667 0.456728
     0.6      0.5 0.389333 0.464725
     0.6      0.6    0.394 0.471562
     0.6      0.7    0.388 0.476306
     0.6      0.8    0.386 0.479536
     0.6      0.9 0.381333 0.481791
     0.6        1 0.379333 0.483413
     0.6        2    0.388 0.488591
     0.6        4     0.39 0.489868
     0.8     0.05     0.49     0.49
     0.8      0.1 0.452667 0.453637
     0.8     0.15 0.451333 0.452393
     0.8      0.2 0.449333 0.451885
     0.8      0.3    0.454 0.463205
     0.8      0.4 0.457333  0.47183
     0.8      0.5    0.458  0.47717
     0.8      0.6     0.46 0.481055
     0.8      0.7 0.461333  0.48361
     0.8      0.8 0.467333 0.485304
     0.8      0.9 0.468667 0.486468
     0.8        1 0.469333 0.487298
     0.8        2 0.469333 0.489901
     0.8        4 0.469333 0.490533
     0.9     0.05     0.49     0.49
     0.9      0.1 0.457333 0.455026
     0.9     0.15 0.456667 0.454718
     0.9      0.2    0.458 0.456436
     0.9      0.3 0.470667 0.473375
     0.9      0.4 0.477333 0.481241
     0.9      0.5 0.483333 0.484584
     0.9      0.6 0.486667 0.486699
     0.9      0.7 0.488667 0.488023
     0.9      0.8 0.488667  0.48888
     0.9      0.9 0.489333  0.48946
     0.9        1 0.489333 0.489869
     0.9        2     0.49 0.491128
     0.9        4     0.49 0.491428
    0.95     0.05     0.49     0.49
    0.95      0.1 0.457333 0.456614
    0.95     0.15 0.458667 0.456399
    0.95      0.2    0.462   0.4601
    0.95      0.3 0.478667 0.480676
    0.95      0.4    0.488 0.487232
    0.95      0.5 0.489333 0.489325
    0.95      0.6     0.49 0.490473
    0.95      0.7     0.49 0.491146
    0.95      0.8     0.49 0.491565
    0.95      0.9     0.49  0.49184
    0.95        1     0.49  0.49203
    0.95        2     0.49 0.492588
    0.95        4     0.49 0.492714
    0.99     0.05     0.49     0.49
    0.99      0.1    0.462 0.457995
    0.99     0.15     0.46 0.458983
    0.99      0.2    0.466 0.466821
    0.99      0.3 0.488667  0.49053
    0.99      0.4     0.49 0.495044
    0.99      0.5     0.49 0.495975
    0.99      0.6     0.49  0.49633
    0.99      0.7     0.49 0.496491
    0.99      0.8     0.49  0.49657
    0.99      0.9     0.49  0.49661
    0.99        1     0.49 0.496632
    0.99        2     0.49 0.496655
    0.99        4     0.49 0.496649
   0.999     0.05     0.49     0.49
   0.999      0.1 0.459333 0.457242
   0.999     0.15 0.456667 0.460367
   0.999      0.2 0.484667 0.477531
   0.999      0.3    0.496 0.497161
   0.999      0.4      0.5 0.499226
   0.999      0.5      0.5  0.49944
   0.999      0.6      0.5 0.499501
   0.999      0.7 0.499333 0.499524
   0.999      0.8 0.497333 0.499533
   0.999      0.9 0.490667 0.499536
   0.999        1     0.49 0.499537
   0.999        2     0.49  0.49953
   0.999        4     0.49 0.499525
  0.9999     0.05     0.49     0.49
  0.9999      0.1 0.458667 0.457602
  0.9999     0.15    0.452 0.461545
  0.9999      0.2 0.489333 0.486316
  0.9999      0.3      0.5 0.499512
  0.9999      0.4      0.5 0.499916
  0.9999      0.5      0.5 0.499941
  0.9999      0.6      0.5 0.499948
  0.9999      0.7      0.5 0.499951
  0.9999      0.8      0.5 0.499951
  0.9999      0.9      0.5 0.499952
  0.9999        1      0.5 0.499952
  0.9999        2      0.5 0.499951
  0.9999        4     0.49  0.49995