        0      0.05  0.193333  0.493333
      0.2      0.05  0.193333  0.374667
      0.4      0.05  0.193333  0.374667
      0.6      0.05  0.193333  0.374333
      0.8      0.05  0.193333  0.374333
      0.9      0.05  0.193333  0.374333
     0.95      0.05  0.193333  0.374333
     0.99      0.05  0.193333  0.374333
    0.999      0.05  0.193333  0.374333
   0.9999      0.05  0.193333  0.374333
        0       0.1  0.193333  0.493333
      0.2       0.1  0.111333  0.111989
      0.4       0.1     0.112  0.111612
      0.6       0.1     0.112  0.112001
      0.8       0.1  0.112667  0.112121
      0.9       0.1  0.112667  0.110942
     0.95       0.1     0.112  0.108291
     0.99       0.1  0.100667  0.101704
    0.999       0.1 0.0986667 0.0991624
   0.9999       0.1  0.100667  0.100093
        0      0.15  0.193333  0.493333
      0.2      0.15  0.117333  0.115701
      0.4      0.15     0.112  0.112962
      0.6      0.15      0.11  0.111529
      0.8      0.15     0.112  0.109986
      0.9      0.15  0.106667  0.106055
     0.95      0.15 0.0973333  0.102585
     0.99      0.15  0.100667  0.101637
    0.999      0.15 0.0993333  0.100916
   0.9999      0.15  0.100667 0.0996968
        0       0.2  0.193333  0.493333
      0.2       0.2     0.122  0.118672
      0.4       0.2  0.118667   0.11554
      0.6       0.2     0.112  0.112748
      0.8       0.2  0.108667  0.109117
      0.9       0.2     0.104  0.105335
     0.95       0.2  0.100667  0.104106
     0.99       0.2  0.101333  0.102765
    0.999       0.2 0.0973333 0.0954329
   0.9999       0.2      0.09  0.090764
        0       0.3  0.193333  0.493333
      0.2       0.3     0.126  0.128293
      0.4       0.3     0.118  0.122098
      0.6       0.3  0.113333  0.117057
      0.8       0.3     0.104  0.111164
      0.9       0.3 0.0993333  0.106389
     0.95       0.3 0.0993333  0.102803
     0.99       0.3 0.0706667 0.0978749
    0.999       0.3 0.0706667 0.0965895
   0.9999       0.3 0.0973333  0.109866
        0       0.4  0.193333  0.493333
      0.2       0.4     0.142  0.146588
      0.4       0.4  0.121333   0.13429
      0.6       0.4     0.112  0.124459
      0.8       0.4 0.0973333  0.113397
      0.9       0.4 0.0826667  0.105497
     0.95       0.4 0.0646667   0.10113
     0.99       0.4 0.0566667  0.104797
    0.999       0.4 0.0966667  0.116227
   0.9999       0.4  0.105333  0.118344
        0       0.5  0.193333  0.493333
      0.2       0.5      0.15  0.161811
      0.4       0.5  0.133333  0.147045
      0.6       0.5  0.114667  0.134234
      0.8       0.5     0.086  0.120831
      0.9       0.5 0.0626667  0.114556
     0.95       0.5     0.058  0.113753
     0.99       0.5     0.064  0.119642
    0.999       0.5 0.0966667  0.125609
   0.9999       0.5  0.127333  0.153435
        0       0.6  0.193333  0.493333
      0.2       0.6  0.155333  0.175825
      0.4       0.6     0.136  0.161791
      0.6       0.6     0.114  0.150485
      0.8       0.6 0.0873333  0.141316
      0.9       0.6 0.0666667  0.139956
     0.95       0.6 0.0546667  0.142751
     0.99       0.6     0.078  0.151558
    0.999       0.6      0.11  0.168466
   0.9999       0.6  0.194667   0.20847
        0       0.7  0.193333  0.493333
      0.2       0.7     0.156  0.193985
      0.4       0.7  0.133333  0.183372
      0.6       0.7  0.113333  0.176641
      0.8       0.7 0.0926667  0.174534
      0.9       0.7     0.068  0.178307
     0.95       0.7 0.0606667  0.184124
     0.99       0.7 0.0853333  0.196895
    0.999       0.7     0.164  0.227543
   0.9999       0.7  0.198667  0.255232
        0       0.8  0.193333  0.493333
      0.2       0.8  0.160667  0.216264
      0.4       0.8  0.139333  0.210409
      0.6       0.8  0.121333  0.208926
      0.8       0.8     0.092  0.213353
      0.9       0.8 0.0673333   0.22098
     0.95       0.8 0.0646667  0.228928
     0.99       0.8  0.111333  0.247653
    0.999       0.8  0.193333  0.280281
   0.9999       0.8       0.2  0.294215
        0       0.9  0.193333  0.493333
      0.2       0.9     0.162  0.240291
      0.4       0.9     0.142  0.239138
      0.6       0.9  0.126667  0.242221
      0.8       0.9 0.0926667  0.251677
      0.9       0.9 0.0673333  0.262148
     0.95       0.9 0.0806667   0.27214
     0.99       0.9  0.148667  0.295366
    0.999       0.9  0.195333   0.32026
   0.9999       0.9       0.2  0.327334
        0         1  0.193333  0.493333
      0.2         1  0.165333  0.264902
      0.4         1     0.148   0.26764
      0.6         1     0.132  0.274271
      0.8         1 0.0866667  0.287378
      0.9         1 0.0746667  0.299913
     0.95         1     0.104   0.31134
     0.99         1     0.176  0.334192
    0.999         1     0.196  0.351055
   0.9999         1       0.2  0.355024
        0         2  0.193333  0.493333
      0.2         2  0.178667  0.429478
      0.4         2     0.162  0.435521
      0.6         2  0.148667  0.442215
      0.8         2  0.160667   0.44977
      0.9         2  0.190667  0.454106
     0.95         2  0.193333  0.456749
     0.99         2  0.193333  0.460747
    0.999         2  0.196667  0.463819
   0.9999         2       0.2  0.464389
        0         4  0.193333  0.493333
      0.2         4  0.202667  0.479266
      0.4         4     0.184   0.48071
      0.6         4  0.177333  0.482213
      0.8         4  0.190667  0.483872
      0.9         4  0.193333  0.484977
     0.95         4  0.193333  0.485968
     0.99         4  0.193333  0.488691
    0.999         4  0.193333  0.491206
   0.9999         4       0.2  0.491642