        0      0.05  0.196667  0.496667
      0.2      0.05  0.196667  0.397667
      0.4      0.05  0.196667  0.396333
      0.6      0.05  0.196667     0.395
      0.8      0.05  0.196667     0.394
      0.9      0.05  0.196667  0.392667
     0.95      0.05  0.196667  0.390667
     0.99      0.05  0.196667     0.388
    0.999      0.05  0.196667     0.386
   0.9999      0.05  0.196667     0.385
        0       0.1  0.196667  0.496667
      0.2       0.1  0.116667  0.116267
      0.4       0.1     0.116  0.117462
      0.6       0.1     0.126  0.123119
      0.8       0.1     0.126  0.126244
      0.9       0.1     0.128  0.126969
     0.95       0.1  0.127333  0.126892
     0.99       0.1  0.127333  0.127053
    0.999       0.1  0.127333  0.125568
   0.9999       0.1     0.128  0.118292
        0      0.15  0.196667  0.496667
      0.2      0.15  0.121333  0.115821
      0.4      0.15     0.116  0.115737
      0.6      0.15  0.116667  0.117549
      0.8      0.15     0.126  0.122932
      0.9      0.15  0.127333  0.124157
     0.95      0.15  0.127333   0.12355
     0.99      0.15  0.128667  0.118547
    0.999      0.15  0.111333  0.113714
   0.9999      0.15      0.11  0.112617
        0       0.2  0.196667  0.496667
      0.2       0.2     0.112  0.115539
      0.4       0.2     0.108  0.113815
      0.6       0.2  0.116667  0.113761
      0.8       0.2  0.118667  0.115882
      0.9       0.2  0.120667  0.117313
     0.95       0.2  0.123333  0.116736
     0.99       0.2     0.116  0.114511
    0.999       0.2  0.127333  0.115142
   0.9999       0.2     0.124   0.11746
        0       0.3  0.196667  0.496667
      0.2       0.3  0.132667   0.13744
      0.4       0.3  0.119333  0.123274
      0.6       0.3      0.11  0.114162
      0.8       0.3     0.106  0.110427
      0.9       0.3  0.112667  0.110538
     0.95       0.3  0.109333  0.110259
     0.99       0.3     0.098   0.10624
    0.999       0.3 0.0713333 0.0906092
   0.9999       0.3 0.0566667 0.0814129
        0       0.4  0.196667  0.496667
      0.2       0.4  0.157333   0.17321
      0.4       0.4  0.134667  0.151683
      0.6       0.4     0.118  0.136538
      0.8       0.4  0.105333  0.124483
      0.9       0.4     0.102  0.118417
     0.95       0.4     0.092  0.113591
     0.99       0.4 0.0566667  0.104336
    0.999       0.4 0.0506667  0.108084
   0.9999       0.4 0.0806667  0.116315
        0       0.5  0.196667  0.496667
      0.2       0.5  0.176667  0.206305
      0.4       0.5  0.151333  0.188319
      0.6       0.5  0.124667  0.170352
      0.8       0.5  0.102667  0.152169
      0.9       0.5 0.0946667  0.141749
     0.95       0.5 0.0886667  0.135517
     0.99       0.5 0.0486667  0.133957
    0.999       0.5 0.0706667  0.141444
   0.9999       0.5 0.0906667  0.156707
        0       0.6  0.196667  0.496667
      0.2       0.6     0.186  0.241478
      0.4       0.6  0.164667  0.222256
      0.6       0.6  0.145333  0.204828
      0.8       0.6  0.114667  0.184651
      0.9       0.6  0.100667  0.174064
     0.95       0.6 0.0906667  0.170381
     0.99       0.6 0.0533333   0.17576
    0.999       0.6     0.084  0.193641
   0.9999       0.6  0.190667  0.238754
        0       0.7  0.196667  0.496667
      0.2       0.7  0.208667  0.275732
      0.4       0.7  0.185333  0.255586
      0.6       0.7  0.159333  0.238952
      0.8       0.7  0.124667  0.221977
      0.9       0.7     0.106  0.215484
     0.95       0.7 0.0966667  0.216383
     0.99       0.7 0.0593333  0.230499
    0.999       0.7     0.136  0.268935
   0.9999       0.7  0.197333  0.303236
        0       0.8  0.196667  0.496667
      0.2       0.8  0.224667  0.306549
      0.4       0.8  0.192667  0.288725
      0.6       0.8  0.166667  0.275394
      0.8       0.8  0.129333  0.265164
      0.9       0.8     0.108  0.264733
     0.95       0.8 0.0886667  0.270299
     0.99       0.8 0.0946667  0.293771
    0.999       0.8  0.195333  0.332055
   0.9999       0.8  0.199333  0.345692
        0       0.9  0.196667  0.496667
      0.2       0.9  0.238667  0.332645
      0.4       0.9     0.198  0.319792
      0.6       0.9  0.172667  0.311571
      0.8       0.9     0.138  0.308951
      0.9       0.9  0.106667  0.314194
     0.95       0.9 0.0906667  0.323579
     0.99       0.9     0.148  0.350038
    0.999       0.9  0.196667  0.373013
   0.9999       0.9  0.199333  0.378249
        0         1  0.196667  0.496667
      0.2         1  0.245333  0.354899
      0.4         1  0.205333  0.347525
      0.6         1  0.177333  0.344597
      0.8         1  0.148667  0.348482
      0.9         1  0.119333   0.35757
     0.95         1       0.1  0.368384
     0.99         1  0.182667  0.389621
    0.999         1  0.196667  0.401583
   0.9999         1       0.2  0.404073
        0         2  0.196667  0.496667
      0.2         2     0.232  0.463888
      0.4         2  0.221333  0.467743
      0.6         2  0.211333  0.472129
      0.8         2  0.191333   0.47717
      0.9         2     0.184  0.480035
     0.95         2     0.196  0.481676
     0.99         2  0.196667  0.483811
    0.999         2  0.196667  0.485671
   0.9999         2       0.2  0.486104
        0         4  0.196667  0.496667
      0.2         4  0.260667  0.490037
      0.4         4  0.253333  0.491147
      0.6         4  0.236667    0.4923
      0.8         4  0.217333  0.493525
      0.9         4     0.204  0.494229
     0.95         4  0.196667  0.494721
     0.99         4  0.196667  0.495925
    0.999         4  0.196667  0.497544
   0.9999         4  0.196667   0.49793