        0      0.05  0.466667  0.466667
      0.2      0.05 0.0353333 0.0442736
      0.4      0.05 0.0353333 0.0440797
      0.6      0.05 0.0346667 0.0439361
      0.8      0.05 0.0346667 0.0445211
      0.9      0.05 0.0346667 0.0444988
     0.95      0.05 0.0346667 0.0444924
     0.99      0.05 0.0353333 0.0444983
    0.999      0.05 0.0353333  0.044978
   0.9999      0.05 0.0353333 0.0463304
        0       0.1  0.466667  0.466667
      0.2       0.1      0.02 0.0196209
      0.4       0.1 0.0193333 0.0187809
      0.6       0.1 0.0186667 0.0183331
      0.8       0.1 0.0126667 0.0142093
      0.9       0.1 0.0126667 0.0128969
     0.95       0.1 0.0133333 0.0131744
     0.99       0.1 0.0146667 0.0143629
    0.999       0.1     0.016 0.0160301
   0.9999       0.1     0.016 0.0204527
        0      0.15  0.466667  0.466667
      0.2      0.15 0.0233333 0.0224912
      0.4      0.15      0.02 0.0204413
      0.6      0.15 0.0193333 0.0198029
      0.8      0.15 0.0186667  0.018695
      0.9      0.15 0.0133333 0.0167856
     0.95      0.15 0.0146667 0.0184914
     0.99      0.15     0.016 0.0292698
    0.999      0.15 0.0613333 0.0488707
   0.9999      0.15 0.0486667 0.0531595
        0       0.2  0.466667  0.466667
      0.2       0.2 0.0213333 0.0249348
      0.4       0.2     0.022 0.0257567
      0.6       0.2      0.02 0.0260106
      0.8       0.2 0.0186667 0.0291761
      0.9       0.2 0.0186667 0.0340174
     0.95       0.2 0.0146667 0.0399544
     0.99       0.2 0.0546667 0.0525842
    0.999       0.2 0.0486667 0.0597623
   0.9999       0.2 0.0626667 0.0675195
        0       0.3  0.466667  0.466667
      0.2       0.3 0.0373333 0.0527969
      0.4       0.3 0.0213333 0.0433008
      0.6       0.3      0.02 0.0455442
      0.8       0.3     0.022 0.0521463
      0.9       0.3 0.0273333 0.0581174
     0.95       0.3 0.0586667 0.0626721
     0.99       0.3      0.07 0.0702707
    0.999       0.3     0.064 0.0856977
   0.9999       0.3 0.0646667  0.111652
        0       0.4  0.466667  0.466667
      0.2       0.4 0.0486667 0.0797632
      0.4       0.4 0.0353333 0.0696476
      0.6       0.4     0.024  0.063501
      0.8       0.4 0.0353333  0.065275
      0.9       0.4 0.0613333 0.0697328
     0.95       0.4 0.0613333 0.0755009
     0.99       0.4 0.0606667 0.0959057
    0.999       0.4 0.0746667   0.12933
   0.9999       0.4     0.088  0.156662
        0       0.5  0.466667  0.466667
      0.2       0.5 0.0613333   0.10284
      0.4       0.5 0.0586667 0.0944101
      0.6       0.5 0.0626667 0.0871293
      0.8       0.5     0.064 0.0854527
      0.9       0.5 0.0613333   0.09168
     0.95       0.5 0.0546667  0.101452
     0.99       0.5 0.0726667  0.130081
    0.999       0.5  0.101333  0.188235
   0.9999       0.5     0.134  0.278518
        0       0.6  0.466667  0.466667
      0.2       0.6  0.105333  0.121773
      0.4       0.6 0.0993333  0.117285
      0.6       0.6 0.0826667  0.113903
      0.8       0.6 0.0713333  0.113966
      0.9       0.6 0.0653333  0.121764
     0.95       0.6 0.0666667  0.134798
     0.99       0.6      0.09  0.179874
    0.999       0.6  0.109333  0.277185
   0.9999       0.6  0.330667  0.370445
        0       0.7  0.466667  0.466667
      0.2       0.7  0.117333  0.138808
      0.4       0.7     0.112  0.138074
      0.6       0.7  0.103333  0.139567
      0.8       0.7     0.096  0.146662
      0.9       0.7 0.0873333  0.159525
     0.95       0.7     0.088  0.178437
     0.99       0.7 0.0973333  0.241326
    0.999       0.7     0.226  0.350188
   0.9999       0.7     0.342  0.428891
        0       0.8  0.466667  0.466667
      0.2       0.8     0.118  0.156823
      0.4       0.8     0.116  0.159335
      0.6       0.8      0.11  0.165122
      0.8       0.8  0.108667  0.179917
      0.9       0.8     0.106   0.20082
     0.95       0.8  0.105333  0.227778
     0.99       0.8  0.142667    0.3066
    0.999       0.8     0.278   0.41137
   0.9999       0.8     0.416  0.461244
        0       0.9  0.466667  0.466667
      0.2       0.9  0.120667   0.17717
      0.4       0.9     0.122   0.18289
      0.6       0.9  0.122667  0.193216
      0.8       0.9  0.120667  0.216372
      0.9       0.9  0.120667   0.24616
     0.95       0.9  0.121333  0.281396
     0.99       0.9     0.206  0.367982
    0.999       0.9  0.394667  0.449031
   0.9999       0.9  0.454667  0.485476
        0         1  0.466667  0.466667
      0.2         1  0.127333  0.200579
      0.4         1     0.126  0.209524
      0.6         1     0.128  0.224587
      0.8         1  0.127333   0.25596
      0.9         1      0.13  0.292966
     0.95         1  0.147333  0.332483
     0.99         1  0.245333  0.412296
    0.999         1  0.413333  0.475295
   0.9999         1       0.5  0.496364
        0         2  0.466667  0.466667
      0.2         2  0.150667  0.412666
      0.4         2  0.173333  0.423466
      0.6         2  0.187333  0.436496
      0.8         2  0.192667  0.454208
      0.9         2  0.234667  0.468016
     0.95         2  0.339333  0.478957
     0.99         2  0.466667  0.493969
    0.999         2  0.498667  0.499319
   0.9999         2       0.5  0.499931
        0         4  0.466667  0.466667
      0.2         4  0.354667  0.461416
      0.4         4      0.35  0.463588
      0.6         4  0.342667  0.466573
      0.8         4  0.346667  0.472012
      0.9         4  0.309333  0.478249
     0.95         4  0.340667  0.484769
     0.99         4  0.466667  0.495472
    0.999         4  0.466667  0.499491
   0.9999         4       0.5  0.499948