       0     0.05 0.501333 0.496667
     0.2     0.05 0.504667 0.499793
     0.4     0.05    0.504 0.498624
     0.6     0.05      0.5 0.497645
     0.8     0.05 0.499333 0.496507
     0.9     0.05 0.495333 0.495866
    0.95     0.05 0.488667  0.49576
    0.99     0.05 0.488667 0.496859
   0.999     0.05 0.495333 0.498984
  0.9999     0.05 0.495333 0.499566
       0      0.1 0.501333 0.496667
     0.2      0.1 0.503333 0.497533
     0.4      0.1 0.502667 0.496775
     0.6      0.1    0.498   0.4961
     0.8      0.1    0.492 0.495644
     0.9      0.1 0.491333 0.495723
    0.95      0.1 0.490667 0.496076
    0.99      0.1 0.483333 0.497481
   0.999      0.1    0.492 0.499287
  0.9999      0.1 0.495333 0.499697
       0     0.15 0.501333 0.496667
     0.2     0.15    0.496 0.496155
     0.4     0.15 0.495333 0.495736
     0.6     0.15 0.490667 0.495564
     0.8     0.15 0.492667 0.495685
     0.9     0.15 0.490667 0.496004
    0.95     0.15    0.492 0.496422
    0.99     0.15    0.498 0.497745
   0.999     0.15    0.492 0.499396
  0.9999     0.15 0.495333 0.499768
       0      0.2 0.501333 0.496667
     0.2      0.2 0.492667 0.495196
     0.4      0.2 0.494667 0.495198
     0.6      0.2 0.492667 0.495378
     0.8      0.2 0.490667 0.495779
     0.9      0.2 0.491333 0.496186
    0.95      0.2    0.494  0.49661
    0.99      0.2      0.5 0.497864
   0.999      0.2    0.492 0.499456
  0.9999      0.2 0.495333 0.499814
       0      0.3 0.501333 0.496667
     0.2      0.3 0.488667 0.495032
     0.4      0.3 0.489333 0.495279
     0.6      0.3 0.490667 0.495599
     0.8      0.3    0.496 0.496056
     0.9      0.3 0.495333 0.496433
    0.95      0.3 0.494667 0.496799
    0.99      0.3    0.492 0.497952
   0.999      0.3    0.492 0.499506
  0.9999      0.3 0.495333 0.499859
       0      0.4 0.501333 0.496667
     0.2      0.4 0.493333 0.495407
     0.4      0.4 0.492667 0.495632
     0.6      0.4 0.497333 0.495907
     0.8      0.4 0.495333 0.496279
     0.9      0.4    0.494  0.49658
    0.95      0.4    0.488 0.496888
    0.99      0.4    0.492 0.497976
   0.999      0.4    0.492 0.499525
  0.9999      0.4 0.495333 0.499882
       0      0.5 0.501333 0.496667
     0.2      0.5 0.492667 0.495734
     0.4      0.5 0.497333 0.495917
     0.6      0.5    0.496 0.496136
     0.8      0.5 0.493333 0.496425
     0.9      0.5    0.496 0.496667
    0.95      0.5    0.496 0.496937
    0.99      0.5    0.492 0.497984
   0.999      0.5    0.492 0.499535
  0.9999      0.5    0.492 0.499897
       0      0.6 0.501333 0.496667
     0.2      0.6 0.491333 0.495967
     0.4      0.6    0.496 0.496115
     0.6      0.6 0.496667 0.496288
     0.8      0.6     0.49 0.496518
     0.9      0.6     0.49 0.496721
    0.95      0.6 0.494667 0.496967
    0.99      0.6    0.492 0.497988
   0.999      0.6    0.492 0.499542
  0.9999      0.6    0.492 0.499909
       0      0.7 0.501333 0.496667
     0.2      0.7    0.492  0.49613
     0.4      0.7    0.496 0.496251
     0.6      0.7 0.495333  0.49639
     0.8      0.7     0.49 0.496578
     0.9      0.7 0.487333 0.496755
    0.95      0.7 0.492667 0.496986
    0.99      0.7    0.492 0.497989
   0.999      0.7    0.492 0.499547
  0.9999      0.7    0.492 0.499918
       0      0.8 0.501333 0.496667
     0.2      0.8 0.492667 0.496245
     0.4      0.8 0.494667 0.496344
     0.6      0.8    0.494 0.496459
     0.8      0.8 0.492667 0.496618
     0.9      0.8 0.490667 0.496778
    0.95      0.8 0.492667 0.496998
    0.99      0.8    0.492  0.49799
   0.999      0.8    0.492 0.499551
  0.9999      0.8    0.492 0.499924
       0      0.9 0.501333 0.496667
     0.2      0.9    0.492 0.496328
     0.4      0.9 0.494667 0.496412
     0.6      0.9 0.495333 0.496508
     0.8      0.9    0.492 0.496646
     0.9      0.9     0.49 0.496794
    0.95      0.9 0.487333 0.497007
    0.99      0.9    0.492 0.497991
   0.999      0.9    0.492 0.499554
  0.9999      0.9    0.492 0.499929
       0        1 0.501333 0.496667
     0.2        1 0.492667  0.49639
     0.4        1 0.494667 0.496461
     0.6        1 0.494667 0.496544
     0.8        1 0.495333 0.496666
     0.9        1    0.488 0.496805
    0.95        1 0.488667 0.497014
    0.99        1    0.492 0.497991
   0.999        1    0.492 0.499556
  0.9999        1    0.492 0.499933
       0        2 0.501333 0.496667
     0.2        2 0.491333 0.496599
     0.4        2 0.492667 0.496625
     0.6        2 0.488667  0.49666
     0.8        2 0.492667 0.496731
     0.9        2    0.496 0.496843
    0.95        2    0.492 0.497035
    0.99        2    0.492 0.497992
   0.999        2    0.492 0.499563
  0.9999        2    0.492 0.499946
       0        4 0.501333 0.496667
     0.2        4 0.491333 0.496654
     0.4        4    0.492 0.496667
     0.6        4 0.488667  0.49669
     0.8        4 0.494667 0.496748
     0.9        4 0.492667 0.496852
    0.95        4    0.492  0.49704
    0.99        4    0.492 0.497992
   0.999        4    0.492 0.499564
  0.9999        4    0.492  0.49995