        0      0.05  0.482667  0.493333
      0.2      0.05  0.482667  0.493333
      0.4      0.05  0.482667  0.493333
      0.6      0.05  0.482667  0.493333
      0.8      0.05  0.482667  0.493333
      0.9      0.05  0.482667  0.493333
     0.95      0.05  0.482667  0.493333
     0.99      0.05  0.482667  0.493333
    0.999      0.05  0.482667  0.493333
   0.9999      0.05  0.482667  0.493333
        0       0.1  0.482667  0.493333
      0.2       0.1     0.104  0.105025
      0.4       0.1  0.111333  0.108495
      0.6       0.1  0.111333   0.10912
      0.8       0.1      0.11   0.10858
      0.9       0.1  0.107333  0.107488
     0.95       0.1     0.106  0.106595
     0.99       0.1     0.106  0.106242
    0.999       0.1     0.102  0.104322
   0.9999       0.1     0.102  0.101142
        0      0.15  0.482667  0.493333
      0.2      0.15  0.108667  0.105181
      0.4      0.15 0.0993333  0.102897
      0.6      0.15  0.109333   0.10479
      0.8      0.15  0.107333  0.105569
      0.9      0.15  0.104667   0.10568
     0.95      0.15  0.104667   0.10516
     0.99      0.15 0.0993333  0.101352
    0.999      0.15     0.092 0.0957275
   0.9999      0.15       0.1   0.10136
        0       0.2  0.482667  0.493333
      0.2       0.2  0.109333  0.109285
      0.4       0.2  0.109333  0.106566
      0.6       0.2     0.098  0.104274
      0.8       0.2     0.104  0.104364
      0.9       0.2  0.107333  0.104589
     0.95       0.2  0.103333  0.103964
     0.99       0.2 0.0953333  0.105468
    0.999       0.2  0.120667  0.120358
   0.9999       0.2  0.119333  0.127206
        0       0.3  0.482667  0.493333
      0.2       0.3      0.12  0.120828
      0.4       0.3  0.112667  0.113676
      0.6       0.3  0.106667  0.109889
      0.8       0.3  0.101333  0.108285
      0.9       0.3     0.096  0.110672
     0.95       0.3       0.1  0.115173
     0.99       0.3      0.11  0.132737
    0.999       0.3  0.105333  0.201654
   0.9999       0.3  0.117333  0.340138
        0       0.4  0.482667  0.493333
      0.2       0.4     0.126  0.143576
      0.4       0.4  0.115333  0.130338
      0.6       0.4  0.101333  0.123187
      0.8       0.4     0.094  0.121875
      0.9       0.4 0.0873333  0.129079
     0.95       0.4     0.082  0.145485
     0.99       0.4     0.082  0.232066
    0.999       0.4 0.0853333  0.418843
   0.9999       0.4  0.471333  0.488877
        0       0.5  0.482667  0.493333
      0.2       0.5      0.14  0.173315
      0.4       0.5  0.125333   0.16365
      0.6       0.5  0.108667  0.161219
      0.8       0.5     0.092  0.174278
      0.9       0.5     0.084  0.205852
     0.95       0.5 0.0786667  0.254876
     0.99       0.5 0.0946667   0.39223
    0.999       0.5      0.47  0.483815
   0.9999       0.5  0.489333  0.497401
        0       0.6  0.482667  0.493333
      0.2       0.6  0.145333  0.202597
      0.4       0.6     0.128  0.203935
      0.6       0.6  0.114667  0.215728
      0.8       0.6       0.1  0.254665
      0.9       0.6       0.1  0.309279
     0.95       0.6     0.118  0.367039
     0.99       0.6  0.374667  0.458489
    0.999       0.6  0.484667  0.493921
   0.9999       0.6  0.489333  0.498284
        0       0.7  0.482667  0.493333
      0.2       0.7     0.146  0.234485
      0.4       0.7  0.134667  0.246696
      0.6       0.7  0.126667  0.271513
      0.8       0.7     0.134  0.325379
      0.9       0.7     0.158   0.38026
     0.95       0.7  0.264667  0.424687
     0.99       0.7     0.462  0.478422
    0.999       0.7  0.487333  0.496246
   0.9999       0.7  0.489333   0.49843
        0       0.8  0.482667  0.493333
      0.2       0.8  0.140667  0.269929
      0.4       0.8     0.138  0.289616
      0.6       0.8  0.141333    0.3212
      0.8       0.8     0.164  0.376045
      0.9       0.8  0.245333  0.421271
     0.95       0.8  0.363333  0.452602
     0.99       0.8  0.475333  0.486185
    0.999       0.8  0.487333  0.497134
   0.9999       0.8  0.489333  0.498539
        0       0.9  0.482667  0.493333
      0.2       0.9  0.137333  0.305992
      0.4       0.9     0.142  0.329016
      0.6       0.9     0.152  0.361589
      0.8       0.9  0.202667  0.410412
      0.9       0.9  0.314667  0.445441
     0.95       0.9      0.42  0.467545
     0.99       0.9  0.481333  0.489982
    0.999       0.9  0.487333  0.497642
   0.9999       0.9  0.489333  0.498684
        0         1  0.482667  0.493333
      0.2         1  0.136667  0.338939
      0.4         1     0.144  0.362138
      0.6         1     0.162  0.392366
      0.8         1  0.241333  0.433349
      0.9         1  0.359333  0.460142
     0.95         1  0.445333   0.47611
     0.99         1  0.482667  0.492093
    0.999         1  0.487333  0.497997
   0.9999         1  0.489333  0.498843
        0         2  0.482667  0.493333
      0.2         2      0.14  0.460815
      0.4         2  0.167333  0.468323
      0.6         2  0.233333  0.476233
      0.8         2  0.376667  0.484671
      0.9         2  0.467333  0.489315
     0.95         2  0.482667  0.492112
     0.99         2  0.482667  0.496298
    0.999         2  0.482667  0.499161
   0.9999         2  0.489333  0.499636
        0         4  0.482667  0.493333
      0.2         4  0.147333  0.485885
      0.4         4  0.180667  0.487739
      0.6         4      0.25  0.489648
      0.8         4  0.409333  0.491711
      0.9         4  0.480667  0.493021
     0.95         4  0.482667  0.494121
     0.99         4  0.482667  0.496938
    0.999         4  0.482667  0.499443
   0.9999         4  0.482667  0.499871