       0     0.05 0.816667 0.816667
     0.2     0.05 0.251333 0.292333
     0.4     0.05 0.246667 0.291667
     0.6     0.05 0.245333    0.289
     0.8     0.05 0.242667 0.287111
     0.9     0.05 0.242667 0.284333
    0.95     0.05 0.241333 0.284667
    0.99     0.05     0.24 0.282222
   0.999     0.05 0.236667 0.281112
  0.9999     0.05    0.234 0.280231
       0      0.1 0.816667 0.816667
     0.2      0.1    0.192 0.192425
     0.4      0.1 0.192667 0.192375
     0.6      0.1 0.190667 0.190135
     0.8      0.1 0.189333 0.189303
     0.9      0.1     0.19 0.189344
    0.95      0.1     0.19 0.188839
    0.99      0.1 0.188667 0.188463
   0.999      0.1    0.188 0.187566
  0.9999      0.1 0.189333 0.185405
       0     0.15 0.816667 0.816667
     0.2     0.15 0.193333 0.193703
     0.4     0.15 0.191333 0.193251
     0.6     0.15 0.194667 0.193758
     0.8     0.15 0.189333 0.190445
     0.9     0.15 0.190667 0.189673
    0.95     0.15     0.19   0.1893
    0.99     0.15 0.190667 0.186704
   0.999     0.15 0.179333 0.184701
  0.9999     0.15 0.176667 0.182971
       0      0.2 0.816667 0.816667
     0.2      0.2 0.202667 0.205023
     0.4      0.2 0.196667 0.196955
     0.6      0.2 0.192667 0.194986
     0.8      0.2 0.189333 0.192385
     0.9      0.2 0.191333 0.190969
    0.95      0.2    0.192  0.19017
    0.99      0.2     0.18 0.188632
   0.999      0.2 0.180667 0.186377
  0.9999      0.2    0.176 0.182328
       0      0.3 0.816667 0.816667
     0.2      0.3    0.242  0.24568
     0.4      0.3 0.222667 0.223902
     0.6      0.3    0.208 0.208724
     0.8      0.3      0.2 0.197131
     0.9      0.3 0.199333 0.194097
    0.95      0.3 0.197333 0.192218
    0.99      0.3    0.178 0.189791
   0.999      0.3    0.182   0.1894
  0.9999      0.3 0.183333 0.190107
       0      0.4 0.816667 0.816667
     0.2      0.4 0.283333 0.284419
     0.4      0.4 0.252667 0.257249
     0.6      0.4    0.226 0.233204
     0.8      0.4 0.221333 0.217684
     0.9      0.4 0.204667 0.204178
    0.95      0.4      0.2 0.197704
    0.99      0.4 0.193333 0.194445
   0.999      0.4    0.182 0.204838
  0.9999      0.4     0.21 0.219037
       0      0.5 0.816667 0.816667
     0.2      0.5 0.305333 0.306722
     0.4      0.5 0.280667 0.285442
     0.6      0.5 0.254667 0.261289
     0.8      0.5 0.228667 0.235573
     0.9      0.5    0.228 0.224552
    0.95      0.5 0.219333 0.216327
    0.99      0.5    0.202 0.214289
   0.999      0.5 0.207333 0.226056
  0.9999      0.5 0.208667 0.260223
       0      0.6 0.816667 0.816667
     0.2      0.6 0.319333 0.323731
     0.4      0.6    0.298 0.304799
     0.6      0.6 0.277333  0.28497
     0.8      0.6 0.239333 0.258114
     0.9      0.6 0.230667 0.242942
    0.95      0.6 0.220667 0.236264
    0.99      0.6 0.209333 0.245702
   0.999      0.6    0.208 0.337104
  0.9999      0.6 0.302667 0.520715
       0      0.7 0.816667 0.816667
     0.2      0.7 0.327333 0.341587
     0.4      0.7    0.304 0.323258
     0.6      0.7 0.285333  0.30804
     0.8      0.7 0.264667 0.289074
     0.9      0.7    0.236 0.280812
    0.95      0.7 0.223333  0.28652
    0.99      0.7 0.229333 0.355721
   0.999      0.7 0.306667 0.553647
  0.9999      0.7 0.473333 0.722303
       0      0.8 0.816667 0.816667
     0.2      0.8 0.332667  0.36033
     0.4      0.8     0.31 0.348771
     0.6      0.8 0.290667 0.339583
     0.8      0.8 0.271333 0.337668
     0.9      0.8 0.244667 0.351773
    0.95      0.8 0.251333 0.384155
    0.99      0.8 0.284667 0.516248
   0.999      0.8 0.434667 0.705268
  0.9999      0.8    0.666 0.801603
       0      0.9 0.816667 0.816667
     0.2      0.9 0.336667 0.384946
     0.4      0.9 0.325333  0.38258
     0.6      0.9 0.306667 0.385258
     0.8      0.9    0.298 0.406395
     0.9      0.9 0.304667 0.447204
    0.95      0.9    0.304 0.503685
    0.99      0.9 0.369333 0.648191
   0.999      0.9    0.608 0.779896
  0.9999      0.9 0.816667  0.82498
       0        1 0.816667 0.816667
     0.2        1     0.34 0.417521
     0.4        1 0.332667 0.424818
     0.6        1 0.325333  0.44134
     0.8        1    0.328 0.485243
     0.9        1 0.340667 0.543473
    0.95        1    0.348  0.60627
    0.99        1 0.492667 0.727009
   0.999        1    0.616 0.811404
  0.9999        1 0.828667 0.830653
       0        2 0.816667 0.816667
     0.2        2 0.438667 0.725897
     0.4        2 0.446667 0.742784
     0.6        2 0.464667 0.762576
     0.8        2 0.509333 0.786975
     0.9        2    0.604 0.802446
    0.95        2    0.648 0.812393
    0.99        2 0.816667 0.825694
   0.999        2 0.818667 0.832293
  0.9999        2 0.833333 0.833225
       0        4 0.816667 0.816667
     0.2        4 0.562667 0.804263
     0.4        4 0.584667 0.807328
     0.6        4    0.598 0.810641
     0.8        4 0.652667 0.814568
     0.9        4 0.783333 0.817517
    0.95        4 0.816667 0.820397
    0.99        4 0.816667 0.827553
   0.999        4 0.816667 0.832517
  0.9999        4 0.833333 0.833248