       0     0.05 0.493333 0.493333
       0      0.1 0.493333 0.493333
       0     0.15 0.493333 0.493333
       0      0.2 0.493333 0.493333
       0      0.3 0.493333 0.493333
       0      0.4 0.493333 0.493333
       0      0.5 0.493333 0.493333
       0      0.6 0.493333 0.493333
       0      0.7 0.493333 0.493333
       0      0.8 0.493333 0.493333
       0      0.9 0.493333 0.493333
       0        1 0.493333 0.493333
       0        2 0.493333 0.493333
       0        4 0.493333 0.493333
     0.2     0.05 0.493333 0.493333
     0.2      0.1    0.422 0.424982
     0.2     0.15 0.415333 0.421325
     0.2      0.2 0.409333 0.421097
     0.2      0.3    0.404 0.435628
     0.2      0.4 0.417333 0.453157
     0.2      0.5 0.411333 0.462835
     0.2      0.6    0.396 0.470343
     0.2      0.7    0.398 0.475797
     0.2      0.8 0.394667 0.479657
     0.2      0.9    0.392  0.48242
     0.2        1    0.392 0.484444
     0.2        2 0.388667 0.491102
     0.2        4 0.383333 0.492791
     0.4     0.05 0.493333 0.493333
     0.4      0.1     0.42 0.426277
     0.4     0.15    0.424 0.426873
     0.4      0.2 0.399333 0.427442
     0.4      0.3      0.4 0.442664
     0.4      0.4     0.42 0.460047
     0.4      0.5 0.413333 0.469251
     0.4      0.6 0.405333 0.475557
     0.4      0.7 0.404667 0.479927
     0.4      0.8    0.404 0.482951
     0.4      0.9 0.402667 0.485089
     0.4        1    0.398 0.486643
     0.4        2    0.384 0.491698
     0.4        4     0.38 0.492969
     0.6     0.05 0.493333 0.493333
     0.6      0.1 0.424667 0.427706
     0.6     0.15    0.422 0.431499
     0.6      0.2 0.407333 0.434612
     0.6      0.3 0.400667 0.452168
     0.6      0.4    0.426 0.468384
     0.6      0.5 0.423333 0.476283
     0.6      0.6    0.418 0.481108
     0.6      0.7 0.415333 0.484261
     0.6      0.8 0.409333 0.486381
     0.6      0.9 0.409333 0.487857
     0.6        1 0.407333 0.488921
     0.6        2 0.406667 0.492334
     0.6        4     0.41 0.493182
     0.8     0.05 0.493333 0.493333
     0.8      0.1 0.425333 0.430878
     0.8     0.15 0.421333 0.436581
     0.8      0.2 0.422667 0.443835
     0.8      0.3 0.410667 0.465497
     0.8      0.4    0.444 0.479041
     0.8      0.5 0.448667 0.484369
     0.8      0.6    0.446 0.487221
     0.8      0.7 0.446667 0.488951
     0.8      0.8 0.449333 0.490073
     0.8      0.9 0.449333 0.490839
     0.8        1 0.449333 0.491384
     0.8        2 0.452667 0.493108
     0.8        4    0.452 0.493531
     0.9     0.05 0.493333 0.493333
     0.9      0.1    0.432 0.433792
     0.9     0.15 0.423333 0.440577
     0.9      0.2 0.420667 0.451059
     0.9      0.3 0.446667 0.475345
     0.9      0.4     0.47 0.485882
     0.9      0.5     0.48 0.489167
     0.9      0.6 0.484667  0.49076
     0.9      0.7 0.486667 0.491676
     0.9      0.8     0.49 0.492254
     0.9      0.9     0.49 0.492643
     0.9        1 0.490667 0.492917
     0.9        2 0.491333 0.493772
     0.9        4 0.491333  0.49398
    0.95     0.05 0.493333 0.493333
    0.95      0.1     0.43 0.435679
    0.95     0.15    0.438 0.444313
    0.95      0.2 0.436667 0.457055
    0.95      0.3 0.466667 0.482332
    0.95      0.4    0.488 0.490158
    0.95      0.5 0.492667 0.492149
    0.95      0.6 0.493333 0.493034
    0.95      0.7 0.493333 0.493517
    0.95      0.8 0.493333 0.493813
    0.95      0.9 0.493333 0.494008
    0.95        1 0.493333 0.494144
    0.95        2 0.493333 0.494554
    0.95        4 0.493333  0.49465
    0.99     0.05 0.493333 0.493333
    0.99      0.1 0.439333 0.438745
    0.99     0.15 0.445333 0.453398
    0.99      0.2 0.458667 0.467236
    0.99      0.3 0.491333 0.491397
    0.99      0.4 0.493333 0.495595
    0.99      0.5 0.493333 0.496448
    0.99      0.6 0.493333 0.496769
    0.99      0.7 0.493333 0.496917
    0.99      0.8 0.493333 0.496995
    0.99      0.9 0.493333 0.497038
    0.99        1 0.493333 0.497065
    0.99        2 0.493333  0.49712
    0.99        4 0.493333 0.497126
   0.999     0.05 0.493333 0.493333
   0.999      0.1     0.44 0.443572
   0.999     0.15 0.469333 0.464105
   0.999      0.2    0.472 0.474469
   0.999      0.3 0.494667 0.497117
   0.999      0.4 0.496667 0.499129
   0.999      0.5 0.496667 0.499397
   0.999      0.6 0.495333 0.499478
   0.999      0.7 0.493333  0.49951
   0.999      0.8 0.493333 0.499524
   0.999      0.9 0.493333 0.499531
   0.999        1 0.493333 0.499535
   0.999        2 0.493333 0.499537
   0.999        4 0.493333 0.499536
  0.9999     0.05 0.493333 0.493333
  0.9999      0.1    0.464 0.457614
  0.9999     0.15    0.474 0.466969
  0.9999      0.2 0.477333 0.480153
  0.9999      0.3 0.499333 0.499391
  0.9999      0.4      0.5 0.499898
  0.9999      0.5      0.5 0.499934
  0.9999      0.6      0.5 0.499944
  0.9999      0.7      0.5 0.499948
  0.9999      0.8      0.5 0.499949
  0.9999      0.9      0.5  0.49995
  0.9999        1      0.5 0.499951
  0.9999        2 0.493333 0.499951
  0.9999        4 0.493333  0.49995