        0      0.05      0.78  0.777778
        0       0.1      0.78  0.777778
        0      0.15      0.78  0.777778
        0       0.2      0.78  0.777778
        0       0.3      0.78  0.777778
        0       0.4      0.78  0.777778
        0       0.5      0.78  0.777778
        0       0.6      0.78  0.777778
        0       0.7      0.78  0.777778
        0       0.8      0.78  0.777778
        0       0.9      0.78  0.777778
        0         1      0.78  0.777778
        0         2      0.78  0.777778
        0         4      0.78  0.777778
      0.2      0.05     0.104  0.140045
      0.2       0.1  0.113333  0.113333
      0.2      0.15     0.116   0.11639
      0.2       0.2  0.129333  0.128449
      0.2       0.3  0.139333  0.139699
      0.2       0.4  0.151333  0.153516
      0.2       0.5  0.176667  0.175801
      0.2       0.6  0.193333  0.194953
      0.2       0.7  0.203333  0.213475
      0.2       0.8  0.207333   0.24002
      0.2       0.9     0.218  0.276858
      0.2         1     0.222  0.322965
      0.2         2     0.352  0.698153
      0.2         4  0.717333  0.769628
      0.4      0.05 0.0993333  0.137478
      0.4       0.1  0.113333  0.112104
      0.4      0.15  0.114667  0.114423
      0.4       0.2  0.116667  0.119308
      0.4       0.3     0.132  0.132648
      0.4       0.4     0.144  0.142859
      0.4       0.5  0.151333  0.154728
      0.4       0.6  0.166667  0.175923
      0.4       0.7     0.188  0.202406
      0.4       0.8       0.2   0.23713
      0.4       0.9     0.212  0.283558
      0.4         1  0.220667  0.339102
      0.4         2  0.368667  0.715742
      0.4         4     0.744  0.773263
      0.6      0.05 0.0986667  0.135708
      0.6       0.1  0.113333  0.111347
      0.6      0.15     0.112  0.112082
      0.6       0.2  0.114667  0.115134
      0.6       0.3  0.127333  0.128506
      0.6       0.4     0.134  0.135915
      0.6       0.5     0.146  0.144777
      0.6       0.6  0.152667   0.16089
      0.6       0.7     0.168  0.192461
      0.6       0.8     0.188   0.23953
      0.6       0.9  0.207333  0.299768
      0.6         1  0.223333  0.368182
      0.6         2     0.398  0.736524
      0.6         4  0.759333  0.778183
      0.8      0.05     0.096  0.134423
      0.8       0.1  0.112667  0.109879
      0.8      0.15  0.110667    0.1108
      0.8       0.2  0.112667  0.112823
      0.8       0.3  0.128667  0.123592
      0.8       0.4     0.132  0.131548
      0.8       0.5  0.139333  0.138574
      0.8       0.6  0.149333  0.153767
      0.8       0.7  0.153333  0.191206
      0.8       0.8      0.18  0.258565
      0.8       0.9     0.206  0.343075
      0.8         1  0.226667  0.431704
      0.8         2      0.47   0.76389
      0.8         4      0.78  0.787114
      0.9      0.05     0.096  0.134158
      0.9       0.1  0.111333  0.107865
      0.9      0.15  0.109333  0.109031
      0.9       0.2  0.110667  0.111201
      0.9       0.3  0.118667  0.118661
      0.9       0.4     0.134  0.128609
      0.9       0.5  0.135333    0.1379
      0.9       0.6  0.149333  0.157454
      0.9       0.7      0.15  0.205868
      0.9       0.8     0.174  0.295688
      0.9       0.9  0.210667   0.40368
      0.9         1  0.244667   0.50679
      0.9         2  0.565333  0.784689
      0.9         4      0.78  0.797404
     0.95      0.05     0.096  0.134163
     0.95       0.1  0.111333  0.107218
     0.95      0.15  0.109333  0.108486
     0.95       0.2      0.11  0.110867
     0.95       0.3     0.116  0.116147
     0.95       0.4  0.133333  0.126517
     0.95       0.5  0.132667  0.138373
     0.95       0.6  0.142667  0.166383
     0.95       0.7  0.155333  0.233058
     0.95       0.8  0.186667  0.349343
     0.95       0.9      0.23  0.476686
     0.95         1  0.275333  0.584082
     0.95         2  0.661333  0.801177
     0.95         4      0.78   0.80819
     0.99      0.05     0.096  0.134337
     0.99       0.1  0.111333  0.106727
     0.99      0.15  0.109333  0.108268
     0.99       0.2  0.115333  0.111531
     0.99       0.3  0.113333  0.115312
     0.99       0.4  0.134667   0.12797
     0.99       0.5  0.134667  0.152867
     0.99       0.6  0.146667  0.207645
     0.99       0.7  0.196667  0.341267
     0.99       0.8  0.252667  0.516057
     0.99       0.9  0.302667  0.646156
     0.99         1  0.455333  0.727182
     0.99         2  0.689333  0.824091
     0.99         4      0.78  0.825874
    0.999      0.05 0.0966667  0.135301
    0.999       0.1     0.104  0.106838
    0.999      0.15     0.116  0.110985
    0.999       0.2  0.115333  0.111934
    0.999       0.3  0.132667   0.12216
    0.999       0.4  0.135333  0.142462
    0.999       0.5  0.177333  0.198779
    0.999       0.6  0.210667  0.332947
    0.999       0.7     0.272  0.573785
    0.999       0.8  0.445333  0.718639
    0.999       0.9  0.555333  0.787295
    0.999         1  0.595333  0.815004
    0.999         2  0.816667  0.832291
    0.999         4  0.833333  0.832495
   0.9999      0.05     0.094  0.134048
   0.9999       0.1     0.104  0.107045
   0.9999      0.15  0.115333  0.113366
   0.9999       0.2  0.113333  0.112305
   0.9999       0.3  0.132667   0.13028
   0.9999       0.4  0.134667  0.176704
   0.9999       0.5  0.216667  0.256917
   0.9999       0.6  0.284667   0.54589
   0.9999       0.7  0.499333  0.741446
   0.9999       0.8  0.605333  0.809397
   0.9999       0.9     0.682  0.827056
   0.9999         1     0.774  0.831272
   0.9999         2  0.823333  0.833228
   0.9999         4  0.833333  0.833248