       0     0.05 0.501333 0.496667
     0.2     0.05 0.486667 0.488272
     0.4     0.05 0.486667 0.487016
     0.6     0.05 0.483333 0.486159
     0.8     0.05 0.472667 0.485872
     0.9     0.05 0.474667 0.486876
    0.95     0.05 0.473333  0.48902
    0.99     0.05 0.476667 0.494743
   0.999     0.05 0.485333 0.499002
  0.9999     0.05    0.492  0.49985
       0      0.1 0.501333 0.496667
     0.2      0.1 0.487333 0.489143
     0.4      0.1 0.483333 0.488699
     0.6      0.1 0.481333 0.488898
     0.8      0.1     0.48 0.490477
     0.9      0.1 0.476667 0.492531
    0.95      0.1 0.480667 0.494347
    0.99      0.1 0.477333 0.497305
   0.999      0.1 0.501333 0.499539
  0.9999      0.1 0.502667 0.500008
       0     0.15 0.501333 0.496667
     0.2     0.15 0.479333 0.489161
     0.4     0.15 0.476667 0.489739
     0.6     0.15 0.478667 0.490927
     0.8     0.15     0.48 0.493004
     0.9     0.15    0.478 0.494634
    0.95     0.15 0.478667 0.495824
    0.99     0.15      0.5 0.497804
   0.999     0.15 0.501333 0.499651
  0.9999     0.15 0.504667 0.500067
       0      0.2 0.501333 0.496667
     0.2      0.2 0.481333 0.489555
     0.4      0.2 0.478667 0.490799
     0.6      0.2 0.481333 0.492304
     0.8      0.2 0.478667 0.494207
     0.9      0.2    0.478 0.495469
    0.95      0.2 0.479333 0.496345
    0.99      0.2 0.501333 0.497934
   0.999      0.2 0.501333 0.499663
  0.9999      0.2 0.504667 0.500066
       0      0.3 0.501333 0.496667
     0.2      0.3    0.474 0.492337
     0.4      0.3    0.472 0.493287
     0.6      0.3 0.477333 0.494308
     0.8      0.3    0.484  0.49548
     0.9      0.3    0.482 0.496218
    0.95      0.3 0.490667 0.496753
    0.99      0.3 0.501333 0.497999
   0.999      0.3 0.501333  0.49964
  0.9999      0.3 0.504667 0.500035
       0      0.4 0.501333 0.496667
     0.2      0.4 0.480667 0.494274
     0.4      0.4    0.478  0.49481
     0.6      0.4 0.475333 0.495399
     0.8      0.4    0.486 0.496086
     0.9      0.4 0.477333 0.496538
    0.95      0.4 0.495333 0.496911
    0.99      0.4 0.501333 0.498016
   0.999      0.4 0.501333 0.499623
  0.9999      0.4 0.501333 0.500012
       0      0.5 0.501333 0.496667
     0.2      0.5 0.480667 0.495204
     0.4      0.5 0.480667 0.495544
     0.6      0.5    0.478  0.49592
     0.8      0.5 0.492667 0.496365
     0.9      0.5    0.482 0.496679
    0.95      0.5 0.495333 0.496976
    0.99      0.5 0.501333 0.498018
   0.999      0.5 0.501333 0.499609
  0.9999      0.5 0.501333 0.499996
       0      0.6 0.501333 0.496667
     0.2      0.6 0.478667 0.495684
     0.4      0.6    0.478 0.495923
     0.6      0.6    0.482 0.496186
     0.8      0.6 0.490667 0.496503
     0.9      0.6 0.486667 0.496746
    0.95      0.6 0.499333 0.497004
    0.99      0.6 0.501333 0.498016
   0.999      0.6 0.501333 0.499599
  0.9999      0.6 0.501333 0.499985
       0      0.7 0.501333 0.496667
     0.2      0.7 0.480667 0.495961
     0.4      0.7    0.482  0.49614
     0.6      0.7 0.486667 0.496337
     0.8      0.7    0.488 0.496579
     0.9      0.7 0.489333 0.496781
    0.95      0.7 0.500667 0.497019
    0.99      0.7 0.501333 0.498012
   0.999      0.7 0.501333 0.499592
  0.9999      0.7 0.501333 0.499978
       0      0.8 0.501333 0.496667
     0.2      0.8 0.479333 0.496135
     0.4      0.8    0.482 0.496275
     0.6      0.8 0.486667 0.496429
     0.8      0.8 0.489333 0.496625
     0.9      0.8 0.495333 0.496802
    0.95      0.8      0.5 0.497026
    0.99      0.8 0.501333 0.498009
   0.999      0.8 0.501333 0.499587
  0.9999      0.8 0.501333 0.499972
       0      0.9 0.501333 0.496667
     0.2      0.9     0.48 0.496252
     0.4      0.9 0.482667 0.496365
     0.6      0.9    0.484  0.49649
     0.8      0.9 0.486667 0.496655
     0.9      0.9 0.492667 0.496815
    0.95      0.9 0.502667 0.497031
    0.99      0.9 0.501333 0.498007
   0.999      0.9 0.501333 0.499583
  0.9999      0.9 0.501333 0.499968
       0        1 0.501333 0.496667
     0.2        1     0.48 0.496334
     0.4        1    0.484 0.496427
     0.6        1 0.484667 0.496532
     0.8        1 0.486667 0.496676
     0.9        1 0.495333 0.496824
    0.95        1 0.500667 0.497034
    0.99        1 0.501333 0.498005
   0.999        1 0.501333  0.49958
  0.9999        1 0.501333 0.499965
       0        2 0.501333 0.496667
     0.2        2 0.483333 0.496589
     0.4        2    0.484  0.49662
     0.6        2    0.484  0.49666
     0.8        2 0.486667 0.496735
     0.9        2 0.499333 0.496848
    0.95        2      0.5  0.49704
    0.99        2 0.501333 0.497996
   0.999        2 0.501333 0.499569
  0.9999        2 0.501333 0.499955
       0        4 0.501333 0.496667
     0.2        4    0.482 0.496652
     0.4        4 0.484667 0.496666
     0.6        4    0.484  0.49669
     0.8        4 0.485333 0.496749
     0.9        4      0.5 0.496854
    0.95        4 0.499333 0.497041
    0.99        4 0.501333 0.497993
   0.999        4 0.501333 0.499566
  0.9999        4 0.501333 0.499952