       0     0.05 0.493333 0.493333
     0.2     0.05 0.202667  0.24099
     0.4     0.05 0.198667 0.247199
     0.6     0.05 0.194667 0.262255
     0.8     0.05    0.174 0.301884
     0.9     0.05 0.170667 0.351485
    0.95     0.05 0.198667 0.399331
    0.99     0.05    0.398 0.468967
   0.999     0.05     0.37 0.496121
  0.9999     0.05      0.5 0.499599
       0      0.1 0.493333 0.493333
     0.2      0.1 0.269333 0.376115
     0.4      0.1 0.300667 0.392299
     0.6      0.1 0.356667 0.414164
     0.8      0.1 0.415333 0.444435
     0.9      0.1    0.462 0.464969
    0.95      0.1 0.470667 0.478117
    0.99      0.1    0.478 0.493168
   0.999      0.1 0.368667 0.499108
  0.9999      0.1 0.493333 0.499907
       0     0.15 0.493333 0.493333
     0.2     0.15 0.434667 0.440354
     0.4     0.15    0.458 0.449405
     0.6     0.15 0.466667 0.459911
     0.8     0.15 0.481333 0.473057
     0.9     0.15 0.484667 0.481903
    0.95     0.15 0.481333 0.487871
    0.99     0.15    0.438 0.495597
   0.999     0.15 0.493333 0.499377
  0.9999     0.15      0.5 0.499935
       0      0.2 0.493333 0.493333
     0.2      0.2 0.482667 0.463709
     0.4      0.2 0.484667 0.468283
     0.6      0.2    0.486 0.473889
     0.8      0.2 0.487333  0.48154
     0.9      0.2 0.484667  0.48704
    0.95      0.2 0.480667 0.490864
    0.99      0.2    0.382 0.496311
   0.999      0.2 0.493333 0.499452
  0.9999      0.2      0.5 0.499942
       0      0.3 0.493333 0.493333
     0.2      0.3 0.495333 0.477583
     0.4      0.3 0.495333 0.480182
     0.6      0.3 0.494667   0.4835
     0.8      0.3    0.492 0.487936
     0.9      0.3 0.484667 0.490948
    0.95      0.3 0.444667 0.493071
    0.99      0.3 0.493333 0.496806
   0.999      0.3 0.493333 0.499504
  0.9999      0.3      0.5 0.499947
       0      0.4 0.493333 0.493333
     0.2      0.4 0.496667 0.483001
     0.4      0.4    0.496 0.485069
     0.6      0.4 0.495333 0.487489
     0.8      0.4    0.488 0.490437
     0.9      0.4 0.464667 0.492365
    0.95      0.4    0.408 0.493828
    0.99      0.4 0.493333 0.496966
   0.999      0.4 0.493333 0.499521
  0.9999      0.4 0.496667 0.499949
       0      0.5 0.493333 0.493333
     0.2      0.5 0.494667 0.486231
     0.4      0.5 0.495333 0.487806
     0.6      0.5 0.495333 0.489563
     0.8      0.5 0.488667 0.491625
     0.9      0.5     0.45 0.493002
    0.95      0.5 0.379333 0.494158
    0.99      0.5 0.493333 0.497033
   0.999      0.5 0.493333 0.499527
  0.9999      0.5 0.493333  0.49995
       0      0.6 0.493333 0.493333
     0.2      0.6 0.493333 0.488234
     0.4      0.6 0.495333 0.489433
     0.6      0.6     0.49  0.49074
     0.8      0.6    0.482 0.492266
     0.9      0.6    0.434 0.493336
    0.95      0.6    0.384 0.494328
    0.99      0.6 0.493333 0.497066
   0.999      0.6 0.493333  0.49953
  0.9999      0.6 0.493333  0.49995
       0      0.7 0.493333 0.493333
     0.2      0.7 0.494667 0.489524
     0.4      0.7    0.494 0.490455
     0.6      0.7 0.491333 0.491461
     0.8      0.7 0.476667 0.492647
     0.9      0.7 0.429333 0.493533
    0.95      0.7 0.400667 0.494427
    0.99      0.7 0.493333 0.497084
   0.999      0.7 0.493333 0.499532
  0.9999      0.7 0.493333  0.49995
       0      0.8 0.493333 0.493333
     0.2      0.8 0.494667 0.490391
     0.4      0.8 0.494667 0.491131
     0.6      0.8 0.491333 0.491931
     0.8      0.8 0.473333 0.492892
     0.9      0.8 0.422667 0.493657
    0.95      0.8 0.418667 0.494489
    0.99      0.8 0.493333 0.497095
   0.999      0.8 0.493333 0.499533
  0.9999      0.8 0.493333  0.49995
       0      0.9 0.493333 0.493333
     0.2      0.9    0.494 0.490998
     0.4      0.9    0.494 0.491601
     0.6      0.9    0.492 0.492254
     0.8      0.9    0.476 0.493059
     0.9      0.9 0.422667 0.493741
    0.95      0.9     0.43 0.494531
    0.99      0.9 0.493333 0.497103
   0.999      0.9 0.493333 0.499533
  0.9999      0.9 0.493333  0.49995
       0        1 0.493333 0.493333
     0.2        1    0.494 0.491437
     0.4        1 0.493333 0.491938
     0.6        1 0.491333 0.492485
     0.8        1 0.475333 0.493177
     0.9        1 0.422667 0.493801
    0.95        1    0.442  0.49456
    0.99        1 0.493333 0.497108
   0.999        1 0.493333 0.499534
  0.9999        1 0.493333  0.49995
       0        2 0.493333 0.493333
     0.2        2 0.492667  0.49287
     0.4        2    0.496 0.493027
     0.6        2    0.492  0.49322
     0.8        2 0.468667 0.493549
     0.9        2    0.408 0.493987
    0.95        2 0.476667 0.494652
    0.99        2 0.493333 0.497123
   0.999        2 0.493333 0.499535
  0.9999        2 0.493333  0.49995
       0        4 0.493333 0.493333
     0.2        4 0.492667 0.493234
     0.4        4    0.496 0.493301
     0.6        4 0.492667 0.493403
     0.8        4 0.468667 0.493641
     0.9        4    0.404 0.494033
    0.95        4 0.481333 0.494674
    0.99        4 0.493333 0.497126
   0.999        4 0.493333 0.499535
  0.9999        4 0.493333  0.49995