       0     0.05 0.816667 0.816667
       0      0.1 0.816667 0.816667
       0     0.15 0.816667 0.816667
       0      0.2 0.816667 0.816667
       0      0.3 0.816667 0.816667
       0      0.4 0.816667 0.816667
       0      0.5 0.816667 0.816667
       0      0.6 0.816667 0.816667
       0      0.7 0.816667 0.816667
       0      0.8 0.816667 0.816667
       0      0.9 0.816667 0.816667
       0        1 0.816667 0.816667
       0        2 0.816667 0.816667
       0        4 0.816667 0.816667
     0.2     0.05 0.315333 0.344111
     0.2      0.1 0.265333 0.264312
     0.2     0.15 0.263333 0.264313
     0.2      0.2 0.263333 0.260024
     0.2      0.3    0.294 0.294855
     0.2      0.4 0.318667 0.319007
     0.2      0.5    0.328 0.336379
     0.2      0.6 0.344667 0.357643
     0.2      0.7    0.356 0.379155
     0.2      0.8 0.361333 0.401353
     0.2      0.9    0.368 0.427871
     0.2        1 0.368667 0.460277
     0.2        2 0.487333 0.743443
     0.2        4     0.59 0.808172
     0.4     0.05    0.312 0.339667
     0.4      0.1    0.266 0.265619
     0.4     0.15 0.263333 0.263851
     0.4      0.2 0.263333 0.264294
     0.4      0.3 0.261333  0.26414
     0.4      0.4      0.3 0.301104
     0.4      0.5 0.312667 0.317213
     0.4      0.6    0.322 0.336322
     0.4      0.7    0.336 0.359664
     0.4      0.8    0.344  0.38826
     0.4      0.9 0.355333 0.423387
     0.4        1 0.360667 0.464986
     0.4        2      0.5 0.757643
     0.4        4 0.613333 0.810357
     0.6     0.05     0.31 0.337444
     0.6      0.1 0.267333 0.267615
     0.6     0.15 0.264667  0.26523
     0.6      0.2    0.264 0.263953
     0.6      0.3 0.261333 0.259894
     0.6      0.4 0.273333 0.275077
     0.6      0.5    0.292 0.299976
     0.6      0.6      0.3 0.318369
     0.6      0.7     0.32 0.344307
     0.6      0.8 0.335333 0.379486
     0.6      0.9 0.346667 0.425778
     0.6        1    0.358 0.479758
     0.6        2 0.518667 0.773961
     0.6        4 0.649333 0.812722
     0.8     0.05    0.308 0.334778
     0.8      0.1 0.266667 0.266575
     0.8     0.15 0.267333 0.267619
     0.8      0.2 0.266667 0.266093
     0.8      0.3    0.262 0.262236
     0.8      0.4 0.258667  0.25887
     0.8      0.5    0.268 0.275677
     0.8      0.6 0.285333 0.301705
     0.8      0.7 0.291333 0.332116
     0.8      0.8 0.323333 0.380386
     0.8      0.9 0.345333 0.447752
     0.8        1 0.356667 0.521103
     0.8        2     0.58 0.793612
     0.8        4 0.736667 0.815611
     0.9     0.05 0.306667 0.333667
     0.9      0.1 0.266667 0.266289
     0.9     0.15    0.266 0.266596
     0.9      0.2    0.266  0.26578
     0.9      0.3    0.264 0.262312
     0.9      0.4 0.260667  0.25917
     0.9      0.5    0.258 0.264932
     0.9      0.6 0.268667 0.293717
     0.9      0.7 0.288667 0.333412
     0.9      0.8 0.312667 0.398956
     0.9      0.9 0.341333  0.48815
     0.9        1 0.358667 0.575051
     0.9        2     0.65 0.805892
     0.9        4    0.808 0.817981
    0.95     0.05 0.305333 0.332556
    0.95      0.1 0.266667 0.266165
    0.95     0.15 0.264667 0.265144
    0.95      0.2    0.264 0.262168
    0.95      0.3 0.264667 0.259737
    0.95      0.4    0.262 0.259109
    0.95      0.5 0.266667 0.264972
    0.95      0.6 0.251333 0.293539
    0.95      0.7 0.281333 0.345246
    0.95      0.8 0.314667  0.43418
    0.95      0.9 0.344667 0.541837
    0.95        1 0.365333 0.632245
    0.95        2     0.73 0.813876
    0.95        4 0.816667 0.820532
    0.99     0.05 0.304667 0.330444
    0.99      0.1 0.265333 0.264602
    0.99     0.15    0.264 0.262606
    0.99      0.2 0.247333 0.247787
    0.99      0.3 0.259333 0.254332
    0.99      0.4    0.262 0.259667
    0.99      0.5 0.274667 0.275235
    0.99      0.6 0.282667 0.316446
    0.99      0.7 0.292667 0.418122
    0.99      0.8 0.357333 0.563252
    0.99      0.9 0.421333 0.674673
    0.99        1 0.470667 0.741688
    0.99        2    0.816 0.825434
    0.99        4 0.816667 0.827437
   0.999     0.05 0.302667 0.327222
   0.999      0.1 0.264667  0.26421
   0.999     0.15 0.234667 0.247293
   0.999      0.2    0.232 0.238552
   0.999      0.3 0.266667  0.25983
   0.999      0.4 0.284667 0.275628
   0.999      0.5 0.257333 0.310214
   0.999      0.6 0.275333 0.409273
   0.999      0.7 0.405333 0.610082
   0.999      0.8 0.486667 0.736155
   0.999      0.9    0.632 0.792575
   0.999        1 0.669333 0.815504
   0.999        2    0.818 0.832163
   0.999        4 0.816667 0.832487
  0.9999     0.05 0.300667 0.326111
  0.9999      0.1 0.264667 0.264415
  0.9999     0.15    0.232 0.234293
  0.9999      0.2 0.231333 0.242651
  0.9999      0.3 0.274667 0.268008
  0.9999      0.4 0.263333 0.303363
  0.9999      0.5 0.291333 0.355319
  0.9999      0.6    0.424 0.587329
  0.9999      0.7    0.516 0.758522
  0.9999      0.8 0.680667 0.813248
  0.9999      0.9 0.773333 0.827379
  0.9999        1    0.822  0.83112
  0.9999        2 0.833333  0.83321
  0.9999        4 0.831333 0.833245