       0     0.05 0.495333 0.496667
     0.2     0.05 0.495333 0.496667
     0.4     0.05 0.495333 0.496667
     0.6     0.05 0.495333 0.496667
     0.8     0.05 0.495333 0.496667
     0.9     0.05 0.495333 0.496667
    0.95     0.05 0.495333 0.496667
    0.99     0.05 0.495333 0.496667
   0.999     0.05 0.495333 0.496667
  0.9999     0.05 0.495333 0.496667
       0      0.1 0.495333 0.496667
     0.2      0.1 0.486667 0.482684
     0.4      0.1    0.482 0.482102
     0.6      0.1 0.478667 0.481882
     0.8      0.1    0.488 0.482032
     0.9      0.1 0.484667 0.482374
    0.95      0.1 0.487333 0.483073
    0.99      0.1 0.488667 0.486288
   0.999      0.1 0.496667 0.494364
  0.9999      0.1 0.506667 0.501379
       0     0.15 0.495333 0.496667
     0.2     0.15    0.474 0.480824
     0.4     0.15    0.476 0.484227
     0.6     0.15    0.484 0.485111
     0.8     0.15    0.492 0.486169
     0.9     0.15    0.496 0.487704
    0.95     0.15    0.494 0.489968
    0.99     0.15 0.509333 0.496854
   0.999     0.15 0.498667 0.499017
  0.9999     0.15 0.496667  0.49608
       0      0.2 0.495333 0.496667
     0.2      0.2    0.478 0.476476
     0.4      0.2 0.469333  0.48163
     0.6      0.2    0.472 0.485135
     0.8      0.2    0.484 0.488365
     0.9      0.2 0.497333  0.49114
    0.95      0.2 0.496667 0.494093
    0.99      0.2 0.494667 0.497353
   0.999      0.2 0.497333 0.496648
  0.9999      0.2    0.498 0.497853
       0      0.3 0.495333 0.496667
     0.2      0.3    0.442 0.458078
     0.4      0.3 0.452667 0.468026
     0.6      0.3 0.471333 0.476253
     0.8      0.3    0.482 0.484834
     0.9      0.3    0.494 0.489935
    0.95      0.3 0.496667 0.492948
    0.99      0.3 0.497333 0.496334
   0.999      0.3 0.498667 0.498891
  0.9999      0.3 0.500667 0.500249
       0      0.4 0.495333 0.496667
     0.2      0.4 0.415333 0.448465
     0.4      0.4    0.434 0.459171
     0.6      0.4    0.454 0.469453
     0.8      0.4    0.474 0.480836
     0.9      0.4    0.492 0.487688
    0.95      0.4 0.495333  0.49189
    0.99      0.4    0.498 0.496724
   0.999      0.4      0.5 0.499505
  0.9999      0.4 0.501333 0.500294
       0      0.5 0.495333 0.496667
     0.2      0.5    0.408 0.454459
     0.4      0.5 0.414667 0.463426
     0.6      0.5 0.439333  0.47282
     0.8      0.5     0.47 0.483403
     0.9      0.5 0.494667 0.489627
    0.95      0.5 0.496667 0.493268
    0.99      0.5    0.498 0.497247
   0.999      0.5 0.499333 0.499609
  0.9999      0.5 0.501333 0.500175
       0      0.6 0.495333 0.496667
     0.2      0.6 0.394667 0.463558
     0.4      0.6 0.406667 0.470829
     0.6      0.6 0.431333 0.478541
     0.8      0.6 0.473333 0.487048
     0.9      0.6    0.494 0.491833
    0.95      0.6    0.498 0.494527
    0.99      0.6    0.498 0.497558
   0.999      0.6 0.498667 0.499635
  0.9999      0.6 0.501333 0.500115
       0      0.7 0.495333 0.496667
     0.2      0.7    0.394 0.471187
     0.4      0.7 0.406667    0.477
     0.6      0.7 0.427333 0.483113
     0.8      0.7 0.476667 0.489694
     0.9      0.7    0.496 0.493286
    0.95      0.7    0.498 0.495289
    0.99      0.7    0.498 0.497719
   0.999      0.7    0.498 0.499637
  0.9999      0.7 0.501333 0.500077
       0      0.8 0.495333 0.496667
     0.2      0.8 0.397333 0.476824
     0.4      0.8 0.405333 0.481474
     0.6      0.8 0.431333 0.486317
     0.8      0.8 0.478667 0.491444
     0.9      0.8 0.496667 0.494203
    0.95      0.8    0.498 0.495753
    0.99      0.8    0.498 0.497807
   0.999      0.8    0.498  0.49963
  0.9999      0.8 0.501333  0.50005
       0      0.9 0.495333 0.496667
     0.2      0.9 0.399333 0.480895
     0.4      0.9 0.409333 0.484658
     0.6      0.9    0.426 0.488547
     0.8      0.9 0.484667 0.492623
     0.9      0.9 0.497333 0.494806
    0.95      0.9    0.498 0.496053
    0.99      0.9    0.498  0.49786
   0.999      0.9    0.498 0.499623
  0.9999      0.9 0.501333 0.500031
       0        1 0.495333 0.496667
     0.2        1 0.398667 0.483871
     0.4        1 0.407333 0.486961
     0.6        1 0.426667  0.49014
     0.8        1    0.484  0.49345
     0.9        1    0.498 0.495223
    0.95        1    0.498 0.496257
    0.99        1    0.498 0.497893
   0.999        1    0.498 0.499615
  0.9999        1 0.501333 0.500017
       0        2 0.495333 0.496667
     0.2        2 0.409333 0.493491
     0.4        2 0.408667 0.494292
     0.6        2 0.429333 0.495108
     0.8        2     0.49 0.495964
     0.9        2    0.498  0.49647
    0.95        2    0.498 0.496859
    0.99        2    0.498 0.497974
   0.999        2    0.498 0.499581
  0.9999        2    0.498 0.499968
       0        4 0.495333 0.496667
     0.2        4 0.408667  0.49588
     0.4        4 0.410667 0.496088
     0.6        4 0.437333 0.496305
     0.8        4 0.491333 0.496558
     0.9        4    0.498  0.49676
    0.95        4    0.498 0.496997
    0.99        4    0.498 0.497988
   0.999        4    0.498 0.499569
  0.9999        4    0.498 0.499955