       0     0.05 0.465333 0.466667
     0.2     0.05 0.465333 0.466667
     0.4     0.05 0.465333 0.466667
     0.6     0.05 0.465333 0.466667
     0.8     0.05 0.465333 0.466667
     0.9     0.05 0.465333 0.466667
    0.95     0.05 0.465333 0.466667
    0.99     0.05 0.465333 0.466667
   0.999     0.05 0.465333 0.466667
  0.9999     0.05 0.465333 0.466667
       0      0.1 0.465333 0.466667
     0.2      0.1    0.398  0.40222
     0.4      0.1 0.410667 0.408664
     0.6      0.1 0.412667 0.412289
     0.8      0.1 0.416667 0.415194
     0.9      0.1 0.414667 0.417086
    0.95      0.1 0.414667 0.418998
    0.99      0.1 0.422667 0.423316
   0.999      0.1 0.422667  0.42706
  0.9999      0.1 0.428667 0.431955
       0     0.15 0.465333 0.466667
     0.2     0.15 0.386667 0.387594
     0.4     0.15 0.394667 0.396064
     0.6     0.15 0.392667 0.402901
     0.8     0.15     0.41 0.410141
     0.9     0.15 0.410667 0.414622
    0.95     0.15    0.408 0.418212
    0.99     0.15 0.416667 0.427119
   0.999     0.15 0.424667 0.441863
  0.9999     0.15 0.459333 0.460911
       0      0.2 0.465333 0.466667
     0.2      0.2     0.37 0.372706
     0.4      0.2 0.366667  0.38503
     0.6      0.2 0.377333 0.395602
     0.8      0.2 0.394667 0.407995
     0.9      0.2     0.39 0.417704
    0.95      0.2 0.401333 0.426658
    0.99      0.2 0.420667 0.446827
   0.999      0.2 0.457333 0.466237
  0.9999      0.2 0.467333 0.474371
       0      0.3 0.465333 0.466667
     0.2      0.3    0.294 0.358529
     0.4      0.3    0.308 0.376452
     0.6      0.3 0.314667 0.395024
     0.8      0.3    0.324 0.419299
     0.9      0.3    0.338 0.438072
    0.95      0.3 0.361333 0.452938
    0.99      0.3 0.389333  0.47707
   0.999      0.3    0.462 0.494439
  0.9999      0.3 0.490667  0.49923
       0      0.4 0.465333 0.466667
     0.2      0.4 0.250667   0.3767
     0.4      0.4 0.247333 0.394589
     0.6      0.4    0.256 0.414954
     0.8      0.4 0.266667 0.440701
     0.9      0.4 0.292667 0.458594
    0.95      0.4 0.342667  0.47154
    0.99      0.4 0.459333 0.490058
   0.999      0.4    0.482 0.498642
  0.9999      0.4 0.498667 0.499823
       0      0.5 0.465333 0.466667
     0.2      0.5    0.236 0.404138
     0.4      0.5     0.23 0.418246
     0.6      0.5     0.24  0.43421
     0.8      0.5 0.247333 0.453833
     0.9      0.5 0.308667 0.467535
    0.95      0.5    0.406 0.477935
    0.99      0.5 0.465333 0.493035
   0.999      0.5 0.486667  0.49914
  0.9999      0.5 0.498667  0.49988
       0      0.6 0.465333 0.466667
     0.2      0.6 0.219333 0.424711
     0.4      0.6    0.222 0.435075
     0.6      0.6 0.229333 0.446702
     0.8      0.6 0.255333 0.461207
     0.9      0.6    0.326 0.472051
    0.95      0.6    0.434 0.480927
    0.99      0.6 0.465333 0.494197
   0.999      0.6    0.486 0.499309
  0.9999      0.6 0.498667 0.499906
       0      0.7 0.465333 0.466667
     0.2      0.7 0.210667 0.437515
     0.4      0.7 0.212667 0.445241
     0.6      0.7 0.226667 0.453964
     0.8      0.7     0.26 0.465288
     0.9      0.7 0.338667 0.474468
    0.95      0.7    0.448 0.482482
    0.99      0.7 0.465333  0.49475
   0.999      0.7 0.477333 0.499386
  0.9999      0.7 0.498667  0.49992
       0      0.8 0.465333 0.466667
     0.2      0.8 0.213333 0.445492
     0.4      0.8 0.216667 0.451474
     0.6      0.8 0.227333 0.458337
     0.8      0.8    0.262 0.467689
     0.9      0.8 0.348667 0.475862
    0.95      0.8 0.454667 0.483359
    0.99      0.8 0.465333 0.495046
   0.999      0.8 0.465333 0.499427
  0.9999      0.8 0.498667 0.499929
       0      0.9 0.465333 0.466667
     0.2      0.9    0.216 0.450683
     0.4      0.9     0.22 0.455492
     0.6      0.9 0.232667 0.461125
     0.8      0.9 0.266667 0.469197
     0.9      0.9 0.351333 0.476725
    0.95      0.9    0.458 0.483891
    0.99      0.9 0.465333 0.495217
   0.999      0.9 0.465333 0.499451
  0.9999      0.9 0.498667 0.499934
       0        1 0.465333 0.466667
     0.2        1 0.215333 0.454219
     0.4        1    0.224 0.458213
     0.6        1    0.228 0.462999
     0.8        1 0.267333   0.4702
     0.9        1 0.355333 0.477291
    0.95        1 0.458667 0.484235
    0.99        1 0.465333 0.495324
   0.999        1 0.465333 0.499466
  0.9999        1 0.498667 0.499938
       0        2 0.465333 0.466667
     0.2        2 0.229333 0.464314
     0.4        2 0.229333 0.465901
     0.6        2 0.238667 0.468232
     0.8        2    0.276 0.472942
     0.9        2 0.356667 0.478788
    0.95        2 0.457333 0.485098
    0.99        2 0.465333  0.49557
   0.999        2 0.465333   0.4995
  0.9999        2    0.494 0.499948
       0        4 0.465333 0.466667
     0.2        4 0.237333 0.466512
     0.4        4 0.236667 0.467558
     0.6        4 0.245333 0.469346
     0.8        4    0.282  0.47351
     0.9        4 0.355333 0.479081
    0.95        4 0.457333 0.485253
    0.99        4 0.465333 0.495607
   0.999        4 0.465333 0.499506
  0.9999        4 0.465333 0.499949