       0     0.05    0.498 0.493333
     0.2     0.05    0.494 0.499822
     0.4     0.05 0.494667 0.500114
     0.6     0.05 0.495333 0.500535
     0.8     0.05    0.494 0.500958
     0.9     0.05     0.49 0.500692
    0.95     0.05 0.487333 0.499844
    0.99     0.05 0.492667 0.498663
   0.999     0.05    0.498 0.499626
  0.9999     0.05 0.495333 0.499901
       0      0.1    0.498 0.493333
     0.2      0.1 0.500667 0.501542
     0.4      0.1 0.502667 0.500962
     0.6      0.1      0.5  0.50006
     0.8      0.1 0.501333 0.498413
     0.9      0.1 0.497333 0.497053
    0.95      0.1      0.5 0.496397
    0.99      0.1 0.507333 0.497498
   0.999      0.1    0.508 0.499586
  0.9999      0.1    0.498 0.499975
       0     0.15    0.498 0.493333
     0.2     0.15 0.501333 0.498661
     0.4     0.15    0.504 0.497972
     0.6     0.15    0.506 0.497061
     0.8     0.15 0.505333 0.495861
     0.9     0.15 0.508667 0.495285
    0.95     0.15    0.516 0.495351
    0.99     0.15 0.509333 0.497286
   0.999     0.15    0.498 0.499597
  0.9999     0.15 0.504667 0.500009
       0      0.2    0.498 0.493333
     0.2      0.2 0.505333 0.496391
     0.4      0.2 0.511333 0.495878
     0.6      0.2    0.516 0.495295
     0.8      0.2    0.516  0.49471
     0.9      0.2    0.514 0.494621
    0.95      0.2 0.502667 0.494995
    0.99      0.2    0.498 0.497212
   0.999      0.2    0.498 0.499591
  0.9999      0.2 0.504667 0.500011
       0      0.3    0.498 0.493333
     0.2      0.3 0.508667 0.494229
     0.4      0.3 0.505333 0.494081
     0.6      0.3 0.503333 0.493959
     0.8      0.3 0.498667 0.493956
     0.9      0.3 0.508667 0.494216
    0.95      0.3 0.493333 0.494784
    0.99      0.3    0.498 0.497166
   0.999      0.3    0.498 0.499579
  0.9999      0.3 0.504667 0.500001
       0      0.4    0.498 0.493333
     0.2      0.4 0.495333 0.493589
     0.4      0.4 0.494667 0.493584
     0.6      0.4      0.5 0.493612
     0.8      0.4 0.495333 0.493769
     0.9      0.4 0.501333 0.494116
    0.95      0.4 0.494667 0.494732
    0.99      0.4    0.498 0.497156
   0.999      0.4    0.498 0.499571
  0.9999      0.4    0.504 0.499991
       0      0.5    0.498 0.493333
     0.2      0.5 0.502667 0.493419
     0.4      0.5 0.502667 0.493451
     0.6      0.5    0.502 0.493516
     0.8      0.5 0.492667 0.493714
     0.9      0.5 0.495333 0.494085
    0.95      0.5    0.498 0.494714
    0.99      0.5    0.498 0.497153
   0.999      0.5    0.498 0.499564
  0.9999      0.5 0.498667 0.499982
       0      0.6    0.498 0.493333
     0.2      0.6    0.496 0.493371
     0.4      0.6 0.495333 0.493412
     0.6      0.6 0.498667 0.493487
     0.8      0.6 0.492667 0.493695
     0.9      0.6    0.492 0.494073
    0.95      0.6    0.498 0.494706
    0.99      0.6    0.498 0.497149
   0.999      0.6    0.498 0.499558
  0.9999      0.6    0.498 0.499975
       0      0.7    0.498 0.493333
     0.2      0.7 0.492667 0.493357
     0.4      0.7 0.489333 0.493399
     0.6      0.7 0.493333 0.493476
     0.8      0.7 0.492667 0.493687
     0.9      0.7 0.491333 0.494066
    0.95      0.7    0.498   0.4947
    0.99      0.7    0.498 0.497146
   0.999      0.7    0.498 0.499554
  0.9999      0.7    0.498  0.49997
       0      0.8    0.498 0.493333
     0.2      0.8    0.492 0.493353
     0.4      0.8 0.491333 0.493394
     0.6      0.8 0.495333 0.493471
     0.8      0.8     0.49 0.493683
     0.9      0.8    0.492 0.494062
    0.95      0.8    0.498 0.494697
    0.99      0.8    0.498 0.497143
   0.999      0.8    0.498  0.49955
  0.9999      0.8    0.498 0.499966
       0      0.9    0.498 0.493333
     0.2      0.9    0.492 0.493352
     0.4      0.9 0.491333 0.493393
     0.6      0.9 0.493333 0.493469
     0.8      0.9    0.492  0.49368
     0.9      0.9 0.495333 0.494059
    0.95      0.9    0.498 0.494694
    0.99      0.9    0.498 0.497141
   0.999      0.9    0.498 0.499547
  0.9999      0.9    0.498 0.499963
       0        1    0.498 0.493333
     0.2        1 0.493333 0.493352
     0.4        1     0.49 0.493392
     0.6        1 0.492667 0.493468
     0.8        1 0.488667 0.493678
     0.9        1 0.495333 0.494057
    0.95        1    0.498 0.494692
    0.99        1    0.498 0.497139
   0.999        1    0.498 0.499545
  0.9999        1    0.498 0.499961
       0        2    0.498 0.493333
     0.2        2 0.490667 0.493354
     0.4        2 0.487333 0.493392
     0.6        2 0.490667 0.493465
     0.8        2     0.49 0.493673
     0.9        2    0.498 0.494051
    0.95        2    0.498 0.494684
    0.99        2    0.498 0.497131
   0.999        2    0.498 0.499538
  0.9999        2    0.498 0.499953
       0        4    0.498 0.493333
     0.2        4 0.493333 0.493355
     0.4        4    0.486 0.493392
     0.6        4     0.49 0.493464
     0.8        4    0.486 0.493672
     0.9        4    0.498 0.494049
    0.95        4    0.498 0.494682
    0.99        4    0.498 0.497128
   0.999        4    0.498 0.499535
  0.9999        4    0.498 0.499951