       0     0.05   0.4625   0.4625
       0      0.1   0.4625   0.4625
       0     0.15   0.4625   0.4625
       0      0.2   0.4625   0.4625
       0      0.3   0.4625   0.4625
       0      0.4   0.4625   0.4625
       0      0.5   0.4625   0.4625
       0      0.6   0.4625   0.4625
       0      0.7   0.4625   0.4625
       0      0.8   0.4625   0.4625
       0      0.9   0.4625   0.4625
       0        1   0.4625   0.4625
       0        2   0.4625   0.4625
       0        4   0.4625   0.4625
     0.2     0.05   0.4625 0.461242
     0.2      0.1     0.45 0.455086
     0.2     0.15     0.46 0.452918
     0.2      0.2    0.445 0.442401
     0.2      0.3   0.4325 0.438603
     0.2      0.4    0.435 0.441611
     0.2      0.5    0.435 0.444694
     0.2      0.6   0.4425 0.448197
     0.2      0.7   0.4325 0.451241
     0.2      0.8   0.4325 0.453663
     0.2      0.9    0.435 0.455426
     0.2        1   0.4375 0.456662
     0.2        2   0.4475 0.461279
     0.2        4    0.445 0.462756
     0.4     0.05   0.4625 0.461064
     0.4      0.1    0.465 0.461185
     0.4     0.15   0.4625 0.454624
     0.4      0.2    0.455 0.448859
     0.4      0.3   0.4375 0.444069
     0.4      0.4   0.4325 0.445925
     0.4      0.5     0.44 0.449471
     0.4      0.6     0.44 0.452547
     0.4      0.7    0.435 0.454872
     0.4      0.8     0.43 0.456699
     0.4      0.9   0.4425 0.458069
     0.4        1   0.4425 0.459068
     0.4        2    0.445 0.462877
     0.4        4    0.445  0.46398
     0.6     0.05   0.4675 0.462354
     0.6      0.1   0.4675 0.463401
     0.6     0.15     0.46 0.456447
     0.6      0.2     0.45  0.45202
     0.6      0.3    0.445 0.448711
     0.6      0.4   0.4425 0.450545
     0.6      0.5   0.4475 0.454541
     0.6      0.6    0.445 0.457364
     0.6      0.7   0.4325 0.459212
     0.6      0.8   0.4425 0.460618
     0.6      0.9   0.4425 0.461689
     0.6        1     0.44 0.462491
     0.6        2     0.45 0.465424
     0.6        4   0.4575 0.466127
     0.8     0.05   0.4675 0.463573
     0.8      0.1   0.4625  0.46289
     0.8     0.15   0.4525  0.45708
     0.8      0.2    0.455 0.453632
     0.8      0.3    0.445 0.452589
     0.8      0.4    0.455 0.457515
     0.8      0.5    0.445 0.462229
     0.8      0.6   0.4525 0.464877
     0.8      0.7   0.4475 0.466463
     0.8      0.8   0.4425 0.467604
     0.8      0.9    0.445 0.468437
     0.8        1   0.4375 0.469044
     0.8        2    0.445 0.470899
     0.8        4   0.4525 0.471157
     0.9     0.05    0.465 0.464231
     0.9      0.1     0.46 0.463411
     0.9     0.15   0.4525 0.456109
     0.9      0.2    0.445 0.453623
     0.9      0.3   0.4425 0.456596
     0.9      0.4     0.45 0.465243
     0.9      0.5   0.4475 0.470356
     0.9      0.6   0.4525 0.472931
     0.9      0.7   0.4475 0.474418
     0.9      0.8   0.4525 0.475398
     0.9      0.9   0.4525 0.476062
     0.9        1   0.4525 0.476522
     0.9        2   0.4575 0.477696
     0.9        4   0.4475 0.477712
    0.95     0.05    0.465 0.464924
    0.95      0.1   0.4575 0.463592
    0.95     0.15   0.4525 0.455646
    0.95      0.2     0.46 0.453154
    0.95      0.3   0.4475 0.462884
    0.95      0.4     0.45 0.473795
    0.95      0.5   0.4525 0.478774
    0.95      0.6   0.4625 0.481123
    0.95      0.7   0.4625 0.482388
    0.95      0.8   0.4525 0.483158
    0.95      0.9   0.4425 0.483657
    0.95        1     0.44 0.483993
    0.95        2    0.455 0.484746
    0.95        4   0.4575 0.484665
    0.99     0.05    0.465 0.466962
    0.99      0.1     0.46 0.464712
    0.99     0.15     0.46  0.45478
    0.99      0.2   0.4425 0.456738
    0.99      0.3   0.4725 0.481374
    0.99      0.4   0.4525 0.490382
    0.99      0.5   0.4525 0.493278
    0.99      0.6   0.4625 0.494359
    0.99      0.7   0.4625  0.49486
    0.99      0.8   0.4625 0.495141
    0.99      0.9   0.4625 0.495317
    0.99        1   0.4625 0.495433
    0.99        2   0.4625 0.495666
    0.99        4   0.4625 0.495611
   0.999     0.05   0.4725 0.467951
   0.999      0.1    0.465 0.463229
   0.999     0.15   0.4225 0.453672
   0.999      0.2   0.4575 0.470688
   0.999      0.3   0.4875 0.496371
   0.999      0.4      0.5 0.498757
   0.999      0.5      0.5 0.499217
   0.999      0.6      0.5 0.499361
   0.999      0.7      0.5 0.499424
   0.999      0.8      0.5 0.499458
   0.999      0.9      0.5  0.49948
   0.999        1      0.5 0.499494
   0.999        2   0.4625 0.499521
   0.999        4   0.4625 0.499514
  0.9999     0.05     0.47 0.466205
  0.9999      0.1   0.4525 0.456661
  0.9999     0.15   0.4425 0.461355
  0.9999      0.2     0.47   0.4874
  0.9999      0.3      0.5 0.499576
  0.9999      0.4      0.5 0.499872
  0.9999      0.5      0.5  0.49992
  0.9999      0.6      0.5 0.499935
  0.9999      0.7      0.5 0.499942
  0.9999      0.8      0.5 0.499945
  0.9999      0.9      0.5 0.499947
  0.9999        1      0.5 0.499949
  0.9999        2      0.5 0.499952
  0.9999        4      0.5 0.499951