        0      0.05  0.196667  0.496667
      0.2      0.05  0.196667     0.475
      0.4      0.05  0.196667     0.475
      0.6      0.05  0.196667     0.475
      0.8      0.05  0.196667     0.475
      0.9      0.05  0.196667     0.475
     0.95      0.05  0.196667     0.475
     0.99      0.05  0.196667     0.475
    0.999      0.05  0.196667     0.475
   0.9999      0.05  0.196667     0.475
        0       0.1  0.196667  0.496667
      0.2       0.1  0.156667  0.157538
      0.4       0.1  0.150667  0.149019
      0.6       0.1  0.147333  0.146778
      0.8       0.1  0.143333  0.145011
      0.9       0.1  0.144667  0.145334
     0.95       0.1  0.148667  0.145202
     0.99       0.1     0.144  0.143724
    0.999       0.1  0.140667  0.139174
   0.9999       0.1     0.132  0.131808
        0      0.15  0.196667  0.496667
      0.2      0.15  0.177333  0.176814
      0.4      0.15     0.166  0.165306
      0.6      0.15  0.151333  0.153955
      0.8      0.15  0.147333  0.148966
      0.9      0.15  0.147333   0.14646
     0.95      0.15  0.144667  0.143745
     0.99      0.15  0.134667  0.135821
    0.999      0.15     0.124  0.124777
   0.9999      0.15  0.121333  0.122679
        0       0.2  0.196667  0.496667
      0.2       0.2  0.182667  0.184395
      0.4       0.2  0.176667   0.17701
      0.6       0.2  0.169333  0.167849
      0.8       0.2     0.158  0.156728
      0.9       0.2  0.151333  0.150089
     0.95       0.2     0.144  0.143716
     0.99       0.2  0.131333  0.130579
    0.999       0.2  0.125333  0.126648
   0.9999       0.2  0.136667  0.133793
        0       0.3  0.196667  0.496667
      0.2       0.3  0.195333  0.200073
      0.4       0.3  0.185333  0.189032
      0.6       0.3  0.179333  0.180921
      0.8       0.3     0.168  0.169114
      0.9       0.3  0.150667  0.157237
     0.95       0.3  0.143333  0.146839
     0.99       0.3  0.123333  0.135086
    0.999       0.3  0.130667  0.140814
   0.9999       0.3     0.154  0.144427
        0       0.4  0.196667  0.496667
      0.2       0.4     0.218  0.230172
      0.4       0.4  0.192667  0.208186
      0.6       0.4  0.189333  0.194431
      0.8       0.4  0.178667  0.181211
      0.9       0.4  0.150667  0.169844
     0.95       0.4     0.144  0.159751
     0.99       0.4  0.125333  0.146141
    0.999       0.4  0.118667  0.137007
   0.9999       0.4     0.062  0.135662
        0       0.5  0.196667  0.496667
      0.2       0.5     0.236  0.251053
      0.4       0.5     0.192  0.228759
      0.6       0.5  0.180667  0.209977
      0.8       0.5  0.171333  0.191646
      0.9       0.5  0.154667  0.179469
     0.95       0.5  0.142667  0.169846
     0.99       0.5      0.12  0.155321
    0.999       0.5 0.0413333  0.149773
   0.9999       0.5     0.124  0.165739
        0       0.6  0.196667  0.496667
      0.2       0.6     0.248  0.264507
      0.4       0.6  0.198667  0.243423
      0.6       0.6     0.172  0.224031
      0.8       0.6  0.160667  0.203753
      0.9       0.6  0.151333  0.191255
     0.95       0.6  0.139333  0.183435
     0.99       0.6 0.0833333  0.177952
    0.999       0.6      0.09  0.189357
   0.9999       0.6  0.174667  0.232209
        0       0.7  0.196667  0.496667
      0.2       0.7  0.246667  0.273075
      0.4       0.7     0.202  0.256292
      0.6       0.7  0.173333  0.239851
      0.8       0.7  0.155333  0.222703
      0.9       0.7     0.144  0.214266
     0.95       0.7     0.128   0.21171
     0.99       0.7      0.07   0.21825
    0.999       0.7     0.162  0.253035
   0.9999       0.7     0.198  0.288507
        0       0.8  0.196667  0.496667
      0.2       0.8  0.238667  0.281349
      0.4       0.8  0.194667  0.269924
      0.6       0.8  0.167333   0.25888
      0.8       0.8  0.151333  0.249114
      0.9       0.8  0.143333   0.24737
     0.95       0.8     0.096  0.250622
     0.99       0.8  0.104667  0.269601
    0.999       0.8  0.189333   0.31122
   0.9999       0.8  0.199333  0.329298
        0       0.9  0.196667  0.496667
      0.2       0.9  0.221333  0.291876
      0.4       0.9  0.182667  0.285754
      0.6       0.9  0.167333  0.280796
      0.8       0.9  0.155333  0.279431
      0.9       0.9      0.12   0.28414
     0.95       0.9 0.0853333  0.292481
     0.99       0.9     0.138  0.320264
    0.999       0.9  0.195333  0.352932
   0.9999       0.9       0.2  0.361441
        0         1  0.196667  0.496667
      0.2         1  0.199333  0.305287
      0.4         1  0.176667  0.303769
      0.6         1  0.164667  0.304237
      0.8         1  0.146667  0.310079
      0.9         1      0.11  0.319886
     0.95         1  0.106667  0.331857
     0.99         1  0.174667  0.360908
    0.999         1     0.196  0.382463
   0.9999         1       0.2  0.386835
        0         2  0.196667  0.496667
      0.2         2  0.179333  0.434714
      0.4         2  0.175333  0.441422
      0.6         2  0.151333  0.449115
      0.8         2  0.158667  0.458198
      0.9         2  0.185333  0.463514
     0.95         2     0.196  0.466523
     0.99         2  0.196667  0.469799
    0.999         2  0.196667  0.471986
   0.9999         2       0.2  0.472502
        0         4  0.196667  0.496667
      0.2         4     0.194  0.483734
      0.4         4     0.178  0.485252
      0.6         4  0.171333  0.486816
      0.8         4  0.186667  0.488452
      0.9         4  0.196667  0.489358
     0.95         4  0.196667  0.489947
     0.99         4  0.196667  0.491214
    0.999         4  0.196667   0.49287
   0.9999         4       0.2  0.493272