       0     0.05 0.495333 0.496667
       0      0.1 0.495333 0.496667
       0     0.15 0.495333 0.496667
       0      0.2 0.495333 0.496667
       0      0.3 0.495333 0.496667
       0      0.4 0.495333 0.496667
       0      0.5 0.495333 0.496667
       0      0.6 0.495333 0.496667
       0      0.7 0.495333 0.496667
       0      0.8 0.495333 0.496667
       0      0.9 0.495333 0.496667
       0        1 0.495333 0.496667
       0        2 0.495333 0.496667
       0        4 0.495333 0.496667
     0.2     0.05 0.495333 0.496667
     0.2      0.1 0.429333 0.428247
     0.2     0.15 0.424667 0.436304
     0.2      0.2    0.436 0.445283
     0.2      0.3 0.420667 0.449328
     0.2      0.4 0.418667 0.452932
     0.2      0.5     0.41 0.459376
     0.2      0.6    0.394  0.46688
     0.2      0.7 0.394667 0.473478
     0.2      0.8 0.392667 0.478519
     0.2      0.9 0.394667  0.48223
     0.2        1    0.392 0.484968
     0.2        2 0.383333 0.493815
     0.2        4 0.388667 0.495966
     0.4     0.05 0.495333 0.496667
     0.4      0.1    0.432 0.431706
     0.4     0.15    0.428 0.437353
     0.4      0.2 0.433333 0.445372
     0.4      0.3    0.428 0.454976
     0.4      0.4 0.411333 0.460856
     0.4      0.5    0.408 0.467237
     0.4      0.6 0.403333 0.473509
     0.4      0.7 0.394667 0.478819
     0.4      0.8 0.392667 0.482796
     0.4      0.9 0.388667 0.485685
     0.4        1 0.394667 0.487797
     0.4        2 0.393333 0.494532
     0.4        4 0.391333 0.496151
     0.6     0.05 0.495333 0.496667
     0.6      0.1 0.427333 0.435088
     0.6     0.15    0.436 0.443079
     0.6      0.2 0.433333 0.448169
     0.6      0.3 0.431333 0.460832
     0.6      0.4 0.420667  0.46944
     0.6      0.5 0.414667 0.475568
     0.6      0.6 0.410667 0.480504
     0.6      0.7 0.407333 0.484401
     0.6      0.8      0.4 0.487225
     0.6      0.9 0.394667 0.489239
     0.6        1    0.396 0.490695
     0.6        2 0.396667 0.495261
     0.6        4 0.396667 0.496346
     0.8     0.05 0.495333 0.496667
     0.8      0.1     0.43 0.440268
     0.8     0.15    0.444 0.452081
     0.8      0.2     0.45 0.455263
     0.8      0.3 0.449333 0.469886
     0.8      0.4 0.445333 0.480038
     0.8      0.5    0.438 0.484996
     0.8      0.6 0.439333 0.488131
     0.8      0.7    0.444 0.490348
     0.8      0.8 0.443333 0.491877
     0.8      0.9    0.444  0.49294
     0.8        1    0.442 0.493698
     0.8        2    0.444 0.496029
     0.8        4 0.441333 0.496576
     0.9     0.05 0.495333 0.496667
     0.9      0.1 0.435333 0.446134
     0.9     0.15 0.451333 0.458209
     0.9      0.2     0.45 0.461491
     0.9      0.3 0.467333 0.478236
     0.9      0.4 0.471333 0.487021
     0.9      0.5    0.478 0.490499
     0.9      0.6 0.477333 0.492354
     0.9      0.7 0.483333 0.493561
     0.9      0.8 0.482667 0.494367
     0.9      0.9    0.484 0.494918
     0.9        1 0.484667 0.495308
     0.9        2 0.485333 0.496492
     0.9        4 0.481333 0.496766
    0.95     0.05 0.495333 0.496667
    0.95      0.1 0.440667 0.450606
    0.95     0.15 0.459333  0.46294
    0.95      0.2 0.466667 0.467032
    0.95      0.3    0.482 0.484912
    0.95      0.4 0.483333 0.491449
    0.95      0.5 0.491333 0.493671
    0.95      0.6    0.492 0.494716
    0.95      0.7 0.495333  0.49536
    0.95      0.8 0.495333  0.49578
    0.95      0.9 0.495333 0.496063
    0.95        1 0.495333 0.496262
    0.95        2 0.495333  0.49686
    0.95        4 0.495333 0.496997
    0.99     0.05 0.495333 0.496667
    0.99      0.1 0.446667   0.4544
    0.99     0.15 0.470667  0.47555
    0.99      0.2 0.480667 0.477398
    0.99      0.3 0.493333 0.493511
    0.99      0.4 0.492667 0.496465
    0.99      0.5 0.495333 0.497192
    0.99      0.6 0.495333 0.497485
    0.99      0.7 0.495333 0.497648
    0.99      0.8 0.495333 0.497746
    0.99      0.9 0.495333 0.497809
    0.99        1 0.495333 0.497851
    0.99        2 0.495333 0.497964
    0.99        4 0.495333 0.497986
   0.999     0.05 0.495333 0.496667
   0.999      0.1 0.454667 0.463562
   0.999     0.15 0.482667  0.48211
   0.999      0.2    0.482 0.484213
   0.999      0.3 0.496667 0.498033
   0.999      0.4    0.496 0.499162
   0.999      0.5 0.495333 0.499361
   0.999      0.6 0.495333  0.49944
   0.999      0.7 0.495333 0.499484
   0.999      0.8 0.495333  0.49951
   0.999      0.9 0.495333 0.499526
   0.999        1 0.495333 0.499536
   0.999        2 0.495333  0.49956
   0.999        4 0.495333 0.499564
  0.9999     0.05 0.495333 0.496667
  0.9999      0.1 0.475333 0.475284
  0.9999     0.15 0.477333  0.48159
  0.9999      0.2    0.494 0.493123
  0.9999      0.3 0.498667 0.499332
  0.9999      0.4 0.498667 0.499751
  0.9999      0.5 0.498667 0.499817
  0.9999      0.6 0.498667 0.499854
  0.9999      0.7 0.498667  0.49988
  0.9999      0.8 0.498667 0.499897
  0.9999      0.9 0.498667 0.499909
  0.9999        1 0.498667 0.499917
  0.9999        2 0.495333 0.499943
  0.9999        4 0.495333 0.499949