        0      0.05  0.166667  0.466667
      0.2      0.05  0.166667     0.321
      0.4      0.05  0.166667     0.321
      0.6      0.05  0.166667     0.321
      0.8      0.05  0.166667     0.321
      0.9      0.05  0.166667     0.321
     0.95      0.05  0.166667     0.321
     0.99      0.05  0.166667     0.321
    0.999      0.05  0.166667     0.321
   0.9999      0.05  0.166667     0.321
        0       0.1  0.166667  0.466667
      0.2       0.1 0.0666667 0.0667083
      0.4       0.1 0.0646667 0.0652372
      0.6       0.1 0.0646667 0.0647085
      0.8       0.1     0.064 0.0642663
      0.9       0.1     0.064 0.0641123
     0.95       0.1     0.064 0.0640759
     0.99       0.1     0.064 0.0638772
    0.999       0.1 0.0626667 0.0627516
   0.9999       0.1     0.062   0.06067
        0      0.15  0.166667  0.466667
      0.2      0.15 0.0686667 0.0695417
      0.4      0.15     0.068 0.0672465
      0.6      0.15 0.0653333 0.0652167
      0.8      0.15 0.0646667 0.0643378
      0.9      0.15 0.0646667 0.0636369
     0.95      0.15 0.0613333 0.0627807
     0.99      0.15 0.0613333 0.0591618
    0.999      0.15 0.0513333 0.0515959
   0.9999      0.15 0.0473333 0.0491787
        0       0.2  0.166667  0.466667
      0.2       0.2     0.072 0.0733951
      0.4       0.2 0.0686667 0.0693444
      0.6       0.2 0.0666667  0.066291
      0.8       0.2 0.0653333 0.0633376
      0.9       0.2 0.0586667 0.0613996
     0.95       0.2 0.0573333 0.0590071
     0.99       0.2 0.0473333 0.0523022
    0.999       0.2 0.0473333 0.0512829
   0.9999       0.2     0.046 0.0531777
        0       0.3  0.166667  0.466667
      0.2       0.3 0.0846667 0.0873794
      0.4       0.3 0.0746667 0.0784537
      0.6       0.3 0.0666667 0.0718776
      0.8       0.3 0.0586667  0.065771
      0.9       0.3 0.0526667 0.0617821
     0.95       0.3 0.0506667 0.0588075
     0.99       0.3     0.046 0.0585871
    0.999       0.3 0.0673333 0.0774791
   0.9999       0.3     0.112 0.0941109
        0       0.4  0.166667  0.466667
      0.2       0.4     0.096  0.103452
      0.4       0.4 0.0846667 0.0932705
      0.6       0.4 0.0733333 0.0849671
      0.8       0.4 0.0566667  0.076782
      0.9       0.4 0.0486667 0.0725031
     0.95       0.4 0.0466667 0.0715095
     0.99       0.4     0.036 0.0790932
    0.999       0.4 0.0333333 0.0957177
   0.9999       0.4     0.032 0.0958797
        0       0.5  0.166667  0.466667
      0.2       0.5 0.0966667  0.117336
      0.4       0.5 0.0893333  0.108722
      0.6       0.5 0.0773333  0.101616
      0.8       0.5 0.0606667  0.096106
      0.9       0.5 0.0533333 0.0960767
     0.95       0.5 0.0473333  0.100051
     0.99       0.5 0.0366667    0.1156
    0.999       0.5 0.0313333  0.119623
   0.9999       0.5      0.09  0.128278
        0       0.6  0.166667  0.466667
      0.2       0.6  0.102667  0.133228
      0.4       0.6 0.0893333  0.127459
      0.6       0.6 0.0773333  0.123875
      0.8       0.6     0.058  0.124568
      0.9       0.6     0.054  0.130774
     0.95       0.6 0.0526667  0.139711
     0.99       0.6 0.0426667  0.155032
    0.999       0.6 0.0706667  0.159532
   0.9999       0.6     0.188  0.205472
        0       0.7  0.166667  0.466667
      0.2       0.7     0.104  0.152358
      0.4       0.7     0.094  0.150756
      0.6       0.7     0.084  0.152099
      0.8       0.7 0.0693333  0.160067
      0.9       0.7     0.068  0.171703
     0.95       0.7 0.0633333   0.18307
     0.99       0.7 0.0433333  0.195992
    0.999       0.7  0.123333  0.224543
   0.9999       0.7       0.2  0.261963
        0       0.8  0.166667  0.466667
      0.2       0.8  0.112667  0.175553
      0.4       0.8  0.100667  0.178467
      0.6       0.8     0.094  0.185103
      0.8       0.8     0.078  0.199841
      0.9       0.8 0.0733333  0.214767
     0.95       0.8 0.0613333  0.226317
     0.99       0.8 0.0646667  0.244433
    0.999       0.8  0.191333  0.283196
   0.9999       0.8       0.2  0.300429
        0       0.9  0.166667  0.466667
      0.2       0.9  0.111333  0.202905
      0.4       0.9  0.105333  0.209854
      0.6       0.9 0.0953333  0.220863
      0.8       0.9 0.0813333  0.239936
      0.9       0.9 0.0713333  0.255963
     0.95       0.9 0.0573333  0.268161
     0.99       0.9      0.11  0.294183
    0.999       0.9  0.199333   0.32526
   0.9999       0.9       0.2  0.332931
        0         1  0.166667  0.466667
      0.2         1  0.109333  0.233005
      0.4         1     0.104    0.2428
      0.6         1 0.0953333   0.25649
      0.8         1 0.0813333  0.277436
      0.9         1      0.07   0.29403
     0.95         1 0.0686667   0.30768
     0.99         1  0.158667  0.335856
    0.999         1       0.2  0.357326
   0.9999         1       0.2  0.361253
        0         2  0.166667  0.466667
      0.2         2  0.177333  0.414852
      0.4         2  0.160667  0.421587
      0.6         2     0.122  0.429393
      0.8         2  0.112667  0.439789
      0.9         2     0.158  0.448436
     0.95         2  0.166667  0.456205
     0.99         2  0.166667   0.46863
    0.999         2       0.2  0.473534
   0.9999         2       0.2  0.474108
        0         4  0.166667  0.466667
      0.2         4  0.242667   0.45741
      0.4         4     0.216   0.45954
      0.6         4  0.177333  0.462417
      0.8         4  0.144667  0.467656
      0.9         4  0.166667  0.473752
     0.95         4  0.166667  0.480199
     0.99         4  0.166667  0.490881
    0.999         4      0.18  0.494912
   0.9999         4       0.2  0.495371