        0      0.05  0.482667  0.493333
      0.2      0.05  0.481333  0.491667
      0.4      0.05  0.481333  0.491667
      0.6      0.05  0.481333  0.491667
      0.8      0.05  0.481333  0.491667
      0.9      0.05  0.481333  0.491667
     0.95      0.05  0.481333  0.491667
     0.99      0.05  0.481333  0.491667
    0.999      0.05  0.481333  0.491667
   0.9999      0.05  0.481333  0.491667
        0       0.1  0.482667  0.493333
      0.2       0.1     0.118  0.117407
      0.4       0.1     0.118  0.116841
      0.6       0.1     0.114   0.11623
      0.8       0.1  0.113333  0.115897
      0.9       0.1  0.117333  0.116922
     0.95       0.1      0.12  0.118384
     0.99       0.1  0.120667  0.119793
    0.999       0.1  0.117333  0.113712
   0.9999       0.1  0.103333  0.103216
        0      0.15  0.482667  0.493333
      0.2      0.15  0.115333  0.118068
      0.4      0.15  0.117333  0.117133
      0.6      0.15  0.111333  0.116302
      0.8      0.15  0.116667  0.115256
      0.9      0.15  0.120667  0.114462
     0.95      0.15  0.106667  0.112157
     0.99      0.15  0.102667  0.104041
    0.999      0.15  0.100667  0.105162
   0.9999      0.15     0.128  0.119147
        0       0.2  0.482667  0.493333
      0.2       0.2      0.12  0.121661
      0.4       0.2  0.118667   0.11684
      0.6       0.2     0.112  0.114018
      0.8       0.2  0.102667  0.111239
      0.9       0.2  0.103333  0.109143
     0.95       0.2  0.101333  0.106893
     0.99       0.2  0.102667  0.109243
    0.999       0.2  0.120667  0.122011
   0.9999       0.2     0.132  0.120683
        0       0.3  0.482667  0.493333
      0.2       0.3  0.132667  0.133456
      0.4       0.3     0.118  0.123105
      0.6       0.3     0.114  0.116437
      0.8       0.3  0.101333  0.111691
      0.9       0.3 0.0986667  0.111024
     0.95       0.3 0.0953333  0.112794
     0.99       0.3 0.0973333  0.122577
    0.999       0.3     0.102  0.172578
   0.9999       0.3  0.119333  0.316584
        0       0.4  0.482667  0.493333
      0.2       0.4     0.142  0.149784
      0.4       0.4  0.125333  0.136812
      0.6       0.4     0.114  0.127906
      0.8       0.4     0.102  0.123371
      0.9       0.4 0.0926667  0.127397
     0.95       0.4 0.0893333  0.139957
     0.99       0.4 0.0906667  0.218875
    0.999       0.4  0.104667  0.413518
   0.9999       0.4  0.482667  0.487678
        0       0.5  0.482667  0.493333
      0.2       0.5  0.143333  0.166252
      0.4       0.5  0.131333  0.159101
      0.6       0.5  0.118667  0.157637
      0.8       0.5  0.109333  0.169796
      0.9       0.5     0.102  0.199452
     0.95       0.5 0.0993333  0.247196
     0.99       0.5     0.084  0.386909
    0.999       0.5     0.454   0.48286
   0.9999       0.5  0.489333  0.497371
        0       0.6  0.482667  0.493333
      0.2       0.6  0.143333  0.189574
      0.4       0.6      0.13  0.192673
      0.6       0.6  0.115333  0.205778
      0.8       0.6  0.107333  0.245632
      0.9       0.6  0.102667  0.301034
     0.95       0.6 0.0913333  0.360218
     0.99       0.6  0.296667  0.455828
    0.999       0.6  0.481333  0.493834
   0.9999       0.6  0.489333  0.498564
        0       0.7  0.482667  0.493333
      0.2       0.7  0.141333  0.224771
      0.4       0.7  0.129333   0.23781
      0.6       0.7  0.118667  0.263536
      0.8       0.7     0.108  0.318591
      0.9       0.7  0.101333  0.374812
     0.95       0.7  0.123333  0.420818
     0.99       0.7  0.426667  0.477413
    0.999       0.7     0.484  0.496523
   0.9999       0.7  0.489333  0.498879
        0       0.8  0.482667  0.493333
      0.2       0.8     0.138  0.267177
      0.4       0.8  0.128667  0.287168
      0.6       0.8  0.118667  0.318987
      0.8       0.8  0.111333  0.374066
      0.9       0.8      0.12  0.419732
     0.95       0.8     0.232  0.451651
     0.99       0.8  0.460667  0.486204
    0.999       0.8  0.483333  0.497622
   0.9999       0.8  0.489333  0.499101
        0       0.9  0.482667  0.493333
      0.2       0.9     0.136  0.309754
      0.4       0.9      0.13   0.33248
      0.6       0.9  0.117333  0.364417
      0.8       0.9  0.121333  0.412159
      0.9       0.9  0.153333  0.446515
     0.95       0.9     0.308  0.468287
     0.99       0.9  0.473333  0.490498
    0.999       0.9  0.482667  0.498224
   0.9999       0.9  0.489333   0.49929
        0         1  0.482667  0.493333
      0.2         1  0.136667  0.347187
      0.4         1  0.130667  0.369406
      0.6         1  0.122667  0.398165
      0.8         1  0.122667  0.437007
      0.9         1     0.184   0.46239
     0.95         1  0.349333   0.47753
     0.99         1  0.478667  0.492779
    0.999         1  0.482667  0.498589
   0.9999         1  0.489333  0.499436
        0         2  0.482667  0.493333
      0.2         2      0.14  0.467652
      0.4         2  0.139333  0.473647
      0.6         2     0.142  0.479954
      0.8         2     0.162   0.48669
      0.9         2  0.299333  0.490441
     0.95         2     0.468  0.492779
     0.99         2  0.482667  0.496592
    0.999         2  0.482667  0.499379
   0.9999         2  0.489333  0.499848
        0         4  0.482667  0.493333
      0.2         4  0.153333   0.48776
      0.4         4  0.150667  0.489168
      0.6         4  0.152667  0.490624
      0.8         4  0.187333  0.492229
      0.9         4  0.343333  0.493308
     0.95         4  0.480667  0.494291
     0.99         4  0.482667  0.497015
    0.999         4  0.482667    0.4995
   0.9999         4  0.482667  0.499926