        0      0.05      0.19      0.49
      0.2      0.05      0.19     0.345
      0.4      0.05      0.19  0.344667
      0.6      0.05      0.19  0.344667
      0.8      0.05      0.19  0.344667
      0.9      0.05      0.19  0.344667
     0.95      0.05      0.19  0.344667
     0.99      0.05      0.19  0.344667
    0.999      0.05      0.19  0.344667
   0.9999      0.05      0.19  0.344667
        0       0.1      0.19      0.49
      0.2       0.1      0.05 0.0524472
      0.4       0.1 0.0506667 0.0518461
      0.6       0.1 0.0506667 0.0505132
      0.8       0.1 0.0486667 0.0491886
      0.9       0.1 0.0486667 0.0486419
     0.95       0.1     0.048 0.0483582
     0.99       0.1     0.048 0.0481437
    0.999       0.1     0.048 0.0473795
   0.9999       0.1     0.044 0.0445256
        0      0.15      0.19      0.49
      0.2      0.15 0.0586667 0.0561189
      0.4      0.15 0.0526667 0.0544909
      0.6      0.15 0.0513333 0.0534959
      0.8      0.15 0.0486667 0.0513946
      0.9      0.15 0.0486667 0.0502791
     0.95      0.15 0.0486667 0.0495511
     0.99      0.15     0.044 0.0474994
    0.999      0.15 0.0506667 0.0503143
   0.9999      0.15 0.0546667 0.0546687
        0       0.2      0.19      0.49
      0.2       0.2 0.0613333 0.0588796
      0.4       0.2 0.0586667 0.0560114
      0.6       0.2 0.0533333 0.0545991
      0.8       0.2 0.0493333 0.0532127
      0.9       0.2     0.048 0.0519106
     0.95       0.2 0.0446667 0.0509707
     0.99       0.2     0.052 0.0522243
    0.999       0.2 0.0566667 0.0565141
   0.9999       0.2 0.0573333  0.057036
        0       0.3      0.19      0.49
      0.2       0.3 0.0626667 0.0655625
      0.4       0.3 0.0613333 0.0605571
      0.6       0.3      0.06 0.0573523
      0.8       0.3     0.054 0.0547621
      0.9       0.3 0.0493333 0.0536968
     0.95       0.3 0.0506667 0.0533816
     0.99       0.3     0.048 0.0523534
    0.999       0.3 0.0526667 0.0526911
   0.9999       0.3     0.046  0.050714
        0       0.4      0.19      0.49
      0.2       0.4 0.0773333 0.0789521
      0.4       0.4     0.066 0.0714845
      0.6       0.4     0.062 0.0656259
      0.8       0.4 0.0573333 0.0603306
      0.9       0.4     0.048 0.0576326
     0.95       0.4 0.0446667 0.0562078
     0.99       0.4 0.0426667 0.0560843
    0.999       0.4 0.0373333 0.0665764
   0.9999       0.4     0.062 0.0829766
        0       0.5      0.19      0.49
      0.2       0.5 0.0846667 0.0933857
      0.4       0.5     0.074 0.0847765
      0.6       0.5 0.0693333 0.0785468
      0.8       0.5 0.0613333 0.0733039
      0.9       0.5 0.0506667 0.0715677
     0.95       0.5     0.044 0.0723638
     0.99       0.5     0.042 0.0832417
    0.999       0.5 0.0533333  0.104435
   0.9999       0.5 0.0773333  0.118609
        0       0.6      0.19      0.49
      0.2       0.6     0.094  0.108951
      0.4       0.6 0.0846667  0.100964
      0.6       0.6 0.0766667 0.0954167
      0.8       0.6 0.0666667 0.0928351
      0.9       0.6 0.0553333 0.0956275
     0.95       0.6 0.0533333  0.102669
     0.99       0.6 0.0486667  0.126561
    0.999       0.6     0.074  0.149003
   0.9999       0.6     0.142  0.192976
        0       0.7      0.19      0.49
      0.2       0.7  0.102667  0.126025
      0.4       0.7 0.0893333  0.119789
      0.6       0.7 0.0813333    0.1171
      0.8       0.7     0.076  0.120641
      0.9       0.7 0.0646667  0.131028
     0.95       0.7 0.0586667  0.145159
     0.99       0.7      0.06  0.174009
    0.999       0.7     0.106  0.209385
   0.9999       0.7     0.198  0.252856
        0       0.8      0.19      0.49
      0.2       0.8  0.108667  0.145999
      0.4       0.8 0.0973333  0.143332
      0.6       0.8 0.0893333  0.145355
      0.8       0.8 0.0753333  0.157279
      0.9       0.8 0.0646667  0.174558
     0.95       0.8 0.0673333  0.191909
     0.99       0.8 0.0793333  0.222094
    0.999       0.8     0.182  0.264133
   0.9999       0.8       0.2  0.286907
        0       0.9      0.19      0.49
      0.2       0.9     0.118   0.17017
      0.4       0.9  0.106667  0.172167
      0.6       0.9 0.0953333  0.179642
      0.8       0.9 0.0833333  0.198707
      0.9       0.9 0.0733333  0.219179
     0.95       0.9 0.0666667  0.236731
     0.99       0.9     0.116  0.268053
    0.999       0.9  0.192667  0.301942
   0.9999       0.9       0.2  0.312503
        0         1      0.19      0.49
      0.2         1  0.127333  0.198701
      0.4         1  0.112667   0.20511
      0.6         1  0.107333  0.217221
      0.8         1 0.0873333   0.24044
      0.9         1     0.078  0.261354
     0.95         1 0.0906667  0.278141
     0.99         1  0.152667  0.307327
    0.999         1  0.198667  0.330286
   0.9999         1       0.2  0.335619
        0         2      0.19      0.49
      0.2         2  0.175333  0.412334
      0.4         2  0.166667  0.420252
      0.6         2  0.156667   0.42893
      0.8         2  0.157333  0.438675
      0.9         2  0.181333  0.444383
     0.95         2      0.19  0.448075
     0.99         2      0.19  0.453987
    0.999         2       0.2   0.45782
   0.9999         2       0.2  0.458423
        0         4      0.19      0.49
      0.2         4     0.196  0.473248
      0.4         4  0.179333  0.475242
      0.6         4  0.169333  0.477343
      0.8         4     0.178  0.479755
      0.9         4      0.19   0.48152
     0.95         4      0.19  0.483227
     0.99         4      0.19  0.487512
    0.999         4      0.19  0.490546
   0.9999         4       0.2  0.490997