        0      0.05  0.196667  0.496667
      0.2      0.05  0.196667  0.372667
      0.4      0.05  0.196667     0.372
      0.6      0.05  0.196667     0.372
      0.8      0.05  0.196667     0.372
      0.9      0.05  0.196667     0.372
     0.95      0.05  0.196667     0.372
     0.99      0.05  0.196667     0.372
    0.999      0.05  0.196667  0.371333
   0.9999      0.05  0.196667  0.371333
        0       0.1  0.196667  0.496667
      0.2       0.1  0.153333  0.153824
      0.4       0.1     0.154  0.153746
      0.6       0.1  0.153333  0.153462
      0.8       0.1  0.153333  0.153374
      0.9       0.1  0.152667  0.152704
     0.95       0.1     0.152  0.151769
     0.99       0.1     0.148  0.148694
    0.999       0.1     0.146  0.146721
   0.9999       0.1  0.145333  0.145571
        0      0.15  0.196667  0.496667
      0.2      0.15  0.156667  0.156957
      0.4      0.15  0.156667  0.156363
      0.6      0.15  0.154667  0.155932
      0.8      0.15  0.154667   0.15487
      0.9      0.15  0.151333  0.152179
     0.95      0.15  0.148667  0.150248
     0.99      0.15  0.146667  0.147798
    0.999      0.15     0.146  0.147069
   0.9999      0.15  0.145333   0.14649
        0       0.2  0.196667  0.496667
      0.2       0.2  0.156667   0.15938
      0.4       0.2     0.158  0.157769
      0.6       0.2  0.156667   0.15685
      0.8       0.2  0.155333  0.155286
      0.9       0.2     0.154  0.152645
     0.95       0.2      0.15   0.15074
     0.99       0.2  0.149333  0.148401
    0.999       0.2  0.146667  0.145919
   0.9999       0.2  0.138667  0.141523
        0       0.3  0.196667  0.496667
      0.2       0.3      0.17  0.172287
      0.4       0.3  0.162667  0.164038
      0.6       0.3  0.158667  0.159455
      0.8       0.3  0.155333  0.155259
      0.9       0.3     0.154  0.151586
     0.95       0.3     0.148  0.147255
     0.99       0.3  0.136667  0.140184
    0.999       0.3  0.146667  0.136452
   0.9999       0.3 0.0706667  0.114339
        0       0.4  0.196667  0.496667
      0.2       0.4     0.198  0.198172
      0.4       0.4  0.174667  0.179823
      0.6       0.4  0.162667  0.165239
      0.8       0.4  0.152667  0.152634
      0.9       0.4     0.148  0.143817
     0.95       0.4  0.139333  0.136406
     0.99       0.4  0.136667  0.128103
    0.999       0.4     0.048  0.115856
   0.9999       0.4 0.0573333  0.110666
        0       0.5  0.196667  0.496667
      0.2       0.5  0.208667  0.216579
      0.4       0.5     0.194  0.199324
      0.6       0.5  0.171333  0.181238
      0.8       0.5  0.153333  0.160949
      0.9       0.5     0.142  0.148537
     0.95       0.5  0.139333  0.141077
     0.99       0.5  0.124667  0.133387
    0.999       0.5 0.0466667  0.129403
   0.9999       0.5 0.0846667  0.140475
        0       0.6  0.196667  0.496667
      0.2       0.6  0.214667  0.234315
      0.4       0.6  0.205333  0.216955
      0.6       0.6  0.184667  0.200179
      0.8       0.6     0.162  0.181881
      0.9       0.6  0.144667  0.172077
     0.95       0.6  0.136667  0.167337
     0.99       0.6     0.048  0.165218
    0.999       0.6 0.0726667   0.16866
   0.9999       0.6  0.189333  0.208543
        0       0.7  0.196667  0.496667
      0.2       0.7     0.228  0.253273
      0.4       0.7     0.208  0.237089
      0.6       0.7  0.194667  0.222628
      0.8       0.7     0.174  0.209339
      0.9       0.7  0.152667  0.204732
     0.95       0.7     0.146  0.204521
     0.99       0.7     0.062  0.208279
    0.999       0.7  0.153333  0.229612
   0.9999       0.7  0.197333   0.26028
        0       0.8  0.196667  0.496667
      0.2       0.8  0.239333  0.272737
      0.4       0.8  0.221333  0.259944
      0.6       0.8  0.202667  0.249612
      0.8       0.8  0.184667  0.243094
      0.9       0.8      0.17  0.243952
     0.95       0.8      0.16    0.2474
     0.99       0.8 0.0893333  0.257529
    0.999       0.8  0.191333  0.282246
   0.9999       0.8  0.199333   0.29538
        0       0.9  0.196667  0.496667
      0.2       0.9  0.241333  0.292112
      0.4       0.9  0.228667  0.283943
      0.6       0.9     0.216  0.278861
      0.8       0.9  0.198667  0.279255
      0.9       0.9  0.188667  0.284391
     0.95       0.9     0.164  0.290273
     0.99       0.9  0.156667  0.303068
    0.999       0.9     0.196   0.31867
   0.9999       0.9       0.2  0.324055
        0         1  0.196667  0.496667
      0.2         1  0.245333  0.311107
      0.4         1  0.234667  0.307739
      0.6         1  0.223333  0.307766
      0.8         1  0.208667  0.313728
      0.9         1  0.197333  0.321329
     0.95         1  0.171333  0.327736
     0.99         1     0.176  0.337869
    0.999         1  0.196667  0.346382
   0.9999         1       0.2  0.348969
        0         2  0.196667  0.496667
      0.2         2     0.266  0.436482
      0.4         2     0.258  0.441726
      0.6         2     0.256  0.447128
      0.8         2  0.237333  0.452482
      0.9         2  0.202667  0.455044
     0.95         2     0.196  0.456352
     0.99         2  0.196667  0.458075
    0.999         2  0.196667   0.45988
   0.9999         2       0.2  0.460348
        0         4  0.196667  0.496667
      0.2         4  0.281333  0.481535
      0.4         4  0.270667  0.483054
      0.6         4  0.255333  0.484577
      0.8         4     0.224  0.486125
      0.9         4  0.196667  0.486968
     0.95         4  0.196667  0.487521
     0.99         4  0.196667  0.488759
    0.999         4  0.196667  0.490403
   0.9999         4       0.2    0.4908