        0      0.05  0.446667  0.466667
      0.2      0.05 0.0793333  0.123807
      0.4      0.05     0.078  0.137264
      0.6      0.05 0.0806667  0.158969
      0.8      0.05 0.0993333  0.204436
      0.9      0.05     0.104  0.260767
     0.95      0.05  0.110667   0.32379
     0.99      0.05  0.165333   0.44113
    0.999      0.05      0.48  0.491507
   0.9999      0.05      0.48  0.497547
        0       0.1  0.446667  0.466667
      0.2       0.1  0.107333  0.215973
      0.4       0.1  0.108667  0.237451
      0.6       0.1     0.114  0.270291
      0.8       0.1      0.12  0.329791
      0.9       0.1  0.140667  0.385162
     0.95       0.1  0.183333  0.428628
     0.99       0.1  0.444667  0.480288
    0.999       0.1      0.48  0.495906
   0.9999       0.1      0.48  0.497597
        0      0.15  0.446667  0.466667
      0.2      0.15      0.12  0.289941
      0.4      0.15     0.118  0.313569
      0.6      0.15     0.124   0.34625
      0.8      0.15  0.155333  0.395615
      0.9      0.15     0.242  0.432941
     0.95      0.15  0.386667  0.458679
     0.99      0.15  0.446667  0.487669
    0.999      0.15      0.48  0.496475
   0.9999      0.15      0.48  0.497436
        0       0.2  0.446667  0.466667
      0.2       0.2  0.119333  0.345101
      0.4       0.2     0.128  0.366298
      0.6       0.2  0.157333  0.392922
      0.8       0.2  0.248667  0.428487
      0.9       0.2  0.389333  0.453152
     0.95       0.2  0.446667  0.470074
     0.99       0.2  0.446667  0.490205
    0.999       0.2      0.48  0.496693
   0.9999       0.2      0.48  0.497412
        0       0.3  0.446667  0.466667
      0.2       0.3     0.188  0.412693
      0.4       0.3  0.229333  0.424898
      0.6       0.3  0.317333  0.438793
      0.8       0.3  0.433333  0.456113
      0.9       0.3  0.446667  0.468694
     0.95       0.3  0.446667  0.478554
     0.99       0.3  0.446667   0.49229
    0.999       0.3      0.48  0.497165
   0.9999       0.3      0.48  0.497717
        0       0.4  0.446667  0.466667
      0.2       0.4     0.324  0.442977
      0.4       0.4     0.382  0.449121
      0.6       0.4  0.432667  0.456163
      0.8       0.4  0.446667   0.46572
      0.9       0.4  0.446667   0.47403
     0.95       0.4  0.446667  0.481621
     0.99       0.4  0.446667  0.493354
    0.999       0.4      0.48  0.497697
   0.9999       0.4      0.48  0.498192
        0       0.5  0.446667  0.466667
      0.2       0.5  0.411333  0.455482
      0.4       0.5  0.432667  0.458853
      0.6       0.5     0.444  0.462987
      0.8       0.5  0.446667  0.469502
      0.9       0.5  0.446667  0.476239
     0.95       0.5  0.446667  0.483017
     0.99       0.5  0.446667   0.49401
    0.999       0.5      0.48  0.498137
   0.9999       0.5      0.48  0.498608
        0       0.6  0.446667  0.466667
      0.2       0.6  0.432667  0.460905
      0.4       0.6  0.440667  0.463056
      0.6       0.6  0.446667  0.465946
      0.8       0.6  0.446667  0.471199
      0.9       0.6  0.446667  0.477301
     0.95       0.6  0.446667  0.483752
     0.99       0.6  0.446667  0.494432
    0.999       0.6      0.48   0.49846
   0.9999       0.6      0.48   0.49892
        0       0.7  0.446667  0.466667
      0.2       0.7      0.44  0.463489
      0.4       0.7  0.446667  0.465069
      0.6       0.7  0.446667  0.467385
      0.8       0.7  0.446667  0.472062
      0.9       0.7  0.446667  0.477878
     0.95       0.7  0.446667  0.484182
     0.99       0.7  0.446667  0.494713
    0.999       0.7      0.48  0.498692
   0.9999       0.7      0.48  0.499145
        0       0.8  0.446667  0.466667
      0.2       0.8  0.444667   0.46484
      0.4       0.8  0.446667  0.466131
      0.6       0.8  0.446667  0.468158
      0.8       0.8  0.446667  0.472548
      0.9       0.8  0.446667  0.478223
     0.95       0.8  0.446667  0.484454
     0.99       0.8  0.446667  0.494908
    0.999       0.8      0.48  0.498858
   0.9999       0.8      0.48  0.499308
        0       0.9  0.446667  0.466667
      0.2       0.9  0.446667  0.465606
      0.4       0.9  0.446667  0.466739
      0.6       0.9  0.446667   0.46861
      0.8       0.9  0.446667  0.472846
      0.9       0.9  0.446667  0.478446
     0.95       0.9  0.446667  0.484637
     0.99       0.9  0.446667  0.495047
    0.999       0.9      0.48  0.498981
   0.9999       0.9      0.48  0.499429
        0         1  0.446667  0.466667
      0.2         1  0.446667  0.466069
      0.4         1  0.446667  0.467112
      0.6         1  0.446667  0.468892
      0.8         1  0.446667   0.47304
      0.9         1  0.446667  0.478598
     0.95         1  0.446667  0.484767
     0.99         1  0.446667   0.49515
    0.999         1      0.48  0.499073
   0.9999         1      0.48  0.499519
        0         2  0.446667  0.466667
      0.2         2  0.446667  0.467056
      0.4         2  0.446667  0.467938
      0.6         2  0.446667  0.469559
      0.8         2  0.446667  0.473554
      0.9         2  0.446667   0.47904
     0.95         2  0.446667  0.485169
     0.99         2  0.446667  0.495495
    0.999         2  0.446667  0.499392
   0.9999         2      0.48  0.499835
        0         4  0.446667  0.466667
      0.2         4  0.446667  0.467182
      0.4         4  0.446667  0.468055
      0.6         4  0.446667  0.469668
      0.8         4  0.446667  0.473656
      0.9         4  0.446667   0.47914
     0.95         4  0.446667  0.485267
     0.99         4  0.446667  0.495586
    0.999         4  0.446667  0.499478
   0.9999         4  0.446667  0.499921