        0      0.05     0.486  0.496667
      0.2      0.05     0.486     0.496
      0.4      0.05     0.486     0.496
      0.6      0.05     0.486     0.496
      0.8      0.05     0.486     0.496
      0.9      0.05     0.486     0.496
     0.95      0.05     0.486     0.496
     0.99      0.05     0.486     0.496
    0.999      0.05     0.486     0.496
   0.9999      0.05     0.486     0.496
        0       0.1     0.486  0.496667
      0.2       0.1  0.181333   0.18223
      0.4       0.1  0.184667  0.186194
      0.6       0.1     0.192  0.188751
      0.8       0.1  0.190667  0.189572
      0.9       0.1  0.190667  0.189888
     0.95       0.1  0.190667  0.190027
     0.99       0.1  0.188667  0.189082
    0.999       0.1  0.186667  0.187654
   0.9999       0.1     0.196  0.195645
        0      0.15     0.486  0.496667
      0.2      0.15     0.158  0.157268
      0.4      0.15  0.175333  0.173605
      0.6      0.15  0.185333  0.183971
      0.8      0.15  0.189333  0.187878
      0.9      0.15  0.187333  0.188589
     0.95      0.15     0.186  0.188666
     0.99      0.15  0.193333  0.195948
    0.999      0.15  0.221333   0.21767
   0.9999      0.15  0.254667  0.246084
        0       0.2     0.486  0.496667
      0.2       0.2  0.153333  0.157058
      0.4       0.2  0.155333  0.158628
      0.6       0.2  0.173333  0.170125
      0.8       0.2  0.183333   0.18169
      0.9       0.2     0.186  0.186165
     0.95       0.2     0.188   0.19059
     0.99       0.2  0.208667  0.207616
    0.999       0.2      0.24  0.233239
   0.9999       0.2  0.230667   0.23837
        0       0.3     0.486  0.496667
      0.2       0.3  0.166667  0.175292
      0.4       0.3  0.154667  0.167067
      0.6       0.3  0.146667   0.16206
      0.8       0.3  0.142667  0.163341
      0.9       0.3     0.154  0.166802
     0.95       0.3     0.146  0.170866
     0.99       0.3  0.138667   0.18761
    0.999       0.3  0.133333  0.245621
   0.9999       0.3  0.277333  0.363862
        0       0.4     0.486  0.496667
      0.2       0.4  0.178667  0.197141
      0.4       0.4     0.162  0.186175
      0.6       0.4  0.147333  0.178802
      0.8       0.4     0.132  0.174538
      0.9       0.4  0.127333  0.178206
     0.95       0.4     0.118  0.190301
     0.99       0.4  0.104667  0.260912
    0.999       0.4  0.328667  0.422399
   0.9999       0.4  0.487333  0.487503
        0       0.5     0.486  0.496667
      0.2       0.5  0.190667  0.221654
      0.4       0.5  0.162667  0.214655
      0.6       0.5  0.131333  0.212272
      0.8       0.5  0.110667  0.220306
      0.9       0.5 0.0893333  0.243339
     0.95       0.5 0.0793333  0.282075
     0.99       0.5 0.0893333  0.398195
    0.999       0.5  0.474667  0.483021
   0.9999       0.5  0.489333  0.497089
        0       0.6     0.486  0.496667
      0.2       0.6  0.186667  0.247981
      0.4       0.6  0.165333  0.248573
      0.6       0.6  0.130667  0.257602
      0.8       0.6     0.096  0.287845
      0.9       0.6     0.082  0.331495
     0.95       0.6 0.0866667  0.379277
     0.99       0.6  0.305333   0.45957
    0.999       0.6  0.483333  0.493927
   0.9999       0.6  0.489333  0.498576
        0       0.7     0.486  0.496667
      0.2       0.7  0.182667  0.279423
      0.4       0.7  0.163333  0.287519
      0.6       0.7  0.141333  0.306236
      0.8       0.7      0.12  0.348758
      0.9       0.7  0.137333  0.393675
     0.95       0.7  0.188667  0.431457
     0.99       0.7  0.431333  0.479617
    0.999       0.7  0.484667  0.496655
   0.9999       0.7  0.489333  0.498916
        0       0.8     0.486  0.496667
      0.2       0.8      0.18  0.313034
      0.4       0.8     0.168  0.326787
      0.6       0.8  0.155333  0.350514
      0.8       0.8  0.158667  0.393855
      0.9       0.8     0.198  0.431238
     0.95       0.8      0.29  0.458139
     0.99       0.8  0.466667  0.487855
    0.999       0.8     0.486   0.49769
   0.9999       0.8  0.489333  0.499062
        0       0.9     0.486  0.496667
      0.2       0.9  0.179333  0.344521
      0.4       0.9     0.168  0.361179
      0.6       0.9     0.166  0.385897
      0.8       0.9     0.188  0.424709
      0.9       0.9     0.244   0.45379
     0.95       0.9  0.359333  0.472689
     0.99       0.9     0.482  0.491842
    0.999       0.9     0.486  0.498222
   0.9999       0.9  0.489333  0.499189
        0         1     0.486  0.496667
      0.2         1  0.178667  0.371792
      0.4         1     0.172  0.389033
      0.6         1  0.175333  0.412319
      0.8         1      0.21  0.445174
      0.9         1     0.282  0.467434
     0.95         1  0.386667  0.480912
     0.99         1  0.483333  0.493931
    0.999         1     0.486  0.498544
   0.9999         1  0.489333  0.499306
        0         2     0.486  0.496667
      0.2         2  0.180667  0.470639
      0.4         2  0.188667  0.476591
      0.6         2     0.208   0.48288
      0.8         2  0.285333  0.489564
      0.9         2  0.405333  0.493124
     0.95         2  0.481333  0.495074
     0.99         2     0.486  0.497445
    0.999         2     0.486  0.499355
   0.9999         2     0.486  0.499784
        0         4     0.486  0.496667
      0.2         4      0.19  0.490761
      0.4         4  0.202667  0.492211
      0.6         4     0.224  0.493688
      0.8         4  0.304667  0.495218
      0.9         4     0.428  0.496065
     0.95         4     0.486  0.496624
     0.99         4     0.486  0.497873
    0.999         4     0.486  0.499515
   0.9999         4     0.486   0.49991