        0      0.05      0.49      0.49
      0.2      0.05     0.062  0.121333
      0.4      0.05 0.0533333  0.134629
      0.6      0.05 0.0386667  0.160837
      0.8      0.05 0.0313333  0.222582
      0.9      0.05     0.028  0.295498
     0.95      0.05     0.038  0.363881
     0.99      0.05     0.178  0.460822
    0.999      0.05      0.49  0.495483
   0.9999      0.05       0.5   0.49954
        0       0.1      0.49      0.49
      0.2       0.1 0.0726667   0.30186
      0.4       0.1     0.082  0.330494
      0.6       0.1  0.101333  0.367368
      0.8       0.1  0.164667  0.417087
      0.9       0.1  0.246667  0.449942
     0.95       0.1  0.320667  0.470138
     0.99       0.1  0.356667   0.49152
    0.999       0.1      0.49   0.49897
   0.9999       0.1       0.5  0.499894
        0      0.15      0.49      0.49
      0.2      0.15  0.203333  0.406133
      0.4      0.15  0.249333  0.422669
      0.6      0.15  0.330667  0.441335
      0.8      0.15     0.446  0.463159
      0.9      0.15  0.471333  0.476385
     0.95      0.15      0.44  0.484621
     0.99      0.15  0.374667  0.494791
    0.999      0.15      0.49  0.499318
   0.9999      0.15       0.5  0.499929
        0       0.2      0.49      0.49
      0.2       0.2     0.466  0.448521
      0.4       0.2  0.470667  0.456729
      0.6       0.2  0.473333  0.465867
      0.8       0.2  0.473333  0.476784
      0.9       0.2     0.472  0.483831
     0.95       0.2  0.473333  0.488622
     0.99       0.2  0.340667  0.495682
    0.999       0.2      0.49  0.499412
   0.9999       0.2  0.497333  0.499939
        0       0.3      0.49      0.49
      0.2       0.3     0.474  0.473076
      0.4       0.3  0.477333  0.476263
      0.6       0.3      0.48  0.480086
      0.8       0.3  0.482667  0.485002
      0.9       0.3     0.482  0.488434
     0.95       0.3      0.48  0.491113
     0.99       0.3  0.400667  0.496246
    0.999       0.3      0.49  0.499475
   0.9999       0.3      0.49  0.499945
        0       0.4      0.49      0.49
      0.2       0.4     0.484  0.479818
      0.4       0.4     0.484  0.481959
      0.6       0.4  0.485333  0.484459
      0.8       0.4     0.486  0.487593
      0.9       0.4  0.486667  0.489871
     0.95       0.4     0.476  0.491884
     0.99       0.4     0.376   0.49643
    0.999       0.4      0.49  0.499497
   0.9999       0.4      0.49  0.499947
        0       0.5      0.49      0.49
      0.2       0.5  0.487333  0.483141
      0.4       0.5     0.488  0.484722
      0.6       0.5  0.488667  0.486517
      0.8       0.5  0.489333  0.488755
      0.9       0.5     0.486  0.490496
     0.95       0.5  0.472667  0.492216
     0.99       0.5  0.376667  0.496512
    0.999       0.5      0.49  0.499507
   0.9999       0.5      0.49  0.499949
        0       0.6      0.49      0.49
      0.2       0.6  0.489333  0.485101
      0.4       0.6  0.489333  0.486305
      0.6       0.6  0.489333  0.487657
      0.8       0.6  0.488667  0.489375
      0.9       0.6  0.484667  0.490823
     0.95       0.6      0.47  0.492388
     0.99       0.6  0.383333  0.496555
    0.999       0.6      0.49  0.499512
   0.9999       0.6      0.49  0.499949
        0       0.7      0.49      0.49
      0.2       0.7  0.489333  0.486346
      0.4       0.7  0.489333  0.487291
      0.6       0.7      0.49  0.488352
      0.8       0.7  0.488667  0.489744
      0.9       0.7  0.485333  0.491015
     0.95       0.7  0.466667  0.492489
     0.99       0.7       0.4  0.496581
    0.999       0.7      0.49  0.499516
   0.9999       0.7      0.49  0.499949
        0       0.8      0.49      0.49
      0.2       0.8  0.489333  0.487181
      0.4       0.8  0.489333  0.487943
      0.6       0.8  0.490667  0.488805
      0.8       0.8      0.49  0.489981
      0.9       0.8     0.486  0.491138
     0.95       0.8  0.466667  0.492553
     0.99       0.8     0.414  0.496596
    0.999       0.8      0.49  0.499518
   0.9999       0.8      0.49   0.49995
        0       0.9      0.49      0.49
      0.2       0.9      0.49  0.487766
      0.4       0.9  0.488667  0.488395
      0.6       0.9  0.490667  0.489117
      0.8       0.9      0.49  0.490143
      0.9       0.9  0.485333  0.491221
     0.95       0.9  0.466667  0.492597
     0.99       0.9     0.426  0.496607
    0.999       0.9      0.49  0.499519
   0.9999       0.9      0.49   0.49995
        0         1      0.49      0.49
      0.2         1      0.49   0.48819
      0.4         1  0.489333  0.488721
      0.6         1  0.490667   0.48934
      0.8         1      0.49  0.490258
      0.9         1  0.484667   0.49128
     0.95         1     0.466  0.492627
     0.99         1  0.433333  0.496615
    0.999         1      0.49   0.49952
   0.9999         1      0.49   0.49995
        0         2      0.49      0.49
      0.2         2  0.490667  0.489577
      0.4         2      0.49  0.489776
      0.6         2      0.49  0.490054
      0.8         2  0.489333  0.490621
      0.9         2     0.482  0.491466
     0.95         2  0.464667  0.492724
     0.99         2  0.459333  0.496638
    0.999         2      0.49  0.499523
   0.9999         2      0.49   0.49995
        0         4      0.49      0.49
      0.2         4  0.490667  0.489931
      0.4         4      0.49  0.490043
      0.6         4      0.49  0.490232
      0.8         4     0.488  0.490711
      0.9         4  0.482667  0.491511
     0.95         4     0.464  0.492747
     0.99         4  0.462667  0.496644
    0.999         4      0.49  0.499523
   0.9999         4      0.49   0.49995