        0      0.05  0.193333  0.493333
      0.2      0.05  0.193333  0.367333
      0.4      0.05  0.193333  0.367333
      0.6      0.05  0.193333  0.367333
      0.8      0.05  0.193333  0.367333
      0.9      0.05  0.193333  0.367333
     0.95      0.05  0.193333  0.367333
     0.99      0.05  0.193333  0.367333
    0.999      0.05  0.193333  0.367333
   0.9999      0.05  0.193333  0.367333
        0       0.1  0.193333  0.493333
      0.2       0.1      0.07 0.0690795
      0.4       0.1     0.068 0.0683381
      0.6       0.1     0.068 0.0682485
      0.8       0.1 0.0673333 0.0683511
      0.9       0.1 0.0673333 0.0686726
     0.95       0.1 0.0706667 0.0690876
     0.99       0.1      0.07 0.0692891
    0.999       0.1 0.0686667 0.0689368
   0.9999       0.1 0.0686667 0.0692442
        0      0.15  0.193333  0.493333
      0.2      0.15 0.0726667 0.0714264
      0.4      0.15     0.068 0.0687587
      0.6      0.15 0.0673333 0.0679455
      0.8      0.15     0.068 0.0679442
      0.9      0.15 0.0673333 0.0681422
     0.95      0.15 0.0693333 0.0683041
     0.99      0.15 0.0673333 0.0685629
    0.999      0.15     0.068 0.0675353
   0.9999      0.15 0.0686667  0.067507
        0       0.2  0.193333  0.493333
      0.2       0.2 0.0746667 0.0780988
      0.4       0.2 0.0713333 0.0729038
      0.6       0.2     0.068 0.0698847
      0.8       0.2     0.066 0.0684598
      0.9       0.2 0.0653333 0.0683665
     0.95       0.2 0.0653333 0.0685079
     0.99       0.2 0.0686667 0.0687772
    0.999       0.2 0.0733333 0.0741656
   0.9999       0.2 0.0813333 0.0873303
        0       0.3  0.193333  0.493333
      0.2       0.3     0.086  0.086852
      0.4       0.3 0.0793333 0.0818736
      0.6       0.3 0.0713333 0.0771221
      0.8       0.3 0.0673333 0.0732011
      0.9       0.3 0.0646667 0.0727224
     0.95       0.3     0.066 0.0742848
     0.99       0.3 0.0713333 0.0841106
    0.999       0.3  0.111333  0.106745
   0.9999       0.3  0.117333  0.118582
        0       0.4  0.193333  0.493333
      0.2       0.4 0.0906667 0.0966515
      0.4       0.4 0.0873333 0.0892887
      0.6       0.4 0.0753333 0.0847998
      0.8       0.4 0.0673333 0.0814023
      0.9       0.4 0.0653333 0.0807888
     0.95       0.4 0.0626667 0.0819086
     0.99       0.4 0.0553333 0.0888559
    0.999       0.4  0.105333  0.109281
   0.9999       0.4 0.0386667  0.111401
        0       0.5  0.193333  0.493333
      0.2       0.5  0.103333  0.111613
      0.4       0.5 0.0893333  0.101307
      0.6       0.5      0.08 0.0949708
      0.8       0.5     0.068 0.0911925
      0.9       0.5 0.0606667 0.0915162
     0.95       0.5     0.054 0.0949519
     0.99       0.5 0.0413333  0.112409
    0.999       0.5     0.036  0.130244
   0.9999       0.5 0.0573333  0.137057
        0       0.6  0.193333  0.493333
      0.2       0.6  0.115333  0.131127
      0.4       0.6 0.0966667  0.119246
      0.6       0.6 0.0806667  0.112541
      0.8       0.6 0.0666667   0.11144
      0.9       0.6 0.0606667  0.117153
     0.95       0.6 0.0566667  0.127127
     0.99       0.6 0.0433333  0.151527
    0.999       0.6 0.0526667  0.168369
   0.9999       0.6  0.174667  0.213197
        0       0.7  0.193333  0.493333
      0.2       0.7  0.125333  0.156064
      0.4       0.7  0.106667  0.145921
      0.6       0.7     0.092  0.141238
      0.8       0.7 0.0793333  0.144967
      0.9       0.7      0.07  0.155832
     0.95       0.7     0.064  0.168822
     0.99       0.7     0.048  0.191393
    0.999       0.7      0.14  0.226308
   0.9999       0.7  0.196667     0.265
        0       0.8  0.193333  0.493333
      0.2       0.8      0.14   0.18536
      0.4       0.8     0.122  0.178118
      0.6       0.8  0.102667  0.176687
      0.8       0.8     0.086  0.184746
      0.9       0.8     0.074  0.197828
     0.95       0.8 0.0673333  0.210668
     0.99       0.8 0.0726667  0.235338
    0.999       0.8      0.19  0.274558
   0.9999       0.8  0.199333  0.292047
        0       0.9  0.193333  0.493333
      0.2       0.9     0.156  0.216391
      0.4       0.9  0.135333   0.21247
      0.6       0.9  0.114667  0.214206
      0.8       0.9      0.09  0.225347
      0.9       0.9 0.0753333  0.239125
     0.95       0.9      0.07   0.25187
     0.99       0.9  0.157333  0.278748
    0.999       0.9  0.195333  0.306434
   0.9999       0.9       0.2  0.314169
        0         1  0.193333  0.493333
      0.2         1  0.166667  0.247115
      0.4         1     0.146  0.246546
      0.6         1  0.128667  0.251144
      0.8         1 0.0973333  0.264445
      0.9         1 0.0906667  0.278444
     0.95         1 0.0853333  0.290985
     0.99         1     0.186  0.314814
    0.999         1  0.197333  0.332098
   0.9999         1       0.2  0.336039
        0         2  0.193333  0.493333
      0.2         2     0.218  0.423254
      0.4         2  0.202667  0.429392
      0.6         2  0.182667  0.436168
      0.8         2     0.168  0.443729
      0.9         2  0.193333  0.448019
     0.95         2  0.193333  0.450636
     0.99         2  0.193333  0.454631
    0.999         2  0.199333  0.457606
   0.9999         2       0.2   0.45814
        0         4  0.193333  0.493333
      0.2         4     0.246  0.477734
      0.4         4  0.234667  0.479326
      0.6         4  0.210667  0.480979
      0.8         4  0.195333  0.482792
      0.9         4  0.193333  0.483978
     0.95         4  0.193333  0.485015
     0.99         4  0.193333   0.48778
    0.999         4  0.193333  0.490281
   0.9999         4       0.2  0.490711