       0     0.05 0.501333 0.496667
     0.2     0.05     0.49 0.488113
     0.4     0.05 0.486667 0.488198
     0.6     0.05 0.490667 0.488409
     0.8     0.05 0.486667 0.489111
     0.9     0.05 0.491333 0.490396
    0.95     0.05 0.493333 0.492163
    0.99     0.05 0.488667 0.496196
   0.999     0.05     0.48 0.499328
  0.9999     0.05 0.501333 0.499971
       0      0.1 0.501333 0.496667
     0.2      0.1     0.49 0.488751
     0.4      0.1 0.487333 0.489713
     0.6      0.1 0.492667 0.490846
     0.8      0.1 0.496667 0.492681
     0.9      0.1    0.494 0.494241
    0.95      0.1 0.490667 0.495448
    0.99      0.1 0.491333 0.497622
   0.999      0.1 0.501333 0.499593
  0.9999      0.1 0.503333 0.500012
       0     0.15 0.501333 0.496667
     0.2     0.15    0.496  0.49078
     0.4     0.15    0.498 0.491819
     0.6     0.15 0.499333 0.492972
     0.8     0.15    0.496 0.494432
     0.9     0.15 0.488667 0.495464
    0.95     0.15    0.486 0.496269
    0.99     0.15 0.490667 0.497919
   0.999     0.15 0.501333 0.499655
  0.9999     0.15 0.504667 0.500041
       0      0.2 0.501333 0.496667
     0.2      0.2 0.496667 0.492616
     0.4      0.2 0.496667 0.493348
     0.6      0.2    0.488 0.494179
     0.8      0.2    0.484 0.495236
     0.9      0.2 0.487333 0.496012
    0.95      0.2 0.482667 0.496636
    0.99      0.2 0.501333 0.498041
   0.999      0.2 0.501333 0.499695
  0.9999      0.2 0.504667 0.500072
       0      0.3 0.501333 0.496667
     0.2      0.3     0.48 0.494342
     0.4      0.3 0.481333   0.4948
     0.6      0.3 0.480667 0.495335
     0.8      0.3 0.473333 0.496024
     0.9      0.3 0.482667 0.496522
    0.95      0.3 0.495333 0.496941
    0.99      0.3 0.501333 0.498115
   0.999      0.3 0.501333 0.499708
  0.9999      0.3 0.504667 0.500081
       0      0.4 0.501333 0.496667
     0.2      0.4 0.482667 0.495265
     0.4      0.4 0.481333 0.495576
     0.6      0.4 0.484667 0.495935
     0.8      0.4 0.474667 0.496386
     0.9      0.4 0.492667 0.496718
    0.95      0.4 0.501333 0.497034
    0.99      0.4 0.501333 0.498109
   0.999      0.4 0.501333 0.499683
  0.9999      0.4 0.504667 0.500056
       0      0.5 0.501333 0.496667
     0.2      0.5    0.478  0.49579
     0.4      0.5 0.481333 0.496003
     0.6      0.5 0.481333 0.496247
     0.8      0.5 0.478667 0.496552
     0.9      0.5 0.501333 0.496795
    0.95      0.5 0.501333  0.49706
    0.99      0.5 0.501333 0.498088
   0.999      0.5 0.501333 0.499657
  0.9999      0.5 0.504667 0.500031
       0      0.6 0.501333 0.496667
     0.2      0.6 0.481333 0.496084
     0.4      0.6 0.482667 0.496236
     0.6      0.6 0.482667  0.49641
     0.8      0.6 0.472667 0.496633
     0.9      0.6 0.501333 0.496827
    0.95      0.6 0.501333 0.497065
    0.99      0.6 0.501333 0.498069
   0.999      0.6 0.501333 0.499636
  0.9999      0.6 0.501333 0.500012
       0      0.7 0.501333 0.496667
     0.2      0.7 0.486667 0.496256
     0.4      0.7 0.487333  0.49637
     0.6      0.7 0.483333 0.496501
     0.8      0.7 0.477333 0.496675
     0.9      0.7 0.501333 0.496842
    0.95      0.7 0.501333 0.497064
    0.99      0.7 0.501333 0.498054
   0.999      0.7 0.501333 0.499621
  0.9999      0.7 0.501333 0.499999
       0      0.8 0.501333 0.496667
     0.2      0.8    0.486 0.496363
     0.4      0.8 0.485333 0.496452
     0.6      0.8 0.480667 0.496555
     0.8      0.8 0.482667 0.496699
     0.9      0.8 0.501333 0.496849
    0.95      0.8 0.501333 0.497062
    0.99      0.8 0.501333 0.498042
   0.999      0.8 0.501333  0.49961
  0.9999      0.8 0.501333 0.499989
       0      0.9 0.501333 0.496667
     0.2      0.9    0.486 0.496433
     0.4      0.9    0.482 0.496506
     0.6      0.9    0.484  0.49659
     0.8      0.9 0.485333 0.496713
     0.9      0.9 0.501333 0.496852
    0.95      0.9 0.501333 0.497059
    0.99      0.9 0.501333 0.498033
   0.999      0.9 0.501333 0.499601
  0.9999      0.9 0.501333 0.499982
       0        1 0.501333 0.496667
     0.2        1 0.484667 0.496482
     0.4        1    0.482 0.496543
     0.6        1 0.483333 0.496614
     0.8        1 0.489333 0.496723
     0.9        1 0.501333 0.496854
    0.95        1 0.501333 0.497057
    0.99        1 0.501333 0.498026
   0.999        1 0.501333 0.499595
  0.9999        1 0.501333 0.499976
       0        2 0.501333 0.496667
     0.2        2 0.481333 0.496628
     0.4        2 0.483333  0.49665
     0.6        2 0.484667 0.496681
     0.8        2 0.498667 0.496747
     0.9        2 0.501333 0.496856
    0.95        2 0.501333 0.497046
    0.99        2 0.501333 0.498002
   0.999        2 0.501333 0.499573
  0.9999        2 0.501333 0.499958
       0        4 0.501333 0.496667
     0.2        4    0.482 0.496661
     0.4        4 0.482667 0.496674
     0.6        4    0.486 0.496695
     0.8        4 0.495333 0.496752
     0.9        4 0.501333 0.496856
    0.95        4 0.501333 0.497043
    0.99        4 0.501333 0.497995
   0.999        4 0.501333 0.499567
  0.9999        4 0.501333 0.499952