       0     0.05 0.493333 0.493333
     0.2     0.05 0.260667 0.280903
     0.4     0.05 0.254667  0.28031
     0.6     0.05     0.24 0.286676
     0.8     0.05 0.239333 0.314798
     0.9     0.05 0.242667 0.357593
    0.95     0.05 0.270667 0.402888
    0.99     0.05 0.342667 0.472012
   0.999     0.05    0.436 0.496797
  0.9999     0.05      0.5 0.499674
       0      0.1 0.493333 0.493333
     0.2      0.1 0.300667 0.377457
     0.4      0.1    0.304 0.394099
     0.6      0.1 0.321333 0.416713
     0.8      0.1 0.357333 0.448704
     0.9      0.1     0.43 0.470089
    0.95      0.1 0.456667 0.482639
    0.99      0.1 0.411333 0.494742
   0.999      0.1 0.493333 0.499279
  0.9999      0.1      0.5 0.499924
       0     0.15 0.493333 0.493333
     0.2     0.15 0.383333 0.440241
     0.4     0.15 0.410667 0.451645
     0.6     0.15    0.436 0.464515
     0.8     0.15    0.454 0.479077
     0.9     0.15 0.458667 0.487012
    0.95     0.15    0.462 0.491304
    0.99     0.15    0.466 0.496427
   0.999     0.15 0.493333  0.49945
  0.9999     0.15      0.5 0.499942
       0      0.2 0.493333 0.493333
     0.2      0.2 0.440667 0.468709
     0.4      0.2    0.452 0.474795
     0.6      0.2 0.457333 0.481205
     0.8      0.2    0.462 0.487867
     0.9      0.2    0.464 0.491323
    0.95      0.2 0.456667 0.493363
    0.99      0.2    0.524 0.496816
   0.999      0.2 0.493333  0.49949
  0.9999      0.2      0.5 0.499946
       0      0.3 0.493333 0.493333
     0.2      0.3    0.476 0.488007
     0.4      0.3 0.475333 0.489532
     0.6      0.3 0.476667  0.49104
     0.8      0.3 0.474667 0.492566
     0.9      0.3 0.465333 0.493521
    0.95      0.3 0.458667 0.494407
    0.99      0.3 0.493333  0.49703
   0.999      0.3 0.493333 0.499515
  0.9999      0.3      0.5 0.499948
       0      0.4 0.493333 0.493333
     0.2      0.4 0.489333 0.491725
     0.4      0.4    0.488 0.492214
     0.6      0.4 0.485333 0.492714
     0.8      0.4 0.479333 0.493315
     0.9      0.4    0.446 0.493868
    0.95      0.4    0.538 0.494579
    0.99      0.4 0.493333 0.497079
   0.999      0.4 0.493333 0.499524
  0.9999      0.4      0.5 0.499949
       0      0.5 0.493333 0.493333
     0.2      0.5 0.493333 0.492534
     0.4      0.5 0.490667 0.492786
     0.6      0.5 0.485333 0.493067
     0.8      0.5 0.477333 0.493474
     0.9      0.5    0.458 0.493945
    0.95      0.5 0.511333 0.494621
    0.99      0.5 0.493333 0.497097
   0.999      0.5 0.493333 0.499528
  0.9999      0.5 0.493333  0.49995
       0      0.6 0.493333 0.493333
     0.2      0.6 0.494667 0.492803
     0.4      0.6 0.493333 0.492979
     0.6      0.6 0.490667  0.49319
     0.8      0.6    0.474 0.493533
     0.9      0.6 0.474667 0.493975
    0.95      0.6 0.493333 0.494638
    0.99      0.6 0.493333 0.497106
   0.999      0.6 0.493333  0.49953
  0.9999      0.6 0.493333  0.49995
       0      0.7 0.493333 0.493333
     0.2      0.7 0.493333 0.492937
     0.4      0.7 0.495333 0.493078
     0.6      0.7     0.49 0.493254
     0.8      0.7 0.470667 0.493565
     0.9      0.7 0.483333 0.493992
    0.95      0.7 0.493333 0.494649
    0.99      0.7 0.493333 0.497112
   0.999      0.7 0.493333 0.499531
  0.9999      0.7 0.493333  0.49995
       0      0.8 0.493333 0.493333
     0.2      0.8 0.494667 0.493023
     0.4      0.8    0.496 0.493142
     0.6      0.8 0.491333 0.493297
     0.8      0.8    0.464 0.493586
     0.9      0.8 0.497333 0.494003
    0.95      0.8 0.493333 0.494655
    0.99      0.8 0.493333 0.497115
   0.999      0.8 0.493333 0.499532
  0.9999      0.8 0.493333  0.49995
       0      0.9 0.493333 0.493333
     0.2      0.9    0.494 0.493084
     0.4      0.9 0.495333 0.493188
     0.6      0.9    0.492 0.493327
     0.8      0.9     0.46 0.493601
     0.9      0.9 0.502667 0.494011
    0.95      0.9 0.493333  0.49466
    0.99      0.9 0.493333 0.497118
   0.999      0.9 0.493333 0.499533
  0.9999      0.9 0.493333  0.49995
       0        1 0.493333 0.493333
     0.2        1 0.493333 0.493129
     0.4        1 0.496667 0.493222
     0.6        1 0.491333  0.49335
     0.8        1    0.454 0.493613
     0.9        1    0.506 0.494018
    0.95        1 0.493333 0.494664
    0.99        1 0.493333  0.49712
   0.999        1 0.493333 0.499533
  0.9999        1 0.493333  0.49995
       0        2 0.493333 0.493333
     0.2        2 0.490667 0.493293
     0.4        2    0.496 0.493345
     0.6        2 0.491333 0.493433
     0.8        2 0.446667 0.493655
     0.9        2 0.517333  0.49404
    0.95        2 0.493333 0.494677
    0.99        2 0.493333 0.497126
   0.999        2 0.493333 0.499534
  0.9999        2 0.493333  0.49995
       0        4 0.493333 0.493333
     0.2        4    0.492 0.493339
     0.4        4 0.494667  0.49338
     0.6        4 0.490667 0.493456
     0.8        4 0.444667 0.493667
     0.9        4 0.515333 0.494046
    0.95        4 0.493333  0.49468
    0.99        4 0.493333 0.497127
   0.999        4 0.493333 0.499535
  0.9999        4 0.493333  0.49995