        0      0.05  0.479333      0.49
      0.2      0.05  0.477333  0.486667
      0.4      0.05  0.477333  0.486667
      0.6      0.05  0.477333  0.486667
      0.8      0.05  0.477333  0.486667
      0.9      0.05  0.477333  0.486667
     0.95      0.05  0.477333  0.486667
     0.99      0.05  0.477333  0.486667
    0.999      0.05  0.477333  0.486667
   0.9999      0.05  0.477333  0.486667
        0       0.1  0.479333      0.49
      0.2       0.1       0.1 0.0989764
      0.4       0.1     0.098 0.0978032
      0.6       0.1 0.0966667 0.0969251
      0.8       0.1 0.0946667 0.0964702
      0.9       0.1     0.096 0.0964671
     0.95       0.1     0.096 0.0970483
     0.99       0.1  0.101333  0.101591
    0.999       0.1     0.108  0.107921
   0.9999       0.1     0.108   0.10965
        0      0.15  0.479333      0.49
      0.2      0.15       0.1 0.0983129
      0.4      0.15 0.0986667 0.0984796
      0.6      0.15 0.0993333 0.0983095
      0.8      0.15     0.096 0.0990215
      0.9      0.15     0.096  0.101397
     0.95      0.15  0.104667  0.104967
     0.99      0.15  0.108667  0.112285
    0.999      0.15  0.115333  0.118976
   0.9999      0.15     0.122  0.120556
        0       0.2  0.479333      0.49
      0.2       0.2 0.0926667 0.0948853
      0.4       0.2 0.0973333 0.0967215
      0.6       0.2 0.0973333 0.0984163
      0.8       0.2     0.098  0.101695
      0.9       0.2  0.102667  0.106608
     0.95       0.2      0.11  0.112003
     0.99       0.2  0.116667  0.120012
    0.999       0.2     0.122    0.1213
   0.9999       0.2     0.114  0.119473
        0       0.3  0.479333      0.49
      0.2       0.3 0.0953333  0.100785
      0.4       0.3 0.0913333 0.0989959
      0.6       0.3     0.092  0.100982
      0.8       0.3 0.0966667  0.107432
      0.9       0.3  0.105333  0.114537
     0.95       0.3      0.11  0.120285
     0.99       0.3     0.106  0.134426
    0.999       0.3  0.113333  0.198823
   0.9999       0.3  0.154667  0.332354
        0       0.4  0.479333      0.49
      0.2       0.4     0.094  0.122511
      0.4       0.4 0.0906667  0.118413
      0.6       0.4     0.092  0.118074
      0.8       0.4     0.088  0.124122
      0.9       0.4 0.0886667  0.135512
     0.95       0.4 0.0806667  0.153571
     0.99       0.4 0.0646667  0.238613
    0.999       0.4     0.092  0.422387
   0.9999       0.4  0.255333  0.489834
        0       0.5  0.479333      0.49
      0.2       0.5 0.0926667  0.155994
      0.4       0.5     0.084  0.156337
      0.6       0.5 0.0793333  0.161544
      0.8       0.5 0.0746667    0.1815
      0.9       0.5 0.0626667  0.216186
     0.95       0.5 0.0546667  0.265854
     0.99       0.5 0.0493333  0.399904
    0.999       0.5 0.0906667  0.486388
   0.9999       0.5      0.51  0.498707
        0       0.6  0.479333      0.49
      0.2       0.6     0.088  0.197825
      0.4       0.6     0.076  0.207471
      0.6       0.6 0.0693333  0.225673
      0.8       0.6     0.062    0.2689
      0.9       0.6 0.0513333  0.323178
     0.95       0.6 0.0433333  0.378501
     0.99       0.6 0.0733333  0.464204
    0.999       0.6  0.486667  0.496085
   0.9999       0.6  0.510667  0.499799
        0       0.7  0.479333      0.49
      0.2       0.7 0.0933333  0.244032
      0.4       0.7 0.0813333  0.261812
      0.6       0.7 0.0733333  0.290222
      0.8       0.7 0.0613333  0.343993
      0.9       0.7      0.06  0.395236
     0.95       0.7     0.082  0.435515
     0.99       0.7  0.333333  0.483275
    0.999       0.7  0.500667  0.498405
   0.9999       0.7  0.510667  0.500124
        0       0.8  0.479333      0.49
      0.2       0.8     0.088  0.290485
      0.4       0.8     0.086  0.312523
      0.6       0.8 0.0793333    0.3443
      0.8       0.8 0.0826667  0.395092
      0.9       0.8  0.106667  0.434779
     0.95       0.8  0.171333  0.461554
     0.99       0.8  0.466667  0.490192
    0.999       0.8     0.502  0.499211
   0.9999       0.8  0.510667  0.500258
        0       0.9  0.479333      0.49
      0.2       0.9 0.0926667  0.332003
      0.4       0.9 0.0886667   0.35459
      0.6       0.9 0.0853333  0.384589
      0.8       0.9     0.102  0.426942
      0.9       0.9  0.161333  0.456024
     0.95       0.9     0.276  0.474142
     0.99       0.9     0.498  0.493169
    0.999       0.9     0.502   0.49953
   0.9999       0.9  0.510667  0.500295
        0         1  0.479333      0.49
      0.2         1      0.09  0.365603
      0.4         1      0.09  0.386513
      0.6         1     0.094  0.412584
      0.8         1  0.132667  0.446365
      0.9         1  0.206667  0.467801
     0.95         1  0.354667  0.480698
     0.99         1  0.500667  0.494608
    0.999         1  0.500667  0.499657
   0.9999         1  0.510667  0.500284
        0         2  0.479333      0.49
      0.2         2  0.117333  0.466273
      0.4         2  0.124667  0.471954
      0.6         2  0.150667  0.477957
      0.8         2  0.249333  0.484523
      0.9         2  0.399333  0.488495
     0.95         2  0.494667  0.491368
     0.99         2  0.500667  0.496566
    0.999         2  0.500667  0.499633
   0.9999         2  0.510667  0.500066
        0         4  0.479333      0.49
      0.2         4     0.134  0.484615
      0.4         4     0.142  0.486044
      0.6         4  0.175333  0.487566
      0.8         4     0.286  0.489395
      0.9         4     0.434  0.490882
     0.95         4       0.5  0.492471
     0.99         4  0.500667  0.496644
    0.999         4  0.500667  0.499554
   0.9999         4  0.500667   0.49998