        0      0.05  0.479333      0.49
      0.2      0.05  0.476667  0.488333
      0.4      0.05  0.476667  0.488333
      0.6      0.05  0.476667  0.488333
      0.8      0.05  0.476667  0.488333
      0.9      0.05  0.476667  0.488333
     0.95      0.05  0.476667  0.488333
     0.99      0.05  0.476667  0.488333
    0.999      0.05  0.476667  0.488333
   0.9999      0.05  0.476667  0.488333
        0       0.1  0.479333      0.49
      0.2       0.1 0.0726667 0.0704094
      0.4       0.1 0.0706667 0.0699839
      0.6       0.1 0.0713333 0.0699546
      0.8       0.1 0.0693333 0.0692895
      0.9       0.1     0.068 0.0683142
     0.95       0.1     0.066 0.0673051
     0.99       0.1     0.064 0.0655872
    0.999       0.1 0.0633333 0.0655873
   0.9999       0.1 0.0686667  0.071366
        0      0.15  0.479333      0.49
      0.2      0.15 0.0626667 0.0648618
      0.4      0.15 0.0686667 0.0669953
      0.6      0.15 0.0713333 0.0670681
      0.8      0.15 0.0653333 0.0665368
      0.9      0.15 0.0646667 0.0664664
     0.95      0.15 0.0626667 0.0672479
     0.99      0.15 0.0686667 0.0726654
    0.999      0.15 0.0693333   0.07603
   0.9999      0.15     0.072 0.0767235
        0       0.2  0.479333      0.49
      0.2       0.2      0.06 0.0603926
      0.4       0.2     0.062 0.0632508
      0.6       0.2     0.062 0.0647688
      0.8       0.2 0.0593333 0.0658463
      0.9       0.2     0.062  0.067222
     0.95       0.2 0.0606667 0.0689329
     0.99       0.2 0.0613333 0.0713778
    0.999       0.2 0.0613333 0.0760657
   0.9999       0.2 0.0726667 0.0953215
        0       0.3  0.479333      0.49
      0.2       0.3 0.0513333 0.0586585
      0.4       0.3 0.0473333   0.06004
      0.6       0.3     0.052 0.0621043
      0.8       0.3 0.0493333 0.0656946
      0.9       0.3      0.05 0.0704346
     0.95       0.3     0.052    0.0776
     0.99       0.3     0.054  0.109673
    0.999       0.3     0.094  0.206222
   0.9999       0.3  0.152667  0.354925
        0       0.4  0.479333      0.49
      0.2       0.4 0.0433333 0.0734723
      0.4       0.4 0.0413333  0.073209
      0.6       0.4 0.0373333 0.0763652
      0.8       0.4 0.0353333 0.0873014
      0.9       0.4 0.0406667   0.10624
     0.95       0.4 0.0426667  0.135288
     0.99       0.4 0.0393333  0.246322
    0.999       0.4     0.114  0.429978
   0.9999       0.4  0.509333  0.491898
        0       0.5  0.479333      0.49
      0.2       0.5     0.044  0.109454
      0.4       0.5 0.0393333  0.113869
      0.6       0.5 0.0346667   0.12561
      0.8       0.5 0.0326667  0.157462
      0.9       0.5     0.026  0.204054
     0.95       0.5     0.022   0.26308
     0.99       0.5 0.0193333   0.40299
    0.999       0.5     0.428  0.487138
   0.9999       0.5  0.510667  0.498979
        0       0.6  0.479333      0.49
      0.2       0.6 0.0486667  0.161061
      0.4       0.6 0.0426667  0.175882
      0.6       0.6     0.038  0.201974
      0.8       0.6 0.0326667  0.257415
      0.9       0.6 0.0273333  0.319829
     0.95       0.6     0.024  0.378789
     0.99       0.6 0.0333333  0.464998
    0.999       0.6  0.448667   0.49611
   0.9999       0.6  0.510667  0.499709
        0       0.7  0.479333      0.49
      0.2       0.7 0.0566667  0.220127
      0.4       0.7 0.0486667   0.24296
      0.6       0.7      0.04  0.277883
      0.8       0.7 0.0326667  0.339412
      0.9       0.7 0.0273333  0.394184
     0.95       0.7 0.0286667  0.435514
     0.99       0.7 0.0386667  0.483253
    0.999       0.7     0.406  0.498161
   0.9999       0.7  0.502667  0.499849
        0       0.8  0.479333      0.49
      0.2       0.8 0.0606667  0.277036
      0.4       0.8 0.0546667   0.30269
      0.6       0.8 0.0473333  0.338399
      0.8       0.8 0.0393333  0.392921
      0.9       0.8 0.0366667  0.433955
     0.95       0.8 0.0353333   0.46112
     0.99       0.8 0.0366667  0.489842
    0.999       0.8  0.119333  0.498841
   0.9999       0.8  0.497333  0.499888
        0       0.9  0.479333      0.49
      0.2       0.9 0.0646667  0.324778
      0.4       0.9 0.0573333  0.349487
      0.6       0.9     0.052  0.381528
      0.8       0.9 0.0466667   0.42559
      0.9       0.9     0.046  0.455274
     0.95       0.9     0.044  0.473602
     0.99       0.9 0.0586667  0.492723
    0.999       0.9     0.404  0.499121
   0.9999       0.9  0.479333  0.499896
        0         1  0.479333      0.49
      0.2         1 0.0666667  0.361654
      0.4         1 0.0606667  0.383714
      0.6         1 0.0573333  0.410823
      0.8         1 0.0526667  0.445438
      0.9         1     0.054  0.467182
     0.95         1 0.0533333  0.480192
     0.99         1  0.162667  0.494156
    0.999         1  0.478667  0.499254
   0.9999         1      0.48  0.499895
        0         2  0.479333      0.49
      0.2         2 0.0813333  0.466314
      0.4         2     0.084   0.47195
      0.6         2 0.0873333  0.477905
      0.8         2     0.116  0.484417
      0.9         2     0.166  0.488355
     0.95         2  0.260667  0.491205
     0.99         2  0.479333  0.496387
    0.999         2  0.479333  0.499476
   0.9999         2  0.479333  0.499915
        0         4  0.479333      0.49
      0.2         4  0.104667  0.484648
      0.4         4  0.106667  0.486058
      0.6         4     0.124  0.487561
      0.8         4     0.158   0.48937
      0.9         4  0.214667  0.490846
     0.95         4  0.337333  0.492427
     0.99         4  0.479333  0.496596
    0.999         4  0.479333  0.499512
   0.9999         4  0.479333  0.499939