        0      0.05  0.166667  0.466667
        0       0.1  0.166667  0.466667
        0      0.15  0.166667  0.466667
        0       0.2  0.166667  0.466667
        0      0.25  0.166667  0.466667
        0       0.3  0.166667  0.466667
        0      0.35  0.166667  0.466667
        0       0.4  0.166667  0.466667
        0      0.45  0.166667  0.466667
        0       0.5  0.166667  0.466667
        0      0.55  0.166667  0.466667
        0       0.6  0.166667  0.466667
        0      0.65  0.166667  0.466667
        0       0.7  0.166667  0.466667
        0      0.75  0.166667  0.466667
        0       0.8  0.166667  0.466667
        0      0.85  0.166667  0.466667
        0       0.9  0.166667  0.466667
        0      0.95  0.166667  0.466667
        0         2  0.166667  0.466667
        0         4  0.166667  0.466667
        0         8  0.166667  0.466667
        0        16  0.166667  0.466667
      0.1      0.05  0.166667  0.466667
      0.1       0.1  0.155333  0.197333
      0.1      0.15     0.052 0.0513986
      0.1       0.2      0.05 0.0498783
      0.1      0.25      0.05  0.050833
      0.1       0.3 0.0533333 0.0537049
      0.1      0.35     0.054 0.0554271
      0.1       0.4 0.0553333 0.0572283
      0.1      0.45     0.058 0.0599191
      0.1       0.5 0.0633333 0.0637125
      0.1      0.55 0.0626667 0.0669455
      0.1       0.6     0.064 0.0691493
      0.1      0.65 0.0666667 0.0707674
      0.1       0.7 0.0653333 0.0722379
      0.1      0.75     0.064  0.073838
      0.1       0.8 0.0653333 0.0757111
      0.1      0.85     0.066 0.0778927
      0.1       0.9 0.0646667 0.0803567
      0.1      0.95     0.064 0.0830973
      0.1         2 0.0593333  0.235385
      0.1         4  0.125333  0.421293
      0.1         8  0.189333  0.457336
      0.1        16     0.194  0.464607
      0.2      0.05  0.166667  0.466667
      0.2       0.1  0.155333  0.197333
      0.2      0.15     0.052 0.0514296
      0.2       0.2 0.0493333 0.0498747
      0.2      0.25      0.05 0.0501624
      0.2       0.3      0.05 0.0512753
      0.2      0.35     0.052 0.0535866
      0.2       0.4     0.054 0.0556197
      0.2      0.45 0.0553333 0.0575645
      0.2       0.5     0.056 0.0599217
      0.2      0.55     0.056 0.0629732
      0.2       0.6 0.0593333 0.0660107
      0.2      0.65      0.06 0.0683773
      0.2       0.7     0.062  0.070213
      0.2      0.75 0.0606667 0.0718872
      0.2       0.8 0.0633333 0.0736897
      0.2      0.85 0.0626667  0.075797
      0.2       0.9     0.062 0.0782975
      0.2      0.95 0.0586667 0.0812149
      0.2         2 0.0586667  0.241513
      0.2         4     0.122  0.423862
      0.2         8  0.176667  0.458114
      0.2        16  0.187333  0.465026
      0.3      0.05  0.166667  0.466667
      0.3       0.1  0.155333  0.197333
      0.3      0.15 0.0513333 0.0513118
      0.3       0.2 0.0493333 0.0499233
      0.3      0.25      0.05 0.0499835
      0.3       0.3 0.0493333 0.0505061
      0.3      0.35 0.0493333 0.0518444
      0.3       0.4 0.0506667  0.053853
      0.3      0.45 0.0546667 0.0559216
      0.3       0.5 0.0546667 0.0580314
      0.3      0.55     0.054 0.0603741
      0.3       0.6 0.0553333 0.0630606
      0.3      0.65 0.0566667  0.065718
      0.3       0.7 0.0573333 0.0680101
      0.3      0.75 0.0566667 0.0700186
      0.3       0.8     0.056  0.072011
      0.3      0.85 0.0546667 0.0742206
      0.3       0.9     0.054 0.0767993
      0.3      0.95 0.0526667  0.079833
      0.3         2 0.0546667  0.248429
      0.3         4  0.115333  0.426554
      0.3         8  0.171333  0.458974
      0.3        16     0.178  0.465523
      0.4      0.05  0.166667  0.466667
      0.4       0.1  0.155333     0.197
      0.4      0.15 0.0506667 0.0511633
      0.4       0.2 0.0493333 0.0498632
      0.4      0.25 0.0493333 0.0499179
      0.4       0.3      0.05 0.0501446
      0.4      0.35      0.05 0.0508702
      0.4       0.4     0.048 0.0522741
      0.4      0.45 0.0473333 0.0541202
      0.4       0.5 0.0546667 0.0561879
      0.4      0.55     0.052 0.0583636
      0.4       0.6 0.0526667 0.0606886
      0.4      0.65 0.0533333 0.0631622
      0.4       0.7 0.0533333 0.0655985
      0.4      0.75 0.0526667    0.0679
      0.4       0.8 0.0526667 0.0701761
      0.4      0.85     0.052 0.0726204
      0.4       0.9 0.0513333 0.0754037
      0.4      0.95      0.05 0.0786457
      0.4         2     0.054  0.256311
      0.4         4  0.113333  0.429406
      0.4         8  0.163333  0.459949
      0.4        16  0.169333  0.466134
      0.5      0.05  0.166667  0.466667
      0.5       0.1  0.155333     0.197
      0.5      0.15 0.0506667 0.0510129
      0.5       0.2 0.0486667 0.0497223
      0.5      0.25 0.0486667  0.049807
      0.5       0.3      0.05 0.0498832
      0.5      0.35      0.05 0.0502156
      0.5       0.4     0.048 0.0510706
      0.5      0.45 0.0466667 0.0524648
      0.5       0.5     0.048 0.0542503
      0.5      0.55 0.0473333 0.0562804
      0.5       0.6     0.052 0.0584511
      0.5      0.65     0.052 0.0607503
      0.5       0.7 0.0506667 0.0631426
      0.5      0.75      0.05 0.0655752
      0.5       0.8     0.052 0.0680898
      0.5      0.85     0.046 0.0708167
      0.5       0.9      0.05  0.073902
      0.5      0.95 0.0486667 0.0774683
      0.5         2 0.0546667  0.265413
      0.5         4     0.108  0.432475
      0.5         8  0.147333  0.461101
      0.5        16  0.161333  0.466918
      0.6      0.05  0.166667  0.466667
      0.6       0.1  0.155333     0.197
      0.6      0.15      0.05 0.0509287
      0.6       0.2     0.048 0.0495246
      0.6      0.25 0.0486667 0.0496126
      0.6       0.3 0.0486667 0.0495913
      0.6      0.35 0.0493333 0.0496593
      0.6       0.4      0.05 0.0500546
      0.6      0.45     0.046 0.0509697
      0.6       0.5 0.0466667 0.0523769
      0.6      0.55     0.046 0.0541418
      0.6       0.6 0.0466667 0.0561351
      0.6      0.65 0.0473333 0.0582978
      0.6       0.7 0.0466667 0.0606166
      0.6      0.75 0.0466667 0.0630937
      0.6       0.8     0.046 0.0657802
      0.6      0.85     0.046 0.0687856
      0.6       0.9 0.0466667 0.0722374
      0.6      0.95 0.0453333 0.0762461
      0.6         2 0.0513333  0.276113
      0.6         4     0.104  0.435868
      0.6         8      0.15  0.462537
      0.6        16  0.155333  0.467984
      0.7      0.05  0.166667  0.466667
      0.7       0.1  0.155333     0.197
      0.7      0.15      0.05 0.0509549
      0.7       0.2 0.0473333 0.0493116
      0.7      0.25     0.048 0.0493136
      0.7       0.3 0.0486667 0.0491684
      0.7      0.35 0.0493333 0.0490131
      0.7       0.4 0.0493333 0.0490472
      0.7      0.45     0.046 0.0495257
      0.7       0.5 0.0433333 0.0505358
      0.7      0.55 0.0433333 0.0519896
      0.7       0.6 0.0433333 0.0537488
      0.7      0.65 0.0433333 0.0557355
      0.7       0.7 0.0426667 0.0579452
      0.7      0.75     0.044  0.060422
      0.7       0.8     0.044 0.0632545
      0.7      0.85     0.042 0.0665639
      0.7       0.9 0.0426667 0.0704726
      0.7      0.95     0.042 0.0750807
      0.7         2 0.0513333  0.289026
      0.7         4     0.108  0.439803
      0.7         8     0.154  0.464486
      0.7        16     0.162  0.469561
      0.8      0.05  0.166667  0.466667
      0.8       0.1  0.155333     0.197
      0.8      0.15      0.05 0.0510552
      0.8       0.2 0.0473333 0.0491459
      0.8      0.25 0.0473333 0.0488636
      0.8       0.3 0.0486667 0.0484266
      0.8      0.35 0.0473333 0.0480132
      0.8       0.4     0.046 0.0478118
      0.8      0.45 0.0453333 0.0479895
      0.8       0.5 0.0433333 0.0486515
      0.8      0.55 0.0433333 0.0497638
      0.8       0.6     0.042 0.0512169
      0.8      0.65 0.0433333 0.0529434
      0.8       0.7 0.0433333 0.0549744
      0.8      0.75 0.0426667 0.0574225
      0.8       0.8 0.0426667 0.0604432
      0.8      0.85      0.04 0.0641944
      0.8       0.9      0.04 0.0688049
      0.8      0.95 0.0393333 0.0743575
      0.8         2     0.048  0.305344
      0.8         4  0.136667  0.444825
      0.8         8  0.162667  0.467513
      0.8        16  0.164667  0.472213
      0.9      0.05  0.166667  0.466667
      0.9       0.1  0.155333     0.197
      0.9      0.15      0.05 0.0511978
      0.9       0.2 0.0473333 0.0489137
      0.9      0.25 0.0466667 0.0478938
      0.9       0.3 0.0453333  0.046955
      0.9      0.35 0.0446667 0.0464707
      0.9       0.4 0.0453333 0.0461922
      0.9      0.45 0.0446667 0.0461484
      0.9       0.5 0.0386667 0.0464502
      0.9      0.55     0.038 0.0471198
      0.9       0.6     0.038 0.0481192
      0.9      0.65 0.0366667 0.0494504
      0.9       0.7 0.0373333 0.0512576
      0.9      0.75 0.0373333 0.0537983
      0.9       0.8 0.0346667 0.0573559
      0.9      0.85 0.0346667 0.0621668
      0.9       0.9 0.0366667 0.0683644
      0.9      0.95 0.0333333 0.0759545
      0.9         2 0.0546667  0.328455
      0.9         4  0.164667  0.452778
      0.9         8  0.166667  0.473494
      0.9        16  0.166667  0.477819
        1      0.05       0.2       0.5
        1       0.1       0.2       0.5
        1      0.15       0.2       0.5
        1       0.2       0.2       0.5
        1      0.25       0.2       0.5
        1       0.3       0.2       0.5
        1      0.35       0.2       0.5
        1       0.4       0.2       0.5
        1      0.45       0.2       0.5
        1       0.5       0.2       0.5
        1      0.55       0.2       0.5
        1       0.6       0.2       0.5
        1      0.65       0.2       0.5
        1       0.7       0.2       0.5
        1      0.75       0.2       0.5
        1       0.8       0.2       0.5
        1      0.85       0.2       0.5
        1       0.9       0.2       0.5
        1      0.95       0.2       0.5
        1         2       0.2       0.5
        1         4       0.2       0.5
        1         8       0.2       0.5
        1        16       0.2       0.5
     0.99      0.05  0.166667  0.466667
     0.99       0.1  0.155333     0.197
     0.99      0.15      0.05 0.0510288
     0.99       0.2     0.044 0.0464787
     0.99      0.25     0.044 0.0453844
     0.99       0.3     0.042 0.0447744
     0.99      0.35 0.0433333  0.044015
     0.99       0.4     0.042 0.0431989
     0.99      0.45 0.0393333 0.0427781
     0.99       0.5 0.0366667 0.0426421
     0.99      0.55     0.036 0.0424003
     0.99       0.6     0.034 0.0424903
     0.99      0.65 0.0326667 0.0439018
     0.99       0.7 0.0293333  0.047587
     0.99      0.75 0.0286667 0.0543702
     0.99       0.8     0.028 0.0644917
     0.99      0.85     0.024  0.077425
     0.99       0.9 0.0233333 0.0922577
     0.99      0.95     0.022  0.108061
     0.99         2     0.168  0.378394
     0.99         4  0.166667   0.47188
     0.99         8  0.166667  0.490384
     0.99        16  0.166667  0.494365
    0.999      0.05  0.166667  0.466667
    0.999       0.1  0.155333     0.197
    0.999      0.15 0.0473333 0.0489759
    0.999       0.2 0.0446667 0.0454492
    0.999      0.25 0.0433333 0.0447825
    0.999       0.3 0.0406667 0.0431056
    0.999      0.35 0.0386667 0.0419184
    0.999       0.4 0.0406667 0.0420411
    0.999      0.45 0.0386667 0.0413237
    0.999       0.5 0.0346667 0.0392518
    0.999      0.55     0.032 0.0390323
    0.999       0.6     0.032 0.0419049
    0.999      0.65 0.0266667 0.0497227
    0.999       0.7     0.024 0.0630117
    0.999      0.75 0.0226667 0.0795845
    0.999       0.8 0.0226667 0.0964543
    0.999      0.85 0.0226667  0.111664
    0.999       0.9     0.024  0.125106
    0.999      0.95 0.0286667  0.137588
    0.999         2       0.2  0.395695
    0.999         4       0.2  0.476325
    0.999         8       0.2  0.494321
    0.999        16  0.166667  0.498261