       0     0.05 0.823333 0.822222
     0.2     0.05 0.432667 0.432444
     0.4     0.05    0.432 0.428556
     0.6     0.05 0.431333 0.427556
     0.8     0.05 0.429333 0.426444
     0.9     0.05     0.43 0.425888
    0.95     0.05     0.43 0.425328
    0.99     0.05    0.428 0.424078
   0.999     0.05    0.426 0.422765
  0.9999     0.05    0.418 0.421557
       0      0.1 0.823333 0.822222
     0.2      0.1 0.392667 0.392343
     0.4      0.1 0.392667 0.392218
     0.6      0.1 0.392667  0.39211
     0.8      0.1 0.392667 0.391852
     0.9      0.1 0.390667 0.389581
    0.95      0.1 0.389333 0.388717
    0.99      0.1 0.387333  0.38623
   0.999      0.1    0.376 0.377269
  0.9999      0.1 0.374667 0.374295
       0     0.15 0.823333 0.822222
     0.2     0.15    0.396 0.394926
     0.4     0.15    0.392 0.392819
     0.6     0.15    0.392 0.392656
     0.8     0.15 0.392667 0.392642
     0.9     0.15 0.390667 0.389898
    0.95     0.15 0.386667 0.386324
    0.99     0.15 0.373333 0.375615
   0.999     0.15 0.353333 0.356117
  0.9999     0.15 0.370667 0.356409
       0      0.2 0.823333 0.822222
     0.2      0.2 0.397333 0.399478
     0.4      0.2 0.394667  0.39469
     0.6      0.2    0.392 0.392909
     0.8      0.2 0.392667 0.393134
     0.9      0.2 0.391333 0.389843
    0.95      0.2 0.379333 0.382508
    0.99      0.2 0.364667 0.368398
   0.999      0.2 0.370667 0.358589
  0.9999      0.2    0.368 0.357018
       0      0.3 0.823333 0.822222
     0.2      0.3 0.412667 0.410344
     0.4      0.3    0.406 0.401748
     0.6      0.3    0.396 0.397088
     0.8      0.3    0.392 0.391276
     0.9      0.3 0.396667 0.389397
    0.95      0.3 0.393333 0.382346
    0.99      0.3 0.359333 0.367004
   0.999      0.3 0.377333 0.357144
  0.9999      0.3 0.390667 0.359564
       0      0.4 0.823333 0.822222
     0.2      0.4    0.428 0.427722
     0.4      0.4 0.415333 0.415136
     0.6      0.4 0.408667 0.406467
     0.8      0.4    0.406 0.398585
     0.9      0.4    0.394 0.391625
    0.95      0.4 0.393333 0.386088
    0.99      0.4 0.386667 0.375352
   0.999      0.4     0.39 0.375037
  0.9999      0.4 0.400667 0.398181
       0      0.5 0.823333 0.822222
     0.2      0.5    0.446 0.443952
     0.4      0.5 0.431333 0.428835
     0.6      0.5    0.424 0.418948
     0.8      0.5 0.417333 0.410144
     0.9      0.5 0.411333 0.402047
    0.95      0.5 0.409333 0.396376
    0.99      0.5 0.404667 0.394367
   0.999      0.5 0.388667  0.41161
  0.9999      0.5 0.443333 0.430249
       0      0.6 0.823333 0.822222
     0.2      0.6 0.456667 0.457071
     0.4      0.6     0.44 0.441769
     0.6      0.6    0.434 0.430017
     0.8      0.6 0.433333 0.421107
     0.9      0.6 0.420667 0.417075
    0.95      0.6 0.417333 0.415459
    0.99      0.6 0.423333 0.422249
   0.999      0.6 0.433333 0.465229
  0.9999      0.6 0.493333 0.587443
       0      0.7 0.823333 0.822222
     0.2      0.7    0.464 0.467931
     0.4      0.7 0.450667 0.454908
     0.6      0.7 0.444667 0.444601
     0.8      0.7 0.439333 0.436407
     0.9      0.7 0.436667 0.436884
    0.95      0.7    0.438 0.443003
    0.99      0.7 0.432667  0.48282
   0.999      0.7 0.478667 0.611768
  0.9999      0.7 0.560667 0.740591
       0      0.8 0.823333 0.822222
     0.2      0.8 0.465333 0.478028
     0.4      0.8     0.46 0.471056
     0.6      0.8 0.455333 0.464426
     0.8      0.8 0.451333 0.464393
     0.9      0.8    0.448 0.475837
    0.95      0.8     0.45 0.498466
    0.99      0.8 0.452667 0.584975
   0.999      0.8 0.537333 0.721801
  0.9999      0.8    0.746 0.806852
       0      0.9 0.823333 0.822222
     0.2      0.9 0.467333 0.492095
     0.4      0.9 0.464667 0.490901
     0.6      0.9     0.46 0.492542
     0.8      0.9    0.456 0.506472
     0.9      0.9 0.453333 0.534144
    0.95      0.9 0.443333 0.571919
    0.99      0.9 0.506667 0.672796
   0.999      0.9    0.626 0.786712
  0.9999      0.9 0.817333  0.82669
       0        1 0.823333 0.822222
     0.2        1    0.466 0.511887
     0.4        1 0.465333 0.516649
     0.6        1    0.462 0.527493
     0.8        1 0.461333 0.556665
     0.9        1 0.453333 0.596057
    0.95        1 0.452667 0.640298
    0.99        1 0.472667  0.73826
   0.999        1 0.756667 0.815385
  0.9999        1    0.828 0.831291
       0        2 0.823333 0.822222
     0.2        2 0.513333 0.733533
     0.4        2    0.524 0.749495
     0.6        2    0.554 0.768585
     0.8        2 0.618667 0.792319
     0.9        2 0.727333  0.80702
    0.95        2 0.818667 0.815901
    0.99        2 0.823333 0.826655
   0.999        2 0.823333 0.832333
  0.9999        2 0.833333 0.833227
       0        4 0.823333 0.822222
     0.2        4 0.802667 0.810379
     0.4        4 0.823333 0.813281
     0.6        4 0.823333 0.816335
     0.8        4 0.823333  0.81971
     0.9        4 0.823333 0.821884
    0.95        4 0.823333 0.823708
    0.99        4 0.823333 0.828367
   0.999        4 0.832667 0.832532
  0.9999        4 0.833333 0.833248