       0     0.05 0.476667 0.496667
     0.2     0.05 0.274667 0.287345
     0.4     0.05 0.275333 0.292965
     0.6     0.05    0.276 0.301812
     0.8     0.05    0.288 0.322483
     0.9     0.05 0.291333 0.351748
    0.95     0.05 0.301333 0.386795
    0.99     0.05 0.324667  0.45446
   0.999     0.05 0.431333 0.490451
  0.9999     0.05     0.48 0.496837
       0      0.1 0.476667 0.496667
     0.2      0.1 0.285333 0.319633
     0.4      0.1 0.289333  0.33335
     0.6      0.1    0.292 0.354321
     0.8      0.1 0.306667 0.392119
     0.9      0.1 0.320667 0.425918
    0.95      0.1    0.328 0.451094
    0.99      0.1    0.408  0.48217
   0.999      0.1 0.476667 0.495284
  0.9999      0.1     0.48 0.497206
       0     0.15 0.476667 0.496667
     0.2     0.15    0.296 0.365356
     0.4     0.15 0.304667 0.382031
     0.6     0.15 0.311333 0.404375
     0.8     0.15 0.323333 0.436035
     0.9     0.15 0.328667 0.457872
    0.95     0.15    0.364 0.472141
    0.99     0.15    0.446 0.489148
   0.999     0.15 0.476667 0.496039
  0.9999     0.15     0.48 0.497089
       0      0.2 0.476667 0.496667
     0.2      0.2 0.312667 0.404288
     0.4      0.2 0.316667 0.419213
     0.6      0.2 0.327333 0.436998
     0.8      0.2    0.338  0.45869
     0.9      0.2 0.360667 0.472421
    0.95      0.2 0.402667 0.481394
    0.99      0.2 0.476667 0.491882
   0.999      0.2 0.476667 0.496291
  0.9999      0.2     0.48 0.497037
       0      0.3 0.476667 0.496667
     0.2      0.3 0.352667 0.454555
     0.4      0.3 0.355333 0.462089
     0.6      0.3    0.356 0.470085
     0.8      0.3 0.374667 0.479443
     0.9      0.3 0.391333 0.485606
    0.95      0.3 0.444667 0.489613
    0.99      0.3 0.476667  0.49424
   0.999      0.3 0.476667 0.496804
  0.9999      0.3     0.48 0.497333
       0      0.4 0.476667 0.496667
     0.2      0.4    0.382 0.477257
     0.4      0.4 0.380667 0.480221
     0.6      0.4 0.373333 0.483619
     0.8      0.4 0.390667 0.488029
     0.9      0.4 0.427333  0.49102
    0.95      0.4 0.476667 0.492934
    0.99      0.4 0.476667 0.495426
   0.999      0.4 0.476667 0.497413
  0.9999      0.4     0.48 0.497869
       0      0.5 0.476667 0.496667
     0.2      0.5 0.394667 0.486599
     0.4      0.5 0.387333 0.487881
     0.6      0.5     0.38 0.489547
     0.8      0.5 0.381333 0.491863
     0.9      0.5 0.460667 0.493441
    0.95      0.5 0.476667 0.494478
    0.99      0.5 0.476667 0.496155
   0.999      0.5 0.476667 0.497929
  0.9999      0.5     0.48 0.498355
       0      0.6 0.476667 0.496667
     0.2      0.6 0.401333 0.490759
     0.4      0.6 0.390667 0.491429
     0.6      0.6     0.38 0.492374
     0.8      0.6     0.39 0.493719
     0.9      0.6    0.476 0.494644
    0.95      0.6 0.476667 0.495293
    0.99      0.6 0.476667 0.496628
   0.999      0.6 0.476667 0.498313
  0.9999      0.6     0.48 0.498723
       0      0.7 0.476667 0.496667
     0.2      0.7    0.406 0.492843
     0.4      0.7 0.392667 0.493256
     0.6      0.7    0.384 0.493855
     0.8      0.7 0.408667  0.49471
     0.9      0.7 0.476667 0.495311
    0.95      0.7 0.476667 0.495772
    0.99      0.7 0.476667 0.496947
   0.999      0.7 0.476667 0.498588
  0.9999      0.7     0.48 0.498991
       0      0.8 0.476667 0.496667
     0.2      0.8 0.408667 0.494004
     0.4      0.8 0.394667  0.49429
     0.6      0.8 0.383333 0.494703
     0.8      0.8     0.42 0.495288
     0.9      0.8 0.476667 0.495715
    0.95      0.8 0.476667 0.496077
    0.99      0.8 0.476667 0.497169
   0.999      0.8 0.476667 0.498787
  0.9999      0.8     0.48 0.499185
       0      0.9 0.476667 0.496667
     0.2      0.9 0.410667 0.494709
     0.4      0.9    0.396 0.494923
     0.6      0.9 0.380667 0.495225
     0.8      0.9 0.425333 0.495652
     0.9      0.9 0.476667 0.495978
    0.95      0.9 0.476667 0.496284
    0.99      0.9 0.476667 0.497329
   0.999      0.9 0.476667 0.498934
  0.9999      0.9     0.48 0.499328
       0        1 0.476667 0.496667
     0.2        1 0.411333 0.495166
     0.4        1 0.396667 0.495334
     0.6        1 0.379333 0.495567
     0.8        1 0.433333 0.495895
     0.9        1 0.476667 0.496158
    0.95        1 0.476667  0.49643
    0.99        1 0.476667 0.497447
   0.999        1 0.476667 0.499044
  0.9999        1     0.48 0.499436
       0        2 0.476667 0.496667
     0.2        2 0.412667 0.496363
     0.4        2    0.398 0.496409
     0.6        2    0.378 0.496468
     0.8        2 0.461333 0.496567
     0.9        2 0.476667 0.496693
    0.95        2 0.476667 0.496891
    0.99        2 0.476667  0.49785
   0.999        2 0.476667 0.499426
  0.9999        2 0.476667 0.499814
       0        4 0.476667 0.496667
     0.2        4 0.413333 0.496599
     0.4        4 0.396667 0.496617
     0.6        4 0.378667 0.496645
     0.8        4    0.466 0.496708
     0.9        4 0.476667 0.496815
    0.95        4 0.476667 0.497004
    0.99        4 0.476667 0.497956
   0.999        4 0.476667  0.49953
  0.9999        4 0.476667 0.499916