       0     0.05    0.486 0.496667
     0.2     0.05    0.486 0.496667
     0.4     0.05    0.486 0.496667
     0.6     0.05    0.486 0.496667
     0.8     0.05    0.486 0.496667
     0.9     0.05    0.486 0.496667
    0.95     0.05    0.486 0.496667
    0.99     0.05    0.486 0.496667
   0.999     0.05    0.486 0.496667
  0.9999     0.05    0.486 0.496667
       0      0.1    0.486 0.496667
     0.2      0.1    0.126 0.124967
     0.4      0.1 0.122667 0.123046
     0.6      0.1 0.120667 0.121315
     0.8      0.1 0.121333 0.121089
     0.9      0.1 0.122667 0.122895
    0.95      0.1    0.126 0.124668
    0.99      0.1    0.126 0.126375
   0.999      0.1 0.126667 0.127241
  0.9999      0.1 0.127333 0.129574
       0     0.15    0.486 0.496667
     0.2     0.15    0.136 0.138541
     0.4     0.15 0.123333 0.126828
     0.6     0.15 0.123333 0.123404
     0.8     0.15    0.124 0.123198
     0.9     0.15 0.126667 0.124738
    0.95     0.15 0.126667 0.125822
    0.99     0.15    0.126 0.127897
   0.999     0.15 0.126667 0.128766
  0.9999     0.15 0.135333 0.133808
       0      0.2    0.486 0.496667
     0.2      0.2 0.147333 0.150052
     0.4      0.2     0.14 0.138509
     0.6      0.2 0.121333 0.128416
     0.8      0.2    0.122 0.124855
     0.9      0.2 0.124667 0.125657
    0.95      0.2 0.125333 0.126546
    0.99      0.2 0.125333 0.130089
   0.999      0.2 0.142667 0.148753
  0.9999      0.2    0.206 0.205125
       0      0.3    0.486 0.496667
     0.2      0.3 0.170667 0.176168
     0.4      0.3 0.147333 0.157169
     0.6      0.3     0.13 0.144115
     0.8      0.3 0.123333 0.136599
     0.9      0.3 0.126667 0.139451
    0.95      0.3    0.134 0.149579
    0.99      0.3    0.194 0.193163
   0.999      0.3 0.237333 0.244702
  0.9999      0.3 0.265333 0.325922
       0      0.4    0.486 0.496667
     0.2      0.4    0.198 0.213259
     0.4      0.4 0.171333 0.194611
     0.6      0.4 0.148667  0.18104
     0.8      0.4 0.133333 0.174948
     0.9      0.4    0.144 0.181895
    0.95      0.4 0.159333 0.196024
    0.99      0.4 0.183333 0.255474
   0.999      0.4 0.319333 0.414133
  0.9999      0.4 0.486667 0.486073
       0      0.5    0.486 0.496667
     0.2      0.5 0.214667 0.242757
     0.4      0.5    0.196 0.234701
     0.6      0.5    0.168 0.229963
     0.8      0.5 0.144667 0.234178
     0.9      0.5    0.132 0.252421
    0.95      0.5 0.145333  0.28538
    0.99      0.5 0.257333 0.395557
   0.999      0.5 0.480667 0.482334
  0.9999      0.5 0.489333 0.496465
       0      0.6    0.486 0.496667
     0.2      0.6 0.212667 0.265867
     0.4      0.6    0.204 0.267088
     0.6      0.6 0.179333 0.273548
     0.8      0.6 0.151333 0.297056
     0.9      0.6 0.137333 0.334688
    0.95      0.6 0.167333 0.379345
    0.99      0.6    0.336 0.459613
   0.999      0.6    0.486 0.493888
  0.9999      0.6 0.489333 0.498319
       0      0.7    0.486 0.496667
     0.2      0.7    0.208 0.289462
     0.4      0.7 0.197333 0.297839
     0.6      0.7     0.18 0.314235
     0.8      0.7 0.155333 0.351956
     0.9      0.7 0.142667 0.394331
    0.95      0.7 0.166667 0.431722
    0.99      0.7 0.355333 0.480428
   0.999      0.7    0.486 0.497089
  0.9999      0.7 0.489333 0.499203
       0      0.8    0.486 0.496667
     0.2      0.8      0.2  0.31562
     0.4      0.8 0.190667 0.329362
     0.6      0.8 0.179333 0.351923
     0.8      0.8    0.162 0.393667
     0.9      0.8    0.152 0.430967
    0.95      0.8 0.151333 0.458408
    0.99      0.8 0.295333 0.488691
   0.999      0.8 0.484667 0.498375
  0.9999      0.8 0.487333 0.499666
       0      0.9    0.486 0.496667
     0.2      0.9    0.194 0.342204
     0.4      0.9    0.182  0.35898
     0.6      0.9     0.17 0.383637
     0.8      0.9 0.161333  0.42292
     0.9      0.9    0.158 0.452974
    0.95      0.9 0.152667 0.472674
    0.99      0.9 0.156667 0.492531
   0.999      0.9     0.32 0.498955
  0.9999      0.9    0.486 0.499876
       0        1    0.486 0.496667
     0.2        1 0.185333 0.366641
     0.4        1    0.178 0.384344
     0.6        1 0.169333 0.408353
     0.8        1 0.162667 0.442714
     0.9        1    0.158 0.466317
    0.95        1 0.162667 0.480671
    0.99        1    0.266 0.494494
   0.999        1 0.505333 0.499231
  0.9999        1 0.507333 0.499964
       0        2    0.486 0.496667
     0.2        2    0.176 0.465673
     0.4        2 0.172667 0.472747
     0.6        2 0.172667 0.480265
     0.8        2 0.175333 0.488293
     0.9        2    0.186 0.492576
    0.95        2    0.258 0.494905
    0.99        2 0.505333 0.497597
   0.999        2 0.507333 0.499562
  0.9999        2 0.507333 0.499986
       0        4    0.486 0.496667
     0.2        4    0.182 0.489321
     0.4        4 0.178667 0.491134
     0.6        4    0.178  0.49298
     0.8        4    0.176 0.494886
     0.9        4 0.199333 0.495924
    0.95        4 0.286667 0.496581
    0.99        4 0.507333 0.497911
   0.999        4 0.507333 0.499567
  0.9999        4 0.507333  0.49996