        0      0.05  0.446667  0.466667
      0.2      0.05 0.0713333  0.112701
      0.4      0.05     0.068  0.124679
      0.6      0.05 0.0666667  0.144895
      0.8      0.05 0.0646667  0.189787
      0.9      0.05      0.07  0.247915
     0.95      0.05 0.0733333  0.313998
     0.99      0.05  0.121333  0.437813
    0.999      0.05  0.479333  0.491518
   0.9999      0.05      0.48  0.497992
        0       0.1  0.446667  0.466667
      0.2       0.1     0.068  0.199573
      0.4       0.1     0.068   0.22239
      0.6       0.1      0.07  0.257304
      0.8       0.1      0.08  0.320392
      0.9       0.1 0.0993333  0.378958
     0.95       0.1  0.146667  0.424951
     0.99       0.1  0.446667  0.479609
    0.999       0.1      0.48  0.496032
   0.9999       0.1      0.48  0.497803
        0      0.15  0.446667  0.466667
      0.2      0.15 0.0653333  0.279251
      0.4      0.15 0.0673333  0.304335
      0.6      0.15     0.074  0.338871
      0.8      0.15      0.11  0.390894
      0.9      0.15  0.224667   0.43024
     0.95      0.15  0.365333  0.457338
     0.99      0.15  0.446667  0.487562
    0.999      0.15      0.48  0.496591
   0.9999      0.15      0.48   0.49757
        0       0.2  0.446667  0.466667
      0.2       0.2      0.06  0.339055
      0.4       0.2     0.074  0.361186
      0.6       0.2  0.102667  0.388987
      0.8       0.2  0.236667  0.426195
      0.9       0.2  0.376667  0.452017
     0.95       0.2  0.446667  0.469635
     0.99       0.2  0.446667  0.490267
    0.999       0.2      0.48  0.496792
   0.9999       0.2      0.48  0.497511
        0       0.3  0.446667  0.466667
      0.2       0.3  0.169333  0.410725
      0.4       0.3  0.228667  0.423309
      0.6       0.3  0.318667  0.437675
      0.8       0.3      0.43  0.455606
      0.9       0.3  0.446667  0.468569
     0.95       0.3  0.446667  0.478625
     0.99       0.3  0.446667  0.492415
    0.999       0.3      0.48   0.49724
   0.9999       0.3      0.48  0.497784
        0       0.4  0.446667  0.466667
      0.2       0.4  0.332667  0.442273
      0.4       0.4  0.376667  0.448588
      0.6       0.4     0.432  0.455832
      0.8       0.4  0.446667   0.46564
      0.9       0.4  0.446667    0.4741
     0.95       0.4  0.446667  0.481759
     0.99       0.4  0.446667  0.493464
    0.999       0.4      0.48  0.497755
   0.9999       0.4      0.48  0.498242
        0       0.5  0.446667  0.466667
      0.2       0.5  0.414667  0.455185
      0.4       0.5  0.441333  0.458645
      0.6       0.5  0.446667  0.462881
      0.8       0.5  0.446667  0.469521
      0.9       0.5  0.446667  0.476335
     0.95       0.5  0.446667  0.483143
     0.99       0.5  0.446667  0.494097
    0.999       0.5      0.48  0.498182
   0.9999       0.5      0.48  0.498647
        0       0.6  0.446667  0.466667
      0.2       0.6     0.444  0.460755
      0.4       0.6  0.446667  0.462959
      0.6       0.6  0.446667   0.46591
      0.8       0.6  0.446667  0.471238
      0.9       0.6  0.446667  0.477387
     0.95       0.6  0.446667  0.483855
     0.99       0.6  0.446667    0.4945
    0.999       0.6      0.48  0.498495
   0.9999       0.6      0.48   0.49895
        0       0.7  0.446667  0.466667
      0.2       0.7  0.446667  0.463402
      0.4       0.7  0.446667  0.465017
      0.6       0.7  0.446667  0.467373
      0.8       0.7  0.446667  0.472101
      0.9       0.7  0.446667   0.47795
     0.95       0.7  0.446667  0.484264
     0.99       0.7  0.446667  0.494767
    0.999       0.7      0.48  0.498719
   0.9999       0.7      0.48  0.499169
        0       0.8  0.446667  0.466667
      0.2       0.8  0.446667  0.464783
      0.4       0.8  0.446667  0.466099
      0.6       0.8  0.446667  0.468155
      0.8       0.8  0.446667  0.472583
      0.9       0.8  0.446667  0.478282
     0.95       0.8  0.446667  0.484521
     0.99       0.8  0.446667  0.494951
    0.999       0.8      0.48  0.498881
   0.9999       0.8      0.48  0.499328
        0       0.9  0.446667  0.466667
      0.2       0.9  0.446667  0.465565
      0.4       0.9  0.446667  0.466718
      0.6       0.9  0.446667  0.468611
      0.8       0.9  0.446667  0.472876
      0.9       0.9  0.446667  0.478495
     0.95       0.9  0.446667  0.484692
     0.99       0.9  0.446667  0.495082
    0.999       0.9      0.48  0.498999
   0.9999       0.9      0.48  0.499445
        0         1  0.446667  0.466667
      0.2         1  0.446667  0.466038
      0.4         1  0.446667  0.467097
      0.6         1  0.446667  0.468895
      0.8         1  0.446667  0.473066
      0.9         1  0.446667  0.478639
     0.95         1  0.446667  0.484813
     0.99         1  0.446667  0.495179
    0.999         1      0.48  0.499088
   0.9999         1      0.48  0.499533
        0         2  0.446667  0.466667
      0.2         2  0.446667   0.46705
      0.4         2  0.446667  0.467935
      0.6         2  0.446667  0.469561
      0.8         2  0.446667  0.473562
      0.9         2  0.446667  0.479051
     0.95         2  0.446667  0.485182
     0.99         2  0.446667  0.495503
    0.999         2  0.446667  0.499396
   0.9999         2      0.48  0.499839
        0         4  0.446667  0.466667
      0.2         4  0.446667  0.467181
      0.4         4  0.446667  0.468054
      0.6         4  0.446667  0.469668
      0.8         4  0.446667  0.473658
      0.9         4  0.446667  0.479142
     0.95         4  0.446667   0.48527
     0.99         4  0.446667  0.495588
    0.999         4  0.446667  0.499479
   0.9999         4  0.446667  0.499922