       0     0.05    0.492 0.493333
     0.2     0.05    0.492 0.493333
     0.4     0.05    0.492 0.493333
     0.6     0.05    0.492 0.493333
     0.8     0.05    0.492 0.493333
     0.9     0.05    0.492 0.493333
    0.95     0.05    0.492 0.493333
    0.99     0.05    0.492 0.493333
   0.999     0.05    0.492 0.493333
  0.9999     0.05    0.492 0.493333
       0      0.1    0.492 0.493333
     0.2      0.1 0.455333 0.452161
     0.4      0.1 0.459333 0.455546
     0.6      0.1     0.46 0.457324
     0.8      0.1 0.462667 0.458743
     0.9      0.1 0.464667 0.459599
    0.95      0.1 0.462667 0.459744
    0.99      0.1    0.462   0.4595
   0.999      0.1 0.449333 0.456293
  0.9999      0.1 0.462667 0.463453
       0     0.15    0.492 0.493333
     0.2     0.15 0.439333 0.441852
     0.4     0.15 0.443333 0.446044
     0.6     0.15    0.446 0.449511
     0.8     0.15 0.452667 0.452789
     0.9     0.15    0.454 0.454289
    0.95     0.15    0.446  0.45545
    0.99     0.15 0.455333 0.462448
   0.999     0.15 0.474667 0.476546
  0.9999     0.15 0.478667 0.485179
       0      0.2    0.492 0.493333
     0.2      0.2     0.43 0.436665
     0.4      0.2 0.437333 0.443102
     0.6      0.2 0.436667 0.447716
     0.8      0.2 0.439333 0.452853
     0.9      0.2    0.442 0.457354
    0.95      0.2    0.446 0.462046
    0.99      0.2 0.450667 0.473144
   0.999      0.2 0.479333 0.484358
  0.9999      0.2 0.488667 0.490594
       0      0.3    0.492 0.493333
     0.2      0.3 0.405333 0.425093
     0.4      0.3      0.4 0.435829
     0.6      0.3 0.405333 0.446354
     0.8      0.3 0.411333 0.459413
     0.9      0.3 0.418667 0.469571
    0.95      0.3    0.432 0.477714
    0.99      0.3    0.474 0.489942
   0.999      0.3     0.49 0.497354
  0.9999      0.3 0.497333 0.499456
       0      0.4    0.492 0.493333
     0.2      0.4    0.382 0.427205
     0.4      0.4 0.380667  0.43868
     0.6      0.4 0.376667 0.451646
     0.8      0.4 0.383333 0.468066
     0.9      0.4    0.394 0.479009
    0.95      0.4 0.407333 0.486067
    0.99      0.4 0.483333 0.494572
   0.999      0.4    0.492 0.498985
  0.9999      0.4    0.498 0.499833
       0      0.5    0.492 0.493333
     0.2      0.5    0.366 0.440192
     0.4      0.5 0.364667  0.45053
     0.6      0.5     0.37 0.462177
     0.8      0.5 0.374667 0.476037
     0.9      0.5 0.380667 0.484473
    0.95      0.5 0.382667 0.489587
    0.99      0.5 0.449333 0.495836
   0.999      0.5    0.492 0.499307
  0.9999      0.5 0.497333 0.499913
       0      0.6    0.492 0.493333
     0.2      0.6 0.362667 0.453795
     0.4      0.6    0.368 0.462186
     0.6      0.6 0.363333 0.471396
     0.8      0.6 0.369333 0.481829
     0.9      0.6    0.374  0.48787
    0.95      0.6    0.374 0.491505
    0.99      0.6 0.394667   0.4964
   0.999      0.6 0.494667  0.49943
  0.9999      0.6 0.494667 0.499942
       0      0.7    0.492 0.493333
     0.2      0.7 0.358667 0.464047
     0.4      0.7 0.363333 0.470623
     0.6      0.7    0.368 0.477676
     0.8      0.7    0.366 0.485422
     0.9      0.7 0.370667 0.489827
    0.95      0.7 0.382667 0.492549
    0.99      0.7    0.492 0.496679
   0.999      0.7 0.494667 0.499483
  0.9999      0.7    0.498 0.499953
       0      0.8    0.492 0.493333
     0.2      0.8 0.359333 0.471181
     0.4      0.8 0.365333 0.476333
     0.6      0.8 0.372667 0.481774
     0.8      0.8 0.374667 0.487652
     0.9      0.8    0.372 0.491001
    0.95      0.8     0.41  0.49316
    0.99      0.8 0.494667  0.49683
   0.999      0.8 0.494667 0.499509
  0.9999      0.8 0.499333 0.499958
       0      0.9    0.492 0.493333
     0.2      0.9 0.368667 0.476128
     0.4      0.9     0.37 0.480222
     0.6      0.9 0.376667 0.484505
     0.8      0.9     0.38 0.489099
     0.9      0.9 0.385333 0.491748
    0.95      0.9    0.424 0.493542
    0.99      0.9 0.494667 0.496919
   0.999      0.9 0.494667 0.499522
  0.9999      0.9      0.5 0.499959
       0        1    0.492 0.493333
     0.2        1 0.373333 0.479631
     0.4        1 0.378667 0.482945
     0.6        1    0.382 0.486392
     0.8        1 0.377333 0.490083
     0.9        1 0.392667 0.492251
    0.95        1     0.44 0.493797
    0.99        1 0.494667 0.496975
   0.999        1 0.494667 0.499529
  0.9999        1 0.499333 0.499959
       0        2    0.492 0.493333
     0.2        2 0.388667 0.490186
     0.4        2 0.386667 0.491008
     0.6        2 0.385333 0.491871
     0.8        2    0.388 0.492876
     0.9        2     0.43 0.493655
    0.95        2 0.483333 0.494492
    0.99        2 0.494667 0.497103
   0.999        2 0.494667 0.499537
  0.9999        2 0.494667 0.499954
       0        4    0.492 0.493333
     0.2        4 0.390667 0.492584
     0.4        4    0.388 0.492813
     0.6        4 0.388667 0.493078
     0.8        4    0.394 0.493479
     0.9        4 0.435333 0.493953
    0.95        4 0.488667 0.494636
    0.99        4 0.494667 0.497122
   0.999        4 0.494667 0.499536
  0.9999        4 0.494667 0.499951