       0     0.05 0.493333 0.493333
     0.2     0.05 0.493333 0.493333
     0.4     0.05 0.493333 0.493333
     0.6     0.05 0.493333 0.493333
     0.8     0.05 0.493333 0.493333
     0.9     0.05 0.493333 0.493333
    0.95     0.05 0.493333 0.493333
    0.99     0.05 0.493333 0.493333
   0.999     0.05 0.493333 0.493333
  0.9999     0.05 0.493333 0.493333
       0      0.1 0.493333 0.493333
     0.2      0.1    0.432 0.427723
     0.4      0.1 0.429333 0.428312
     0.6      0.1    0.426 0.429733
     0.8      0.1 0.436667 0.431038
     0.9      0.1 0.428667 0.431304
    0.95      0.1 0.427333 0.431176
    0.99      0.1 0.435333 0.432543
   0.999      0.1 0.440667  0.43911
  0.9999      0.1 0.439333 0.441734
       0     0.15 0.493333 0.493333
     0.2     0.15 0.414667 0.421642
     0.4     0.15 0.423333 0.428094
     0.6     0.15 0.421333 0.431396
     0.8     0.15 0.420667 0.434118
     0.9     0.15 0.421333 0.436178
    0.95     0.15     0.43 0.438655
    0.99     0.15 0.435333  0.44523
   0.999     0.15 0.436667   0.4496
  0.9999     0.15 0.442667 0.451193
       0      0.2 0.493333 0.493333
     0.2      0.2    0.406 0.419865
     0.4      0.2     0.41 0.426859
     0.6      0.2 0.418667 0.434178
     0.8      0.2 0.418667 0.441762
     0.9      0.2 0.416667 0.447213
    0.95      0.2    0.426 0.451851
    0.99      0.2    0.442 0.459959
   0.999      0.2    0.444  0.46632
  0.9999      0.2 0.456667 0.472477
       0      0.3 0.493333 0.493333
     0.2      0.3     0.39 0.421322
     0.4      0.3 0.399333 0.433343
     0.6      0.3 0.403333 0.445217
     0.8      0.3 0.406667 0.459848
     0.9      0.3    0.416 0.470395
    0.95      0.3 0.450667 0.478074
    0.99      0.3    0.482 0.488552
   0.999      0.3 0.493333 0.495467
  0.9999      0.3    0.496 0.499019
       0      0.4 0.493333 0.493333
     0.2      0.4 0.378667 0.429862
     0.4      0.4    0.374 0.442395
     0.6      0.4 0.382667 0.455776
     0.8      0.4 0.409333 0.471633
     0.9      0.4 0.454667 0.481452
    0.95      0.4 0.480667 0.487415
    0.99      0.4 0.492667 0.494385
   0.999      0.4    0.494 0.498842
  0.9999      0.4      0.5 0.499865
       0      0.5 0.493333 0.493333
     0.2      0.5    0.366 0.443655
     0.4      0.5    0.366 0.454199
     0.6      0.5    0.384 0.465591
     0.8      0.5 0.415333 0.478483
     0.9      0.5 0.466667 0.485929
    0.95      0.5     0.49 0.490285
    0.99      0.5 0.493333 0.495728
   0.999      0.5 0.494667  0.49926
  0.9999      0.5      0.5 0.499919
       0      0.6 0.493333 0.493333
     0.2      0.6    0.354 0.455829
     0.4      0.6    0.352 0.464218
     0.6      0.6 0.374667 0.473183
     0.8      0.6 0.422667    0.483
     0.9      0.6    0.476 0.488498
    0.95      0.6    0.492 0.491752
    0.99      0.6 0.493333 0.496288
   0.999      0.6 0.493333 0.499391
  0.9999      0.6      0.5 0.499935
       0      0.7 0.493333 0.493333
     0.2      0.7 0.347333 0.464816
     0.4      0.7    0.348 0.471425
     0.6      0.7    0.368 0.478391
     0.8      0.7 0.425333 0.485875
     0.9      0.7    0.482 0.490044
    0.95      0.7 0.493333 0.492598
    0.99      0.7 0.493333 0.496574
   0.999      0.7 0.493333 0.499449
  0.9999      0.7      0.5 0.499941
       0      0.8 0.493333 0.493333
     0.2      0.8 0.342667 0.471176
     0.4      0.8 0.343333  0.47643
     0.6      0.8    0.366 0.481915
     0.8      0.8 0.426667 0.487754
     0.9      0.8 0.484667 0.491031
    0.95      0.8 0.493333 0.493126
    0.99      0.8 0.493333 0.496737
   0.999      0.8 0.493333 0.499478
  0.9999      0.8      0.5 0.499944
       0      0.9 0.493333 0.493333
     0.2      0.9 0.332667 0.475712
     0.4      0.9    0.344 0.479957
     0.6      0.9    0.364 0.484361
     0.8      0.9 0.429333 0.489034
     0.9      0.9 0.487333 0.491694
    0.95      0.9 0.493333 0.493476
    0.99      0.9 0.493333 0.496838
   0.999      0.9 0.493333 0.499495
  0.9999      0.9      0.5 0.499946
       0        1 0.493333 0.493333
     0.2        1 0.332667  0.47902
     0.4        1 0.344667 0.482509
     0.6        1    0.364 0.486115
     0.8        1     0.43 0.489942
     0.9        1    0.488 0.492161
    0.95        1 0.493333 0.493719
    0.99        1 0.493333 0.496904
   0.999        1 0.493333 0.499506
  0.9999        1      0.5 0.499947
       0        2 0.493333 0.493333
     0.2        2    0.328 0.489771
     0.4        2 0.349333 0.490696
     0.6        2 0.367333 0.491661
     0.8        2 0.439333 0.492767
     0.9        2 0.489333 0.493595
    0.95        2 0.493333 0.494454
    0.99        2 0.493333 0.497081
   0.999        2 0.493333  0.49953
  0.9999        2 0.493333  0.49995
       0        4 0.493333 0.493333
     0.2        4    0.332 0.492461
     0.4        4    0.344 0.492721
     0.6        4 0.369333 0.493016
     0.8        4     0.44 0.493447
     0.9        4     0.49 0.493936
    0.95        4 0.493333 0.494626
    0.99        4 0.493333 0.497117
   0.999        4 0.493333 0.499534
  0.9999        4 0.493333  0.49995