         0       0.05   0.466667   0.466667
       0.2       0.05      0.014       0.02
       0.4       0.05      0.014       0.02
       0.6       0.05      0.014       0.02
       0.8       0.05      0.014       0.02
       0.9       0.05      0.014       0.02
      0.95       0.05      0.014       0.02
      0.99       0.05      0.014       0.02
     0.999       0.05      0.014       0.02
    0.9999       0.05  0.0133333       0.02
         0        0.1   0.466667   0.466667
       0.2        0.1 0.00733333 0.00745345
       0.4        0.1      0.002 0.00382019
       0.6        0.1      0.002  0.0020179
       0.8        0.1      0.002 0.00201004
       0.9        0.1      0.002 0.00201507
      0.95        0.1      0.002 0.00202435
      0.99        0.1      0.002 0.00208448
     0.999        0.1      0.002 0.00268533
    0.9999        0.1 0.00266667 0.00777981
         0       0.15   0.466667   0.466667
       0.2       0.15       0.01  0.0105176
       0.4       0.15 0.00866667 0.00904678
       0.6       0.15 0.00733333 0.00793498
       0.8       0.15      0.002  0.0043367
       0.9       0.15      0.002 0.00488798
      0.95       0.15      0.002 0.00700934
      0.99       0.15      0.002  0.0180158
     0.999       0.15  0.0453333   0.038399
    0.9999       0.15  0.0453333  0.0446396
         0        0.2   0.466667   0.466667
       0.2        0.2  0.0106667  0.0160188
       0.4        0.2       0.01  0.0152457
       0.6        0.2 0.00866667  0.0158003
       0.8        0.2 0.00666667  0.0179901
       0.9        0.2      0.002  0.0215166
      0.95        0.2      0.006  0.0273073
      0.99        0.2  0.0453333  0.0394179
     0.999        0.2  0.0453333  0.0448944
    0.9999        0.2  0.0453333  0.0460898
         0        0.3   0.466667   0.466667
       0.2        0.3       0.04  0.0539449
       0.4        0.3       0.02  0.0403203
       0.6        0.3  0.0166667  0.0362615
       0.8        0.3  0.0246667  0.0386128
       0.9        0.3  0.0433333   0.042169
      0.95        0.3  0.0433333  0.0447806
      0.99        0.3  0.0453333  0.0490565
     0.999        0.3  0.0453333  0.0596089
    0.9999        0.3  0.0473333  0.0871775
         0        0.4   0.466667   0.466667
       0.2        0.4      0.064  0.0808864
       0.4        0.4  0.0533333  0.0702594
       0.6        0.4  0.0586667  0.0626885
       0.8        0.4  0.0506667  0.0551802
       0.9        0.4  0.0446667  0.0551311
      0.95        0.4  0.0433333  0.0579029
      0.99        0.4  0.0453333  0.0722647
     0.999        0.4  0.0473333   0.111471
    0.9999        0.4      0.094     0.1464
         0        0.5   0.466667   0.466667
       0.2        0.5        0.1   0.100252
       0.4        0.5  0.0873333  0.0927774
       0.6        0.5      0.076  0.0862953
       0.8        0.5      0.068  0.0820424
       0.9        0.5  0.0553333  0.0825648
      0.95        0.5  0.0586667  0.0890916
      0.99        0.5       0.08   0.117759
     0.999        0.5      0.094   0.173764
    0.9999        0.5      0.134   0.260281
         0        0.6   0.466667   0.466667
       0.2        0.6      0.108   0.116297
       0.4        0.6  0.0986667   0.111337
       0.6        0.6  0.0893333   0.108349
       0.8        0.6  0.0853333   0.108997
       0.9        0.6      0.084   0.115172
      0.95        0.6  0.0806667   0.125959
      0.99        0.6      0.086    0.16621
     0.999        0.6   0.130667    0.25735
    0.9999        0.6   0.296667    0.36345
         0        0.7   0.466667   0.466667
       0.2        0.7      0.114   0.132303
       0.4        0.7      0.106   0.129638
       0.6        0.7        0.1   0.130058
       0.8        0.7  0.0966667   0.136025
       0.9        0.7      0.096   0.147739
      0.95        0.7  0.0993333   0.164871
      0.99        0.7   0.120667   0.223064
     0.999        0.7      0.198   0.338115
    0.9999        0.7   0.406667   0.424919
         0        0.8   0.466667   0.466667
       0.2        0.8   0.116667   0.149006
       0.4        0.8   0.113333   0.149508
       0.6        0.8       0.11   0.153642
       0.8        0.8      0.108   0.166524
       0.9        0.8   0.112667   0.185727
      0.95        0.8      0.118   0.211019
      0.99        0.8      0.136   0.290354
     0.999        0.8   0.273333   0.405128
    0.9999        0.8   0.454667   0.459608
         0        0.9   0.466667   0.466667
       0.2        0.9   0.124667   0.167611
       0.4        0.9       0.12   0.171526
       0.6        0.9   0.119333   0.180197
       0.8        0.9   0.117333   0.201287
       0.9        0.9   0.125333   0.229608
      0.95        0.9   0.132667   0.264584
      0.99        0.9      0.154   0.356658
     0.999        0.9   0.429333   0.445291
    0.9999        0.9   0.454667   0.480408
         0          1   0.466667   0.466667
       0.2          1   0.129333   0.189318
       0.4          1      0.128   0.196848
       0.6          1   0.127333   0.210526
       0.8          1   0.134667   0.240494
       0.9          1   0.139333   0.277474
      0.95          1   0.145333   0.318556
      0.99          1       0.25   0.404528
     0.999          1   0.450667   0.469582
    0.9999          1        0.5   0.493896
         0          2   0.466667   0.466667
       0.2          2   0.151333   0.406518
       0.4          2   0.152667   0.418267
       0.6          2   0.160667   0.432549
       0.8          2   0.203333   0.451931
       0.9          2   0.281333   0.466753
      0.95          2   0.347333    0.47826
      0.99          2   0.466667   0.493819
     0.999          2   0.498667   0.499306
    0.9999          2        0.5    0.49993
         0          4   0.466667   0.466667
       0.2          4      0.292   0.461516
       0.4          4      0.294   0.463709
       0.6          4   0.297333   0.466697
       0.8          4   0.287333   0.472123
       0.9          4       0.25   0.478349
      0.95          4   0.359333   0.484856
      0.99          4   0.466667   0.495509
     0.999          4   0.466667   0.499495
    0.9999          4        0.5   0.499949