       0     0.05 0.495333 0.496667
     0.2     0.05 0.495333 0.496667
     0.4     0.05 0.495333 0.496667
     0.6     0.05 0.495333 0.496667
     0.8     0.05 0.495333 0.496667
     0.9     0.05 0.495333 0.496667
    0.95     0.05 0.495333 0.496667
    0.99     0.05 0.495333 0.496667
   0.999     0.05 0.495333 0.496667
  0.9999     0.05 0.495333 0.496667
       0      0.1 0.495333 0.496667
     0.2      0.1    0.492 0.486112
     0.4      0.1 0.491333 0.490006
     0.6      0.1 0.493333 0.492449
     0.8      0.1    0.496 0.494066
     0.9      0.1    0.492 0.493904
    0.95      0.1 0.493333 0.493171
    0.99      0.1 0.489333 0.494464
   0.999      0.1 0.500667 0.495945
  0.9999      0.1 0.504667 0.494088
       0     0.15 0.495333 0.496667
     0.2     0.15    0.474 0.470911
     0.4     0.15    0.492 0.481743
     0.6     0.15 0.494667 0.487872
     0.8     0.15      0.5 0.491857
     0.9     0.15      0.5 0.493721
    0.95     0.15 0.495333 0.494725
    0.99     0.15 0.497333 0.494603
   0.999     0.15 0.501333 0.499505
  0.9999     0.15 0.506667 0.500161
       0      0.2 0.495333 0.496667
     0.2      0.2    0.456 0.460814
     0.4      0.2 0.469333 0.472072
     0.6      0.2    0.484 0.481524
     0.8      0.2     0.49 0.489882
     0.9      0.2 0.499333 0.493979
    0.95      0.2    0.508 0.496373
    0.99      0.2 0.505333 0.499316
   0.999      0.2 0.508667 0.497091
  0.9999      0.2 0.475333 0.493448
       0      0.3 0.495333 0.496667
     0.2      0.3 0.437333 0.451899
     0.4      0.3 0.449333 0.463131
     0.6      0.3 0.464667 0.473037
     0.8      0.3 0.467333 0.482596
     0.9      0.3    0.476 0.487577
    0.95      0.3 0.480667 0.490343
    0.99      0.3 0.499333 0.493902
   0.999      0.3 0.498667 0.497513
  0.9999      0.3 0.498667 0.499532
       0      0.4 0.495333 0.496667
     0.2      0.4    0.424 0.450125
     0.4      0.4    0.428 0.459308
     0.6      0.4 0.431333 0.468452
     0.8      0.4    0.442 0.478983
     0.9      0.4     0.47 0.485854
    0.95      0.4 0.490667 0.490462
    0.99      0.4 0.497333 0.496075
   0.999      0.4 0.498667   0.4992
  0.9999      0.4 0.501333  0.50007
       0      0.5 0.495333 0.496667
     0.2      0.5    0.418 0.455984
     0.4      0.5 0.412667 0.464022
     0.6      0.5    0.422 0.472566
     0.8      0.5 0.434667 0.482663
     0.9      0.5 0.478667 0.488983
    0.95      0.5 0.491333  0.49282
    0.99      0.5    0.498 0.497023
   0.999      0.5    0.498 0.499478
  0.9999      0.5 0.501333 0.500067
       0      0.6 0.495333 0.496667
     0.2      0.6 0.412667 0.464682
     0.4      0.6 0.419333 0.471386
     0.6      0.6 0.418667 0.478604
     0.8      0.6 0.441333  0.48683
     0.9      0.6     0.48 0.491618
    0.95      0.6 0.498667 0.494359
    0.99      0.6    0.498 0.497445
   0.999      0.6    0.498 0.499556
  0.9999      0.6 0.501333 0.500044
       0      0.7 0.495333 0.496667
     0.2      0.7     0.41 0.472162
     0.4      0.7 0.410667 0.477576
     0.6      0.7 0.415333 0.483343
     0.8      0.7 0.437333 0.489689
     0.9      0.7    0.484 0.493226
    0.95      0.7    0.498 0.495221
    0.99      0.7    0.498 0.497651
   0.999      0.7    0.498 0.499581
  0.9999      0.7 0.501333 0.500025
       0      0.8 0.495333 0.496667
     0.2      0.8 0.403333 0.477738
     0.4      0.8 0.400667 0.482068
     0.6      0.8 0.412667 0.486626
     0.8      0.8 0.444667  0.49153
     0.9      0.8 0.489333  0.49421
    0.95      0.8    0.498  0.49573
    0.99      0.8    0.498 0.497764
   0.999      0.8    0.498 0.499589
  0.9999      0.8 0.501333 0.500011
       0      0.9 0.495333 0.496667
     0.2      0.9 0.404667 0.481752
     0.4      0.9      0.4 0.485242
     0.6      0.9 0.414667 0.488884
     0.8      0.9 0.446667 0.492748
     0.9      0.9 0.490667 0.494843
    0.95      0.9    0.498 0.496051
    0.99      0.9    0.498  0.49783
   0.999      0.9    0.498 0.499591
  0.9999      0.9 0.501333      0.5
       0        1 0.495333 0.496667
     0.2        1 0.404667 0.484661
     0.4        1 0.402667 0.487515
     0.6        1    0.414 0.490473
     0.8        1     0.45 0.493587
     0.9        1 0.492667 0.495273
    0.95        1    0.498 0.496267
    0.99        1    0.498 0.497871
   0.999        1    0.498  0.49959
  0.9999        1 0.501333 0.499992
       0        2 0.495333 0.496667
     0.2        2 0.406667  0.49379
     0.4        2 0.412667 0.494513
     0.6        2    0.416 0.495251
     0.8        2 0.457333 0.496031
     0.9        2 0.494667   0.4965
    0.95        2    0.498  0.49687
    0.99        2    0.498 0.497971
   0.999        2    0.498 0.499575
  0.9999        2    0.498 0.499962
       0        4 0.495333 0.496667
     0.2        4 0.410667 0.495962
     0.4        4    0.412 0.496149
     0.6        4    0.416 0.496346
     0.8        4 0.462667 0.496578
     0.9        4    0.496 0.496769
    0.95        4    0.498    0.497
    0.99        4    0.498 0.497988
   0.999        4    0.498 0.499568
  0.9999        4    0.498 0.499954