       0     0.05 0.493333 0.493333
     0.2     0.05 0.315333    0.348
     0.4     0.05    0.324    0.349
     0.6     0.05    0.326 0.348667
     0.8     0.05 0.329333    0.349
     0.9     0.05 0.329333 0.349333
    0.95     0.05 0.329333    0.351
    0.99     0.05 0.329333 0.353333
   0.999     0.05    0.328 0.359333
  0.9999     0.05 0.328667 0.361333
       0      0.1 0.493333 0.493333
     0.2      0.1 0.402667 0.380158
     0.4      0.1 0.402667 0.377418
     0.6      0.1    0.396  0.37425
     0.8      0.1 0.397333 0.374362
     0.9      0.1 0.396667 0.375396
    0.95      0.1 0.396667 0.377742
    0.99      0.1 0.405333 0.382229
   0.999      0.1 0.411333 0.386055
  0.9999      0.1    0.424 0.397405
       0     0.15 0.493333 0.493333
     0.2     0.15 0.404667 0.403374
     0.4     0.15    0.406 0.402527
     0.6     0.15 0.403333 0.399846
     0.8     0.15 0.396667 0.399625
     0.9     0.15 0.404667 0.402724
    0.95     0.15 0.401333 0.404595
    0.99     0.15 0.410667 0.410238
   0.999     0.15    0.406 0.404753
  0.9999     0.15    0.406 0.403307
       0      0.2 0.493333 0.493333
     0.2      0.2 0.398667  0.39274
     0.4      0.2    0.404 0.397071
     0.6      0.2 0.406667 0.396984
     0.8      0.2    0.404 0.397286
     0.9      0.2    0.402 0.397875
    0.95      0.2      0.4 0.398849
    0.99      0.2    0.406 0.395068
   0.999      0.2    0.406 0.390617
  0.9999      0.2    0.406  0.39319
       0      0.3 0.493333 0.493333
     0.2      0.3 0.405333 0.383672
     0.4      0.3      0.4 0.377962
     0.6      0.3 0.405333 0.381548
     0.8      0.3 0.409333 0.383949
     0.9      0.3 0.402667 0.382333
    0.95      0.3 0.404667 0.381515
    0.99      0.3 0.412667  0.38856
   0.999      0.3 0.419333 0.408131
  0.9999      0.3 0.448667 0.429177
       0      0.4 0.493333 0.493333
     0.2      0.4 0.384667 0.387558
     0.4      0.4    0.388 0.381427
     0.6      0.4 0.409333 0.379732
     0.8      0.4 0.406667 0.382368
     0.9      0.4 0.403333 0.385222
    0.95      0.4 0.401333 0.389447
    0.99      0.4 0.423333 0.407358
   0.999      0.4 0.451333 0.420358
  0.9999      0.4 0.444667 0.393423
       0      0.5 0.493333 0.493333
     0.2      0.5 0.385333 0.389086
     0.4      0.5    0.418 0.391041
     0.6      0.5 0.418667 0.388714
     0.8      0.5 0.426667 0.388313
     0.9      0.5     0.41 0.392006
    0.95      0.5 0.414667 0.396914
    0.99      0.5    0.426 0.401244
   0.999      0.5 0.363333 0.381191
  0.9999      0.5    0.366 0.384257
       0      0.6 0.493333 0.493333
     0.2      0.6    0.418 0.395496
     0.4      0.6    0.428  0.39231
     0.6      0.6 0.430667 0.394185
     0.8      0.6 0.417333 0.392544
     0.9      0.6    0.418 0.390749
    0.95      0.6 0.416667 0.388546
    0.99      0.6    0.412  0.38064
   0.999      0.6    0.354 0.389778
  0.9999      0.6 0.415333 0.434038
       0      0.7 0.493333 0.493333
     0.2      0.7    0.434 0.401639
     0.4      0.7    0.426 0.395344
     0.6      0.7    0.426  0.39349
     0.8      0.7 0.429333  0.39177
     0.9      0.7    0.428 0.388109
    0.95      0.7 0.427333 0.384822
    0.99      0.7 0.369333 0.389289
   0.999      0.7 0.414667 0.432402
  0.9999      0.7    0.462 0.465189
       0      0.8 0.493333 0.493333
     0.2      0.8 0.428667 0.405477
     0.4      0.8    0.422 0.399684
     0.6      0.8 0.422667 0.395986
     0.8      0.8    0.412 0.393475
     0.9      0.8    0.394 0.392743
    0.95      0.8 0.389333 0.394891
    0.99      0.8 0.347333 0.416882
   0.999      0.8 0.462667 0.459307
  0.9999      0.8 0.441333 0.481896
       0      0.9 0.493333 0.493333
     0.2      0.9 0.422667 0.408215
     0.4      0.9 0.419333 0.404069
     0.6      0.9    0.418  0.40149
     0.8      0.9     0.41 0.401353
     0.9      0.9 0.408667  0.40507
    0.95      0.9    0.362  0.41325
    0.99      0.9    0.416 0.444506
   0.999      0.9 0.418667 0.477336
  0.9999      0.9    0.484  0.49319
       0        1 0.493333 0.493333
     0.2        1    0.424 0.411385
     0.4        1 0.427333 0.409338
     0.6        1    0.424 0.409048
     0.8        1 0.389333 0.413212
     0.9        1 0.379333 0.422321
    0.95        1 0.378667  0.43542
    0.99        1 0.448667 0.466158
   0.999        1 0.453333 0.488307
  0.9999        1      0.5 0.497691
       0        2 0.493333 0.493333
     0.2        2 0.455333 0.476714
     0.4        2 0.451333 0.480061
     0.6        2    0.488 0.483613
     0.8        2 0.495333 0.487531
     0.9        2 0.491333  0.49015
    0.95        2 0.505333 0.492294
    0.99        2 0.544667 0.496441
   0.999        2 0.493333 0.499435
  0.9999        2 0.494667  0.49994
       0        4 0.493333 0.493333
     0.2        4    0.536 0.494516
     0.4        4 0.535333 0.494343
     0.6        4    0.542 0.494157
     0.8        4 0.573333 0.494049
     0.9        4 0.512667 0.494245
    0.95        4 0.493333 0.494782
    0.99        4 0.493333 0.497145
   0.999        4 0.493333 0.499536
  0.9999        4      0.5  0.49995