        0      0.05  0.479333      0.49
      0.2      0.05  0.479333  0.489667
      0.4      0.05  0.479333  0.489667
      0.6      0.05  0.479333  0.489667
      0.8      0.05  0.479333  0.489667
      0.9      0.05  0.479333  0.489667
     0.95      0.05  0.479333  0.489667
     0.99      0.05  0.479333  0.489667
    0.999      0.05  0.479333  0.489667
   0.9999      0.05  0.479333  0.489667
        0       0.1  0.479333      0.49
      0.2       0.1 0.0966667 0.0988044
      0.4       0.1     0.096 0.0976457
      0.6       0.1 0.0953333 0.0964325
      0.8       0.1     0.096 0.0979467
      0.9       0.1 0.0986667  0.099046
     0.95       0.1 0.0993333 0.0991468
     0.99       0.1       0.1  0.099568
    0.999       0.1 0.0986667  0.099826
   0.9999       0.1 0.0953333 0.0968228
        0      0.15  0.479333      0.49
      0.2      0.15 0.0986667 0.0986959
      0.4      0.15       0.1 0.0984915
      0.6      0.15 0.0946667 0.0971019
      0.8      0.15 0.0966667 0.0977352
      0.9      0.15 0.0966667 0.0986912
     0.95      0.15 0.0966667 0.0988681
     0.99      0.15 0.0913333 0.0949326
    0.999      0.15 0.0933333 0.0914423
   0.9999      0.15 0.0753333  0.084454
        0       0.2  0.479333      0.49
      0.2       0.2       0.1 0.0981154
      0.4       0.2 0.0986667 0.0968195
      0.6       0.2  0.100667 0.0965775
      0.8       0.2 0.0946667 0.0966877
      0.9       0.2 0.0946667  0.097524
     0.95       0.2 0.0933333 0.0961068
     0.99       0.2 0.0926667 0.0916586
    0.999       0.2 0.0793333 0.0926759
   0.9999       0.2 0.0893333 0.0988554
        0       0.3  0.479333      0.49
      0.2       0.3     0.098  0.107122
      0.4       0.3     0.096  0.102249
      0.6       0.3 0.0913333 0.0995505
      0.8       0.3     0.086 0.0991038
      0.9       0.3 0.0893333  0.100311
     0.95       0.3 0.0873333  0.102127
     0.99       0.3 0.0686667   0.11385
    0.999       0.3     0.068  0.170711
   0.9999       0.3     0.126  0.312504
        0       0.4  0.479333      0.49
      0.2       0.4     0.108  0.121814
      0.4       0.4     0.102   0.11728
      0.6       0.4 0.0933333  0.114881
      0.8       0.4     0.084   0.11669
      0.9       0.4     0.074  0.124825
     0.95       0.4 0.0746667   0.14072
     0.99       0.4     0.062  0.224346
    0.999       0.4     0.204  0.416155
   0.9999       0.4  0.489333  0.487337
        0       0.5  0.479333      0.49
      0.2       0.5  0.110667  0.141291
      0.4       0.5  0.103333  0.141755
      0.6       0.5 0.0953333  0.146953
      0.8       0.5 0.0813333   0.16608
      0.9       0.5     0.068  0.199895
     0.95       0.5     0.064  0.249685
     0.99       0.5     0.092  0.388819
    0.999       0.5  0.478667  0.482776
   0.9999       0.5  0.489333   0.49692
        0       0.6  0.479333      0.49
      0.2       0.6     0.106  0.171468
      0.4       0.6 0.0993333  0.180407
      0.6       0.6 0.0866667  0.198665
      0.8       0.6     0.076   0.24338
      0.9       0.6 0.0733333  0.300597
     0.95       0.6 0.0873333  0.359974
     0.99       0.6  0.366667  0.455262
    0.999       0.6     0.486  0.493532
   0.9999       0.6  0.489333  0.498291
        0       0.7  0.479333      0.49
      0.2       0.7     0.104  0.212412
      0.4       0.7 0.0953333  0.229687
      0.6       0.7     0.092  0.258929
      0.8       0.7 0.0893333   0.31667
      0.9       0.7 0.0986667  0.373527
     0.95       0.7      0.17  0.419544
     0.99       0.7  0.447333   0.47662
    0.999       0.7  0.486667  0.496273
   0.9999       0.7  0.489333  0.498668
        0       0.8  0.479333      0.49
      0.2       0.8  0.100667  0.258691
      0.4       0.8 0.0986667  0.281252
      0.6       0.8 0.0953333  0.315162
      0.8       0.8     0.106  0.371726
      0.9       0.8  0.166667  0.417776
     0.95       0.8     0.302  0.449884
     0.99       0.8  0.471333  0.485362
    0.999       0.8  0.486667  0.497356
   0.9999       0.8  0.489333  0.498859
        0       0.9  0.479333      0.49
      0.2       0.9     0.102  0.303078
      0.4       0.9     0.104  0.327192
      0.6       0.9  0.101333  0.360339
      0.8       0.9     0.138  0.409101
      0.9       0.9  0.236667   0.44393
     0.95       0.9  0.380667  0.466125
     0.99       0.9  0.478667  0.489603
    0.999       0.9     0.486  0.497933
   0.9999       0.9  0.489333  0.499018
        0         1  0.479333      0.49
      0.2         1  0.102667  0.340835
      0.4         1     0.102  0.363904
      0.6         1     0.114  0.393541
      0.8         1  0.162667  0.433345
      0.9         1  0.294667  0.459364
     0.95         1     0.428  0.475119
     0.99         1  0.479333  0.491867
    0.999         1  0.485333  0.498295
   0.9999         1  0.489333  0.499159
        0         2  0.479333      0.49
      0.2         2  0.118667  0.461639
      0.4         2  0.134667  0.468262
      0.6         2  0.170667  0.475279
      0.8         2  0.305333  0.482919
      0.9         2     0.454  0.487421
     0.95         2  0.479333  0.490529
     0.99         2  0.479333  0.495952
    0.999         2  0.479333   0.49926
   0.9999         2  0.489333   0.49974
        0         4  0.479333      0.49
      0.2         4  0.127333  0.483644
      0.4         4  0.152667  0.485287
      0.6         4  0.195333  0.487025
      0.8         4  0.350667  0.489067
      0.9         4  0.473333  0.490652
     0.95         4  0.479333   0.49228
     0.99         4  0.479333  0.496493
    0.999         4  0.479333   0.49946
   0.9999         4  0.479333  0.499898