       0     0.05     0.49     0.49
       0      0.1     0.49     0.49
       0     0.15     0.49     0.49
       0      0.2     0.49     0.49
       0      0.3     0.49     0.49
       0      0.4     0.49     0.49
       0      0.5     0.49     0.49
       0      0.6     0.49     0.49
       0      0.7     0.49     0.49
       0      0.8     0.49     0.49
       0      0.9     0.49     0.49
       0        1     0.49     0.49
       0        2     0.49     0.49
       0        4     0.49     0.49
     0.2     0.05     0.49     0.49
     0.2      0.1 0.450667 0.443468
     0.2     0.15 0.431333 0.427904
     0.2      0.2 0.419333 0.419258
     0.2      0.3 0.376667 0.421473
     0.2      0.4 0.367333 0.432651
     0.2      0.5 0.359333 0.445506
     0.2      0.6    0.352 0.456902
     0.2      0.7 0.345333 0.465044
     0.2      0.8 0.339333 0.470674
     0.2      0.9    0.338 0.474646
     0.2        1 0.334667 0.477532
     0.2        2    0.336 0.486908
     0.2        4 0.337333 0.489265
     0.4     0.05     0.49     0.49
     0.4      0.1 0.454667 0.447142
     0.4     0.15 0.435333 0.434511
     0.4      0.2     0.42 0.426326
     0.4      0.3 0.389333 0.429198
     0.4      0.4    0.372 0.442417
     0.4      0.5 0.363333  0.45463
     0.4      0.6 0.345333 0.464266
     0.4      0.7 0.344667 0.470843
     0.4      0.8    0.336 0.475289
     0.4      0.9 0.337333 0.478386
     0.4        1 0.337333 0.480617
     0.4        2    0.338 0.487767
     0.4        4    0.336 0.489542
     0.6     0.05     0.49     0.49
     0.6      0.1 0.448667 0.448516
     0.6     0.15 0.445333 0.439607
     0.6      0.2 0.418667 0.433943
     0.6      0.3 0.402667 0.439347
     0.6      0.4 0.379333 0.454049
     0.6      0.5 0.353333 0.464861
     0.6      0.6    0.342 0.472259
     0.6      0.7 0.337333 0.477025
     0.6      0.8    0.342 0.480163
     0.6      0.9     0.34 0.482318
     0.6        1     0.34 0.483855
     0.6        2 0.340667 0.488709
     0.6        4 0.343333 0.489898
     0.8     0.05     0.49     0.49
     0.8      0.1 0.446667 0.449471
     0.8     0.15 0.446667 0.445023
     0.8      0.2 0.443333 0.443945
     0.8      0.3 0.421333 0.454138
     0.8      0.4 0.422667 0.468998
     0.8      0.5 0.400667  0.47678
     0.8      0.6     0.39 0.481194
     0.8      0.7 0.382667 0.483835
     0.8      0.8 0.380667 0.485519
     0.8      0.9    0.374 0.486655
     0.8        1 0.373333 0.487457
     0.8        2 0.375333 0.489944
     0.8        4    0.374 0.490544
     0.9     0.05     0.49     0.49
     0.9      0.1 0.451333  0.45044
     0.9     0.15 0.445333 0.448892
     0.9      0.2     0.44  0.45239
     0.9      0.3 0.453333 0.465565
     0.9      0.4 0.455333 0.478805
     0.9      0.5 0.451333 0.483919
     0.9      0.6     0.45 0.486462
     0.9      0.7    0.452 0.487911
     0.9      0.8     0.45 0.488815
     0.9      0.9     0.45 0.489416
     0.9        1    0.452 0.489837
     0.9        2 0.456667 0.491122
     0.9        4    0.458 0.491426
    0.95     0.05     0.49     0.49
    0.95      0.1 0.453333 0.450926
    0.95     0.15 0.450667 0.453313
    0.95      0.2     0.45 0.459531
    0.95      0.3 0.466667 0.474054
    0.95      0.4 0.475333 0.485079
    0.95      0.5 0.480667 0.488414
    0.95      0.6 0.486667 0.489938
    0.95      0.7    0.488 0.490778
    0.95      0.8 0.489333  0.49129
    0.95      0.9 0.489333 0.491625
    0.95        1 0.489333 0.491857
    0.95        2     0.49 0.492545
    0.95        4     0.49 0.492703
    0.99     0.05     0.49     0.49
    0.99      0.1 0.453333 0.451966
    0.99     0.15 0.470667 0.466167
    0.99      0.2    0.464 0.469669
    0.99      0.3 0.487333 0.486099
    0.99      0.4     0.49 0.493325
    0.99      0.5     0.49 0.494982
    0.99      0.6     0.49 0.495661
    0.99      0.7     0.49 0.496002
    0.99      0.8     0.49 0.496195
    0.99      0.9     0.49 0.496313
    0.99        1     0.49  0.49639
    0.99        2     0.49 0.496593
    0.99        4     0.49 0.496633
   0.999     0.05     0.49     0.49
   0.999      0.1 0.466667 0.461556
   0.999     0.15 0.470667 0.473362
   0.999      0.2     0.47 0.474945
   0.999      0.3 0.491333 0.495073
   0.999      0.4 0.494667 0.498763
   0.999      0.5 0.493333  0.49921
   0.999      0.6 0.490667 0.499356
   0.999      0.7     0.49 0.499421
   0.999      0.8     0.49 0.499455
   0.999      0.9     0.49 0.499475
   0.999        1     0.49 0.499487
   0.999        2     0.49 0.499517
   0.999        4     0.49 0.499522
  0.9999     0.05     0.49     0.49
  0.9999      0.1    0.474 0.473735
  0.9999     0.15    0.476 0.476526
  0.9999      0.2 0.480667 0.478188
  0.9999      0.3      0.5 0.499104
  0.9999      0.4      0.5 0.499861
  0.9999      0.5      0.5 0.499915
  0.9999      0.6      0.5 0.499932
  0.9999      0.7      0.5 0.499939
  0.9999      0.8      0.5 0.499943
  0.9999      0.9      0.5 0.499945
  0.9999        1      0.5 0.499946
  0.9999        2     0.49  0.49995
  0.9999        4     0.49  0.49995