        0      0.05     0.456  0.466667
      0.2      0.05  0.452667  0.462667
      0.4      0.05  0.452667  0.462667
      0.6      0.05  0.452667  0.462667
      0.8      0.05  0.452667  0.462667
      0.9      0.05  0.452667  0.462667
     0.95      0.05  0.452667  0.462667
     0.99      0.05  0.452667  0.462667
    0.999      0.05  0.452667  0.462667
   0.9999      0.05  0.452667  0.462667
        0       0.1     0.456  0.466667
      0.2       0.1     0.072 0.0745535
      0.4       0.1 0.0753333 0.0747531
      0.6       0.1     0.074  0.074037
      0.8       0.1 0.0726667 0.0723991
      0.9       0.1 0.0706667 0.0705663
     0.95       0.1     0.066 0.0691561
     0.99       0.1 0.0693333 0.0693489
    0.999       0.1     0.072 0.0710263
   0.9999       0.1 0.0713333 0.0702707
        0      0.15     0.456  0.466667
      0.2      0.15      0.07 0.0694139
      0.4      0.15 0.0666667 0.0707473
      0.6      0.15      0.07 0.0708403
      0.8      0.15 0.0686667 0.0692542
      0.9      0.15     0.066 0.0689789
     0.95      0.15 0.0693333 0.0698115
     0.99      0.15 0.0693333 0.0715041
    0.999      0.15     0.066 0.0706526
   0.9999      0.15 0.0673333 0.0660713
        0       0.2     0.456  0.466667
      0.2       0.2 0.0633333  0.068374
      0.4       0.2     0.064 0.0682842
      0.6       0.2 0.0626667 0.0681954
      0.8       0.2 0.0633333 0.0676898
      0.9       0.2 0.0653333 0.0686507
     0.95       0.2     0.068  0.069753
     0.99       0.2 0.0646667 0.0690135
    0.999       0.2 0.0526667 0.0640424
   0.9999       0.2 0.0673333 0.0722639
        0       0.3     0.456  0.466667
      0.2       0.3 0.0646667 0.0696579
      0.4       0.3      0.06 0.0689309
      0.6       0.3      0.06  0.068895
      0.8       0.3 0.0566667 0.0698235
      0.9       0.3 0.0566667 0.0718467
     0.95       0.3 0.0526667 0.0754323
     0.99       0.3 0.0593333 0.0926056
    0.999       0.3 0.0646667  0.151961
   0.9999       0.3     0.122  0.303395
        0       0.4     0.456  0.466667
      0.2       0.4 0.0606667 0.0772579
      0.4       0.4 0.0586667 0.0771521
      0.6       0.4     0.056 0.0790397
      0.8       0.4      0.05 0.0862269
      0.9       0.4     0.044 0.0990846
     0.95       0.4 0.0393333  0.119511
     0.99       0.4 0.0513333  0.212864
    0.999       0.4  0.116667  0.415036
   0.9999       0.4  0.489333  0.487776
        0       0.5     0.456  0.466667
      0.2       0.5 0.0553333  0.098666
      0.4       0.5 0.0473333  0.103019
      0.6       0.5     0.046  0.112576
      0.8       0.5 0.0406667  0.138748
      0.9       0.5     0.036   0.17993
     0.95       0.5 0.0386667  0.237319
     0.99       0.5 0.0446667  0.389347
    0.999       0.5  0.475333  0.484442
   0.9999       0.5  0.489333  0.497703
        0       0.6     0.456  0.466667
      0.2       0.6     0.052  0.136226
      0.4       0.6 0.0473333   0.14946
      0.6       0.6      0.04  0.173018
      0.8       0.6     0.034  0.226513
      0.9       0.6 0.0346667  0.292058
     0.95       0.6     0.034  0.358008
     0.99       0.6 0.0946667  0.458606
    0.999       0.6  0.485333  0.494911
   0.9999       0.6  0.489333  0.499041
        0       0.7     0.456  0.466667
      0.2       0.7     0.048  0.186137
      0.4       0.7 0.0406667  0.208045
      0.6       0.7     0.038  0.242945
      0.8       0.7     0.034  0.308509
      0.9       0.7 0.0373333  0.370723
     0.95       0.7 0.0486667  0.419943
     0.99       0.7     0.304  0.479087
    0.999       0.7  0.486667  0.497354
   0.9999       0.7  0.489333  0.499355
        0       0.8     0.456  0.466667
      0.2       0.8 0.0446667  0.241125
      0.4       0.8 0.0426667  0.267497
      0.6       0.8 0.0393333  0.305548
      0.8       0.8 0.0426667  0.366451
      0.9       0.8 0.0493333  0.414819
     0.95       0.8 0.0846667  0.448716
     0.99       0.8  0.429333   0.48669
    0.999       0.8  0.487333   0.49822
   0.9999       0.8  0.489333  0.499484
        0       0.9     0.456  0.466667
      0.2       0.9     0.044  0.291614
      0.4       0.9 0.0413333  0.317972
      0.6       0.9 0.0413333  0.353021
      0.8       0.9 0.0473333  0.403058
      0.9       0.9 0.0646667  0.438928
     0.95       0.9  0.146667   0.46301
     0.99       0.9  0.453333  0.490164
    0.999       0.9  0.486667  0.498632
   0.9999       0.9  0.489333  0.499569
        0         1     0.456  0.466667
      0.2         1 0.0446667  0.332124
      0.4         1     0.044  0.355928
      0.6         1     0.044  0.385737
      0.8         1 0.0513333  0.425321
      0.9         1 0.0866667    0.4524
     0.95         1  0.210667  0.470634
     0.99         1     0.456  0.491982
    0.999         1  0.486667  0.498868
   0.9999         1  0.489333  0.499635
        0         2     0.456  0.466667
      0.2         2 0.0586667  0.443983
      0.4         2 0.0626667  0.450276
      0.6         2 0.0733333  0.457519
      0.8         2  0.103333   0.46736
      0.9         2  0.231333  0.475858
     0.95         2     0.418   0.48353
     0.99         2     0.456  0.495166
    0.999         2     0.456  0.499395
   0.9999         2  0.489333  0.499874
        0         4     0.456  0.466667
      0.2         4 0.0713333  0.462033
      0.4         4     0.074  0.464172
      0.6         4     0.086  0.467063
      0.8         4     0.128  0.472342
      0.9         4  0.285333  0.478478
     0.95         4  0.443333  0.484935
     0.99         4     0.456  0.495526
    0.999         4     0.456  0.499482
   0.9999         4  0.489333  0.499932