        0      0.05  0.446667  0.466667
      0.2      0.05 0.0806667   0.12351
      0.4      0.05 0.0766667  0.135854
      0.6      0.05 0.0753333  0.156145
      0.8      0.05 0.0753333  0.200726
      0.9      0.05      0.08  0.258004
     0.95      0.05 0.0773333  0.322542
     0.99      0.05     0.132  0.441372
    0.999      0.05  0.479333  0.492078
   0.9999      0.05      0.48  0.498193
        0       0.1  0.446667  0.466667
      0.2       0.1 0.0746667  0.210841
      0.4       0.1 0.0713333  0.233023
      0.6       0.1     0.068  0.267002
      0.8       0.1 0.0753333  0.328312
      0.9       0.1  0.102667  0.384809
     0.95       0.1  0.149333  0.428769
     0.99       0.1  0.446667  0.480687
    0.999       0.1      0.48   0.49632
   0.9999       0.1      0.48  0.498011
        0      0.15  0.446667  0.466667
      0.2      0.15 0.0586667  0.286948
      0.4      0.15 0.0613333  0.311502
      0.6      0.15 0.0733333  0.345196
      0.8      0.15  0.122667  0.395534
      0.9      0.15  0.205333  0.433247
     0.95      0.15  0.355333  0.459143
     0.99      0.15  0.446667  0.488146
    0.999      0.15      0.48  0.496859
   0.9999      0.15      0.48  0.497805
        0       0.2  0.446667  0.466667
      0.2       0.2 0.0673333  0.345002
      0.4       0.2      0.09  0.366551
      0.6       0.2  0.116667  0.393422
      0.8       0.2     0.218  0.429084
      0.9       0.2  0.367333  0.453765
     0.95       0.2     0.446  0.470695
     0.99       0.2  0.446667  0.490686
    0.999       0.2      0.48  0.497034
   0.9999       0.2      0.48  0.497734
        0       0.3  0.446667  0.466667
      0.2       0.3  0.168667  0.414323
      0.4       0.3     0.216  0.426229
      0.6       0.3  0.291333  0.439807
      0.8       0.3  0.410667  0.456847
      0.9       0.3  0.446667  0.469341
     0.95       0.3  0.446667  0.479153
     0.99       0.3  0.446667  0.492695
    0.999       0.3      0.48   0.49743
   0.9999       0.3      0.48  0.497963
        0       0.4  0.446667  0.466667
      0.2       0.4      0.29  0.444034
      0.4       0.4  0.351333   0.44996
      0.6       0.4     0.406  0.456809
      0.8       0.4  0.446667  0.466232
      0.9       0.4  0.446667  0.474514
     0.95       0.4  0.446667  0.482081
     0.99       0.4  0.446667  0.493665
    0.999       0.4      0.48  0.497902
   0.9999       0.4      0.48  0.498383
        0       0.5  0.446667  0.466667
      0.2       0.5  0.369333  0.456037
      0.4       0.5  0.410667  0.459307
      0.6       0.5  0.443333  0.463363
      0.8       0.5  0.446667  0.469842
      0.9       0.5  0.446667  0.476587
     0.95       0.5  0.446667  0.483358
     0.99       0.5  0.446667  0.494245
    0.999       0.5      0.48  0.498295
   0.9999       0.5      0.48  0.498756
        0       0.6  0.446667  0.466667
      0.2       0.6  0.410667  0.461191
      0.4       0.6  0.438667  0.463304
      0.6       0.6  0.446667  0.466173
      0.8       0.6  0.446667  0.471432
      0.9       0.6  0.446667  0.477556
     0.95       0.6  0.446667  0.484008
     0.99       0.6  0.446667  0.494612
    0.999       0.6      0.48  0.498583
   0.9999       0.6      0.48  0.499035
        0       0.7  0.446667  0.466667
      0.2       0.7  0.429333   0.46364
      0.4       0.7     0.446  0.465211
      0.6       0.7  0.446667  0.467529
      0.8       0.7  0.446667  0.472229
      0.9       0.7  0.446667   0.47807
     0.95       0.7  0.446667  0.484379
     0.99       0.7  0.446667  0.494854
    0.999       0.7      0.48  0.498788
   0.9999       0.7      0.48  0.499236
        0       0.8  0.446667  0.466667
      0.2       0.8     0.442   0.46492
      0.4       0.8  0.446667  0.466216
      0.6       0.8  0.446667  0.468255
      0.8       0.8  0.446667  0.472674
      0.9       0.8  0.446667  0.478373
     0.95       0.8  0.446667  0.484609
     0.99       0.8  0.446667   0.49502
    0.999       0.8      0.48  0.498936
   0.9999       0.8      0.48  0.499381
        0       0.9  0.446667  0.466667
      0.2       0.9  0.445333  0.465648
      0.4       0.9  0.446667  0.466792
      0.6       0.9  0.446667  0.468678
      0.8       0.9  0.446667  0.472943
      0.9       0.9  0.446667  0.478566
     0.95       0.9  0.446667  0.484763
     0.99       0.9  0.446667  0.495138
    0.999       0.9      0.48  0.499044
   0.9999       0.9      0.48  0.499489
        0         1  0.446667  0.466667
      0.2         1  0.446667   0.46609
      0.4         1  0.446667  0.467145
      0.6         1  0.446667  0.468943
      0.8         1  0.446667  0.473118
      0.9         1  0.446667  0.478695
     0.95         1  0.446667   0.48487
     0.99         1  0.446667  0.495225
    0.999         1      0.48  0.499125
   0.9999         1      0.48  0.499569
        0         2  0.446667  0.466667
      0.2         2  0.446667   0.46705
      0.4         2  0.446667  0.467938
      0.6         2  0.446667  0.469567
      0.8         2  0.446667  0.473572
      0.9         2  0.446667  0.479065
     0.95         2  0.446667  0.485196
     0.99         2  0.446667  0.495515
    0.999         2  0.446667  0.499406
   0.9999         2      0.48  0.499849
        0         4  0.446667  0.466667
      0.2         4  0.446667   0.46718
      0.4         4  0.446667  0.468055
      0.6         4  0.446667  0.469669
      0.8         4  0.446667  0.473661
      0.9         4  0.446667  0.479146
     0.95         4  0.446667  0.485274
     0.99         4  0.446667  0.495591
    0.999         4  0.446667  0.499482
   0.9999         4  0.446667  0.499924