       0     0.05 0.446667 0.466667
     0.2     0.05    0.116 0.142179
     0.4     0.05 0.115333 0.151151
     0.6     0.05    0.114 0.167624
     0.8     0.05 0.111333 0.207792
     0.9     0.05 0.115333 0.262667
    0.95     0.05 0.133333 0.325607
    0.99     0.05 0.203333 0.441803
   0.999     0.05 0.467333 0.491828
  0.9999     0.05     0.48 0.497966
       0      0.1 0.446667 0.466667
     0.2      0.1 0.114667 0.215303
     0.4      0.1 0.117333 0.236935
     0.6      0.1 0.122667 0.270398
     0.8      0.1    0.136 0.330805
     0.9      0.1 0.167333 0.386207
    0.95      0.1 0.206667 0.429227
    0.99      0.1 0.433333 0.480341
   0.999      0.1     0.48 0.496024
  0.9999      0.1     0.48 0.497738
       0     0.15 0.446667 0.466667
     0.2     0.15 0.124667 0.289649
     0.4     0.15 0.128667 0.314012
     0.6     0.15    0.142 0.347269
     0.8     0.15 0.182667 0.396703
     0.9     0.15    0.232 0.433619
    0.95     0.15 0.349333 0.459001
    0.99     0.15 0.446667 0.487764
   0.999     0.15     0.48 0.496582
  0.9999     0.15     0.48 0.497547
       0      0.2 0.446667 0.466667
     0.2      0.2 0.152667 0.346696
     0.4      0.2 0.159333 0.367985
     0.6      0.2 0.185333 0.394474
     0.8      0.2     0.24 0.429505
     0.9      0.2    0.352 0.453697
    0.95      0.2 0.435333 0.470363
    0.99      0.2 0.446667 0.490337
   0.999      0.2     0.48 0.496807
  0.9999      0.2     0.48 0.497525
       0      0.3 0.446667 0.466667
     0.2      0.3 0.222667 0.414485
     0.4      0.3 0.243333 0.426358
     0.6      0.3    0.266 0.439826
     0.8      0.3 0.386667 0.456645
     0.9      0.3 0.442667 0.468987
    0.95      0.3 0.446667 0.478749
    0.99      0.3 0.446667 0.492416
   0.999      0.3     0.48 0.497271
  0.9999      0.3     0.48  0.49782
       0      0.4 0.446667 0.466667
     0.2      0.4 0.266667 0.443945
     0.4      0.4 0.276667 0.449832
     0.6      0.4 0.343333 0.456617
     0.8      0.4 0.441333 0.465949
     0.9      0.4 0.446667 0.474177
    0.95      0.4 0.446667  0.48174
    0.99      0.4 0.446667 0.493448
   0.999      0.4     0.48  0.49778
  0.9999      0.4     0.48 0.498273
       0      0.5 0.446667 0.466667
     0.2      0.5    0.282 0.455939
     0.4      0.5 0.318667 0.459168
     0.6      0.5 0.414667  0.46318
     0.8      0.5 0.446667 0.469608
     0.9      0.5 0.446667 0.476323
    0.95      0.5 0.446667 0.483095
    0.99      0.5 0.446667 0.494079
   0.999      0.5     0.48 0.498199
  0.9999      0.5     0.48 0.498669
       0      0.6 0.446667 0.466667
     0.2      0.6 0.301333 0.461114
     0.4      0.6 0.354667 0.463193
     0.6      0.6 0.436667 0.466031
     0.8      0.6 0.446667 0.471254
     0.9      0.6 0.446667 0.477354
    0.95      0.6 0.446667 0.483807
    0.99      0.6 0.446667 0.494483
   0.999      0.6     0.48 0.498508
  0.9999      0.6     0.48 0.498967
       0      0.7 0.446667 0.466667
     0.2      0.7 0.313333  0.46358
     0.4      0.7 0.381333 0.465126
     0.6      0.7    0.444 0.467421
     0.8      0.7 0.446667 0.472093
     0.9      0.7 0.446667 0.477915
    0.95      0.7 0.446667 0.484222
    0.99      0.7 0.446667 0.494753
   0.999      0.7     0.48 0.498728
  0.9999      0.7     0.48 0.499181
       0      0.8 0.446667 0.466667
     0.2      0.8 0.323333 0.464874
     0.4      0.8    0.404 0.466151
     0.6      0.8 0.446667 0.468172
     0.8      0.8 0.446667 0.472568
     0.9      0.8 0.446667  0.47825
    0.95      0.8 0.446667 0.484485
    0.99      0.8 0.446667 0.494939
   0.999      0.8     0.48 0.498888
  0.9999      0.8     0.48 0.499337
       0      0.9 0.446667 0.466667
     0.2      0.9 0.331333 0.465612
     0.4      0.9     0.42 0.466741
     0.6      0.9 0.446667 0.468614
     0.8      0.9 0.446667 0.472859
     0.9      0.9 0.446667 0.478467
    0.95      0.9 0.446667 0.484662
    0.99      0.9 0.446667 0.495073
   0.999      0.9     0.48 0.499004
  0.9999      0.9     0.48 0.499452
       0        1 0.446667 0.466667
     0.2        1 0.341333 0.466061
     0.4        1 0.432667 0.467105
     0.6        1 0.446667 0.468891
     0.8        1 0.446667 0.473049
     0.9        1 0.446667 0.478614
    0.95        1 0.446667 0.484787
    0.99        1 0.446667 0.495171
   0.999        1     0.48 0.499092
  0.9999        1     0.48 0.499539
       0        2 0.446667 0.466667
     0.2        2 0.371333 0.467043
     0.4        2    0.446 0.467929
     0.6        2 0.446667 0.469555
     0.8        2 0.446667 0.473555
     0.9        2 0.446667 0.479044
    0.95        2 0.446667 0.485175
    0.99        2 0.446667 0.495501
   0.999        2 0.446667 0.499397
  0.9999        2     0.48 0.499841
       0        4 0.446667 0.466667
     0.2        4 0.380667 0.467178
     0.4        4 0.446667 0.468052
     0.6        4 0.446667 0.469667
     0.8        4 0.446667 0.473656
     0.9        4 0.446667 0.479141
    0.95        4 0.446667 0.485269
    0.99        4 0.446667 0.495587
   0.999        4 0.446667 0.499479
  0.9999        4 0.446667 0.499922