        0      0.05  0.482667  0.493333
      0.2      0.05     0.482     0.493
      0.4      0.05     0.482     0.493
      0.6      0.05     0.482     0.493
      0.8      0.05     0.482     0.493
      0.9      0.05     0.482     0.493
     0.95      0.05     0.482     0.493
     0.99      0.05     0.482     0.493
    0.999      0.05     0.482     0.493
   0.9999      0.05     0.482     0.493
        0       0.1  0.482667  0.493333
      0.2       0.1     0.126  0.124436
      0.4       0.1  0.128667   0.12777
      0.6       0.1  0.132667  0.130656
      0.8       0.1  0.133333  0.132609
      0.9       0.1  0.134667  0.133622
     0.95       0.1     0.136  0.134256
     0.99       0.1  0.131333    0.1311
    0.999       0.1     0.128  0.128368
   0.9999       0.1  0.128667  0.127508
        0      0.15  0.482667  0.493333
      0.2      0.15     0.122  0.118652
      0.4      0.15  0.122667  0.122581
      0.6      0.15     0.128  0.126254
      0.8      0.15  0.133333  0.129917
      0.9      0.15  0.133333   0.13024
     0.95      0.15      0.13  0.128448
     0.99      0.15  0.127333  0.126769
    0.999      0.15  0.137333  0.133722
   0.9999      0.15     0.146  0.147649
        0       0.2  0.482667  0.493333
      0.2       0.2  0.112667  0.115623
      0.4       0.2  0.120667  0.117856
      0.6       0.2     0.124  0.120945
      0.8       0.2  0.127333  0.124432
      0.9       0.2  0.125333  0.124823
     0.95       0.2     0.122  0.124809
     0.99       0.2  0.127333  0.128893
    0.999       0.2  0.142667  0.144688
   0.9999       0.2  0.154667  0.153021
        0       0.3  0.482667  0.493333
      0.2       0.3  0.111333  0.121529
      0.4       0.3      0.11  0.118132
      0.6       0.3     0.108  0.116762
      0.8       0.3     0.108  0.118193
      0.9       0.3  0.109333  0.120798
     0.95       0.3  0.107333  0.124863
     0.99       0.3  0.120667  0.145392
    0.999       0.3  0.138667  0.197371
   0.9999       0.3  0.160667  0.327165
        0       0.4  0.482667  0.493333
      0.2       0.4 0.0993333  0.125738
      0.4       0.4 0.0993333  0.124987
      0.6       0.4     0.104  0.124002
      0.8       0.4 0.0966667  0.126054
      0.9       0.4 0.0993333  0.134361
     0.95       0.4     0.094  0.150676
     0.99       0.4 0.0866667  0.233535
    0.999       0.4 0.0553333  0.421059
   0.9999       0.4 0.0433333  0.489843
        0       0.5  0.482667  0.493333
      0.2       0.5 0.0953333  0.143949
      0.4       0.5 0.0853333   0.14651
      0.6       0.5 0.0786667  0.152201
      0.8       0.5 0.0753333  0.170703
      0.9       0.5 0.0713333  0.204066
     0.95       0.5     0.066  0.253895
     0.99       0.5     0.046  0.393136
    0.999       0.5  0.102667  0.484741
   0.9999       0.5  0.483333  0.498219
        0       0.6  0.482667  0.493333
      0.2       0.6 0.0846667  0.178426
      0.4       0.6     0.078  0.188138
      0.6       0.6      0.07  0.206349
      0.8       0.6      0.06  0.250298
      0.9       0.6 0.0513333  0.307253
     0.95       0.6     0.048  0.366566
     0.99       0.6 0.0446667  0.459414
    0.999       0.6  0.455333  0.494909
   0.9999       0.6  0.488667  0.499293
        0       0.7  0.482667  0.493333
      0.2       0.7 0.0873333   0.22136
      0.4       0.7     0.074  0.238506
      0.6       0.7     0.064  0.267357
      0.8       0.7     0.058  0.324555
      0.9       0.7 0.0493333  0.380997
     0.95       0.7 0.0506667    0.4261
     0.99       0.7      0.11  0.479815
    0.999       0.7  0.473333  0.497417
   0.9999       0.7  0.488667   0.49959
        0       0.8  0.482667  0.493333
      0.2       0.8 0.0866667   0.26601
      0.4       0.8     0.076  0.288202
      0.6       0.8 0.0686667  0.321797
      0.8       0.8      0.06  0.378108
      0.9       0.8     0.054   0.42367
     0.95       0.8 0.0593333   0.45481
     0.99       0.8  0.205333  0.487693
    0.999       0.8  0.479333  0.498335
   0.9999       0.8  0.487333  0.499712
        0       0.9  0.482667  0.493333
      0.2       0.9 0.0846667   0.30739
      0.4       0.9 0.0773333  0.331424
      0.6       0.9 0.0693333   0.36466
      0.8       0.9 0.0633333  0.413599
      0.9       0.9 0.0646667  0.448185
     0.95       0.9 0.0793333  0.469733
     0.99       0.9  0.295333  0.491379
    0.999       0.9     0.482   0.49876
   0.9999       0.9  0.486667   0.49977
        0         1  0.482667  0.493333
      0.2         1 0.0873333  0.342657
      0.4         1 0.0793333  0.366048
      0.6         1     0.076  0.396192
      0.8         1 0.0706667  0.436577
      0.9         1     0.072  0.462631
     0.95         1 0.0986667  0.477999
     0.99         1      0.36  0.493309
    0.999         1  0.482667  0.498988
   0.9999         1     0.486  0.499804
        0         2  0.482667  0.493333
      0.2         2 0.0993333   0.46281
      0.4         2       0.1  0.469948
      0.6         2  0.104667  0.477453
      0.8         2  0.109333  0.485446
      0.9         2  0.133333  0.489852
     0.95         2  0.217333  0.492529
     0.99         2     0.482  0.496618
    0.999         2  0.482667  0.499441
   0.9999         2  0.482667  0.499909
        0         4  0.482667  0.493333
      0.2         4  0.112667  0.486376
      0.4         4     0.114  0.488128
      0.6         4  0.115333  0.489932
      0.8         4  0.122667  0.491889
      0.9         4     0.158  0.493146
     0.95         4     0.256   0.49422
     0.99         4  0.482667  0.497017
    0.999         4  0.482667  0.499513
   0.9999         4  0.482667   0.49994