        0      0.05  0.446667  0.466667
      0.2      0.05 0.0833333  0.124424
      0.4      0.05     0.088  0.135294
      0.6      0.05 0.0926667  0.153214
      0.8      0.05     0.098  0.193703
      0.9      0.05 0.0973333  0.248257
     0.95      0.05 0.0986667  0.312565
     0.99      0.05  0.143333  0.436802
    0.999      0.05  0.478667  0.491353
   0.9999      0.05      0.48  0.497975
        0       0.1  0.446667  0.466667
      0.2       0.1     0.102  0.200419
      0.4       0.1  0.100667  0.221851
      0.6       0.1  0.101333   0.25556
      0.8       0.1     0.102  0.318354
      0.9       0.1  0.113333  0.377603
     0.95       0.1      0.15  0.424144
     0.99       0.1  0.428667  0.479354
    0.999       0.1      0.48  0.496028
   0.9999       0.1      0.48  0.497832
        0      0.15  0.446667  0.466667
      0.2      0.15     0.096  0.274026
      0.4      0.15     0.096  0.299794
      0.6      0.15  0.103333   0.33553
      0.8      0.15  0.126667  0.389266
      0.9      0.15  0.194667  0.429464
     0.95      0.15  0.360667   0.45692
     0.99      0.15  0.446667  0.487454
    0.999      0.15      0.48  0.496575
   0.9999      0.15      0.48  0.497563
        0       0.2  0.446667  0.466667
      0.2       0.2       0.1  0.334016
      0.4       0.2     0.106  0.357489
      0.6       0.2  0.133333  0.386691
      0.8       0.2     0.206  0.425177
      0.9       0.2     0.366  0.451527
     0.95       0.2  0.439333  0.469397
     0.99       0.2  0.446667  0.490218
    0.999       0.2      0.48  0.496767
   0.9999       0.2      0.48  0.497487
        0       0.3  0.446667  0.466667
      0.2       0.3  0.175333  0.408929
      0.4       0.3  0.210667  0.421988
      0.6       0.3     0.264  0.436782
      0.8       0.3  0.400667  0.455137
      0.9       0.3  0.446667   0.46836
     0.95       0.3  0.446667  0.478562
     0.99       0.3  0.446667  0.492411
    0.999       0.3      0.48  0.497211
   0.9999       0.3      0.48   0.49775
        0       0.4  0.446667  0.466667
      0.2       0.4     0.258  0.441466
      0.4       0.4  0.306667  0.447922
      0.6       0.4  0.382667  0.455332
      0.8       0.4  0.442667  0.465376
      0.9       0.4  0.446667  0.474005
     0.95       0.4  0.446667  0.481753
     0.99       0.4  0.446667  0.493469
    0.999       0.4      0.48  0.497728
   0.9999       0.4      0.48   0.49821
        0       0.5  0.446667  0.466667
      0.2       0.5  0.322667  0.454655
      0.4       0.5  0.378667  0.458195
      0.6       0.5      0.42  0.462545
      0.8       0.5  0.446667  0.469355
      0.9       0.5  0.446667  0.476287
     0.95       0.5  0.446667  0.483152
     0.99       0.5  0.446667  0.494102
    0.999       0.5      0.48  0.498159
   0.9999       0.5      0.48   0.49862
        0       0.6  0.446667  0.466667
      0.2       0.6      0.36  0.460358
      0.4       0.6  0.398667  0.462628
      0.6       0.6     0.436   0.46567
      0.8       0.6  0.446667  0.471126
      0.9       0.6  0.446667  0.477359
     0.95       0.6  0.446667  0.483867
     0.99       0.6  0.446667  0.494503
    0.999       0.6      0.48  0.498477
   0.9999       0.6      0.48  0.498929
        0       0.7  0.446667  0.466667
      0.2       0.7  0.379333  0.463091
      0.4       0.7  0.415333  0.464763
      0.6       0.7  0.445333  0.467193
      0.8       0.7  0.446667  0.472021
      0.9       0.7  0.446667  0.477933
     0.95       0.7  0.446667  0.484276
     0.99       0.7  0.446667   0.49477
    0.999       0.7      0.48  0.498704
   0.9999       0.7      0.48  0.499152
        0       0.8  0.446667  0.466667
      0.2       0.8  0.388667  0.464534
      0.4       0.8  0.425333    0.4659
      0.6       0.8  0.446667  0.468017
      0.8       0.8  0.446667  0.472524
      0.9       0.8  0.446667  0.478272
     0.95       0.8  0.446667  0.484531
     0.99       0.8  0.446667  0.494953
    0.999       0.8      0.48  0.498868
   0.9999       0.8      0.48  0.499314
        0       0.9  0.446667  0.466667
      0.2       0.9  0.394667  0.465363
      0.4       0.9  0.431333  0.466558
      0.6       0.9  0.446667  0.468501
      0.8       0.9  0.446667   0.47283
      0.9       0.9  0.446667  0.478487
     0.95       0.9  0.446667  0.484701
     0.99       0.9  0.446667  0.495084
    0.999       0.9      0.48  0.498989
   0.9999       0.9      0.48  0.499433
        0         1  0.446667  0.466667
      0.2         1       0.4  0.465871
      0.4         1  0.434667  0.466966
      0.6         1  0.446667  0.468806
      0.8         1  0.446667  0.473029
      0.9         1  0.446667  0.478633
     0.95         1  0.446667   0.48482
     0.99         1  0.446667   0.49518
    0.999         1      0.48  0.499079
   0.9999         1      0.48  0.499523
        0         2  0.446667  0.466667
      0.2         2  0.423333  0.467006
      0.4         2  0.446667  0.467902
      0.6         2  0.446667  0.469539
      0.8         2  0.446667  0.473553
      0.9         2  0.446667   0.47905
     0.95         2  0.446667  0.485184
     0.99         2  0.446667  0.495504
    0.999         2  0.446667  0.499394
   0.9999         2      0.48  0.499836
        0         4  0.446667  0.466667
      0.2         4     0.428   0.46717
      0.4         4  0.446667  0.468046
      0.6         4  0.446667  0.469663
      0.8         4  0.446667  0.473656
      0.9         4  0.446667  0.479142
     0.95         4  0.446667  0.485271
     0.99         4  0.446667  0.495588
    0.999         4  0.446667  0.499478
   0.9999         4  0.446667  0.499921