        0      0.05      0.19      0.49
      0.2      0.05      0.19     0.366
      0.4      0.05      0.19     0.365
      0.6      0.05      0.19     0.365
      0.8      0.05      0.19     0.365
      0.9      0.05      0.19     0.365
     0.95      0.05      0.19     0.365
     0.99      0.05      0.19     0.365
    0.999      0.05      0.19  0.364333
   0.9999      0.05      0.19  0.364333
        0       0.1      0.19      0.49
      0.2       0.1 0.0526667 0.0532333
      0.4       0.1     0.054  0.053273
      0.6       0.1 0.0526667 0.0528094
      0.8       0.1 0.0526667 0.0527356
      0.9       0.1 0.0526667 0.0529138
     0.95       0.1 0.0533333 0.0532731
     0.99       0.1 0.0533333 0.0540406
    0.999       0.1 0.0553333 0.0542139
   0.9999       0.1 0.0546667 0.0546272
        0      0.15      0.19      0.49
      0.2      0.15 0.0493333  0.051463
      0.4      0.15 0.0526667 0.0529998
      0.6      0.15 0.0533333 0.0533395
      0.8      0.15 0.0533333 0.0535691
      0.9      0.15 0.0533333 0.0543379
     0.95      0.15 0.0566667 0.0547258
     0.99      0.15 0.0546667  0.053816
    0.999      0.15     0.048 0.0493318
   0.9999      0.15 0.0526667 0.0503788
        0       0.2      0.19      0.49
      0.2       0.2 0.0546667 0.0526067
      0.4       0.2 0.0506667 0.0521977
      0.6       0.2 0.0513333 0.0529851
      0.8       0.2 0.0526667  0.053922
      0.9       0.2 0.0566667 0.0542453
     0.95       0.2 0.0553333 0.0530974
     0.99       0.2 0.0513333 0.0499902
    0.999       0.2     0.048 0.0508287
   0.9999       0.2     0.054 0.0527349
        0       0.3      0.19      0.49
      0.2       0.3     0.056 0.0568787
      0.4       0.3 0.0486667 0.0537737
      0.6       0.3     0.052 0.0525979
      0.8       0.3 0.0506667 0.0517495
      0.9       0.3     0.046 0.0509389
     0.95       0.3     0.048 0.0504948
     0.99       0.3 0.0453333 0.0507056
    0.999       0.3     0.046 0.0514601
   0.9999       0.3 0.0366667 0.0540359
        0       0.4      0.19      0.49
      0.2       0.4 0.0646667 0.0702961
      0.4       0.4 0.0526667 0.0616558
      0.6       0.4 0.0486667 0.0574857
      0.8       0.4 0.0426667 0.0547798
      0.9       0.4 0.0446667 0.0533635
     0.95       0.4     0.044 0.0527912
     0.99       0.4 0.0373333 0.0548733
    0.999       0.4     0.032 0.0725749
   0.9999       0.4     0.034 0.0966123
        0       0.5      0.19      0.49
      0.2       0.5     0.076 0.0856058
      0.4       0.5 0.0646667 0.0760803
      0.6       0.5 0.0486667 0.0686214
      0.8       0.5 0.0453333 0.0642074
      0.9       0.5 0.0373333 0.0643519
     0.95       0.5 0.0353333 0.0675858
     0.99       0.5 0.0293333 0.0861087
    0.999       0.5 0.0326667   0.11853
   0.9999       0.5 0.0733333  0.127687
        0       0.6      0.19      0.49
      0.2       0.6 0.0853333   0.10117
      0.4       0.6     0.074 0.0929103
      0.6       0.6 0.0646667 0.0867499
      0.8       0.6     0.048 0.0849638
      0.9       0.6 0.0413333 0.0911227
     0.95       0.6 0.0386667  0.102954
     0.99       0.6 0.0313333  0.138911
    0.999       0.6 0.0613333  0.164152
   0.9999       0.6  0.111333  0.200374
        0       0.7      0.19      0.49
      0.2       0.7 0.0906667  0.119179
      0.4       0.7     0.082   0.11349
      0.6       0.7 0.0706667  0.111569
      0.8       0.7     0.052  0.118066
      0.9       0.7     0.048  0.133438
     0.95       0.7 0.0466667  0.153115
     0.99       0.7 0.0453333  0.189855
    0.999       0.7     0.098  0.222358
   0.9999       0.7     0.194  0.267232
        0       0.8      0.19      0.49
      0.2       0.8  0.101333  0.142053
      0.4       0.8 0.0846667  0.140412
      0.6       0.8 0.0786667  0.144352
      0.8       0.8      0.06  0.160737
      0.9       0.8 0.0533333   0.18293
     0.95       0.8 0.0493333   0.20421
     0.99       0.8 0.0653333   0.23716
    0.999       0.8  0.163333  0.278784
   0.9999       0.8  0.199333  0.304414
        0       0.9      0.19      0.49
      0.2       0.9     0.108  0.170007
      0.4       0.9 0.0953333   0.17328
      0.6       0.9 0.0813333  0.183067
      0.8       0.9 0.0666667  0.206418
      0.9       0.9 0.0566667  0.230465
     0.95       0.9 0.0593333  0.250209
     0.99       0.9     0.102  0.282637
    0.999       0.9     0.192  0.317866
   0.9999       0.9       0.2  0.329711
        0         1      0.19      0.49
      0.2         1      0.11  0.201262
      0.4         1  0.100667  0.209055
      0.6         1 0.0913333  0.223302
      0.8         1 0.0673333  0.249943
      0.9         1     0.066  0.273316
     0.95         1 0.0746667  0.291455
     0.99         1     0.142  0.321774
    0.999         1  0.196667    0.3457
   0.9999         1       0.2  0.351574
        0         2      0.19      0.49
      0.2         2     0.178  0.414585
      0.4         2     0.162  0.423236
      0.6         2     0.132   0.43257
      0.8         2  0.132667  0.442812
      0.9         2  0.186667  0.448644
     0.95         2      0.19  0.452325
     0.99         2      0.19  0.458167
    0.999         2       0.2  0.462126
   0.9999         2       0.2  0.462776
        0         4      0.19      0.49
      0.2         4  0.218667  0.474591
      0.4         4  0.196667  0.476512
      0.6         4  0.162667  0.478518
      0.8         4  0.187333  0.480811
      0.9         4      0.19  0.482498
     0.95         4      0.19  0.484153
     0.99         4      0.19  0.488398
    0.999         4      0.19  0.491467
   0.9999         4       0.2  0.491928