       0     0.05   0.4875   0.4875
       0      0.1   0.4875   0.4875
       0     0.15   0.4875   0.4875
       0      0.2   0.4875   0.4875
       0      0.3   0.4875   0.4875
       0      0.4   0.4875   0.4875
       0      0.5   0.4875   0.4875
       0      0.6   0.4875   0.4875
       0      0.7   0.4875   0.4875
       0      0.8   0.4875   0.4875
       0      0.9   0.4875   0.4875
       0        1   0.4875   0.4875
       0        2   0.4875   0.4875
       0        4   0.4875   0.4875
     0.2     0.05   0.5475 0.546845
     0.2      0.1    0.545  0.54088
     0.2     0.15   0.5525 0.546202
     0.2      0.2     0.55 0.545543
     0.2      0.3   0.5325 0.532713
     0.2      0.4   0.5125 0.524119
     0.2      0.5     0.51 0.520728
     0.2      0.6      0.5  0.51821
     0.2      0.7     0.51 0.514887
     0.2      0.8    0.515 0.511432
     0.2      0.9    0.515 0.508229
     0.2        1   0.5175  0.50535
     0.2        2   0.5075 0.491707
     0.2        4   0.5075 0.488346
     0.4     0.05   0.5475 0.544569
     0.4      0.1    0.545 0.541716
     0.4     0.15     0.55 0.544777
     0.4      0.2     0.55 0.544487
     0.4      0.3   0.5325 0.533352
     0.4      0.4     0.51 0.524924
     0.4      0.5   0.5075 0.519868
     0.4      0.6    0.505 0.516239
     0.4      0.7    0.515 0.512686
     0.4      0.8    0.515 0.509235
     0.4      0.9   0.5175 0.506081
     0.4        1    0.515 0.503293
     0.4        2   0.5175 0.491099
     0.4        4    0.515 0.488301
     0.6     0.05     0.54 0.540126
     0.6      0.1    0.545 0.540319
     0.6     0.15   0.5475 0.542233
     0.6      0.2    0.545 0.541399
     0.6      0.3   0.5275 0.530575
     0.6      0.4     0.52 0.523093
     0.6      0.5   0.5175 0.517604
     0.6      0.6     0.52 0.513267
     0.6      0.7    0.515 0.509508
     0.6      0.8     0.52 0.506116
     0.6      0.9    0.515 0.503119
     0.6        1     0.52 0.500562
     0.6        2   0.5225 0.490443
     0.6        4   0.5175 0.488362
     0.8     0.05     0.54  0.53835
     0.8      0.1   0.5325 0.534283
     0.8     0.15     0.54 0.537275
     0.8      0.2   0.5325 0.536763
     0.8      0.3   0.5175 0.523967
     0.8      0.4    0.525 0.517432
     0.8      0.5   0.5275 0.512236
     0.8      0.6   0.5175 0.507812
     0.8      0.7   0.5175 0.504178
     0.8      0.8     0.52 0.501126
     0.8      0.9   0.5175 0.498627
     0.8        1     0.52 0.496654
     0.8        2     0.52 0.489984
     0.8        4   0.5025 0.488842
     0.9     0.05     0.54 0.536654
     0.9      0.1     0.53 0.532345
     0.9     0.15   0.5375 0.534886
     0.9      0.2     0.54 0.532797
     0.9      0.3   0.5075 0.517274
     0.9      0.4    0.525 0.511171
     0.9      0.5   0.5125 0.506517
     0.9      0.6     0.51 0.502627
     0.9      0.7     0.52 0.499558
     0.9      0.8     0.52 0.497204
     0.9      0.9   0.5175 0.495462
     0.9        1   0.5125 0.494197
     0.9        2   0.4975 0.490431
     0.9        4     0.49 0.489889
    0.95     0.05   0.5325  0.53369
    0.95      0.1     0.54 0.534018
    0.95     0.15    0.535 0.533004
    0.95      0.2   0.5575 0.527986
    0.95      0.3    0.505 0.511209
    0.95      0.4   0.5075 0.505496
    0.95      0.5   0.5175 0.501544
    0.95      0.6   0.5225 0.498559
    0.95      0.7   0.5275 0.496451
    0.95      0.8   0.5175  0.49503
    0.95      0.9   0.5125 0.494086
    0.95        1   0.5175 0.493447
    0.95        2     0.49 0.491742
    0.95        4   0.4875 0.491557
    0.99     0.05     0.53  0.53034
    0.99      0.1    0.535 0.532476
    0.99     0.15   0.5425 0.525553
    0.99      0.2   0.5325 0.517814
    0.99      0.3    0.515 0.501124
    0.99      0.4   0.5025 0.497313
    0.99      0.5     0.49 0.496459
    0.99      0.6     0.48 0.496162
    0.99      0.7   0.4775 0.496079
    0.99      0.8   0.4825 0.496072
    0.99      0.9   0.4875 0.496091
    0.99        1   0.4875 0.496117
    0.99        2   0.4875  0.49631
    0.99        4   0.4875 0.496391
   0.999     0.05   0.5375  0.53594
   0.999      0.1    0.535 0.528456
   0.999     0.15    0.515 0.519443
   0.999      0.2     0.51 0.509752
   0.999      0.3   0.4825 0.495785
   0.999      0.4   0.4975 0.498189
   0.999      0.5   0.4975 0.498895
   0.999      0.6      0.5 0.499138
   0.999      0.7      0.5 0.499253
   0.999      0.8      0.5 0.499319
   0.999      0.9      0.5 0.499363
   0.999        1      0.5 0.499394
   0.999        2   0.4975 0.499494
   0.999        4   0.4875 0.499516
  0.9999     0.05   0.5375 0.535077
  0.9999      0.1   0.5175 0.522497
  0.9999     0.15   0.5275 0.514853
  0.9999      0.2   0.5225 0.501749
  0.9999      0.3      0.5 0.498825
  0.9999      0.4      0.5 0.499755
  0.9999      0.5      0.5  0.49987
  0.9999      0.6      0.5 0.499904
  0.9999      0.7      0.5 0.499919
  0.9999      0.8      0.5 0.499927
  0.9999      0.9      0.5 0.499932
  0.9999        1      0.5 0.499936
  0.9999        2      0.5 0.499947
  0.9999        4      0.5  0.49995