       0     0.05     0.83 0.827778
     0.2     0.05    0.682    0.686
     0.4     0.05 0.678667 0.684889
     0.6     0.05 0.678667 0.683778
     0.8     0.05 0.678667 0.681556
     0.9     0.05 0.677333 0.681556
    0.95     0.05 0.677333 0.681556
    0.99     0.05 0.675333 0.681667
   0.999     0.05 0.675333 0.678333
  0.9999     0.05 0.675333 0.677444
       0      0.1     0.83 0.827778
     0.2      0.1     0.62 0.603753
     0.4      0.1 0.619333 0.603932
     0.6      0.1 0.618667 0.603447
     0.8      0.1    0.618 0.602758
     0.9      0.1 0.616667 0.601772
    0.95      0.1 0.614667 0.600825
    0.99      0.1    0.612 0.598717
   0.999      0.1 0.592667 0.583007
  0.9999      0.1    0.594 0.585615
       0     0.15     0.83 0.827778
     0.2     0.15    0.622 0.620092
     0.4     0.15 0.619333 0.619719
     0.6     0.15     0.62 0.618983
     0.8     0.15    0.618 0.616594
     0.9     0.15    0.614 0.613146
    0.95     0.15    0.614 0.611496
    0.99     0.15    0.606 0.601345
   0.999     0.15 0.590667 0.595022
  0.9999     0.15 0.588667 0.590486
       0      0.2     0.83 0.827778
     0.2      0.2    0.624 0.626109
     0.4      0.2 0.622667 0.619079
     0.6      0.2 0.619333 0.618797
     0.8      0.2    0.618 0.615684
     0.9      0.2    0.612 0.611655
    0.95      0.2 0.609333 0.609649
    0.99      0.2    0.602 0.600579
   0.999      0.2 0.588667 0.593761
  0.9999      0.2 0.593333 0.598986
       0      0.3     0.83 0.827778
     0.2      0.3 0.659333 0.656287
     0.4      0.3    0.638 0.636847
     0.6      0.3    0.618 0.622503
     0.8      0.3    0.618 0.612594
     0.9      0.3    0.608  0.60857
    0.95      0.3 0.607333 0.604963
    0.99      0.3    0.586 0.594351
   0.999      0.3 0.589333 0.605896
  0.9999      0.3 0.616667 0.619674
       0      0.4     0.83 0.827778
     0.2      0.4 0.664667 0.660906
     0.4      0.4    0.662 0.656596
     0.6      0.4 0.646667 0.640448
     0.8      0.4    0.618 0.617052
     0.9      0.4    0.608 0.603465
    0.95      0.4 0.602667 0.597299
    0.99      0.4 0.576667 0.593299
   0.999      0.4 0.601333 0.610894
  0.9999      0.4 0.606667 0.609385
       0      0.5     0.83 0.827778
     0.2      0.5 0.639333 0.658377
     0.4      0.5 0.660667 0.657416
     0.6      0.5 0.663333 0.649081
     0.8      0.5 0.638667 0.627834
     0.9      0.5 0.612667 0.610343
    0.95      0.5 0.583333  0.60012
    0.99      0.5 0.567333 0.599493
   0.999      0.5    0.548 0.601946
  0.9999      0.5    0.548 0.598325
       0      0.6     0.83 0.827778
     0.2      0.6 0.638667 0.659282
     0.4      0.6    0.636 0.660471
     0.6      0.6    0.642 0.653748
     0.8      0.6     0.65  0.63791
     0.9      0.6 0.629333  0.62335
    0.95      0.6 0.563333 0.613736
    0.99      0.6 0.529333 0.611656
   0.999      0.6 0.630667 0.631096
  0.9999      0.6    0.628 0.694935
       0      0.7     0.83 0.827778
     0.2      0.7 0.643333 0.663288
     0.4      0.7 0.641333 0.664619
     0.6      0.7 0.634667 0.661397
     0.8      0.7 0.617333 0.648232
     0.9      0.7 0.606667 0.638028
    0.95      0.7 0.604667  0.63382
    0.99      0.7 0.620667 0.649427
   0.999      0.7 0.670667 0.711351
  0.9999      0.7 0.710667 0.778876
       0      0.8     0.83 0.827778
     0.2      0.8 0.647333 0.669859
     0.4      0.8 0.645333 0.671335
     0.6      0.8 0.641333 0.670715
     0.8      0.8     0.63 0.665252
     0.9      0.8     0.62 0.664015
    0.95      0.8 0.626667 0.671071
    0.99      0.8    0.692  0.70735
   0.999      0.8 0.735333 0.770496
  0.9999      0.8 0.828667 0.812067
       0      0.9     0.83 0.827778
     0.2      0.9    0.652  0.67884
     0.4      0.9 0.650667 0.681497
     0.6      0.9 0.649333 0.683967
     0.8      0.9 0.640667  0.68853
     0.9      0.9    0.636 0.697859
    0.95      0.9    0.648 0.712194
    0.99      0.9 0.706667 0.751658
   0.999      0.9 0.793333 0.800474
  0.9999      0.9 0.794667 0.822551
       0        1     0.83 0.827778
     0.2        1 0.659333 0.690347
     0.4        1 0.657333 0.694777
     0.6        1 0.652667 0.700683
     0.8        1    0.646 0.712482
     0.9        1 0.650667 0.726878
    0.95        1 0.700667 0.742614
    0.99        1 0.718667 0.778311
   0.999        1 0.773333 0.812984
  0.9999        1 0.833333 0.828513
       0        2     0.83 0.827778
     0.2        2 0.743333 0.787369
     0.4        2 0.755333 0.793632
     0.6        2 0.775333 0.801372
     0.8        2 0.815333 0.811734
     0.9        2 0.829333 0.818834
    0.95        2     0.83 0.823388
    0.99        2     0.83 0.828668
   0.999        2 0.833333 0.832239
  0.9999        2 0.833333 0.833201
       0        4     0.83 0.827778
     0.2        4     0.83 0.822802
     0.4        4     0.83 0.824161
     0.6        4     0.83 0.825593
     0.8        4     0.83 0.827147
     0.9        4     0.83 0.828057
    0.95        4     0.83 0.828699
    0.99        4     0.83 0.830305
   0.999        4 0.833333 0.832656
  0.9999        4 0.833333 0.833256