       0     0.05 0.473333 0.493333
     0.2     0.05    0.162 0.184706
     0.4     0.05 0.161333 0.191655
     0.6     0.05 0.160667 0.204717
     0.8     0.05 0.156667 0.236766
     0.9     0.05 0.157333 0.281725
    0.95     0.05 0.182667 0.336136
    0.99     0.05 0.205333 0.443788
   0.999     0.05    0.428 0.492368
  0.9999     0.05     0.48 0.498444
       0      0.1 0.473333 0.493333
     0.2      0.1 0.158667 0.234943
     0.4      0.1 0.156667 0.254646
     0.6      0.1    0.154 0.285575
     0.8      0.1 0.181333 0.342987
     0.9      0.1 0.205333 0.396282
    0.95      0.1 0.204667 0.436681
    0.99      0.1     0.42 0.482291
   0.999      0.1 0.475333 0.496586
  0.9999      0.1     0.48 0.498259
       0     0.15 0.473333 0.493333
     0.2     0.15 0.143333 0.303216
     0.4     0.15    0.154 0.327774
     0.6     0.15 0.194667 0.361554
     0.8     0.15 0.203333 0.411246
     0.9     0.15 0.204667 0.446267
    0.95     0.15    0.306 0.467999
    0.99     0.15 0.473333 0.489842
   0.999     0.15 0.479333 0.497032
  0.9999     0.15     0.48  0.49794
       0      0.2 0.473333 0.493333
     0.2      0.2 0.169333 0.363032
     0.4      0.2 0.195333 0.385257
     0.6      0.2 0.200667 0.412553
     0.8      0.2 0.205333 0.446943
     0.9      0.2 0.332667 0.467952
    0.95      0.2    0.454 0.480066
    0.99      0.2 0.473333 0.492404
   0.999      0.2     0.48  0.49715
  0.9999      0.2     0.48 0.497805
       0      0.3 0.473333 0.493333
     0.2      0.3 0.198667 0.437919
     0.4      0.3      0.2 0.449729
     0.6      0.3    0.246 0.462513
     0.8      0.3 0.422667 0.476522
     0.9      0.3 0.473333  0.48429
    0.95      0.3 0.473333 0.488769
    0.99      0.3 0.473333 0.494371
   0.999      0.3     0.48 0.497497
  0.9999      0.3     0.48 0.497986
       0      0.4 0.473333 0.493333
     0.2      0.4 0.239333 0.469789
     0.4      0.4 0.293333 0.475037
     0.6      0.4 0.398667 0.480493
     0.8      0.4 0.473333 0.486283
     0.9      0.4 0.473333 0.489545
    0.95      0.4 0.473333  0.49165
    0.99      0.4 0.473333 0.495288
   0.999      0.4    0.476 0.497953
  0.9999      0.4     0.48 0.498393
       0      0.5 0.473333 0.493333
     0.2      0.5 0.306667 0.482325
     0.4      0.5 0.389333 0.484748
     0.6      0.5    0.454  0.48725
     0.8      0.5 0.473333  0.48994
     0.9      0.5 0.473333 0.491585
    0.95      0.5 0.473333 0.492863
    0.99      0.5 0.473333 0.495829
   0.999      0.5 0.473333 0.498339
  0.9999      0.5     0.48 0.498762
       0      0.6 0.473333 0.493333
     0.2      0.6 0.367333 0.487584
     0.4      0.6 0.435333 0.488809
     0.6      0.6 0.466667 0.490086
     0.8      0.6 0.473333 0.491517
     0.9      0.6 0.473333 0.492518
    0.95      0.6 0.473333 0.493469
    0.99      0.6 0.473333 0.496172
   0.999      0.6 0.473333 0.498622
  0.9999      0.6     0.48  0.49904
       0      0.7 0.473333 0.493333
     0.2      0.7 0.397333 0.490029
     0.4      0.7    0.452 0.490707
     0.6      0.7 0.473333 0.491429
     0.8      0.7 0.473333 0.492295
     0.9      0.7 0.473333 0.493008
    0.95      0.7 0.473333 0.493814
    0.99      0.7 0.473333 0.496399
   0.999      0.7 0.473333 0.498825
  0.9999      0.7     0.48  0.49924
       0      0.8 0.473333 0.493333
     0.2      0.8 0.415333 0.491282
     0.4      0.8    0.456 0.491689
     0.6      0.8 0.473333 0.492135
     0.8      0.8 0.473333 0.492723
     0.9      0.8 0.473333 0.493294
    0.95      0.8 0.473333 0.494028
    0.99      0.8 0.473333 0.496556
   0.999      0.8 0.473333  0.49897
  0.9999      0.8     0.48 0.499384
       0      0.9 0.473333 0.493333
     0.2      0.9    0.424 0.491979
     0.4      0.9 0.458667 0.492241
     0.6      0.9 0.473333 0.492541
     0.8      0.9 0.473333  0.49298
     0.9      0.9 0.473333 0.493476
    0.95      0.9 0.473333 0.494171
    0.99      0.9 0.473333 0.496668
   0.999      0.9 0.473333 0.499077
  0.9999      0.9     0.48 0.499491
       0        1 0.473333 0.493333
     0.2        1 0.427333 0.492394
     0.4        1 0.461333 0.492574
     0.6        1 0.473333 0.492791
     0.8        1 0.473333 0.493145
     0.9        1 0.473333 0.493598
    0.95        1 0.473333 0.494272
    0.99        1 0.473333 0.496751
   0.999        1 0.473333 0.499157
  0.9999        1     0.48 0.499571
       0        2 0.473333 0.493333
     0.2        2 0.437333  0.49324
     0.4        2 0.467333  0.49328
     0.6        2 0.473333 0.493356
     0.8        2 0.473333 0.493567
     0.9        2 0.473333 0.493946
    0.95        2 0.473333 0.494582
    0.99        2 0.473333  0.49703
   0.999        2 0.473333 0.499435
  0.9999        2 0.473333  0.49985
       0        4 0.473333 0.493333
     0.2        4 0.441333 0.493334
     0.4        4 0.470667  0.49337
     0.6        4 0.473333 0.493441
     0.8        4 0.473333 0.493647
     0.9        4 0.473333 0.494023
    0.95        4 0.473333 0.494657
    0.99        4 0.473333 0.497103
   0.999        4 0.473333 0.499509
  0.9999        4 0.473333 0.499925