       0     0.05    0.375    0.375
       0      0.1    0.375    0.375
       0     0.15    0.375    0.375
       0      0.2    0.375    0.375
       0      0.3    0.375    0.375
       0      0.4    0.375    0.375
       0      0.5    0.375    0.375
       0      0.6    0.375    0.375
       0      0.7    0.375    0.375
       0      0.8    0.375    0.375
       0      0.9    0.375    0.375
       0        1    0.375    0.375
       0        2    0.375    0.375
       0        4    0.375    0.375
     0.2     0.05    0.345 0.344027
     0.2      0.1     0.35 0.348102
     0.2     0.15    0.345 0.350027
     0.2      0.2     0.35 0.349052
     0.2      0.3   0.3275 0.344609
     0.2      0.4   0.3175 0.348569
     0.2      0.5   0.3225 0.354111
     0.2      0.6   0.3225 0.358895
     0.2      0.7     0.33 0.363391
     0.2      0.8   0.3325 0.367347
     0.2      0.9     0.34 0.370429
     0.2        1   0.3575 0.372735
     0.2        2   0.3725 0.380596
     0.2        4    0.375 0.382003
     0.4     0.05   0.3425 0.344045
     0.4      0.1    0.345  0.34853
     0.4     0.15   0.3375 0.350987
     0.4      0.2    0.345 0.352019
     0.4      0.3     0.33 0.354232
     0.4      0.4    0.325 0.360312
     0.4      0.5     0.32 0.366344
     0.4      0.6     0.33 0.371216
     0.4      0.7   0.3375 0.375591
     0.4      0.8   0.3425 0.379237
     0.4      0.9   0.3525 0.382001
     0.4        1   0.3575 0.384056
     0.4        2   0.3725 0.391185
     0.4        4   0.3725 0.392534
     0.6     0.05   0.3425 0.344719
     0.6      0.1    0.345 0.349115
     0.6     0.15   0.3375 0.352715
     0.6      0.2   0.3425 0.355486
     0.6      0.3    0.335 0.366125
     0.6      0.4   0.3275 0.376453
     0.6      0.5   0.3225 0.383617
     0.6      0.6    0.335 0.388841
     0.6      0.7   0.3475 0.393174
     0.6      0.8   0.3575 0.396571
     0.6      0.9     0.36  0.39908
     0.6        1    0.355 0.400933
     0.6        2   0.3825 0.407437
     0.6        4    0.375 0.408786
     0.8     0.05   0.3425 0.344975
     0.8      0.1   0.3425 0.349978
     0.8     0.15    0.345 0.356207
     0.8      0.2   0.3425 0.363103
     0.8      0.3     0.34 0.387632
     0.8      0.4   0.3225 0.404413
     0.8      0.5     0.34  0.41319
     0.8      0.6   0.3525 0.418864
     0.8      0.7   0.3525 0.423097
     0.8      0.8   0.3575 0.426208
     0.8      0.9     0.36 0.428446
     0.8        1    0.365 0.430084
     0.8        2    0.365 0.435873
     0.8        4    0.355 0.437224
     0.9     0.05     0.34 0.344253
     0.9      0.1    0.345 0.351419
     0.9     0.15    0.345 0.360293
     0.9      0.2     0.35   0.3733
     0.9      0.3   0.3375 0.410713
     0.9      0.4     0.33 0.430976
     0.9      0.5   0.3325 0.440106
     0.9      0.6     0.36 0.445574
     0.9      0.7    0.345   0.4494
     0.9      0.8   0.3675 0.452091
     0.9      0.9   0.3625 0.453977
     0.9        1     0.36 0.455336
     0.9        2   0.3675 0.460157
     0.9        4   0.3725 0.461322
    0.95     0.05   0.3375 0.343426
    0.95      0.1   0.3475 0.353099
    0.95     0.15   0.3525 0.365206
    0.95      0.2   0.3575 0.386279
    0.95      0.3   0.3525 0.433151
    0.95      0.4    0.355  0.45342
    0.95      0.5   0.3325 0.461545
    0.95      0.6   0.3575 0.466188
    0.95      0.7   0.3675  0.46927
    0.95      0.8    0.355 0.471339
    0.95      0.9     0.36  0.47274
    0.95        1   0.3575 0.473732
    0.95        2     0.37 0.477284
    0.95        4    0.375 0.478117
    0.99     0.05   0.3375 0.344124
    0.99      0.1     0.35 0.357862
    0.99     0.15   0.3725 0.380253
    0.99      0.2   0.3675 0.424058
    0.99      0.3     0.41 0.472742
    0.99      0.4   0.4125 0.484856
    0.99      0.5   0.3825 0.488936
    0.99      0.6   0.3525 0.491017
    0.99      0.7    0.345  0.49221
    0.99      0.8     0.36 0.492927
    0.99      0.9   0.3625 0.493389
    0.99        1     0.37 0.493715
    0.99        2    0.375 0.494871
    0.99        4    0.375 0.495108
   0.999     0.05    0.345 0.348114
   0.999      0.1    0.365 0.371072
   0.999     0.15    0.395 0.415091
   0.999      0.2   0.4525 0.468974
   0.999      0.3   0.4875 0.493853
   0.999      0.4    0.495  0.49764
   0.999      0.5    0.495 0.498639
   0.999      0.6   0.3675 0.498977
   0.999      0.7    0.475  0.49914
   0.999      0.8   0.4925 0.499234
   0.999      0.9   0.4975 0.499293
   0.999        1   0.4975 0.499334
   0.999        2      0.5 0.499471
   0.999        4     0.48 0.499497
  0.9999     0.05    0.345 0.349277
  0.9999      0.1     0.38 0.377803
  0.9999     0.15   0.4175 0.450347
  0.9999      0.2    0.495 0.489196
  0.9999      0.3    0.495 0.498107
  0.9999      0.4      0.5 0.499653
  0.9999      0.5      0.5 0.499854
  0.9999      0.6   0.4975 0.499895
  0.9999      0.7      0.5 0.499913
  0.9999      0.8      0.5 0.499923
  0.9999      0.9      0.5 0.499929
  0.9999        1      0.5 0.499933
  0.9999        2      0.5 0.499947
  0.9999        4      0.5  0.49995