        0      0.05  0.196667  0.496667
      0.2      0.05  0.196667     0.362
      0.4      0.05  0.196667  0.361333
      0.6      0.05  0.196667  0.361333
      0.8      0.05  0.196667  0.360667
      0.9      0.05  0.196667  0.360333
     0.95      0.05  0.196667  0.360333
     0.99      0.05  0.196667  0.360333
    0.999      0.05  0.196667  0.359667
   0.9999      0.05  0.196667  0.359667
        0       0.1  0.196667  0.496667
      0.2       0.1     0.286  0.286177
      0.4       0.1  0.287333  0.286318
      0.6       0.1     0.286  0.286198
      0.8       0.1     0.288  0.285824
      0.9       0.1  0.283333  0.285436
     0.95       0.1  0.283333  0.285683
     0.99       0.1  0.289333  0.288232
    0.999       0.1  0.291333   0.28957
   0.9999       0.1     0.288  0.286854
        0      0.15  0.196667  0.496667
      0.2      0.15  0.293333  0.291313
      0.4      0.15  0.285333  0.285756
      0.6      0.15  0.285333  0.285288
      0.8      0.15  0.288667  0.285904
      0.9      0.15  0.286667  0.287022
     0.95      0.15  0.287333  0.287908
     0.99      0.15     0.292  0.287188
    0.999      0.15     0.278  0.278462
   0.9999      0.15     0.272  0.270476
        0       0.2  0.196667  0.496667
      0.2       0.2     0.302  0.298686
      0.4       0.2     0.294  0.291908
      0.6       0.2  0.285333  0.286418
      0.8       0.2  0.284667  0.285881
      0.9       0.2  0.285333  0.286612
     0.95       0.2  0.289333  0.286443
     0.99       0.2  0.276667  0.280578
    0.999       0.2  0.263333   0.26073
   0.9999       0.2  0.247333  0.249061
        0       0.3  0.196667  0.496667
      0.2       0.3     0.312  0.307835
      0.4       0.3  0.303333  0.301161
      0.6       0.3  0.297333  0.295684
      0.8       0.3  0.293333  0.289711
      0.9       0.3  0.285333  0.285418
     0.95       0.3  0.282667  0.281481
     0.99       0.3  0.269333  0.269106
    0.999       0.3  0.242667  0.255052
   0.9999       0.3  0.237333  0.248382
        0       0.4  0.196667  0.496667
      0.2       0.4     0.316  0.319263
      0.4       0.4     0.314  0.314134
      0.6       0.4  0.304667   0.30661
      0.8       0.4     0.302  0.299275
      0.9       0.4     0.302  0.294823
     0.95       0.4     0.306  0.290999
     0.99       0.4  0.297333  0.282403
    0.999       0.4  0.243333  0.270107
   0.9999       0.4  0.222667  0.233883
        0       0.5  0.196667  0.496667
      0.2       0.5  0.329333  0.330626
      0.4       0.5  0.323333  0.327553
      0.6       0.5  0.316667  0.321637
      0.8       0.5  0.309333  0.313635
      0.9       0.5     0.306  0.308075
     0.95       0.5  0.306667  0.303722
     0.99       0.5  0.274667  0.288914
    0.999       0.5  0.217333  0.232015
   0.9999       0.5     0.068  0.189765
        0       0.6  0.196667  0.496667
      0.2       0.6  0.338667  0.343751
      0.4       0.6  0.327333  0.339774
      0.6       0.6     0.318  0.333465
      0.8       0.6     0.304  0.323308
      0.9       0.6  0.292667   0.31463
     0.95       0.6  0.276667  0.305506
     0.99       0.6  0.228667  0.271507
    0.999       0.6 0.0506667   0.22379
   0.9999       0.6  0.189333  0.238715
        0       0.7  0.196667  0.496667
      0.2       0.7  0.341333  0.358308
      0.4       0.7  0.331333  0.351302
      0.6       0.7  0.317333  0.343147
      0.8       0.7  0.292667  0.330668
      0.9       0.7      0.27  0.318969
     0.95       0.7  0.248667  0.306011
     0.99       0.7  0.101333  0.272309
    0.999       0.7  0.174667  0.261702
   0.9999       0.7  0.198667  0.275376
        0       0.8  0.196667  0.496667
      0.2       0.8  0.351333  0.372202
      0.4       0.8  0.333333  0.363632
      0.6       0.8     0.316  0.354727
      0.8       0.8  0.282667  0.341724
      0.9       0.8  0.247333  0.329169
     0.95       0.8  0.224667  0.316403
     0.99       0.8     0.102  0.295213
    0.999       0.8  0.194667  0.297705
   0.9999       0.8  0.199333  0.303296
        0       0.9  0.196667  0.496667
      0.2       0.9  0.361333  0.383956
      0.4       0.9  0.342667    0.3755
      0.6       0.9  0.317333  0.366928
      0.8       0.9  0.276667  0.354751
      0.9       0.9     0.236  0.343637
     0.95       0.9  0.195333  0.334025
     0.99       0.9  0.169333    0.3237
    0.999       0.9     0.198  0.327408
   0.9999       0.9       0.2  0.329893
        0         1  0.196667  0.496667
      0.2         1  0.364667  0.393841
      0.4         1      0.35  0.386316
      0.6         1  0.318667   0.37872
      0.8         1     0.272  0.368531
      0.9         1  0.227333  0.360304
     0.95         1  0.111333  0.354374
     0.99         1     0.184  0.350351
    0.999         1  0.198667  0.353462
   0.9999         1       0.2  0.354834
        0         2  0.196667  0.496667
      0.2         2     0.362  0.454436
      0.4         2     0.334  0.455919
      0.6         2  0.295333  0.457965
      0.8         2  0.244667  0.460741
      0.9         2  0.189333  0.462524
     0.95         2  0.195333  0.463646
     0.99         2  0.196667  0.465392
    0.999         2  0.196667  0.467134
   0.9999         2       0.2  0.467546
        0         4  0.196667  0.496667
      0.2         4      0.35  0.484959
      0.4         4  0.330667  0.486119
      0.6         4  0.299333  0.487354
      0.8         4     0.238  0.488698
      0.9         4  0.196667  0.489474
     0.95         4  0.196667  0.490008
     0.99         4  0.196667  0.491248
    0.999         4  0.196667  0.492873
   0.9999         4       0.2  0.493258