       0     0.05     0.49     0.49
     0.2     0.05     0.49     0.49
     0.4     0.05     0.49     0.49
     0.6     0.05     0.49     0.49
     0.8     0.05     0.49     0.49
     0.9     0.05     0.49     0.49
    0.95     0.05     0.49     0.49
    0.99     0.05     0.49     0.49
   0.999     0.05     0.49     0.49
  0.9999     0.05     0.49     0.49
       0      0.1     0.49     0.49
     0.2      0.1 0.468667 0.472182
     0.4      0.1    0.468 0.471215
     0.6      0.1    0.466 0.470009
     0.8      0.1 0.469333 0.469557
     0.9      0.1 0.472667 0.470697
    0.95      0.1 0.471333 0.472176
    0.99      0.1    0.474 0.474596
   0.999      0.1    0.476 0.477796
  0.9999      0.1 0.478667 0.478141
       0     0.15     0.49     0.49
     0.2     0.15 0.460667 0.465717
     0.4     0.15    0.464 0.468964
     0.6     0.15    0.466 0.470675
     0.8     0.15 0.468667 0.472079
     0.9     0.15     0.47 0.473627
    0.95     0.15    0.478 0.475372
    0.99     0.15 0.477333 0.479436
   0.999     0.15 0.489333 0.485493
  0.9999     0.15     0.49 0.493727
       0      0.2     0.49     0.49
     0.2      0.2 0.443333 0.453711
     0.4      0.2 0.450667 0.460999
     0.6      0.2 0.459333 0.466194
     0.8      0.2    0.464 0.471226
     0.9      0.2 0.473333 0.474705
    0.95      0.2    0.474 0.477459
    0.99      0.2 0.485333 0.482152
   0.999      0.2 0.501333 0.486905
  0.9999      0.2 0.495333 0.488206
       0      0.3     0.49     0.49
     0.2      0.3 0.399333 0.432478
     0.4      0.3 0.414667 0.442752
     0.6      0.3 0.418667 0.452071
     0.8      0.3 0.441333 0.463344
     0.9      0.3 0.462667 0.471755
    0.95      0.3    0.478 0.478326
    0.99      0.3    0.488 0.488949
   0.999      0.3 0.496667 0.496979
  0.9999      0.3      0.5 0.499443
       0      0.4     0.49     0.49
     0.2      0.4    0.376 0.431508
     0.4      0.4 0.385333 0.442593
     0.6      0.4    0.406 0.454973
     0.8      0.4 0.463333 0.470051
     0.9      0.4 0.478667 0.479759
    0.95      0.4 0.485333  0.48606
    0.99      0.4     0.49 0.494379
   0.999      0.4 0.499333 0.499032
  0.9999      0.4      0.5  0.49989
       0      0.5     0.49     0.49
     0.2      0.5 0.359333 0.442492
     0.4      0.5 0.361333 0.452417
     0.6      0.5 0.385333 0.463431
     0.8      0.5 0.456667 0.476173
     0.9      0.5    0.482  0.48383
    0.95      0.5 0.488667 0.488691
    0.99      0.5     0.49 0.495519
   0.999      0.5 0.499333 0.499331
  0.9999      0.5      0.5 0.499929
       0      0.6     0.49     0.49
     0.2      0.6 0.346667 0.453759
     0.4      0.6 0.349333 0.461867
     0.6      0.6 0.377333 0.470643
     0.8      0.6 0.442667 0.480446
     0.9      0.6 0.485333 0.486242
    0.95      0.6     0.49  0.49006
    0.99      0.6     0.49 0.496008
   0.999      0.6 0.499333 0.499432
  0.9999      0.6      0.5  0.49994
       0      0.7     0.49     0.49
     0.2      0.7    0.336 0.462252
     0.4      0.7 0.342667 0.468718
     0.6      0.7 0.372667 0.475601
     0.8      0.7 0.440667 0.483173
     0.9      0.7    0.486 0.487697
    0.95      0.7     0.49 0.490844
    0.99      0.7     0.49  0.49625
   0.999      0.7 0.497333 0.499475
  0.9999      0.7      0.5 0.499945
       0      0.8     0.49     0.49
     0.2      0.8 0.335333 0.468299
     0.4      0.8 0.341333  0.47349
     0.6      0.8    0.364 0.478963
     0.8      0.8 0.439333 0.484961
     0.9      0.8    0.488 0.488626
    0.95      0.8     0.49 0.491329
    0.99      0.8     0.49 0.496382
   0.999      0.8     0.49 0.499496
  0.9999      0.8      0.5 0.499947
       0      0.9     0.49     0.49
     0.2      0.9    0.332 0.472642
     0.4      0.9     0.34 0.476873
     0.6      0.9 0.356667 0.481311
     0.8      0.9 0.439333 0.486186
     0.9      0.9 0.488667 0.489254
    0.95      0.9     0.49  0.49165
    0.99      0.9     0.49 0.496459
   0.999      0.9     0.49 0.499507
  0.9999      0.9      0.5 0.499949
       0        1     0.49     0.49
     0.2        1    0.326 0.475833
     0.4        1    0.336 0.479337
     0.6        1 0.355333 0.483005
     0.8        1 0.438667 0.487061
     0.9        1 0.488667 0.489698
    0.95        1     0.49 0.491873
    0.99        1     0.49 0.496508
   0.999        1     0.49 0.499513
  0.9999        1      0.5 0.499949
       0        2     0.49     0.49
     0.2        2 0.313333 0.486418
     0.4        2 0.327333   0.4874
     0.6        2 0.345333 0.488466
     0.8        2 0.434667  0.48983
     0.9        2    0.488 0.491079
    0.95        2     0.49 0.492545
    0.99        2     0.49 0.496622
   0.999        2     0.49 0.499524
  0.9999        2      0.5  0.49995
       0        4     0.49     0.49
     0.2        4 0.310667 0.489138
     0.4        4    0.324 0.489447
     0.6        4 0.345333 0.489835
     0.8        4     0.43 0.490514
     0.9        4 0.486667 0.491415
    0.95        4     0.49 0.492703
    0.99        4     0.49 0.496641
   0.999        4     0.49 0.499524
  0.9999        4     0.49  0.49995