        0      0.05  0.193333  0.493333
      0.2      0.05  0.193333  0.376667
      0.4      0.05  0.193333  0.376667
      0.6      0.05  0.193333  0.376667
      0.8      0.05  0.193333  0.376667
      0.9      0.05  0.193333  0.376667
     0.95      0.05  0.193333  0.376667
     0.99      0.05  0.193333  0.376667
    0.999      0.05  0.193333  0.375667
   0.9999      0.05  0.193333  0.375667
        0       0.1  0.193333  0.493333
      0.2       0.1     0.158  0.159389
      0.4       0.1  0.165333  0.163783
      0.6       0.1     0.166  0.165973
      0.8       0.1  0.166667   0.16736
      0.9       0.1  0.164667  0.166217
     0.95       0.1     0.166  0.165953
     0.99       0.1     0.166  0.165689
    0.999       0.1     0.162  0.162448
   0.9999       0.1     0.162  0.160759
        0      0.15  0.193333  0.493333
      0.2      0.15     0.164  0.163718
      0.4      0.15      0.16  0.159589
      0.6      0.15  0.166667  0.163136
      0.8      0.15  0.169333  0.165199
      0.9      0.15  0.166667  0.164314
     0.95      0.15  0.165333  0.162873
     0.99      0.15  0.161333  0.155958
    0.999      0.15     0.156  0.128068
   0.9999      0.15 0.0733333 0.0860128
        0       0.2  0.193333  0.493333
      0.2       0.2     0.154  0.164496
      0.4       0.2  0.145333  0.159517
      0.6       0.2     0.158  0.156586
      0.8       0.2     0.166  0.153655
      0.9       0.2  0.164667  0.150127
     0.95       0.2  0.162667  0.144688
     0.99       0.2  0.158667  0.122764
    0.999       0.2 0.0753333 0.0850763
   0.9999       0.2 0.0753333 0.0773859
        0       0.3  0.193333  0.493333
      0.2       0.3  0.173333  0.171652
      0.4       0.3  0.163333  0.167273
      0.6       0.3  0.146667  0.161286
      0.8       0.3  0.126667  0.152658
      0.9       0.3  0.121333  0.144248
     0.95       0.3  0.113333  0.134759
     0.99       0.3 0.0786667  0.112234
    0.999       0.3 0.0646667  0.124852
   0.9999       0.3  0.224667  0.197399
        0       0.4  0.193333  0.493333
      0.2       0.4  0.175333  0.179366
      0.4       0.4  0.171333  0.176119
      0.6       0.4     0.158  0.172965
      0.8       0.4  0.128667  0.167827
      0.9       0.4      0.12  0.163938
     0.95       0.4  0.116667  0.163334
     0.99       0.4      0.16  0.182489
    0.999       0.4  0.217333  0.208872
   0.9999       0.4  0.129333  0.161719
        0       0.5  0.193333  0.493333
      0.2       0.5     0.188  0.191108
      0.4       0.5  0.174667  0.187263
      0.6       0.5     0.168  0.185389
      0.8       0.5  0.154667  0.187361
      0.9       0.5  0.157333  0.193855
     0.95       0.5  0.183333   0.20229
     0.99       0.5     0.182  0.214183
    0.999       0.5     0.034  0.163088
   0.9999       0.5  0.138667  0.149076
        0       0.6  0.193333  0.493333
      0.2       0.6  0.190667  0.201136
      0.4       0.6  0.187333   0.19904
      0.6       0.6  0.182667   0.19955
      0.8       0.6     0.182  0.206323
      0.9       0.6     0.202  0.215977
     0.95       0.6  0.200667  0.223031
     0.99       0.6      0.16  0.210424
    0.999       0.6 0.0733333  0.166955
   0.9999       0.6  0.190667  0.201908
        0       0.7  0.193333  0.493333
      0.2       0.7     0.198  0.212606
      0.4       0.7     0.194   0.21238
      0.6       0.7  0.189333  0.215345
      0.8       0.7  0.196667  0.224781
      0.9       0.7  0.201333   0.23406
     0.95       0.7     0.196  0.237709
     0.99       0.7 0.0513333  0.218129
    0.999       0.7  0.162667  0.217153
   0.9999       0.7  0.196667  0.245429
        0       0.8  0.193333  0.493333
      0.2       0.8     0.208  0.227201
      0.4       0.8  0.201333   0.22918
      0.6       0.8     0.198  0.234679
      0.8       0.8  0.191333  0.246411
      0.9       0.8     0.176  0.255269
     0.95       0.8     0.146  0.257347
     0.99       0.8 0.0706667  0.248786
    0.999       0.8  0.188667  0.267497
   0.9999       0.8       0.2  0.282031
        0       0.9  0.193333  0.493333
      0.2       0.9  0.204667  0.245371
      0.4       0.9       0.2  0.249815
      0.6       0.9  0.196667  0.257956
      0.8       0.9      0.18  0.271891
      0.9       0.9  0.138667  0.281082
     0.95       0.9 0.0873333  0.284551
     0.99       0.9  0.133333  0.289928
    0.999       0.9  0.193333  0.308307
   0.9999       0.9       0.2   0.31548
        0         1  0.193333  0.493333
      0.2         1     0.206  0.266685
      0.4         1  0.201333  0.273501
      0.6         1  0.197333  0.283951
      0.8         1     0.164  0.299785
      0.9         1  0.110667  0.310249
     0.95         1 0.0773333  0.316496
     0.99         1  0.172667  0.328776
    0.999         1  0.195333  0.342084
   0.9999         1       0.2  0.345962
        0         2  0.193333  0.493333
      0.2         2  0.223333  0.435275
      0.4         2  0.206667  0.442257
      0.6         2     0.172  0.449767
      0.8         2     0.134  0.457915
      0.9         2  0.183333  0.462405
     0.95         2  0.193333  0.465064
     0.99         2  0.193333  0.469029
    0.999         2  0.194667  0.472154
   0.9999         2       0.2  0.472747
        0         4  0.193333  0.493333
      0.2         4     0.256  0.483036
      0.4         4      0.24  0.484458
      0.6         4  0.210667  0.485929
      0.8         4  0.168667  0.487542
      0.9         4  0.193333  0.488616
     0.95         4  0.193333  0.489586
     0.99         4  0.193333  0.492289
    0.999         4  0.193333  0.494819
   0.9999         4       0.2  0.495261