       0     0.05 0.816667 0.816667
     0.2     0.05    0.312     0.33
     0.4     0.05 0.310667 0.327556
     0.6     0.05 0.309333 0.327778
     0.8     0.05 0.309333 0.326667
     0.9     0.05 0.309333 0.326111
    0.95     0.05 0.309333 0.326111
    0.99     0.05 0.309333 0.324778
   0.999     0.05 0.309333 0.323778
  0.9999     0.05 0.308667 0.323778
       0      0.1 0.816667 0.816667
     0.2      0.1 0.277333 0.276736
     0.4      0.1    0.274 0.273554
     0.6      0.1 0.272667 0.272465
     0.8      0.1    0.272 0.272271
     0.9      0.1    0.274 0.275189
    0.95      0.1     0.28 0.279383
    0.99      0.1 0.281333 0.279652
   0.999      0.1    0.278 0.277458
  0.9999      0.1 0.276667  0.27621
       0     0.15 0.816667 0.816667
     0.2     0.15 0.275333 0.273935
     0.4     0.15 0.276667 0.276431
     0.6     0.15 0.273333 0.274149
     0.8     0.15 0.275333  0.27589
     0.9     0.15     0.28 0.280357
    0.95     0.15 0.281333 0.280163
    0.99     0.15 0.276667 0.277004
   0.999     0.15 0.276667  0.27667
  0.9999     0.15 0.276667 0.276652
       0      0.2 0.816667 0.816667
     0.2      0.2 0.274667  0.27435
     0.4      0.2    0.276 0.274006
     0.6      0.2 0.276667  0.27567
     0.8      0.2    0.274 0.275748
     0.9      0.2    0.282  0.28024
    0.95      0.2 0.276667 0.277732
    0.99      0.2 0.276667   0.2767
   0.999      0.2 0.276667 0.276266
  0.9999      0.2    0.274 0.273989
       0      0.3 0.816667 0.816667
     0.2      0.3 0.290667 0.293473
     0.4      0.3 0.276667  0.27914
     0.6      0.3 0.275333 0.273289
     0.8      0.3 0.275333 0.270255
     0.9      0.3    0.274 0.271847
    0.95      0.3 0.276667 0.273675
    0.99      0.3 0.274667 0.273845
   0.999      0.3 0.273333 0.269988
  0.9999      0.3 0.262667 0.261752
       0      0.4 0.816667 0.816667
     0.2      0.4    0.314 0.316878
     0.4      0.4    0.294 0.300065
     0.6      0.4 0.279333 0.286534
     0.8      0.4 0.276667 0.275685
     0.9      0.4    0.266 0.268693
    0.95      0.4 0.271333 0.266971
    0.99      0.4 0.268667 0.263305
   0.999      0.4 0.252667 0.255509
  0.9999      0.4    0.198 0.265138
       0      0.5 0.816667 0.816667
     0.2      0.5 0.330667 0.334955
     0.4      0.5 0.314667 0.318178
     0.6      0.5 0.288667 0.304169
     0.8      0.5     0.28 0.290211
     0.9      0.5 0.271333 0.280702
    0.95      0.5 0.271333 0.272235
    0.99      0.5     0.24  0.26488
   0.999      0.5 0.250667 0.284759
  0.9999      0.5    0.286 0.324084
       0      0.6 0.816667 0.816667
     0.2      0.6 0.345333 0.356047
     0.4      0.6 0.326667 0.334735
     0.6      0.6 0.310667   0.3209
     0.8      0.6    0.292 0.307279
     0.9      0.6    0.282 0.298501
    0.95      0.6    0.266 0.292655
    0.99      0.6 0.236667 0.302521
   0.999      0.6 0.270667 0.388536
  0.9999      0.6    0.336  0.54174
       0      0.7 0.816667 0.816667
     0.2      0.7 0.351333 0.376689
     0.4      0.7 0.334667 0.357959
     0.6      0.7    0.318  0.34387
     0.8      0.7 0.296667 0.334767
     0.9      0.7 0.276667 0.335301
    0.95      0.7 0.272667 0.344221
    0.99      0.7    0.264 0.408209
   0.999      0.7 0.367333 0.571211
  0.9999      0.7    0.502 0.716649
       0      0.8 0.816667 0.816667
     0.2      0.8 0.363333 0.399533
     0.4      0.8     0.34 0.387304
     0.6      0.8    0.326  0.38033
     0.8      0.8 0.302667 0.384452
     0.9      0.8    0.296 0.403812
    0.95      0.8 0.297333 0.436083
    0.99      0.8 0.316667 0.545848
   0.999      0.8 0.509333 0.702991
  0.9999      0.8 0.684667 0.800476
       0      0.9 0.816667 0.816667
     0.2      0.9 0.367333 0.427282
     0.4      0.9 0.350667 0.424347
     0.6      0.9    0.326 0.428868
     0.8      0.9 0.320667 0.452493
     0.9      0.9    0.322 0.490582
    0.95      0.9 0.330667 0.537828
    0.99      0.9     0.48 0.654792
   0.999      0.9 0.669333 0.778557
  0.9999      0.9 0.814667 0.825003
       0        1 0.816667 0.816667
     0.2        1 0.360667  0.46144
     0.4        1 0.351333 0.467895
     0.6        1    0.346 0.483844
     0.8        1 0.346667 0.523581
     0.9        1 0.343333  0.57218
    0.95        1    0.386 0.623289
    0.99        1 0.556667 0.728591
   0.999        1    0.718 0.812299
  0.9999        1 0.833333 0.830877
       0        2 0.816667 0.816667
     0.2        2 0.525333 0.743947
     0.4        2    0.536 0.758071
     0.6        2 0.553333 0.774432
     0.8        2 0.613333 0.794242
     0.9        2 0.701333 0.806664
    0.95        2 0.755333 0.814805
    0.99        2 0.816667 0.826426
   0.999        2 0.818667 0.832401
  0.9999        2 0.833333 0.833236
       0        4 0.816667 0.816667
     0.2        4    0.624 0.807541
     0.4        4 0.654667 0.809869
     0.6        4 0.693333 0.812402
     0.8        4     0.75 0.815508
     0.9        4 0.768667 0.818046
    0.95        4 0.809333 0.820736
    0.99        4 0.816667 0.827718
   0.999        4 0.816667 0.832546
  0.9999        4     0.83 0.833251