       0     0.05 0.493333 0.493333
       0      0.1 0.493333 0.493333
       0     0.15 0.493333 0.493333
       0      0.2 0.493333 0.493333
       0      0.3 0.493333 0.493333
       0      0.4 0.493333 0.493333
       0      0.5 0.493333 0.493333
       0      0.6 0.493333 0.493333
       0      0.7 0.493333 0.493333
       0      0.8 0.493333 0.493333
       0      0.9 0.493333 0.493333
       0        1 0.493333 0.493333
       0        2 0.493333 0.493333
       0        4 0.493333 0.493333
     0.2     0.05 0.493333 0.493333
     0.2      0.1 0.461333 0.460367
     0.2     0.15 0.442667 0.444348
     0.2      0.2    0.428 0.434454
     0.2      0.3    0.394 0.426999
     0.2      0.4    0.378  0.43313
     0.2      0.5 0.363333 0.445352
     0.2      0.6    0.348 0.457015
     0.2      0.7 0.350667 0.465684
     0.2      0.8 0.345333 0.471809
     0.2      0.9    0.342 0.476179
     0.2        1 0.340667 0.479371
     0.2        2 0.345333 0.489823
     0.2        4 0.342667 0.492471
     0.4     0.05 0.493333 0.493333
     0.4      0.1 0.463333 0.467581
     0.4     0.15 0.450667 0.457324
     0.4      0.2 0.439333 0.446992
     0.4      0.3 0.392667 0.440594
     0.4      0.4 0.375333 0.445508
     0.4      0.5 0.365333 0.455821
     0.4      0.6    0.358 0.465294
     0.4      0.7 0.346667 0.472172
     0.4      0.8 0.357333 0.476958
     0.4      0.9    0.356 0.480338
     0.4        1    0.356 0.482791
     0.4        2 0.351333 0.490735
     0.4        4     0.35 0.492728
     0.6     0.05 0.493333 0.493333
     0.6      0.1 0.475333 0.472719
     0.6     0.15 0.464667 0.466883
     0.6      0.2 0.449333 0.459372
     0.6      0.3 0.407333 0.453568
     0.6      0.4 0.376667 0.458469
     0.6      0.5    0.372 0.466948
     0.6      0.6    0.368 0.474026
     0.6      0.7 0.371333 0.478947
     0.6      0.8    0.372 0.482296
     0.6      0.9 0.371333  0.48463
     0.6        1 0.366667 0.486311
     0.6        2 0.371333 0.491687
     0.6        4 0.370667 0.493021
     0.8     0.05 0.493333 0.493333
     0.8      0.1 0.477333 0.478328
     0.8     0.15    0.476 0.476668
     0.8      0.2    0.458  0.47362
     0.8      0.3    0.406 0.467941
     0.8      0.4 0.426667   0.4734
     0.8      0.5    0.426 0.479307
     0.8      0.6    0.428 0.483459
     0.8      0.7 0.421333 0.486157
     0.8      0.8     0.42 0.487937
     0.8      0.9 0.426667 0.489159
     0.8        1 0.426667  0.49003
     0.8        2 0.438667 0.492776
     0.8        4 0.441333 0.493448
     0.9     0.05 0.493333 0.493333
     0.9      0.1    0.492 0.483312
     0.9     0.15 0.481333 0.482685
     0.9      0.2 0.468667 0.482645
     0.9      0.3 0.417333 0.476906
     0.9      0.4 0.467333 0.482444
     0.9      0.5 0.476667 0.486312
     0.9      0.6 0.479333 0.488673
     0.9      0.7 0.483333 0.490134
     0.9      0.8    0.486 0.491079
     0.9      0.9 0.486667  0.49172
     0.9        1    0.488 0.492175
     0.9        2 0.491333 0.493591
     0.9        4    0.492 0.493935
    0.95     0.05 0.493333 0.493333
    0.95      0.1    0.494 0.486369
    0.95     0.15    0.486 0.485663
    0.95      0.2 0.475333 0.487726
    0.95      0.3 0.421333 0.482737
    0.95      0.4 0.487333 0.487834
    0.95      0.5 0.489333 0.490335
    0.95      0.6    0.492 0.491719
    0.95      0.7 0.493333 0.492547
    0.95      0.8 0.493333 0.493073
    0.95      0.9 0.493333 0.493427
    0.95        1 0.493333 0.493676
    0.95        2 0.493333 0.494439
    0.95        4 0.493333 0.494622
    0.99     0.05 0.493333 0.493333
    0.99      0.1 0.489333   0.4877
    0.99     0.15    0.484 0.488822
    0.99      0.2 0.486667 0.491122
    0.99      0.3    0.454  0.49008
    0.99      0.4 0.492667 0.493941
    0.99      0.5 0.493333 0.495338
    0.99      0.6 0.493333    0.496
    0.99      0.7 0.493333 0.496357
    0.99      0.8 0.493333 0.496569
    0.99      0.9 0.493333 0.496704
    0.99        1 0.493333 0.496795
    0.99        2 0.493333 0.497053
    0.99        4 0.493333  0.49711
   0.999     0.05 0.493333 0.493333
   0.999      0.1 0.492667 0.488296
   0.999     0.15 0.493333 0.491577
   0.999      0.2    0.484 0.490444
   0.999      0.3     0.49 0.494952
   0.999      0.4 0.493333 0.498448
   0.999      0.5 0.493333 0.499084
   0.999      0.6 0.493333 0.499289
   0.999      0.7 0.493333 0.499379
   0.999      0.8 0.493333 0.499428
   0.999      0.9 0.493333 0.499456
   0.999        1 0.493333 0.499475
   0.999        2 0.493333 0.499522
   0.999        4 0.493333 0.499532
  0.9999     0.05 0.493333 0.493333
  0.9999      0.1 0.483333  0.48743
  0.9999     0.15    0.488 0.490549
  0.9999      0.2 0.484667 0.490081
  0.9999      0.3 0.493333 0.498511
  0.9999      0.4      0.5 0.499803
  0.9999      0.5      0.5 0.499897
  0.9999      0.6      0.5 0.499922
  0.9999      0.7      0.5 0.499933
  0.9999      0.8      0.5 0.499938
  0.9999      0.9      0.5 0.499942
  0.9999        1      0.5 0.499944
  0.9999        2 0.493333 0.499949
  0.9999        4 0.493333  0.49995