        0      0.05      0.78  0.777778
      0.2      0.05  0.122667  0.142222
      0.4      0.05  0.122667  0.142222
      0.6      0.05  0.121333  0.141667
      0.8      0.05  0.121333  0.141667
      0.9      0.05  0.121333  0.141667
     0.95      0.05  0.121333  0.141667
     0.99      0.05      0.12  0.141667
    0.999      0.05  0.118667  0.140889
   0.9999      0.05  0.118667  0.140889
        0       0.1      0.78  0.777778
      0.2       0.1 0.0766667 0.0765363
      0.4       0.1 0.0766667 0.0764409
      0.6       0.1 0.0773333 0.0781253
      0.8       0.1 0.0813333 0.0802221
      0.9       0.1 0.0813333 0.0806245
     0.95       0.1 0.0813333 0.0806569
     0.99       0.1 0.0813333 0.0802512
    0.999       0.1      0.08 0.0792428
   0.9999       0.1      0.08 0.0772593
        0      0.15      0.78  0.777778
      0.2      0.15     0.078 0.0785822
      0.4      0.15 0.0766667 0.0772058
      0.6      0.15 0.0766667 0.0771381
      0.8      0.15 0.0786667 0.0786711
      0.9      0.15 0.0806667 0.0792516
     0.95      0.15 0.0793333 0.0789974
     0.99      0.15 0.0806667 0.0766336
    0.999      0.15 0.0766667 0.0731134
   0.9999      0.15     0.066 0.0718125
        0       0.2      0.78  0.777778
      0.2       0.2 0.0793333 0.0799716
      0.4       0.2      0.08 0.0787771
      0.6       0.2 0.0773333  0.077635
      0.8       0.2     0.078 0.0778399
      0.9       0.2 0.0793333  0.077845
     0.95       0.2 0.0806667 0.0769841
     0.99       0.2 0.0773333 0.0748171
    0.999       0.2 0.0646667 0.0741514
   0.9999       0.2 0.0686667 0.0768706
        0       0.3      0.78  0.777778
      0.2       0.3 0.0946667 0.0967991
      0.4       0.3 0.0873333 0.0871364
      0.6       0.3 0.0806667 0.0797721
      0.8       0.3      0.08 0.0782213
      0.9       0.3      0.08 0.0779251
     0.95       0.3 0.0826667  0.077955
     0.99       0.3     0.086 0.0794621
    0.999       0.3 0.0766667 0.0825475
   0.9999       0.3     0.066 0.0880328
        0       0.4      0.78  0.777778
      0.2       0.4  0.115333  0.116059
      0.4       0.4 0.0993333  0.102094
      0.6       0.4     0.092 0.0928496
      0.8       0.4      0.08 0.0824632
      0.9       0.4 0.0806667  0.081504
     0.95       0.4     0.082 0.0830375
     0.99       0.4      0.09 0.0904927
    0.999       0.4  0.100667  0.114515
   0.9999       0.4  0.122667  0.154538
        0       0.5      0.78  0.777778
      0.2       0.5  0.129333   0.13624
      0.4       0.5     0.118   0.12223
      0.6       0.5  0.107333  0.110414
      0.8       0.5 0.0926667  0.099941
      0.9       0.5 0.0806667 0.0970885
     0.95       0.5     0.082  0.100571
     0.99       0.5     0.086  0.121173
    0.999       0.5  0.115333  0.167827
   0.9999       0.5  0.162667  0.216177
        0       0.6      0.78  0.777778
      0.2       0.6  0.142667  0.156312
      0.4       0.6  0.129333   0.14225
      0.6       0.6  0.123333  0.132794
      0.8       0.6  0.112667  0.125155
      0.9       0.6 0.0986667  0.125307
     0.95       0.6 0.0953333  0.132812
     0.99       0.6  0.106667  0.170755
    0.999       0.6  0.146667  0.291103
   0.9999       0.6  0.216667  0.510668
        0       0.7      0.78  0.777778
      0.2       0.7  0.160667  0.178938
      0.4       0.7  0.141333  0.167135
      0.6       0.7  0.130667  0.160936
      0.8       0.7  0.119333  0.160987
      0.9       0.7  0.117333  0.171254
     0.95       0.7  0.113333  0.193287
     0.99       0.7  0.126667  0.297862
    0.999       0.7     0.222  0.539441
   0.9999       0.7  0.397333  0.724317
        0       0.8      0.78  0.777778
      0.2       0.8  0.169333  0.209046
      0.4       0.8  0.149333  0.203193
      0.6       0.8  0.141333  0.204464
      0.8       0.8      0.13  0.221597
      0.9       0.8  0.126667  0.255601
     0.95       0.8      0.13  0.307807
     0.99       0.8     0.182  0.479907
    0.999       0.8  0.338667  0.698895
   0.9999       0.8  0.563333  0.801524
        0       0.9      0.78  0.777778
      0.2       0.9     0.178  0.249531
      0.4       0.9     0.166  0.252922
      0.6       0.9     0.154  0.266824
      0.8       0.9     0.144  0.308692
      0.9       0.9     0.146  0.369738
     0.95       0.9  0.151333  0.444678
     0.99       0.9     0.218  0.622393
    0.999       0.9  0.521333  0.776371
   0.9999       0.9  0.737333  0.825015
        0         1      0.78  0.777778
      0.2         1      0.19  0.299853
      0.4         1     0.182  0.313828
      0.6         1  0.170667  0.341603
      0.8         1     0.154  0.405409
      0.9         1  0.162667  0.482078
     0.95         1  0.194667  0.561499
     0.99         1     0.302  0.711614
    0.999         1  0.606667   0.81054
   0.9999         1  0.691333  0.830704
        0         2      0.78  0.777778
      0.2         2     0.244  0.697251
      0.4         2  0.259333  0.714908
      0.6         2  0.302667  0.735801
      0.8         2  0.409333  0.763358
      0.9         2  0.526667  0.784308
     0.95         2     0.638  0.800901
     0.99         2     0.776  0.823988
    0.999         2  0.808667  0.832279
   0.9999         2  0.833333  0.833226
        0         4      0.78  0.777778
      0.2         4     0.728  0.769233
      0.4         4  0.759333  0.772956
      0.6         4      0.78  0.777975
      0.8         4      0.78   0.78702
      0.9         4      0.78  0.797376
     0.95         4      0.78  0.808194
     0.99         4      0.78  0.825884
    0.999         4  0.833333  0.832497
   0.9999         4  0.833333  0.833249