       0     0.05     0.83 0.827778
       0      0.1     0.83 0.827778
       0     0.15     0.83 0.827778
       0      0.2     0.83 0.827778
       0      0.3     0.83 0.827778
       0      0.4     0.83 0.827778
       0      0.5     0.83 0.827778
       0      0.6     0.83 0.827778
       0      0.7     0.83 0.827778
       0      0.8     0.83 0.827778
       0      0.9     0.83 0.827778
       0        1     0.83 0.827778
       0        2     0.83 0.827778
       0        4     0.83 0.827778
     0.2     0.05 0.648667 0.615333
     0.2      0.1 0.612667  0.61259
     0.2     0.15 0.615333 0.614167
     0.2      0.2 0.608667 0.611458
     0.2      0.3 0.635333 0.636712
     0.2      0.4 0.651333 0.653785
     0.2      0.5 0.658667 0.662061
     0.2      0.6    0.674 0.675059
     0.2      0.7 0.677333 0.681237
     0.2      0.8 0.678667 0.684699
     0.2      0.9 0.683333 0.686824
     0.2        1 0.682667 0.688453
     0.2        2 0.704667 0.765738
     0.2        4     0.83 0.821191
     0.4     0.05    0.646    0.614
     0.4      0.1    0.616  0.61533
     0.4     0.15 0.614667  0.61588
     0.4      0.2 0.615333 0.614701
     0.4      0.3 0.619333 0.616698
     0.4      0.4 0.640667 0.642965
     0.4      0.5 0.652667 0.655095
     0.4      0.6 0.663333 0.662172
     0.4      0.7 0.673333 0.670401
     0.4      0.8 0.678667 0.676346
     0.4      0.9    0.684 0.680114
     0.4        1 0.681333 0.683726
     0.4        2 0.714667 0.775824
     0.4        4     0.83 0.822956
     0.6     0.05    0.644 0.613889
     0.6      0.1    0.616 0.615438
     0.6     0.15 0.616667 0.616531
     0.6      0.2 0.618667 0.617446
     0.6      0.3 0.614667 0.615607
     0.6      0.4 0.622667  0.62392
     0.6      0.5 0.644667 0.641878
     0.6      0.6    0.658 0.652837
     0.6      0.7 0.666667 0.659505
     0.6      0.8 0.668667 0.665682
     0.6      0.9 0.675333 0.671741
     0.6        1 0.676667 0.678572
     0.6        2    0.724 0.788525
     0.6        4     0.83 0.824794
     0.8     0.05 0.641333    0.614
     0.8      0.1    0.616 0.615062
     0.8     0.15    0.616 0.616198
     0.8      0.2 0.616667 0.617011
     0.8      0.3 0.617333 0.616736
     0.8      0.4 0.617333 0.616655
     0.8      0.5    0.616 0.620411
     0.8      0.6    0.628 0.631518
     0.8      0.7 0.643333 0.644264
     0.8      0.8    0.662 0.653956
     0.8      0.9 0.667333 0.662969
     0.8        1    0.672 0.675751
     0.8        2    0.822 0.805086
     0.8        4     0.83 0.826752
     0.9     0.05     0.64 0.612778
     0.9      0.1 0.614667 0.614331
     0.9     0.15    0.616 0.615628
     0.9      0.2    0.616 0.615533
     0.9      0.3    0.616 0.614629
     0.9      0.4    0.616 0.614933
     0.9      0.5 0.615333 0.615125
     0.9      0.6 0.615333 0.619067
     0.9      0.7 0.622667 0.631734
     0.9      0.8 0.648667 0.646596
     0.9      0.9     0.66 0.660559
     0.9        1 0.662667 0.681452
     0.9        2     0.83 0.815672
     0.9        4     0.83 0.827865
    0.95     0.05 0.638667 0.612111
    0.95      0.1 0.614667 0.614007
    0.95     0.15 0.614667 0.615183
    0.95      0.2 0.614667 0.612942
    0.95      0.3 0.614667 0.610387
    0.95      0.4 0.614667 0.612183
    0.95      0.5 0.614667 0.611897
    0.95      0.6 0.614667 0.612949
    0.95      0.7    0.614 0.625216
    0.95      0.8 0.637333 0.643792
    0.95      0.9    0.656 0.664941
    0.95        1 0.662667 0.696179
    0.95        2     0.83 0.821999
    0.95        4     0.83 0.828614
    0.99     0.05 0.637333 0.609556
    0.99      0.1    0.614 0.613512
    0.99     0.15 0.614667 0.614501
    0.99      0.2    0.602 0.599621
    0.99      0.3 0.600667 0.601534
    0.99      0.4    0.612 0.603767
    0.99      0.5 0.606667 0.601843
    0.99      0.6 0.607333 0.604998
    0.99      0.7 0.631333 0.625441
    0.99      0.8     0.64 0.658515
    0.99      0.9 0.653333 0.705442
    0.99        1 0.687333 0.751973
    0.99        2     0.83 0.828716
    0.99        4     0.83 0.830327
   0.999     0.05    0.634 0.606333
   0.999      0.1    0.614 0.613599
   0.999     0.15    0.614 0.601685
   0.999      0.2 0.582667 0.589027
   0.999      0.3    0.584 0.596629
   0.999      0.4 0.578667 0.593871
   0.999      0.5     0.58 0.596196
   0.999      0.6 0.576667    0.613
   0.999      0.7 0.641333  0.66703
   0.999      0.8 0.671333  0.73616
   0.999      0.9 0.743333 0.787292
   0.999        1 0.816667 0.813749
   0.999        2 0.833333 0.832406
   0.999        4 0.833333 0.832676
  0.9999     0.05 0.632667 0.603556
  0.9999      0.1    0.614 0.613946
  0.9999     0.15 0.583333 0.585778
  0.9999      0.2 0.582667 0.588372
  0.9999      0.3 0.578667 0.590052
  0.9999      0.4 0.580667 0.592881
  0.9999      0.5    0.578  0.60245
  0.9999      0.6    0.648 0.659351
  0.9999      0.7 0.700667  0.75552
  0.9999      0.8    0.816 0.807507
  0.9999      0.9 0.833333  0.82584
  0.9999        1 0.833333  0.83074
  0.9999        2 0.833333 0.833226
  0.9999        4 0.833333 0.833258