       0     0.05 0.488667     0.49
     0.2     0.05 0.488667     0.49
     0.4     0.05 0.488667     0.49
     0.6     0.05 0.488667     0.49
     0.8     0.05 0.488667     0.49
     0.9     0.05 0.488667     0.49
    0.95     0.05 0.488667     0.49
    0.99     0.05 0.488667     0.49
   0.999     0.05 0.488667     0.49
  0.9999     0.05 0.488667     0.49
       0      0.1 0.488667     0.49
     0.2      0.1    0.444 0.441195
     0.4      0.1 0.448667  0.44146
     0.6      0.1 0.444667 0.441976
     0.8      0.1    0.448 0.443801
     0.9      0.1 0.446667 0.445097
    0.95      0.1 0.448667  0.44618
    0.99      0.1 0.438667 0.446963
   0.999      0.1     0.45 0.449767
  0.9999      0.1     0.46 0.454712
       0     0.15 0.488667     0.49
     0.2     0.15 0.423333 0.432732
     0.4     0.15 0.434667  0.43782
     0.6     0.15 0.437333 0.440439
     0.8     0.15 0.446667 0.442576
     0.9     0.15    0.436  0.44417
    0.95     0.15    0.442  0.44568
    0.99     0.15    0.446  0.44911
   0.999     0.15    0.442 0.449788
  0.9999     0.15    0.452 0.457816
       0      0.2 0.488667     0.49
     0.2      0.2    0.416 0.425011
     0.4      0.2 0.417333 0.431319
     0.6      0.2     0.43 0.436119
     0.8      0.2 0.426667 0.441021
     0.9      0.2 0.416667 0.444353
    0.95      0.2 0.414667 0.446828
    0.99      0.2    0.438 0.452386
   0.999      0.2 0.484667 0.472573
  0.9999      0.2 0.488667  0.48549
       0      0.3 0.488667     0.49
     0.2      0.3    0.366 0.411799
     0.4      0.3    0.374 0.424931
     0.6      0.3 0.377333 0.436817
     0.8      0.3 0.376667 0.451415
     0.9      0.3    0.404 0.463044
    0.95      0.3 0.450667 0.472538
    0.99      0.3    0.482 0.487356
   0.999      0.3    0.494 0.496943
  0.9999      0.3 0.498667 0.499346
       0      0.4 0.488667     0.49
     0.2      0.4 0.360667 0.422798
     0.4      0.4 0.358667 0.435999
     0.6      0.4 0.370667 0.450076
     0.8      0.4 0.379333 0.466847
     0.9      0.4      0.4 0.477727
    0.95      0.4 0.399333 0.484965
    0.99      0.4 0.472667 0.494464
   0.999      0.4 0.489333 0.499167
  0.9999      0.4 0.498667 0.499885
       0      0.5 0.488667     0.49
     0.2      0.5 0.364667 0.440635
     0.4      0.5    0.368 0.451129
     0.6      0.5     0.38 0.462422
     0.8      0.5    0.388 0.475402
     0.9      0.5     0.39 0.483404
    0.95      0.5    0.384 0.488633
    0.99      0.5 0.477333 0.495852
   0.999      0.5 0.491333 0.499454
  0.9999      0.5 0.501333 0.499961
       0      0.6 0.488667     0.49
     0.2      0.6 0.362667 0.455074
     0.4      0.6 0.368667 0.462846
     0.6      0.6 0.375333 0.471186
     0.8      0.6 0.377333 0.480615
     0.9      0.6    0.382 0.486385
    0.95      0.6    0.404   0.4903
    0.99      0.6 0.491333  0.49633
   0.999      0.6 0.491333 0.499529
  0.9999      0.6 0.501333 0.499975
       0      0.7 0.488667     0.49
     0.2      0.7 0.369333 0.464835
     0.4      0.7 0.376667 0.470608
     0.6      0.7 0.380667 0.476781
     0.8      0.7 0.382667  0.48373
     0.9      0.7 0.384667 0.488053
    0.95      0.7 0.429333 0.491169
    0.99      0.7 0.491333 0.496531
   0.999      0.7 0.491333 0.499553
  0.9999      0.7 0.501333 0.499976
       0      0.8 0.488667     0.49
     0.2      0.8 0.374667 0.471226
     0.4      0.8 0.375333 0.475635
     0.6      0.8    0.382 0.480341
     0.8      0.8 0.384667 0.485648
     0.9      0.8    0.388 0.489046
    0.95      0.8    0.452 0.491662
    0.99      0.8 0.491333 0.496621
   0.999      0.8 0.491333 0.499559
  0.9999      0.8 0.501333 0.499973
       0      0.9 0.488667     0.49
     0.2      0.9     0.37 0.475518
     0.4      0.9 0.371333 0.478988
     0.6      0.9 0.379333 0.482688
     0.8      0.9     0.38 0.486887
     0.9      0.9 0.393333 0.489673
    0.95      0.9 0.462667 0.491962
    0.99      0.9 0.491333 0.496663
   0.999      0.9 0.491333  0.49956
  0.9999      0.9 0.501333  0.49997
       0        1 0.488667     0.49
     0.2        1    0.372 0.478506
     0.4        1 0.370667  0.48131
     0.6        1     0.38   0.4843
     0.8        1    0.376 0.487727
     0.9        1 0.399333 0.490091
    0.95        1 0.468667 0.492156
    0.99        1 0.491333 0.496682
   0.999        1 0.491333 0.499557
  0.9999        1 0.501333 0.499968
       0        2 0.488667     0.49
     0.2        2    0.384 0.487385
     0.4        2 0.381333 0.488125
     0.6        2 0.380667 0.488952
     0.8        2 0.370667 0.490084
     0.9        2    0.416 0.491225
    0.95        2 0.489333 0.492642
    0.99        2 0.491333 0.496674
   0.999        2 0.491333 0.499536
  0.9999        2 0.491333 0.499956
       0        4 0.488667     0.49
     0.2        4 0.385333   0.4894
     0.4        4 0.386667 0.489644
     0.6        4     0.38 0.489968
     0.8        4    0.374 0.490584
     0.9        4 0.423333 0.491455
    0.95        4 0.490667 0.492729
    0.99        4 0.491333 0.496654
   0.999        4 0.491333 0.499527
  0.9999        4 0.491333 0.499952