       0     0.05     0.83 0.827778
     0.2     0.05 0.737333 0.725333
     0.4     0.05 0.735333 0.723222
     0.6     0.05    0.734 0.722667
     0.8     0.05    0.734 0.722667
     0.9     0.05    0.734 0.722667
    0.95     0.05    0.734 0.721556
    0.99     0.05    0.734 0.719889
   0.999     0.05    0.732 0.719889
  0.9999     0.05 0.731333 0.719889
       0      0.1     0.83 0.827778
     0.2      0.1 0.648667  0.64471
     0.4      0.1    0.648 0.645042
     0.6      0.1    0.652 0.649404
     0.8      0.1 0.650667 0.649157
     0.9      0.1 0.651333 0.650233
    0.95      0.1 0.651333 0.651427
    0.99      0.1    0.654 0.653334
   0.999      0.1    0.672 0.664966
  0.9999      0.1    0.672 0.671327
       0     0.15     0.83 0.827778
     0.2     0.15 0.647333 0.646105
     0.4     0.15 0.649333 0.648566
     0.6     0.15 0.648667 0.648575
     0.8     0.15 0.651333 0.652257
     0.9     0.15 0.653333 0.653381
    0.95     0.15    0.656  0.65505
    0.99     0.15 0.657333 0.659697
   0.999     0.15 0.662667 0.656537
  0.9999     0.15 0.636667 0.639561
       0      0.2     0.83 0.827778
     0.2      0.2    0.644 0.643806
     0.4      0.2 0.647333 0.645712
     0.6      0.2 0.649333 0.648782
     0.8      0.2 0.653333 0.652747
     0.9      0.2 0.655333 0.654077
    0.95      0.2 0.653333 0.652389
    0.99      0.2 0.642667 0.644098
   0.999      0.2    0.622 0.631548
  0.9999      0.2 0.620667  0.62538
       0      0.3     0.83 0.827778
     0.2      0.3 0.651333  0.65135
     0.4      0.3    0.644 0.646373
     0.6      0.3    0.646 0.645649
     0.8      0.3     0.65 0.649266
     0.9      0.3 0.648667 0.647688
    0.95      0.3    0.644 0.644113
    0.99      0.3 0.635333 0.635864
   0.999      0.3    0.622 0.630845
  0.9999      0.3    0.622 0.643743
       0      0.4     0.83 0.827778
     0.2      0.4 0.654667 0.655914
     0.4      0.4 0.653333 0.653063
     0.6      0.4 0.651333  0.65089
     0.8      0.4 0.649333 0.647638
     0.9      0.4 0.646667 0.646906
    0.95      0.4 0.645333 0.646445
    0.99      0.4 0.636667 0.645063
   0.999      0.4 0.621333 0.652499
  0.9999      0.4 0.660667 0.653533
       0      0.5     0.83 0.827778
     0.2      0.5 0.664667 0.669724
     0.4      0.5    0.656 0.657994
     0.6      0.5 0.658667 0.655722
     0.8      0.5    0.658 0.653703
     0.9      0.5    0.648 0.649493
    0.95      0.5    0.652 0.652382
    0.99      0.5 0.657333 0.655099
   0.999      0.5 0.662667 0.654074
  0.9999      0.5 0.662667 0.656678
       0      0.6     0.83 0.827778
     0.2      0.6 0.677333 0.684429
     0.4      0.6 0.662667 0.669525
     0.6      0.6    0.656 0.661182
     0.8      0.6 0.659333 0.658243
     0.9      0.6 0.654667 0.655067
    0.95      0.6 0.659333 0.654922
    0.99      0.6 0.660667 0.656765
   0.999      0.6    0.664 0.670675
  0.9999      0.6    0.708 0.712174
       0      0.7     0.83 0.827778
     0.2      0.7     0.68 0.693583
     0.4      0.7 0.676667 0.683895
     0.6      0.7 0.663333 0.672694
     0.8      0.7 0.661333   0.6647
     0.9      0.7     0.66 0.662073
    0.95      0.7     0.66  0.66167
    0.99      0.7 0.660667    0.674
   0.999      0.7 0.704667 0.716202
  0.9999      0.7 0.750667 0.761602
       0      0.8     0.83 0.827778
     0.2      0.8     0.68 0.702042
     0.4      0.8     0.68 0.694765
     0.6      0.8 0.675333 0.688002
     0.8      0.8 0.669333 0.681428
     0.9      0.8 0.670667 0.681201
    0.95      0.8    0.674 0.686234
    0.99      0.8    0.704 0.711586
   0.999      0.8 0.744667 0.755908
  0.9999      0.8 0.786667 0.798631
       0      0.9     0.83 0.827778
     0.2      0.9    0.686 0.711664
     0.4      0.9 0.684667 0.705943
     0.6      0.9 0.682667 0.701928
     0.8      0.9 0.679333 0.701557
     0.9      0.9 0.685333 0.707034
    0.95      0.9 0.701333 0.716218
    0.99      0.9    0.722 0.743811
   0.999      0.9 0.758667 0.786551
  0.9999      0.9 0.785333 0.820877
       0        1     0.83 0.827778
     0.2        1 0.690667 0.721939
     0.4        1    0.688  0.71779
     0.6        1 0.687333 0.716123
     0.8        1 0.691333 0.719588
     0.9        1 0.708667    0.728
    0.95        1    0.718 0.739081
    0.99        1 0.738667 0.768603
   0.999        1    0.782 0.809363
  0.9999        1 0.830667 0.828797
       0        2     0.83 0.827778
     0.2        2    0.704 0.789552
     0.4        2 0.703333 0.794168
     0.6        2 0.730667 0.800388
     0.8        2 0.790667 0.809861
     0.9        2 0.829333 0.817277
    0.95        2 0.829333 0.822432
    0.99        2     0.83 0.828542
   0.999        2 0.833333 0.832262
  0.9999        2 0.833333 0.833205
       0        4     0.83 0.827778
     0.2        4     0.83 0.820509
     0.4        4     0.83 0.822236
     0.6        4     0.83 0.824155
     0.8        4     0.83  0.82634
     0.9        4     0.83 0.827631
    0.95        4     0.83  0.82848
    0.99        4     0.83 0.830249
   0.999        4 0.833333 0.832643
  0.9999        4 0.833333 0.833254