        0      0.05  0.166667  0.466667
      0.2      0.05  0.166667     0.325
      0.4      0.05  0.166667     0.325
      0.6      0.05  0.166667     0.325
      0.8      0.05  0.166667     0.325
      0.9      0.05  0.166667     0.325
     0.95      0.05  0.166667     0.325
     0.99      0.05  0.166667     0.325
    0.999      0.05  0.166667     0.325
   0.9999      0.05  0.166667     0.325
        0       0.1  0.166667  0.466667
      0.2       0.1 0.0993333 0.0985417
      0.4       0.1     0.102  0.100135
      0.6       0.1     0.102  0.100452
      0.8       0.1  0.100667 0.0994909
      0.9       0.1       0.1 0.0986993
     0.95       0.1 0.0986667 0.0984823
     0.99       0.1     0.098 0.0973068
    0.999       0.1 0.0933333   0.09399
   0.9999       0.1 0.0913333  0.091106
        0      0.15  0.166667  0.466667
      0.2      0.15 0.0953333 0.0963536
      0.4      0.15 0.0993333 0.0986553
      0.6      0.15 0.0993333 0.0996377
      0.8      0.15 0.0986667 0.0977448
      0.9      0.15 0.0973333  0.096534
     0.95      0.15 0.0973333 0.0954186
     0.99      0.15      0.09 0.0923915
    0.999      0.15 0.0893333 0.0892395
   0.9999      0.15 0.0773333 0.0828827
        0       0.2  0.166667  0.466667
      0.2       0.2     0.094 0.0952692
      0.4       0.2 0.0946667 0.0970441
      0.6       0.2 0.0993333  0.098409
      0.8       0.2 0.0966667 0.0967405
      0.9       0.2 0.0953333 0.0947614
     0.95       0.2 0.0946667 0.0932584
     0.99       0.2 0.0933333  0.088649
    0.999       0.2 0.0786667 0.0829615
   0.9999       0.2 0.0786667 0.0796589
        0       0.3  0.166667  0.466667
      0.2       0.3 0.0946667 0.0937286
      0.4       0.3 0.0913333 0.0947487
      0.6       0.3 0.0933333 0.0951587
      0.8       0.3      0.09 0.0937868
      0.9       0.3     0.088 0.0910022
     0.95       0.3     0.084 0.0879912
     0.99       0.3 0.0773333 0.0813168
    0.999       0.3 0.0853333 0.0814309
   0.9999       0.3  0.101333 0.0892124
        0       0.4  0.166667  0.466667
      0.2       0.4 0.0873333 0.0946694
      0.4       0.4     0.084 0.0926778
      0.6       0.4 0.0873333 0.0913094
      0.8       0.4 0.0813333 0.0884044
      0.9       0.4 0.0773333 0.0850586
     0.95       0.4 0.0753333 0.0819591
     0.99       0.4 0.0753333 0.0823742
    0.999       0.4 0.0906667 0.0955016
   0.9999       0.4 0.0253333 0.0935141
        0       0.5  0.166667  0.466667
      0.2       0.5 0.0933333  0.105123
      0.4       0.5     0.084  0.100197
      0.6       0.5 0.0746667 0.0969363
      0.8       0.5 0.0693333 0.0940793
      0.9       0.5 0.0626667 0.0937283
     0.95       0.5      0.06 0.0962711
     0.99       0.5 0.0473333  0.108509
    0.999       0.5 0.0246667  0.112956
   0.9999       0.5     0.094  0.124317
        0       0.6  0.166667  0.466667
      0.2       0.6 0.0973333  0.121203
      0.4       0.6     0.086  0.117369
      0.6       0.6 0.0786667  0.115264
      0.8       0.6     0.074  0.116187
      0.9       0.6 0.0726667   0.12081
     0.95       0.6 0.0606667  0.127689
     0.99       0.6     0.028  0.142315
    0.999       0.6 0.0753333  0.153088
   0.9999       0.6  0.179333  0.201677
        0       0.7  0.166667  0.466667
      0.2       0.7  0.100667  0.140889
      0.4       0.7      0.09  0.139449
      0.6       0.7 0.0853333  0.140235
      0.8       0.7 0.0753333  0.146201
      0.9       0.7 0.0646667  0.155749
     0.95       0.7 0.0446667  0.166327
     0.99       0.7 0.0353333  0.183986
    0.999       0.7  0.120667  0.220211
   0.9999       0.7  0.199333  0.261054
        0       0.8  0.166667  0.466667
      0.2       0.8     0.104  0.164032
      0.4       0.8 0.0953333  0.165715
      0.6       0.8 0.0846667   0.17056
      0.8       0.8 0.0733333  0.182887
      0.9       0.8 0.0573333  0.197194
     0.95       0.8 0.0433333  0.210299
     0.99       0.8     0.068  0.235823
    0.999       0.8     0.192  0.281497
   0.9999       0.8  0.199333  0.300938
        0       0.9  0.166667  0.466667
      0.2       0.9     0.102  0.190756
      0.4       0.9     0.096  0.196037
      0.6       0.9      0.09  0.205298
      0.8       0.9 0.0733333   0.22328
      0.9       0.9     0.052  0.240633
     0.95       0.9      0.04  0.255765
     0.99       0.9  0.110667  0.289049
    0.999       0.9     0.198  0.325307
   0.9999       0.9       0.2  0.334269
        0         1  0.166667  0.466667
      0.2         1  0.106667  0.219994
      0.4         1       0.1  0.228514
      0.6         1 0.0893333  0.241339
      0.8         1 0.0726667   0.26298
      0.9         1      0.05  0.282138
     0.95         1 0.0653333  0.298992
     0.99         1  0.155333  0.333253
    0.999         1  0.199333   0.35828
   0.9999         1       0.2  0.362959
        0         2  0.166667  0.466667
      0.2         2  0.125333  0.410293
      0.4         2  0.108667  0.417627
      0.6         2 0.0953333  0.426122
      0.8         2  0.118667   0.43732
      0.9         2  0.163333   0.44642
     0.95         2  0.166667  0.454461
     0.99         2  0.166667   0.46731
    0.999         2       0.2  0.472435
   0.9999         2       0.2  0.473037
        0         4  0.166667  0.466667
      0.2         4  0.175333  0.456391
      0.4         4      0.15  0.458547
      0.6         4  0.121333  0.461445
      0.8         4     0.158  0.466696
      0.9         4  0.166667  0.472791
     0.95         4  0.166667  0.479246
     0.99         4  0.166667  0.489978
    0.999         4  0.198667  0.494042
   0.9999         4       0.2  0.494505