       0     0.05     0.49     0.49
     0.2     0.05     0.49     0.49
     0.4     0.05     0.49     0.49
     0.6     0.05     0.49     0.49
     0.8     0.05     0.49     0.49
     0.9     0.05     0.49     0.49
    0.95     0.05     0.49     0.49
    0.99     0.05     0.49     0.49
   0.999     0.05     0.49     0.49
  0.9999     0.05     0.49     0.49
       0      0.1     0.49     0.49
     0.2      0.1 0.448667 0.449275
     0.4      0.1    0.452 0.453841
     0.6      0.1 0.455333 0.457316
     0.8      0.1 0.459333 0.460304
     0.9      0.1 0.455333  0.46162
    0.95      0.1 0.460667 0.462236
    0.99      0.1 0.455333 0.461987
   0.999      0.1 0.465333 0.469783
  0.9999      0.1     0.48 0.477449
       0     0.15     0.49     0.49
     0.2     0.15 0.436667 0.436714
     0.4     0.15 0.441333 0.444495
     0.6     0.15 0.448667 0.450424
     0.8     0.15 0.449333 0.457049
     0.9     0.15 0.459333 0.461873
    0.95     0.15 0.457333 0.465754
    0.99     0.15    0.466 0.472441
   0.999     0.15 0.472667 0.476415
  0.9999     0.15    0.478 0.479546
       0      0.2     0.49     0.49
     0.2      0.2 0.412667 0.425413
     0.4      0.2 0.426667 0.435274
     0.6      0.2    0.434 0.443431
     0.8      0.2 0.437333 0.452967
     0.9      0.2 0.445333  0.46006
    0.95      0.2 0.443333 0.465431
    0.99      0.2 0.451333 0.473568
   0.999      0.2    0.448 0.479494
  0.9999      0.2 0.452667 0.484664
       0      0.3     0.49     0.49
     0.2      0.3    0.362 0.417224
     0.4      0.3 0.368667 0.427871
     0.6      0.3 0.366667 0.439622
     0.8      0.3 0.366667 0.455255
     0.9      0.3 0.364667 0.466979
    0.95      0.3 0.371333 0.475561
    0.99      0.3     0.41  0.48712
   0.999      0.3    0.488 0.494981
  0.9999      0.3     0.49  0.49878
       0      0.4     0.49     0.49
     0.2      0.4 0.350667 0.428563
     0.4      0.4 0.344667 0.439944
     0.6      0.4 0.337333   0.4528
     0.8      0.4 0.346667  0.46872
     0.9      0.4 0.392667 0.478891
    0.95      0.4 0.439333 0.485272
    0.99      0.4 0.489333 0.493442
   0.999      0.4     0.49 0.498726
  0.9999      0.4      0.5 0.499853
       0      0.5     0.49     0.49
     0.2      0.5 0.341333   0.4439
     0.4      0.5 0.336667  0.45355
     0.6      0.5 0.340667 0.464233
     0.8      0.5 0.368667 0.476553
     0.9      0.5 0.425333 0.483883
    0.95      0.5 0.473333 0.488479
    0.99      0.5     0.49 0.495086
   0.999      0.5 0.491333 0.499225
  0.9999      0.5      0.5 0.499917
       0      0.6     0.49     0.49
     0.2      0.6 0.334667 0.456233
     0.4      0.6 0.339333 0.463827
     0.6      0.6 0.343333 0.472016
     0.8      0.6 0.378667 0.481123
     0.9      0.6     0.44  0.48648
    0.95      0.6 0.487333 0.490013
    0.99      0.6     0.49 0.495754
   0.999      0.6 0.491333 0.499373
  0.9999      0.6      0.5 0.499934
       0      0.7     0.49     0.49
     0.2      0.7 0.335333 0.464745
     0.4      0.7 0.336667 0.470663
     0.6      0.7 0.343333 0.476942
     0.8      0.7 0.385333  0.48383
     0.9      0.7 0.457333 0.487949
    0.95      0.7     0.49 0.490848
    0.99      0.7     0.49 0.496078
   0.999      0.7     0.49 0.499435
  0.9999      0.7      0.5 0.499941
       0      0.8     0.49     0.49
     0.2      0.8 0.331333 0.470544
     0.4      0.8 0.331333 0.475223
     0.6      0.8    0.344 0.480145
     0.8      0.8 0.387333 0.485538
     0.9      0.8 0.469333 0.488855
    0.95      0.8     0.49  0.49135
    0.99      0.8     0.49 0.496256
   0.999      0.8     0.49 0.499467
  0.9999      0.8      0.5 0.499944
       0      0.9     0.49     0.49
     0.2      0.9 0.327333 0.474596
     0.4      0.9 0.328667 0.478371
     0.6      0.9    0.346 0.482326
     0.8      0.9 0.394667  0.48668
     0.9      0.9    0.476 0.489454
    0.95      0.9     0.49 0.491676
    0.99      0.9     0.49 0.496362
   0.999      0.9     0.49 0.499484
  0.9999      0.9      0.5 0.499946
       0        1     0.49     0.49
     0.2        1 0.326667  0.47752
     0.4        1    0.332 0.480624
     0.6        1 0.347333 0.483873
     0.8        1 0.394667 0.487482
     0.9        1 0.478667  0.48987
    0.95        1     0.49 0.491899
    0.99        1     0.49 0.496431
   0.999        1     0.49 0.499495
  0.9999        1      0.5 0.499947
       0        2     0.49     0.49
     0.2        2     0.32 0.486923
     0.4        2 0.333333  0.48778
     0.6        2 0.358667 0.488719
     0.8        2 0.409333 0.489952
     0.9        2    0.486 0.491131
    0.95        2     0.49 0.492556
    0.99        2     0.49 0.496604
   0.999        2     0.49 0.499519
  0.9999        2 0.493333  0.49995
       0        4     0.49     0.49
     0.2        4 0.321333 0.489269
     0.4        4 0.332667 0.489546
     0.6        4 0.362667 0.489901
     0.8        4    0.414 0.490546
     0.9        4 0.485333 0.491429
    0.95        4     0.49 0.492706
    0.99        4     0.49 0.496636
   0.999        4     0.49 0.499523
  0.9999        4     0.49  0.49995