       0     0.05    0.498 0.493333
     0.2     0.05    0.506 0.501549
     0.4     0.05 0.506667 0.500535
     0.6     0.05    0.512 0.499183
     0.8     0.05 0.511333 0.497064
     0.9     0.05 0.506667 0.495486
    0.95     0.05 0.500667 0.494695
    0.99     0.05    0.484 0.495933
   0.999     0.05    0.488 0.499115
  0.9999     0.05 0.495333 0.499822
       0      0.1    0.498 0.493333
     0.2      0.1    0.506 0.495449
     0.4      0.1 0.503333 0.494615
     0.6      0.1 0.508667   0.4938
     0.8      0.1 0.501333 0.493065
     0.9      0.1    0.494 0.493012
    0.95      0.1 0.483333 0.493593
    0.99      0.1 0.482667 0.496546
   0.999      0.1 0.487333  0.49936
  0.9999      0.1 0.495333 0.499841
       0     0.15    0.498 0.493333
     0.2     0.15    0.504 0.493111
     0.4     0.15    0.502 0.492804
     0.6     0.15      0.5 0.492552
     0.8     0.15    0.486 0.492508
     0.9     0.15    0.482 0.492948
    0.95     0.15 0.480667  0.49383
    0.99     0.15 0.492667 0.496764
   0.999     0.15 0.488667 0.499392
  0.9999     0.15 0.495333 0.499844
       0      0.2    0.498 0.493333
     0.2      0.2    0.502 0.492267
     0.4      0.2 0.494667 0.492173
     0.6      0.2     0.49 0.492156
     0.8      0.2 0.484667 0.492451
     0.9      0.2 0.481333  0.49311
    0.95      0.2 0.483333 0.494036
    0.99      0.2    0.486 0.496835
   0.999      0.2 0.488667 0.499402
  0.9999      0.2 0.495333 0.499849
       0      0.3    0.498 0.493333
     0.2      0.3    0.484 0.491731
     0.4      0.3 0.482667 0.491865
     0.6      0.3    0.486 0.492139
     0.8      0.3    0.486 0.492748
     0.9      0.3 0.480667 0.493453
    0.95      0.3     0.49  0.49429
    0.99      0.3    0.488 0.496912
   0.999      0.3 0.488667 0.499422
  0.9999      0.3 0.495333 0.499863
       0      0.4    0.498 0.493333
     0.2      0.4 0.483333 0.491949
     0.4      0.4    0.484 0.492179
     0.6      0.4 0.481333 0.492514
     0.8      0.4 0.487333 0.493081
     0.9      0.4 0.481333 0.493683
    0.95      0.4 0.491333 0.494436
    0.99      0.4 0.488667 0.496974
   0.999      0.4 0.488667 0.499447
  0.9999      0.4 0.495333  0.49988
       0      0.5    0.498 0.493333
     0.2      0.5 0.475333 0.492316
     0.4      0.5 0.476667 0.492534
     0.6      0.5 0.480667 0.492823
     0.8      0.5 0.489333  0.49329
     0.9      0.5 0.488667 0.493813
    0.95      0.5 0.491333 0.494519
    0.99      0.5 0.488667 0.497018
   0.999      0.5 0.488667 0.499469
  0.9999      0.5 0.495333 0.499896
       0      0.6    0.498 0.493333
     0.2      0.6 0.470667   0.4926
     0.4      0.6    0.474 0.492783
     0.6      0.6 0.478667  0.49302
     0.8      0.6 0.486667 0.493411
     0.9      0.6 0.496667 0.493887
    0.95      0.6 0.492667 0.494567
    0.99      0.6 0.488667 0.497047
   0.999      0.6 0.488667 0.499484
  0.9999      0.6 0.495333 0.499908
       0      0.7    0.498 0.493333
     0.2      0.7 0.474667 0.492794
     0.4      0.7 0.474667 0.492945
     0.6      0.7    0.478 0.493142
     0.8      0.7 0.488667 0.493484
     0.9      0.7     0.49 0.493931
    0.95      0.7 0.483333 0.494597
    0.99      0.7 0.488667 0.497067
   0.999      0.7 0.488667 0.499495
  0.9999      0.7 0.488667 0.499917
       0      0.8    0.498 0.493333
     0.2      0.8 0.475333 0.492925
     0.4      0.8 0.477333 0.493052
     0.6      0.8 0.477333 0.493221
     0.8      0.8 0.485333  0.49353
     0.9      0.8     0.49 0.493959
    0.95      0.8    0.484 0.494617
    0.99      0.8 0.488667  0.49708
   0.999      0.8 0.488667 0.499504
  0.9999      0.8 0.488667 0.499923
       0      0.9    0.498 0.493333
     0.2      0.9    0.476 0.493016
     0.4      0.9 0.477333 0.493126
     0.6      0.9    0.478 0.493274
     0.8      0.9    0.484 0.493561
     0.9      0.9 0.488667 0.493979
    0.95      0.9 0.483333 0.494631
    0.99      0.9 0.488667  0.49709
   0.999      0.9 0.488667 0.499509
  0.9999      0.9 0.488667 0.499928
       0        1    0.498 0.493333
     0.2        1 0.477333 0.493081
     0.4        1 0.479333 0.493178
     0.6        1 0.479333 0.493312
     0.8        1 0.483333 0.493583
     0.9        1    0.486 0.493992
    0.95        1    0.486  0.49464
    0.99        1 0.488667 0.497097
   0.999        1 0.488667 0.499514
  0.9999        1 0.488667 0.499932
       0        2    0.498 0.493333
     0.2        2 0.475333 0.493288
     0.4        2 0.482667  0.49334
     0.6        2 0.477333 0.493428
     0.8        2 0.483333  0.49365
     0.9        2 0.495333 0.494034
    0.95        2 0.488667 0.494671
    0.99        2 0.488667  0.49712
   0.999        2 0.488667 0.499529
  0.9999        2 0.488667 0.499945
       0        4    0.498 0.493333
     0.2        4 0.473333 0.493339
     0.4        4 0.482667 0.493379
     0.6        4 0.478667 0.493455
     0.8        4    0.484 0.493666
     0.9        4 0.493333 0.494045
    0.95        4 0.488667 0.494679
    0.99        4 0.488667 0.497126
   0.999        4 0.488667 0.499533
  0.9999        4 0.488667 0.499949