       0     0.05 0.493333 0.493333
     0.2     0.05 0.493333 0.493333
     0.4     0.05 0.493333 0.493333
     0.6     0.05 0.493333 0.493333
     0.8     0.05 0.493333 0.493333
     0.9     0.05 0.493333 0.493333
    0.95     0.05 0.493333 0.493333
    0.99     0.05 0.493333 0.493333
   0.999     0.05 0.493333 0.493333
  0.9999     0.05 0.493333 0.493333
       0      0.1 0.493333 0.493333
     0.2      0.1    0.472 0.470664
     0.4      0.1    0.478 0.470479
     0.6      0.1 0.464667 0.467984
     0.8      0.1    0.462 0.465507
     0.9      0.1 0.461333 0.464672
    0.95      0.1    0.464 0.465265
    0.99      0.1    0.464 0.469429
   0.999      0.1 0.469333 0.473098
  0.9999      0.1    0.476 0.473844
       0     0.15 0.493333 0.493333
     0.2     0.15 0.455333 0.465288
     0.4     0.15 0.464667 0.469608
     0.6     0.15 0.470667 0.472145
     0.8     0.15 0.468667 0.473188
     0.9     0.15    0.456  0.47405
    0.95     0.15 0.462667 0.475018
    0.99     0.15 0.469333 0.474702
   0.999     0.15 0.469333 0.480353
  0.9999     0.15 0.504667 0.496826
       0      0.2 0.493333 0.493333
     0.2      0.2     0.46  0.45803
     0.4      0.2    0.452 0.463171
     0.6      0.2 0.463333 0.468195
     0.8      0.2    0.466 0.473311
     0.9      0.2    0.464 0.476177
    0.95      0.2     0.46 0.478298
    0.99      0.2 0.505333 0.485733
   0.999      0.2    0.494 0.494191
  0.9999      0.2 0.494667 0.494977
       0      0.3 0.493333 0.493333
     0.2      0.3 0.427333 0.447588
     0.4      0.3 0.421333 0.454784
     0.6      0.3    0.422 0.461782
     0.8      0.3 0.416667 0.470491
     0.9      0.3 0.477333 0.477511
    0.95      0.3 0.485333 0.483442
    0.99      0.3    0.492 0.492126
   0.999      0.3    0.498 0.497531
  0.9999      0.3      0.5 0.499554
       0      0.4 0.493333 0.493333
     0.2      0.4 0.409333 0.452287
     0.4      0.4     0.41 0.460161
     0.6      0.4    0.426 0.468611
     0.8      0.4 0.464667 0.478785
     0.9      0.4 0.482667 0.485317
    0.95      0.4 0.491333 0.489491
    0.99      0.4 0.493333 0.494979
   0.999      0.4    0.498 0.498937
  0.9999      0.4      0.5 0.499875
       0      0.5 0.493333 0.493333
     0.2      0.5    0.402 0.457625
     0.4      0.5    0.398 0.464966
     0.6      0.5    0.406 0.473004
     0.8      0.5 0.444667 0.482305
     0.9      0.5 0.475333 0.487862
    0.95      0.5 0.489333 0.491263
    0.99      0.5 0.493333 0.495925
   0.999      0.5 0.495333 0.499268
  0.9999      0.5      0.5 0.499919
       0      0.6 0.493333 0.493333
     0.2      0.6 0.386667 0.464504
     0.4      0.6    0.388 0.470816
     0.6      0.6 0.382667 0.477646
     0.8      0.6    0.436 0.485261
     0.9      0.6 0.472667 0.489637
    0.95      0.6 0.493333 0.492325
    0.99      0.6 0.493333 0.496386
   0.999      0.6    0.494 0.499392
  0.9999      0.6      0.5 0.499934
       0      0.7 0.493333 0.493333
     0.2      0.7    0.376 0.470539
     0.4      0.7 0.374667 0.475767
     0.6      0.7    0.378 0.481319
     0.8      0.7 0.430667 0.487356
     0.9      0.7    0.476 0.490789
    0.95      0.7 0.493333 0.492969
    0.99      0.7 0.493333 0.496632
   0.999      0.7 0.493333 0.499448
  0.9999      0.7      0.5 0.499941
       0      0.8 0.493333 0.493333
     0.2      0.8 0.367333 0.475158
     0.4      0.8     0.37 0.479448
     0.6      0.8 0.373333 0.483947
     0.8      0.8 0.426667  0.48878
     0.9      0.8    0.482 0.491546
    0.95      0.8 0.493333 0.493381
    0.99      0.8 0.493333 0.496774
   0.999      0.8 0.493333 0.499477
  0.9999      0.8      0.5 0.499944
       0      0.9 0.493333 0.493333
     0.2      0.9 0.362667 0.478612
     0.4      0.9 0.364667 0.482152
     0.6      0.9 0.371333 0.485838
     0.8      0.9 0.424667 0.489779
     0.9      0.9 0.485333 0.492067
    0.95      0.9 0.493333 0.493659
    0.99      0.9 0.493333 0.496863
   0.999      0.9 0.493333 0.499494
  0.9999      0.9      0.5 0.499946
       0        1 0.493333 0.493333
     0.2        1 0.360667 0.481214
     0.4        1 0.362667 0.484169
     0.6        1 0.371333  0.48723
     0.8        1 0.424667 0.490504
     0.9        1    0.486 0.492442
    0.95        1 0.493333 0.493857
    0.99        1 0.493333 0.496922
   0.999        1 0.493333 0.499505
  0.9999        1      0.5 0.499947
       0        2 0.493333 0.493333
     0.2        2 0.352667 0.490183
     0.4        2    0.356 0.491006
     0.6        2 0.370667 0.491868
     0.8        2 0.426667  0.49287
     0.9        2 0.486667 0.493646
    0.95        2 0.493333 0.494479
    0.99        2 0.493333 0.497084
   0.999        2 0.493333  0.49953
  0.9999        2 0.493333  0.49995
       0        4 0.493333 0.493333
     0.2        4    0.354 0.492555
     0.4        4 0.361333 0.492792
     0.6        4 0.370667 0.493063
     0.8        4    0.426 0.493471
     0.9        4 0.488667 0.493948
    0.95        4 0.493333 0.494631
    0.99        4 0.493333 0.497117
   0.999        4 0.493333 0.499534
  0.9999        4 0.493333  0.49995