        0      0.05  0.446667  0.466667
      0.2      0.05 0.0766667  0.121008
      0.4      0.05 0.0753333  0.134941
      0.6      0.05     0.078   0.15838
      0.8      0.05     0.082  0.208885
      0.9      0.05     0.092  0.270056
     0.95      0.05     0.132  0.334583
     0.99      0.05      0.25  0.445785
    0.999      0.05     0.478  0.492273
   0.9999      0.05      0.48  0.498026
        0       0.1  0.446667  0.466667
      0.2       0.1 0.0786667  0.219718
      0.4       0.1     0.084  0.243682
      0.6       0.1 0.0986667  0.279126
      0.8       0.1  0.141333  0.339837
      0.9       0.1     0.212  0.393154
     0.95       0.1  0.248667  0.433627
     0.99       0.1  0.426667  0.481469
    0.999       0.1      0.48  0.496276
   0.9999       0.1      0.48  0.497902
        0      0.15  0.446667  0.466667
      0.2      0.15  0.113333  0.299569
      0.4      0.15     0.132  0.323672
      0.6      0.15  0.166667    0.3559
      0.8      0.15  0.238667  0.402726
      0.9      0.15  0.239333  0.437249
     0.95      0.15  0.304667  0.461062
     0.99      0.15  0.446667  0.488378
    0.999      0.15      0.48  0.496818
   0.9999      0.15      0.48  0.497743
        0       0.2  0.446667  0.466667
      0.2       0.2      0.17  0.354653
      0.4       0.2     0.202  0.374937
      0.6       0.2     0.234  0.399916
      0.8       0.2  0.242667  0.432744
      0.9       0.2     0.308  0.455562
     0.95       0.2  0.434667  0.471494
     0.99       0.2  0.446667  0.490794
    0.999       0.2      0.48  0.497051
   0.9999       0.2      0.48  0.497744
        0       0.3  0.446667  0.466667
      0.2       0.3     0.248  0.417672
      0.4       0.3  0.250667  0.428835
      0.6       0.3  0.258667  0.441559
      0.8       0.3     0.348  0.457662
      0.9       0.3  0.445333  0.469698
     0.95       0.3  0.446667   0.47931
     0.99       0.3  0.446667  0.492753
    0.999       0.3      0.48  0.497494
   0.9999       0.3      0.48  0.498028
        0       0.4  0.446667  0.466667
      0.2       0.4  0.266667  0.445111
      0.4       0.4     0.276  0.450727
      0.6       0.4  0.313333   0.45727
      0.8       0.4     0.438  0.466418
      0.9       0.4  0.446667  0.474589
     0.95       0.4  0.446667  0.482116
     0.99       0.4  0.446667  0.493704
    0.999       0.4      0.48  0.497957
   0.9999       0.4      0.48   0.49844
        0       0.5  0.446667  0.466667
      0.2       0.5     0.286  0.456391
      0.4       0.5  0.298667  0.459535
      0.6       0.5      0.38  0.463482
      0.8       0.5  0.446667   0.46988
      0.9       0.5  0.446667  0.476599
     0.95       0.5  0.446667  0.483365
     0.99       0.5  0.446667  0.494271
    0.999       0.5      0.48  0.498336
   0.9999       0.5      0.48  0.498799
        0       0.6  0.446667  0.466667
      0.2       0.6     0.298  0.461294
      0.4       0.6  0.329333  0.463357
      0.6       0.6  0.426667  0.466189
      0.8       0.6  0.446667   0.47143
      0.9       0.6  0.446667  0.477551
     0.95       0.6  0.446667  0.484007
     0.99       0.6  0.446667   0.49463
    0.999       0.6      0.48  0.498614
   0.9999       0.6      0.48  0.499067
        0       0.7  0.446667  0.466667
      0.2       0.7  0.308667  0.463648
      0.4       0.7     0.354  0.465202
      0.6       0.7  0.440667  0.467513
      0.8       0.7  0.446667  0.472216
      0.9       0.7  0.446667  0.478062
     0.95       0.7  0.446667  0.484375
     0.99       0.7  0.446667  0.494867
    0.999       0.7      0.48  0.498812
   0.9999       0.7      0.48   0.49926
        0       0.8  0.446667  0.466667
      0.2       0.8     0.318  0.464892
      0.4       0.8  0.367333  0.466186
      0.6       0.8  0.445333  0.468229
      0.8       0.8  0.446667  0.472658
      0.9       0.8  0.446667  0.478364
     0.95       0.8  0.446667  0.484606
     0.99       0.8  0.446667   0.49503
    0.999       0.8      0.48  0.498954
   0.9999       0.8      0.48  0.499401
        0       0.9  0.446667  0.466667
      0.2       0.9  0.330667  0.465607
      0.4       0.9  0.387333  0.466755
      0.6       0.9  0.446667  0.468651
      0.8       0.9  0.446667  0.472928
      0.9       0.9  0.446667  0.478557
     0.95       0.9  0.446667  0.484759
     0.99       0.9  0.446667  0.495146
    0.999       0.9      0.48  0.499059
   0.9999       0.9      0.48  0.499504
        0         1  0.446667  0.466667
      0.2         1  0.333333  0.466046
      0.4         1     0.402  0.467109
      0.6         1  0.446667  0.468916
      0.8         1  0.446667  0.473104
      0.9         1  0.446667  0.478688
     0.95         1  0.446667  0.484867
     0.99         1  0.446667  0.495232
    0.999         1      0.48  0.499137
   0.9999         1      0.48  0.499582
        0         2  0.446667  0.466667
      0.2         2     0.348   0.46703
      0.4         2      0.44  0.467924
      0.6         2  0.446667  0.469557
      0.8         2  0.446667  0.473568
      0.9         2  0.446667  0.479062
     0.95         2  0.446667  0.485195
     0.99         2  0.446667  0.495517
    0.999         2  0.446667  0.499409
   0.9999         2      0.48  0.499852
        0         4  0.446667  0.466667
      0.2         4     0.362  0.467175
      0.4         4  0.441333  0.468051
      0.6         4  0.446667  0.469667
      0.8         4  0.446667  0.473659
      0.9         4  0.446667  0.479145
     0.95         4  0.446667  0.485274
     0.99         4  0.446667  0.495591
    0.999         4  0.446667  0.499482
   0.9999         4  0.446667  0.499925