        0      0.05  0.193333  0.493333
      0.2      0.05  0.192667  0.383667
      0.4      0.05  0.192667  0.382333
      0.6      0.05  0.192667  0.382333
      0.8      0.05  0.192667  0.381333
      0.9      0.05  0.192667  0.381333
     0.95      0.05  0.192667  0.381333
     0.99      0.05  0.192667  0.380667
    0.999      0.05  0.192667      0.38
   0.9999      0.05  0.192667  0.379333
        0       0.1  0.193333  0.493333
      0.2       0.1     0.076 0.0750444
      0.4       0.1 0.0726667 0.0725941
      0.6       0.1 0.0693333 0.0698043
      0.8       0.1 0.0666667   0.06693
      0.9       0.1 0.0626667 0.0650859
     0.95       0.1 0.0626667 0.0643073
     0.99       0.1 0.0646667 0.0640441
    0.999       0.1     0.064 0.0646988
   0.9999       0.1 0.0633333 0.0648372
        0      0.15  0.193333  0.493333
      0.2      0.15 0.0813333 0.0793406
      0.4      0.15     0.076 0.0761327
      0.6      0.15     0.074 0.0728938
      0.8      0.15 0.0653333 0.0685779
      0.9      0.15 0.0666667 0.0664764
     0.95      0.15 0.0633333 0.0659427
     0.99      0.15     0.064 0.0662391
    0.999      0.15     0.064 0.0672778
   0.9999      0.15 0.0706667 0.0709628
        0       0.2  0.193333  0.493333
      0.2       0.2 0.0793333 0.0796453
      0.4       0.2 0.0773333 0.0767572
      0.6       0.2 0.0746667 0.0732032
      0.8       0.2 0.0646667 0.0686847
      0.9       0.2 0.0606667 0.0664853
     0.95       0.2 0.0633333 0.0663812
     0.99       0.2      0.07 0.0684927
    0.999       0.2 0.0706667 0.0720026
   0.9999       0.2 0.0713333 0.0721502
        0       0.3  0.193333  0.493333
      0.2       0.3 0.0913333 0.0950855
      0.4       0.3 0.0826667 0.0854139
      0.6       0.3     0.074 0.0792215
      0.8       0.3 0.0673333  0.073701
      0.9       0.3     0.062  0.071539
     0.95       0.3 0.0706667 0.0715348
     0.99       0.3 0.0666667 0.0744628
    0.999       0.3      0.07 0.0981408
   0.9999       0.3 0.0986667  0.157252
        0       0.4  0.193333  0.493333
      0.2       0.4  0.103333  0.116657
      0.4       0.4 0.0933333  0.104727
      0.6       0.4     0.086 0.0963334
      0.8       0.4     0.076 0.0891805
      0.9       0.4 0.0646667 0.0874855
     0.95       0.4 0.0586667 0.0911309
     0.99       0.4     0.044  0.123709
    0.999       0.4 0.0366667  0.197187
   0.9999       0.4     0.034  0.209425
        0       0.5  0.193333  0.493333
      0.2       0.5  0.127333   0.14477
      0.4       0.5      0.11  0.131181
      0.6       0.5 0.0946667  0.122483
      0.8       0.5 0.0806667  0.119228
      0.9       0.5 0.0706667  0.125558
     0.95       0.5     0.056  0.139051
     0.99       0.5 0.0373333  0.178227
    0.999       0.5 0.0286667  0.194952
   0.9999       0.5 0.0573333  0.197432
        0       0.6  0.193333  0.493333
      0.2       0.6     0.154  0.179401
      0.4       0.6  0.130667  0.165577
      0.6       0.6  0.111333  0.157745
      0.8       0.6 0.0846667  0.157721
      0.9       0.6 0.0746667  0.166915
     0.95       0.6      0.06  0.180414
     0.99       0.6 0.0346667  0.207069
    0.999       0.6 0.0486667  0.219847
   0.9999       0.6     0.192  0.252115
        0       0.7  0.193333  0.493333
      0.2       0.7  0.181333  0.214711
      0.4       0.7  0.158667  0.203171
      0.6       0.7  0.130667  0.197061
      0.8       0.7     0.102  0.199431
      0.9       0.7 0.0813333  0.210431
     0.95       0.7     0.068  0.224087
     0.99       0.7      0.05  0.245838
    0.999       0.7  0.179333  0.268511
   0.9999       0.7  0.199333  0.287627
        0       0.8  0.193333  0.493333
      0.2       0.8  0.199333  0.248245
      0.4       0.8     0.176  0.240364
      0.6       0.8  0.157333  0.237842
      0.8       0.8  0.119333   0.24466
      0.9       0.8 0.0966667  0.257647
     0.95       0.8 0.0886667  0.270302
     0.99       0.8  0.105333  0.288044
    0.999       0.8     0.194  0.305906
   0.9999       0.8       0.2  0.313678
        0       0.9  0.193333  0.493333
      0.2       0.9     0.212  0.278891
      0.4       0.9  0.194667   0.27543
      0.6       0.9     0.174  0.277103
      0.8       0.9  0.136667  0.287782
      0.9       0.9  0.114667  0.300564
     0.95       0.9     0.116  0.310538
     0.99       0.9  0.157333  0.323241
    0.999       0.9     0.196  0.334244
   0.9999       0.9       0.2  0.337735
        0         1  0.193333  0.493333
      0.2         1     0.222  0.306184
      0.4         1  0.206667  0.306678
      0.6         1     0.192  0.311676
      0.8         1     0.156  0.324015
      0.9         1     0.134  0.334976
     0.95         1     0.138  0.342222
     0.99         1  0.185333  0.351173
    0.999         1  0.198667  0.358162
   0.9999         1       0.2  0.360073
        0         2  0.193333  0.493333
      0.2         2  0.266667  0.441281
      0.4         2  0.256667  0.445835
      0.6         2  0.232667  0.450696
      0.8         2  0.189333  0.455911
      0.9         2  0.186667  0.458822
     0.95         2  0.193333  0.460698
     0.99         2  0.193333  0.464087
    0.999         2  0.198667  0.466816
   0.9999         2       0.2    0.4673
        0         4  0.193333  0.493333
      0.2         4     0.292  0.482254
      0.4         4  0.284667  0.483484
      0.6         4  0.259333  0.484773
      0.8         4     0.202  0.486219
      0.9         4  0.192667  0.487223
     0.95         4  0.193333  0.488172
     0.99         4  0.193333  0.490869
    0.999         4  0.193333  0.493336
   0.9999         4       0.2  0.493759