        0      0.05      0.19      0.49
      0.2      0.05      0.19  0.371333
      0.4      0.05      0.19  0.371333
      0.6      0.05      0.19  0.371333
      0.8      0.05      0.19  0.371333
      0.9      0.05      0.19  0.371333
     0.95      0.05      0.19  0.371333
     0.99      0.05      0.19  0.371333
    0.999      0.05      0.19  0.370667
   0.9999      0.05      0.19      0.37
        0       0.1      0.19      0.49
      0.2       0.1     0.072 0.0724415
      0.4       0.1     0.072   0.07346
      0.6       0.1 0.0746667 0.0749187
      0.8       0.1 0.0766667  0.075908
      0.9       0.1 0.0766667 0.0766539
     0.95       0.1 0.0786667  0.077511
     0.99       0.1 0.0786667 0.0785229
    0.999       0.1 0.0793333 0.0787231
   0.9999       0.1     0.078 0.0784914
        0      0.15      0.19      0.49
      0.2      0.15 0.0726667 0.0724406
      0.4      0.15 0.0733333  0.073206
      0.6      0.15 0.0733333 0.0747842
      0.8      0.15 0.0766667 0.0771506
      0.9      0.15 0.0793333 0.0785602
     0.95      0.15 0.0793333 0.0790714
     0.99      0.15 0.0806667  0.079476
    0.999      0.15     0.078 0.0779104
   0.9999      0.15     0.078 0.0781389
        0       0.2      0.19      0.49
      0.2       0.2     0.072 0.0714634
      0.4       0.2     0.074 0.0732382
      0.6       0.2 0.0753333 0.0749283
      0.8       0.2 0.0773333 0.0775469
      0.9       0.2 0.0793333 0.0789547
     0.95       0.2 0.0806667 0.0795384
     0.99       0.2 0.0793333 0.0790953
    0.999       0.2     0.078 0.0813845
   0.9999       0.2 0.0833333 0.0851393
        0       0.3      0.19      0.49
      0.2       0.3 0.0686667 0.0715112
      0.4       0.3      0.07 0.0715623
      0.6       0.3 0.0713333 0.0728385
      0.8       0.3 0.0746667 0.0749095
      0.9       0.3 0.0766667 0.0763398
     0.95       0.3 0.0766667 0.0768817
     0.99       0.3 0.0773333 0.0801183
    0.999       0.3 0.0873333  0.105532
   0.9999       0.3     0.134  0.131146
        0       0.4      0.19      0.49
      0.2       0.4     0.072 0.0871443
      0.4       0.4 0.0633333 0.0796702
      0.6       0.4 0.0626667 0.0766601
      0.8       0.4 0.0633333 0.0759064
      0.9       0.4 0.0593333 0.0771222
     0.95       0.4 0.0593333 0.0800948
     0.99       0.4     0.054 0.0961248
    0.999       0.4     0.076   0.11859
   0.9999       0.4 0.0313333  0.114763
        0       0.5      0.19      0.49
      0.2       0.5 0.0926667  0.115046
      0.4       0.5 0.0706667    0.1042
      0.6       0.5     0.068 0.0980234
      0.8       0.5 0.0593333 0.0959823
      0.9       0.5 0.0546667  0.099196
     0.95       0.5     0.048   0.10552
     0.99       0.5     0.032  0.123408
    0.999       0.5     0.038  0.129772
   0.9999       0.5 0.0933333  0.138154
        0       0.6      0.19      0.49
      0.2       0.6  0.110667  0.144822
      0.4       0.6     0.094  0.134673
      0.6       0.6      0.08  0.129347
      0.8       0.6 0.0673333  0.129748
      0.9       0.6     0.056  0.136236
     0.95       0.6      0.04  0.145238
     0.99       0.6     0.038   0.16241
    0.999       0.6 0.0766667  0.168702
   0.9999       0.6  0.171333  0.206216
        0       0.7      0.19      0.49
      0.2       0.7      0.13  0.175125
      0.4       0.7  0.107333  0.167182
      0.6       0.7 0.0946667  0.164789
      0.8       0.7      0.08  0.169733
      0.9       0.7 0.0533333  0.179657
     0.95       0.7 0.0433333  0.190444
     0.99       0.7 0.0526667  0.206438
    0.999       0.7  0.113333  0.230369
   0.9999       0.7      0.19  0.267114
        0       0.8      0.19      0.49
      0.2       0.8  0.150667  0.202455
      0.4       0.8  0.128667  0.198952
      0.6       0.8  0.111333   0.20076
      0.8       0.8 0.0826667  0.211143
      0.9       0.8 0.0593333  0.224381
     0.95       0.8     0.052  0.236312
     0.99       0.8 0.0773333  0.255835
    0.999       0.8  0.177333  0.290121
   0.9999       0.8  0.198667    0.3113
        0       0.9      0.19      0.49
      0.2       0.9     0.162  0.227558
      0.4       0.9     0.144  0.229216
      0.6       0.9  0.125333  0.235953
      0.8       0.9 0.0913333  0.252005
      0.9       0.9 0.0673333  0.268006
     0.95       0.9     0.064  0.281125
     0.99       0.9  0.110667  0.305729
    0.999       0.9  0.187333  0.335433
   0.9999       0.9       0.2  0.346209
        0         1      0.19      0.49
      0.2         1     0.176  0.252684
      0.4         1  0.159333  0.259136
      0.6         1     0.134  0.270625
      0.8         1     0.088  0.291352
      0.9         1 0.0733333  0.309092
     0.95         1 0.0873333  0.323164
     0.99         1  0.144667  0.348547
    0.999         1  0.191333  0.369514
   0.9999         1       0.2    0.3753
        0         2      0.19      0.49
      0.2         2  0.247333  0.437542
      0.4         2     0.218  0.445336
      0.6         2  0.178667  0.453554
      0.8         2      0.14  0.462362
      0.9         2  0.160667  0.467303
     0.95         2  0.187333  0.470452
     0.99         2      0.19  0.475824
    0.999         2  0.191333  0.479822
   0.9999         2       0.2  0.480501
        0         4      0.19      0.49
      0.2         4  0.298667  0.481117
      0.4         4  0.277333  0.482605
      0.6         4  0.244667  0.484156
      0.8         4     0.184  0.485965
      0.9         4  0.184667   0.48739
     0.95         4      0.19  0.488904
     0.99         4      0.19  0.493038
    0.999         4      0.19  0.496116
   0.9999         4       0.2  0.496582