        0      0.05  0.466667  0.466667
      0.2      0.05 0.0846667 0.0916667
      0.4      0.05 0.0846667 0.0913333
      0.6      0.05 0.0846667 0.0913333
      0.8      0.05 0.0846667 0.0916667
      0.9      0.05 0.0846667 0.0916667
     0.95      0.05 0.0846667 0.0916667
     0.99      0.05     0.086 0.0916667
    0.999      0.05     0.086 0.0916667
   0.9999      0.05     0.086     0.092
        0       0.1  0.466667  0.466667
      0.2       0.1 0.0793333 0.0793011
      0.4       0.1 0.0793333 0.0793342
      0.6       0.1 0.0793333 0.0793357
      0.8       0.1 0.0793333 0.0793378
      0.9       0.1 0.0793333 0.0793414
     0.95       0.1 0.0793333 0.0793474
     0.99       0.1 0.0793333 0.0793873
    0.999       0.1 0.0793333 0.0798163
   0.9999       0.1 0.0793333 0.0834834
        0      0.15  0.466667  0.466667
      0.2      0.15     0.076 0.0765908
      0.4      0.15 0.0753333 0.0766276
      0.6      0.15 0.0793333 0.0792814
      0.8      0.15 0.0793333 0.0804218
      0.9      0.15 0.0793333  0.081368
     0.95      0.15 0.0793333  0.082935
     0.99      0.15 0.0793333 0.0909953
    0.999      0.15     0.108   0.10729
   0.9999      0.15  0.109333  0.112359
        0       0.2  0.466667  0.466667
      0.2       0.2 0.0713333 0.0770743
      0.4       0.2 0.0766667 0.0810652
      0.6       0.2 0.0746667 0.0808159
      0.8       0.2     0.076 0.0861332
      0.9       0.2 0.0793333 0.0916263
     0.95       0.2     0.082 0.0971758
     0.99       0.2     0.108  0.108395
    0.999       0.2  0.109333  0.114119
   0.9999       0.2  0.111333  0.113669
        0       0.3  0.466667  0.466667
      0.2       0.3 0.0813333  0.101415
      0.4       0.3 0.0746667 0.0982097
      0.6       0.3 0.0726667 0.0950626
      0.8       0.3 0.0926667 0.0995567
      0.9       0.3     0.102  0.103626
     0.95       0.3  0.102667  0.107054
     0.99       0.3     0.108  0.107701
    0.999       0.3 0.0926667  0.103744
   0.9999       0.3 0.0926667  0.108086
        0       0.4  0.466667  0.466667
      0.2       0.4  0.100667  0.121404
      0.4       0.4  0.105333  0.115256
      0.6       0.4  0.112667  0.112871
      0.8       0.4 0.0993333  0.107246
      0.9       0.4     0.094  0.105765
     0.95       0.4     0.092  0.105618
     0.99       0.4     0.088  0.107594
    0.999       0.4 0.0906667  0.121331
   0.9999       0.4 0.0913333    0.1471
        0       0.5  0.466667  0.466667
      0.2       0.5     0.134  0.138887
      0.4       0.5  0.126667  0.132085
      0.6       0.5     0.116  0.126436
      0.8       0.5  0.114667  0.121119
      0.9       0.5  0.103333  0.118225
     0.95       0.5     0.094  0.118803
     0.99       0.5 0.0873333  0.131918
    0.999       0.5 0.0866667  0.181995
   0.9999       0.5     0.258  0.281694
        0       0.6  0.466667  0.466667
      0.2       0.6  0.144667  0.150868
      0.4       0.6  0.133333  0.145817
      0.6       0.6  0.127333   0.14152
      0.8       0.6  0.117333  0.137848
      0.9       0.6  0.116667  0.139065
     0.95       0.6  0.119333  0.145437
     0.99       0.6     0.124  0.180752
    0.999       0.6  0.228667  0.278143
   0.9999       0.6     0.342  0.378593
        0       0.7  0.466667  0.466667
      0.2       0.7  0.149333  0.162346
      0.4       0.7  0.141333  0.157886
      0.6       0.7  0.132667   0.15639
      0.8       0.7  0.126667   0.15875
      0.9       0.7  0.122667  0.167571
     0.95       0.7     0.122  0.183568
     0.99       0.7     0.148  0.243152
    0.999       0.7     0.262  0.352431
   0.9999       0.7  0.281333  0.428623
        0       0.8  0.466667  0.466667
      0.2       0.8  0.153333  0.175449
      0.4       0.8  0.144667  0.173249
      0.6       0.8     0.136   0.17508
      0.8       0.8  0.133333  0.186044
      0.9       0.8     0.136  0.205334
     0.95       0.8     0.144  0.231536
     0.99       0.8     0.222  0.307322
    0.999       0.8     0.254  0.410135
   0.9999       0.8     0.414  0.459812
        0       0.9  0.466667  0.466667
      0.2       0.9  0.153333  0.192423
      0.4       0.9  0.148667   0.19411
      0.6       0.9  0.141333  0.201063
      0.8       0.9  0.138667  0.221586
      0.9       0.9  0.147333  0.250165
     0.95       0.9  0.161333    0.2839
     0.99       0.9  0.222667  0.366482
    0.999       0.9     0.342   0.44614
   0.9999       0.9  0.452667  0.478663
        0         1  0.466667  0.466667
      0.2         1     0.156  0.214344
      0.4         1      0.15  0.220348
      0.6         1  0.152667  0.232919
      0.8         1     0.154  0.261874
      0.9         1  0.164667  0.296693
     0.95         1     0.186   0.33368
     0.99         1  0.319333  0.409153
    0.999         1     0.404  0.468214
   0.9999         1       0.5  0.492296
        0         2  0.466667  0.466667
      0.2         2     0.332  0.406216
      0.4         2  0.331333  0.416328
      0.6         2  0.344667  0.429217
      0.8         2  0.349333  0.448224
      0.9         2     0.352  0.464009
     0.95         2  0.355333  0.476637
     0.99         2  0.466667  0.493482
    0.999         2  0.499333  0.499272
   0.9999         2       0.5  0.499926
        0         4  0.466667  0.466667
      0.2         4  0.412667  0.458188
      0.4         4     0.408  0.460991
      0.6         4  0.377333  0.464712
      0.8         4  0.365333  0.471029
      0.9         4  0.362667  0.477779
     0.95         4  0.395333  0.484571
     0.99         4  0.466667  0.495454
    0.999         4  0.466667   0.49949
   0.9999         4       0.5  0.499948