       0     0.05     0.47     0.49
     0.2     0.05 0.149333 0.170051
     0.4     0.05 0.151333 0.183454
     0.6     0.05    0.158  0.20452
     0.8     0.05 0.178667  0.24748
     0.9     0.05 0.234667 0.298316
    0.95     0.05    0.274 0.351704
    0.99     0.05    0.344 0.446504
   0.999     0.05 0.343333 0.492175
  0.9999     0.05     0.48 0.498416
       0      0.1     0.47     0.49
     0.2      0.1 0.194667 0.249835
     0.4      0.1    0.218 0.273531
     0.6      0.1 0.248667 0.306572
     0.8      0.1 0.280667 0.360296
     0.9      0.1 0.306667 0.405707
    0.95      0.1 0.344667 0.439874
    0.99      0.1 0.308667 0.482065
   0.999      0.1    0.476  0.49678
  0.9999      0.1     0.48 0.498516
       0     0.15     0.47     0.49
     0.2     0.15    0.272 0.325551
     0.4     0.15     0.28 0.347774
     0.6     0.15 0.288667  0.37673
     0.8     0.15 0.330667 0.417824
     0.9     0.15 0.338667 0.447428
    0.95     0.15 0.328667 0.467171
    0.99     0.15    0.452 0.489456
   0.999     0.15     0.48 0.497252
  0.9999     0.15     0.48 0.498202
       0      0.2     0.47     0.49
     0.2      0.2 0.295333  0.37733
     0.4      0.2    0.312 0.395679
     0.6      0.2    0.332 0.418142
     0.8      0.2 0.336667 0.447231
     0.9      0.2 0.324667 0.466288
    0.95      0.2 0.329333  0.47828
    0.99      0.2     0.47 0.491985
   0.999      0.2     0.48 0.497351
  0.9999      0.2     0.48 0.498043
       0      0.3     0.47     0.49
     0.2      0.3    0.344 0.437933
     0.4      0.3 0.346667 0.448325
     0.6      0.3 0.340667 0.459932
     0.8      0.3 0.330667 0.473393
     0.9      0.3 0.348667 0.481514
    0.95      0.3 0.458667 0.486692
    0.99      0.3     0.47 0.493933
   0.999      0.3     0.48  0.49765
  0.9999      0.3     0.48 0.498169
       0      0.4     0.47     0.49
     0.2      0.4    0.358 0.465937
     0.4      0.4     0.35 0.471045
     0.6      0.4 0.345333 0.476566
     0.8      0.4 0.340667 0.482823
     0.9      0.4 0.441333 0.486734
    0.95      0.4     0.47 0.489594
    0.99      0.4     0.47 0.494839
   0.999      0.4     0.48  0.49806
  0.9999      0.4     0.48 0.498526
       0      0.5     0.47     0.49
     0.2      0.5 0.368667 0.477827
     0.4      0.5 0.354667 0.480435
     0.6      0.5    0.352 0.483258
     0.8      0.5 0.355333 0.486548
     0.9      0.5 0.466667 0.488837
    0.95      0.5     0.47 0.490842
    0.99      0.5     0.47 0.495373
   0.999      0.5 0.476667 0.498413
  0.9999      0.5     0.48 0.498858
       0      0.6     0.47     0.49
     0.2      0.6 0.375333 0.483117
     0.4      0.6 0.362667 0.484594
     0.6      0.6 0.354667  0.48622
     0.8      0.6 0.385333 0.488223
     0.9      0.6     0.47 0.489825
    0.95      0.6     0.47 0.491474
    0.99      0.6     0.47  0.49571
   0.999      0.6     0.47 0.498674
  0.9999      0.6     0.48  0.49911
       0      0.7     0.47     0.49
     0.2      0.7 0.377333 0.485719
     0.4      0.7 0.364667 0.486646
     0.6      0.7 0.359333 0.487693
     0.8      0.7     0.41  0.48908
     0.9      0.7     0.47 0.490355
    0.95      0.7     0.47 0.491836
    0.99      0.7     0.47 0.495933
   0.999      0.7     0.47 0.498861
  0.9999      0.7     0.48 0.499294
       0      0.8     0.47     0.49
     0.2      0.8 0.382667  0.48713
     0.4      0.8 0.366667 0.487766
     0.6      0.8 0.359333 0.488506
     0.8      0.8    0.426 0.489566
     0.9      0.8     0.47  0.49067
    0.95      0.8     0.47 0.492062
    0.99      0.8     0.47 0.496087
   0.999      0.8     0.47 0.498997
  0.9999      0.8     0.48 0.499427
       0      0.9     0.47     0.49
     0.2      0.9 0.386667 0.487963
     0.4      0.9    0.368 0.488431
     0.6      0.9 0.355333 0.488994
     0.8      0.9 0.439333 0.489867
     0.9      0.9     0.47 0.490872
    0.95      0.9     0.47 0.492214
    0.99      0.9     0.47 0.496197
   0.999      0.9     0.47 0.499096
  0.9999      0.9     0.48 0.499525
       0        1     0.47     0.49
     0.2        1 0.389333 0.488488
     0.4        1 0.370667 0.488853
     0.6        1 0.361333 0.489307
     0.8        1 0.446667 0.490064
     0.9        1     0.47 0.491009
    0.95        1     0.47  0.49232
    0.99        1     0.47 0.496278
   0.999        1     0.47 0.499171
  0.9999        1     0.48 0.499599
       0        2     0.47     0.49
     0.2        2 0.392667 0.489764
     0.4        2 0.377333 0.489892
     0.6        2 0.365333 0.490099
     0.8        2    0.462 0.490598
     0.9        2     0.47 0.491407
    0.95        2     0.47 0.492649
    0.99        2     0.47  0.49655
   0.999        2     0.47  0.49943
  0.9999        2     0.47 0.499857
       0        4     0.47     0.49
     0.2        4 0.393333 0.489985
     0.4        4 0.379333 0.490077
     0.6        4 0.363333 0.490247
     0.8        4    0.464 0.490707
     0.9        4     0.47 0.491497
    0.95        4     0.47 0.492729
    0.99        4     0.47 0.496622
   0.999        4     0.47   0.4995
  0.9999        4     0.47 0.499926