       0     0.05 0.494667     0.49
     0.2     0.05 0.499333  0.49067
     0.4     0.05 0.501333 0.490149
     0.6     0.05 0.499333 0.489732
     0.8     0.05    0.492 0.489869
     0.9     0.05 0.487333 0.490733
    0.95     0.05    0.484 0.491816
    0.99     0.05 0.484667 0.495261
   0.999     0.05 0.488667 0.499168
  0.9999     0.05    0.484 0.499884
       0      0.1 0.494667     0.49
     0.2      0.1 0.489333 0.488933
     0.4      0.1 0.488667 0.489185
     0.6      0.1    0.486 0.489592
     0.8      0.1 0.489333  0.49011
     0.9      0.1 0.480667 0.490666
    0.95      0.1    0.486 0.491796
    0.99      0.1 0.490667 0.496102
   0.999      0.1 0.485333 0.499353
  0.9999      0.1 0.495333 0.499836
       0     0.15 0.494667     0.49
     0.2     0.15 0.494667  0.48966
     0.4     0.15 0.493333 0.489714
     0.6     0.15     0.49 0.489712
     0.8     0.15    0.488 0.489862
     0.9     0.15 0.487333 0.490613
    0.95     0.15 0.488667 0.492016
    0.99     0.15 0.485333  0.49631
   0.999     0.15 0.485333 0.499361
  0.9999     0.15 0.495333 0.499812
       0      0.2 0.494667     0.49
     0.2      0.2 0.488667 0.489653
     0.4      0.2 0.491333 0.489494
     0.6      0.2 0.486667 0.489413
     0.8      0.2    0.486 0.489779
     0.9      0.2    0.488 0.490743
    0.95      0.2 0.489333 0.492193
    0.99      0.2    0.484 0.496371
   0.999      0.2 0.485333 0.499359
  0.9999      0.2 0.495333 0.499803
       0      0.3 0.494667     0.49
     0.2      0.3     0.49 0.488849
     0.4      0.3    0.486 0.488946
     0.6      0.3    0.486 0.489223
     0.8      0.3 0.493333 0.489964
     0.9      0.3 0.489333 0.491002
    0.95      0.3    0.488 0.492393
    0.99      0.3 0.485333 0.496431
   0.999      0.3 0.485333 0.499372
  0.9999      0.3 0.495333  0.49981
       0      0.4 0.494667     0.49
     0.2      0.4 0.485333 0.488811
     0.4      0.4 0.489333 0.489058
     0.6      0.4    0.484 0.489442
     0.8      0.4    0.492 0.490197
     0.9      0.4 0.482667 0.491175
    0.95      0.4     0.48 0.492511
    0.99      0.4 0.485333 0.496489
   0.999      0.4 0.485333 0.499403
  0.9999      0.4 0.495333 0.499836
       0      0.5 0.494667     0.49
     0.2      0.5 0.484667 0.489059
     0.4      0.5 0.490667 0.489312
     0.6      0.5 0.486667 0.489673
     0.8      0.5 0.487333 0.490363
     0.9      0.5 0.480667 0.491284
    0.95      0.5 0.485333 0.492586
    0.99      0.5 0.485333 0.496534
   0.999      0.5 0.485333 0.499432
  0.9999      0.5 0.495333 0.499862
       0      0.6 0.494667     0.49
     0.2      0.6    0.486 0.489291
     0.4      0.6 0.489333 0.489518
     0.6      0.6    0.492 0.489839
     0.8      0.6     0.48 0.490469
     0.9      0.6 0.476667 0.491353
    0.95      0.6 0.485333 0.492633
    0.99      0.6 0.485333 0.496564
   0.999      0.6 0.485333 0.499453
  0.9999      0.6 0.495333 0.499882
       0      0.7 0.494667     0.49
     0.2      0.7 0.484667 0.489464
     0.4      0.7    0.488 0.489663
     0.6      0.7 0.488667  0.48995
     0.8      0.7    0.476 0.490538
     0.9      0.7 0.478667 0.491396
    0.95      0.7 0.485333 0.492664
    0.99      0.7 0.485333 0.496584
   0.999      0.7 0.485333 0.499469
  0.9999      0.7 0.495333 0.499897
       0      0.8 0.494667     0.49
     0.2      0.8    0.484 0.489589
     0.4      0.8    0.488 0.489766
     0.6      0.8 0.491333 0.490027
     0.8      0.8    0.476 0.490584
     0.9      0.8 0.482667 0.491426
    0.95      0.8 0.485333 0.492684
    0.99      0.8 0.485333 0.496598
   0.999      0.8 0.485333  0.49948
  0.9999      0.8 0.495333 0.499907
       0      0.9 0.494667     0.49
     0.2      0.9 0.485333 0.489679
     0.4      0.9 0.489333 0.489839
     0.6      0.9 0.490667 0.490081
     0.8      0.9     0.48 0.490616
     0.9      0.9 0.483333 0.491447
    0.95      0.9 0.485333 0.492699
    0.99      0.9 0.485333 0.496608
   0.999      0.9 0.485333 0.499488
  0.9999      0.9 0.495333 0.499915
       0        1 0.494667     0.49
     0.2        1    0.486 0.489746
     0.4        1 0.488667 0.489893
     0.6        1 0.490667  0.49012
     0.8        1     0.48  0.49064
     0.9        1 0.485333 0.491461
    0.95        1 0.485333 0.492709
    0.99        1 0.485333 0.496615
   0.999        1 0.485333 0.499495
  0.9999        1 0.495333 0.499921
       0        2 0.494667     0.49
     0.2        2    0.488 0.489972
     0.4        2    0.488 0.490071
     0.6        2 0.493333 0.490248
     0.8        2    0.476 0.490716
     0.9        2 0.485333  0.49151
    0.95        2 0.485333 0.492743
    0.99        2 0.485333 0.496638
   0.999        2 0.485333 0.499516
  0.9999        2 0.485333 0.499942
       0        4 0.494667     0.49
     0.2        4    0.488  0.49003
     0.4        4 0.487333 0.490116
     0.6        4 0.492667 0.490281
     0.8        4    0.474 0.490735
     0.9        4 0.485333 0.491522
    0.95        4 0.485333 0.492752
    0.99        4 0.485333 0.496644
   0.999        4 0.485333 0.499522
  0.9999        4 0.485333 0.499948