        0      0.05      0.19      0.49
      0.2      0.05      0.19  0.352667
      0.4      0.05      0.19  0.352667
      0.6      0.05      0.19  0.352667
      0.8      0.05      0.19  0.352667
      0.9      0.05      0.19  0.352667
     0.95      0.05      0.19  0.352667
     0.99      0.05      0.19     0.352
    0.999      0.05      0.19     0.352
   0.9999      0.05      0.19     0.352
        0       0.1      0.19      0.49
      0.2       0.1       0.1 0.0987781
      0.4       0.1 0.0946667 0.0961292
      0.6       0.1 0.0946667 0.0952627
      0.8       0.1     0.094 0.0935452
      0.9       0.1      0.09 0.0907838
     0.95       0.1 0.0866667 0.0881239
     0.99       0.1 0.0846667 0.0842083
    0.999       0.1 0.0773333 0.0780306
   0.9999       0.1     0.074 0.0743985
        0      0.15      0.19      0.49
      0.2      0.15  0.105333   0.10467
      0.4      0.15       0.1   0.09995
      0.6      0.15 0.0946667 0.0957375
      0.8      0.15 0.0906667 0.0910662
      0.9      0.15 0.0866667 0.0868916
     0.95      0.15 0.0813333 0.0829562
     0.99      0.15 0.0746667 0.0754652
    0.999      0.15 0.0653333 0.0662066
   0.9999      0.15     0.064 0.0640641
        0       0.2      0.19      0.49
      0.2       0.2  0.106667    0.1085
      0.4       0.2  0.102667  0.102504
      0.6       0.2 0.0953333 0.0959356
      0.8       0.2     0.088 0.0882861
      0.9       0.2      0.08  0.082631
     0.95       0.2     0.076 0.0778748
     0.99       0.2 0.0653333 0.0675885
    0.999       0.2     0.054 0.0599096
   0.9999       0.2 0.0566667 0.0597003
        0       0.3      0.19      0.49
      0.2       0.3  0.124667  0.127955
      0.4       0.3     0.106  0.112204
      0.6       0.3 0.0893333 0.0994709
      0.8       0.3 0.0826667 0.0875039
      0.9       0.3 0.0706667 0.0793683
     0.95       0.3 0.0666667 0.0728922
     0.99       0.3 0.0613333 0.0672601
    0.999       0.3  0.115333 0.0999189
   0.9999       0.3  0.119333  0.127413
        0       0.4      0.19      0.49
      0.2       0.4  0.134667  0.143374
      0.4       0.4  0.115333  0.128279
      0.6       0.4 0.0993333  0.113817
      0.8       0.4 0.0746667 0.0979648
      0.9       0.4 0.0666667 0.0892401
     0.95       0.4 0.0626667 0.0857699
     0.99       0.4      0.06 0.0951279
    0.999       0.4  0.108667  0.113315
   0.9999       0.4 0.0346667  0.107039
        0       0.5      0.19      0.49
      0.2       0.5  0.141333  0.159469
      0.4       0.5  0.120667  0.145447
      0.6       0.5 0.0993333  0.132187
      0.8       0.5 0.0806667  0.118465
      0.9       0.5 0.0726667  0.112884
     0.95       0.5     0.068  0.113084
     0.99       0.5 0.0626667  0.124404
    0.999       0.5 0.0406667  0.126996
   0.9999       0.5     0.096  0.133649
        0       0.6      0.19      0.49
      0.2       0.6      0.15  0.179392
      0.4       0.6  0.128667   0.16702
      0.6       0.6     0.106  0.156425
      0.8       0.6 0.0873333  0.147535
      0.9       0.6 0.0826667  0.146787
     0.95       0.6 0.0786667  0.151254
     0.99       0.6 0.0606667  0.163208
    0.999       0.6 0.0666667  0.166672
   0.9999       0.6     0.188  0.211562
        0       0.7      0.19      0.49
      0.2       0.7  0.159333     0.204
      0.4       0.7  0.138667  0.193771
      0.6       0.7  0.117333   0.18656
      0.8       0.7  0.103333  0.183913
      0.9       0.7     0.092  0.188527
     0.95       0.7      0.08  0.195884
     0.99       0.7     0.052   0.20659
    0.999       0.7  0.121333  0.235843
   0.9999       0.7  0.199333  0.272782
        0       0.8      0.19      0.49
      0.2       0.8  0.169333  0.230474
      0.4       0.8  0.147333  0.223964
      0.6       0.8  0.126667  0.221215
      0.8       0.8  0.105333  0.225139
      0.9       0.8 0.0913333  0.233702
     0.95       0.8 0.0733333  0.242164
     0.99       0.8 0.0773333  0.259798
    0.999       0.8     0.192  0.299006
   0.9999       0.8       0.2  0.316113
        0       0.9      0.19      0.49
      0.2       0.9      0.17  0.257423
      0.4       0.9  0.155333  0.255397
      0.6       0.9  0.135333  0.257427
      0.8       0.9     0.106  0.266785
      0.9       0.9      0.08  0.277831
     0.95       0.9 0.0633333  0.288113
     0.99       0.9  0.125333  0.314089
    0.999       0.9  0.194667  0.344256
   0.9999       0.9       0.2  0.351847
        0         1      0.19      0.49
      0.2         1  0.175333  0.284639
      0.4         1     0.156  0.286754
      0.6         1     0.138  0.292833
      0.8         1  0.102667  0.306102
      0.9         1 0.0753333   0.31926
     0.95         1 0.0713333  0.331706
     0.99         1  0.169333  0.358679
    0.999         1     0.198  0.378455
   0.9999         1       0.2  0.382359
        0         2      0.19      0.49
      0.2         2     0.236  0.451612
      0.4         2  0.219333  0.457834
      0.6         2  0.189333  0.464885
      0.8         2  0.115333  0.473276
      0.9         2  0.101333  0.478564
     0.95         2  0.157333  0.482178
     0.99         2      0.19   0.48809
    0.999         2      0.19  0.491809
   0.9999         2       0.2  0.492384
        0         4      0.19      0.49
      0.2         4  0.475333  0.487287
      0.4         4     0.508  0.488414
      0.6         4      0.56  0.489637
      0.8         4  0.666667  0.491164
      0.9         4  0.755333  0.492483
     0.95         4  0.787333  0.493969
     0.99         4      0.79  0.498072
    0.999         4      0.79  0.501058
   0.9999         4     0.796  0.501503