       0     0.05     0.83 0.827778
     0.2     0.05 0.731333 0.679111
     0.4     0.05 0.730667 0.679333
     0.6     0.05 0.730667 0.677667
     0.8     0.05 0.729333 0.676556
     0.9     0.05    0.728 0.676556
    0.95     0.05    0.726 0.675667
    0.99     0.05 0.724667 0.675111
   0.999     0.05    0.724 0.672889
  0.9999     0.05 0.722667 0.671778
       0      0.1     0.83 0.827778
     0.2      0.1 0.679333 0.682002
     0.4      0.1    0.682 0.683848
     0.6      0.1    0.672 0.677635
     0.8      0.1    0.672 0.676333
     0.9      0.1    0.672 0.675222
    0.95      0.1    0.672 0.674111
    0.99      0.1    0.672 0.673698
   0.999      0.1 0.672667 0.674222
  0.9999      0.1 0.672667 0.674222
       0     0.15     0.83 0.827778
     0.2     0.15    0.684 0.684027
     0.4     0.15 0.683333 0.683351
     0.6     0.15 0.685333 0.684519
     0.8     0.15 0.678667 0.678388
     0.9     0.15    0.676 0.676085
    0.95     0.15 0.676667 0.676406
    0.99     0.15 0.676667 0.676625
   0.999     0.15    0.672 0.672266
  0.9999     0.15 0.671333  0.67136
       0      0.2     0.83 0.827778
     0.2      0.2 0.689333 0.688402
     0.4      0.2    0.684 0.684833
     0.6      0.2 0.683333 0.683446
     0.8      0.2 0.678667 0.679769
     0.9      0.2    0.676   0.6763
    0.95      0.2 0.676667 0.676556
    0.99      0.2    0.676 0.674477
   0.999      0.2 0.671333 0.671818
  0.9999      0.2 0.676667 0.676146
       0      0.3     0.83 0.827778
     0.2      0.3 0.695333 0.694726
     0.4      0.3 0.693333  0.69235
     0.6      0.3 0.687333  0.68614
     0.8      0.3 0.683333 0.683769
     0.9      0.3 0.682667 0.681906
    0.95      0.3 0.676667 0.677171
    0.99      0.3 0.677333  0.67478
   0.999      0.3    0.646 0.651662
  0.9999      0.3 0.599333 0.610305
       0      0.4     0.83 0.827778
     0.2      0.4 0.700667 0.701271
     0.4      0.4 0.695333 0.695725
     0.6      0.4    0.692  0.69268
     0.8      0.4 0.688667 0.686095
     0.9      0.4 0.684667 0.682353
    0.95      0.4 0.684667 0.673547
    0.99      0.4    0.644 0.648826
   0.999      0.4 0.600667 0.626138
  0.9999      0.4 0.619333 0.632591
       0      0.5     0.83 0.827778
     0.2      0.5 0.710667 0.710843
     0.4      0.5      0.7 0.701873
     0.6      0.5      0.7 0.698154
     0.8      0.5 0.690667  0.69147
     0.9      0.5 0.689333 0.681093
    0.95      0.5    0.686 0.668737
    0.99      0.5 0.647333  0.64846
   0.999      0.5 0.619333 0.645197
  0.9999      0.5 0.619333 0.652105
       0      0.6     0.83 0.827778
     0.2      0.6 0.726667 0.722243
     0.4      0.6 0.711333 0.709492
     0.6      0.6    0.706 0.703126
     0.8      0.6 0.705333 0.697526
     0.9      0.6    0.708 0.688722
    0.95      0.6    0.706 0.679431
    0.99      0.6 0.664667 0.664642
   0.999      0.6    0.664 0.672892
  0.9999      0.6 0.703333 0.704341
       0      0.7     0.83 0.827778
     0.2      0.7 0.730667 0.726492
     0.4      0.7 0.722667  0.71558
     0.6      0.7    0.716  0.70766
     0.8      0.7 0.716667 0.701309
     0.9      0.7 0.718667  0.69535
    0.95      0.7 0.715333 0.689411
    0.99      0.7 0.720667 0.684822
   0.999      0.7    0.702 0.705831
  0.9999      0.7    0.744  0.75133
       0      0.8     0.83 0.827778
     0.2      0.8 0.736667 0.727783
     0.4      0.8    0.726  0.71873
     0.6      0.8    0.722 0.710804
     0.8      0.8 0.719333 0.703764
     0.9      0.8 0.721333 0.699873
    0.95      0.8     0.72 0.698119
    0.99      0.8    0.704 0.703671
   0.999      0.8 0.732667 0.740193
  0.9999      0.8     0.81 0.797383
       0      0.9     0.83 0.827778
     0.2      0.9    0.742 0.728501
     0.4      0.9 0.729333 0.721656
     0.6      0.9 0.725333 0.715275
     0.8      0.9    0.718 0.709634
     0.9      0.9 0.714667 0.708624
    0.95      0.9 0.714667 0.710854
    0.99      0.9 0.728667  0.72729
   0.999      0.9 0.738667  0.77962
  0.9999      0.9 0.833333 0.821397
       0        1     0.83 0.827778
     0.2        1    0.746 0.729985
     0.4        1 0.737333 0.725444
     0.6        1 0.731333 0.721512
     0.8        1 0.722667 0.719521
     0.9        1     0.73 0.722167
    0.95        1    0.738 0.728394
    0.99        1 0.729333 0.756018
   0.999        1    0.812 0.807595
  0.9999        1 0.833333  0.82936
       0        2     0.83 0.827778
     0.2        2    0.752 0.783245
     0.4        2 0.751333 0.788712
     0.6        2 0.760667 0.796348
     0.8        2     0.82 0.807948
     0.9        2     0.83 0.816612
    0.95        2     0.83 0.822305
    0.99        2     0.83 0.828652
   0.999        2 0.833333 0.832328
  0.9999        2 0.833333 0.833215
       0        4     0.83 0.827778
     0.2        4     0.83  0.82189
     0.4        4     0.83 0.823378
     0.6        4     0.83  0.82501
     0.8        4     0.83 0.826838
     0.9        4     0.83 0.827915
    0.95        4     0.83 0.828648
    0.99        4     0.83 0.830324
   0.999        4 0.833333 0.832666
  0.9999        4 0.833333 0.833257