       0     0.05    0.492 0.493333
     0.2     0.05    0.492 0.493333
     0.4     0.05    0.492 0.493333
     0.6     0.05    0.492 0.493333
     0.8     0.05    0.492 0.493333
     0.9     0.05    0.492 0.493333
    0.95     0.05    0.492 0.493333
    0.99     0.05    0.492 0.493333
   0.999     0.05    0.492 0.493333
  0.9999     0.05    0.492 0.493333
       0      0.1    0.492 0.493333
     0.2      0.1 0.432667 0.433108
     0.4      0.1 0.436667 0.439204
     0.6      0.1 0.446667 0.443052
     0.8      0.1 0.450667 0.446129
     0.9      0.1 0.452667 0.447591
    0.95      0.1 0.447333 0.449479
    0.99      0.1 0.457333 0.452579
   0.999      0.1 0.447333 0.447174
  0.9999      0.1 0.440667 0.444699
       0     0.15    0.492 0.493333
     0.2     0.15    0.422 0.424664
     0.4     0.15 0.427333 0.431324
     0.6     0.15    0.432 0.436532
     0.8     0.15 0.435333 0.440279
     0.9     0.15    0.442 0.442019
    0.95     0.15 0.439333 0.443384
    0.99     0.15 0.440667 0.446087
   0.999     0.15 0.462667 0.458732
  0.9999     0.15 0.471333 0.470434
       0      0.2    0.492 0.493333
     0.2      0.2    0.414  0.42098
     0.4      0.2 0.420667 0.426279
     0.6      0.2    0.422 0.432043
     0.8      0.2 0.433333 0.437746
     0.9      0.2    0.434 0.441648
    0.95      0.2 0.438667 0.445951
    0.99      0.2 0.464667 0.459104
   0.999      0.2 0.475333 0.474498
  0.9999      0.2    0.484  0.48463
       0      0.3    0.492 0.493333
     0.2      0.3 0.395333 0.412914
     0.4      0.3 0.395333 0.421797
     0.6      0.3    0.392 0.431977
     0.8      0.3 0.405333 0.447326
     0.9      0.3 0.446667 0.460616
    0.95      0.3    0.474  0.47148
    0.99      0.3 0.488667 0.487375
   0.999      0.3 0.497333  0.49703
  0.9999      0.3 0.501333 0.500084
       0      0.4    0.492 0.493333
     0.2      0.4    0.378 0.415975
     0.4      0.4 0.383333 0.429735
     0.6      0.4 0.395333 0.445009
     0.8      0.4    0.428 0.464331
     0.9      0.4    0.476 0.477061
    0.95      0.4 0.483333 0.485097
    0.99      0.4    0.494 0.494389
   0.999      0.4 0.500667 0.499277
  0.9999      0.4 0.501333 0.500258
       0      0.5    0.492 0.493333
     0.2      0.5 0.368667 0.429802
     0.4      0.5    0.382 0.443081
     0.6      0.5    0.396 0.457451
     0.8      0.5 0.440667  0.47394
     0.9      0.5 0.483333 0.483601
    0.95      0.5 0.492667 0.489243
    0.99      0.5 0.494667  0.49582
   0.999      0.5 0.500667 0.499508
  0.9999      0.5 0.501333 0.500165
       0      0.6    0.492 0.493333
     0.2      0.6 0.364667 0.446123
     0.4      0.6 0.384667 0.456822
     0.6      0.6 0.397333 0.468151
     0.8      0.6    0.454 0.480476
     0.9      0.6     0.49  0.48732
    0.95      0.6 0.494667 0.491282
    0.99      0.6 0.494667 0.496378
   0.999      0.6 0.500667  0.49956
  0.9999      0.6 0.501333 0.500109
       0      0.7    0.492 0.493333
     0.2      0.7 0.360667 0.458966
     0.4      0.7 0.377333 0.467103
     0.6      0.7    0.404 0.475572
     0.8      0.7    0.472 0.484549
     0.9      0.7 0.494667 0.489466
    0.95      0.7 0.494667 0.492396
    0.99      0.7 0.494667 0.496654
   0.999      0.7      0.5 0.499574
  0.9999      0.7 0.501333 0.500072
       0      0.8    0.492 0.493333
     0.2      0.8 0.363333 0.467832
     0.4      0.8 0.377333 0.474016
     0.6      0.8     0.41 0.480387
     0.8      0.8    0.484 0.487073
     0.9      0.8 0.494667 0.490758
    0.95      0.8 0.494667 0.493053
    0.99      0.8 0.494667 0.496807
   0.999      0.8 0.496667 0.499576
  0.9999      0.8 0.501333 0.500047
       0      0.9    0.492 0.493333
     0.2      0.9    0.364  0.47385
     0.4      0.9 0.378667 0.478642
     0.6      0.9    0.414 0.483555
     0.8      0.9    0.488 0.488699
     0.9      0.9 0.494667 0.491579
    0.95      0.9 0.494667 0.493466
    0.99      0.9 0.494667 0.496899
   0.999      0.9 0.494667 0.499573
  0.9999      0.9 0.501333 0.500029
       0        1    0.492 0.493333
     0.2        1 0.363333  0.47802
     0.4        1    0.386 0.481823
     0.6        1 0.424667 0.485714
     0.8        1 0.490667 0.489796
     0.9        1 0.494667 0.492129
    0.95        1 0.494667  0.49374
    0.99        1 0.494667 0.496957
   0.999        1 0.494667  0.49957
  0.9999        1 0.501333 0.500015
       0        2    0.492 0.493333
     0.2        2     0.38  0.48998
     0.4        2 0.400667 0.490861
     0.6        2 0.451333  0.49178
     0.8        2 0.494667 0.492836
     0.9        2 0.494667 0.493638
    0.95        2 0.494667 0.494484
    0.99        2 0.494667 0.497098
   0.999        2 0.494667 0.499547
  0.9999        2 0.501333 0.499968
       0        4    0.492 0.493333
     0.2        4    0.388 0.492544
     0.4        4     0.41 0.492784
     0.6        4    0.456  0.49306
     0.8        4 0.495333 0.493471
     0.9        4 0.494667  0.49395
    0.95        4 0.494667 0.494635
    0.99        4 0.494667 0.497121
   0.999        4 0.494667 0.499538
  0.9999        4 0.494667 0.499955