       0     0.05 0.496667 0.496667
     0.2     0.05 0.496667 0.496667
     0.4     0.05 0.496667 0.496667
     0.6     0.05 0.496667 0.496667
     0.8     0.05 0.496667 0.496667
     0.9     0.05 0.496667 0.496667
    0.95     0.05 0.496667 0.496667
    0.99     0.05 0.496667 0.496667
   0.999     0.05 0.496667 0.496667
  0.9999     0.05 0.496667 0.496667
       0      0.1 0.496667 0.496667
     0.2      0.1    0.412  0.41554
     0.4      0.1    0.412 0.415723
     0.6      0.1    0.412 0.416924
     0.8      0.1 0.415333 0.417902
     0.9      0.1     0.41 0.418875
    0.95      0.1    0.408 0.421105
    0.99      0.1    0.418 0.430885
   0.999      0.1 0.442667 0.445404
  0.9999      0.1 0.454667 0.458376
       0     0.15 0.496667 0.496667
     0.2     0.15    0.414 0.424949
     0.4     0.15 0.416667 0.423454
     0.6     0.15 0.410667   0.4247
     0.8     0.15 0.418667 0.429003
     0.9     0.15    0.432 0.435371
    0.95     0.15    0.446  0.44274
    0.99     0.15     0.46 0.457947
   0.999     0.15 0.471333 0.468819
  0.9999     0.15    0.472 0.472839
       0      0.2 0.496667 0.496667
     0.2      0.2 0.421333 0.434533
     0.4      0.2 0.421333  0.43526
     0.6      0.2 0.425333  0.43713
     0.8      0.2 0.433333 0.442701
     0.9      0.2     0.44 0.449433
    0.95      0.2    0.448 0.455846
    0.99      0.2 0.455333 0.465845
   0.999      0.2    0.452 0.470742
  0.9999      0.2 0.451333 0.474445
       0      0.3 0.496667 0.496667
     0.2      0.3 0.422667  0.44214
     0.4      0.3 0.419333 0.448431
     0.6      0.3 0.410667 0.455114
     0.8      0.3    0.402 0.464918
     0.9      0.3    0.406 0.473338
    0.95      0.3 0.408667 0.480212
    0.99      0.3 0.468667 0.490481
   0.999      0.3 0.488667 0.496948
  0.9999      0.3    0.498 0.499227
       0      0.4 0.496667 0.496667
     0.2      0.4     0.41 0.445104
     0.4      0.4    0.412 0.453967
     0.6      0.4    0.404 0.463843
     0.8      0.4     0.41  0.47639
     0.9      0.4 0.412667 0.484786
    0.95      0.4 0.441333 0.490143
    0.99      0.4 0.482667 0.496117
   0.999      0.4 0.496667 0.499108
  0.9999      0.4 0.499333 0.499876
       0      0.5 0.496667 0.496667
     0.2      0.5    0.414 0.453597
     0.4      0.5 0.403333 0.462111
     0.6      0.5 0.400667 0.471508
     0.8      0.5 0.403333 0.482558
     0.9      0.5 0.420667 0.489165
    0.95      0.5    0.448 0.492991
    0.99      0.5 0.495333 0.497075
   0.999      0.5 0.496667 0.499396
  0.9999      0.5 0.499333 0.499928
       0      0.6 0.496667 0.496667
     0.2      0.6    0.396 0.462804
     0.4      0.6 0.393333 0.470068
     0.6      0.6 0.398667 0.477925
     0.8      0.6 0.394667 0.486694
     0.9      0.6 0.417333 0.491617
    0.95      0.6     0.45 0.494365
    0.99      0.6    0.496 0.497441
   0.999      0.6 0.496667 0.499486
  0.9999      0.6 0.499333 0.499941
       0      0.7 0.496667 0.496667
     0.2      0.7 0.393333 0.470329
     0.4      0.7 0.386667  0.47626
     0.6      0.7    0.386 0.482558
     0.8      0.7    0.396 0.489367
     0.9      0.7 0.416667 0.493075
    0.95      0.7 0.449333 0.495134
    0.99      0.7    0.496 0.497622
   0.999      0.7 0.496667 0.499523
  0.9999      0.7 0.499333 0.499946
       0      0.8 0.496667 0.496667
     0.2      0.8 0.393333 0.475934
     0.4      0.8 0.391333 0.480741
     0.6      0.8 0.387333 0.485779
     0.8      0.8    0.394 0.491127
     0.9      0.8    0.418    0.494
    0.95      0.8 0.449333 0.495611
    0.99      0.8 0.496667 0.497727
   0.999      0.8 0.496667 0.499541
  0.9999      0.8    0.498 0.499948
       0      0.9 0.496667 0.496667
     0.2      0.9 0.388667 0.480042
     0.4      0.9 0.389333  0.48397
     0.6      0.9     0.39  0.48805
     0.8      0.9 0.390667 0.492332
     0.9      0.9    0.418 0.494623
    0.95      0.9 0.453333 0.495927
    0.99      0.9 0.496667 0.497792
   0.999      0.9 0.496667 0.499551
  0.9999      0.9 0.496667 0.499949
       0        1 0.496667 0.496667
     0.2        1 0.387333 0.483087
     0.4        1    0.386 0.486338
     0.6        1    0.386 0.489692
     0.8        1 0.392667  0.49319
     0.9        1     0.42 0.495062
    0.95        1    0.456 0.496148
    0.99        1 0.496667 0.497836
   0.999        1 0.496667 0.499556
  0.9999        1 0.496667  0.49995
       0        2 0.496667 0.496667
     0.2        2 0.391333 0.493221
     0.4        2 0.389333 0.494084
     0.6        2 0.389333 0.494962
     0.8        2 0.398667 0.495882
     0.9        2 0.416667  0.49642
    0.95        2 0.463333 0.496827
    0.99        2 0.496667 0.497958
   0.999        2 0.496667 0.499565
  0.9999        2 0.496667 0.499951
       0        4 0.496667 0.496667
     0.2        4    0.392 0.495808
     0.4        4 0.392667 0.496033
     0.6        4 0.390667 0.496267
     0.8        4 0.398667 0.496537
     0.9        4    0.422 0.496748
    0.95        4 0.464667 0.496988
    0.99        4 0.496667 0.497984
   0.999        4 0.496667 0.499565
  0.9999        4 0.496667 0.499951