        0      0.05     0.456  0.466667
        0       0.1     0.456  0.466667
        0      0.15     0.456  0.466667
        0       0.2     0.456  0.466667
        0       0.3     0.456  0.466667
        0       0.4     0.456  0.466667
        0       0.5     0.456  0.466667
        0       0.6     0.456  0.466667
        0       0.7     0.456  0.466667
        0       0.8     0.456  0.466667
        0       0.9     0.456  0.466667
        0         1     0.456  0.466667
        0         2     0.456  0.466667
        0         4     0.456  0.466667
      0.2      0.05  0.450667     0.463
      0.2       0.1 0.0433333 0.0435093
      0.2      0.15     0.044 0.0421742
      0.2       0.2 0.0393333 0.0389388
      0.2       0.3 0.0393333 0.0433892
      0.2       0.4 0.0393333 0.0548221
      0.2       0.5     0.038 0.0738724
      0.2       0.6     0.034  0.108646
      0.2       0.7 0.0353333    0.1584
      0.2       0.8 0.0326667  0.215082
      0.2       0.9 0.0353333  0.268655
      0.2         1 0.0366667  0.312723
      0.2         2 0.0506667  0.439854
      0.2         4 0.0633333  0.461095
      0.4      0.05  0.450667     0.463
      0.4       0.1 0.0433333 0.0435916
      0.4      0.15 0.0433333 0.0424553
      0.4       0.2 0.0413333 0.0398596
      0.4       0.3     0.036  0.041596
      0.4       0.4     0.034 0.0535311
      0.4       0.5     0.034 0.0778776
      0.4       0.6 0.0326667  0.121873
      0.4       0.7 0.0333333   0.18076
      0.4       0.8 0.0333333  0.242778
      0.4       0.9 0.0346667  0.297086
      0.4         1     0.038  0.338937
      0.4         2     0.058  0.447063
      0.4         4 0.0693333  0.463456
      0.6      0.05  0.450667     0.463
      0.6       0.1 0.0433333  0.044784
      0.6      0.15      0.04 0.0428263
      0.6       0.2 0.0406667 0.0407438
      0.6       0.3 0.0333333 0.0417596
      0.6       0.4      0.03 0.0547412
      0.6       0.5 0.0306667 0.0870181
      0.6       0.6     0.032  0.145799
      0.6       0.7 0.0306667  0.217096
      0.6       0.8     0.032  0.283502
      0.6       0.9 0.0353333  0.335488
      0.6         1 0.0373333   0.37216
      0.6         2 0.0753333  0.455263
      0.6         4  0.100667  0.466568
      0.8      0.05  0.450667     0.463
      0.8       0.1     0.048 0.0472724
      0.8      0.15 0.0446667 0.0442879
      0.8       0.2 0.0386667 0.0418417
      0.8       0.3 0.0346667 0.0443785
      0.8       0.4 0.0286667  0.061885
      0.8       0.5     0.024   0.11324
      0.8       0.6     0.026  0.201325
      0.8       0.7 0.0306667  0.287066
      0.8       0.8 0.0353333  0.350149
      0.8       0.9 0.0426667  0.391231
      0.8         1      0.05  0.416731
      0.8         2  0.137333  0.466091
      0.8         4  0.178667  0.472065
      0.9      0.05  0.450667     0.463
      0.9       0.1 0.0473333 0.0484492
      0.9      0.15 0.0446667 0.0444378
      0.9       0.2 0.0346667 0.0425132
      0.9       0.3 0.0373333 0.0484878
      0.9       0.4 0.0293333 0.0752018
      0.9       0.5 0.0213333  0.155658
      0.9       0.6     0.022  0.270849
      0.9       0.7 0.0346667  0.355018
      0.9       0.8 0.0466667  0.404026
      0.9       0.9 0.0626667  0.431558
      0.9         1 0.0906667  0.447215
      0.9         2  0.292667  0.475091
      0.9         4  0.340667  0.478306
     0.95      0.05  0.450667     0.463
     0.95       0.1 0.0473333 0.0484945
     0.95      0.15 0.0386667 0.0436603
     0.95       0.2     0.038 0.0430855
     0.95       0.3     0.038 0.0542302
     0.95       0.4     0.028 0.0965605
     0.95       0.5 0.0226667  0.215478
     0.95       0.6 0.0253333  0.342104
     0.95       0.7 0.0446667  0.409644
     0.95       0.8 0.0726667  0.442091
     0.95       0.9  0.133333  0.458601
     0.95         1     0.196  0.467544
     0.95         2  0.430667  0.483038
     0.95         4  0.448667  0.484822
     0.99      0.05  0.450667     0.463
     0.99       0.1 0.0466667   0.04615
     0.99      0.15      0.04 0.0432548
     0.99       0.2 0.0393333  0.046003
     0.99       0.3 0.0486667 0.0766255
     0.99       0.4     0.034  0.192652
     0.99       0.5     0.034  0.377568
     0.99       0.6 0.0686667  0.453317
     0.99       0.7  0.195333  0.476227
     0.99       0.8  0.381333  0.484936
     0.99       0.9     0.446  0.488986
     0.99         1     0.456   0.49113
     0.99         2     0.456  0.494999
     0.99         4     0.456  0.495485
    0.999      0.05  0.450667     0.463
    0.999       0.1      0.04 0.0416281
    0.999      0.15 0.0406667 0.0453023
    0.999       0.2 0.0486667 0.0537662
    0.999       0.3 0.0793333   0.13886
    0.999       0.4 0.0526667  0.405057
    0.999       0.5  0.233333   0.48285
    0.999       0.6     0.472   0.49439
    0.999       0.7  0.480667  0.497096
    0.999       0.8     0.484  0.498053
    0.999       0.9     0.486  0.498502
    0.999         1     0.486  0.498755
    0.999         2     0.456  0.499351
    0.999         4     0.456   0.49947
   0.9999      0.05  0.450667     0.463
   0.9999       0.1     0.042 0.0428893
   0.9999      0.15     0.046 0.0492427
   0.9999       0.2 0.0593333 0.0678881
   0.9999       0.3 0.0886667  0.278314
   0.9999       0.4      0.17  0.487337
   0.9999       0.5  0.489333  0.497861
   0.9999       0.6  0.489333  0.499112
   0.9999       0.7  0.489333  0.499399
   0.9999       0.8  0.489333  0.499499
   0.9999       0.9  0.489333  0.499559
   0.9999         1  0.489333  0.499608
   0.9999         2  0.489333  0.499845
   0.9999         4  0.489333  0.499923