       0     0.05 0.493333 0.493333
     0.2     0.05 0.300667 0.296356
     0.4     0.05    0.302 0.296333
     0.6     0.05    0.302 0.295996
     0.8     0.05    0.302 0.295177
     0.9     0.05    0.302 0.296338
    0.95     0.05    0.302 0.296667
    0.99     0.05 0.300667 0.296107
   0.999     0.05 0.293333 0.290687
  0.9999     0.05 0.293333    0.291
       0      0.1 0.493333 0.493333
     0.2      0.1    0.314 0.289361
     0.4      0.1    0.312 0.288524
     0.6      0.1 0.311333 0.287396
     0.8      0.1     0.31 0.285255
     0.9      0.1     0.31 0.284472
    0.95      0.1 0.304667 0.280747
    0.99      0.1      0.3   0.2778
   0.999      0.1 0.301333 0.278141
  0.9999      0.1 0.301333 0.278028
       0     0.15 0.493333 0.493333
     0.2     0.15 0.302667 0.303661
     0.4     0.15    0.312 0.311507
     0.6     0.15 0.311333 0.311802
     0.8     0.15 0.310667  0.31048
     0.9     0.15     0.31 0.308363
    0.95     0.15      0.3 0.304213
    0.99     0.15 0.301333 0.302367
   0.999     0.15    0.302 0.299071
  0.9999     0.15    0.292 0.292495
       0      0.2 0.493333 0.493333
     0.2      0.2 0.292667 0.290844
     0.4      0.2 0.297333 0.297681
     0.6      0.2 0.311333 0.309838
     0.8      0.2    0.312 0.311898
     0.9      0.2 0.311333  0.31094
    0.95      0.2 0.306667 0.307714
    0.99      0.2 0.300667 0.299863
   0.999      0.2    0.292 0.292496
  0.9999      0.2 0.292667 0.288315
       0      0.3 0.493333 0.493333
     0.2      0.3 0.285333 0.294197
     0.4      0.3 0.288667 0.283192
     0.6      0.3 0.290667 0.288805
     0.8      0.3 0.307333 0.301701
     0.9      0.3 0.309333 0.306043
    0.95      0.3      0.3 0.303294
    0.99      0.3    0.298 0.295887
   0.999      0.3 0.293333 0.293727
  0.9999      0.3 0.305333 0.302991
       0      0.4 0.493333 0.493333
     0.2      0.4 0.313333 0.312557
     0.4      0.4 0.306667 0.301372
     0.6      0.4      0.3 0.288941
     0.8      0.4 0.298667 0.287178
     0.9      0.4 0.298667 0.293971
    0.95      0.4      0.3 0.296351
    0.99      0.4 0.290667 0.296216
   0.999      0.4    0.298 0.310873
  0.9999      0.4     0.34 0.347288
       0      0.5 0.493333 0.493333
     0.2      0.5 0.341333  0.32368
     0.4      0.5 0.335333 0.314073
     0.6      0.5 0.325333 0.304554
     0.8      0.5 0.306667 0.292345
     0.9      0.5 0.306667 0.291068
    0.95      0.5    0.306 0.294916
    0.99      0.5 0.303333 0.311439
   0.999      0.5    0.326 0.368286
  0.9999      0.5 0.430667  0.43811
       0      0.6 0.493333 0.493333
     0.2      0.6 0.338667  0.32441
     0.4      0.6     0.34 0.321184
     0.6      0.6    0.336 0.315411
     0.8      0.6    0.312 0.307972
     0.9      0.6 0.305333 0.307897
    0.95      0.6 0.297333 0.315315
    0.99      0.6 0.300667 0.353696
   0.999      0.6    0.416 0.423959
  0.9999      0.6     0.44 0.454831
       0      0.7 0.493333 0.493333
     0.2      0.7    0.316 0.322495
     0.4      0.7 0.326667 0.324193
     0.6      0.7    0.326 0.323266
     0.8      0.7 0.313333 0.324336
     0.9      0.7 0.302667 0.332319
    0.95      0.7 0.304667 0.347074
    0.99      0.7     0.37 0.392164
   0.999      0.7    0.398 0.442106
  0.9999      0.7 0.424667 0.478942
       0      0.8 0.493333 0.493333
     0.2      0.8    0.288 0.324704
     0.4      0.8    0.298 0.329289
     0.6      0.8 0.314667 0.333613
     0.8      0.8     0.32 0.343544
     0.9      0.8 0.319333 0.358586
    0.95      0.8 0.324667 0.376738
    0.99      0.8 0.380667  0.41887
   0.999      0.8 0.366667 0.468765
  0.9999      0.8 0.493333 0.493371
       0      0.9 0.493333 0.493333
     0.2      0.9 0.275333 0.333137
     0.4      0.9    0.278  0.33984
     0.6      0.9 0.300667 0.348553
     0.8      0.9 0.314667 0.365351
     0.9      0.9 0.320667 0.384362
    0.95      0.9 0.371333 0.403849
    0.99      0.9     0.39 0.446104
   0.999      0.9 0.450667 0.485137
  0.9999      0.9 0.499333 0.497711
       0        1 0.493333 0.493333
     0.2        1    0.276 0.346621
     0.4        1 0.283333 0.354983
     0.6        1 0.277333 0.366639
     0.8        1    0.324 0.387348
     0.9        1 0.368667 0.408263
    0.95        1 0.377333  0.42825
    0.99        1     0.37 0.465963
   0.999        1    0.488 0.492499
  0.9999        1      0.5 0.499033
       0        2 0.493333 0.493333
     0.2        2 0.282667 0.458771
     0.4        2 0.283333 0.464536
     0.6        2    0.286 0.471454
     0.8        2    0.392 0.480412
     0.9        2 0.477333   0.4865
    0.95        2 0.490667 0.490594
    0.99        2 0.493333 0.496224
   0.999        2 0.498667 0.499426
  0.9999        2      0.5 0.499939
       0        4 0.493333 0.493333
     0.2        4    0.414 0.487236
     0.4        4     0.42 0.488618
     0.6        4 0.438667 0.490147
     0.8        4    0.486 0.491946
     0.9        4 0.493333 0.493187
    0.95        4 0.493333 0.494282
    0.99        4 0.493333 0.497112
   0.999        4 0.493333 0.499544
  0.9999        4      0.5 0.499952