        0      0.05  0.166667  0.466667
        0       0.1  0.166667  0.466667
        0      0.15  0.166667  0.466667
        0       0.2  0.166667  0.466667
        0      0.25  0.166667  0.466667
        0       0.3  0.166667  0.466667
        0      0.35  0.166667  0.466667
        0       0.4  0.166667  0.466667
        0      0.45  0.166667  0.466667
        0       0.5  0.166667  0.466667
        0      0.55  0.166667  0.466667
        0       0.6  0.166667  0.466667
        0      0.65  0.166667  0.466667
        0       0.7  0.166667  0.466667
        0      0.75  0.166667  0.466667
        0       0.8  0.166667  0.466667
        0      0.85  0.166667  0.466667
        0       0.9  0.166667  0.466667
        0      0.95  0.166667  0.466667
        0         2  0.166667  0.466667
        0         4  0.166667  0.466667
        0         8  0.166667  0.466667
        0        16  0.166667  0.466667
      0.1      0.05  0.166667  0.466667
      0.1       0.1  0.165333  0.203333
      0.1      0.15 0.0493333 0.0503766
      0.1       0.2 0.0506667 0.0510339
      0.1      0.25 0.0506667  0.053343
      0.1       0.3 0.0553333 0.0573437
      0.1      0.35 0.0593333 0.0604219
      0.1       0.4 0.0626667 0.0619469
      0.1      0.45 0.0633333 0.0631606
      0.1       0.5     0.064 0.0658317
      0.1      0.55 0.0666667 0.0688663
      0.1       0.6 0.0686667 0.0718087
      0.1      0.65 0.0733333 0.0750674
      0.1       0.7     0.076 0.0785159
      0.1      0.75 0.0793333 0.0818959
      0.1       0.8 0.0813333 0.0851155
      0.1      0.85     0.082 0.0883015
      0.1       0.9 0.0833333 0.0915969
      0.1      0.95     0.082 0.0951117
      0.1         2     0.104  0.227141
      0.1         4  0.225333   0.41628
      0.1         8  0.266667  0.457601
      0.1        16  0.266667  0.464795
      0.2      0.05  0.166667  0.466667
      0.2       0.1  0.165333  0.203333
      0.2      0.15      0.05 0.0510739
      0.2       0.2      0.05 0.0513426
      0.2      0.25 0.0513333 0.0525644
      0.2       0.3 0.0506667 0.0546483
      0.2      0.35     0.054 0.0576897
      0.2       0.4 0.0593333 0.0597395
      0.2      0.45 0.0613333 0.0610392
      0.2       0.5      0.06 0.0623119
      0.2      0.55 0.0573333 0.0645679
      0.2       0.6 0.0633333 0.0674343
      0.2      0.65     0.068 0.0703435
      0.2       0.7      0.07 0.0733904
      0.2      0.75 0.0733333 0.0766238
      0.2       0.8 0.0753333 0.0799577
      0.2      0.85 0.0786667  0.083341
      0.2       0.9 0.0773333 0.0868236
      0.2      0.95 0.0793333 0.0904907
      0.2         2  0.100667  0.232071
      0.2         4     0.218  0.419466
      0.2         8     0.258  0.458504
      0.2        16     0.262   0.46524
      0.3      0.05  0.166667  0.466667
      0.3       0.1  0.165333  0.203333
      0.3      0.15      0.05 0.0517204
      0.3       0.2 0.0493333 0.0516774
      0.3      0.25 0.0513333 0.0526287
      0.3       0.3 0.0513333 0.0537754
      0.3      0.35 0.0526667  0.055787
      0.3       0.4 0.0546667 0.0580228
      0.3      0.45      0.06 0.0593783
      0.3       0.5 0.0586667    0.0605
      0.3      0.55 0.0573333 0.0619973
      0.3       0.6 0.0566667 0.0643221
      0.3      0.65 0.0613333 0.0671185
      0.3       0.7     0.064 0.0700408
      0.3      0.75 0.0673333 0.0730916
      0.3       0.8 0.0706667 0.0763115
      0.3      0.85     0.074 0.0796982
      0.3       0.9     0.076 0.0832647
      0.3      0.95     0.076 0.0870599
      0.3         2     0.094  0.237731
      0.3         4     0.206  0.422796
      0.3         8  0.256667  0.459486
      0.3        16  0.261333  0.465763
      0.4      0.05  0.166667  0.466667
      0.4       0.1  0.165333  0.203333
      0.4      0.15 0.0526667 0.0522051
      0.4       0.2      0.05 0.0520665
      0.4      0.25 0.0506667  0.052847
      0.4       0.3 0.0513333 0.0535094
      0.4      0.35 0.0506667 0.0547959
      0.4       0.4 0.0526667 0.0565264
      0.4      0.45 0.0546667 0.0579783
      0.4       0.5     0.058 0.0590037
      0.4      0.55 0.0566667 0.0602026
      0.4       0.6     0.056 0.0619978
      0.4      0.65 0.0553333 0.0644594
      0.4       0.7      0.06 0.0672686
      0.4      0.75 0.0626667 0.0702368
      0.4       0.8     0.064 0.0733704
      0.4      0.85     0.068 0.0767175
      0.4       0.9 0.0713333 0.0803179
      0.4      0.95 0.0713333 0.0842145
      0.4         2 0.0893333  0.244301
      0.4         4     0.196  0.426299
      0.4         8     0.252   0.46058
      0.4        16  0.255333  0.466398
      0.5      0.05  0.166667  0.466667
      0.5       0.1  0.165333  0.203333
      0.5      0.15 0.0533333 0.0525517
      0.5       0.2 0.0506667 0.0524406
      0.5      0.25 0.0513333 0.0531154
      0.5       0.3 0.0513333 0.0534895
      0.5      0.35 0.0506667 0.0542772
      0.5       0.4      0.05 0.0553819
      0.5      0.45 0.0526667 0.0566802
      0.5       0.5 0.0553333 0.0576249
      0.5      0.55     0.056 0.0586343
      0.5       0.6     0.056  0.060099
      0.5      0.65     0.054 0.0621914
      0.5       0.7 0.0533333 0.0647843
      0.5      0.75 0.0586667  0.067657
      0.5       0.8 0.0606667 0.0707379
      0.5      0.85 0.0626667 0.0740678
      0.5       0.9 0.0653333  0.077711
      0.5      0.95 0.0673333 0.0817234
      0.5         2     0.088  0.252042
      0.5         4  0.175333  0.430029
      0.5         8  0.239333  0.461845
      0.5        16     0.246  0.467205
      0.6      0.05  0.166667  0.466667
      0.6       0.1  0.165333  0.203333
      0.6      0.15 0.0546667 0.0527646
      0.6       0.2     0.052 0.0527237
      0.6      0.25 0.0506667  0.053371
      0.6       0.3 0.0506667 0.0535689
      0.6      0.35 0.0506667 0.0539698
      0.6       0.4 0.0513333 0.0545553
      0.6      0.45 0.0486667  0.055354
      0.6       0.5 0.0493333 0.0562077
      0.6      0.55 0.0526667 0.0570454
      0.6       0.6 0.0533333 0.0582869
      0.6      0.65 0.0506667 0.0600984
      0.6       0.7 0.0526667 0.0624476
      0.6      0.75 0.0526667 0.0651821
      0.6       0.8     0.058 0.0682111
      0.6      0.85      0.06 0.0715565
      0.6       0.9      0.06 0.0752895
      0.6      0.95 0.0613333 0.0794781
      0.6         2     0.078  0.261344
      0.6         4  0.146667  0.434082
      0.6         8     0.216  0.463389
      0.6        16  0.224667  0.468293
      0.7      0.05  0.166667  0.466667
      0.7       0.1  0.165333  0.203333
      0.7      0.15     0.054 0.0528118
      0.7       0.2     0.052 0.0528427
      0.7      0.25     0.052 0.0535347
      0.7       0.3     0.052 0.0536471
      0.7      0.35 0.0506667 0.0537163
      0.7       0.4 0.0513333 0.0537997
      0.7      0.45 0.0486667  0.054034
      0.7       0.5 0.0473333 0.0545195
      0.7      0.55     0.048 0.0551974
      0.7       0.6     0.048  0.056257
      0.7      0.65      0.05 0.0578816
      0.7       0.7 0.0486667 0.0600453
      0.7      0.75 0.0493333 0.0626523
      0.7       0.8 0.0506667 0.0656496
      0.7      0.85 0.0513333 0.0690704
      0.7       0.9 0.0533333 0.0729929
      0.7      0.95     0.056 0.0774917
      0.7         2     0.072  0.272853
      0.7         4     0.114   0.43866
      0.7         8     0.188  0.465436
      0.7        16     0.204   0.46989
      0.8      0.05  0.166667  0.466667
      0.8       0.1  0.165333  0.203333
      0.8      0.15 0.0533333 0.0528604
      0.8       0.2 0.0526667  0.052893
      0.8      0.25 0.0526667  0.053606
      0.8       0.3     0.054 0.0536348
      0.8      0.35 0.0533333 0.0533353
      0.8       0.4 0.0493333 0.0527856
      0.8      0.45 0.0486667 0.0523154
      0.8       0.5 0.0473333 0.0522337
      0.8      0.55     0.046 0.0526476
      0.8       0.6 0.0446667 0.0535865
      0.8      0.65 0.0446667 0.0551247
      0.8       0.7 0.0433333 0.0572256
      0.8      0.75     0.044 0.0598184
      0.8       0.8     0.046 0.0629109
      0.8      0.85     0.048 0.0665866
      0.8       0.9 0.0486667 0.0709499
      0.8      0.95 0.0486667 0.0760789
      0.8         2 0.0613333  0.287818
      0.8         4  0.114667  0.444278
      0.8         8     0.154  0.468544
      0.8        16  0.172667  0.472558
      0.9      0.05  0.166667  0.466667
      0.9       0.1  0.165333  0.203333
      0.9      0.15 0.0526667 0.0530699
      0.9       0.2 0.0526667  0.053127
      0.9      0.25     0.054 0.0537256
      0.9       0.3 0.0533333 0.0533903
      0.9      0.35 0.0533333 0.0521936
      0.9       0.4      0.05 0.0503691
      0.9      0.45     0.048 0.0487162
      0.9       0.5     0.044  0.047855
      0.9      0.55     0.042 0.0480361
      0.9       0.6 0.0393333 0.0491338
      0.9      0.65      0.04 0.0509591
      0.9       0.7 0.0406667 0.0533879
      0.9      0.75 0.0406667 0.0563942
      0.9       0.8 0.0406667 0.0601014
      0.9      0.85 0.0406667 0.0647107
      0.9       0.9      0.04 0.0703771
      0.9      0.95 0.0406667 0.0771467
      0.9         2 0.0553333  0.309686
      0.9         4  0.164667  0.452745
      0.9         8  0.166667  0.474589
      0.9        16  0.167333  0.478176
        1      0.05       0.2       0.5
        1       0.1       0.2       0.5
        1      0.15       0.2       0.5
        1       0.2       0.2       0.5
        1      0.25       0.2       0.5
        1       0.3       0.2       0.5
        1      0.35       0.2       0.5
        1       0.4       0.2       0.5
        1      0.45       0.2       0.5
        1       0.5       0.2       0.5
        1      0.55       0.2       0.5
        1       0.6       0.2       0.5
        1      0.65       0.2       0.5
        1       0.7       0.2       0.5
        1      0.75       0.2       0.5
        1       0.8       0.2       0.5
        1      0.85       0.2       0.5
        1       0.9       0.2       0.5
        1      0.95       0.2       0.5
        1         2       0.2       0.5
        1         4       0.2       0.5
        1         8       0.2       0.5
        1        16       0.2       0.5
     0.99      0.05  0.166667  0.466667
     0.99       0.1  0.165333  0.203333
     0.99      0.15     0.054 0.0531225
     0.99       0.2     0.052 0.0518628
     0.99      0.25 0.0493333 0.0508584
     0.99       0.3 0.0486667 0.0476493
     0.99      0.35 0.0433333 0.0431585
     0.99       0.4     0.036 0.0389786
     0.99      0.45     0.034 0.0371777
     0.99       0.5 0.0333333 0.0377847
     0.99      0.55 0.0326667 0.0403032
     0.99       0.6 0.0313333 0.0441258
     0.99      0.65     0.032 0.0486488
     0.99       0.7 0.0306667 0.0540828
     0.99      0.75      0.03  0.061185
     0.99       0.8      0.03 0.0704835
     0.99      0.85      0.03 0.0818382
     0.99       0.9      0.03 0.0945127
     0.99      0.95     0.028  0.107631
     0.99         2  0.170667  0.358503
     0.99         4  0.166667    0.4728
     0.99         8  0.166667  0.491713
     0.99        16  0.166667  0.494778
    0.999      0.05  0.166667  0.466667
    0.999       0.1  0.165333  0.203333
    0.999      0.15 0.0526667 0.0518806
    0.999       0.2 0.0493333 0.0494933
    0.999      0.25     0.048 0.0479743
    0.999       0.3 0.0413333 0.0415203
    0.999      0.35 0.0353333  0.035783
    0.999       0.4 0.0333333 0.0351857
    0.999      0.45     0.032 0.0373854
    0.999       0.5      0.03 0.0424723
    0.999      0.55 0.0293333 0.0483728
    0.999       0.6 0.0286667 0.0546385
    0.999      0.65      0.03 0.0627445
    0.999       0.7 0.0313333 0.0740057
    0.999      0.75      0.03 0.0878643
    0.999       0.8 0.0273333  0.101896
    0.999      0.85 0.0286667  0.113794
    0.999       0.9 0.0246667   0.12326
    0.999      0.95 0.0226667  0.131553
    0.999         2       0.2  0.376441
    0.999         4       0.2  0.477668
    0.999         8  0.166667  0.495761
    0.999        16  0.166667  0.498703