        0      0.05  0.446667  0.466667
      0.2      0.05 0.0666667  0.121842
      0.4      0.05 0.0686667  0.135291
      0.6      0.05 0.0706667  0.156211
      0.8      0.05 0.0786667   0.20082
      0.9      0.05     0.086  0.258396
     0.95      0.05 0.0906667  0.323579
     0.99      0.05     0.084  0.442689
    0.999      0.05  0.476667  0.492529
   0.9999      0.05      0.48  0.498444
        0       0.1  0.446667  0.466667
      0.2       0.1     0.084  0.208693
      0.4       0.1 0.0873333  0.231322
      0.6       0.1      0.09   0.26608
      0.8       0.1 0.0886667  0.328574
      0.9       0.1 0.0913333    0.3857
     0.95       0.1      0.13  0.429814
     0.99       0.1     0.426   0.48132
    0.999       0.1      0.48  0.496582
   0.9999       0.1      0.48  0.498221
        0      0.15  0.446667  0.466667
      0.2      0.15     0.086   0.28774
      0.4      0.15     0.086  0.312687
      0.6      0.15 0.0913333  0.346648
      0.8      0.15  0.107333  0.396973
      0.9      0.15  0.203333  0.434455
     0.95      0.15     0.356  0.460079
     0.99      0.15  0.446667  0.488547
    0.999      0.15      0.48   0.49701
   0.9999      0.15      0.48  0.497925
        0       0.2  0.446667  0.466667
      0.2       0.2 0.0913333  0.347496
      0.4       0.2 0.0966667  0.368844
      0.6       0.2  0.114667  0.395377
      0.8       0.2      0.22  0.430498
      0.9       0.2     0.368  0.454773
     0.95       0.2  0.446667  0.471404
     0.99       0.2  0.446667  0.490967
    0.999       0.2      0.48   0.49714
   0.9999       0.2      0.48  0.497819
        0       0.3  0.446667  0.466667
      0.2       0.3  0.165333  0.416174
      0.4       0.3     0.222  0.427774
      0.6       0.3  0.311333  0.441006
      0.8       0.3     0.426  0.457632
      0.9       0.3  0.446667  0.469874
     0.95       0.3  0.446667  0.479528
     0.99       0.3  0.446667  0.492856
    0.999       0.3      0.48  0.497504
   0.9999       0.3      0.48  0.498027
        0       0.4  0.446667  0.466667
      0.2       0.4  0.319333  0.445074
      0.4       0.4  0.371333  0.450818
      0.6       0.4  0.426667  0.457465
      0.8       0.4  0.446667  0.466658
      0.9       0.4  0.446667  0.474812
     0.95       0.4  0.446667  0.482301
     0.99       0.4  0.446667  0.493772
    0.999       0.4      0.48  0.497958
   0.9999       0.4      0.48  0.498432
        0       0.5  0.446667  0.466667
      0.2       0.5  0.406667  0.456658
      0.4       0.5     0.438  0.459817
      0.6       0.5  0.446667  0.463751
      0.8       0.5  0.446667  0.470097
      0.9       0.5  0.446667  0.476773
     0.95       0.5  0.446667  0.483502
     0.99       0.5  0.446667   0.49432
    0.999       0.5      0.48  0.498337
   0.9999       0.5      0.48  0.498793
        0       0.6  0.446667  0.466667
      0.2       0.6     0.442  0.461596
      0.4       0.6  0.446667  0.463635
      0.6       0.6  0.446667  0.466424
      0.8       0.6  0.446667    0.4716
      0.9       0.6  0.446667  0.477682
     0.95       0.6  0.446667  0.484109
     0.99       0.6  0.446667  0.494667
    0.999       0.6      0.48  0.498615
   0.9999       0.6      0.48  0.499064
        0       0.7  0.446667  0.466667
      0.2       0.7  0.446667  0.463923
      0.4       0.7  0.446667  0.465441
      0.6       0.7  0.446667  0.467703
      0.8       0.7  0.446667  0.472348
      0.9       0.7  0.446667  0.478162
     0.95       0.7  0.446667  0.484453
     0.99       0.7  0.446667  0.494896
    0.999       0.7      0.48  0.498813
   0.9999       0.7      0.48  0.499259
        0       0.8  0.446667  0.466667
      0.2       0.8  0.446667   0.46513
      0.4       0.8  0.446667  0.466385
      0.6       0.8  0.446667  0.468383
      0.8       0.8  0.446667  0.472762
      0.9       0.8  0.446667  0.478443
     0.95       0.8  0.446667  0.484667
     0.99       0.8  0.446667  0.495053
    0.999       0.8      0.48  0.498956
   0.9999       0.8      0.48    0.4994
        0       0.9  0.446667  0.466667
      0.2       0.9  0.446667  0.465809
      0.4       0.9  0.446667  0.466922
      0.6       0.9  0.446667  0.468777
      0.8       0.9  0.446667  0.473011
      0.9       0.9  0.446667   0.47862
     0.95       0.9  0.446667  0.484809
     0.99       0.9  0.446667  0.495165
    0.999       0.9      0.48   0.49906
   0.9999       0.9      0.48  0.499503
        0         1  0.446667  0.466667
      0.2         1  0.446667  0.466218
      0.4         1  0.446667  0.467248
      0.6         1  0.446667  0.469021
      0.8         1  0.446667  0.473172
      0.9         1  0.446667  0.478739
     0.95         1  0.446667  0.484907
     0.99         1  0.446667  0.495247
    0.999         1      0.48  0.499138
   0.9999         1      0.48  0.499581
        0         2  0.446667  0.466667
      0.2         2  0.446667   0.46708
      0.4         2  0.446667  0.467962
      0.6         2  0.446667  0.469585
      0.8         2  0.446667  0.473585
      0.9         2  0.446667  0.479076
     0.95         2  0.446667  0.485206
     0.99         2  0.446667  0.495521
    0.999         2  0.446667  0.499409
   0.9999         2      0.48  0.499852
        0         4  0.446667  0.466667
      0.2         4  0.446667  0.467187
      0.4         4  0.446667   0.46806
      0.6         4  0.446667  0.469674
      0.8         4  0.446667  0.473664
      0.9         4  0.446667  0.479149
     0.95         4  0.446667  0.485276
     0.99         4  0.446667  0.495592
    0.999         4  0.446667  0.499482
   0.9999         4  0.446667  0.499925