        0      0.05     0.456  0.466667
      0.2      0.05  0.454667  0.464333
      0.4      0.05  0.454667  0.464333
      0.6      0.05  0.454667  0.464333
      0.8      0.05  0.454667  0.464333
      0.9      0.05  0.454667  0.464333
     0.95      0.05  0.454667  0.464333
     0.99      0.05  0.454667  0.464333
    0.999      0.05  0.454667  0.464333
   0.9999      0.05  0.454667  0.464333
        0       0.1     0.456  0.466667
      0.2       0.1 0.0473333 0.0471521
      0.4       0.1 0.0466667 0.0471802
      0.6       0.1 0.0473333  0.047681
      0.8       0.1 0.0486667 0.0490078
      0.9       0.1      0.05  0.050294
     0.95       0.1 0.0533333  0.051324
     0.99       0.1 0.0526667 0.0517984
    0.999       0.1 0.0513333 0.0506172
   0.9999       0.1 0.0466667 0.0475489
        0      0.15     0.456  0.466667
      0.2      0.15     0.048 0.0484159
      0.4      0.15 0.0453333  0.046645
      0.6      0.15 0.0453333 0.0465191
      0.8      0.15 0.0446667 0.0473992
      0.9      0.15 0.0506667 0.0484238
     0.95      0.15 0.0513333 0.0488464
     0.99      0.15 0.0466667 0.0470917
    0.999      0.15 0.0386667 0.0418004
   0.9999      0.15     0.044 0.0438784
        0       0.2     0.456  0.466667
      0.2       0.2 0.0486667 0.0490513
      0.4       0.2 0.0466667 0.0474779
      0.6       0.2 0.0446667 0.0460659
      0.8       0.2 0.0433333 0.0461936
      0.9       0.2     0.046 0.0465618
     0.95       0.2 0.0466667 0.0460303
     0.99       0.2 0.0373333 0.0430404
    0.999       0.2 0.0426667 0.0472482
   0.9999       0.2     0.046 0.0571671
        0       0.3     0.456  0.466667
      0.2       0.3 0.0446667 0.0523732
      0.4       0.3     0.042 0.0512797
      0.6       0.3      0.04 0.0505005
      0.8       0.3 0.0406667 0.0506372
      0.9       0.3      0.04 0.0523008
     0.95       0.3     0.036 0.0557744
     0.99       0.3     0.042 0.0760914
    0.999       0.3 0.0386667  0.151343
   0.9999       0.3 0.0946667  0.313007
        0       0.4     0.456  0.466667
      0.2       0.4 0.0406667 0.0625499
      0.4       0.4 0.0373333 0.0630133
      0.6       0.4      0.04 0.0651355
      0.8       0.4 0.0366667  0.072301
      0.9       0.4 0.0353333 0.0859727
     0.95       0.4      0.03  0.108887
     0.99       0.4      0.03  0.212524
    0.999       0.4       0.1  0.416704
   0.9999       0.4  0.489333   0.48846
        0       0.5     0.456  0.466667
      0.2       0.5 0.0406667 0.0859745
      0.4       0.5 0.0393333 0.0917147
      0.6       0.5 0.0366667  0.102561
      0.8       0.5 0.0346667  0.130647
      0.9       0.5 0.0346667  0.174221
     0.95       0.5 0.0253333  0.233875
     0.99       0.5 0.0373333  0.387966
    0.999       0.5      0.47  0.484242
   0.9999       0.5  0.489333  0.497742
        0       0.6     0.456  0.466667
      0.2       0.6 0.0433333  0.125604
      0.4       0.6 0.0406667  0.140122
      0.6       0.6 0.0386667  0.165004
      0.8       0.6 0.0353333  0.220281
      0.9       0.6 0.0306667  0.287215
     0.95       0.6 0.0286667   0.35433
     0.99       0.6     0.104  0.457317
    0.999       0.6  0.486667  0.494724
   0.9999       0.6  0.489333  0.498981
        0       0.7     0.456  0.466667
      0.2       0.7 0.0473333  0.177168
      0.4       0.7 0.0453333  0.199819
      0.6       0.7 0.0433333  0.235577
      0.8       0.7 0.0373333  0.302476
      0.9       0.7 0.0346667  0.366174
     0.95       0.7 0.0393333  0.416972
     0.99       0.7  0.325333  0.478366
    0.999       0.7  0.487333  0.497257
   0.9999       0.7  0.489333  0.499319
        0       0.8     0.456  0.466667
      0.2       0.8 0.0473333  0.232623
      0.4       0.8 0.0486667  0.259476
      0.6       0.8     0.044  0.298268
      0.8       0.8 0.0386667   0.36078
      0.9       0.8     0.044   0.41104
     0.95       0.8 0.0726667  0.446569
     0.99       0.8  0.416667  0.486286
    0.999       0.8     0.488  0.498179
   0.9999       0.8  0.489333  0.499475
        0       0.9     0.456  0.466667
      0.2       0.9 0.0506667  0.282909
      0.4       0.9 0.0493333  0.309794
      0.6       0.9 0.0453333  0.345811
      0.8       0.9 0.0473333   0.39794
      0.9       0.9 0.0593333  0.435857
     0.95       0.9  0.140667   0.46142
     0.99       0.9  0.447333  0.489915
    0.999       0.9  0.487333  0.498618
   0.9999       0.9  0.489333  0.499572
        0         1     0.456  0.466667
      0.2         1 0.0553333  0.323132
      0.4         1     0.052    0.3477
      0.6         1 0.0506667  0.378824
      0.8         1 0.0533333   0.42083
      0.9         1 0.0806667  0.449897
     0.95         1  0.196667  0.469413
     0.99         1     0.456  0.491813
    0.999         1     0.486  0.498862
   0.9999         1  0.489333  0.499641
        0         2     0.456  0.466667
      0.2         2 0.0853333  0.439675
      0.4         2 0.0886667  0.446916
      0.6         2 0.0906667  0.455194
      0.8         2  0.116667  0.466177
      0.9         2  0.223333  0.475298
     0.95         2  0.387333  0.483288
     0.99         2     0.456  0.495135
    0.999         2     0.456  0.499387
   0.9999         2  0.489333  0.499867
        0         4     0.456  0.466667
      0.2         4 0.0966667  0.460876
      0.4         4 0.0993333  0.463296
      0.6         4  0.102667  0.466475
      0.8         4     0.138  0.472053
      0.9         4  0.264667  0.478343
     0.95         4  0.416667  0.484878
     0.99         4     0.456  0.495518
    0.999         4     0.456  0.499479
   0.9999         4  0.489333  0.499929