       0     0.05 0.496667 0.496667
     0.2     0.05 0.496667 0.496667
     0.4     0.05 0.496667 0.496667
     0.6     0.05 0.496667 0.496667
     0.8     0.05 0.496667 0.496667
     0.9     0.05 0.496667 0.496667
    0.95     0.05 0.496667 0.496667
    0.99     0.05 0.496667 0.496667
   0.999     0.05 0.496667 0.496667
  0.9999     0.05 0.496667 0.496667
       0      0.1 0.496667 0.496667
     0.2      0.1 0.474667 0.473924
     0.4      0.1 0.475333 0.474475
     0.6      0.1 0.474667 0.474813
     0.8      0.1 0.476667 0.475516
     0.9      0.1 0.474667  0.47645
    0.95      0.1    0.474 0.478177
    0.99      0.1    0.488 0.485406
   0.999      0.1 0.495333 0.493887
  0.9999      0.1    0.496 0.495787
       0     0.15 0.496667 0.496667
     0.2     0.15 0.477333 0.473273
     0.4     0.15 0.474667 0.474176
     0.6     0.15    0.476 0.475641
     0.8     0.15 0.474667 0.478482
     0.9     0.15 0.475333 0.482205
    0.95     0.15 0.488667 0.486345
    0.99     0.15    0.496  0.49289
   0.999     0.15    0.496 0.495276
  0.9999     0.15 0.495333 0.495386
       0      0.2 0.496667 0.496667
     0.2      0.2 0.473333 0.470157
     0.4      0.2 0.478667 0.473666
     0.6      0.2 0.477333 0.476814
     0.8      0.2 0.482667 0.481446
     0.9      0.2 0.490667  0.48572
    0.95      0.2 0.493333 0.489118
    0.99      0.2    0.496 0.493069
   0.999      0.2    0.496 0.494691
  0.9999      0.2    0.496 0.495488
       0      0.3 0.496667 0.496667
     0.2      0.3 0.474667 0.461603
     0.4      0.3 0.476667 0.468536
     0.6      0.3 0.492667 0.475081
     0.8      0.3    0.494 0.482595
     0.9      0.3 0.495333 0.487563
    0.95      0.3 0.494667 0.490897
    0.99      0.3 0.496667 0.495017
   0.999      0.3 0.497333 0.497361
  0.9999      0.3 0.499333 0.499069
       0      0.4 0.496667 0.496667
     0.2      0.4 0.470667 0.455615
     0.4      0.4    0.482 0.464593
     0.6      0.4 0.496667 0.473425
     0.8      0.4    0.496 0.483375
     0.9      0.4    0.496 0.489332
    0.95      0.4    0.496 0.492841
    0.99      0.4 0.496667 0.496499
   0.999      0.4    0.498 0.498858
  0.9999      0.4      0.5 0.499833
       0      0.5 0.496667 0.496667
     0.2      0.5    0.452 0.459084
     0.4      0.5 0.484667 0.467584
     0.6      0.5    0.492 0.476219
     0.8      0.5 0.495333 0.485654
     0.9      0.5    0.496 0.490964
    0.95      0.5 0.496667 0.493921
    0.99      0.5 0.496667 0.497022
   0.999      0.5 0.499333  0.49922
  0.9999      0.5      0.5 0.499902
       0      0.6 0.496667 0.496667
     0.2      0.6 0.450667 0.466587
     0.4      0.6 0.478667 0.473537
     0.6      0.6 0.492667 0.480709
     0.8      0.6 0.495333 0.488366
     0.9      0.6 0.496667 0.492515
    0.95      0.6 0.496667 0.494786
    0.99      0.6 0.496667 0.497332
   0.999      0.6 0.499333 0.499364
  0.9999      0.6      0.5 0.499924
       0      0.7 0.496667 0.496667
     0.2      0.7 0.453333 0.473383
     0.4      0.7    0.474 0.478878
     0.6      0.7    0.494  0.48454
     0.8      0.7    0.496 0.490484
     0.9      0.7 0.496667 0.493648
    0.95      0.7 0.496667 0.495387
    0.99      0.7 0.496667 0.497524
   0.999      0.7 0.498667 0.499436
  0.9999      0.7      0.5 0.499934
       0      0.8 0.496667 0.496667
     0.2      0.8    0.454 0.478508
     0.4      0.8    0.472 0.482861
     0.6      0.8    0.494 0.487325
     0.8      0.8 0.496667 0.491964
     0.9      0.8 0.496667  0.49442
    0.95      0.8 0.496667  0.49579
    0.99      0.8 0.496667 0.497645
   0.999      0.8 0.497333 0.499476
  0.9999      0.8      0.5 0.499939
       0      0.9 0.496667 0.496667
     0.2      0.9 0.449333 0.482236
     0.4      0.9 0.471333 0.485733
     0.6      0.9 0.493333 0.489306
     0.8      0.9 0.496667 0.492997
     0.9      0.9 0.496667 0.494951
    0.95      0.9 0.496667 0.496065
    0.99      0.9 0.496667 0.497725
   0.999      0.9 0.496667   0.4995
  0.9999      0.9      0.5 0.499943
       0        1 0.496667 0.496667
     0.2        1    0.446 0.484967
     0.4        1 0.470667 0.487825
     0.6        1 0.490667 0.490735
     0.8        1 0.496667 0.493734
     0.9        1 0.496667 0.495328
    0.95        1 0.496667 0.496259
    0.99        1 0.496667 0.497781
   0.999        1 0.496667 0.499515
  0.9999        1      0.5 0.499945
       0        2 0.496667 0.496667
     0.2        2 0.444667 0.493783
     0.4        2    0.468  0.49451
     0.6        2     0.49 0.495249
     0.8        2 0.496667 0.496025
     0.9        2 0.496667 0.496489
    0.95        2 0.496667 0.496855
    0.99        2 0.496667 0.497944
   0.999        2 0.496667 0.499555
  0.9999        2      0.5  0.49995
       0        4 0.496667 0.496667
     0.2        4    0.446 0.495955
     0.4        4 0.464667 0.496143
     0.6        4 0.489333 0.496341
     0.8        4 0.496667 0.496573
     0.9        4 0.496667 0.496765
    0.95        4 0.496667 0.496995
    0.99        4 0.496667 0.497981
   0.999        4 0.496667 0.499563
  0.9999        4 0.496667  0.49995