       0     0.05 0.496667 0.496667
       0      0.1 0.496667 0.496667
       0     0.15 0.496667 0.496667
       0      0.2 0.496667 0.496667
       0      0.3 0.496667 0.496667
       0      0.4 0.496667 0.496667
       0      0.5 0.496667 0.496667
       0      0.6 0.496667 0.496667
       0      0.7 0.496667 0.496667
       0      0.8 0.496667 0.496667
       0      0.9 0.496667 0.496667
       0        1 0.496667 0.496667
       0        2 0.496667 0.496667
       0        4 0.496667 0.496667
     0.2     0.05 0.496667 0.496667
     0.2      0.1    0.436 0.442354
     0.2     0.15 0.441333 0.441856
     0.2      0.2 0.435333 0.437837
     0.2      0.3    0.402 0.424497
     0.2      0.4 0.376667 0.419849
     0.2      0.5    0.356 0.431129
     0.2      0.6    0.356 0.445622
     0.2      0.7 0.341333 0.457548
     0.2      0.8 0.335333  0.46626
     0.2      0.9    0.334 0.472519
     0.2        1 0.323333 0.477082
     0.2        2 0.332667 0.491808
     0.2        4    0.336 0.495461
     0.4     0.05 0.496667 0.496667
     0.4      0.1 0.438667 0.446355
     0.4     0.15 0.435333 0.444098
     0.4      0.2    0.434 0.444702
     0.4      0.3 0.419333 0.438499
     0.4      0.4 0.386667 0.435382
     0.4      0.5 0.360667 0.444879
     0.4      0.6    0.348 0.456893
     0.4      0.7 0.344667 0.466527
     0.4      0.8 0.334667 0.473414
     0.4      0.9     0.33  0.47829
     0.4        1    0.328 0.481813
     0.4        2    0.332 0.493024
     0.4        4    0.336 0.495773
     0.6     0.05 0.496667 0.496667
     0.6      0.1 0.456667 0.451319
     0.6     0.15 0.446667  0.44812
     0.6      0.2 0.441333  0.45135
     0.6      0.3    0.444  0.45207
     0.6      0.4    0.422 0.451259
     0.6      0.5 0.375333 0.459505
     0.6      0.6 0.352667  0.46886
     0.6      0.7 0.347333 0.475942
     0.6      0.8 0.340667 0.480835
     0.6      0.9    0.332 0.484233
     0.6        1 0.329333 0.486659
     0.6        2 0.333333 0.494255
     0.6        4 0.336667 0.496094
     0.8     0.05 0.496667 0.496667
     0.8      0.1 0.459333 0.455831
     0.8     0.15 0.454667 0.455048
     0.8      0.2 0.455333 0.462549
     0.8      0.3    0.474 0.468387
     0.8      0.4 0.468667  0.46983
     0.8      0.5 0.418667 0.476119
     0.8      0.6    0.386 0.481969
     0.8      0.7    0.364 0.485981
     0.8      0.8 0.349333  0.48862
     0.8      0.9 0.341333 0.490407
     0.8        1    0.338 0.491665
     0.8        2 0.328667 0.495528
     0.8        4 0.336667  0.49645
     0.9     0.05 0.496667 0.496667
     0.9      0.1 0.457333 0.457696
     0.9     0.15 0.455333 0.461156
     0.9      0.2    0.474 0.473562
     0.9      0.3 0.493333 0.478903
     0.9      0.4 0.491333  0.48142
     0.9      0.5 0.477333  0.48579
     0.9      0.6 0.449333   0.4892
     0.9      0.7 0.410667 0.491363
     0.9      0.8 0.383333 0.492739
     0.9      0.9    0.362 0.493657
     0.9        1 0.353333 0.494297
     0.9        2 0.324667 0.496244
     0.9        4 0.337333 0.496704
    0.95     0.05 0.496667 0.496667
    0.95      0.1 0.461333 0.459696
    0.95     0.15 0.467333 0.467697
    0.95      0.2 0.488667 0.482412
    0.95      0.3 0.494667 0.485557
    0.95      0.4    0.494 0.488479
    0.95      0.5 0.491333 0.491275
    0.95      0.6    0.492 0.493153
    0.95      0.7    0.484  0.49428
    0.95      0.8     0.46 0.494982
    0.95      0.9     0.43 0.495445
    0.95        1    0.398 0.495767
    0.95        2 0.320667 0.496738
    0.95        4 0.336667 0.496967
    0.99     0.05 0.496667 0.496667
    0.99      0.1    0.462 0.464305
    0.99     0.15 0.488667 0.483743
    0.99      0.2 0.496667 0.492284
    0.99      0.3 0.494667 0.493477
    0.99      0.4    0.496 0.495909
    0.99      0.5    0.496 0.496784
    0.99      0.6 0.496667 0.497225
    0.99      0.7 0.496667 0.497466
    0.99      0.8 0.496667 0.497609
    0.99      0.9 0.496667   0.4977
    0.99        1 0.496667 0.497762
    0.99        2 0.404667  0.49794
    0.99        4    0.332  0.49798
   0.999     0.05 0.496667 0.496667
   0.999      0.1 0.471333   0.4725
   0.999     0.15 0.494667   0.4933
   0.999      0.2 0.496667 0.495291
   0.999      0.3 0.498667 0.498019
   0.999      0.4 0.499333 0.499207
   0.999      0.5 0.497333 0.499403
   0.999      0.6 0.496667 0.499477
   0.999      0.7 0.496667 0.499513
   0.999      0.8 0.496667 0.499532
   0.999      0.9 0.496667 0.499543
   0.999        1 0.496667 0.499549
   0.999        2 0.496667 0.499563
   0.999        4 0.347333 0.499565
  0.9999     0.05 0.496667 0.496667
  0.9999      0.1 0.488667 0.486032
  0.9999     0.15    0.498 0.496035
  0.9999      0.2 0.496667 0.496262
  0.9999      0.3      0.5 0.499612
  0.9999      0.4      0.5 0.499905
  0.9999      0.5      0.5 0.499932
  0.9999      0.6      0.5 0.499941
  0.9999      0.7      0.5 0.499945
  0.9999      0.8 0.499333 0.499947
  0.9999      0.9 0.496667 0.499949
  0.9999        1 0.496667 0.499949
  0.9999        2 0.496667 0.499951
  0.9999        4 0.496667 0.499951