        0      0.05  0.166667  0.466667
      0.2      0.05  0.166667     0.347
      0.4      0.05  0.166667     0.347
      0.6      0.05  0.166667     0.347
      0.8      0.05  0.166667  0.346333
      0.9      0.05  0.166667  0.346333
     0.95      0.05  0.166667  0.346333
     0.99      0.05  0.166667  0.346333
    0.999      0.05  0.166667  0.346333
   0.9999      0.05  0.166667  0.346333
        0       0.1  0.166667  0.466667
      0.2       0.1     0.106  0.105196
      0.4       0.1  0.106667  0.106455
      0.6       0.1     0.108  0.107671
      0.8       0.1     0.108  0.107927
      0.9       0.1     0.108  0.107863
     0.95       0.1     0.108  0.107743
     0.99       0.1     0.108  0.107437
    0.999       0.1  0.105333  0.106783
   0.9999       0.1  0.106667  0.106689
        0      0.15  0.166667  0.466667
      0.2      0.15  0.107333  0.106264
      0.4      0.15  0.108667  0.107192
      0.6      0.15  0.106667  0.106891
      0.8      0.15  0.108667  0.107409
      0.9      0.15  0.107333  0.107204
     0.95      0.15     0.106  0.107041
     0.99      0.15  0.106667  0.107218
    0.999      0.15     0.108  0.107823
   0.9999      0.15     0.108  0.107817
        0       0.2  0.166667  0.466667
      0.2       0.2     0.096 0.0980137
      0.4       0.2  0.106667  0.105018
      0.6       0.2     0.108   0.10729
      0.8       0.2  0.108667  0.107151
      0.9       0.2  0.105333  0.107243
     0.95       0.2     0.106  0.107601
     0.99       0.2     0.108   0.10817
    0.999       0.2  0.109333  0.108457
   0.9999       0.2  0.110667  0.109743
        0       0.3  0.166667  0.466667
      0.2       0.3     0.094 0.0945109
      0.4       0.3 0.0966667 0.0968157
      0.6       0.3       0.1 0.0994365
      0.8       0.3  0.104667  0.102387
      0.9       0.3     0.108  0.103772
     0.95       0.3  0.111333  0.104463
     0.99       0.3  0.111333  0.107931
    0.999       0.3  0.119333  0.119718
   0.9999       0.3  0.123333  0.128237
        0       0.4  0.166667  0.466667
      0.2       0.4 0.0913333 0.0989338
      0.4       0.4     0.092 0.0988217
      0.6       0.4 0.0973333 0.0999073
      0.8       0.4  0.101333  0.101679
      0.9       0.4     0.108  0.103797
     0.95       0.4  0.114667  0.106671
     0.99       0.4     0.118  0.116468
    0.999       0.4      0.12  0.138315
   0.9999       0.4  0.116667  0.128192
        0       0.5  0.166667  0.466667
      0.2       0.5  0.102667   0.11322
      0.4       0.5     0.096  0.110873
      0.6       0.5 0.0986667  0.111477
      0.8       0.5  0.101333  0.115338
      0.9       0.5  0.112667  0.120696
     0.95       0.5     0.116  0.127216
     0.99       0.5  0.116667  0.145601
    0.999       0.5 0.0366667  0.143769
   0.9999       0.5 0.0626667  0.131677
        0       0.6  0.166667  0.466667
      0.2       0.6     0.114   0.13211
      0.4       0.6  0.106667  0.130828
      0.6       0.6  0.103333  0.132782
      0.8       0.6  0.112667  0.139862
      0.9       0.6  0.118667  0.149044
     0.95       0.6  0.118667  0.159161
     0.99       0.6 0.0966667  0.175072
    0.999       0.6 0.0413333  0.170363
   0.9999       0.6  0.172667  0.213356
        0       0.7  0.166667  0.466667
      0.2       0.7      0.12    0.1539
      0.4       0.7  0.114667  0.155145
      0.6       0.7  0.114667  0.159706
      0.8       0.7     0.122  0.170919
      0.9       0.7      0.12  0.183863
     0.95       0.7     0.106  0.195847
     0.99       0.7 0.0433333  0.208674
    0.999       0.7      0.11  0.234716
   0.9999       0.7  0.199333  0.274718
        0       0.8  0.166667  0.466667
      0.2       0.8  0.130667  0.179023
      0.4       0.8  0.128667  0.183304
      0.6       0.8  0.128667  0.191345
      0.8       0.8     0.122  0.207365
      0.9       0.8      0.11  0.222952
     0.95       0.8 0.0846667   0.23508
     0.99       0.8     0.054   0.25385
    0.999       0.8      0.19  0.294955
   0.9999       0.8       0.2  0.314087
        0       0.9  0.166667  0.466667
      0.2       0.9  0.139333  0.207045
      0.4       0.9     0.138  0.214325
      0.6       0.9  0.135333  0.225717
      0.8       0.9  0.115333  0.245292
      0.9       0.9     0.092  0.261913
     0.95       0.9     0.064  0.274817
     0.99       0.9 0.0933333  0.302928
    0.999       0.9     0.198  0.337466
   0.9999       0.9       0.2  0.346165
        0         1  0.166667  0.466667
      0.2         1  0.151333   0.23656
      0.4         1  0.144667  0.246216
      0.6         1     0.138  0.259953
      0.8         1  0.109333  0.281363
      0.9         1 0.0786667  0.298768
     0.95         1 0.0593333  0.313479
     0.99         1  0.149333  0.344851
    0.999         1  0.199333  0.369246
   0.9999         1       0.2  0.373757
        0         2  0.166667  0.466667
      0.2         2     0.208  0.417301
      0.4         2     0.184  0.424712
      0.6         2  0.147333   0.43338
      0.8         2     0.082  0.444917
      0.9         2  0.145333  0.454288
     0.95         2     0.166  0.462502
     0.99         2  0.166667  0.475527
    0.999         2       0.2  0.480715
   0.9999         2       0.2  0.481327
        0         4  0.166667  0.466667
      0.2         4  0.252667  0.459585
      0.4         4  0.232667  0.461751
      0.6         4       0.2  0.464656
      0.8         4  0.122667  0.469908
      0.9         4  0.147333  0.475998
     0.95         4  0.166667  0.482452
     0.99         4  0.166667  0.493204
    0.999         4  0.166667  0.497284
   0.9999         4       0.2  0.497751