        0      0.05  0.482667  0.493333
      0.2      0.05      0.48     0.491
      0.4      0.05      0.48     0.491
      0.6      0.05      0.48     0.491
      0.8      0.05      0.48     0.491
      0.9      0.05      0.48     0.491
     0.95      0.05      0.48     0.491
     0.99      0.05      0.48     0.491
    0.999      0.05      0.48     0.491
   0.9999      0.05      0.48     0.491
        0       0.1  0.482667  0.493333
      0.2       0.1  0.137333  0.136736
      0.4       0.1     0.136  0.134698
      0.6       0.1  0.134667   0.13342
      0.8       0.1  0.132667  0.133034
      0.9       0.1     0.132   0.13273
     0.95       0.1  0.132667  0.132149
     0.99       0.1  0.130667  0.129863
    0.999       0.1     0.126  0.126754
   0.9999       0.1  0.125333  0.125058
        0      0.15  0.482667  0.493333
      0.2      0.15     0.132  0.128822
      0.4      0.15      0.14  0.135256
      0.6      0.15  0.135333  0.135092
      0.8      0.15  0.130667  0.133641
      0.9      0.15      0.13  0.131858
     0.95      0.15     0.132  0.130272
     0.99      0.15     0.124  0.127456
    0.999      0.15  0.131333  0.129961
   0.9999      0.15  0.135333  0.136066
        0       0.2  0.482667  0.493333
      0.2       0.2  0.116667  0.123611
      0.4       0.2  0.126667  0.127696
      0.6       0.2  0.135333  0.133256
      0.8       0.2  0.134667  0.134617
      0.9       0.2  0.131333  0.132288
     0.95       0.2     0.128   0.13091
     0.99       0.2     0.134  0.131865
    0.999       0.2  0.137333  0.143315
   0.9999       0.2  0.139333  0.153192
        0       0.3  0.482667  0.493333
      0.2       0.3  0.128667   0.13225
      0.4       0.3  0.126667  0.135175
      0.6       0.3  0.127333  0.137444
      0.8       0.3  0.130667  0.140095
      0.9       0.3  0.137333  0.141478
     0.95       0.3  0.130667  0.143747
     0.99       0.3  0.135333  0.163418
    0.999       0.3     0.168  0.227068
   0.9999       0.3  0.199333  0.338608
        0       0.4  0.482667  0.493333
      0.2       0.4     0.126  0.148608
      0.4       0.4      0.12  0.144398
      0.6       0.4  0.118667  0.143719
      0.8       0.4  0.119333  0.146476
      0.9       0.4  0.113333  0.154041
     0.95       0.4  0.106667  0.168897
     0.99       0.4 0.0906667  0.244287
    0.999       0.4 0.0913333   0.42176
   0.9999       0.4  0.103333  0.489863
        0       0.5  0.482667  0.493333
      0.2       0.5  0.130667  0.173552
      0.4       0.5  0.121333  0.172522
      0.6       0.5  0.114667   0.17555
      0.8       0.5  0.102667  0.191561
      0.9       0.5      0.09  0.222599
     0.95       0.5 0.0866667  0.269449
     0.99       0.5 0.0926667   0.40038
    0.999       0.5  0.419333  0.485834
   0.9999       0.5  0.489333  0.498051
        0       0.6  0.482667  0.493333
      0.2       0.6  0.127333  0.206115
      0.4       0.6      0.12  0.214497
      0.6       0.6  0.113333  0.230875
      0.8       0.6     0.106  0.271634
      0.9       0.6     0.102  0.324515
     0.95       0.6  0.108667  0.379108
     0.99       0.6  0.264667  0.463707
    0.999       0.6  0.484667  0.495136
   0.9999       0.6  0.489333  0.498823
        0       0.7  0.482667  0.493333
      0.2       0.7  0.119333  0.245927
      0.4       0.7  0.117333  0.262558
      0.6       0.7  0.113333  0.289767
      0.8       0.7     0.114  0.342651
      0.9       0.7  0.127333  0.393885
     0.95       0.7  0.176667  0.434359
     0.99       0.7  0.437333  0.482137
    0.999       0.7  0.486667   0.49725
   0.9999       0.7  0.489333  0.498992
        0       0.8  0.482667  0.493333
      0.2       0.8     0.118  0.288581
      0.4       0.8     0.118  0.309875
      0.6       0.8      0.12  0.341198
      0.8       0.8  0.129333  0.392279
      0.9       0.8      0.17  0.432751
     0.95       0.8  0.270667  0.460147
     0.99       0.8  0.474667  0.489007
    0.999       0.8  0.486667  0.498035
   0.9999       0.8  0.489333  0.499111
        0       0.9  0.482667  0.493333
      0.2       0.9  0.121333  0.328281
      0.4       0.9  0.125333  0.350684
      0.6       0.9  0.129333  0.380919
      0.8       0.9  0.150667  0.424342
      0.9       0.9  0.223333  0.454507
     0.95       0.9  0.362667  0.473216
     0.99       0.9      0.48   0.49217
    0.999       0.9     0.486  0.498441
   0.9999       0.9  0.489333  0.499228
        0         1  0.482667  0.493333
      0.2         1  0.124667   0.36149
      0.4         1  0.127333   0.38268
      0.6         1     0.134  0.409451
      0.8         1     0.166  0.444629
      0.9         1  0.270667  0.467077
     0.95         1  0.414667  0.480345
     0.99         1  0.482667  0.493827
    0.999         1  0.483333  0.498693
   0.9999         1  0.489333  0.499335
        0         2  0.482667  0.493333
      0.2         2     0.136  0.467532
      0.4         2     0.154  0.473555
      0.6         2     0.182  0.479887
      0.8         2  0.283333  0.486655
      0.9         2  0.418667  0.490443
     0.95         2  0.481333  0.492829
     0.99         2  0.482667  0.496702
    0.999         2  0.482667  0.499358
   0.9999         2  0.489333  0.499785
        0         4  0.482667  0.493333
      0.2         4  0.150667  0.487481
      0.4         4      0.17  0.488954
      0.6         4  0.208667  0.490478
      0.8         4  0.318667  0.492154
      0.9         4  0.442667  0.493274
     0.95         4  0.482667  0.494286
     0.99         4  0.482667  0.497038
    0.999         4  0.482667  0.499493
   0.9999         4  0.482667  0.499909