        0      0.05  0.479333      0.49
      0.2      0.05  0.479333  0.489333
      0.4      0.05  0.479333  0.489333
      0.6      0.05  0.479333  0.489333
      0.8      0.05  0.479333  0.489333
      0.9      0.05  0.479333  0.489333
     0.95      0.05  0.479333  0.489333
     0.99      0.05  0.479333  0.489333
    0.999      0.05  0.479333  0.489333
   0.9999      0.05  0.479333  0.489333
        0       0.1  0.479333      0.49
      0.2       0.1 0.0893333 0.0886153
      0.4       0.1 0.0913333 0.0896524
      0.6       0.1     0.092 0.0900424
      0.8       0.1 0.0906667 0.0893086
      0.9       0.1 0.0866667 0.0885513
     0.95       0.1 0.0866667  0.088614
     0.99       0.1      0.09 0.0900548
    0.999       0.1 0.0853333 0.0865392
   0.9999       0.1 0.0846667 0.0850067
        0      0.15  0.479333      0.49
      0.2      0.15 0.0933333 0.0927241
      0.4      0.15     0.092 0.0909064
      0.6      0.15 0.0913333 0.0906627
      0.8      0.15     0.088 0.0910557
      0.9      0.15     0.088 0.0916069
     0.95      0.15 0.0853333   0.09109
     0.99      0.15 0.0846667 0.0890416
    0.999      0.15 0.0873333 0.0883674
   0.9999      0.15 0.0873333 0.0908391
        0       0.2  0.479333      0.49
      0.2       0.2 0.0973333 0.0977257
      0.4       0.2 0.0926667 0.0949225
      0.6       0.2 0.0906667 0.0942279
      0.8       0.2 0.0906667 0.0944613
      0.9       0.2 0.0913333 0.0944066
     0.95       0.2 0.0886667 0.0936014
     0.99       0.2 0.0853333 0.0923105
    0.999       0.2 0.0926667 0.0977723
   0.9999       0.2 0.0993333  0.104545
        0       0.3  0.479333      0.49
      0.2       0.3 0.0926667  0.103973
      0.4       0.3  0.100667  0.102159
      0.6       0.3 0.0973333  0.102176
      0.8       0.3     0.094  0.102134
      0.9       0.3     0.092  0.102566
     0.95       0.3     0.094  0.103699
     0.99       0.3     0.094  0.111189
    0.999       0.3  0.107333  0.171333
   0.9999       0.3     0.284  0.342469
        0       0.4  0.479333      0.49
      0.2       0.4     0.102  0.118993
      0.4       0.4     0.098  0.114823
      0.6       0.4 0.0926667   0.11258
      0.8       0.4     0.086  0.113582
      0.9       0.4 0.0806667  0.120393
     0.95       0.4 0.0793333  0.135248
     0.99       0.4     0.056  0.221357
    0.999       0.4  0.193333  0.417082
   0.9999       0.4  0.489333  0.487857
        0       0.5  0.479333      0.49
      0.2       0.5  0.113333  0.140948
      0.4       0.5     0.106  0.139139
      0.6       0.5 0.0953333  0.141949
      0.8       0.5 0.0866667  0.158831
      0.9       0.5 0.0633333  0.192486
     0.95       0.5 0.0526667  0.243726
     0.99       0.5     0.044  0.387859
    0.999       0.5  0.385333  0.483891
   0.9999       0.5  0.489333  0.497888
        0       0.6  0.479333      0.49
      0.2       0.6  0.114667  0.170861
      0.4       0.6     0.108  0.177109
      0.6       0.6 0.0946667  0.193087
      0.8       0.6     0.082  0.237145
      0.9       0.6 0.0746667  0.296435
     0.95       0.6     0.068  0.358698
     0.99       0.6 0.0713333  0.457364
    0.999       0.6  0.306667  0.495089
   0.9999       0.6     0.506  0.499579
        0       0.7  0.479333      0.49
      0.2       0.7  0.120667  0.208046
      0.4       0.7  0.111333  0.223983
      0.6       0.7 0.0993333  0.252901
      0.8       0.7 0.0926667  0.312723
      0.9       0.7  0.100667  0.372665
     0.95       0.7  0.133333   0.42094
     0.99       0.7     0.354  0.479143
    0.999       0.7  0.501333  0.498006
   0.9999       0.7  0.510667  0.500202
        0       0.8  0.479333      0.49
      0.2       0.8     0.122  0.250767
      0.4       0.8     0.114  0.273628
      0.6       0.8  0.109333  0.308982
      0.8       0.8  0.127333  0.368971
      0.9       0.8  0.166667  0.417799
     0.95       0.8  0.237333  0.451411
     0.99       0.8  0.476667  0.487549
    0.999       0.8  0.505333  0.499102
   0.9999       0.8  0.510667  0.500484
        0       0.9  0.479333      0.49
      0.2       0.9  0.122667  0.293525
      0.4       0.9  0.121333  0.319044
      0.6       0.9  0.128667  0.354484
      0.8       0.9  0.157333  0.406769
      0.9       0.9     0.228  0.443852
     0.95       0.9     0.348  0.467207
     0.99       0.9  0.498667  0.491421
    0.999       0.9     0.506  0.499562
   0.9999       0.9  0.510667  0.500574
        0         1  0.479333      0.49
      0.2         1     0.122  0.331156
      0.4         1     0.124   0.35609
      0.6         1  0.138667  0.388191
      0.8         1  0.185333  0.431196
      0.9         1  0.278667  0.459107
     0.95         1  0.411333  0.475875
     0.99         1  0.500667  0.493397
    0.999         1     0.506  0.499751
   0.9999         1  0.510667  0.500568
        0         2  0.479333      0.49
      0.2         2     0.136  0.458103
      0.4         2  0.156667  0.465653
      0.6         2  0.202667  0.473639
      0.8         2     0.318  0.482301
      0.9         2  0.453333  0.487343
     0.95         2       0.5  0.490736
     0.99         2  0.500667  0.496385
    0.999         2  0.500667  0.499693
   0.9999         2  0.510667  0.500167
        0         4  0.479333      0.49
      0.2         4  0.148667  0.482746
      0.4         4  0.178667  0.484637
      0.6         4  0.216667  0.486626
      0.8         4  0.354667  0.488924
      0.9         4  0.479333   0.49064
     0.95         4  0.500667  0.492336
     0.99         4  0.500667  0.496603
    0.999         4  0.500667   0.49957
   0.9999         4  0.510667  0.500007