       0     0.05 0.488667     0.49
       0      0.1 0.488667     0.49
       0     0.15 0.488667     0.49
       0      0.2 0.488667     0.49
       0      0.3 0.488667     0.49
       0      0.4 0.488667     0.49
       0      0.5 0.488667     0.49
       0      0.6 0.488667     0.49
       0      0.7 0.488667     0.49
       0      0.8 0.488667     0.49
       0      0.9 0.488667     0.49
       0        1 0.488667     0.49
       0        2 0.488667     0.49
       0        4 0.488667     0.49
     0.2     0.05 0.488667     0.49
     0.2      0.1    0.434 0.435984
     0.2     0.15    0.426 0.428715
     0.2      0.2 0.403333 0.416937
     0.2      0.3    0.368 0.401354
     0.2      0.4 0.340667 0.405719
     0.2      0.5    0.328 0.424989
     0.2      0.6    0.324 0.442955
     0.2      0.7 0.323333 0.455728
     0.2      0.8    0.322 0.464315
     0.2      0.9    0.318 0.470156
     0.2        1 0.320667 0.474249
     0.2        2 0.333333 0.486427
     0.2        4 0.331333 0.489169
     0.4     0.05 0.488667     0.49
     0.4      0.1 0.432667 0.435603
     0.4     0.15    0.432 0.434987
     0.4      0.2 0.418667 0.429169
     0.4      0.3 0.370667 0.416422
     0.4      0.4     0.34 0.421349
     0.4      0.5 0.333333 0.438276
     0.4      0.6 0.326667 0.453294
     0.4      0.7 0.324667 0.463613
     0.4      0.8 0.320667 0.470399
     0.4      0.9 0.318667 0.474954
     0.4        1    0.322 0.478119
     0.4        2 0.337333 0.487406
     0.4        4    0.332  0.48947
     0.6     0.05 0.488667     0.49
     0.6      0.1 0.431333 0.435613
     0.6     0.15 0.435333 0.438587
     0.6      0.2 0.429333 0.438323
     0.6      0.3     0.38  0.43169
     0.6      0.4    0.346 0.438757
     0.6      0.5 0.335333 0.453009
     0.6      0.6 0.332667 0.464504
     0.6      0.7 0.326667  0.47201
     0.6      0.8 0.322667  0.47681
     0.6      0.9 0.322667 0.479981
     0.6        1 0.327333 0.482162
     0.6        2    0.336 0.488467
     0.6        4 0.334667  0.48985
     0.8     0.05 0.488667     0.49
     0.8      0.1    0.434 0.435902
     0.8     0.15    0.432  0.44196
     0.8      0.2 0.440667 0.448097
     0.8      0.3      0.4   0.4502
     0.8      0.4 0.370667 0.460095
     0.8      0.5 0.348667 0.470132
     0.8      0.6 0.338667 0.477034
     0.8      0.7 0.331333 0.481212
     0.8      0.8 0.328667 0.483789
     0.8      0.9 0.325333 0.485459
     0.8        1 0.332667 0.486594
     0.8        2 0.341333 0.489822
     0.8        4    0.348 0.490519
     0.9     0.05 0.488667     0.49
     0.9      0.1 0.432667 0.435508
     0.9     0.15 0.432667 0.444835
     0.9      0.2 0.447333 0.455201
     0.9      0.3 0.427333 0.463434
     0.9      0.4 0.387333 0.473764
     0.9      0.5 0.358667 0.480362
     0.9      0.6    0.346 0.484309
     0.9      0.7 0.334667 0.486571
     0.9      0.8    0.336 0.487935
     0.9      0.9     0.34 0.488809
     0.9        1    0.348 0.489399
     0.9        2    0.364 0.491059
     0.9        4 0.369333 0.491414
    0.95     0.05 0.488667     0.49
    0.95      0.1 0.425333 0.434927
    0.95     0.15 0.433333 0.448135
    0.95      0.2 0.454667 0.461131
    0.95      0.3    0.444 0.473162
    0.95      0.4    0.404 0.482386
    0.95      0.5    0.376 0.486606
    0.95      0.6    0.358 0.488859
    0.95      0.7 0.334667 0.490104
    0.95      0.8     0.34 0.490844
    0.95      0.9 0.347333 0.491315
    0.95        1 0.358667 0.491631
    0.95        2 0.411333 0.492511
    0.95        4    0.434 0.492696
    0.99     0.05 0.488667     0.49
    0.99      0.1    0.432 0.435774
    0.99     0.15 0.444667 0.459251
    0.99      0.2    0.466 0.471073
    0.99      0.3    0.482 0.486864
    0.99      0.4 0.483333 0.492796
    0.99      0.5     0.48 0.494613
    0.99      0.6 0.464667 0.495427
    0.99      0.7    0.362 0.495847
    0.99      0.8 0.358667 0.496086
    0.99      0.9 0.461333 0.496234
    0.99        1 0.487333  0.49633
    0.99        2 0.491333 0.496583
    0.99        4 0.491333 0.496631
   0.999     0.05 0.488667     0.49
   0.999      0.1 0.427333 0.442196
   0.999     0.15 0.474667 0.472375
   0.999      0.2 0.476667 0.477857
   0.999      0.3    0.492 0.495546
   0.999      0.4 0.490667 0.498589
   0.999      0.5 0.488667 0.499129
   0.999      0.6 0.488667 0.499313
   0.999      0.7 0.488667 0.499396
   0.999      0.8 0.491333  0.49944
   0.999      0.9 0.491333 0.499466
   0.999        1 0.491333 0.499481
   0.999        2 0.491333 0.499517
   0.999        4 0.491333 0.499522
  0.9999     0.05 0.488667     0.49
  0.9999      0.1 0.445333  0.45522
  0.9999     0.15 0.486667 0.476538
  0.9999      0.2 0.487333 0.485348
  0.9999      0.3 0.497333 0.498885
  0.9999      0.4 0.498667 0.499783
  0.9999      0.5 0.498667 0.499884
  0.9999      0.6    0.494 0.499919
  0.9999      0.7 0.488667 0.499935
  0.9999      0.8 0.491333 0.499943
  0.9999      0.9 0.491333 0.499947
  0.9999        1 0.491333 0.499949
  0.9999        2 0.491333 0.499951
  0.9999        4 0.491333 0.499951