       0     0.05    0.498 0.493333
     0.2     0.05 0.478667 0.479375
     0.4     0.05 0.476667 0.479794
     0.6     0.05 0.478667 0.480514
     0.8     0.05 0.477333 0.482167
     0.9     0.05 0.479333 0.484413
    0.95     0.05     0.48 0.487137
    0.99     0.05 0.480667 0.493566
   0.999     0.05    0.486 0.498902
  0.9999     0.05 0.476667 0.499885
       0      0.1    0.498 0.493333
     0.2      0.1    0.478 0.482425
     0.4      0.1 0.481333 0.483408
     0.6      0.1 0.480667 0.484819
     0.8      0.1     0.48 0.487238
     0.9      0.1 0.478667 0.489488
    0.95      0.1 0.483333 0.491572
    0.99      0.1    0.482 0.496017
   0.999      0.1 0.484667 0.499348
  0.9999      0.1 0.488667 0.499907
       0     0.15    0.498 0.493333
     0.2     0.15    0.488 0.485836
     0.4     0.15    0.486 0.486766
     0.6     0.15 0.487333 0.488005
     0.8     0.15    0.482 0.489881
     0.9     0.15    0.482 0.491527
    0.95     0.15 0.480667 0.493066
    0.99     0.15 0.475333 0.496544
   0.999     0.15 0.488667 0.499373
  0.9999     0.15 0.495333 0.499859
       0      0.2    0.498 0.493333
     0.2      0.2     0.49 0.488108
     0.4      0.2    0.488 0.488848
     0.6      0.2    0.482  0.48979
     0.8      0.2 0.481333 0.491208
     0.9      0.2 0.481333 0.492471
    0.95      0.2 0.490667 0.493687
    0.99      0.2    0.488 0.496717
   0.999      0.2 0.488667 0.499367
  0.9999      0.2 0.495333 0.499828
       0      0.3    0.498 0.493333
     0.2      0.3 0.476667   0.4905
     0.4      0.3    0.476 0.490936
     0.6      0.3 0.476667 0.491525
     0.8      0.3 0.481333  0.49244
     0.9      0.3    0.482 0.493281
    0.95      0.3 0.479333 0.494181
    0.99      0.3 0.488667  0.49686
   0.999      0.3 0.488667 0.499379
  0.9999      0.3 0.495333 0.499819
       0      0.4    0.498 0.493333
     0.2      0.4 0.479333  0.49155
     0.4      0.4 0.477333 0.491884
     0.6      0.4 0.476667 0.492318
     0.8      0.4 0.485333 0.492971
     0.9      0.4    0.482  0.49361
    0.95      0.4 0.494667 0.494383
    0.99      0.4 0.488667 0.496942
   0.999      0.4 0.488667 0.499411
  0.9999      0.4 0.495333 0.499841
       0      0.5    0.498 0.493333
     0.2      0.5 0.477333 0.492143
     0.4      0.5     0.48 0.492405
     0.6      0.5 0.483333 0.492733
     0.8      0.5 0.486667 0.493233
     0.9      0.5 0.476667  0.49377
    0.95      0.5 0.488667 0.494485
    0.99      0.5 0.488667 0.496996
   0.999      0.5 0.488667 0.499441
  0.9999      0.5 0.495333 0.499865
       0      0.6    0.498 0.493333
     0.2      0.6    0.478 0.492502
     0.4      0.6 0.484667 0.492708
     0.6      0.6 0.482667 0.492965
     0.8      0.6    0.482 0.493373
     0.9      0.6 0.481333 0.493857
    0.95      0.6    0.492 0.494544
    0.99      0.6 0.488667 0.497031
   0.999      0.6 0.488667 0.499463
  0.9999      0.6 0.495333 0.499884
       0      0.7    0.498 0.493333
     0.2      0.7 0.478667 0.492728
     0.4      0.7 0.484667 0.492894
     0.6      0.7    0.482 0.493103
     0.8      0.7 0.485333 0.493456
     0.9      0.7 0.493333 0.493909
    0.95      0.7 0.489333 0.494579
    0.99      0.7 0.488667 0.497054
   0.999      0.7 0.488667 0.499479
  0.9999      0.7 0.495333 0.499898
       0      0.8    0.498 0.493333
     0.2      0.8     0.48 0.492876
     0.4      0.8    0.484 0.493014
     0.6      0.8 0.481333 0.493191
     0.8      0.8 0.483333 0.493509
     0.9      0.8 0.493333 0.493942
    0.95      0.8 0.488667 0.494603
    0.99      0.8 0.488667 0.497071
   0.999      0.8 0.488667  0.49949
  0.9999      0.8 0.495333 0.499909
       0      0.9    0.498 0.493333
     0.2      0.9     0.48 0.492978
     0.4      0.9    0.482 0.493096
     0.6      0.9 0.483333 0.493251
     0.8      0.9 0.484667 0.493544
     0.9      0.9 0.497333 0.493964
    0.95      0.9 0.488667 0.494619
    0.99      0.9 0.488667 0.497082
   0.999      0.9 0.488667 0.499499
  0.9999      0.9 0.488667 0.499916
       0        1    0.498 0.493333
     0.2        1 0.481333 0.493051
     0.4        1 0.482667 0.493153
     0.6        1 0.483333 0.493293
     0.8        1 0.485333 0.493569
     0.9        1    0.498 0.493981
    0.95        1 0.488667 0.494631
    0.99        1 0.488667  0.49709
   0.999        1 0.488667 0.499505
  0.9999        1 0.488667 0.499922
       0        2    0.498 0.493333
     0.2        2 0.480667 0.493281
     0.4        2    0.484 0.493334
     0.6        2 0.480667 0.493423
     0.8        2 0.487333 0.493646
     0.9        2 0.493333 0.494031
    0.95        2 0.488667 0.494669
    0.99        2 0.488667 0.497118
   0.999        2 0.488667 0.499527
  0.9999        2 0.488667 0.499943
       0        4    0.498 0.493333
     0.2        4 0.480667 0.493337
     0.4        4    0.484 0.493378
     0.6        4    0.482 0.493454
     0.8        4 0.485333 0.493665
     0.9        4    0.492 0.494044
    0.95        4 0.488667 0.494678
    0.99        4 0.488667 0.497125
   0.999        4 0.488667 0.499533
  0.9999        4 0.488667 0.499948