       0     0.05    0.492 0.493333
     0.2     0.05    0.492 0.493333
     0.4     0.05    0.492 0.493333
     0.6     0.05    0.492 0.493333
     0.8     0.05    0.492 0.493333
     0.9     0.05    0.492 0.493333
    0.95     0.05    0.492 0.493333
    0.99     0.05    0.492 0.493333
   0.999     0.05    0.492 0.493333
  0.9999     0.05    0.492 0.493333
       0      0.1    0.492 0.493333
     0.2      0.1 0.447333 0.445554
     0.4      0.1    0.452 0.448323
     0.6      0.1    0.448 0.447733
     0.8      0.1 0.443333 0.445676
     0.9      0.1 0.437333 0.443747
    0.95      0.1 0.433333 0.442317
    0.99      0.1 0.445333 0.442423
   0.999      0.1 0.449333 0.447229
  0.9999      0.1 0.459333  0.45455
       0     0.15    0.492 0.493333
     0.2     0.15    0.434 0.431121
     0.4     0.15 0.438667 0.437088
     0.6     0.15 0.444667 0.440089
     0.8     0.15    0.444 0.441569
     0.9     0.15 0.439333 0.442236
    0.95     0.15 0.442667  0.44357
    0.99     0.15     0.45 0.450367
   0.999     0.15 0.442667 0.462177
  0.9999     0.15 0.456667 0.475878
       0      0.2    0.492 0.493333
     0.2      0.2 0.401333  0.41445
     0.4      0.2 0.413333 0.426658
     0.6      0.2 0.425333 0.434632
     0.8      0.2 0.425333 0.442027
     0.9      0.2 0.436667 0.447863
    0.95      0.2 0.437333 0.453826
    0.99      0.2 0.447333 0.468459
   0.999      0.2    0.468 0.484508
  0.9999      0.2 0.486667 0.489609
       0      0.3    0.492 0.493333
     0.2      0.3 0.374667 0.408475
     0.4      0.3    0.386 0.420078
     0.6      0.3 0.400667 0.432509
     0.8      0.3    0.406 0.449201
     0.9      0.3 0.429333 0.462305
    0.95      0.3    0.434 0.472504
    0.99      0.3    0.484 0.487315
   0.999      0.3    0.496 0.496231
  0.9999      0.3 0.500667 0.499533
       0      0.4    0.492 0.493333
     0.2      0.4 0.379333 0.421107
     0.4      0.4    0.386 0.433227
     0.6      0.4 0.397333 0.447169
     0.8      0.4    0.406 0.465082
     0.9      0.4 0.398667 0.477165
    0.95      0.4 0.445333  0.48495
    0.99      0.4    0.494 0.493913
   0.999      0.4 0.494667 0.498891
  0.9999      0.4 0.501333 0.499976
       0      0.5    0.492 0.493333
     0.2      0.5 0.376667 0.439319
     0.4      0.5    0.384 0.449868
     0.6      0.5 0.392667 0.461702
     0.8      0.5    0.394 0.475771
     0.9      0.5 0.409333   0.4843
    0.95      0.5 0.452667 0.489392
    0.99      0.5 0.495333 0.495544
   0.999      0.5 0.494667 0.499295
  0.9999      0.5 0.501333 0.499986
       0      0.6    0.492 0.493333
     0.2      0.6 0.370667  0.45505
     0.4      0.6 0.377333 0.463214
     0.6      0.6 0.385333 0.472136
     0.8      0.6 0.399333 0.482212
     0.9      0.6 0.422667 0.488022
    0.95      0.6    0.476 0.491493
    0.99      0.6 0.494667 0.496238
   0.999      0.6 0.494667 0.499429
  0.9999      0.6 0.501333 0.499989
       0      0.7    0.492 0.493333
     0.2      0.7    0.374 0.466038
     0.4      0.7 0.383333  0.47217
     0.6      0.7     0.39 0.478739
     0.8      0.7    0.408 0.485954
     0.9      0.7 0.439333  0.49006
    0.95      0.7 0.485333 0.492602
    0.99      0.7 0.494667  0.49658
   0.999      0.7 0.494667 0.499486
  0.9999      0.7 0.501333 0.499988
       0      0.8    0.492 0.493333
     0.2      0.8    0.386 0.473274
     0.4      0.8 0.388667 0.477929
     0.6      0.8 0.395333 0.482852
     0.8      0.8 0.413333 0.488188
     0.9      0.8 0.452667 0.491243
    0.95      0.8 0.490667 0.493234
    0.99      0.8 0.494667 0.496766
   0.999      0.8 0.494667 0.499513
  0.9999      0.8 0.501333 0.499984
       0      0.9    0.492 0.493333
     0.2      0.9 0.390667 0.478089
     0.4      0.9 0.395333 0.481706
     0.6      0.9 0.395333   0.4855
     0.8      0.9 0.422667 0.489592
     0.9      0.9 0.462667 0.491976
    0.95      0.9 0.493333 0.493621
    0.99      0.9 0.494667 0.496875
   0.999      0.9 0.494667 0.499526
  0.9999      0.9 0.501333  0.49998
       0        1    0.492 0.493333
     0.2        1    0.392 0.481393
     0.4        1 0.396667 0.484273
     0.6        1      0.4 0.487279
     0.8        1 0.431333 0.490523
     0.9        1 0.472667 0.492456
    0.95        1 0.494667 0.493872
    0.99        1 0.494667 0.496942
   0.999        1 0.494667 0.499533
  0.9999        1 0.501333 0.499977
       0        2    0.492 0.493333
     0.2        2      0.4 0.490752
     0.4        2 0.407333 0.491433
     0.6        2    0.416 0.492155
     0.8        2 0.451333 0.493016
     0.9        2 0.492667 0.493722
    0.95        2 0.494667  0.49452
    0.99        2 0.494667 0.497098
   0.999        2 0.494667 0.499539
  0.9999        2 0.494667 0.499959
       0        4    0.492 0.493333
     0.2        4      0.4 0.492732
     0.4        4     0.41 0.492924
     0.6        4    0.418 0.493153
     0.8        4 0.451333 0.493516
     0.9        4 0.492667 0.493971
    0.95        4 0.494667 0.494644
    0.99        4 0.494667 0.497121
   0.999        4 0.494667 0.499536
  0.9999        4 0.494667 0.499953