        0      0.05  0.193333  0.493333
      0.2      0.05  0.192667     0.374
      0.4      0.05  0.192667     0.374
      0.6      0.05  0.192667     0.374
      0.8      0.05  0.192667     0.374
      0.9      0.05  0.192667     0.374
     0.95      0.05  0.192667     0.374
     0.99      0.05  0.192667  0.373333
    0.999      0.05  0.192667  0.373333
   0.9999      0.05  0.192667  0.373333
        0       0.1  0.193333  0.493333
      0.2       0.1 0.0826667 0.0832037
      0.4       0.1 0.0853333 0.0839314
      0.6       0.1 0.0853333 0.0846469
      0.8       0.1 0.0846667 0.0843163
      0.9       0.1 0.0846667 0.0841236
     0.95       0.1 0.0846667 0.0840139
     0.99       0.1 0.0846667 0.0833834
    0.999       0.1      0.08  0.080479
   0.9999       0.1 0.0753333 0.0728744
        0      0.15  0.193333  0.493333
      0.2      0.15 0.0813333  0.080801
      0.4      0.15 0.0833333 0.0817015
      0.6      0.15 0.0826667 0.0819939
      0.8      0.15     0.086  0.082167
      0.9      0.15 0.0846667 0.0809131
     0.95      0.15     0.084 0.0795785
     0.99      0.15     0.072 0.0733491
    0.999      0.15     0.066 0.0664203
   0.9999      0.15 0.0526667 0.0572078
        0       0.2  0.193333  0.493333
      0.2       0.2 0.0833333 0.0829648
      0.4       0.2 0.0793333 0.0807184
      0.6       0.2     0.078 0.0799955
      0.8       0.2 0.0786667 0.0786736
      0.9       0.2     0.076 0.0764222
     0.95       0.2 0.0726667 0.0732724
     0.99       0.2 0.0646667 0.0664456
    0.999       0.2     0.052 0.0543343
   0.9999       0.2 0.0426667 0.0472279
        0       0.3  0.193333  0.493333
      0.2       0.3 0.0846667 0.0921546
      0.4       0.3      0.08 0.0842639
      0.6       0.3 0.0786667 0.0806567
      0.8       0.3 0.0713333 0.0761799
      0.9       0.3     0.066 0.0713402
     0.95       0.3     0.058 0.0657843
     0.99       0.3 0.0473333 0.0539311
    0.999       0.3 0.0346667  0.057435
   0.9999       0.3  0.113333  0.123855
        0       0.4  0.193333  0.493333
      0.2       0.4 0.0986667  0.111699
      0.4       0.4 0.0833333 0.0996833
      0.6       0.4     0.072 0.0899807
      0.8       0.4      0.06 0.0805408
      0.9       0.4 0.0546667 0.0752489
     0.95       0.4 0.0473333 0.0744168
     0.99       0.4 0.0346667  0.104825
    0.999       0.4  0.123333  0.199692
   0.9999       0.4     0.126  0.228416
        0       0.5  0.193333  0.493333
      0.2       0.5     0.112  0.133187
      0.4       0.5 0.0913333  0.121591
      0.6       0.5 0.0773333  0.113687
      0.8       0.5 0.0653333  0.111493
      0.9       0.5 0.0566667  0.119456
     0.95       0.5 0.0486667  0.135903
     0.99       0.5 0.0653333  0.185374
    0.999       0.5 0.0546667  0.223275
   0.9999       0.5 0.0366667  0.230564
        0       0.6  0.193333  0.493333
      0.2       0.6  0.129333  0.167014
      0.4       0.6  0.106667  0.157036
      0.6       0.6 0.0833333  0.152683
      0.8       0.6     0.064  0.157066
      0.9       0.6 0.0586667  0.169813
     0.95       0.6 0.0613333  0.186531
     0.99       0.6 0.0613333  0.223548
    0.999       0.6     0.034  0.252592
   0.9999       0.6  0.139333  0.295739
        0       0.7  0.193333  0.493333
      0.2       0.7  0.148667  0.204665
      0.4       0.7     0.124   0.19645
      0.6       0.7 0.0966667  0.193779
      0.8       0.7 0.0753333   0.20024
      0.9       0.7 0.0733333  0.214243
     0.95       0.7 0.0686667  0.231154
     0.99       0.7 0.0566667  0.264899
    0.999       0.7  0.106667  0.305361
   0.9999       0.7  0.196667  0.339583
        0       0.8  0.193333  0.493333
      0.2       0.8      0.16  0.238237
      0.4       0.8     0.142  0.233055
      0.6       0.8  0.117333  0.233402
      0.8       0.8     0.092  0.244413
      0.9       0.8 0.0886667  0.261429
     0.95       0.8     0.082  0.278995
     0.99       0.8 0.0773333  0.312018
    0.999       0.8     0.184  0.347695
   0.9999       0.8       0.2  0.361839
        0       0.9  0.193333  0.493333
      0.2       0.9     0.172  0.267693
      0.4       0.9  0.154667  0.266913
      0.6       0.9     0.132  0.271899
      0.8       0.9  0.110667  0.288142
      0.9       0.9       0.1  0.306868
     0.95       0.9     0.096  0.323692
     0.99       0.9  0.133333  0.352401
    0.999       0.9     0.194  0.374991
   0.9999       0.9       0.2  0.380809
        0         1  0.193333  0.493333
      0.2         1  0.180667   0.29499
      0.4         1  0.168667  0.298529
      0.6         1  0.147333  0.307658
      0.8         1  0.125333  0.327072
      0.9         1     0.114  0.345342
     0.95         1     0.122  0.359947
     0.99         1  0.166667   0.38184
    0.999         1  0.197333  0.395242
   0.9999         1       0.2   0.39805
        0         2  0.193333  0.493333
      0.2         2  0.243333  0.445183
      0.4         2  0.236667  0.450481
      0.6         2  0.225333  0.456002
      0.8         2       0.2  0.461721
      0.9         2  0.182667  0.464785
     0.95         2  0.193333  0.466706
     0.99         2  0.193333  0.470118
    0.999         2  0.197333  0.472798
   0.9999         2       0.2  0.473262
        0         4  0.193333  0.493333
      0.2         4  0.270667  0.482482
      0.4         4  0.261333  0.483662
      0.6         4  0.231333  0.484879
      0.8         4  0.194667   0.48623
      0.9         4  0.193333  0.487181
     0.95         4  0.193333  0.488105
     0.99         4  0.193333  0.490785
    0.999         4  0.193333  0.493224
   0.9999         4       0.2  0.493639