       0     0.05    0.486 0.496667
     0.2     0.05 0.485333 0.496333
     0.4     0.05 0.485333 0.496333
     0.6     0.05 0.485333 0.496333
     0.8     0.05 0.485333 0.496333
     0.9     0.05 0.485333 0.496333
    0.95     0.05 0.485333 0.496333
    0.99     0.05 0.485333 0.496333
   0.999     0.05 0.485333 0.496333
  0.9999     0.05 0.485333 0.496333
       0      0.1    0.486 0.496667
     0.2      0.1 0.136667 0.137358
     0.4      0.1 0.136667 0.136906
     0.6      0.1 0.137333 0.137281
     0.8      0.1 0.136667 0.138351
     0.9      0.1    0.138 0.139823
    0.95      0.1    0.144 0.141355
    0.99      0.1    0.138 0.139911
   0.999      0.1 0.140667 0.141185
  0.9999      0.1 0.139333 0.139013
       0     0.15    0.486 0.496667
     0.2     0.15 0.141333 0.141446
     0.4     0.15 0.136667 0.137502
     0.6     0.15 0.135333 0.137416
     0.8     0.15 0.136667 0.140032
     0.9     0.15 0.143333 0.140634
    0.95     0.15 0.139333 0.139635
    0.99     0.15 0.136667 0.138559
   0.999     0.15 0.144667 0.137998
  0.9999     0.15 0.142667  0.13869
       0      0.2    0.486 0.496667
     0.2      0.2 0.147333  0.15022
     0.4      0.2    0.142 0.141833
     0.6      0.2 0.134667 0.138924
     0.8      0.2 0.141333 0.139846
     0.9      0.2 0.139333 0.137929
    0.95      0.2    0.138 0.136651
    0.99      0.2 0.143333 0.135687
   0.999      0.2 0.138667  0.14042
  0.9999      0.2 0.150667 0.147536
       0      0.3    0.486 0.496667
     0.2      0.3    0.172 0.169108
     0.4      0.3 0.155333 0.159503
     0.6      0.3 0.144667 0.150276
     0.8      0.3 0.140667  0.14178
     0.9      0.3 0.136667 0.138017
    0.95      0.3 0.138667 0.137788
    0.99      0.3 0.136667 0.145678
   0.999      0.3 0.149333 0.201173
  0.9999      0.3     0.36 0.361632
       0      0.4    0.486 0.496667
     0.2      0.4      0.2 0.204927
     0.4      0.4    0.176 0.185494
     0.6      0.4    0.158 0.171807
     0.8      0.4 0.131333 0.161132
     0.9      0.4     0.13 0.160554
    0.95      0.4     0.12  0.16874
    0.99      0.4 0.112667 0.236789
   0.999      0.4 0.427333    0.418
  0.9999      0.4 0.510667 0.491806
       0      0.5    0.486 0.496667
     0.2      0.5 0.211333 0.238798
     0.4      0.5    0.194 0.223993
     0.6      0.5 0.171333 0.214252
     0.8      0.5     0.14 0.214561
     0.9      0.5 0.116667 0.233106
    0.95      0.5 0.111333 0.269438
    0.99      0.5 0.242667  0.39018
   0.999      0.5 0.503333 0.484637
  0.9999      0.5 0.510667 0.500028
       0      0.6    0.486 0.496667
     0.2      0.6 0.218667 0.268267
     0.4      0.6 0.200667 0.262136
     0.6      0.6 0.180667 0.263772
     0.8      0.6 0.161333 0.285357
     0.9      0.6     0.16  0.32462
    0.95      0.6 0.196667 0.372082
    0.99      0.6 0.373333 0.458319
   0.999      0.6 0.507333 0.495759
  0.9999      0.6 0.510667 0.500647
       0      0.7    0.486 0.496667
     0.2      0.7 0.216667 0.296071
     0.4      0.7 0.201333 0.298888
     0.6      0.7    0.192 0.311438
     0.8      0.7 0.194667  0.34729
     0.9      0.7    0.224 0.390138
    0.95      0.7 0.273333 0.428776
    0.99      0.7    0.452 0.480303
   0.999      0.7 0.507333 0.498388
  0.9999      0.7 0.510667 0.500734
       0      0.8    0.486 0.496667
     0.2      0.8 0.216667 0.323362
     0.4      0.8    0.208 0.333426
     0.6      0.8 0.210667 0.353055
     0.8      0.8    0.232  0.39267
     0.9      0.8 0.283333 0.429539
    0.95      0.8    0.342 0.457354
    0.99      0.8    0.484 0.488965
   0.999      0.8 0.507333 0.499341
  0.9999      0.8 0.510667 0.500775
       0      0.9    0.486 0.496667
     0.2      0.9    0.216 0.349628
     0.4      0.9 0.214667 0.363933
     0.6      0.9 0.230667 0.386287
     0.8      0.9    0.268 0.423463
     0.9      0.9     0.32 0.452818
    0.95      0.9 0.391333 0.472567
    0.99      0.9 0.497333 0.492999
   0.999      0.9 0.507333 0.499749
  0.9999      0.9 0.510667 0.500769
       0        1    0.486 0.496667
     0.2        1 0.224667 0.373547
     0.4        1 0.226667 0.389397
     0.6        1    0.248 0.411483
     0.8        1 0.292667 0.443932
     0.9        1    0.348 0.466827
    0.95        1 0.429333  0.48107
    0.99        1 0.506667 0.495038
   0.999        1 0.507333 0.499919
  0.9999        1 0.510667 0.500725
       0        2    0.486 0.496667
     0.2        2 0.250667 0.469111
     0.4        2 0.259333 0.475409
     0.6        2 0.295333 0.482129
     0.8        2    0.376 0.489347
     0.9        2 0.474667  0.49322
    0.95        2 0.507333 0.495338
    0.99        2 0.507333 0.497843
   0.999        2 0.507333 0.499793
  0.9999        2 0.510667 0.500232
       0        4    0.486 0.496667
     0.2        4 0.258667 0.490312
     0.4        4     0.27 0.491895
     0.6        4 0.306667  0.49351
     0.8        4 0.406667 0.495184
     0.9        4 0.495333 0.496104
    0.95        4 0.507333 0.496701
    0.99        4 0.507333 0.497977
   0.999        4 0.507333 0.499629
  0.9999        4 0.507333 0.500026