       0     0.05 0.496667 0.496667
     0.2     0.05 0.375333 0.387805
     0.4     0.05 0.376667 0.392512
     0.6     0.05 0.382667 0.400206
     0.8     0.05 0.397333 0.416402
     0.9     0.05 0.413333 0.434586
    0.95     0.05     0.43 0.452306
    0.99     0.05 0.477333 0.482551
   0.999     0.05 0.505333 0.497553
  0.9999     0.05 0.464667  0.49974
       0      0.1 0.496667 0.496667
     0.2      0.1     0.42 0.445289
     0.4      0.1 0.426667 0.453911
     0.6      0.1 0.438667 0.464274
     0.8      0.1    0.468 0.477192
     0.9      0.1 0.499333 0.485411
    0.95      0.1    0.502 0.490548
    0.99      0.1    0.508 0.496441
   0.999      0.1    0.494 0.499405
  0.9999      0.1 0.496667 0.499935
       0     0.15 0.496667 0.496667
     0.2     0.15 0.463333  0.47744
     0.4     0.15 0.482667 0.480744
     0.6     0.15 0.493333 0.484625
     0.8     0.15 0.498667 0.489593
     0.9     0.15 0.502667 0.492816
    0.95     0.15 0.503333 0.494834
    0.99     0.15    0.502 0.497521
   0.999     0.15 0.490667 0.499527
  0.9999     0.15 0.496667 0.499947
       0      0.2 0.496667 0.496667
     0.2      0.2 0.495333 0.489332
     0.4      0.2    0.496 0.490374
     0.6      0.2 0.496667 0.491926
     0.8      0.2 0.499333 0.494039
     0.9      0.2 0.499333  0.49538
    0.95      0.2 0.500667 0.496263
    0.99      0.2 0.498667 0.497853
   0.999      0.2    0.448 0.499562
  0.9999      0.2 0.496667 0.499951
       0      0.3 0.496667 0.496667
     0.2      0.3 0.500667 0.496993
     0.4      0.3      0.5 0.496971
     0.6      0.3 0.501333 0.496948
     0.8      0.3 0.500667 0.496918
     0.9      0.3    0.498 0.496953
    0.95      0.3    0.498 0.497102
    0.99      0.3 0.492667 0.498033
   0.999      0.3 0.496667  0.49958
  0.9999      0.3 0.496667 0.499953
       0      0.4 0.496667 0.496667
     0.2      0.4    0.498 0.497895
     0.4      0.4    0.498 0.497673
     0.6      0.4 0.497333  0.49742
     0.8      0.4    0.498  0.49715
     0.9      0.4 0.500667 0.497068
    0.95      0.4    0.498 0.497158
    0.99      0.4 0.486667  0.49804
   0.999      0.4 0.496667 0.499579
  0.9999      0.4 0.496667 0.499953
       0      0.5 0.496667 0.496667
     0.2      0.5 0.499333 0.497649
     0.4      0.5      0.5  0.49746
     0.6      0.5 0.499333 0.497253
     0.8      0.5 0.502667 0.497051
     0.9      0.5    0.498 0.497013
    0.95      0.5 0.498667 0.497128
    0.99      0.5    0.484 0.498029
   0.999      0.5 0.496667 0.499576
  0.9999      0.5 0.496667 0.499952
       0      0.6 0.496667 0.496667
     0.2      0.6 0.498667 0.497381
     0.4      0.6 0.499333  0.49724
     0.6      0.6 0.499333 0.497092
     0.8      0.6      0.5 0.496961
     0.9      0.6    0.498 0.496965
    0.95      0.6 0.497333 0.497102
    0.99      0.6 0.492667  0.49802
   0.999      0.6 0.496667 0.499574
  0.9999      0.6 0.496667 0.499952
       0      0.7 0.496667 0.496667
     0.2      0.7 0.498667 0.497193
     0.4      0.7 0.499333 0.497088
     0.6      0.7 0.499333 0.496983
     0.8      0.7      0.5 0.496902
     0.9      0.7      0.5 0.496933
    0.95      0.7    0.498 0.497085
    0.99      0.7    0.492 0.498013
   0.999      0.7 0.496667 0.499572
  0.9999      0.7 0.496667 0.499952
       0      0.8 0.496667 0.496667
     0.2      0.8 0.498667 0.497067
     0.4      0.8 0.498667 0.496988
     0.6      0.8 0.498667 0.496911
     0.8      0.8      0.5 0.496864
     0.9      0.8      0.5 0.496913
    0.95      0.8    0.498 0.497074
    0.99      0.8 0.493333 0.498009
   0.999      0.8 0.496667 0.499571
  0.9999      0.8 0.496667 0.499951
       0      0.9 0.496667 0.496667
     0.2      0.9 0.498667  0.49698
     0.4      0.9    0.498 0.496919
     0.6      0.9 0.498667 0.496863
     0.8      0.9 0.498667 0.496838
     0.9      0.9 0.498667   0.4969
    0.95      0.9 0.496667 0.497067
    0.99      0.9 0.497333 0.498005
   0.999      0.9 0.496667  0.49957
  0.9999      0.9 0.496667 0.499951
       0        1 0.496667 0.496667
     0.2        1 0.498667 0.496919
     0.4        1 0.498667 0.496871
     0.6        1 0.499333 0.496829
     0.8        1 0.499333  0.49682
     0.9        1    0.498  0.49689
    0.95        1 0.496667 0.497061
    0.99        1 0.496667 0.498003
   0.999        1      0.5 0.499569
  0.9999        1 0.496667 0.499951
       0        2 0.496667 0.496667
     0.2        2 0.497333 0.496731
     0.4        2 0.497333 0.496726
     0.6        2 0.497333 0.496729
     0.8        2 0.497333 0.496768
     0.9        2 0.497333 0.496863
    0.95        2 0.496667 0.497046
    0.99        2 0.496667 0.497995
   0.999        2    0.462 0.499566
  0.9999        2 0.496667 0.499951
       0        4 0.496667 0.496667
     0.2        4 0.496667 0.496687
     0.4        4 0.496667 0.496692
     0.6        4 0.496667 0.496707
     0.8        4 0.496667 0.496757
     0.9        4 0.497333 0.496857
    0.95        4 0.497333 0.497043
    0.99        4 0.499333 0.497993
   0.999        4 0.494667 0.499565
  0.9999        4 0.496667 0.499951