       0     0.05 0.496667 0.496667
       0      0.1 0.496667 0.496667
       0     0.15 0.496667 0.496667
       0      0.2 0.496667 0.496667
       0      0.3 0.496667 0.496667
       0      0.4 0.496667 0.496667
       0      0.5 0.496667 0.496667
       0      0.6 0.496667 0.496667
       0      0.7 0.496667 0.496667
       0      0.8 0.496667 0.496667
       0      0.9 0.496667 0.496667
       0        1 0.496667 0.496667
       0        2 0.496667 0.496667
       0        4 0.496667 0.496667
     0.2     0.05 0.496667 0.496667
     0.2      0.1 0.444667 0.444167
     0.2     0.15     0.43 0.429637
     0.2      0.2 0.402667 0.418276
     0.2      0.3    0.382 0.417169
     0.2      0.4 0.394667  0.43133
     0.2      0.5 0.390667 0.445924
     0.2      0.6 0.384667  0.45814
     0.2      0.7 0.386667 0.467421
     0.2      0.8 0.389333 0.474042
     0.2      0.9    0.386 0.478754
     0.2        1 0.388667 0.482172
     0.2        2 0.396667 0.493105
     0.2        4 0.395333 0.495787
     0.4     0.05 0.496667 0.496667
     0.4      0.1 0.443333 0.447239
     0.4     0.15 0.434667  0.43661
     0.4      0.2    0.408 0.427408
     0.4      0.3 0.405333 0.429975
     0.4      0.4 0.416667 0.442612
     0.4      0.5 0.392667 0.455899
     0.4      0.6 0.390667 0.466397
     0.4      0.7 0.389333  0.47401
     0.4      0.8     0.39 0.479293
     0.4      0.9 0.393333 0.482991
     0.4        1 0.392667 0.485645
     0.4        2 0.395333 0.493997
     0.4        4 0.397333 0.496017
     0.6     0.05 0.496667 0.496667
     0.6      0.1 0.451333 0.452022
     0.6     0.15 0.428667 0.442589
     0.6      0.2    0.428 0.436582
     0.6      0.3 0.438667 0.444429
     0.6      0.4 0.435333 0.455889
     0.6      0.5 0.423333 0.467055
     0.6      0.6 0.423333 0.475351
     0.6      0.7 0.413333 0.481008
     0.6      0.8 0.413333 0.484793
     0.6      0.9     0.41 0.487388
     0.6        1 0.413333 0.489226
     0.6        2    0.424 0.494904
     0.6        4    0.424 0.496256
     0.8     0.05 0.496667 0.496667
     0.8      0.1 0.466667 0.458315
     0.8     0.15 0.445333 0.450237
     0.8      0.2 0.440667 0.448471
     0.8      0.3 0.473333 0.463178
     0.8      0.4     0.47 0.472588
     0.8      0.5     0.46 0.480212
     0.8      0.6 0.464667 0.485355
     0.8      0.7    0.472 0.488574
     0.8      0.8 0.478667 0.490629
     0.8      0.9 0.480667 0.492002
     0.8        1 0.484667 0.492959
     0.8        2 0.485333 0.495854
     0.8        4 0.488667 0.496532
     0.9     0.05 0.496667 0.496667
     0.9      0.1 0.468667 0.460478
     0.9     0.15    0.452 0.455113
     0.9      0.2 0.457333 0.457345
     0.9      0.3 0.484667  0.47617
     0.9      0.4 0.486667 0.483267
     0.9      0.5 0.490667 0.488028
     0.9      0.6    0.496 0.490962
     0.9      0.7    0.496 0.492692
     0.9      0.8    0.496 0.493764
     0.9      0.9 0.496667 0.494468
     0.9        1 0.496667 0.494955
     0.9        2 0.496667 0.496409
     0.9        4 0.496667 0.496746
    0.95     0.05 0.496667 0.496667
    0.95      0.1 0.460667 0.460129
    0.95     0.15 0.452667 0.458541
    0.95      0.2    0.466 0.464376
    0.95      0.3    0.492 0.484637
    0.95      0.4 0.494667 0.489744
    0.95      0.5 0.496667 0.492504
    0.95      0.6 0.496667 0.494082
    0.95      0.7 0.496667 0.494975
    0.95      0.8 0.496667 0.495517
    0.95      0.9 0.496667  0.49587
    0.95        1 0.496667 0.496111
    0.95        2 0.496667 0.496825
    0.95        4 0.496667 0.496989
    0.99     0.05 0.496667 0.496667
    0.99      0.1    0.462 0.458582
    0.99     0.15 0.469333 0.467343
    0.99      0.2 0.480667 0.477593
    0.99      0.3 0.497333 0.494136
    0.99      0.4 0.496667 0.496447
    0.99      0.5 0.496667 0.497157
    0.99      0.6 0.496667 0.497502
    0.99      0.7 0.496667 0.497677
    0.99      0.8 0.496667 0.497775
    0.99      0.9 0.496667 0.497834
    0.99        1 0.496667 0.497872
    0.99        2 0.496667 0.497969
    0.99        4 0.496667 0.497987
   0.999     0.05 0.496667 0.496667
   0.999      0.1    0.466 0.463276
   0.999     0.15 0.474667 0.475646
   0.999      0.2    0.494 0.490623
   0.999      0.3 0.498667 0.498469
   0.999      0.4 0.499333 0.499332
   0.999      0.5 0.498667 0.499487
   0.999      0.6    0.498 0.499542
   0.999      0.7 0.496667 0.499563
   0.999      0.8 0.496667 0.499572
   0.999      0.9 0.496667 0.499575
   0.999        1 0.496667 0.499576
   0.999        2 0.496667 0.499571
   0.999        4 0.496667 0.499567
  0.9999     0.05 0.496667 0.496667
  0.9999      0.1 0.474667  0.47219
  0.9999     0.15 0.484667 0.482663
  0.9999      0.2    0.496  0.49549
  0.9999      0.3      0.5 0.499709
  0.9999      0.4      0.5  0.49992
  0.9999      0.5      0.5 0.499942
  0.9999      0.6      0.5 0.499949
  0.9999      0.7      0.5 0.499951
  0.9999      0.8      0.5 0.499952
  0.9999      0.9      0.5 0.499953
  0.9999        1      0.5 0.499953
  0.9999        2 0.496667 0.499952
  0.9999        4 0.496667 0.499951