        0      0.05  0.479333      0.49
      0.2      0.05  0.478667  0.488333
      0.4      0.05  0.478667  0.488333
      0.6      0.05  0.478667  0.488333
      0.8      0.05  0.478667  0.488333
      0.9      0.05  0.478667  0.488333
     0.95      0.05  0.478667  0.488333
     0.99      0.05  0.478667  0.488333
    0.999      0.05  0.478667  0.488333
   0.9999      0.05  0.478667  0.488333
        0       0.1  0.479333      0.49
      0.2       0.1 0.0626667 0.0652589
      0.4       0.1     0.064 0.0660974
      0.6       0.1 0.0706667 0.0676613
      0.8       0.1     0.074   0.07067
      0.9       0.1 0.0773333  0.073049
     0.95       0.1     0.078 0.0748059
     0.99       0.1 0.0793333 0.0770913
    0.999       0.1 0.0826667 0.0813019
   0.9999       0.1 0.0873333  0.085648
        0      0.15  0.479333      0.49
      0.2      0.15     0.062 0.0673377
      0.4      0.15 0.0633333 0.0681403
      0.6      0.15     0.064 0.0690944
      0.8      0.15 0.0773333 0.0724198
      0.9      0.15     0.078 0.0752169
     0.95      0.15 0.0793333 0.0772072
     0.99      0.15     0.084 0.0814778
    0.999      0.15 0.0746667 0.0799753
   0.9999      0.15 0.0693333 0.0744149
        0       0.2  0.479333      0.49
      0.2       0.2 0.0673333 0.0747772
      0.4       0.2 0.0646667 0.0714536
      0.6       0.2 0.0633333 0.0713053
      0.8       0.2 0.0693333 0.0725113
      0.9       0.2 0.0673333 0.0742914
     0.95       0.2      0.07 0.0761656
     0.99       0.2     0.072   0.07669
    0.999       0.2 0.0653333 0.0761781
   0.9999       0.2     0.086 0.0883496
        0       0.3  0.479333      0.49
      0.2       0.3     0.092  0.101769
      0.4       0.3 0.0773333 0.0882199
      0.6       0.3 0.0666667 0.0800353
      0.8       0.3 0.0606667  0.074805
      0.9       0.3 0.0626667 0.0733444
     0.95       0.3 0.0606667 0.0739886
     0.99       0.3     0.058 0.0871391
    0.999       0.3 0.0766667  0.149076
   0.9999       0.3  0.141333  0.285249
        0       0.4  0.479333      0.49
      0.2       0.4      0.11  0.129299
      0.4       0.4 0.0853333  0.115078
      0.6       0.4 0.0673333  0.103417
      0.8       0.4     0.054 0.0965059
      0.9       0.4 0.0473333   0.10066
     0.95       0.4 0.0366667  0.114853
     0.99       0.4 0.0426667  0.195344
    0.999       0.4  0.148667  0.399622
   0.9999       0.4     0.486  0.485297
        0       0.5  0.479333      0.49
      0.2       0.5      0.11  0.153773
      0.4       0.5      0.09  0.148457
      0.6       0.5 0.0693333  0.146239
      0.8       0.5     0.044  0.156869
      0.9       0.5     0.032  0.185965
     0.95       0.5 0.0273333  0.233591
     0.99       0.5 0.0453333  0.378171
    0.999       0.5     0.404   0.48183
   0.9999       0.5  0.489333  0.497527
        0       0.6  0.479333      0.49
      0.2       0.6  0.109333  0.184444
      0.4       0.6 0.0906667  0.190472
      0.6       0.6 0.0666667  0.204331
      0.8       0.6 0.0466667  0.243454
      0.9       0.6     0.032  0.298242
     0.95       0.6 0.0246667  0.357863
     0.99       0.6 0.0166667  0.456056
    0.999       0.6     0.018  0.494723
   0.9999       0.6 0.0986667  0.499451
        0       0.7  0.479333      0.49
      0.2       0.7      0.11   0.22235
      0.4       0.7     0.102  0.238173
      0.6       0.7 0.0826667    0.2652
      0.8       0.7 0.0726667  0.320457
      0.9       0.7     0.076  0.376636
     0.95       0.7  0.119333  0.422731
     0.99       0.7      0.35  0.479322
    0.999       0.7  0.500667   0.49795
   0.9999       0.7  0.510667  0.500176
        0       0.8  0.479333      0.49
      0.2       0.8     0.116  0.263912
      0.4       0.8  0.106667  0.285826
      0.6       0.8  0.102667  0.318971
      0.8       0.8     0.118   0.37502
      0.9       0.8  0.172667  0.421072
     0.95       0.8     0.268  0.453114
     0.99       0.8  0.479333  0.487903
    0.999       0.8     0.506  0.499128
   0.9999       0.8  0.510667    0.5005
        0       0.9  0.479333      0.49
      0.2       0.9     0.116  0.303846
      0.4       0.9  0.115333  0.328017
      0.6       0.9  0.124667    0.3614
      0.8       0.9  0.164667  0.410767
      0.9       0.9     0.254  0.446035
     0.95       0.9  0.369333  0.468399
     0.99       0.9       0.5   0.49173
    0.999       0.9  0.506667  0.499619
   0.9999       0.9  0.510667  0.500614
        0         1  0.479333      0.49
      0.2         1  0.120667  0.338393
      0.4         1  0.127333  0.362096
      0.6         1  0.149333   0.39263
      0.8         1  0.199333  0.433697
      0.9         1  0.321333  0.460492
     0.95         1  0.430667  0.476667
     0.99         1  0.500667  0.493647
    0.999         1  0.506667  0.499823
   0.9999         1  0.510667  0.500625
        0         2  0.479333      0.49
      0.2         2     0.152  0.457906
      0.4         2  0.173333  0.465521
      0.6         2  0.228667  0.473573
      0.8         2     0.368    0.4823
      0.9         2  0.480667  0.487379
     0.95         2  0.500667  0.490794
     0.99         2  0.500667  0.496455
    0.999         2  0.500667  0.499745
   0.9999         2  0.510667  0.500216
        0         4  0.479333      0.49
      0.2         4     0.162  0.482577
      0.4         4  0.186667  0.484515
      0.6         4  0.259333   0.48655
      0.8         4  0.404667  0.488895
      0.9         4  0.495333  0.490636
     0.95         4  0.500667  0.492345
     0.99         4  0.500667  0.496622
    0.999         4  0.500667  0.499586
   0.9999         4  0.510667  0.500022