        0      0.05     0.486  0.496667
      0.2      0.05     0.486  0.496667
      0.4      0.05     0.486  0.496667
      0.6      0.05     0.486  0.496667
      0.8      0.05     0.486  0.496667
      0.9      0.05     0.486  0.496667
     0.95      0.05     0.486  0.496667
     0.99      0.05     0.486  0.496667
    0.999      0.05     0.486  0.496667
   0.9999      0.05     0.486  0.496667
        0       0.1     0.486  0.496667
      0.2       0.1  0.175333  0.174719
      0.4       0.1  0.176667   0.17835
      0.6       0.1  0.182667  0.180565
      0.8       0.1  0.185333  0.184973
      0.9       0.1  0.187333  0.186724
     0.95       0.1     0.184  0.185929
     0.99       0.1     0.182  0.183434
    0.999       0.1  0.178667  0.180317
   0.9999       0.1     0.184  0.182048
        0      0.15     0.486  0.496667
      0.2      0.15  0.167333  0.169638
      0.4      0.15  0.169333  0.174726
      0.6      0.15  0.185333  0.177238
      0.8      0.15  0.182667  0.178462
      0.9      0.15  0.183333  0.179358
     0.95      0.15  0.177333  0.179504
     0.99      0.15  0.180667  0.177542
    0.999      0.15  0.166667  0.169498
   0.9999      0.15  0.192667  0.194088
        0       0.2     0.486  0.496667
      0.2       0.2  0.176667  0.177405
      0.4       0.2  0.163333   0.17115
      0.6       0.2  0.173333  0.171302
      0.8       0.2  0.169333  0.168588
      0.9       0.2  0.168667  0.170793
     0.95       0.2  0.178667  0.170206
     0.99       0.2  0.180667  0.172599
    0.999       0.2  0.205333  0.197984
   0.9999       0.2  0.228667  0.231776
        0       0.3     0.486  0.496667
      0.2       0.3  0.179333  0.189477
      0.4       0.3  0.166667  0.174156
      0.6       0.3  0.155333   0.16456
      0.8       0.3  0.142667  0.157194
      0.9       0.3  0.141333  0.154904
     0.95       0.3  0.137333  0.155728
     0.99       0.3  0.135333  0.168168
    0.999       0.3     0.112  0.235469
   0.9999       0.3  0.115333  0.359991
        0       0.4     0.486  0.496667
      0.2       0.4  0.184667  0.206909
      0.4       0.4  0.152667  0.188737
      0.6       0.4     0.132  0.173688
      0.8       0.4  0.103333  0.163063
      0.9       0.4     0.082  0.164251
     0.95       0.4 0.0673333  0.177377
     0.99       0.4     0.056  0.261849
    0.999       0.4 0.0586667  0.427278
   0.9999       0.4     0.066  0.489977
        0       0.5     0.486  0.496667
      0.2       0.5     0.178  0.227485
      0.4       0.5  0.147333   0.21836
      0.6       0.5  0.117333  0.213078
      0.8       0.5 0.0793333  0.221599
      0.9       0.5     0.066  0.249859
     0.95       0.5 0.0606667  0.293737
     0.99       0.5 0.0913333  0.409205
    0.999       0.5     0.446  0.485655
   0.9999       0.5  0.488667  0.497768
        0       0.6     0.486  0.496667
      0.2       0.6     0.166   0.24884
      0.4       0.6      0.14  0.252088
      0.6       0.6     0.116  0.263575
      0.8       0.6 0.0773333  0.298131
      0.9       0.6 0.0673333  0.344253
     0.95       0.6      0.09  0.391379
     0.99       0.6     0.336  0.465177
    0.999       0.6  0.484667   0.49469
   0.9999       0.6  0.489333  0.498685
        0       0.7     0.486  0.496667
      0.2       0.7  0.159333  0.277675
      0.4       0.7  0.133333  0.290213
      0.6       0.7  0.116667   0.31314
      0.8       0.7 0.0913333  0.359194
      0.9       0.7  0.100667  0.403863
     0.95       0.7  0.189333  0.439382
     0.99       0.7  0.439333  0.482344
    0.999       0.7  0.485333  0.496953
   0.9999       0.7  0.489333  0.499001
        0       0.8     0.486  0.496667
      0.2       0.8  0.155333  0.311961
      0.4       0.8  0.141333  0.329766
      0.6       0.8  0.125333  0.356949
      0.8       0.8     0.112  0.401921
      0.9       0.8      0.15  0.437967
     0.95       0.8  0.272667  0.462788
     0.99       0.8     0.462  0.489197
    0.999       0.8     0.486  0.497869
   0.9999       0.8  0.489333    0.4992
        0       0.9     0.486  0.496667
      0.2       0.9  0.161333  0.345466
      0.4       0.9     0.148  0.364901
      0.6       0.9     0.132  0.391569
      0.8       0.9  0.128667  0.430466
      0.9       0.9  0.187333  0.458035
     0.95       0.9  0.335333  0.475389
     0.99       0.9  0.474667  0.492546
    0.999       0.9     0.486   0.49837
   0.9999       0.9  0.489333  0.499359
        0         1     0.486  0.496667
      0.2         1  0.162667  0.374392
      0.4         1     0.156  0.393178
      0.6         1  0.142667  0.417201
      0.8         1  0.145333  0.449321
      0.9         1  0.218667  0.470218
     0.95         1     0.374  0.482587
     0.99         1  0.478667  0.494355
    0.999         1     0.486  0.498681
   0.9999         1  0.489333  0.499483
        0         2     0.486  0.496667
      0.2         2     0.182  0.473039
      0.4         2     0.186  0.478519
      0.6         2     0.192  0.484267
      0.8         2  0.215333  0.490332
      0.9         2  0.320667  0.493548
     0.95         2  0.449333  0.495312
     0.99         2     0.486  0.497509
    0.999         2     0.486  0.499407
   0.9999         2     0.486  0.499853
        0         4     0.486  0.496667
      0.2         4  0.198667   0.49144
      0.4         4       0.2  0.492731
      0.6         4  0.213333  0.494045
      0.8         4     0.246  0.495407
      0.9         4  0.346667  0.496167
     0.95         4  0.462667  0.496681
     0.99         4     0.486  0.497888
    0.999         4     0.486  0.499529
   0.9999         4     0.486  0.499928