       0     0.05 0.501333 0.496667
     0.2     0.05 0.508667 0.503615
     0.4     0.05 0.508667 0.503124
     0.6     0.05    0.508 0.502549
     0.8     0.05    0.506 0.501545
     0.9     0.05 0.510667 0.500445
    0.95     0.05 0.510667 0.499325
    0.99     0.05    0.506 0.498242
   0.999     0.05 0.488667 0.499582
  0.9999     0.05 0.503333 0.500025
       0      0.1 0.501333 0.496667
     0.2      0.1 0.507333 0.499997
     0.4      0.1    0.506   0.4999
     0.6      0.1 0.507333 0.499451
     0.8      0.1 0.509333 0.498369
     0.9      0.1     0.51  0.49747
    0.95      0.1 0.503333 0.497122
    0.99      0.1 0.494667 0.497934
   0.999      0.1 0.489333 0.499585
  0.9999      0.1 0.501333 0.499978
       0     0.15 0.501333 0.496667
     0.2     0.15    0.508 0.498608
     0.4     0.15 0.509333 0.498181
     0.6     0.15 0.509333  0.49755
     0.8     0.15 0.498667 0.496792
     0.9     0.15 0.501333 0.496577
    0.95     0.15 0.505333 0.496745
    0.99     0.15 0.504667 0.497862
   0.999     0.15    0.492 0.499497
  0.9999     0.15 0.493333 0.499883
       0      0.2 0.501333 0.496667
     0.2      0.2      0.5 0.497128
     0.4      0.2      0.5 0.496767
     0.6      0.2    0.498 0.496419
     0.8      0.2 0.498667 0.496236
     0.9      0.2    0.504 0.496383
    0.95      0.2    0.502 0.496687
    0.99      0.2    0.492  0.49782
   0.999      0.2    0.492 0.499433
  0.9999      0.2 0.495333 0.499817
       0      0.3 0.501333 0.496667
     0.2      0.3 0.491333  0.49579
     0.4      0.3 0.496667 0.495805
     0.6      0.3    0.496 0.495899
     0.8      0.3 0.494667 0.496152
     0.9      0.3 0.488667 0.496431
    0.95      0.3 0.501333 0.496738
    0.99      0.3    0.492 0.497811
   0.999      0.3    0.492   0.4994
  0.9999      0.3 0.495333 0.499782
       0      0.4 0.501333 0.496667
     0.2      0.4 0.498667 0.495752
     0.4      0.4 0.498667  0.49587
     0.6      0.4     0.49  0.49604
     0.8      0.4 0.484667 0.496308
     0.9      0.4 0.503333  0.49655
    0.95      0.4    0.492 0.496818
    0.99      0.4    0.492 0.497847
   0.999      0.4    0.492 0.499426
  0.9999      0.4 0.495333 0.499806
       0      0.5 0.501333 0.496667
     0.2      0.5      0.5 0.495919
     0.4      0.5 0.492667 0.496046
     0.6      0.5 0.482667 0.496206
     0.8      0.5 0.495333 0.496432
     0.9      0.5    0.494 0.496635
    0.95      0.5    0.492 0.496878
    0.99      0.5    0.492 0.497883
   0.999      0.5    0.492 0.499457
  0.9999      0.5 0.495333 0.499838
       0      0.6 0.501333 0.496667
     0.2      0.6 0.493333 0.496077
     0.4      0.6    0.488 0.496191
     0.6      0.6 0.482667 0.496327
     0.8      0.6 0.496667 0.496515
     0.9      0.6    0.492 0.496692
    0.95      0.6    0.492 0.496919
    0.99      0.6    0.492  0.49791
   0.999      0.6    0.492 0.499482
  0.9999      0.6 0.495333 0.499863
       0      0.7 0.501333 0.496667
     0.2      0.7    0.498   0.4962
     0.4      0.7 0.485333 0.496297
     0.6      0.7    0.478 0.496412
     0.8      0.7 0.498667 0.496571
     0.9      0.7    0.492  0.49673
    0.95      0.7    0.492 0.496948
    0.99      0.7    0.492 0.497929
   0.999      0.7    0.492   0.4995
  0.9999      0.7 0.493333 0.499882
       0      0.8 0.501333 0.496667
     0.2      0.8 0.493333 0.496292
     0.4      0.8 0.482667 0.496375
     0.6      0.8 0.475333 0.496472
     0.8      0.8 0.496667  0.49661
     0.9      0.8    0.492 0.496757
    0.95      0.8    0.492 0.496967
    0.99      0.8    0.492 0.497942
   0.999      0.8    0.492 0.499514
  0.9999      0.8    0.492 0.499896
       0      0.9 0.501333 0.496667
     0.2      0.9    0.492 0.496362
     0.4      0.9 0.481333 0.496433
     0.6      0.9    0.474 0.496516
     0.8      0.9    0.494 0.496638
     0.9      0.9    0.492 0.496776
    0.95      0.9    0.492 0.496982
    0.99      0.9    0.492 0.497952
   0.999      0.9    0.492 0.499523
  0.9999      0.9    0.492 0.499906
       0        1 0.501333 0.496667
     0.2        1 0.492667 0.496415
     0.4        1    0.482 0.496476
     0.6        1    0.476 0.496548
     0.8        1    0.494 0.496658
     0.9        1    0.492  0.49679
    0.95        1    0.492 0.496992
    0.99        1    0.492 0.497959
   0.999        1    0.492 0.499531
  0.9999        1    0.492 0.499914
       0        2 0.501333 0.496667
     0.2        2 0.487333 0.496603
     0.4        2 0.483333 0.496627
     0.6        2    0.478  0.49666
     0.8        2 0.494667 0.496728
     0.9        2    0.492 0.496838
    0.95        2    0.492 0.497029
    0.99        2    0.492 0.497984
   0.999        2    0.492 0.499556
  0.9999        2    0.492 0.499941
       0        4 0.501333 0.496667
     0.2        4 0.488667 0.496655
     0.4        4 0.481333 0.496668
     0.6        4 0.477333  0.49669
     0.8        4    0.492 0.496747
     0.9        4    0.492 0.496851
    0.95        4    0.492 0.497038
    0.99        4    0.492  0.49799
   0.999        4    0.492 0.499563
  0.9999        4    0.492 0.499948