       0     0.05 0.816667 0.816667
     0.2     0.05 0.254667 0.304769
     0.4     0.05 0.253333 0.301938
     0.6     0.05     0.25 0.299778
     0.8     0.05 0.247333 0.299222
     0.9     0.05 0.242667 0.298222
    0.95     0.05 0.240667 0.298235
    0.99     0.05     0.24 0.298868
   0.999     0.05 0.237333 0.292222
  0.9999     0.05    0.234  0.28837
       0      0.1 0.816667 0.816667
     0.2      0.1 0.177333 0.175728
     0.4      0.1 0.169333 0.169822
     0.6      0.1 0.168667 0.169059
     0.8      0.1 0.168667 0.168845
     0.9      0.1    0.168 0.166817
    0.95      0.1 0.165333 0.164577
    0.99      0.1 0.159333 0.159256
   0.999      0.1 0.158667 0.158339
  0.9999      0.1 0.157333  0.15631
       0     0.15 0.816667 0.816667
     0.2     0.15 0.179333 0.178958
     0.4     0.15 0.178667 0.177718
     0.6     0.15 0.168667  0.16938
     0.8     0.15 0.166667 0.166545
     0.9     0.15 0.165333 0.165337
    0.95     0.15 0.162667 0.162316
    0.99     0.15 0.156667 0.155954
   0.999     0.15     0.15 0.149943
  0.9999     0.15 0.148667 0.148365
       0      0.2 0.816667 0.816667
     0.2      0.2 0.182667 0.184401
     0.4      0.2 0.177333 0.177578
     0.6      0.2 0.177333  0.17523
     0.8      0.2 0.167333 0.167181
     0.9      0.2 0.166667 0.165168
    0.95      0.2    0.162 0.161281
    0.99      0.2     0.15 0.152269
   0.999      0.2 0.150667  0.14933
  0.9999      0.2 0.152667 0.151897
       0      0.3 0.816667 0.816667
     0.2      0.3 0.222667  0.22374
     0.4      0.3 0.202667  0.20219
     0.6      0.3 0.179333 0.181788
     0.8      0.3    0.174 0.172109
     0.9      0.3 0.165333 0.167739
    0.95      0.3 0.161333 0.163397
    0.99      0.3 0.156667 0.159932
   0.999      0.3 0.161333 0.164333
  0.9999      0.3 0.161333 0.173015
       0      0.4 0.816667 0.816667
     0.2      0.4 0.257333 0.262055
     0.4      0.4 0.227333  0.23117
     0.6      0.4 0.206667 0.208587
     0.8      0.4    0.178 0.184016
     0.9      0.4 0.175333 0.177498
    0.95      0.4 0.170667 0.175211
    0.99      0.4 0.166667 0.173672
   0.999      0.4 0.173333 0.179673
  0.9999      0.4 0.178667 0.208102
       0      0.5 0.816667 0.816667
     0.2      0.5 0.295333   0.2953
     0.4      0.5    0.254 0.259267
     0.6      0.5 0.219333 0.232225
     0.8      0.5      0.2 0.206496
     0.9      0.5 0.183333 0.193334
    0.95      0.5    0.178 0.188827
    0.99      0.5 0.177333 0.193114
   0.999      0.5 0.191333 0.226823
  0.9999      0.5    0.234  0.28599
       0      0.6 0.816667 0.816667
     0.2      0.6 0.314667 0.319007
     0.4      0.6    0.276 0.286264
     0.6      0.6 0.243333 0.257726
     0.8      0.6 0.213333 0.232671
     0.9      0.6 0.205333 0.222375
    0.95      0.6 0.200667 0.220761
    0.99      0.6    0.196 0.242282
   0.999      0.6 0.221333  0.35268
  0.9999      0.6 0.333333 0.542175
       0      0.7 0.816667 0.816667
     0.2      0.7    0.326  0.33885
     0.4      0.7      0.3 0.313909
     0.6      0.7 0.264667 0.290044
     0.8      0.7    0.228 0.270485
     0.9      0.7    0.224 0.269552
    0.95      0.7 0.220667 0.281797
    0.99      0.7    0.218 0.359526
   0.999      0.7    0.318 0.564271
  0.9999      0.7 0.551333 0.731309
       0      0.8 0.816667 0.816667
     0.2      0.8 0.331333 0.359527
     0.4      0.8 0.313333 0.343259
     0.6      0.8 0.289333 0.330781
     0.8      0.8 0.256667 0.328394
     0.9      0.8 0.251333 0.346255
    0.95      0.8    0.272  0.38156
    0.99      0.8    0.296 0.514426
   0.999      0.8 0.472667 0.708738
  0.9999      0.8 0.729333 0.802768
       0      0.9 0.816667 0.816667
     0.2      0.9 0.338667 0.383774
     0.4      0.9 0.322667 0.376637
     0.6      0.9    0.312 0.377023
     0.8      0.9 0.292667 0.397033
     0.9      0.9 0.291333 0.436826
    0.95      0.9 0.296667 0.491837
    0.99      0.9 0.328667 0.638954
   0.999      0.9 0.626667 0.778546
  0.9999      0.9 0.747333 0.824668
       0        1 0.816667 0.816667
     0.2        1 0.343333 0.413141
     0.4        1 0.332667 0.415323
     0.6        1 0.326667 0.428166
     0.8        1 0.317333 0.468592
     0.9        1 0.322667 0.524961
    0.95        1 0.338667 0.588452
    0.99        1 0.445333 0.718506
   0.999        1    0.696 0.810214
  0.9999        1    0.756 0.830584
       0        2 0.816667 0.816667
     0.2        2 0.388667 0.724162
     0.4        2    0.394 0.742076
     0.6        2 0.404667 0.762675
     0.8        2 0.454667 0.787387
     0.9        2    0.542 0.802646
    0.95        2 0.643333 0.812305
    0.99        2 0.803333  0.82533
   0.999        2 0.816667 0.832203
  0.9999        2 0.833333 0.833215
       0        4 0.816667 0.816667
     0.2        4 0.508667 0.804807
     0.4        4 0.528667 0.807758
     0.6        4    0.534 0.810937
     0.8        4 0.726667 0.814702
     0.9        4 0.781333 0.817545
    0.95        4 0.816667 0.820352
    0.99        4 0.816667  0.82746
   0.999        4 0.816667 0.832497
  0.9999        4 0.833333 0.833246