       0     0.05 0.496667 0.496667
     0.2     0.05 0.496667 0.496667
     0.4     0.05 0.496667 0.496667
     0.6     0.05 0.496667 0.496667
     0.8     0.05 0.496667 0.496667
     0.9     0.05 0.496667 0.496667
    0.95     0.05 0.496667 0.496667
    0.99     0.05 0.496667 0.496667
   0.999     0.05 0.496667 0.496667
  0.9999     0.05 0.496667 0.496667
       0      0.1 0.496667 0.496667
     0.2      0.1    0.442 0.443336
     0.4      0.1 0.443333 0.447569
     0.6      0.1 0.452667 0.451099
     0.8      0.1 0.456667 0.455275
     0.9      0.1 0.459333 0.458805
    0.95      0.1 0.460667 0.461775
    0.99      0.1 0.468667  0.46618
   0.999      0.1 0.473333 0.468604
  0.9999      0.1 0.467333 0.467405
       0     0.15 0.496667 0.496667
     0.2     0.15 0.447333 0.446731
     0.4     0.15 0.439333 0.448682
     0.6     0.15    0.448 0.452155
     0.8     0.15 0.450667 0.457321
     0.9     0.15 0.462667 0.460707
    0.95     0.15    0.466 0.462565
    0.99     0.15 0.463333 0.463627
   0.999     0.15 0.460667 0.464508
  0.9999     0.15 0.470667 0.467375
       0      0.2 0.496667 0.496667
     0.2      0.2 0.438667 0.445432
     0.4      0.2 0.447333 0.449812
     0.6      0.2 0.447333 0.453299
     0.8      0.2 0.456667 0.456797
     0.9      0.2 0.461333 0.458873
    0.95      0.2 0.456667 0.460521
    0.99      0.2     0.46 0.465539
   0.999      0.2     0.45 0.478108
  0.9999      0.2    0.496 0.489597
       0      0.3 0.496667 0.496667
     0.2      0.3 0.427333 0.444468
     0.4      0.3 0.431333 0.450488
     0.6      0.3     0.44 0.457648
     0.8      0.3 0.459333 0.467737
     0.9      0.3 0.470667 0.476301
    0.95      0.3 0.490667 0.483256
    0.99      0.3    0.496  0.49293
   0.999      0.3 0.497333 0.498029
  0.9999      0.3 0.499333 0.499404
       0      0.4 0.496667 0.496667
     0.2      0.4     0.44 0.457545
     0.4      0.4    0.458 0.464377
     0.6      0.4 0.475333 0.472195
     0.8      0.4    0.492 0.482067
     0.9      0.4 0.495333 0.488447
    0.95      0.4    0.496 0.492387
    0.99      0.4    0.496 0.496793
   0.999      0.4 0.499333 0.499149
  0.9999      0.4      0.5 0.499844
       0      0.5 0.496667 0.496667
     0.2      0.5 0.437333 0.463048
     0.4      0.5 0.456667 0.470013
     0.6      0.5 0.473333 0.477487
     0.8      0.5    0.496 0.486066
     0.9      0.5 0.495333 0.491114
    0.95      0.5 0.496667 0.494043
    0.99      0.5 0.496667 0.497314
   0.999      0.5 0.499333 0.499359
  0.9999      0.5      0.5 0.499914
       0      0.6 0.496667 0.496667
     0.2      0.6    0.434 0.468548
     0.4      0.6 0.449333 0.474698
     0.6      0.6 0.474667 0.481265
     0.8      0.6 0.494667 0.488524
     0.9      0.6 0.496667 0.492583
    0.95      0.6 0.496667 0.494867
    0.99      0.6 0.496667 0.497531
   0.999      0.6 0.499333 0.499453
  0.9999      0.6      0.5 0.499934
       0      0.7 0.496667 0.496667
     0.2      0.7 0.426667 0.473776
     0.4      0.7 0.455333 0.478985
     0.6      0.7 0.477333 0.484479
     0.8      0.7 0.495333 0.490389
     0.9      0.7 0.496667 0.493603
    0.95      0.7 0.496667 0.495403
    0.99      0.7 0.496667 0.497659
   0.999      0.7 0.499333 0.499499
  0.9999      0.7      0.5 0.499942
       0      0.8 0.496667 0.496667
     0.2      0.8 0.427333 0.478055
     0.4      0.8 0.453333 0.482404
     0.6      0.8 0.476667  0.48694
     0.8      0.8 0.495333 0.491735
     0.9      0.8 0.496667 0.494311
    0.95      0.8 0.496667 0.495765
    0.99      0.8 0.496667  0.49774
   0.999      0.8 0.497333 0.499523
  0.9999      0.8      0.5 0.499945
       0      0.9 0.496667 0.496667
     0.2      0.9    0.428 0.481391
     0.4      0.9    0.454 0.485023
     0.6      0.9    0.478 0.488781
     0.8      0.9    0.496 0.492713
     0.9      0.9 0.496667 0.494816
    0.95      0.9 0.496667 0.496021
    0.99      0.9 0.496667 0.497794
   0.999      0.9 0.496667 0.499537
  0.9999      0.9      0.5 0.499947
       0        1 0.496667 0.496667
     0.2        1 0.430667 0.483971
     0.4        1 0.456667 0.487027
     0.6        1 0.477333 0.490169
     0.8        1 0.496667 0.493437
     0.9        1 0.496667 0.495186
    0.95        1 0.496667 0.496208
    0.99        1 0.496667 0.497833
   0.999        1 0.496667 0.499545
  0.9999        1      0.5 0.499948
       0        2 0.496667 0.496667
     0.2        2 0.433333 0.493253
     0.4        2     0.46 0.494109
     0.6        2 0.480667  0.49498
     0.8        2 0.496667 0.495891
     0.9        2 0.496667 0.496424
    0.95        2 0.496667 0.496827
    0.99        2 0.496667 0.497953
   0.999        2 0.496667 0.499562
  0.9999        2      0.5 0.499951
       0        4 0.496667 0.496667
     0.2        4    0.434 0.495803
     0.4        4    0.464 0.496029
     0.6        4 0.479333 0.496265
     0.8        4 0.496667 0.496536
     0.9        4 0.496667 0.496747
    0.95        4 0.496667 0.496988
    0.99        4 0.496667 0.497983
   0.999        4 0.496667 0.499565
  0.9999        4 0.496667 0.499951