        0      0.05  0.466667  0.466667
      0.2      0.05 0.0426667  0.103111
      0.4      0.05 0.0406667  0.119252
      0.6      0.05 0.0386667  0.148247
      0.8      0.05 0.0333333  0.212877
      0.9      0.05 0.0326667  0.288155
     0.95      0.05 0.0453333  0.359386
     0.99      0.05     0.164  0.460572
    0.999      0.05  0.301333  0.495576
   0.9999      0.05       0.5  0.499552
        0       0.1  0.466667  0.466667
      0.2       0.1     0.054  0.293623
      0.4       0.1 0.0613333   0.32189
      0.6       0.1 0.0933333   0.35807
      0.8       0.1  0.132667  0.407469
      0.9       0.1  0.212667  0.441916
     0.95       0.1  0.261333  0.464987
     0.99       0.1     0.342  0.491022
    0.999       0.1  0.466667  0.499025
   0.9999       0.1       0.5  0.499902
        0      0.15  0.466667  0.466667
      0.2      0.15      0.12  0.396172
      0.4      0.15  0.134667  0.411562
      0.6      0.15  0.166667  0.429274
      0.8      0.15     0.234  0.451414
      0.9      0.15  0.263333  0.467067
     0.95      0.15     0.294  0.478748
     0.99      0.15  0.432667  0.494103
    0.999      0.15  0.466667  0.499346
   0.9999      0.15       0.5  0.499934
        0       0.2  0.466667  0.466667
      0.2       0.2  0.219333   0.43563
      0.4       0.2  0.256667  0.443117
      0.6       0.2  0.290667  0.451855
      0.8       0.2  0.349333  0.463745
      0.9       0.2     0.374  0.473662
     0.95       0.2  0.339333  0.482238
     0.99       0.2  0.466667  0.494868
    0.999       0.2  0.466667  0.499426
   0.9999       0.2       0.5  0.499942
        0       0.3  0.466667  0.466667
      0.2       0.3     0.464  0.456452
      0.4       0.3     0.464  0.459377
      0.6       0.3  0.462667  0.463328
      0.8       0.3      0.46  0.470054
      0.9       0.3  0.439333  0.477109
     0.95       0.3     0.344  0.484109
     0.99       0.3  0.466667    0.4953
    0.999       0.3  0.466667  0.499472
   0.9999       0.3       0.5  0.499946
        0       0.4  0.466667  0.466667
      0.2       0.4  0.470667  0.461014
      0.4       0.4     0.468  0.463129
      0.6       0.4  0.466667  0.466138
      0.8       0.4  0.462667  0.471704
      0.9       0.4  0.437333  0.478054
     0.95       0.4  0.340667   0.48465
     0.99       0.4  0.466667  0.495441
    0.999       0.4  0.466667  0.499487
   0.9999       0.4       0.5  0.499948
        0       0.5  0.466667  0.466667
      0.2       0.5  0.471333  0.463013
      0.4       0.5  0.469333  0.464784
      0.6       0.5     0.466  0.467374
      0.8       0.5  0.461333  0.472421
      0.9       0.5     0.432  0.478464
     0.95       0.5  0.345333   0.48489
     0.99       0.5  0.466667  0.495506
    0.999       0.5  0.466667  0.499495
   0.9999       0.5       0.5  0.499949
        0       0.6  0.466667  0.466667
      0.2       0.6  0.469333  0.464176
      0.4       0.6  0.469333  0.465728
      0.6       0.6  0.466667  0.468059
      0.8       0.6  0.457333  0.472807
      0.9       0.6  0.430667  0.478684
     0.95       0.6  0.347333  0.485018
     0.99       0.6  0.466667  0.495541
    0.999       0.6  0.466667  0.499499
   0.9999       0.6       0.5  0.499949
        0       0.7  0.466667  0.466667
      0.2       0.7  0.468667  0.464923
      0.4       0.7  0.468667  0.466322
      0.6       0.7     0.468  0.468482
      0.8       0.7  0.455333   0.47304
      0.9       0.7     0.426  0.478815
     0.95       0.7  0.352667  0.485095
     0.99       0.7  0.466667  0.495562
    0.999       0.7  0.466667  0.499501
   0.9999       0.7       0.5  0.499949
        0       0.8  0.466667  0.466667
      0.2       0.8      0.47  0.465429
      0.4       0.8  0.469333  0.466719
      0.6       0.8  0.468667  0.468761
      0.8       0.8  0.455333  0.473192
      0.9       0.8     0.424  0.478899
     0.95       0.8  0.356667  0.485144
     0.99       0.8  0.466667  0.495576
    0.999       0.8  0.466667  0.499503
   0.9999       0.8  0.499333   0.49995
        0       0.9  0.466667  0.466667
      0.2       0.9      0.47  0.465787
      0.4       0.9      0.47  0.466997
      0.6       0.9  0.466667  0.468955
      0.8       0.9  0.453333  0.473296
      0.9       0.9  0.422667  0.478957
     0.95       0.9      0.36  0.485177
     0.99       0.9  0.466667  0.495584
    0.999       0.9  0.466667  0.499504
   0.9999       0.9  0.466667   0.49995
        0         1  0.466667  0.466667
      0.2         1  0.469333  0.466048
      0.4         1      0.47  0.467199
      0.6         1  0.467333  0.469094
      0.8         1  0.453333   0.47337
      0.9         1  0.422667  0.478998
     0.95         1  0.361333  0.485201
     0.99         1  0.466667  0.495591
    0.999         1  0.466667  0.499504
   0.9999         1  0.466667   0.49995
        0         2  0.466667  0.466667
      0.2         2      0.47  0.466914
      0.4         2  0.470667   0.46786
      0.6         2     0.468  0.469546
      0.8         2  0.451333  0.473608
      0.9         2     0.422  0.479129
     0.95         2  0.369333  0.485275
     0.99         2  0.466667   0.49561
    0.999         2  0.466667  0.499507
   0.9999         2  0.466667   0.49995
        0         4  0.466667  0.466667
      0.2         4      0.47  0.467138
      0.4         4  0.470667  0.468029
      0.6         4  0.467333  0.469661
      0.8         4  0.451333  0.473668
      0.9         4  0.423333  0.479161
     0.95         4  0.371333  0.485294
     0.99         4  0.466667  0.495615
    0.999         4  0.466667  0.499507
   0.9999         4  0.466667   0.49995