       0     0.05 0.488667     0.49
     0.2     0.05 0.488667     0.49
     0.4     0.05 0.488667     0.49
     0.6     0.05 0.488667     0.49
     0.8     0.05 0.488667     0.49
     0.9     0.05 0.488667     0.49
    0.95     0.05 0.488667     0.49
    0.99     0.05 0.488667     0.49
   0.999     0.05 0.488667     0.49
  0.9999     0.05 0.488667     0.49
       0      0.1 0.488667     0.49
     0.2      0.1    0.402 0.416479
     0.4      0.1 0.423333 0.422513
     0.6      0.1     0.43 0.426031
     0.8      0.1 0.427333 0.427975
     0.9      0.1    0.432 0.428346
    0.95      0.1 0.430667 0.428379
    0.99      0.1 0.427333 0.429408
   0.999      0.1 0.429333 0.428521
  0.9999      0.1 0.428667 0.428138
       0     0.15 0.488667     0.49
     0.2     0.15 0.407333 0.416826
     0.4     0.15 0.410667 0.420722
     0.6     0.15 0.408667 0.424892
     0.8     0.15    0.428  0.42926
     0.9     0.15    0.428 0.432399
    0.95     0.15 0.429333 0.434903
    0.99     0.15 0.424667 0.439907
   0.999     0.15 0.430667 0.452375
  0.9999     0.15 0.461333 0.469907
       0      0.2 0.488667     0.49
     0.2      0.2 0.408667 0.420813
     0.4      0.2 0.411333 0.426131
     0.6      0.2 0.405333 0.431903
     0.8      0.2 0.422667 0.439394
     0.9      0.2     0.43  0.44559
    0.95      0.2    0.432 0.450961
    0.99      0.2 0.411333 0.463091
   0.999      0.2 0.480667 0.480255
  0.9999      0.2    0.488  0.48868
       0      0.3 0.488667     0.49
     0.2      0.3     0.39 0.417874
     0.4      0.3 0.396667 0.430702
     0.6      0.3 0.380667 0.442906
     0.8      0.3    0.382 0.457876
     0.9      0.3 0.396667 0.468741
    0.95      0.3    0.416 0.476777
    0.99      0.3 0.472667 0.488036
   0.999      0.3     0.49 0.495955
  0.9999      0.3 0.497333  0.49911
       0      0.4 0.488667     0.49
     0.2      0.4 0.351333  0.42002
     0.4      0.4 0.351333 0.434632
     0.6      0.4 0.350667 0.449939
     0.8      0.4 0.343333 0.467609
     0.9      0.4 0.338667 0.478353
    0.95      0.4    0.354 0.484972
    0.99      0.4 0.452667 0.493347
   0.999      0.4     0.49 0.498717
  0.9999      0.4 0.495333 0.499864
       0      0.5 0.488667     0.49
     0.2      0.5 0.333333 0.437202
     0.4      0.5 0.331333 0.448737
     0.6      0.5 0.324667 0.461095
     0.8      0.5 0.333333 0.474922
     0.9      0.5 0.361333  0.48297
    0.95      0.5    0.432 0.487919
    0.99      0.5     0.49 0.494818
   0.999      0.5 0.491333 0.499191
  0.9999      0.5 0.501333 0.499943
       0      0.6 0.488667     0.49
     0.2      0.6 0.328667 0.453029
     0.4      0.6    0.328 0.461498
     0.6      0.6 0.331333  0.47047
     0.8      0.6    0.328 0.480291
     0.9      0.6 0.372667 0.485983
    0.95      0.6 0.450667 0.489662
    0.99      0.6 0.491333  0.49553
   0.999      0.6 0.491333 0.499347
  0.9999      0.6 0.501333 0.499956
       0      0.7 0.488667     0.49
     0.2      0.7 0.326667 0.463753
     0.4      0.7     0.33 0.469963
     0.6      0.7 0.328667 0.476481
     0.8      0.7 0.328667 0.483565
     0.9      0.7 0.387333 0.487756
    0.95      0.7 0.464667 0.490663
    0.99      0.7 0.491333 0.495912
   0.999      0.7 0.491333 0.499417
  0.9999      0.7 0.501333 0.499958
       0      0.8 0.488667     0.49
     0.2      0.8    0.334 0.470674
     0.4      0.8    0.332 0.475351
     0.6      0.8 0.327333 0.480237
     0.8      0.8 0.334667 0.485561
     0.9      0.8    0.396 0.488819
    0.95      0.8 0.474667 0.491258
    0.99      0.8 0.491333 0.496131
   0.999      0.8 0.491333 0.499453
  0.9999      0.8 0.501333 0.499958
       0      0.9 0.488667     0.49
     0.2      0.9    0.336 0.475249
     0.4      0.9 0.333333 0.478881
     0.6      0.9 0.329333 0.482672
     0.8      0.9 0.344667 0.486836
     0.9      0.9 0.399333 0.489492
    0.95      0.9 0.478667 0.491634
    0.99      0.9 0.491333 0.496266
   0.999      0.9 0.491333 0.499474
  0.9999      0.9 0.501333 0.499957
       0        1 0.488667     0.49
     0.2        1 0.333333 0.478391
     0.4        1    0.332 0.481292
     0.6        1 0.328667 0.484322
     0.8        1 0.347333 0.487694
     0.9        1 0.405333 0.489942
    0.95        1 0.481333 0.491884
    0.99        1 0.491333 0.496355
   0.999        1 0.491333 0.499487
  0.9999        1 0.501333 0.499956
       0        2 0.488667     0.49
     0.2        2     0.34  0.48744
     0.4        2 0.338667 0.488169
     0.6        2 0.343333 0.488978
     0.8        2 0.368667 0.490078
     0.9        2    0.418 0.491184
    0.95        2 0.486667 0.492568
    0.99        2 0.491333 0.496587
   0.999        2 0.491333 0.499517
  0.9999        2 0.491333 0.499952
       0        4 0.488667     0.49
     0.2        4 0.340667 0.489418
     0.4        4 0.340667 0.489658
     0.6        4    0.354 0.489975
     0.8        4 0.371333 0.490582
     0.9        4 0.419333 0.491444
    0.95        4 0.487333  0.49271
    0.99        4 0.491333 0.496632
   0.999        4 0.491333 0.499522
  0.9999        4 0.491333 0.499951