       0     0.05 0.471333 0.466667
     0.2     0.05 0.461333 0.462969
     0.4     0.05 0.468667 0.464503
     0.6     0.05 0.462667 0.466758
     0.8     0.05 0.457333 0.471395
     0.9     0.05    0.458 0.477207
    0.95     0.05 0.457333 0.483599
    0.99     0.05 0.467333 0.494838
   0.999     0.05    0.494 0.499476
  0.9999     0.05 0.504667 0.500032
       0      0.1 0.471333 0.466667
     0.2      0.1    0.458 0.464406
     0.4      0.1 0.459333 0.465688
     0.6      0.1     0.46 0.467781
     0.8      0.1 0.462667 0.472332
     0.9      0.1 0.462667 0.478135
    0.95      0.1 0.467333 0.484488
    0.99      0.1 0.470667 0.495314
   0.999      0.1    0.472 0.499517
  0.9999      0.1 0.504667 0.500002
       0     0.15 0.471333 0.466667
     0.2     0.15 0.459333 0.465534
     0.4     0.15 0.460667 0.466645
     0.6     0.15    0.466  0.46853
     0.8     0.15    0.468 0.472828
     0.9     0.15 0.465333  0.47848
    0.95     0.15 0.455333  0.48473
    0.99     0.15 0.476667 0.495392
   0.999     0.15 0.471333 0.499518
  0.9999     0.15 0.504667 0.499993
       0      0.2 0.471333 0.466667
     0.2      0.2    0.464 0.466046
     0.4      0.2    0.466 0.467089
     0.6      0.2 0.470667 0.468892
     0.8      0.2 0.460667 0.473079
     0.9      0.2 0.455333 0.478645
    0.95      0.2 0.460667 0.484832
    0.99      0.2 0.471333  0.49542
   0.999      0.2 0.471333 0.499519
  0.9999      0.2 0.504667  0.49999
       0      0.3 0.471333 0.466667
     0.2      0.3 0.463333  0.46662
     0.4      0.3    0.466 0.467591
     0.6      0.3 0.460667 0.469299
     0.8      0.3 0.453333 0.473355
     0.9      0.3    0.456 0.478834
    0.95      0.3    0.474 0.484968
    0.99      0.3 0.471333  0.49547
   0.999      0.3 0.471333  0.49952
  0.9999      0.3 0.504667 0.499984
       0      0.4 0.471333 0.466667
     0.2      0.4    0.458  0.46692
     0.4      0.4    0.456 0.467842
     0.6      0.4 0.455333 0.469496
     0.8      0.4 0.454667 0.473498
     0.9      0.4     0.48  0.47896
    0.95      0.4 0.471333 0.485082
    0.99      0.4 0.471333 0.495523
   0.999      0.4 0.471333  0.49952
  0.9999      0.4 0.504667 0.499977
       0      0.5 0.471333 0.466667
     0.2      0.5 0.457333 0.467054
     0.4      0.5 0.456667 0.467953
     0.6      0.5 0.456667 0.469586
     0.8      0.5 0.461333 0.473574
     0.9      0.5 0.477333 0.479037
    0.95      0.5 0.471333  0.48516
    0.99      0.5 0.471333 0.495559
   0.999      0.5 0.471333 0.499519
  0.9999      0.5 0.504667 0.499972
       0      0.6 0.471333 0.466667
     0.2      0.6 0.454667 0.467115
     0.4      0.6 0.457333 0.468004
     0.6      0.6 0.454667 0.469629
     0.8      0.6     0.46 0.473614
     0.9      0.6 0.474667 0.479082
    0.95      0.6 0.471333 0.485207
    0.99      0.6 0.471333  0.49558
   0.999      0.6 0.471333 0.499518
  0.9999      0.6 0.504667 0.499967
       0      0.7 0.471333 0.466667
     0.2      0.7 0.454667 0.467147
     0.4      0.7 0.454667 0.468031
     0.6      0.7 0.453333 0.469651
     0.8      0.7 0.464667 0.473637
     0.9      0.7 0.471333  0.47911
    0.95      0.7 0.471333 0.485235
    0.99      0.7 0.471333 0.495593
   0.999      0.7 0.471333 0.499516
  0.9999      0.7 0.504667 0.499963
       0      0.8 0.471333 0.466667
     0.2      0.8 0.455333 0.467166
     0.4      0.8    0.454 0.468047
     0.6      0.8 0.454667 0.469665
     0.8      0.8    0.466 0.473651
     0.9      0.8 0.471333 0.479127
    0.95      0.8 0.471333 0.485253
    0.99      0.8 0.471333   0.4956
   0.999      0.8 0.471333 0.499515
  0.9999      0.8 0.504667 0.499961
       0      0.9 0.471333 0.466667
     0.2      0.9 0.454667 0.467177
     0.4      0.9    0.454 0.468056
     0.6      0.9    0.454 0.469673
     0.8      0.9    0.474  0.47366
     0.9      0.9 0.471333 0.479138
    0.95      0.9 0.471333 0.485265
    0.99      0.9 0.471333 0.495605
   0.999      0.9 0.471333 0.499514
  0.9999      0.9 0.504667 0.499959
       0        1 0.471333 0.466667
     0.2        1 0.455333 0.467185
     0.4        1 0.454667 0.468063
     0.6        1    0.454 0.469679
     0.8        1 0.478667 0.473666
     0.9        1 0.471333 0.479145
    0.95        1 0.471333 0.485272
    0.99        1 0.471333 0.495608
   0.999        1 0.471333 0.499513
  0.9999        1    0.504 0.499957
       0        2 0.471333 0.466667
     0.2        2    0.454 0.467207
     0.4        2 0.454667 0.468081
     0.6        2    0.456 0.469695
     0.8        2 0.476667 0.473683
     0.9        2 0.471333 0.479166
    0.95        2 0.471333 0.485294
    0.99        2 0.471333 0.495615
   0.999        2 0.471333 0.499509
  0.9999        2 0.471333 0.499952
       0        4 0.471333 0.466667
     0.2        4    0.454 0.467212
     0.4        4    0.454 0.468085
     0.6        4    0.456 0.469698
     0.8        4 0.476667 0.473687
     0.9        4 0.471333 0.479171
    0.95        4 0.471333 0.485298
    0.99        4 0.471333 0.495616
   0.999        4 0.471333 0.499508
  0.9999        4 0.471333 0.499951