       0     0.05 0.496667 0.496667
     0.2     0.05     0.39 0.396394
     0.4     0.05 0.387333 0.395172
     0.6     0.05 0.386667 0.397113
     0.8     0.05     0.39 0.408126
     0.9     0.05 0.397333 0.425216
    0.95     0.05    0.422 0.443691
    0.99     0.05    0.488 0.477922
   0.999     0.05    0.498 0.496882
  0.9999     0.05 0.497333 0.499672
       0      0.1 0.496667 0.496667
     0.2      0.1 0.402667  0.44125
     0.4      0.1 0.407333  0.44795
     0.6      0.1 0.420667  0.45709
     0.8      0.1 0.445333 0.470792
     0.9      0.1 0.473333 0.481046
    0.95      0.1 0.492667 0.488027
    0.99      0.1 0.494667 0.495987
   0.999      0.1 0.458667 0.499374
  0.9999      0.1 0.496667 0.499932
       0     0.15 0.496667 0.496667
     0.2     0.15 0.422667 0.478834
     0.4     0.15 0.434667 0.483687
     0.6     0.15 0.450667 0.488715
     0.8     0.15 0.481333 0.493691
     0.9     0.15     0.49 0.495897
    0.95     0.15    0.488 0.496849
    0.99     0.15    0.488 0.498083
   0.999     0.15 0.507333 0.499597
  0.9999     0.15 0.496667 0.499955
       0      0.2 0.496667 0.496667
     0.2      0.2 0.451333 0.501905
     0.4      0.2     0.46 0.502302
     0.6      0.2 0.479333 0.502002
     0.8      0.2    0.482 0.500613
     0.9      0.2 0.484667  0.49928
    0.95      0.2 0.483333 0.498444
    0.99      0.2 0.477333 0.498368
   0.999      0.2 0.496667 0.499625
  0.9999      0.2 0.496667 0.499958
       0      0.3 0.496667 0.496667
     0.2      0.3 0.479333 0.508507
     0.4      0.3 0.478667 0.506203
     0.6      0.3 0.479333 0.503589
     0.8      0.3    0.482 0.500564
     0.9      0.3 0.481333  0.49889
    0.95      0.3    0.478 0.498112
    0.99      0.3 0.580667 0.498266
   0.999      0.3 0.496667 0.499612
  0.9999      0.3 0.496667 0.499956
       0      0.4 0.496667 0.496667
     0.2      0.4 0.486667 0.504492
     0.4      0.4 0.486667 0.502794
     0.6      0.4 0.487333 0.500971
     0.8      0.4 0.485333 0.499011
     0.9      0.4 0.493333 0.498027
    0.95      0.4 0.528667 0.497651
    0.99      0.4 0.496667 0.498158
   0.999      0.4 0.496667 0.499598
  0.9999      0.4 0.496667 0.499955
       0      0.5 0.496667 0.496667
     0.2      0.5 0.492667 0.501736
     0.4      0.5    0.492 0.500591
     0.6      0.5 0.495333 0.499391
     0.8      0.5 0.492667  0.49815
     0.9      0.5 0.517333 0.497573
    0.95      0.5 0.599333 0.497415
    0.99      0.5 0.496667 0.498099
   0.999      0.5 0.496667 0.499588
  0.9999      0.5 0.496667 0.499953
       0      0.6 0.496667 0.496667
     0.2      0.6    0.496 0.500145
     0.4      0.6 0.497333 0.499343
     0.6      0.6 0.497333 0.498516
     0.8      0.6    0.498 0.497687
     0.9      0.6    0.538 0.497333
    0.95      0.6 0.614667  0.49729
    0.99      0.6 0.496667 0.498067
   0.999      0.6 0.496667 0.499582
  0.9999      0.6 0.496667 0.499953
       0      0.7 0.496667 0.496667
     0.2      0.7      0.5 0.499187
     0.4      0.7 0.498667   0.4986
     0.6      0.7 0.496667 0.498002
     0.8      0.7 0.501333 0.497418
     0.9      0.7 0.544667 0.497195
    0.95      0.7 0.591333 0.497218
    0.99      0.7 0.496667 0.498047
   0.999      0.7 0.496667 0.499578
  0.9999      0.7 0.496667 0.499952
       0      0.8 0.496667 0.496667
     0.2      0.8 0.499333 0.498574
     0.4      0.8    0.498 0.498127
     0.6      0.8 0.500667 0.497677
     0.8      0.8 0.505333 0.497251
     0.9      0.8 0.562667 0.497109
    0.95      0.8 0.561333 0.497174
    0.99      0.8 0.496667 0.498034
   0.999      0.8 0.496667 0.499575
  0.9999      0.8 0.496667 0.499952
       0      0.9 0.496667 0.496667
     0.2      0.9 0.498667  0.49816
     0.4      0.9      0.5  0.49781
     0.6      0.9 0.499333 0.497461
     0.8      0.9    0.506 0.497139
     0.9      0.9 0.571333 0.497052
    0.95      0.9 0.536667 0.497144
    0.99      0.9 0.496667 0.498025
   0.999      0.9 0.496667 0.499573
  0.9999      0.9 0.496667 0.499952
       0        1 0.496667 0.496667
     0.2        1 0.498667 0.497868
     0.4        1 0.497333 0.497587
     0.6        1 0.499333 0.497309
     0.8        1    0.506 0.497062
     0.9        1    0.576 0.497012
    0.95        1 0.523333 0.497124
    0.99        1 0.496667 0.498019
   0.999        1 0.496667 0.499572
  0.9999        1 0.496667 0.499952
       0        2 0.496667 0.496667
     0.2        2 0.501333 0.496963
     0.4        2    0.502   0.4969
     0.6        2 0.501333 0.496846
     0.8        2    0.518 0.496827
     0.9        2    0.594 0.496893
    0.95        2 0.499333 0.497061
    0.99        2 0.496667 0.497999
   0.999        2 0.496667 0.499567
  0.9999        2 0.496667 0.499951
       0        4 0.496667 0.496667
     0.2        4      0.5 0.496744
     0.4        4 0.503333 0.496736
     0.6        4 0.501333 0.496736
     0.8        4 0.522667 0.496771
     0.9        4    0.598 0.496865
    0.95        4 0.497333 0.497046
    0.99        4 0.496667 0.497994
   0.999        4 0.496667 0.499566
  0.9999        4 0.496667 0.499951