        0      0.05  0.482667  0.493333
        0       0.1  0.482667  0.493333
        0      0.15  0.482667  0.493333
        0       0.2  0.482667  0.493333
        0       0.3  0.482667  0.493333
        0       0.4  0.482667  0.493333
        0       0.5  0.482667  0.493333
        0       0.6  0.482667  0.493333
        0       0.7  0.482667  0.493333
        0       0.8  0.482667  0.493333
        0       0.9  0.482667  0.493333
        0         1  0.482667  0.493333
        0         2  0.482667  0.493333
        0         4  0.482667  0.493333
      0.2      0.05  0.481333  0.492667
      0.2       0.1     0.114   0.11354
      0.2      0.15  0.112667  0.112816
      0.2       0.2  0.116667  0.118235
      0.2       0.3  0.132667  0.134971
      0.2       0.4     0.148  0.153907
      0.2       0.5     0.148  0.170345
      0.2       0.6  0.147333  0.192224
      0.2       0.7     0.144  0.224262
      0.2       0.8  0.142667  0.264105
      0.2       0.9  0.142667  0.305132
      0.2         1  0.139333  0.341768
      0.2         2  0.157333  0.464745
      0.2         4  0.171333  0.486969
      0.4      0.05  0.481333  0.492667
      0.4       0.1  0.113333   0.11538
      0.4      0.15     0.112  0.113337
      0.4       0.2  0.113333  0.112797
      0.4       0.3  0.115333  0.122794
      0.4       0.4  0.128667  0.142322
      0.4       0.5  0.136667  0.165806
      0.4       0.6  0.131333  0.197742
      0.4       0.7  0.133333  0.239499
      0.4       0.8  0.135333  0.285917
      0.4       0.9  0.140667   0.32938
      0.4         1  0.147333  0.365359
      0.4         2     0.174  0.471396
      0.4         4      0.18  0.488564
      0.6      0.05  0.481333  0.492667
      0.6       0.1  0.120667  0.118558
      0.6      0.15  0.111333  0.114642
      0.6       0.2  0.112667  0.111965
      0.6       0.3     0.108     0.115
      0.6       0.4     0.114  0.134006
      0.6       0.5  0.114667  0.166121
      0.6       0.6  0.116667  0.212591
      0.6       0.7  0.125333  0.266928
      0.6       0.8  0.133333  0.319357
      0.6       0.9  0.147333   0.36283
      0.6         1  0.152667  0.395562
      0.6         2  0.192667  0.478385
      0.6         4  0.212667   0.49021
      0.8      0.05  0.481333  0.492667
      0.8       0.1  0.122667  0.121331
      0.8      0.15     0.122  0.117276
      0.8       0.2     0.114  0.112994
      0.8       0.3 0.0973333  0.111115
      0.8       0.4  0.100667  0.130826
      0.8       0.5  0.103333  0.180076
      0.8       0.6     0.106   0.25353
      0.8       0.7  0.118667  0.323031
      0.8       0.8  0.142667  0.375683
      0.8       0.9  0.167333  0.411944
      0.8         1     0.186  0.435838
      0.8         2  0.304667  0.485835
      0.8         4     0.332  0.492007
      0.9      0.05  0.481333  0.492667
      0.9       0.1  0.125333  0.122258
      0.9      0.15  0.119333  0.118303
      0.9       0.2  0.114667  0.113668
      0.9       0.3     0.104   0.11129
      0.9       0.4 0.0846667  0.136358
      0.9       0.5 0.0873333  0.210834
      0.9       0.6  0.101333  0.308518
      0.9       0.7  0.131333  0.378935
      0.9       0.8  0.176667  0.421442
      0.9       0.9  0.234667  0.446717
      0.9         1     0.294  0.461835
      0.9         2  0.440667  0.489958
      0.9         4  0.461333  0.493184
     0.95      0.05  0.481333  0.492667
     0.95       0.1      0.12  0.121935
     0.95      0.15  0.124667  0.118984
     0.95       0.2  0.111333  0.112675
     0.95       0.3 0.0986667  0.111596
     0.95       0.4 0.0786667  0.150332
     0.95       0.5 0.0726667  0.258418
     0.95       0.6     0.094  0.366235
     0.95       0.7     0.152  0.423994
     0.95       0.8  0.261333   0.45297
     0.95       0.9  0.342667  0.468498
     0.95         1       0.4  0.477216
     0.95         2  0.482667   0.49249
     0.95         4  0.482667  0.494217
     0.99      0.05  0.481333  0.492667
     0.99       0.1  0.123333   0.12233
     0.99      0.15  0.120667  0.117709
     0.99       0.2     0.096  0.104101
     0.99       0.3 0.0653333  0.115364
     0.99       0.4 0.0546667  0.231737
     0.99       0.5     0.056  0.392791
     0.99       0.6  0.119333  0.458317
     0.99       0.7  0.374667  0.478643
     0.99       0.8  0.461333   0.48665
     0.99       0.9     0.482   0.49051
     0.99         1  0.482667  0.492598
     0.99         2  0.482667  0.496462
     0.99         4  0.482667  0.496981
    0.999      0.05  0.481333  0.492667
    0.999       0.1  0.120667  0.122214
    0.999      0.15       0.1  0.100635
    0.999       0.2     0.096 0.0962662
    0.999       0.3 0.0606667  0.171917
    0.999       0.4  0.131333   0.41754
    0.999       0.5  0.359333  0.484669
    0.999       0.6  0.432667  0.494696
    0.999       0.7  0.482667  0.496872
    0.999       0.8  0.482667  0.497636
    0.999       0.9  0.482667  0.498056
    0.999         1  0.482667  0.498346
    0.999         2  0.482667  0.499265
    0.999         4  0.482667  0.499471
   0.9999      0.05  0.481333  0.492667
   0.9999       0.1     0.124  0.122543
   0.9999      0.15 0.0973333 0.0947638
   0.9999       0.2     0.058  0.091098
   0.9999       0.3      0.09  0.314584
   0.9999       0.4  0.507333  0.490106
   0.9999       0.5  0.508667  0.498685
   0.9999       0.6  0.489333  0.499231
   0.9999       0.7  0.489333  0.499115
   0.9999       0.8  0.489333  0.499048
   0.9999       0.9  0.489333  0.499084
   0.9999         1  0.489333  0.499171
   0.9999         2  0.489333  0.499732
   0.9999         4  0.482667  0.499897