       0     0.05 0.495333 0.496667
     0.2     0.05 0.495333 0.496667
     0.4     0.05 0.495333 0.496667
     0.6     0.05 0.495333 0.496667
     0.8     0.05 0.495333 0.496667
     0.9     0.05 0.495333 0.496667
    0.95     0.05 0.495333 0.496667
    0.99     0.05 0.495333 0.496667
   0.999     0.05 0.495333 0.496667
  0.9999     0.05 0.495333 0.496667
       0      0.1 0.495333 0.496667
     0.2      0.1 0.462667  0.46044
     0.4      0.1 0.470667 0.464083
     0.6      0.1    0.466  0.46779
     0.8      0.1    0.476 0.471447
     0.9      0.1 0.478667 0.473902
    0.95      0.1 0.478667  0.47466
    0.99      0.1 0.468667 0.468698
   0.999      0.1 0.468667 0.468634
  0.9999      0.1    0.476  0.47371
       0     0.15 0.495333 0.496667
     0.2     0.15    0.442 0.444434
     0.4     0.15 0.456667 0.453752
     0.6     0.15    0.468 0.459235
     0.8     0.15 0.471333 0.463305
     0.9     0.15 0.464667 0.464953
    0.95     0.15 0.457333  0.46591
    0.99     0.15 0.458667 0.470468
   0.999     0.15    0.468 0.473393
  0.9999     0.15 0.460667 0.469503
       0      0.2 0.495333 0.496667
     0.2      0.2    0.412 0.432178
     0.4      0.2 0.428667 0.441981
     0.6      0.2 0.447333  0.44987
     0.8      0.2 0.456667 0.457262
     0.9      0.2    0.464 0.462201
    0.95      0.2 0.458667 0.465888
    0.99      0.2 0.472667 0.470898
   0.999      0.2 0.476667 0.479609
  0.9999      0.2 0.491333 0.490346
       0      0.3 0.495333 0.496667
     0.2      0.3    0.394 0.433056
     0.4      0.3      0.4 0.442855
     0.6      0.3    0.404 0.453154
     0.8      0.3 0.420667 0.465881
     0.9      0.3 0.452667 0.474984
    0.95      0.3     0.47 0.481806
    0.99      0.3 0.488667 0.491544
   0.999      0.3 0.495333 0.497338
  0.9999      0.3    0.498 0.499135
       0      0.4 0.495333 0.496667
     0.2      0.4 0.389333 0.441067
     0.4      0.4    0.382 0.452021
     0.6      0.4 0.386667 0.463474
     0.8      0.4    0.422 0.476724
     0.9      0.4 0.459333 0.484909
    0.95      0.4    0.472 0.490011
    0.99      0.4     0.49 0.495961
   0.999      0.4    0.496  0.49907
  0.9999      0.4 0.498667 0.499762
       0      0.5 0.495333 0.496667
     0.2      0.5 0.404667 0.450823
     0.4      0.5 0.393333 0.460552
     0.6      0.5    0.386 0.470811
     0.8      0.5      0.4 0.482256
     0.9      0.5 0.449333 0.488899
    0.95      0.5 0.471333 0.492774
    0.99      0.5    0.492 0.497032
   0.999      0.5 0.495333 0.499369
  0.9999      0.5 0.498667 0.499856
       0      0.6 0.495333 0.496667
     0.2      0.6 0.398667 0.461503
     0.4      0.6    0.398 0.469371
     0.6      0.6 0.387333 0.477626
     0.8      0.6 0.394667 0.486576
     0.9      0.6    0.442 0.491532
    0.95      0.6 0.477333  0.49431
    0.99      0.6 0.495333 0.497448
   0.999      0.6 0.495333 0.499466
  0.9999      0.6 0.498667  0.49989
       0      0.7 0.495333 0.496667
     0.2      0.7    0.392 0.470246
     0.4      0.7 0.395333 0.476389
     0.6      0.7 0.390667 0.482763
     0.8      0.7 0.386667 0.489512
     0.9      0.7 0.435333 0.493148
    0.95      0.7 0.483333 0.495171
    0.99      0.7 0.495333 0.497647
   0.999      0.7 0.495333 0.499509
  0.9999      0.7 0.498667 0.499909
       0      0.8 0.495333 0.496667
     0.2      0.8 0.391333 0.476579
     0.4      0.8 0.391333 0.481361
     0.6      0.8    0.382 0.486279
     0.8      0.8    0.396 0.491412
     0.9      0.8 0.435333 0.494147
    0.95      0.8 0.486667 0.495686
    0.99      0.8 0.495333 0.497756
   0.999      0.8 0.495333 0.499532
  0.9999      0.8 0.498667  0.49992
       0      0.9 0.495333 0.496667
     0.2      0.9    0.388 0.481043
     0.4      0.9    0.382 0.484817
     0.6      0.9    0.386 0.488675
     0.8      0.9 0.395333  0.49267
     0.9      0.9 0.441333 0.494795
    0.95      0.9     0.49 0.496015
    0.99      0.9 0.495333 0.497822
   0.999      0.9 0.495333 0.499544
  0.9999      0.9 0.498667 0.499927
       0        1 0.495333 0.496667
     0.2        1 0.387333 0.484224
     0.4        1 0.385333 0.487257
     0.6        1 0.381333 0.490348
     0.8        1 0.399333 0.493536
     0.9        1    0.446 0.495237
    0.95        1 0.493333 0.496237
    0.99        1 0.495333 0.497864
   0.999        1 0.495333 0.499551
  0.9999        1 0.497333 0.499932
       0        2 0.495333 0.496667
     0.2        2 0.392667 0.493813
     0.4        2    0.392 0.494533
     0.6        2 0.391333 0.495263
     0.8        2 0.403333 0.496033
     0.9        2 0.453333 0.496495
    0.95        2    0.494 0.496864
    0.99        2 0.495333 0.497969
   0.999        2 0.495333 0.499564
  0.9999        2 0.495333 0.499947
       0        4 0.495333 0.496667
     0.2        4 0.391333 0.495978
     0.4        4    0.392  0.49616
     0.6        4 0.389333 0.496352
     0.8        4 0.402667 0.496579
     0.9        4 0.455333 0.496768
    0.95        4 0.494667 0.496999
    0.99        4 0.495333 0.497987
   0.999        4 0.495333 0.499565
  0.9999        4 0.495333  0.49995