       0     0.05 0.495333 0.496667
       0      0.1 0.495333 0.496667
       0     0.15 0.495333 0.496667
       0      0.2 0.495333 0.496667
       0      0.3 0.495333 0.496667
       0      0.4 0.495333 0.496667
       0      0.5 0.495333 0.496667
       0      0.6 0.495333 0.496667
       0      0.7 0.495333 0.496667
       0      0.8 0.495333 0.496667
       0      0.9 0.495333 0.496667
       0        1 0.495333 0.496667
       0        2 0.495333 0.496667
       0        4 0.495333 0.496667
     0.2     0.05 0.495333 0.496667
     0.2      0.1 0.486667 0.485702
     0.2     0.15    0.464 0.461016
     0.2      0.2    0.436 0.438259
     0.2      0.3 0.383333 0.409791
     0.2      0.4 0.363333 0.411424
     0.2      0.5 0.354667 0.427318
     0.2      0.6 0.354667 0.444312
     0.2      0.7 0.351333 0.457649
     0.2      0.8 0.356667 0.467105
     0.2      0.9    0.352 0.473705
     0.2        1 0.357333 0.478385
     0.2        2 0.363333 0.492457
     0.2        4 0.365333 0.495645
     0.4     0.05 0.495333 0.496667
     0.4      0.1 0.495333 0.491745
     0.4     0.15    0.486 0.474439
     0.4      0.2 0.453333 0.452374
     0.4      0.3 0.401333 0.426227
     0.4      0.4    0.366 0.426646
     0.4      0.5    0.356 0.440702
     0.4      0.6 0.356667 0.455278
     0.4      0.7 0.349333 0.466301
     0.4      0.8 0.354667 0.473899
     0.4      0.9 0.353333 0.479103
     0.4        1 0.357333 0.482748
     0.4        2 0.366667 0.493509
     0.4        4 0.363333 0.495911
     0.6     0.05 0.495333 0.496667
     0.6      0.1 0.494667 0.492217
     0.6     0.15 0.483333 0.483707
     0.6      0.2 0.466667 0.464286
     0.6      0.3 0.414667  0.44096
     0.6      0.4 0.385333 0.443394
     0.6      0.5 0.362667 0.455559
     0.6      0.6 0.359333 0.467234
     0.6      0.7    0.346 0.475539
     0.6      0.8 0.351333 0.481038
     0.6      0.9 0.356667 0.484713
     0.6        1    0.356 0.487249
     0.6        2 0.365333 0.494578
     0.6        4 0.365333 0.496186
     0.8     0.05 0.495333 0.496667
     0.8      0.1    0.492 0.492315
     0.8     0.15 0.492667 0.491203
     0.8      0.2     0.48 0.476656
     0.8      0.3 0.445333 0.457762
     0.8      0.4    0.426 0.463982
     0.8      0.5 0.394667  0.47317
     0.8      0.6    0.358 0.480729
     0.8      0.7 0.354667 0.485596
     0.8      0.8 0.353333 0.488637
     0.8      0.9     0.36 0.490604
     0.8        1    0.358 0.491936
     0.8        2    0.364 0.495689
     0.8        4 0.365333 0.496496
     0.9     0.05 0.495333 0.496667
     0.9      0.1 0.489333 0.493857
     0.9     0.15 0.497333 0.495284
     0.9      0.2 0.493333   0.4833
     0.9      0.3 0.456667 0.469445
     0.9      0.4 0.466667  0.47732
     0.9      0.5    0.446 0.483815
     0.9      0.6 0.419333 0.488381
     0.9      0.7    0.386 0.491084
     0.9      0.8    0.368 0.492704
     0.9      0.9 0.363333 0.493731
     0.9        1    0.358 0.494417
     0.9        2 0.363333 0.496322
     0.9        4    0.364 0.496727
    0.95     0.05 0.495333 0.496667
    0.95      0.1 0.495333 0.495707
    0.95     0.15 0.498667 0.498016
    0.95      0.2 0.497333 0.486277
    0.95      0.3 0.474667 0.478002
    0.95      0.4    0.484 0.485683
    0.95      0.5 0.482667 0.489998
    0.95      0.6 0.474667 0.492618
    0.95      0.7 0.455333 0.494075
    0.95      0.8 0.419333 0.494925
    0.95      0.9 0.391333 0.495456
    0.95        1 0.365333 0.495808
    0.95        2 0.364667 0.496775
    0.95        4     0.39 0.496978
    0.99     0.05 0.495333 0.496667
    0.99      0.1 0.501333 0.498984
    0.99     0.15 0.504667 0.501176
    0.99      0.2    0.496 0.485475
    0.99      0.3 0.491333 0.489927
    0.99      0.4    0.494 0.494654
    0.99      0.5 0.494667 0.496186
    0.99      0.6 0.495333 0.496919
    0.99      0.7 0.495333 0.497297
    0.99      0.8 0.494667 0.497509
    0.99      0.9    0.494 0.497638
    0.99        1    0.486 0.497722
    0.99        2    0.496 0.497938
    0.99        4    0.498  0.49798
   0.999     0.05 0.495333 0.496667
   0.999      0.1 0.505333 0.502007
   0.999     0.15 0.504667 0.498488
   0.999      0.2 0.475333 0.484963
   0.999      0.3 0.494667 0.496599
   0.999      0.4 0.496667 0.498635
   0.999      0.5 0.495333  0.49913
   0.999      0.6 0.495333 0.499332
   0.999      0.7 0.495333 0.499428
   0.999      0.8 0.495333 0.499478
   0.999      0.9 0.495333 0.499507
   0.999        1 0.495333 0.499524
   0.999        2    0.498  0.49956
   0.999        4    0.498 0.499564
  0.9999     0.05 0.495333 0.496667
  0.9999      0.1    0.494 0.500421
  0.9999     0.15 0.497333 0.487465
  0.9999      0.2 0.490667 0.490764
  0.9999      0.3    0.498 0.498806
  0.9999      0.4 0.498667 0.499597
  0.9999      0.5 0.498667 0.499791
  0.9999      0.6 0.498667 0.499871
  0.9999      0.7 0.498667 0.499908
  0.9999      0.8 0.495333 0.499927
  0.9999      0.9 0.495333 0.499937
  0.9999        1 0.495333 0.499943
  0.9999        2    0.498 0.499951
  0.9999        4    0.498 0.499951