       0     0.05 0.496667 0.496667
     0.2     0.05      0.3 0.314988
     0.4     0.05    0.296 0.316115
     0.6     0.05 0.294667  0.32163
     0.8     0.05 0.295333 0.342293
     0.9     0.05 0.301333 0.375206
    0.95     0.05    0.308 0.411669
    0.99     0.05    0.296 0.471228
   0.999     0.05 0.495333 0.496263
  0.9999     0.05      0.5 0.499608
       0      0.1 0.496667 0.496667
     0.2      0.1     0.33 0.399709
     0.4      0.1 0.336667 0.410941
     0.6      0.1 0.345333 0.427357
     0.8      0.1    0.364 0.452044
     0.9      0.1 0.362667 0.470034
    0.95      0.1    0.366 0.481837
    0.99      0.1 0.423333 0.494462
   0.999      0.1 0.496667 0.499185
  0.9999      0.1    0.498 0.499912
       0     0.15 0.496667 0.496667
     0.2     0.15    0.382  0.45725
     0.4     0.15 0.401333 0.462518
     0.6     0.15 0.413333 0.469875
     0.8     0.15 0.443333 0.480206
     0.9     0.15 0.441333 0.487313
    0.95     0.15 0.442667  0.49181
    0.99     0.15 0.449333 0.496839
   0.999     0.15 0.496667 0.499442
  0.9999     0.15      0.5 0.499938
       0      0.2 0.496667 0.496667
     0.2      0.2 0.480667 0.478401
     0.4      0.2 0.452667 0.480419
     0.6      0.2 0.450667 0.483681
     0.8      0.2 0.459333 0.488699
     0.9      0.2    0.458 0.492265
    0.95      0.2    0.448 0.494562
    0.99      0.2 0.504667 0.497457
   0.999      0.2 0.496667 0.499507
  0.9999      0.2      0.5 0.499945
       0      0.3 0.496667 0.496667
     0.2      0.3    0.486 0.487729
     0.4      0.3    0.488 0.489105
     0.6      0.3 0.487333 0.490956
     0.8      0.3 0.484667 0.493447
     0.9      0.3    0.464 0.495069
    0.95      0.3 0.434667 0.496112
    0.99      0.3 0.496667 0.497799
   0.999      0.3 0.496667 0.499544
  0.9999      0.3      0.5 0.499949
       0      0.4 0.496667 0.496667
     0.2      0.4    0.496 0.490671
     0.4      0.4    0.496 0.491852
     0.6      0.4 0.499333 0.493233
     0.8      0.4 0.494667 0.494878
     0.9      0.4 0.445333 0.495879
    0.95      0.4 0.454667 0.496544
    0.99      0.4 0.496667 0.497893
   0.999      0.4 0.496667 0.499555
  0.9999      0.4 0.496667  0.49995
       0      0.5 0.496667 0.496667
     0.2      0.5 0.494667 0.492432
     0.4      0.5    0.496 0.493359
     0.6      0.5 0.497333 0.494382
     0.8      0.5 0.497333 0.495539
     0.9      0.5    0.434 0.496234
    0.95      0.5 0.462667 0.496728
    0.99      0.5 0.496667 0.497931
   0.999      0.5 0.496667 0.499559
  0.9999      0.5 0.496667  0.49995
       0      0.6 0.496667 0.496667
     0.2      0.6 0.497333 0.493565
     0.4      0.6 0.497333 0.494282
     0.6      0.6 0.496667 0.495051
     0.8      0.6 0.497333 0.495903
     0.9      0.6    0.434 0.496424
    0.95      0.6    0.472 0.496825
    0.99      0.6 0.496667 0.497951
   0.999      0.6 0.496667 0.499562
  0.9999      0.6 0.496667  0.49995
       0      0.7 0.496667 0.496667
     0.2      0.7 0.497333 0.494317
     0.4      0.7 0.496667 0.494878
     0.6      0.7 0.498667 0.495471
     0.8      0.7 0.496667 0.496126
     0.9      0.7 0.431333 0.496539
    0.95      0.7    0.478 0.496883
    0.99      0.7 0.496667 0.497963
   0.999      0.7 0.496667 0.499563
  0.9999      0.7 0.496667 0.499951
       0      0.8 0.496667 0.496667
     0.2      0.8 0.497333 0.494833
     0.4      0.8 0.495333 0.495281
     0.6      0.8 0.496667 0.495751
     0.8      0.8 0.492667 0.496271
     0.9      0.8 0.426667 0.496613
    0.95      0.8 0.478667 0.496921
    0.99      0.8 0.496667  0.49797
   0.999      0.8 0.496667 0.499563
  0.9999      0.8 0.496667 0.499951
       0      0.9 0.496667 0.496667
     0.2      0.9 0.497333   0.4952
     0.4      0.9    0.498 0.495564
     0.6      0.9 0.495333 0.495945
     0.8      0.9    0.492 0.496372
     0.9      0.9    0.426 0.496664
    0.95      0.9 0.478667 0.496946
    0.99      0.9 0.496667 0.497975
   0.999      0.9 0.496667 0.499564
  0.9999      0.9 0.496667 0.499951
       0        1 0.496667 0.496667
     0.2        1 0.496667 0.495469
     0.4        1    0.496  0.49577
     0.6        1 0.495333 0.496086
     0.8        1 0.494667 0.496444
     0.9        1 0.423333   0.4967
    0.95        1 0.476667 0.496964
    0.99        1 0.496667 0.497978
   0.999        1 0.496667 0.499564
  0.9999        1 0.496667 0.499951
       0        2 0.496667 0.496667
     0.2        2 0.495333 0.496363
     0.4        2 0.497333 0.496449
     0.6        2    0.496 0.496544
     0.8        2    0.494 0.496676
     0.9        2 0.422667 0.496817
    0.95        2 0.480667 0.497022
    0.99        2 0.496667 0.497989
   0.999        2 0.496667 0.499565
  0.9999        2 0.496667 0.499951
       0        4 0.496667 0.496667
     0.2        4    0.494 0.496594
     0.4        4 0.496667 0.496623
     0.6        4    0.496 0.496661
     0.8        4    0.494 0.496734
     0.9        4 0.422667 0.496846
    0.95        4     0.48 0.497037
    0.99        4 0.496667 0.497992
   0.999        4 0.496667 0.499565
  0.9999        4 0.496667 0.499951