       0     0.05    0.498 0.493333
     0.2     0.05 0.478667 0.488679
     0.4     0.05    0.484 0.488636
     0.6     0.05 0.480667 0.488228
     0.8     0.05 0.474667 0.487916
     0.9     0.05 0.476667 0.488649
    0.95     0.05 0.478667 0.490251
    0.99     0.05 0.479333 0.495131
   0.999     0.05 0.459333 0.499252
  0.9999     0.05    0.504 0.499981
       0      0.1    0.498 0.493333
     0.2      0.1     0.48 0.490843
     0.4      0.1    0.478 0.490522
     0.6      0.1    0.484 0.490415
     0.8      0.1 0.482667 0.490932
     0.9      0.1    0.488 0.491967
    0.95      0.1 0.485333 0.493249
    0.99      0.1 0.487333 0.496588
   0.999      0.1    0.482  0.49942
  0.9999      0.1 0.488667  0.49991
       0     0.15    0.498 0.493333
     0.2     0.15 0.481333 0.491829
     0.4     0.15    0.484 0.491766
     0.6     0.15 0.488667 0.491881
     0.8     0.15    0.484 0.492401
     0.9     0.15 0.489333 0.493156
    0.95     0.15    0.492 0.494097
    0.99     0.15 0.492667 0.496891
   0.999     0.15 0.488667 0.499449
  0.9999     0.15 0.495333 0.499895
       0      0.2    0.498 0.493333
     0.2      0.2 0.488667 0.492322
     0.4      0.2    0.486 0.492361
     0.6      0.2     0.49 0.492515
     0.8      0.2 0.486667 0.492957
     0.9      0.2 0.489333 0.493572
    0.95      0.2     0.49 0.494381
    0.99      0.2    0.494 0.496999
   0.999      0.2 0.488667  0.49947
  0.9999      0.2 0.495333   0.4999
       0      0.3    0.498 0.493333
     0.2      0.3 0.491333 0.492627
     0.4      0.3     0.49 0.492736
     0.6      0.3     0.49 0.492923
     0.8      0.3 0.491333 0.493318
     0.9      0.3    0.494 0.493835
    0.95      0.3 0.495333 0.494556
    0.99      0.3 0.488667 0.497074
   0.999      0.3 0.488667 0.499493
  0.9999      0.3 0.493333 0.499912
       0      0.4    0.498 0.493333
     0.2      0.4 0.489333 0.492791
     0.4      0.4     0.49 0.492914
     0.6      0.4    0.492 0.493097
     0.8      0.4 0.493333 0.493451
     0.9      0.4    0.496 0.493922
    0.95      0.4 0.483333 0.494611
    0.99      0.4 0.488667   0.4971
   0.999      0.4 0.488667 0.499506
  0.9999      0.4 0.488667 0.499921
       0      0.5    0.498 0.493333
     0.2      0.5    0.488 0.492919
     0.4      0.5 0.489333 0.493036
     0.6      0.5 0.491333 0.493201
     0.8      0.5 0.494667 0.493521
     0.9      0.5    0.494 0.493964
    0.95      0.5 0.488667 0.494636
    0.99      0.5 0.488667 0.497112
   0.999      0.5 0.488667 0.499514
  0.9999      0.5 0.488667 0.499928
       0      0.6    0.498 0.493333
     0.2      0.6 0.488667 0.493016
     0.4      0.6 0.488667 0.493121
     0.6      0.6    0.494 0.493269
     0.8      0.6 0.495333 0.493562
     0.9      0.6 0.491333 0.493988
    0.95      0.6 0.490667  0.49465
    0.99      0.6 0.488667 0.497119
   0.999      0.6 0.488667  0.49952
  0.9999      0.6 0.488667 0.499934
       0      0.7    0.498 0.493333
     0.2      0.7 0.484667 0.493088
     0.4      0.7 0.489333 0.493181
     0.6      0.7    0.494 0.493314
     0.8      0.7    0.492 0.493589
     0.9      0.7    0.496 0.494003
    0.95      0.7    0.494 0.494658
    0.99      0.7 0.488667 0.497122
   0.999      0.7 0.488667 0.499524
  0.9999      0.7 0.488667 0.499937
       0      0.8    0.498 0.493333
     0.2      0.8 0.482667 0.493141
     0.4      0.8 0.486667 0.493224
     0.6      0.8 0.493333 0.493346
     0.8      0.8 0.491333 0.493607
     0.9      0.8 0.493333 0.494013
    0.95      0.8     0.49 0.494664
    0.99      0.8 0.488667 0.497124
   0.999      0.8 0.488667 0.499526
  0.9999      0.8 0.488667  0.49994
       0      0.9    0.498 0.493333
     0.2      0.9    0.482 0.493181
     0.4      0.9    0.486 0.493256
     0.6      0.9 0.493333 0.493369
     0.8      0.9 0.492667  0.49362
     0.9      0.9 0.493333  0.49402
    0.95      0.9    0.488 0.494668
    0.99      0.9 0.488667 0.497125
   0.999      0.9 0.488667 0.499528
  0.9999      0.9 0.488667 0.499942
       0        1    0.498 0.493333
     0.2        1    0.482 0.493211
     0.4        1 0.486667  0.49328
     0.6        1 0.491333 0.493386
     0.8        1 0.491333 0.493629
     0.9        1 0.492667 0.494026
    0.95        1 0.490667  0.49467
    0.99        1 0.488667 0.497126
   0.999        1 0.488667 0.499529
  0.9999        1 0.488667 0.499944
       0        2    0.498 0.493333
     0.2        2 0.481333 0.493317
     0.4        2 0.485333 0.493362
     0.6        2 0.494667 0.493444
     0.8        2    0.492  0.49366
     0.9        2    0.484 0.494042
    0.95        2     0.49 0.494679
    0.99        2 0.488667 0.497127
   0.999        2 0.488667 0.499533
  0.9999        2 0.488667 0.499949
       0        4    0.498 0.493333
     0.2        4 0.480667 0.493346
     0.4        4 0.485333 0.493385
     0.6        4 0.495333 0.493459
     0.8        4    0.492 0.493668
     0.9        4 0.483333 0.494047
    0.95        4 0.489333 0.494681
    0.99        4 0.488667 0.497128
   0.999        4 0.488667 0.499534
  0.9999        4 0.488667  0.49995