         0.1         0.05     0.166667
         0.1          0.1     0.162667
         0.1         0.15        0.042
         0.1          0.2         0.04
         0.1         0.25        0.038
         0.1          0.3        0.038
         0.1         0.35    0.0373333
         0.1          0.4        0.042
         0.1         0.45        0.042
         0.1          0.5        0.044
         0.1         0.55    0.0466667
         0.1          0.6         0.05
         0.2         0.05     0.166667
         0.2          0.1     0.162667
         0.2         0.15    0.0426667
         0.2          0.2    0.0393333
         0.2         0.25         0.04
         0.2          0.3    0.0373333
         0.2         0.35        0.038
         0.2          0.4        0.038
         0.2         0.45        0.042
         0.2          0.5        0.042
         0.2         0.55    0.0426667
         0.2          0.6    0.0453333
         0.3         0.05     0.166667
         0.3          0.1     0.162667
         0.3         0.15    0.0506667
         0.3          0.2         0.04
         0.3         0.25    0.0393333
         0.3          0.3    0.0386667
         0.3         0.35    0.0373333
         0.3          0.4    0.0373333
         0.3         0.45        0.038
         0.3          0.5    0.0433333
         0.3         0.55        0.042
         0.3          0.6    0.0433333
         0.4         0.05     0.166667
         0.4          0.1     0.162667
         0.4         0.15    0.0506667
         0.4          0.2    0.0406667
         0.4         0.25    0.0393333
         0.4          0.3         0.04
         0.4         0.35    0.0373333
         0.4          0.4    0.0373333
         0.4         0.45    0.0373333
         0.4          0.5    0.0386667
         0.4         0.55    0.0426667
         0.4          0.6    0.0413333
         0.5         0.05     0.166667
         0.5          0.1     0.162667
         0.5         0.15    0.0513333
         0.5          0.2    0.0486667
         0.5         0.25    0.0406667
         0.5          0.3    0.0393333
         0.5         0.35         0.04
         0.5          0.4    0.0373333
         0.5         0.45    0.0373333
         0.5          0.5    0.0386667
         0.5         0.55        0.038
         0.5          0.6        0.042
         0.6         0.05     0.166667
         0.6          0.1     0.162667
         0.6         0.15    0.0513333
         0.6          0.2    0.0486667
         0.6         0.25    0.0413333
         0.6          0.3         0.04
         0.6         0.35    0.0393333
         0.6          0.4    0.0393333
         0.6         0.45        0.038
         0.6          0.5    0.0373333
         0.6         0.55    0.0373333
         0.6          0.6    0.0366667
         0.7         0.05     0.166667
         0.7          0.1     0.162667
         0.7         0.15    0.0513333
         0.7          0.2    0.0486667
         0.7         0.25    0.0413333
         0.7          0.3    0.0406667
         0.7         0.35    0.0393333
         0.7          0.4         0.04
         0.7         0.45    0.0386667
         0.7          0.5        0.038
         0.7         0.55    0.0373333
         0.7          0.6        0.036
         0.8         0.05     0.166667
         0.8          0.1     0.162667
         0.8         0.15    0.0513333
         0.8          0.2    0.0486667
         0.8         0.25    0.0413333
         0.8          0.3    0.0426667
         0.8         0.35    0.0426667
         0.8          0.4    0.0406667
         0.8         0.45    0.0386667
         0.8          0.5    0.0373333
         0.8         0.55    0.0366667
         0.8          0.6    0.0346667
         0.9         0.05     0.166667
         0.9          0.1     0.162667
         0.9         0.15    0.0513333
         0.9          0.2    0.0413333
         0.9         0.25    0.0426667
         0.9          0.3    0.0426667
         0.9         0.35        0.042
         0.9          0.4        0.042
         0.9         0.45    0.0406667
         0.9          0.5    0.0366667
         0.9         0.55        0.036
         0.9          0.6        0.036
           1         0.05          0.2
           1          0.1          0.2
           1         0.15          0.2
           1          0.2          0.2
           1         0.25          0.2
           1          0.3          0.2
           1         0.35          0.2
           1          0.4          0.2
           1         0.45          0.2
           1          0.5          0.2
           1         0.55          0.2
           1          0.6          0.2
        0.99         0.05     0.166667
        0.99          0.1     0.162667
        0.99         0.15        0.044
        0.99          0.2    0.0433333
        0.99         0.25    0.0433333
        0.99          0.3    0.0426667
        0.99         0.35        0.042
        0.99          0.4    0.0406667
        0.99         0.45    0.0433333
        0.99          0.5    0.0406667
        0.99         0.55        0.038
        0.99          0.6        0.036
       0.999         0.05     0.166667
       0.999          0.1     0.162667
       0.999         0.15    0.0453333
       0.999          0.2    0.0433333
       0.999         0.25    0.0433333
       0.999          0.3         0.04
       0.999         0.35        0.044
       0.999          0.4    0.0433333
       0.999         0.45    0.0426667
       0.999          0.5    0.0386667
       0.999         0.55        0.036
       0.999          0.6         0.03
       0.999         0.65    0.0293333
       0.999          0.7    0.0266667
       0.999         0.75    0.0273333
       0.999          0.8    0.0273333
       0.999         0.85    0.0266667
       0.999          0.9    0.0266667
       0.999         0.95    0.0273333
       0.999            2          0.2
       0.999            4          0.2
       0.999            8        0.198
       0.999           16     0.166667
1.93102e-312 1.97346e-312  2.0159e-312
2.05834e-312 2.10078e-312 2.14322e-312
2.18566e-312  2.2281e-312 2.27054e-312
2.31298e-312 2.35542e-312 2.39786e-312
 2.4403e-312 2.48274e-312 2.52517e-312
2.56761e-312 2.61005e-312 2.65249e-312
2.69493e-312 2.73737e-312 2.77981e-312
2.82225e-312 2.86469e-312 2.90713e-312
2.94957e-312 2.99201e-312 3.03445e-312
3.07689e-312 3.11933e-312 3.16177e-312
3.20421e-312 3.24665e-312 3.28909e-312
3.33153e-312 3.37397e-312 3.41641e-312
3.45885e-312 3.50129e-312 3.54373e-312
3.58617e-312 3.62861e-312 3.67105e-312
3.71349e-312 3.75593e-312 3.79837e-312
3.84081e-312 3.88325e-312 3.92569e-312
3.96813e-312 4.01057e-312 4.05301e-312
4.09545e-312 4.13789e-312 4.18033e-312
4.22277e-312 4.26521e-312 4.30765e-312
4.35009e-312 4.39253e-312 4.43497e-312
4.47741e-312 4.51985e-312 4.56229e-312
4.60473e-312 4.64717e-312 4.68961e-312
4.73205e-312 4.77449e-312 4.81693e-312
4.85937e-312 4.90181e-312 4.94425e-312
4.98669e-312 5.02913e-312 5.07157e-312
5.11401e-312 5.15645e-312 5.19889e-312
5.24133e-312 5.28377e-312 5.32621e-312
5.36865e-312 5.41109e-312 5.45353e-312
5.49597e-312 5.53841e-312 5.58085e-312
5.62329e-312 5.66573e-312 5.70817e-312
5.75061e-312 5.79305e-312 5.83549e-312
5.87793e-312 5.92037e-312 5.96281e-312
6.00525e-312 6.04769e-312 6.09013e-312
6.13257e-312 6.17501e-312 6.21745e-312
6.25989e-312 6.30233e-312 6.34477e-312
6.38721e-312 6.42965e-312 6.47209e-312
6.51453e-312 6.55697e-312 6.59941e-312
6.64185e-312 6.68429e-312 6.72673e-312
6.76917e-312 6.81161e-312 6.85405e-312
6.89649e-312 6.93893e-312 6.98137e-312
7.02381e-312 7.06625e-312 7.10869e-312
7.15113e-312 7.19357e-312 7.23601e-312
7.27845e-312 7.32089e-312 7.36333e-312
7.40577e-312 7.44821e-312 7.49065e-312
7.53309e-312 7.57552e-312 7.61796e-312
 7.6604e-312 7.70284e-312 7.74528e-312
7.78772e-312 7.83016e-312  7.8726e-312
7.91504e-312 7.95748e-312 7.99992e-312
8.04236e-312  8.0848e-312 8.12724e-312
8.16968e-312 8.21212e-312 8.25456e-312
  8.297e-312 8.33944e-312 8.38188e-312
8.42432e-312 8.46676e-312  8.5092e-312
8.55164e-312 8.59408e-312 8.63652e-312
8.67896e-312  8.7214e-312 8.76384e-312
8.80628e-312 8.84872e-312 8.89116e-312
 8.9336e-312 8.97604e-312 9.01848e-312
9.06092e-312 9.10336e-312  9.1458e-312
9.18824e-312 9.23068e-312 9.27312e-312
9.31556e-312   9.358e-312 9.40044e-312
9.44288e-312 9.48532e-312 9.52776e-312
 9.5702e-312 9.61264e-312 9.65508e-312
9.69752e-312 9.73996e-312  9.7824e-312
9.82484e-312 9.86728e-312 9.90972e-312
9.95216e-312  9.9946e-312  1.0037e-311
1.00795e-311 1.01219e-311 1.01644e-311
1.02068e-311 1.02492e-311 1.02917e-311
1.03341e-311 1.03766e-311  1.0419e-311
1.04614e-311 1.05039e-311 1.05463e-311
1.05888e-311 1.06312e-311 1.06736e-311
1.07161e-311 1.07585e-311  1.0801e-311
1.08434e-311 1.08858e-311 1.09283e-311
1.09707e-311 1.10132e-311 1.10556e-311
 1.1098e-311 1.11405e-311 1.11829e-311
1.12254e-311 1.12678e-311 1.13102e-311
1.13527e-311 1.13951e-311 1.14376e-311
  1.148e-311 1.15224e-311 1.15649e-311
1.16073e-311 1.16498e-311 1.16922e-311
1.17346e-311 1.17771e-311 1.18195e-311
 1.1862e-311 1.19044e-311 1.19468e-311
1.19893e-311 1.20317e-311 1.20742e-311
1.21166e-311  1.2159e-311 1.22015e-311
1.22439e-311 1.22864e-311 1.23288e-311
1.23712e-311 1.24137e-311 1.24561e-311
1.24986e-311  1.2541e-311 1.25834e-311
1.26259e-311 1.26683e-311 1.27108e-311
1.27532e-311 1.27956e-311 1.28381e-311
1.28805e-311  1.2923e-311 1.29654e-311
1.30078e-311 1.30503e-311 1.30927e-311
1.31352e-311 1.31776e-311   1.322e-311
1.32625e-311 1.33049e-311 1.33474e-311
1.33898e-311 1.34322e-311 1.34747e-311
1.35171e-311 1.35596e-311  1.3602e-311
1.36444e-311 1.36869e-311 1.37293e-311
1.37718e-311 1.38142e-311 1.38566e-311
1.38991e-311 1.39415e-311  1.3984e-311
1.40264e-311 1.40688e-311 1.41113e-311
1.41537e-311 1.41962e-311 1.42386e-311
 1.4281e-311 1.43235e-311 1.43659e-311
1.44084e-311 1.44508e-311 1.44932e-311
1.45357e-311 1.45781e-311 1.46206e-311
 1.4663e-311 1.47054e-311 1.47479e-311
1.47903e-311 1.48328e-311 1.48752e-311
1.49176e-311 1.49601e-311 1.50025e-311
 1.5045e-311 1.50874e-311 1.51298e-311
1.51723e-311 1.52147e-311 1.52571e-311
1.52996e-311  1.5342e-311 1.53845e-311
1.54269e-311 1.54693e-311 1.55118e-311
1.55542e-311 1.55967e-311 1.56391e-311
1.56815e-311  1.5724e-311 1.57664e-311
1.58089e-311 1.58513e-311 1.58937e-311
1.59362e-311 1.59786e-311 1.60211e-311
1.60635e-311 1.61059e-311 1.61484e-311
1.61908e-311 1.62333e-311 1.62757e-311
1.63181e-311 1.63606e-311  1.6403e-311
1.64455e-311 1.64879e-311 1.65303e-311
1.65728e-311 1.66152e-311 1.66577e-311
1.67001e-311 1.67425e-311  1.6785e-311
1.68274e-311 1.68699e-311 1.69123e-311
1.69547e-311 1.69972e-311 1.70396e-311
1.70821e-311 1.71245e-311 1.71669e-311
1.72094e-311 1.72518e-311 1.72943e-311