        0      0.05      0.49      0.49
      0.2      0.05 0.0786667  0.141391
      0.4      0.05      0.07  0.158507
      0.6      0.05 0.0653333  0.188034
      0.8      0.05 0.0693333  0.249803
      0.9      0.05  0.145333  0.316647
     0.95      0.05      0.21  0.376922
     0.99      0.05  0.357333  0.462588
    0.999      0.05     0.402  0.495416
   0.9999      0.05       0.5  0.499528
        0       0.1      0.49      0.49
      0.2       0.1  0.167333  0.337885
      0.4       0.1  0.204667  0.361969
      0.6       0.1  0.258667  0.391707
      0.8       0.1     0.348  0.430723
      0.9       0.1     0.396  0.456628
     0.95       0.1  0.417333  0.473134
     0.99       0.1      0.44  0.491958
    0.999       0.1      0.49  0.499009
   0.9999       0.1       0.5  0.499898
        0      0.15      0.49      0.49
      0.2      0.15  0.361333  0.424216
      0.4      0.15  0.389333  0.436033
      0.6      0.15     0.408  0.449654
      0.8      0.15  0.433333  0.466478
      0.9      0.15  0.443333  0.477566
     0.95      0.15  0.450667  0.485003
     0.99      0.15     0.422  0.494815
    0.999      0.15      0.49  0.499319
   0.9999      0.15       0.5  0.499929
        0       0.2      0.49      0.49
      0.2       0.2  0.433333  0.453914
      0.4       0.2  0.442667  0.460088
      0.6       0.2  0.448667  0.467455
      0.8       0.2  0.455333  0.477069
      0.9       0.2  0.460667  0.483765
     0.95       0.2  0.445333  0.488504
     0.99       0.2  0.472667  0.495623
    0.999       0.2      0.49  0.499404
   0.9999       0.2       0.5  0.499938
        0       0.3      0.49      0.49
      0.2       0.3  0.474667  0.472414
      0.4       0.3  0.476667  0.475629
      0.6       0.3  0.472667  0.479549
      0.8       0.3     0.464   0.48465
      0.9       0.3     0.452  0.488218
     0.95       0.3  0.406667  0.490976
     0.99       0.3      0.49  0.496191
    0.999       0.3      0.49  0.499466
   0.9999       0.3       0.5  0.499944
        0       0.4      0.49      0.49
      0.2       0.4  0.485333  0.479196
      0.4       0.4  0.482667  0.481466
      0.6       0.4     0.476  0.484105
      0.8       0.4     0.462  0.487394
      0.9       0.4  0.440667  0.489755
     0.95       0.4  0.378667  0.491808
     0.99       0.4      0.49  0.496394
    0.999       0.4      0.49   0.49949
   0.9999       0.4       0.5  0.499947
        0       0.5      0.49      0.49
      0.2       0.5     0.484  0.482774
      0.4       0.5      0.48  0.484439
      0.6       0.5     0.478   0.48632
      0.8       0.5  0.462667  0.488647
      0.9       0.5      0.43  0.490432
     0.95       0.5  0.397333  0.492171
     0.99       0.5      0.49  0.496487
    0.999       0.5      0.49  0.499502
   0.9999       0.5       0.5  0.499948
        0       0.6      0.49      0.49
      0.2       0.6     0.482  0.484879
      0.4       0.6  0.480667  0.486135
      0.6       0.6  0.476667   0.48754
      0.8       0.6      0.46  0.489311
      0.9       0.6  0.424667  0.490784
     0.95       0.6     0.422  0.492359
     0.99       0.6      0.49  0.496537
    0.999       0.6      0.49  0.499509
   0.9999       0.6  0.499333  0.499949
        0       0.7      0.49      0.49
      0.2       0.7     0.484  0.486203
      0.4       0.7      0.48  0.487181
      0.6       0.7  0.476667  0.488277
      0.8       0.7  0.458667  0.489703
      0.9       0.7  0.421333  0.490989
     0.95       0.7      0.44  0.492469
     0.99       0.7      0.49  0.496567
    0.999       0.7      0.49  0.499513
   0.9999       0.7      0.49  0.499949
        0       0.8      0.49      0.49
      0.2       0.8     0.482  0.487083
      0.4       0.8  0.479333  0.487867
      0.6       0.8  0.474667  0.488753
      0.8       0.8  0.459333  0.489953
      0.9       0.8  0.415333   0.49112
     0.95       0.8     0.456  0.492539
     0.99       0.8      0.49  0.496586
    0.999       0.8      0.49  0.499516
   0.9999       0.8      0.49  0.499949
        0       0.9      0.49      0.49
      0.2       0.9     0.482  0.487694
      0.4       0.9      0.48  0.488341
      0.6       0.9  0.474667  0.489079
      0.8       0.9  0.459333  0.490122
      0.9       0.9  0.408667  0.491208
     0.95       0.9  0.463333  0.492585
     0.99       0.9      0.49  0.496599
    0.999       0.9      0.49  0.499517
   0.9999       0.9      0.49   0.49995
        0         1      0.49      0.49
      0.2         1  0.481333  0.488136
      0.4         1  0.480667   0.48868
      0.6         1  0.474667  0.489312
      0.8         1     0.458  0.490242
      0.9         1  0.404667   0.49127
     0.95         1     0.466  0.492618
     0.99         1      0.49  0.496608
    0.999         1      0.49  0.499519
   0.9999         1      0.49   0.49995
        0         2      0.49      0.49
      0.2         2      0.48  0.489567
      0.4         2  0.480667  0.489769
      0.6         2  0.474667  0.490048
      0.8         2  0.455333  0.490618
      0.9         2       0.4  0.491463
     0.95         2  0.482667  0.492721
     0.99         2      0.49  0.496636
    0.999         2      0.49  0.499522
   0.9999         2      0.49   0.49995
        0         4      0.49      0.49
      0.2         4      0.48  0.489929
      0.4         4      0.48  0.490041
      0.6         4  0.474667  0.490231
      0.8         4  0.454667  0.490711
      0.9         4  0.398667  0.491511
     0.95         4  0.485333  0.492747
     0.99         4      0.49  0.496643
    0.999         4      0.49  0.499523
   0.9999         4      0.49   0.49995