         0       0.05   0.466667   0.466667
       0.2       0.05  0.0133333      0.034
       0.4       0.05  0.0133333      0.034
       0.6       0.05  0.0133333      0.034
       0.8       0.05  0.0133333  0.0336667
       0.9       0.05  0.0133333  0.0336667
      0.95       0.05  0.0133333  0.0336667
      0.99       0.05  0.0133333  0.0333333
     0.999       0.05  0.0133333  0.0333333
    0.9999       0.05  0.0133333  0.0333333
         0        0.1   0.466667   0.466667
       0.2        0.1  0.0106667  0.0103264
       0.4        0.1 0.00333333 0.00337418
       0.6        0.1 0.00333333 0.00334158
       0.8        0.1 0.00333333 0.00334206
       0.9        0.1 0.00333333 0.00334614
      0.95        0.1 0.00333333 0.00335357
      0.99        0.1 0.00333333 0.00340394
     0.999        0.1 0.00333333 0.00395036
    0.9999        0.1 0.00333333 0.00866738
         0       0.15   0.466667   0.466667
       0.2       0.15      0.014  0.0177432
       0.4       0.15      0.012  0.0131301
       0.6       0.15 0.00933333  0.0085344
       0.8       0.15 0.00333333 0.00524148
       0.9       0.15 0.00333333 0.00614239
      0.95       0.15 0.00333333 0.00807949
      0.99       0.15 0.00333333  0.0189361
     0.999       0.15  0.0486667  0.0411929
    0.9999       0.15  0.0486667  0.0479118
         0        0.2   0.466667   0.466667
       0.2        0.2      0.026  0.0306408
       0.4        0.2  0.0146667  0.0241633
       0.6        0.2      0.012  0.0197403
       0.8        0.2 0.00933333  0.0184865
       0.9        0.2 0.00333333  0.0215553
      0.95        0.2 0.00533333  0.0280566
      0.99        0.2  0.0466667  0.0418839
     0.999        0.2  0.0486667  0.0480903
    0.9999        0.2  0.0486667  0.0492776
         0        0.3   0.466667   0.466667
       0.2        0.3  0.0386667  0.0521543
       0.4        0.3      0.034  0.0480371
       0.6        0.3  0.0293333  0.0446391
       0.8        0.3       0.03  0.0444507
       0.9        0.3      0.038  0.0468162
      0.95        0.3  0.0466667  0.0492117
      0.99        0.3  0.0486667  0.0550425
     0.999        0.3  0.0486667  0.0707384
    0.9999        0.3  0.0653333  0.0985605
         0        0.4   0.466667   0.466667
       0.2        0.4  0.0613333  0.0841203
       0.4        0.4      0.044  0.0687244
       0.6        0.4  0.0413333  0.0630406
       0.8        0.4      0.056  0.0620175
       0.9        0.4      0.054  0.0623469
      0.95        0.4  0.0506667  0.0664626
      0.99        0.4  0.0546667  0.0848903
     0.999        0.4  0.0813333   0.120016
    0.9999        0.4      0.092   0.151759
         0        0.5   0.466667   0.466667
       0.2        0.5  0.0846667   0.106359
       0.4        0.5  0.0806667   0.095725
       0.6        0.5      0.072  0.0863839
       0.8        0.5      0.064  0.0838548
       0.9        0.5  0.0553333  0.0878529
      0.95        0.5  0.0453333  0.0951426
      0.99        0.5  0.0546667   0.125555
     0.999        0.5      0.096   0.189133
    0.9999        0.5   0.183333   0.286694
         0        0.6   0.466667   0.466667
       0.2        0.6   0.115333   0.123567
       0.4        0.6      0.102   0.118066
       0.6        0.6       0.09    0.11347
       0.8        0.6  0.0706667   0.113636
       0.9        0.6  0.0673333   0.122184
      0.95        0.6      0.064   0.135404
      0.99        0.6  0.0953333   0.181932
     0.999        0.6       0.16   0.285501
    0.9999        0.6      0.348   0.388763
         0        0.7   0.466667   0.466667
       0.2        0.7   0.120667   0.141047
       0.4        0.7   0.112667    0.13845
       0.6        0.7        0.1   0.139129
       0.8        0.7  0.0866667   0.146423
       0.9        0.7  0.0913333   0.161037
      0.95        0.7   0.101333   0.182113
      0.99        0.7   0.145333   0.249516
     0.999        0.7   0.254667   0.367596
    0.9999        0.7   0.336667   0.439858
         0        0.8   0.466667   0.466667
       0.2        0.8   0.127333   0.160147
       0.4        0.8   0.116667   0.160605
       0.6        0.8   0.111333   0.166014
       0.8        0.8   0.110667   0.182127
       0.9        0.8      0.116   0.205561
      0.95        0.8      0.124   0.235218
      0.99        0.8   0.192667   0.318522
     0.999        0.8   0.317333   0.422323
    0.9999        0.8   0.454667   0.462457
         0        0.9   0.466667   0.466667
       0.2        0.9   0.133333   0.182003
       0.4        0.9   0.125333   0.186327
       0.6        0.9   0.122667   0.196617
       0.8        0.9      0.128   0.221537
       0.9        0.9   0.134667   0.253384
      0.95        0.9      0.168   0.290001
      0.99        0.9   0.246667    0.37704
     0.999        0.9   0.352667   0.451185
    0.9999        0.9   0.454667   0.478152
         0          1   0.466667   0.466667
       0.2          1       0.14   0.207098
       0.4          1   0.136667   0.215466
       0.6          1   0.135333   0.230706
       0.8          1      0.136   0.263149
       0.9          1      0.164   0.300662
      0.95          1   0.203333   0.339789
      0.99          1      0.284   0.416352
     0.999          1   0.439333   0.469288
    0.9999          1        0.5    0.49138
         0          2   0.466667   0.466667
       0.2          2      0.246   0.404938
       0.4          2   0.250667   0.415489
       0.6          2   0.267333   0.428852
       0.8          2   0.314667    0.44826
       0.9          2      0.344   0.464084
      0.95          2      0.362   0.476643
      0.99          2   0.466667   0.493458
     0.999          2        0.5    0.49927
    0.9999          2        0.5   0.499926
         0          4   0.466667   0.466667
       0.2          4   0.385333   0.458891
       0.4          4      0.368   0.461597
       0.6          4      0.358   0.465182
       0.8          4   0.370667   0.471311
       0.9          4   0.406667   0.477942
      0.95          4   0.465333   0.484666
      0.99          4   0.466667   0.495481
     0.999          4   0.466667   0.499493
    0.9999          4        0.5   0.499949