        0      0.05  0.166667  0.466667
        0       0.1  0.166667  0.466667
        0      0.15  0.166667  0.466667
        0       0.2  0.166667  0.466667
        0      0.25  0.166667  0.466667
        0       0.3  0.166667  0.466667
        0      0.35  0.166667  0.466667
        0       0.4  0.166667  0.466667
        0      0.45  0.166667  0.466667
        0       0.5  0.166667  0.466667
        0      0.55  0.166667  0.466667
        0       0.6  0.166667  0.466667
        0      0.65  0.166667  0.466667
        0       0.7  0.166667  0.466667
        0      0.75  0.166667  0.466667
        0       0.8  0.166667  0.466667
        0      0.85  0.166667  0.466667
        0       0.9  0.166667  0.466667
        0      0.95  0.166667  0.466667
        0         2  0.166667  0.466667
        0         4  0.166667  0.466667
        0         8  0.166667  0.466667
        0        16  0.166667  0.466667
      0.1      0.05  0.166667  0.466667
      0.1       0.1     0.156  0.190662
      0.1      0.15     0.046 0.0445896
      0.1       0.2     0.048 0.0483583
      0.1      0.25     0.052 0.0514198
      0.1       0.3 0.0526667 0.0531735
      0.1      0.35     0.054 0.0545045
      0.1       0.4     0.056 0.0568244
      0.1      0.45 0.0573333 0.0598395
      0.1       0.5 0.0593333 0.0633736
      0.1      0.55 0.0633333 0.0678048
      0.1       0.6      0.07 0.0723744
      0.1      0.65     0.076  0.076467
      0.1       0.7 0.0813333 0.0800615
      0.1      0.75 0.0786667  0.083397
      0.1       0.8     0.082 0.0868701
      0.1      0.85 0.0833333 0.0905308
      0.1       0.9 0.0846667  0.094176
      0.1      0.95 0.0873333 0.0977857
      0.1         2  0.110667  0.229216
      0.1         4     0.186  0.420243
      0.1         8  0.234667   0.45822
      0.1        16  0.240667   0.46492
      0.2      0.05  0.166667  0.466667
      0.2       0.1     0.156  0.190657
      0.2      0.15     0.046 0.0448875
      0.2       0.2     0.048 0.0480147
      0.2      0.25     0.048 0.0495326
      0.2       0.3 0.0526667 0.0516164
      0.2      0.35 0.0526667 0.0530788
      0.2       0.4     0.054 0.0545298
      0.2      0.45     0.052 0.0566006
      0.2       0.5 0.0573333 0.0593183
      0.2      0.55 0.0586667 0.0625434
      0.2       0.6     0.058  0.066281
      0.2      0.65 0.0626667 0.0701603
      0.2       0.7 0.0686667 0.0736944
      0.2      0.75 0.0713333 0.0769373
      0.2       0.8 0.0753333 0.0801396
      0.2      0.85 0.0746667 0.0835198
      0.2       0.9 0.0786667 0.0871957
      0.2      0.95      0.08 0.0911326
      0.2         2     0.108  0.234198
      0.2         4     0.186  0.423393
      0.2         8     0.232  0.459138
      0.2        16  0.235333   0.46537
      0.3      0.05  0.166667  0.466667
      0.3       0.1     0.156  0.190651
      0.3      0.15 0.0466667 0.0450326
      0.3       0.2     0.048 0.0479751
      0.3      0.25     0.048 0.0487697
      0.3       0.3     0.048   0.05036
      0.3      0.35 0.0526667 0.0518504
      0.3       0.4 0.0526667 0.0531981
      0.3      0.45 0.0513333 0.0547774
      0.3       0.5 0.0526667 0.0568924
      0.3      0.55 0.0566667 0.0595689
      0.3       0.6     0.058 0.0626867
      0.3      0.65     0.058 0.0660684
      0.3       0.7 0.0606667 0.0694013
      0.3      0.75 0.0626667  0.072536
      0.3       0.8 0.0666667 0.0756079
      0.3      0.85     0.068  0.078834
      0.3       0.9     0.068 0.0823677
      0.3      0.95 0.0686667 0.0862716
      0.3         2  0.101333  0.240079
      0.3         4      0.18  0.426699
      0.3         8     0.228  0.460136
      0.3        16      0.23  0.465897
      0.4      0.05  0.166667  0.466667
      0.4       0.1     0.156  0.190644
      0.4      0.15 0.0466667 0.0452351
      0.4       0.2     0.048 0.0479762
      0.4      0.25 0.0486667 0.0485056
      0.4       0.3     0.048 0.0495699
      0.4      0.35 0.0473333 0.0507925
      0.4       0.4 0.0493333  0.052038
      0.4      0.45 0.0506667 0.0534191
      0.4       0.5 0.0506667 0.0551469
      0.4      0.55     0.052 0.0573735
      0.4       0.6 0.0533333  0.060063
      0.4      0.65     0.058 0.0630406
      0.4       0.7 0.0573333 0.0660801
      0.4      0.75 0.0586667 0.0690487
      0.4       0.8 0.0593333 0.0720097
      0.4      0.85 0.0633333   0.07514
      0.4       0.9 0.0626667 0.0786042
      0.4      0.95 0.0653333 0.0824919
      0.4         2 0.0966667  0.247047
      0.4         4  0.171333  0.430198
      0.4         8  0.217333  0.461248
      0.4        16     0.224  0.466538
      0.5      0.05  0.166667  0.466667
      0.5       0.1     0.156  0.190636
      0.5      0.15 0.0473333  0.045388
      0.5       0.2     0.048 0.0480251
      0.5      0.25     0.048 0.0483733
      0.5       0.3 0.0486667 0.0491152
      0.5      0.35     0.048 0.0500225
      0.5       0.4 0.0473333 0.0510395
      0.5      0.45 0.0466667 0.0522495
      0.5       0.5     0.048 0.0537346
      0.5      0.55 0.0493333 0.0556117
      0.5       0.6 0.0486667 0.0579253
      0.5      0.65 0.0506667 0.0605579
      0.5       0.7 0.0513333 0.0633192
      0.5      0.75     0.052 0.0661013
      0.5       0.8 0.0546667   0.06895
      0.5      0.85     0.056 0.0720157
      0.5       0.9 0.0553333 0.0754592
      0.5      0.95 0.0573333 0.0793849
      0.5         2 0.0913333  0.255382
      0.5         4  0.163333  0.433946
      0.5         8  0.206667  0.462534
      0.5        16     0.216   0.46735
      0.6      0.05  0.166667  0.466667
      0.6       0.1     0.156  0.190624
      0.6      0.15 0.0473333 0.0454044
      0.6       0.2 0.0486667 0.0480324
      0.6      0.25     0.048 0.0482568
      0.6       0.3     0.048 0.0487967
      0.6      0.35     0.048 0.0494653
      0.6       0.4     0.048 0.0502468
      0.6      0.45     0.046 0.0512476
      0.6       0.5     0.046 0.0525287
      0.6      0.55 0.0453333  0.054133
      0.6       0.6 0.0486667 0.0561085
      0.6      0.65 0.0473333 0.0584047
      0.6       0.7 0.0486667 0.0608877
      0.6      0.75 0.0486667 0.0634798
      0.6       0.8     0.048 0.0662269
      0.6      0.85      0.05  0.069265
      0.6       0.9 0.0506667 0.0727473
      0.6      0.95     0.052 0.0767843
      0.6         2     0.084  0.265508
      0.6         4  0.141333  0.438048
      0.6         8  0.186667    0.4641
      0.6        16     0.196  0.468444
      0.7      0.05  0.166667  0.466667
      0.7       0.1     0.156  0.190605
      0.7      0.15 0.0473333  0.045304
      0.7       0.2 0.0486667 0.0476961
      0.7      0.25     0.048 0.0478906
      0.7       0.3 0.0473333 0.0483195
      0.7      0.35 0.0473333 0.0488499
      0.7       0.4     0.048 0.0494855
      0.7      0.45 0.0473333 0.0503231
      0.7       0.5 0.0466667 0.0514301
      0.7      0.55 0.0466667 0.0528159
      0.7       0.6     0.046 0.0544956
      0.7      0.65     0.046 0.0564558
      0.7       0.7 0.0466667 0.0586396
      0.7      0.75 0.0466667 0.0610278
      0.7       0.8     0.046 0.0636884
      0.7      0.85 0.0453333 0.0667561
      0.7       0.9     0.048 0.0703773
      0.7      0.95 0.0493333 0.0746603
      0.7         2     0.072  0.278135
      0.7         4  0.119333  0.442715
      0.7         8  0.173333  0.466171
      0.7        16  0.183333  0.470046
      0.8      0.05  0.166667  0.466667
      0.8       0.1     0.156  0.190572
      0.8      0.15 0.0473333 0.0450875
      0.8       0.2     0.046 0.0467514
      0.8      0.25     0.046 0.0469816
      0.8       0.3     0.046 0.0473837
      0.8      0.35     0.046 0.0478459
      0.8       0.4     0.046 0.0484059
      0.8      0.45 0.0473333 0.0491593
      0.8       0.5 0.0466667 0.0501572
      0.8      0.55 0.0473333   0.05138
      0.8       0.6 0.0466667  0.052808
      0.8      0.65 0.0446667 0.0544474
      0.8       0.7 0.0446667  0.056328
      0.8      0.75 0.0446667 0.0585242
      0.8       0.8 0.0446667 0.0611631
      0.8      0.85     0.044 0.0644048
      0.8       0.9 0.0446667 0.0683967
      0.8      0.95 0.0453333 0.0732355
      0.8         2 0.0526667  0.294664
      0.8         4  0.116667  0.448474
      0.8         8      0.15  0.469306
      0.8        16  0.160667  0.472719
      0.9      0.05  0.166667  0.466667
      0.9       0.1     0.156  0.190493
      0.9      0.15 0.0453333 0.0447512
      0.9       0.2 0.0466667 0.0461022
      0.9      0.25 0.0466667 0.0462306
      0.9       0.3     0.044 0.0466469
      0.9      0.35     0.044 0.0470719
      0.9       0.4 0.0446667 0.0474629
      0.9      0.45 0.0446667  0.047887
      0.9       0.5 0.0446667 0.0484717
      0.9      0.55 0.0433333 0.0493052
      0.9       0.6 0.0426667  0.050392
      0.9      0.65 0.0406667 0.0517376
      0.9       0.7 0.0413333 0.0534373
      0.9      0.75 0.0413333 0.0556759
      0.9       0.8 0.0426667 0.0586908
      0.9      0.85 0.0433333 0.0627095
      0.9       0.9 0.0426667 0.0678845
      0.9      0.95      0.04 0.0742628
      0.9         2     0.046  0.319042
      0.9         4  0.145333  0.457151
      0.9         8  0.159333   0.47538
      0.9        16      0.16  0.478342
        1      0.05       0.2       0.5
        1       0.1       0.2       0.5
        1      0.15       0.2       0.5
        1       0.2       0.2       0.5
        1      0.25       0.2       0.5
        1       0.3       0.2       0.5
        1      0.35       0.2       0.5
        1       0.4       0.2       0.5
        1      0.45       0.2       0.5
        1       0.5       0.2       0.5
        1      0.55       0.2       0.5
        1       0.6       0.2       0.5
        1      0.65       0.2       0.5
        1       0.7       0.2       0.5
        1      0.75       0.2       0.5
        1       0.8       0.2       0.5
        1      0.85       0.2       0.5
        1       0.9       0.2       0.5
        1      0.95       0.2       0.5
        1         2       0.2       0.5
        1         4       0.2       0.5
        1         8       0.2       0.5
        1        16       0.2       0.5
     0.99      0.05  0.166667  0.466667
     0.99       0.1  0.155333  0.190141
     0.99      0.15 0.0433333 0.0431269
     0.99       0.2     0.044 0.0448369
     0.99      0.25     0.044  0.046698
     0.99       0.3 0.0493333 0.0478021
     0.99      0.35     0.048 0.0472711
     0.99       0.4 0.0466667 0.0468201
     0.99      0.45 0.0433333 0.0469863
     0.99       0.5 0.0406667 0.0471148
     0.99      0.55 0.0393333 0.0473546
     0.99       0.6 0.0393333  0.048265
     0.99      0.65 0.0393333 0.0503676
     0.99       0.7 0.0346667 0.0543734
     0.99      0.75     0.034 0.0606923
     0.99       0.8 0.0333333 0.0693605
     0.99      0.85 0.0293333 0.0800423
     0.99       0.9     0.026 0.0921841
     0.99      0.95 0.0233333  0.105274
     0.99         2  0.155333   0.37394
     0.99         4  0.166667  0.477531
     0.99         8  0.166667   0.49254
     0.99        16  0.166667  0.494951
    0.999      0.05  0.166667  0.466667
    0.999       0.1  0.155333  0.190017
    0.999      0.15 0.0433333 0.0423333
    0.999       0.2     0.046 0.0470889
    0.999      0.25 0.0506667 0.0492463
    0.999       0.3 0.0486667 0.0481768
    0.999      0.35 0.0473333 0.0482946
    0.999       0.4     0.046 0.0488067
    0.999      0.45 0.0446667 0.0483937
    0.999       0.5 0.0406667 0.0481802
    0.999      0.55 0.0386667 0.0500193
    0.999       0.6     0.034 0.0549573
    0.999      0.65 0.0326667 0.0637222
    0.999       0.7 0.0333333 0.0758419
    0.999      0.75     0.032 0.0894924
    0.999       0.8     0.026  0.102757
    0.999      0.85     0.024   0.11497
    0.999       0.9 0.0253333  0.126291
    0.999      0.95 0.0246667  0.137274
    0.999         2       0.2  0.394099
    0.999         4       0.2  0.482469
    0.999         8  0.166667  0.496593
    0.999        16  0.166667  0.498877