       0     0.05 0.493333 0.493333
     0.2     0.05 0.493333 0.493333
     0.4     0.05 0.493333 0.493333
     0.6     0.05 0.493333 0.493333
     0.8     0.05 0.493333 0.493333
     0.9     0.05 0.493333 0.493333
    0.95     0.05 0.493333 0.493333
    0.99     0.05 0.493333 0.493333
   0.999     0.05 0.493333 0.493333
  0.9999     0.05 0.493333 0.493333
       0      0.1 0.493333 0.493333
     0.2      0.1     0.44 0.436699
     0.4      0.1 0.442667 0.439753
     0.6      0.1 0.444667  0.44161
     0.8      0.1 0.441333  0.44313
     0.9      0.1 0.445333 0.444388
    0.95      0.1 0.449333 0.445013
    0.99      0.1     0.44 0.443238
   0.999      0.1 0.434667 0.440343
  0.9999      0.1 0.444667 0.446749
       0     0.15 0.493333 0.493333
     0.2     0.15    0.422  0.42983
     0.4     0.15 0.428667 0.433786
     0.6     0.15 0.433333 0.437602
     0.8     0.15 0.431333 0.441154
     0.9     0.15 0.433333 0.442982
    0.95     0.15 0.431333 0.444412
    0.99     0.15    0.442 0.449945
   0.999     0.15 0.457333 0.458184
  0.9999     0.15     0.45 0.465254
       0      0.2 0.493333 0.493333
     0.2      0.2    0.422 0.432935
     0.4      0.2    0.422 0.436015
     0.6      0.2 0.424667 0.439256
     0.8      0.2 0.416667 0.443823
     0.9      0.2 0.412667 0.448239
    0.95      0.2 0.422667 0.452869
    0.99      0.2 0.453333 0.462357
   0.999      0.2     0.45 0.470435
  0.9999      0.2 0.469333 0.477364
       0      0.3 0.493333 0.493333
     0.2      0.3     0.43 0.442329
     0.4      0.3 0.430667  0.44911
     0.6      0.3 0.423333  0.45697
     0.8      0.3 0.429333 0.467965
     0.9      0.3 0.436667 0.476601
    0.95      0.3    0.462 0.483026
    0.99      0.3 0.488667 0.491442
   0.999      0.3    0.494 0.496455
  0.9999      0.3    0.498 0.499043
       0      0.4 0.493333 0.493333
     0.2      0.4 0.411333 0.449797
     0.4      0.4 0.410667 0.458028
     0.6      0.4 0.408667 0.467232
     0.8      0.4    0.414  0.47849
     0.9      0.4    0.418 0.485608
    0.95      0.4 0.444667 0.489945
    0.99      0.4    0.488 0.495119
   0.999      0.4 0.493333 0.498832
  0.9999      0.4 0.498667 0.499853
       0      0.5 0.493333 0.493333
     0.2      0.5 0.404667  0.46016
     0.4      0.5    0.404  0.46716
     0.6      0.5    0.402 0.474879
     0.8      0.5 0.401333 0.483677
     0.9      0.5 0.399333 0.488767
    0.95      0.5      0.4 0.491808
    0.99      0.5 0.402667 0.496038
   0.999      0.5    0.472 0.499247
  0.9999      0.5 0.493333 0.499915
       0      0.6 0.493333 0.493333
     0.2      0.6 0.402667 0.468979
     0.4      0.6 0.398667 0.474415
     0.6      0.6 0.397333 0.480282
     0.8      0.6    0.398 0.486753
     0.9      0.6 0.393333 0.490444
    0.95      0.6      0.4 0.492749
    0.99      0.6 0.485333 0.496459
   0.999      0.6 0.493333 0.499384
  0.9999      0.6    0.494 0.499933
       0      0.7 0.493333 0.493333
     0.2      0.7 0.393333 0.475093
     0.4      0.7 0.391333 0.479307
     0.6      0.7 0.388667 0.483786
     0.8      0.7 0.389333 0.488656
     0.9      0.7 0.401333 0.491458
    0.95      0.7 0.411333 0.493307
    0.99      0.7 0.492667 0.496684
   0.999      0.7 0.493333 0.499444
  0.9999      0.7    0.494  0.49994
       0      0.8 0.493333 0.493333
     0.2      0.8     0.39 0.479261
     0.4      0.8 0.387333 0.482591
     0.6      0.8     0.39 0.486095
     0.8      0.8 0.385333 0.489884
     0.9      0.8 0.401333 0.492103
    0.95      0.8 0.422667 0.493657
    0.99      0.8 0.493333 0.496813
   0.999      0.8 0.493333 0.499475
  0.9999      0.8    0.494 0.499944
       0      0.9 0.493333 0.493333
     0.2      0.9    0.388 0.482179
     0.4      0.9    0.388 0.484866
     0.6      0.9 0.389333 0.487676
     0.8      0.9    0.384 0.490712
     0.9      0.9 0.395333 0.492534
    0.95      0.9 0.430667 0.493889
    0.99      0.9 0.493333 0.496894
   0.999      0.9 0.493333 0.499493
  0.9999      0.9    0.494 0.499946
       0        1 0.493333 0.493333
     0.2        1     0.39 0.484287
     0.4        1 0.384667 0.486496
     0.6        1    0.388 0.488799
     0.8        1 0.386667 0.491296
     0.9        1 0.397333 0.492836
    0.95        1 0.433333 0.494049
    0.99        1 0.493333 0.496947
   0.999        1 0.493333 0.499504
  0.9999        1 0.493333 0.499947
       0        2 0.493333 0.493333
     0.2        2 0.391333 0.491086
     0.4        2    0.394 0.491684
     0.6        2 0.392667 0.492321
     0.8        2 0.388667 0.493096
     0.9        2 0.402667 0.493757
    0.95        2    0.456 0.494532
    0.99        2 0.493333  0.49709
   0.999        2 0.493333 0.499529
  0.9999        2 0.493333  0.49995
       0        4 0.493333 0.493333
     0.2        4    0.392 0.492788
     0.4        4    0.392 0.492966
     0.6        4 0.389333  0.49318
     0.8        4    0.392 0.493528
     0.9        4 0.404667 0.493976
    0.95        4    0.458 0.494645
    0.99        4 0.493333 0.497119
   0.999        4 0.493333 0.499534
  0.9999        4 0.493333  0.49995