       0     0.05 0.473333 0.493333
     0.2     0.05 0.239333 0.246952
     0.4     0.05    0.238 0.252053
     0.6     0.05 0.235333 0.262183
     0.8     0.05    0.234  0.28774
     0.9     0.05 0.228667  0.32397
    0.95     0.05 0.223333 0.367022
    0.99     0.05 0.254667 0.450762
   0.999     0.05 0.428667 0.492131
  0.9999     0.05     0.48 0.497938
       0      0.1 0.473333 0.493333
     0.2      0.1    0.222 0.284634
     0.4      0.1    0.226 0.301271
     0.6      0.1 0.221333 0.326951
     0.8      0.1    0.232 0.372882
     0.9      0.1 0.244667 0.414219
    0.95      0.1      0.3 0.445685
    0.99      0.1    0.396 0.483133
   0.999      0.1 0.477333 0.496032
  0.9999      0.1     0.48 0.497626
       0     0.15 0.473333 0.493333
     0.2     0.15 0.201333 0.337385
     0.4     0.15 0.210667 0.357574
     0.6     0.15    0.222 0.384804
     0.8     0.15     0.24 0.424384
     0.9     0.15 0.334667 0.452636
    0.95     0.15 0.370667 0.470714
    0.99     0.15 0.473333 0.489812
   0.999     0.15     0.48 0.496599
  0.9999     0.15     0.48 0.497501
       0      0.2 0.473333 0.493333
     0.2      0.2 0.199333 0.383202
     0.4      0.2    0.202 0.401476
     0.6      0.2     0.22 0.423907
     0.8      0.2 0.300667 0.452488
     0.9      0.2 0.359333 0.470384
    0.95      0.2 0.423333 0.480986
    0.99      0.2 0.473333 0.492209
   0.999      0.2     0.48 0.496853
  0.9999      0.2     0.48 0.497528
       0      0.3 0.473333 0.493333
     0.2      0.3 0.255333 0.443655
     0.4      0.3 0.267333 0.453991
     0.6      0.3 0.281333 0.465238
     0.8      0.3 0.372667 0.477695
     0.9      0.3    0.456 0.484721
    0.95      0.3 0.473333 0.488841
    0.99      0.3 0.473333 0.494162
   0.999      0.3     0.48 0.497337
  0.9999      0.3     0.48 0.497855
       0      0.4 0.473333 0.493333
     0.2      0.4 0.301333 0.471668
     0.4      0.4    0.306 0.476388
     0.6      0.4 0.326667 0.481308
     0.8      0.4     0.45 0.486584
     0.9      0.4 0.473333 0.489603
    0.95      0.4 0.473333 0.491584
    0.99      0.4 0.473333 0.495113
   0.999      0.4 0.476667 0.497841
  0.9999      0.4     0.48 0.498307
       0      0.5 0.473333 0.493333
     0.2      0.5 0.328667  0.48317
     0.4      0.5 0.328667  0.48533
     0.6      0.5 0.374667 0.487577
     0.8      0.5 0.471333 0.490033
     0.9      0.5 0.473333 0.491568
    0.95      0.5 0.473333 0.492783
    0.99      0.5 0.473333  0.49569
   0.999      0.5 0.473333 0.498254
  0.9999      0.5     0.48 0.498697
       0      0.6 0.473333 0.493333
     0.2      0.6     0.34 0.488061
     0.4      0.6 0.340667 0.489127
     0.6      0.6 0.420667 0.490255
     0.8      0.6 0.473333 0.491553
     0.9      0.6 0.473333 0.492489
    0.95      0.6 0.473333   0.4934
    0.99      0.6 0.473333 0.496063
   0.999      0.6 0.473333 0.498556
  0.9999      0.6     0.48 0.498988
       0      0.7 0.473333 0.493333
     0.2      0.7     0.35 0.490338
     0.4      0.7 0.357333  0.49091
     0.6      0.7    0.442 0.491534
     0.8      0.7 0.473333 0.492312
     0.9      0.7 0.473333  0.49298
    0.95      0.7 0.473333 0.493756
    0.99      0.7 0.473333 0.496313
   0.999      0.7 0.473333 0.498772
  0.9999      0.7     0.48 0.499199
       0      0.8 0.473333 0.493333
     0.2      0.8 0.356667   0.4915
     0.4      0.8 0.365333 0.491831
     0.6      0.8 0.447333 0.492209
     0.8      0.8 0.473333 0.492732
     0.9      0.8 0.473333  0.49327
    0.95      0.8 0.473333 0.493982
    0.99      0.8 0.473333 0.496487
   0.999      0.8 0.473333 0.498928
  0.9999      0.8     0.48 0.499351
       0      0.9 0.473333 0.493333
     0.2      0.9 0.362667 0.492142
     0.4      0.9 0.376667 0.492348
     0.6      0.9 0.452667 0.492596
     0.8      0.9 0.473333 0.492986
     0.9      0.9 0.473333 0.493455
    0.95      0.9 0.473333 0.494133
    0.99      0.9 0.473333 0.496612
   0.999      0.9 0.473333 0.499042
  0.9999      0.9     0.48 0.499464
       0        1 0.473333 0.493333
     0.2        1    0.366 0.492521
     0.4        1    0.382 0.492657
     0.6        1 0.455333 0.492833
     0.8        1 0.473333 0.493149
     0.9        1 0.473333 0.493581
    0.95        1 0.473333  0.49424
    0.99        1 0.473333 0.496704
   0.999        1 0.473333 0.499128
  0.9999        1     0.48 0.499548
       0        2 0.473333 0.493333
     0.2        2 0.380667 0.493268
     0.4        2    0.402 0.493299
     0.6        2 0.466667 0.493366
     0.8        2 0.473333 0.493568
     0.9        2 0.473333 0.493942
    0.95        2 0.473333 0.494573
    0.99        2 0.473333 0.497017
   0.999        2 0.473333 0.499427
  0.9999        2 0.473333 0.499843
       0        4 0.473333 0.493333
     0.2        4    0.382 0.493341
     0.4        4 0.407333 0.493375
     0.6        4 0.466667 0.493443
     0.8        4 0.473333 0.493647
     0.9        4 0.473333 0.494022
    0.95        4 0.473333 0.494655
    0.99        4 0.473333   0.4971
   0.999        4 0.473333 0.499507
  0.9999        4 0.473333 0.499923