       0     0.05 0.493333 0.493333
       0      0.1 0.493333 0.493333
       0     0.15 0.493333 0.493333
       0      0.2 0.493333 0.493333
       0      0.3 0.493333 0.493333
       0      0.4 0.493333 0.493333
       0      0.5 0.493333 0.493333
       0      0.6 0.493333 0.493333
       0      0.7 0.493333 0.493333
       0      0.8 0.493333 0.493333
       0      0.9 0.493333 0.493333
       0        1 0.493333 0.493333
       0        2 0.493333 0.493333
       0        4 0.493333 0.493333
     0.2     0.05 0.228667 0.299333
     0.2      0.1    0.242 0.242924
     0.2     0.15    0.228 0.225886
     0.2      0.2 0.219333 0.223858
     0.2      0.3    0.236 0.237706
     0.2      0.4 0.275333 0.264243
     0.2      0.5 0.290667 0.271219
     0.2      0.6 0.288667 0.275142
     0.2      0.7    0.292  0.28093
     0.2      0.8 0.296667 0.288441
     0.2      0.9 0.301333 0.298976
     0.2        1 0.303333 0.312078
     0.2        2 0.348667 0.441851
     0.2        4     0.45 0.488973
     0.4     0.05    0.228 0.300333
     0.4      0.1 0.250667 0.250831
     0.4     0.15 0.243333 0.238388
     0.4      0.2    0.228 0.223486
     0.4      0.3 0.222667 0.226402
     0.4      0.4     0.25 0.239517
     0.4      0.5 0.275333 0.253534
     0.4      0.6 0.288667   0.2675
     0.4      0.7 0.295333 0.276737
     0.4      0.8      0.3  0.28658
     0.4      0.9    0.298 0.299468
     0.4        1 0.299333 0.315706
     0.4        2    0.372 0.450552
     0.4        4    0.482 0.490111
     0.6     0.05 0.227333 0.300333
     0.6      0.1 0.249333  0.24847
     0.6     0.15 0.246667 0.247556
     0.6      0.2    0.242 0.235587
     0.6      0.3 0.225333 0.221683
     0.6      0.4    0.228 0.221055
     0.6      0.5 0.250667 0.236015
     0.6      0.6    0.276  0.25486
     0.6      0.7 0.285333 0.271998
     0.6      0.8     0.29 0.286496
     0.6      0.9 0.296667 0.303609
     0.6        1    0.302 0.323751
     0.6        2 0.381333 0.461064
     0.6        4 0.476667 0.491286
     0.8     0.05 0.227333 0.299667
     0.8      0.1     0.25 0.249399
     0.8     0.15 0.245333  0.24855
     0.8      0.2 0.248667 0.248472
     0.8      0.3 0.241333 0.232338
     0.8      0.4 0.232667 0.215431
     0.8      0.5     0.22 0.223646
     0.8      0.6 0.239333 0.242092
     0.8      0.7 0.271333 0.265374
     0.8      0.8    0.284 0.290346
     0.8      0.9 0.292667 0.315709
     0.8        1 0.300667 0.342117
     0.8        2 0.410667 0.474566
     0.8        4 0.461333 0.492592
     0.9     0.05 0.227333 0.299667
     0.9      0.1 0.250667 0.250934
     0.9     0.15 0.253333 0.251393
     0.9      0.2 0.253333 0.250167
     0.9      0.3 0.248667 0.242601
     0.9      0.4 0.239333 0.224938
     0.9      0.5 0.233333 0.224765
     0.9      0.6 0.210667 0.238652
     0.9      0.7 0.242667 0.265494
     0.9      0.8 0.272667 0.300068
     0.9      0.9 0.284667 0.333249
     0.9        1 0.301333 0.364168
     0.9        2 0.452667 0.483381
     0.9        4 0.490667 0.493519
    0.95     0.05 0.227333 0.299667
    0.95      0.1 0.253333 0.252002
    0.95     0.15 0.254667 0.253581
    0.95      0.2    0.254 0.252812
    0.95      0.3 0.259333 0.243588
    0.95      0.4 0.242667 0.232928
    0.95      0.5 0.229333 0.230162
    0.95      0.6 0.213333 0.240499
    0.95      0.7 0.220667 0.272509
    0.95      0.8 0.266667 0.315999
    0.95      0.9 0.289333 0.354737
    0.95        1 0.315333 0.387265
    0.95        2 0.473333 0.488932
    0.95        4 0.493333 0.494431
    0.99     0.05 0.227333    0.299
    0.99      0.1 0.255333 0.254151
    0.99     0.15    0.254 0.254107
    0.99      0.2    0.254 0.253038
    0.99      0.3 0.250667 0.253545
    0.99      0.4 0.268667 0.252315
    0.99      0.5 0.220667 0.244604
    0.99      0.6 0.218667 0.263418
    0.99      0.7 0.193333 0.315882
    0.99      0.8 0.272667 0.368305
    0.99      0.9 0.366667 0.406025
    0.99        1 0.436667 0.432597
    0.99        2 0.487333 0.495759
    0.99        4 0.493333 0.497101
   0.999     0.05 0.227333 0.298972
   0.999      0.1 0.255333 0.255232
   0.999     0.15 0.254667 0.254634
   0.999      0.2 0.256667  0.25594
   0.999      0.3    0.268 0.266013
   0.999      0.4 0.255333 0.262928
   0.999      0.5     0.23 0.277704
   0.999      0.6 0.243333 0.344021
   0.999      0.7    0.416 0.397103
   0.999      0.8    0.458 0.431156
   0.999      0.9 0.459333 0.453355
   0.999        1 0.447333 0.469509
   0.999        2 0.493333 0.499359
   0.999        4 0.493333 0.499536
  0.9999     0.05 0.226667 0.297121
  0.9999      0.1    0.254 0.254066
  0.9999     0.15 0.256667 0.258744
  0.9999      0.2    0.274 0.270836
  0.9999      0.3 0.271333 0.268696
  0.9999      0.4 0.230667 0.271213
  0.9999      0.5 0.233333 0.350773
  0.9999      0.6 0.415333 0.413859
  0.9999      0.7     0.46 0.442822
  0.9999      0.8     0.46 0.461259
  0.9999      0.9    0.324 0.476365
  0.9999        1 0.444667 0.490769
  0.9999        2      0.5 0.499932
  0.9999        4      0.5 0.499951