        0      0.05      0.78  0.777778
        0       0.1      0.78  0.777778
        0      0.15      0.78  0.777778
        0       0.2      0.78  0.777778
        0       0.3      0.78  0.777778
        0       0.4      0.78  0.777778
        0       0.5      0.78  0.777778
        0       0.6      0.78  0.777778
        0       0.7      0.78  0.777778
        0       0.8      0.78  0.777778
        0       0.9      0.78  0.777778
        0         1      0.78  0.777778
        0         2      0.78  0.777778
        0         4      0.78  0.777778
      0.2      0.05     0.098  0.132213
      0.2       0.1 0.0913333 0.0898629
      0.2      0.15       0.1 0.0977911
      0.2       0.2     0.106    0.1062
      0.2       0.3  0.132667  0.131872
      0.2       0.4  0.151333  0.151858
      0.2       0.5  0.165333  0.170707
      0.2       0.6     0.182  0.187939
      0.2       0.7  0.189333   0.20638
      0.2       0.8  0.191333  0.231235
      0.2       0.9  0.195333   0.26669
      0.2         1  0.195333  0.313296
      0.2         2  0.329333  0.699752
      0.2         4  0.700667  0.769615
      0.4      0.05 0.0966667  0.130099
      0.4       0.1     0.088 0.0886303
      0.4      0.15 0.0913333 0.0917552
      0.4       0.2       0.1  0.100642
      0.4       0.3     0.112  0.113318
      0.4       0.4  0.139333  0.134864
      0.4       0.5  0.148667  0.151406
      0.4       0.6      0.16   0.17076
      0.4       0.7     0.172   0.19395
      0.4       0.8  0.179333  0.226119
      0.4       0.9  0.182667  0.270658
      0.4         1  0.188667  0.327237
      0.4         2  0.348667  0.716681
      0.4         4  0.738667  0.773223
      0.6      0.05 0.0966667  0.129693
      0.6       0.1 0.0866667 0.0872349
      0.6      0.15      0.09 0.0906036
      0.6       0.2 0.0926667 0.0938485
      0.6       0.3  0.106667  0.106091
      0.6       0.4     0.114  0.118069
      0.6       0.5     0.136  0.135268
      0.6       0.6  0.145333    0.1552
      0.6       0.7     0.152  0.183932
      0.6       0.8     0.162  0.225765
      0.6       0.9  0.170667   0.28388
      0.6         1  0.183333  0.354781
      0.6         2     0.392  0.736781
      0.6         4  0.776667  0.778118
      0.8      0.05 0.0953333  0.128963
      0.8       0.1 0.0866667 0.0858642
      0.8      0.15 0.0893333 0.0878522
      0.8       0.2 0.0926667 0.0903616
      0.8       0.3  0.102667   0.10097
      0.8       0.4     0.106  0.106983
      0.8       0.5  0.108667  0.120637
      0.8       0.6     0.128  0.143318
      0.8       0.7  0.137333  0.180586
      0.8       0.8  0.151333  0.241338
      0.8       0.9  0.158667  0.325056
      0.8         1  0.193333  0.418865
      0.8         2  0.450667  0.763495
      0.8         4      0.78  0.787014
      0.9      0.05 0.0953333  0.128213
      0.9       0.1 0.0846667 0.0855772
      0.9      0.15 0.0866667 0.0868962
      0.9       0.2 0.0866667 0.0885527
      0.9       0.3 0.0933333 0.0944665
      0.9       0.4  0.104667  0.102786
      0.9       0.5  0.104667  0.115438
      0.9       0.6  0.113333   0.14325
      0.9       0.7  0.134667  0.191707
      0.9       0.8  0.141333  0.275918
      0.9       0.9  0.173333  0.386739
      0.9         1  0.218667  0.496509
      0.9         2     0.544  0.784029
      0.9         4      0.78  0.797278
     0.95      0.05 0.0946667   0.12828
     0.95       0.1 0.0853333 0.0855285
     0.95      0.15 0.0866667 0.0864221
     0.95       0.2     0.084 0.0875813
     0.95       0.3      0.09 0.0914522
     0.95       0.4       0.1  0.100601
     0.95       0.5     0.104  0.116387
     0.95       0.6  0.110667  0.150889
     0.95       0.7     0.126  0.214787
     0.95       0.8     0.152  0.328457
     0.95       0.9     0.204  0.462724
     0.95         1     0.242  0.576208
     0.95         2  0.632667  0.800462
     0.95         4      0.78   0.80806
     0.99      0.05     0.096  0.129334
     0.99       0.1     0.086 0.0854651
     0.99      0.15 0.0846667 0.0853021
     0.99       0.2     0.088 0.0890058
     0.99       0.3 0.0886667 0.0911831
     0.99       0.4     0.098  0.102036
     0.99       0.5  0.101333  0.133823
     0.99       0.6  0.122667   0.18917
     0.99       0.7  0.149333  0.316917
     0.99       0.8  0.219333  0.499339
     0.99       0.9     0.258  0.638623
     0.99         1  0.402667  0.719935
     0.99         2     0.776  0.823677
     0.99         4      0.78   0.82581
    0.999      0.05 0.0946667  0.128212
    0.999       0.1 0.0866667 0.0858409
    0.999      0.15      0.09 0.0884796
    0.999       0.2      0.09 0.0906255
    0.999       0.3 0.0853333 0.0897896
    0.999       0.4  0.123333  0.122567
    0.999       0.5  0.130667  0.176416
    0.999       0.6     0.168  0.304327
    0.999       0.7  0.234667  0.553373
    0.999       0.8  0.395333  0.709776
    0.999       0.9  0.691333  0.778808
    0.999         1  0.735333  0.810002
    0.999         2  0.812667  0.832227
    0.999         4  0.833333  0.832487
   0.9999      0.05     0.094  0.127005
   0.9999       0.1 0.0853333 0.0842436
   0.9999      0.15      0.09 0.0901798
   0.9999       0.2      0.09 0.0909865
   0.9999       0.3 0.0853333  0.101441
   0.9999       0.4     0.112  0.146619
   0.9999       0.5  0.148667   0.22136
   0.9999       0.6  0.241333  0.519807
   0.9999       0.7  0.656667  0.731997
   0.9999       0.8  0.732667  0.801075
   0.9999       0.9  0.794667  0.824144
   0.9999         1  0.818667  0.830439
   0.9999         2  0.833333  0.833221
   0.9999         4  0.833333  0.833248