       0     0.05   0.4625   0.4625
       0      0.1   0.4625   0.4625
       0     0.15   0.4625   0.4625
       0      0.2   0.4625   0.4625
       0      0.3   0.4625   0.4625
       0      0.4   0.4625   0.4625
       0      0.5   0.4625   0.4625
       0      0.6   0.4625   0.4625
       0      0.7   0.4625   0.4625
       0      0.8   0.4625   0.4625
       0      0.9   0.4625   0.4625
       0        1   0.4625   0.4625
       0        2   0.4625   0.4625
       0        4   0.4625   0.4625
     0.2     0.05    0.475  0.47124
     0.2      0.1   0.4475 0.459124
     0.2     0.15    0.465 0.466348
     0.2      0.2     0.47 0.473173
     0.2      0.3   0.4875 0.483637
     0.2      0.4   0.4925  0.47424
     0.2      0.5   0.4775 0.463876
     0.2      0.6   0.4875    0.458
     0.2      0.7   0.4575 0.455457
     0.2      0.8   0.4475 0.455209
     0.2      0.9    0.435 0.456008
     0.2        1   0.4275 0.457099
     0.2        2     0.45 0.462433
     0.2        4    0.465 0.463134
     0.4     0.05     0.47 0.468707
     0.4      0.1   0.4625 0.463652
     0.4     0.15   0.4475 0.463103
     0.4      0.2     0.47 0.471221
     0.4      0.3    0.485 0.481165
     0.4      0.4     0.49 0.473776
     0.4      0.5     0.47 0.464254
     0.4      0.6     0.48 0.459104
     0.4      0.7    0.455 0.457369
     0.4      0.8   0.4375 0.457497
     0.4      0.9     0.44 0.458387
     0.4        1    0.435 0.459426
     0.4        2     0.45 0.463717
     0.4        4   0.4675 0.464239
     0.6     0.05     0.47 0.466781
     0.6      0.1    0.475 0.465738
     0.6     0.15   0.4525 0.463887
     0.6      0.2   0.4525 0.470027
     0.6      0.3     0.47 0.478783
     0.6      0.4   0.4975 0.472635
     0.6      0.5     0.48 0.464835
     0.6      0.6     0.47 0.460968
     0.6      0.7   0.4525 0.460129
     0.6      0.8     0.44 0.460645
     0.6      0.9   0.4325  0.46159
     0.6        1    0.445 0.462537
     0.6        2   0.4675 0.465845
     0.6        4   0.4675 0.466245
     0.8     0.05     0.47 0.465017
     0.8      0.1   0.4675 0.465729
     0.8     0.15     0.47 0.463628
     0.8      0.2    0.455 0.470458
     0.8      0.3   0.4675 0.476513
     0.8      0.4    0.485 0.472245
     0.8      0.5     0.47 0.467342
     0.8      0.6   0.4625 0.465476
     0.8      0.7     0.45 0.465601
     0.8      0.8   0.4475 0.466437
     0.8      0.9   0.4325 0.467375
     0.8        1    0.445 0.468188
     0.8        2   0.4825 0.470701
     0.8        4    0.465  0.47109
     0.9     0.05   0.4675 0.464508
     0.9      0.1    0.475 0.465036
     0.9     0.15   0.4475 0.462928
     0.9      0.2   0.4625 0.471917
     0.9      0.3   0.4675 0.475424
     0.9      0.4   0.4875 0.474067
     0.9      0.5   0.4625 0.471817
     0.9      0.6   0.4625 0.471393
     0.9      0.7     0.46 0.472078
     0.9      0.8     0.46 0.473071
     0.9      0.9     0.45 0.473996
     0.9        1     0.46 0.474741
     0.9        2   0.4725 0.477077
     0.9        4   0.4675 0.477532
    0.95     0.05   0.4625 0.464753
    0.95      0.1     0.46 0.463794
    0.95     0.15    0.455  0.46491
    0.95      0.2   0.4725  0.47285
    0.95      0.3     0.46 0.476137
    0.95      0.4     0.45 0.477762
    0.95      0.5   0.4675 0.477609
    0.95      0.6     0.46 0.478141
    0.95      0.7   0.4625 0.479163
    0.95      0.8   0.4325 0.480219
    0.95      0.9     0.43 0.481103
    0.95        1   0.4475 0.481789
    0.95        2    0.495 0.483996
    0.95        4   0.5025 0.484455
    0.99     0.05   0.4625 0.465167
    0.99      0.1   0.4575 0.459902
    0.99     0.15     0.49 0.476949
    0.99      0.2     0.46 0.472515
    0.99      0.3   0.4875 0.484158
    0.99      0.4     0.47 0.489001
    0.99      0.5   0.4575 0.490726
    0.99      0.6   0.4575  0.49184
    0.99      0.7   0.4575 0.492709
    0.99      0.8   0.4575 0.493365
    0.99      0.9   0.4575 0.493847
    0.99        1   0.4575 0.494201
    0.99        2   0.4625 0.495299
    0.99        4     0.46 0.495513
   0.999     0.05     0.46 0.466164
   0.999      0.1   0.4775 0.470528
   0.999     0.15    0.475 0.477235
   0.999      0.2   0.4525 0.479161
   0.999      0.3      0.5 0.495727
   0.999      0.4      0.5 0.498053
   0.999      0.5   0.4975  0.49867
   0.999      0.6   0.4975 0.498939
   0.999      0.7   0.4925 0.499097
   0.999      0.8     0.49 0.499201
   0.999      0.9     0.47 0.499273
   0.999        1   0.4625 0.499323
   0.999        2   0.4625 0.499474
   0.999        4   0.4625 0.499502
  0.9999     0.05   0.4625 0.466603
  0.9999      0.1   0.4975 0.491528
  0.9999     0.15     0.47 0.476352
  0.9999      0.2   0.4925 0.492001
  0.9999      0.3      0.5 0.499388
  0.9999      0.4      0.5 0.499783
  0.9999      0.5      0.5  0.49986
  0.9999      0.6      0.5  0.49989
  0.9999      0.7      0.5 0.499907
  0.9999      0.8      0.5 0.499918
  0.9999      0.9      0.5 0.499926
  0.9999        1      0.5 0.499931
  0.9999        2      0.5 0.499947
  0.9999        4   0.4625  0.49995