        0      0.05  0.166667  0.466667
      0.2      0.05  0.166667  0.328667
      0.4      0.05  0.166667  0.328667
      0.6      0.05  0.166667  0.328667
      0.8      0.05  0.166667  0.328667
      0.9      0.05  0.166667  0.328667
     0.95      0.05  0.166667  0.328667
     0.99      0.05  0.166667  0.328667
    0.999      0.05  0.166667  0.328667
   0.9999      0.05  0.166667  0.328667
        0       0.1  0.166667  0.466667
      0.2       0.1      0.07 0.0713843
      0.4       0.1     0.072 0.0724651
      0.6       0.1     0.074 0.0728849
      0.8       0.1 0.0733333 0.0725121
      0.9       0.1     0.072 0.0719774
     0.95       0.1     0.072 0.0713767
     0.99       0.1     0.072 0.0703015
    0.999       0.1      0.07 0.0689292
   0.9999       0.1 0.0673333 0.0674547
        0      0.15  0.166667  0.466667
      0.2      0.15 0.0733333 0.0728954
      0.4      0.15 0.0733333 0.0722138
      0.6      0.15     0.074 0.0724055
      0.8      0.15 0.0726667 0.0718024
      0.9      0.15      0.07 0.0702611
     0.95      0.15 0.0693333 0.0688423
     0.99      0.15 0.0666667 0.0665944
    0.999      0.15     0.062 0.0635102
   0.9999      0.15      0.06    0.0607
        0       0.2  0.166667  0.466667
      0.2       0.2     0.074 0.0763157
      0.4       0.2 0.0733333 0.0744522
      0.6       0.2     0.074  0.073176
      0.8       0.2     0.074 0.0715886
      0.9       0.2 0.0693333 0.0689343
     0.95       0.2     0.066  0.066708
     0.99       0.2     0.062 0.0628165
    0.999       0.2 0.0573333 0.0574129
   0.9999       0.2     0.048 0.0510915
        0       0.3  0.166667  0.466667
      0.2       0.3 0.0833333 0.0865782
      0.4       0.3     0.076 0.0813357
      0.6       0.3 0.0786667 0.0778488
      0.8       0.3 0.0693333 0.0733628
      0.9       0.3 0.0613333 0.0689231
     0.95       0.3      0.06 0.0646437
     0.99       0.3 0.0493333 0.0566232
    0.999       0.3 0.0406667 0.0548439
   0.9999       0.3     0.038 0.0623045
        0       0.4  0.166667  0.466667
      0.2       0.4 0.0886667  0.097186
      0.4       0.4 0.0813333 0.0921447
      0.6       0.4 0.0753333 0.0871057
      0.8       0.4      0.07 0.0806997
      0.9       0.4 0.0626667 0.0754522
     0.95       0.4      0.05 0.0716205
     0.99       0.4 0.0406667 0.0715564
    0.999       0.4      0.03 0.0839338
   0.9999       0.4      0.03 0.0893449
        0       0.5  0.166667  0.466667
      0.2       0.5 0.0933333  0.111489
      0.4       0.5 0.0873333  0.104815
      0.6       0.5     0.076 0.0998892
      0.8       0.5     0.064 0.0954633
      0.9       0.5 0.0533333 0.0940408
     0.95       0.5     0.044 0.0952132
     0.99       0.5 0.0293333  0.105069
    0.999       0.5      0.03  0.113693
   0.9999       0.5 0.0846667  0.131918
        0       0.6  0.166667  0.466667
      0.2       0.6       0.1  0.131185
      0.4       0.6 0.0853333  0.125236
      0.6       0.6 0.0746667  0.121896
      0.8       0.6 0.0586667  0.121882
      0.9       0.6 0.0466667  0.125799
     0.95       0.6      0.04  0.132002
     0.99       0.6     0.028  0.146051
    0.999       0.6 0.0593333  0.160492
   0.9999       0.6     0.186  0.211248
        0       0.7  0.166667  0.466667
      0.2       0.7      0.11  0.154468
      0.4       0.7 0.0933333  0.151756
      0.6       0.7 0.0746667  0.152118
      0.8       0.7     0.054  0.157896
      0.9       0.7 0.0453333  0.166722
     0.95       0.7 0.0346667  0.176086
     0.99       0.7     0.034  0.192336
    0.999       0.7  0.159333  0.230507
   0.9999       0.7  0.199333  0.266857
        0       0.8  0.166667  0.466667
      0.2       0.8  0.112667  0.181127
      0.4       0.8       0.1  0.182412
      0.6       0.8 0.0813333  0.187113
      0.8       0.8 0.0553333  0.198556
      0.9       0.8     0.042  0.211009
     0.95       0.8 0.0326667  0.222302
     0.99       0.8     0.062  0.246784
    0.999       0.8  0.191333  0.289715
   0.9999       0.8       0.2  0.306274
        0       0.9  0.166667  0.466667
      0.2       0.9      0.12  0.210404
      0.4       0.9  0.103333  0.215404
      0.6       0.9 0.0786667  0.224033
      0.8       0.9 0.0506667  0.240009
      0.9       0.9 0.0353333  0.255084
     0.95       0.9 0.0386667  0.268653
     0.99       0.9      0.13  0.299999
    0.999       0.9     0.198  0.332417
   0.9999       0.9       0.2  0.340075
        0         1  0.166667  0.466667
      0.2         1      0.12  0.240902
      0.4         1     0.104  0.248803
      0.6         1     0.074  0.260407
      0.8         1     0.046  0.279496
      0.9         1      0.04   0.29647
     0.95         1 0.0573333  0.311808
     0.99         1  0.163333  0.343113
    0.999         1  0.199333  0.365449
   0.9999         1       0.2  0.369526
        0         2  0.166667  0.466667
      0.2         2     0.164  0.420405
      0.4         2  0.131333  0.427052
      0.6         2 0.0906667  0.434843
      0.8         2 0.0973333  0.445362
      0.9         2     0.162  0.454153
     0.95         2  0.166667  0.462032
     0.99         2  0.166667  0.474707
    0.999         2       0.2  0.479802
   0.9999         2       0.2  0.480404
        0         4  0.166667  0.466667
      0.2         4  0.194667  0.460167
      0.4         4      0.17   0.46212
      0.6         4  0.138667  0.464808
      0.8         4  0.119333  0.469839
      0.9         4     0.164  0.475816
     0.95         4  0.166667  0.482209
     0.99         4  0.166667  0.492897
    0.999         4  0.166667   0.49696
   0.9999         4       0.2  0.497424