       0     0.05    0.498 0.493333
     0.2     0.05 0.521333 0.514662
     0.4     0.05 0.520667 0.513187
     0.6     0.05 0.519333 0.511309
     0.8     0.05    0.522 0.508689
     0.9     0.05    0.518 0.506689
    0.95     0.05 0.517333 0.504885
    0.99     0.05    0.514  0.50126
   0.999     0.05 0.516667  0.50002
  0.9999     0.05    0.494 0.499955
       0      0.1    0.498 0.493333
     0.2      0.1 0.518667 0.506519
     0.4      0.1 0.515333 0.505883
     0.6      0.1    0.512 0.504967
     0.8      0.1 0.513333 0.503105
     0.9      0.1 0.512667 0.501006
    0.95      0.1 0.514667 0.499264
    0.99      0.1 0.509333 0.498379
   0.999      0.1    0.498 0.499745
  0.9999      0.1 0.504667 0.500061
       0     0.15    0.498 0.493333
     0.2     0.15 0.506667 0.503623
     0.4     0.15    0.508 0.502885
     0.6     0.15 0.513333 0.501687
     0.8     0.15 0.512667 0.499544
     0.9     0.15     0.51 0.497827
    0.95     0.15 0.507333 0.496923
    0.99     0.15 0.501333 0.497713
   0.999     0.15    0.498 0.499718
  0.9999     0.15 0.504667 0.500104
       0      0.2    0.498 0.493333
     0.2      0.2    0.514 0.501445
     0.4      0.2 0.511333 0.500519
     0.6      0.2 0.515333  0.49924
     0.8      0.2 0.517333  0.49741
     0.9      0.2 0.510667 0.496294
    0.95      0.2 0.500667 0.495971
    0.99      0.2    0.498 0.497496
   0.999      0.2    0.498 0.499711
  0.9999      0.2 0.504667 0.500118
       0      0.3    0.498 0.493333
     0.2      0.3 0.514667 0.497879
     0.4      0.3    0.518  0.49715
     0.6      0.3 0.515333 0.496302
     0.8      0.3 0.508667 0.495356
     0.9      0.3    0.504 0.495025
    0.95      0.3 0.501333 0.495256
    0.99      0.3    0.498 0.497344
   0.999      0.3    0.498 0.499691
  0.9999      0.3 0.504667 0.500109
       0      0.4    0.498 0.493333
     0.2      0.4 0.512667 0.495846
     0.4      0.4 0.513333 0.495415
     0.6      0.4 0.509333 0.494953
     0.8      0.4 0.506667 0.494539
     0.9      0.4 0.499333 0.494562
    0.95      0.4    0.498 0.495003
    0.99      0.4    0.498 0.497282
   0.999      0.4    0.498 0.499664
  0.9999      0.4 0.504667 0.500081
       0      0.5    0.498 0.493333
     0.2      0.5     0.51 0.494852
     0.4      0.5 0.508667 0.494593
     0.6      0.5 0.506667  0.49434
     0.8      0.5    0.506 0.494183
     0.9      0.5    0.506 0.494361
    0.95      0.5    0.498 0.494889
    0.99      0.5    0.498 0.497245
   0.999      0.5    0.498 0.499637
  0.9999      0.5 0.504667 0.500054
       0      0.6    0.498 0.493333
     0.2      0.6    0.512 0.494342
     0.4      0.6 0.506667 0.494179
     0.6      0.6 0.508667 0.494035
     0.8      0.6 0.500667 0.494008
     0.9      0.6    0.502 0.494259
    0.95      0.6    0.498 0.494828
    0.99      0.6    0.498 0.497219
   0.999      0.6    0.498 0.499616
  0.9999      0.6 0.504667 0.500032
       0      0.7    0.498 0.493333
     0.2      0.7 0.512667 0.494055
     0.4      0.7 0.504667 0.493947
     0.6      0.7 0.507333 0.493866
     0.8      0.7    0.498  0.49391
     0.9      0.7    0.498 0.494201
    0.95      0.7    0.498 0.494791
    0.99      0.7    0.498   0.4972
   0.999      0.7    0.498 0.499599
  0.9999      0.7 0.504667 0.500015
       0      0.8    0.498 0.493333
     0.2      0.8 0.509333 0.493878
     0.4      0.8    0.506 0.493805
     0.6      0.8 0.505333 0.493763
     0.8      0.8 0.498667  0.49385
     0.9      0.8    0.498 0.494164
    0.95      0.8    0.498 0.494766
    0.99      0.8    0.498 0.497186
   0.999      0.8    0.498 0.499587
  0.9999      0.8 0.504667 0.500002
       0      0.9    0.498 0.493333
     0.2      0.9    0.506 0.493761
     0.4      0.9 0.506667 0.493712
     0.6      0.9    0.506 0.493695
     0.8      0.9 0.501333  0.49381
     0.9      0.9    0.498  0.49414
    0.95      0.9    0.498 0.494749
    0.99      0.9    0.498 0.497176
   0.999      0.9    0.498 0.499578
  0.9999      0.9 0.504667 0.499993
       0        1    0.498 0.493333
     0.2        1 0.505333  0.49368
     0.4        1 0.505333 0.493648
     0.6        1 0.508667 0.493649
     0.8        1    0.506 0.493782
     0.9        1    0.498 0.494122
    0.95        1    0.498 0.494737
    0.99        1    0.498 0.497168
   0.999        1    0.498  0.49957
  0.9999        1 0.500667 0.499986
       0        2    0.498 0.493333
     0.2        2 0.504667 0.493434
     0.4        2 0.504667 0.493453
     0.6        2 0.508667 0.493508
     0.8        2    0.504 0.493698
     0.9        2    0.498 0.494066
    0.95        2    0.498 0.494696
    0.99        2    0.498 0.497139
   0.999        2    0.498 0.499544
  0.9999        2    0.498  0.49996
       0        4    0.498 0.493333
     0.2        4 0.504667 0.493375
     0.4        4 0.505333 0.493407
     0.6        4 0.509333 0.493475
     0.8        4 0.501333 0.493678
     0.9        4    0.498 0.494053
    0.95        4    0.498 0.494685
    0.99        4    0.498  0.49713
   0.999        4    0.498 0.499537
  0.9999        4    0.498 0.499953