       0     0.05   0.4875   0.4875
       0      0.1   0.4875   0.4875
       0     0.15   0.4875   0.4875
       0      0.2   0.4875   0.4875
       0      0.3   0.4875   0.4875
       0      0.4   0.4875   0.4875
       0      0.5   0.4875   0.4875
       0      0.6   0.4875   0.4875
       0      0.7   0.4875   0.4875
       0      0.8   0.4875   0.4875
       0      0.9   0.4875   0.4875
       0        1   0.4875   0.4875
       0        2   0.4875   0.4875
       0        4   0.4875   0.4875
     0.2     0.05   0.4675 0.466263
     0.2      0.1     0.46 0.462863
     0.2     0.15   0.4725 0.473509
     0.2      0.2    0.475 0.479013
     0.2      0.3   0.4825 0.481617
     0.2      0.4   0.4775 0.480892
     0.2      0.5    0.465 0.479656
     0.2      0.6     0.46 0.477937
     0.2      0.7    0.455 0.477349
     0.2      0.8    0.465 0.477871
     0.2      0.9    0.465 0.478872
     0.2        1   0.4675 0.479917
     0.2        2    0.465 0.485285
     0.2        4   0.4825 0.487139
     0.4     0.05   0.4725 0.470665
     0.4      0.1   0.4575  0.45888
     0.4     0.15    0.465 0.465434
     0.4      0.2   0.4675  0.47174
     0.4      0.3    0.485 0.481089
     0.4      0.4   0.4775 0.483357
     0.4      0.5   0.4625 0.482565
     0.4      0.6    0.465 0.480502
     0.4      0.7     0.46   0.4797
     0.4      0.8   0.4675 0.480125
     0.4      0.9     0.47 0.480971
     0.4        1   0.4775 0.481796
     0.4        2     0.48 0.485931
     0.4        4   0.4775 0.487372
     0.6     0.05   0.4725 0.470554
     0.6      0.1   0.4675 0.461835
     0.6     0.15   0.4575 0.459246
     0.6      0.2    0.465 0.466285
     0.6      0.3   0.4675 0.480122
     0.6      0.4   0.4775 0.485087
     0.6      0.5   0.4575 0.484652
     0.6      0.6     0.47 0.482806
     0.6      0.7     0.47 0.482236
     0.6      0.8   0.4825 0.482642
     0.6      0.9   0.4825 0.483258
     0.6        1   0.4825   0.4838
     0.6        2   0.4825 0.486711
     0.6        4   0.4825 0.487723
     0.8     0.05   0.4725 0.470495
     0.8      0.1    0.475 0.466582
     0.8     0.15     0.46 0.458237
     0.8      0.2   0.4725 0.462493
     0.8      0.3     0.48 0.480283
     0.8      0.4    0.465  0.48706
     0.8      0.5    0.475 0.486618
     0.8      0.6     0.47 0.485582
     0.8      0.7   0.4775 0.485487
     0.8      0.8   0.4775 0.485751
     0.8      0.9    0.465 0.486003
     0.8        1    0.475 0.486224
     0.8        2   0.4575 0.487927
     0.8        4     0.46 0.488506
     0.9     0.05   0.4725 0.470838
     0.9      0.1    0.475  0.46627
     0.9     0.15   0.4575 0.459652
     0.9      0.2     0.46 0.462391
     0.9      0.3   0.4725 0.482463
     0.9      0.4    0.465 0.488708
     0.9      0.5    0.475 0.488286
     0.9      0.6   0.4725 0.487869
     0.9      0.7   0.4775 0.487879
     0.9      0.8     0.47 0.487949
     0.9      0.9   0.4775 0.488025
     0.9        1     0.48 0.488141
     0.9        2   0.4875 0.489321
     0.9        4   0.4925 0.489707
    0.95     0.05    0.475 0.471826
    0.95      0.1   0.4625 0.463563
    0.95     0.15     0.46 0.459759
    0.95      0.2   0.4625 0.463928
    0.95      0.3   0.4775 0.485935
    0.95      0.4     0.48 0.490473
    0.95      0.5   0.4775 0.490087
    0.95      0.6     0.47 0.489893
    0.95      0.7     0.48  0.48988
    0.95      0.8   0.4925 0.489907
    0.95      0.9    0.495 0.489986
    0.95        1      0.5 0.490113
    0.95        2   0.4875 0.491134
    0.95        4   0.4875 0.491451
    0.99     0.05   0.4725 0.470321
    0.99      0.1    0.455 0.457529
    0.99     0.15   0.4525 0.460922
    0.99      0.2   0.4625 0.473766
    0.99      0.3   0.4875  0.49365
    0.99      0.4     0.49 0.494464
    0.99      0.5      0.5 0.494318
    0.99      0.6    0.495 0.494448
    0.99      0.7   0.4875 0.494637
    0.99      0.8   0.4875  0.49485
    0.99      0.9   0.4875 0.495066
    0.99        1   0.4875 0.495266
    0.99        2   0.4875 0.496137
    0.99        4   0.4875 0.496353
   0.999     0.05   0.4675 0.466886
   0.999      0.1    0.455 0.456203
   0.999     0.15   0.4475 0.465873
   0.999      0.2    0.495 0.493793
   0.999      0.3    0.495 0.497783
   0.999      0.4   0.4925 0.497923
   0.999      0.5    0.495 0.498342
   0.999      0.6   0.4975 0.498686
   0.999      0.7   0.4975 0.498927
   0.999      0.8   0.4975 0.499085
   0.999      0.9   0.4975  0.49919
   0.999        1    0.495 0.499262
   0.999        2   0.4875 0.499471
   0.999        4   0.4875  0.49951
  0.9999     0.05     0.46 0.461489
  0.9999      0.1   0.4575 0.456837
  0.9999     0.15   0.4975 0.487292
  0.9999      0.2   0.4975  0.49823
  0.9999      0.3     0.47 0.498642
  0.9999      0.4   0.4975 0.499337
  0.9999      0.5   0.4975 0.499708
  0.9999      0.6      0.5 0.499824
  0.9999      0.7      0.5 0.499874
  0.9999      0.8      0.5 0.499898
  0.9999      0.9      0.5 0.499912
  0.9999        1      0.5 0.499921
  0.9999        2      0.5 0.499945
  0.9999        4    0.495 0.499949