        0      0.05  0.166667  0.466667
      0.2      0.05  0.166667  0.328333
      0.4      0.05  0.166667  0.328333
      0.6      0.05  0.166667  0.328333
      0.8      0.05  0.166667  0.328333
      0.9      0.05  0.166667  0.328333
     0.95      0.05  0.166667  0.328333
     0.99      0.05  0.166667  0.328333
    0.999      0.05  0.166667  0.328333
   0.9999      0.05  0.166667  0.328333
        0       0.1  0.166667  0.466667
      0.2       0.1  0.130667  0.131552
      0.4       0.1     0.132  0.131311
      0.6       0.1  0.129333  0.130933
      0.8       0.1  0.129333  0.131018
      0.9       0.1  0.130667  0.131332
     0.95       0.1     0.132  0.131256
     0.99       0.1  0.128667  0.130264
    0.999       0.1  0.129333  0.129903
   0.9999       0.1  0.128667  0.129491
        0      0.15  0.166667  0.466667
      0.2      0.15     0.132  0.130807
      0.4      0.15     0.132  0.131264
      0.6      0.15  0.133333  0.131641
      0.8      0.15     0.134  0.131826
      0.9      0.15  0.129333  0.131552
     0.95      0.15  0.128667  0.130908
     0.99      0.15  0.129333  0.130067
    0.999      0.15     0.132  0.130868
   0.9999      0.15  0.124667   0.12508
        0       0.2  0.166667  0.466667
      0.2       0.2  0.129333  0.130312
      0.4       0.2  0.129333   0.13054
      0.6       0.2  0.131333   0.13087
      0.8       0.2      0.13  0.131344
      0.9       0.2  0.128667  0.130939
     0.95       0.2  0.128667  0.130241
     0.99       0.2  0.130667   0.12776
    0.999       0.2  0.122667  0.121024
   0.9999       0.2     0.118  0.116953
        0       0.3  0.166667  0.466667
      0.2       0.3     0.132  0.134941
      0.4       0.3  0.128667  0.131606
      0.6       0.3  0.130667  0.130725
      0.8       0.3  0.127333  0.129294
      0.9       0.3  0.125333  0.126318
     0.95       0.3     0.116  0.122843
     0.99       0.3  0.114667  0.116431
    0.999       0.3     0.112  0.113727
   0.9999       0.3  0.116667  0.110753
        0       0.4  0.166667  0.466667
      0.2       0.4  0.143333  0.143214
      0.4       0.4  0.138667  0.138016
      0.6       0.4  0.131333  0.133414
      0.8       0.4  0.122667  0.128675
      0.9       0.4  0.119333   0.12514
     0.95       0.4  0.117333  0.122605
     0.99       0.4     0.118  0.119836
    0.999       0.4  0.113333  0.109235
   0.9999       0.4 0.0366667 0.0882132
        0       0.5  0.166667  0.466667
      0.2       0.5  0.148667   0.14891
      0.4       0.5  0.140667  0.143894
      0.6       0.5     0.136  0.139391
      0.8       0.5  0.122667  0.135277
      0.9       0.5     0.122  0.134125
     0.95       0.5      0.12  0.134411
     0.99       0.5     0.116  0.133018
    0.999       0.5 0.0373333  0.114491
   0.9999       0.5 0.0706667  0.118282
        0       0.6  0.166667  0.466667
      0.2       0.6  0.147333  0.155982
      0.4       0.6     0.144  0.152093
      0.6       0.6  0.137333  0.149184
      0.8       0.6  0.126667  0.148195
      0.9       0.6      0.12  0.150047
     0.95       0.6  0.115333  0.152562
     0.99       0.6     0.086  0.152541
    0.999       0.6 0.0593333  0.149591
   0.9999       0.6      0.19  0.199167
        0       0.7  0.166667  0.466667
      0.2       0.7     0.146  0.166255
      0.4       0.7     0.138  0.164573
      0.6       0.7  0.133333  0.164525
      0.8       0.7  0.119333  0.168097
      0.9       0.7     0.112  0.173972
     0.95       0.7     0.106  0.179658
     0.99       0.7 0.0493333  0.185704
    0.999       0.7  0.118667  0.216497
   0.9999       0.7  0.199333  0.257299
        0       0.8  0.166667  0.466667
      0.2       0.8  0.142667  0.181036
      0.4       0.8     0.138  0.182418
      0.6       0.8  0.131333  0.186346
      0.8       0.8     0.116  0.195975
      0.9       0.8  0.109333  0.206507
     0.95       0.8 0.0866667  0.215432
     0.99       0.8 0.0633333  0.233546
    0.999       0.8  0.192667  0.276522
   0.9999       0.8  0.199333  0.295341
        0       0.9  0.166667  0.466667
      0.2       0.9  0.142667  0.201305
      0.4       0.9  0.134667  0.206057
      0.6       0.9     0.122  0.214213
      0.8       0.9  0.114667  0.229583
      0.9       0.9 0.0946667  0.243891
     0.95       0.9 0.0726667  0.256078
     0.99       0.9  0.104667  0.284695
    0.999       0.9  0.198667  0.318975
   0.9999       0.9       0.2  0.327573
        0         1  0.166667  0.466667
      0.2         1  0.138667  0.225963
      0.4         1  0.130667    0.2338
      0.6         1     0.122  0.245528
      0.8         1      0.11  0.265093
      0.9         1     0.086  0.282094
     0.95         1 0.0713333  0.296913
     0.99         1  0.159333  0.327911
    0.999         1  0.199333  0.351678
   0.9999         1       0.2  0.356211
        0         2  0.166667  0.466667
      0.2         2      0.14  0.410362
      0.4         2  0.126667  0.417862
      0.6         2  0.111333  0.426462
      0.8         2     0.124  0.437621
      0.9         2  0.162667  0.446583
     0.95         2  0.166667  0.454513
     0.99         2  0.166667  0.467344
    0.999         2       0.2  0.472545
   0.9999         2       0.2  0.473161
        0         4  0.166667  0.466667
      0.2         4     0.212  0.457034
      0.4         4  0.195333  0.459192
      0.6         4     0.162  0.462075
      0.8         4  0.154667  0.467287
      0.9         4  0.166667  0.473346
     0.95         4  0.166667  0.479783
     0.99         4  0.166667  0.490534
    0.999         4  0.188667  0.494621
   0.9999         4       0.2  0.495088