        0      0.05     0.486  0.496667
      0.2      0.05     0.486  0.496667
      0.4      0.05     0.486  0.496667
      0.6      0.05     0.486  0.496667
      0.8      0.05     0.486  0.496667
      0.9      0.05     0.486  0.496667
     0.95      0.05     0.486  0.496667
     0.99      0.05     0.486  0.496667
    0.999      0.05     0.486  0.496667
   0.9999      0.05     0.486  0.496667
        0       0.1     0.486  0.496667
      0.2       0.1     0.084 0.0841175
      0.4       0.1 0.0833333 0.0835842
      0.6       0.1 0.0826667 0.0840717
      0.8       0.1 0.0853333 0.0852504
      0.9       0.1     0.086 0.0863982
     0.95       0.1 0.0873333 0.0874725
     0.99       0.1 0.0893333 0.0896908
    0.999       0.1 0.0906667  0.092603
   0.9999       0.1     0.098 0.0981951
        0      0.15     0.486  0.496667
      0.2      0.15 0.0866667 0.0907657
      0.4      0.15 0.0846667 0.0864193
      0.6      0.15 0.0833333 0.0859137
      0.8      0.15 0.0833333 0.0877587
      0.9      0.15 0.0893333  0.089842
     0.95      0.15      0.09 0.0918682
     0.99      0.15 0.0966667 0.0988184
    0.999      0.15     0.114  0.112289
   0.9999      0.15  0.125333   0.12099
        0       0.2     0.486  0.496667
      0.2       0.2 0.0973333  0.103918
      0.4       0.2 0.0906667 0.0950984
      0.6       0.2 0.0833333 0.0918286
      0.8       0.2 0.0866667 0.0929491
      0.9       0.2 0.0933333  0.095906
     0.95       0.2     0.096 0.0993997
     0.99       0.2      0.11  0.109917
    0.999       0.2  0.116667  0.119382
   0.9999       0.2  0.122667  0.131276
        0       0.3     0.486  0.496667
      0.2       0.3     0.116  0.126513
      0.4       0.3  0.102667  0.113868
      0.6       0.3     0.098   0.10823
      0.8       0.3     0.094  0.105973
      0.9       0.3     0.098  0.107717
     0.95       0.3  0.102667  0.110514
     0.99       0.3  0.115333   0.11893
    0.999       0.3       0.1  0.152647
   0.9999       0.3  0.127333  0.282901
        0       0.4     0.486  0.496667
      0.2       0.4  0.152667  0.172958
      0.4       0.4  0.108667    0.1475
      0.6       0.4 0.0966667  0.135098
      0.8       0.4 0.0806667  0.129596
      0.9       0.4 0.0793333  0.131209
     0.95       0.4 0.0746667  0.139462
     0.99       0.4 0.0833333  0.205285
    0.999       0.4      0.14  0.401058
   0.9999       0.4  0.485333  0.485568
        0       0.5     0.486  0.496667
      0.2       0.5  0.170667  0.210167
      0.4       0.5     0.134  0.193748
      0.6       0.5       0.1   0.18487
      0.8       0.5 0.0746667  0.189052
      0.9       0.5 0.0653333  0.211241
     0.95       0.5 0.0646667  0.251457
     0.99       0.5     0.092  0.382536
    0.999       0.5     0.418  0.481668
   0.9999       0.5  0.489333  0.497381
        0       0.6     0.486  0.496667
      0.2       0.6  0.160667  0.233617
      0.4       0.6  0.139333  0.231031
      0.6       0.6  0.108667  0.237364
      0.8       0.6 0.0826667  0.266596
      0.9       0.6 0.0726667  0.312389
     0.95       0.6 0.0726667  0.364772
     0.99       0.6  0.145333  0.455886
    0.999       0.6  0.467333  0.494054
   0.9999       0.6     0.488   0.49903
        0       0.7     0.486  0.496667
      0.2       0.7  0.156667  0.259005
      0.4       0.7     0.128  0.267264
      0.6       0.7  0.107333  0.286498
      0.8       0.7 0.0893333  0.331513
      0.9       0.7     0.074  0.380705
     0.95       0.7     0.082  0.423224
     0.99       0.7  0.193333  0.478157
    0.999       0.7  0.464667  0.497037
   0.9999       0.7  0.486667  0.499516
        0       0.8     0.486  0.496667
      0.2       0.8     0.144  0.288793
      0.4       0.8     0.126  0.304419
      0.6       0.8  0.108667  0.330775
      0.8       0.8 0.0966667  0.379079
      0.9       0.8      0.09   0.42152
     0.95       0.8 0.0913333  0.452583
     0.99       0.8     0.228  0.487032
    0.999       0.8     0.472  0.498128
   0.9999       0.8     0.486  0.499691
        0       0.9     0.486  0.496667
      0.2       0.9     0.134  0.320322
      0.4       0.9  0.123333    0.3397
      0.6       0.9  0.109333  0.368088
      0.8       0.9       0.1  0.412747
      0.9       0.9 0.0993333  0.446628
     0.95       0.9  0.105333  0.468873
     0.99       0.9     0.286  0.491366
    0.999       0.9  0.480667  0.498633
   0.9999       0.9     0.486  0.499759
        0         1     0.486  0.496667
      0.2         1  0.127333  0.350059
      0.4         1     0.122  0.370342
      0.6         1  0.115333   0.39756
      0.8         1  0.107333  0.436053
      0.9         1     0.104  0.462347
     0.95         1  0.121333  0.478349
     0.99         1     0.338  0.493678
    0.999         1     0.486  0.498905
   0.9999         1     0.486  0.499793
        0         2     0.486  0.496667
      0.2         2     0.126  0.466853
      0.4         2     0.126  0.473738
      0.6         2     0.124  0.480988
      0.8         2      0.12   0.48866
      0.9         2  0.136667  0.492722
     0.95         2  0.232667  0.494921
     0.99         2  0.485333  0.497471
    0.999         2     0.486   0.49945
   0.9999         2     0.486  0.499904
        0         4     0.486  0.496667
      0.2         4  0.133333  0.490084
      0.4         4  0.132667  0.491711
      0.6         4  0.128667  0.493364
      0.8         4  0.133333   0.49507
      0.9         4  0.156667  0.496003
     0.95         4  0.276667  0.496605
     0.99         4     0.486  0.497881
    0.999         4     0.486  0.499538
   0.9999         4     0.486  0.499939