       0     0.05   0.4625   0.4625
       0      0.1   0.4625   0.4625
       0     0.15   0.4625   0.4625
       0      0.2   0.4625   0.4625
       0      0.3   0.4625   0.4625
       0      0.4   0.4625   0.4625
       0      0.5   0.4625   0.4625
       0      0.6   0.4625   0.4625
       0      0.7   0.4625   0.4625
       0      0.8   0.4625   0.4625
       0      0.9   0.4625   0.4625
       0        1   0.4625   0.4625
       0        2   0.4625   0.4625
       0        4   0.4625   0.4625
     0.2     0.05   0.4425 0.440687
     0.2      0.1    0.435 0.434687
     0.2     0.15   0.4325 0.430933
     0.2      0.2    0.425 0.427333
     0.2      0.3   0.4225 0.417893
     0.2      0.4   0.4025 0.418966
     0.2      0.5     0.41 0.427254
     0.2      0.6     0.42 0.436039
     0.2      0.7   0.4225 0.442848
     0.2      0.8   0.4325 0.447595
     0.2      0.9   0.4325  0.45084
     0.2        1   0.4425 0.453149
     0.2        2   0.4375 0.461164
     0.2        4     0.44 0.462772
     0.4     0.05    0.445 0.439866
     0.4      0.1    0.435 0.436387
     0.4     0.15    0.425 0.431341
     0.4      0.2    0.425 0.427763
     0.4      0.3   0.4125 0.422859
     0.4      0.4   0.4075 0.425206
     0.4      0.5   0.4125 0.433245
     0.4      0.6    0.425  0.44107
     0.4      0.7    0.425  0.44708
     0.4      0.8     0.43 0.451256
     0.4      0.9   0.4425 0.454099
     0.4        1   0.4425 0.456111
     0.4        2   0.4375 0.462731
     0.4        4     0.44 0.463975
     0.6     0.05    0.445 0.438781
     0.6      0.1     0.44 0.437174
     0.6     0.15     0.44  0.43213
     0.6      0.2   0.4225 0.427262
     0.6      0.3     0.43 0.426995
     0.6      0.4    0.415 0.432512
     0.6      0.5     0.42  0.44056
     0.6      0.6     0.43 0.447372
     0.6      0.7     0.43 0.452532
     0.6      0.8   0.4425 0.456078
     0.6      0.9    0.445 0.458461
     0.6        1   0.4425 0.460125
     0.6        2   0.4375 0.465217
     0.6        4    0.435 0.466093
     0.8     0.05   0.4425 0.436491
     0.8      0.1     0.44 0.435645
     0.8     0.15   0.4375 0.431922
     0.8      0.2     0.42 0.427143
     0.8      0.3    0.405 0.432899
     0.8      0.4   0.4125 0.443803
     0.8      0.5     0.43 0.451694
     0.8      0.6   0.4375 0.457341
     0.8      0.7    0.445 0.461473
     0.8      0.8     0.44 0.464194
     0.8      0.9   0.4325 0.465969
     0.8        1     0.44 0.467177
     0.8        2   0.4325 0.470569
     0.8        4    0.435 0.471078
     0.9     0.05   0.4375 0.434997
     0.9      0.1   0.4425 0.433602
     0.9     0.15     0.44 0.430766
     0.9      0.2   0.4175 0.427902
     0.9      0.3    0.415 0.440001
     0.9      0.4   0.4375 0.454745
     0.9      0.5    0.445 0.462331
     0.9      0.6   0.4425 0.467242
     0.9      0.7     0.44 0.470548
     0.9      0.8   0.4425 0.472617
     0.9      0.9    0.455 0.473941
     0.9        1   0.4475 0.474833
     0.9        2    0.465  0.47728
     0.9        4   0.4675 0.477604
    0.95     0.05     0.44 0.434158
    0.95      0.1   0.4425  0.43249
    0.95     0.15   0.4325 0.429777
    0.95      0.2    0.415 0.428995
    0.95      0.3   0.4225 0.448801
    0.95      0.4     0.45 0.465417
    0.95      0.5   0.4575 0.472674
    0.95      0.6     0.45 0.476835
    0.95      0.7   0.4525 0.479355
    0.95      0.8   0.4525 0.480879
    0.95      0.9    0.475 0.481854
    0.95        1    0.465 0.482515
    0.95        2   0.4625  0.48434
    0.95        4   0.4625 0.484557
    0.99     0.05    0.445 0.434853
    0.99      0.1     0.44 0.432172
    0.99     0.15    0.415 0.428487
    0.99      0.2    0.425 0.432985
    0.99      0.3    0.465 0.471082
    0.99      0.4    0.465 0.485964
    0.99      0.5     0.45 0.490726
    0.99      0.6    0.465 0.492642
    0.99      0.7    0.465 0.493623
    0.99      0.8   0.4625 0.494196
    0.99      0.9   0.4625 0.494563
    0.99        1   0.4625 0.494813
    0.99        2   0.4625 0.495494
    0.99        4   0.4625 0.495565
   0.999     0.05     0.45 0.435702
   0.999      0.1     0.43 0.431727
   0.999     0.15   0.4225 0.427573
   0.999      0.2   0.4425 0.452459
   0.999      0.3   0.4475  0.49216
   0.999      0.4    0.495 0.497952
   0.999      0.5      0.5 0.498854
   0.999      0.6      0.5 0.499131
   0.999      0.7      0.5 0.499262
   0.999      0.8      0.5 0.499337
   0.999      0.9      0.5 0.499383
   0.999        1      0.5 0.499415
   0.999        2   0.4975   0.4995
   0.999        4   0.4625 0.499508
  0.9999     0.05    0.445 0.435694
  0.9999      0.1   0.4275 0.428506
  0.9999     0.15   0.4275 0.431124
  0.9999      0.2     0.46 0.475326
  0.9999      0.3   0.4875 0.498751
  0.9999      0.4      0.5 0.499783
  0.9999      0.5      0.5 0.499882
  0.9999      0.6      0.5 0.499911
  0.9999      0.7      0.5 0.499925
  0.9999      0.8      0.5 0.499933
  0.9999      0.9      0.5 0.499937
  0.9999        1      0.5 0.499941
  0.9999        2      0.5 0.499949
  0.9999        4      0.5  0.49995