        0      0.05      0.49      0.49
      0.2      0.05  0.102667  0.154026
      0.4      0.05     0.102  0.167426
      0.6      0.05 0.0986667  0.191672
      0.8      0.05     0.098  0.246846
      0.9      0.05  0.109333  0.312286
     0.95      0.05  0.120667  0.374388
     0.99      0.05     0.156  0.463227
    0.999      0.05     0.486  0.495707
   0.9999      0.05       0.5  0.499562
        0       0.1      0.49      0.49
      0.2       0.1  0.172667  0.332022
      0.4       0.1  0.183333  0.356965
      0.6       0.1  0.196667  0.388811
      0.8       0.1  0.206667  0.431152
      0.9       0.1  0.223333  0.458639
     0.95       0.1  0.232667  0.475317
     0.99       0.1     0.458  0.492889
    0.999       0.1      0.49  0.499127
   0.9999       0.1       0.5   0.49991
        0      0.15      0.49      0.49
      0.2      0.15     0.254  0.427101
      0.4      0.15  0.267333  0.440552
      0.6      0.15  0.281333  0.455476
      0.8      0.15  0.294667  0.472386
      0.9      0.15     0.302  0.482129
     0.95      0.15  0.309333  0.487992
     0.99      0.15      0.49  0.495623
    0.999      0.15      0.49   0.49941
   0.9999      0.15       0.5  0.499939
        0       0.2      0.49      0.49
      0.2       0.2  0.311333  0.464818
      0.4       0.2  0.318667  0.470808
      0.6       0.2     0.322  0.477159
      0.8       0.2  0.322667  0.484085
      0.9       0.2  0.310667  0.488181
     0.95       0.2     0.434  0.491054
     0.99       0.2      0.49  0.496248
    0.999       0.2      0.49  0.499475
   0.9999       0.2       0.5  0.499945
        0       0.3      0.49      0.49
      0.2       0.3     0.398  0.484903
      0.4       0.3     0.422    0.4862
      0.6       0.3     0.432  0.487613
      0.8       0.3  0.406667  0.489361
      0.9       0.3  0.436667  0.490811
     0.95       0.3      0.49  0.492371
     0.99       0.3      0.49   0.49653
    0.999       0.3      0.49  0.499506
   0.9999       0.3       0.5  0.499948
        0       0.4      0.49      0.49
      0.2       0.4     0.476  0.488054
      0.4       0.4  0.463333  0.488578
      0.6       0.4  0.436667   0.48921
      0.8       0.4  0.401333  0.490169
      0.9       0.4  0.481333  0.491223
     0.95       0.4      0.49  0.492587
     0.99       0.4      0.49  0.496588
    0.999       0.4      0.49  0.499515
   0.9999       0.4       0.5  0.499949
        0       0.5      0.49      0.49
      0.2       0.5     0.486  0.488837
      0.4       0.5     0.476  0.489187
      0.6       0.5  0.444667  0.489635
      0.8       0.5  0.407333  0.490396
      0.9       0.5      0.49  0.491343
     0.95       0.5      0.49  0.492653
     0.99       0.5      0.49  0.496611
    0.999       0.5      0.49  0.499518
   0.9999       0.5       0.5   0.49995
        0       0.6      0.49      0.49
      0.2       0.6     0.496  0.489181
      0.4       0.6  0.479333   0.48946
      0.6       0.6     0.444  0.489828
      0.8       0.6  0.421333    0.4905
      0.9       0.6      0.49  0.491399
     0.95       0.6      0.49  0.492685
     0.99       0.6      0.49  0.496622
    0.999       0.6      0.49   0.49952
   0.9999       0.6       0.5   0.49995
        0       0.7      0.49      0.49
      0.2       0.7  0.496667  0.489386
      0.4       0.7  0.485333  0.489622
      0.6       0.7     0.444  0.489943
      0.8       0.7  0.434667  0.490561
      0.9       0.7      0.49  0.491432
     0.95       0.7      0.49  0.492703
     0.99       0.7      0.49  0.496629
    0.999       0.7      0.49  0.499521
   0.9999       0.7      0.49   0.49995
        0       0.8      0.49      0.49
      0.2       0.8  0.492667  0.489526
      0.4       0.8  0.485333  0.489731
      0.6       0.8     0.446  0.490019
      0.8       0.8      0.44  0.490601
      0.9       0.8      0.49  0.491453
     0.95       0.8      0.49  0.492715
     0.99       0.8      0.49  0.496633
    0.999       0.8      0.49  0.499522
   0.9999       0.8      0.49   0.49995
        0       0.9      0.49      0.49
      0.2       0.9  0.495333  0.489626
      0.4       0.9     0.488  0.489809
      0.6       0.9  0.444667  0.490072
      0.8       0.9     0.444  0.490629
      0.9       0.9      0.49  0.491468
     0.95       0.9      0.49  0.492723
     0.99       0.9      0.49  0.496636
    0.999       0.9      0.49  0.499522
   0.9999       0.9      0.49   0.49995
        0         1      0.49      0.49
      0.2         1  0.494667    0.4897
      0.4         1      0.49  0.489866
      0.6         1  0.443333  0.490112
      0.8         1  0.452667  0.490649
      0.9         1      0.49  0.491479
     0.95         1      0.49  0.492729
     0.99         1      0.49  0.496638
    0.999         1      0.49  0.499522
   0.9999         1      0.49   0.49995
        0         2      0.49      0.49
      0.2         2  0.493333  0.489956
      0.4         2     0.488  0.490061
      0.6         2  0.439333  0.490244
      0.8         2  0.472667  0.490717
      0.9         2      0.49  0.491514
     0.95         2      0.49  0.492748
     0.99         2      0.49  0.496644
    0.999         2      0.49  0.499523
   0.9999         2      0.49   0.49995
        0         4      0.49      0.49
      0.2         4  0.493333  0.490026
      0.4         4  0.486667  0.490114
      0.6         4     0.438   0.49028
      0.8         4  0.476667  0.490735
      0.9         4      0.49  0.491523
     0.95         4      0.49  0.492753
     0.99         4      0.49  0.496645
    0.999         4      0.49  0.499524
   0.9999         4      0.49   0.49995