       0     0.05    0.475    0.475
       0      0.1    0.475    0.475
       0     0.15    0.475    0.475
       0      0.2    0.475    0.475
       0      0.3    0.475    0.475
       0      0.4    0.475    0.475
       0      0.5    0.475    0.475
       0      0.6    0.475    0.475
       0      0.7    0.475    0.475
       0      0.8    0.475    0.475
       0      0.9    0.475    0.475
       0        1    0.475    0.475
       0        2    0.475    0.475
       0        4    0.475    0.475
     0.2     0.05   0.4675 0.472138
     0.2      0.1   0.4675 0.469651
     0.2     0.15     0.46 0.468191
     0.2      0.2     0.47 0.467245
     0.2      0.3   0.4575 0.460613
     0.2      0.4     0.45 0.459729
     0.2      0.5   0.4225 0.461471
     0.2      0.6   0.4125   0.4641
     0.2      0.7   0.4125 0.466681
     0.2      0.8   0.4225 0.468928
     0.2      0.9   0.4125 0.470565
     0.2        1    0.425 0.471661
     0.2        2    0.465 0.474709
     0.2        4    0.465 0.475237
     0.4     0.05     0.48 0.475517
     0.4      0.1   0.4675 0.471623
     0.4     0.15   0.4675  0.47096
     0.4      0.2     0.47 0.469142
     0.4      0.3    0.475 0.463005
     0.4      0.4   0.4525 0.462502
     0.4      0.5   0.4275 0.464449
     0.4      0.6   0.4275 0.466855
     0.4      0.7    0.425 0.468953
     0.4      0.8   0.4275 0.470705
     0.4      0.9   0.4325 0.472021
     0.4        1   0.4225 0.472942
     0.4        2     0.46 0.475406
     0.4        4   0.4675 0.475769
     0.6     0.05     0.48  0.47722
     0.6      0.1   0.4675 0.473415
     0.6     0.15   0.4725 0.472453
     0.6      0.2   0.4625 0.470567
     0.6      0.3   0.4575 0.465882
     0.6      0.4     0.45 0.466364
     0.6      0.5   0.4375 0.468355
     0.6      0.6     0.43 0.470376
     0.6      0.7   0.4375 0.472006
     0.6      0.8    0.435 0.473285
     0.6      0.9   0.4325 0.474228
     0.6        1    0.425 0.474891
     0.6        2   0.4575 0.476567
     0.6        4   0.4575  0.47675
     0.8     0.05     0.48 0.477917
     0.8      0.1    0.465 0.473297
     0.8     0.15    0.455 0.471706
     0.8      0.2   0.4625 0.470569
     0.8      0.3   0.4725 0.470128
     0.8      0.4   0.4575 0.472854
     0.8      0.5    0.445 0.474794
     0.8      0.6   0.4525 0.476109
     0.8      0.7    0.445 0.477041
     0.8      0.8   0.4275 0.477733
     0.8      0.9    0.425 0.478229
     0.8        1     0.44 0.478569
     0.8        2   0.4575 0.479275
     0.8        4   0.4575 0.479238
     0.9     0.05     0.48 0.477251
     0.9      0.1   0.4675 0.473559
     0.9     0.15    0.455 0.469831
     0.9      0.2   0.4575 0.469468
     0.9      0.3   0.4575 0.474885
     0.9      0.4    0.455  0.47932
     0.9      0.5   0.4475 0.480913
     0.9      0.6    0.455 0.481659
     0.9      0.7   0.4675 0.482132
     0.9      0.8   0.4525 0.482484
     0.9      0.9   0.4375 0.482734
     0.9        1   0.4325 0.482898
     0.9        2    0.465 0.483065
     0.9        4    0.475 0.482885
    0.95     0.05   0.4725 0.475619
    0.95      0.1   0.4575 0.472334
    0.95     0.15   0.4475 0.467763
    0.95      0.2   0.4475 0.468901
    0.95      0.3   0.4775 0.480508
    0.95      0.4    0.485 0.485336
    0.95      0.5     0.48 0.486505
    0.95      0.6   0.4925 0.486935
    0.95      0.7   0.4925 0.487193
    0.95      0.8   0.4825 0.487394
    0.95      0.9    0.465 0.487537
    0.95        1   0.4575 0.487625
    0.95        2   0.4725 0.487569
    0.95        4    0.475 0.487329
    0.99     0.05   0.4725 0.474727
    0.99      0.1    0.455 0.469267
    0.99     0.15     0.45  0.46508
    0.99      0.2   0.4625  0.47515
    0.99      0.3    0.495 0.492383
    0.99      0.4    0.485 0.495069
    0.99      0.5   0.4775 0.495569
    0.99      0.6    0.475 0.495756
    0.99      0.7    0.475 0.495875
    0.99      0.8    0.475 0.495968
    0.99      0.9    0.475  0.49603
    0.99        1   0.4775 0.496068
    0.99        2    0.475 0.496014
    0.99        4    0.475 0.495881
   0.999     0.05   0.4725 0.473337
   0.999      0.1   0.4675  0.46869
   0.999     0.15   0.4675 0.472182
   0.999      0.2    0.505 0.490495
   0.999      0.3   0.5025 0.499006
   0.999      0.4   0.4975 0.499367
   0.999      0.5      0.5 0.499458
   0.999      0.6      0.5 0.499493
   0.999      0.7   0.4975 0.499514
   0.999      0.8   0.4875 0.499529
   0.999      0.9    0.475 0.499538
   0.999        1    0.475 0.499544
   0.999        2    0.475 0.499538
   0.999        4    0.475 0.499521
  0.9999     0.05    0.465 0.470411
  0.9999      0.1    0.455 0.467098
  0.9999     0.15     0.47 0.483252
  0.9999      0.2    0.515 0.497428
  0.9999      0.3      0.5 0.499897
  0.9999      0.4      0.5 0.499934
  0.9999      0.5      0.5 0.499944
  0.9999      0.6      0.5 0.499948
  0.9999      0.7      0.5  0.49995
  0.9999      0.8      0.5 0.499952
  0.9999      0.9      0.5 0.499953
  0.9999        1      0.5 0.499954
  0.9999        2      0.5 0.499953
  0.9999        4      0.5 0.499951