        0      0.05  0.166667  0.466667
        0       0.1  0.166667  0.466667
        0      0.15  0.166667  0.466667
        0       0.2  0.166667  0.466667
        0      0.25  0.166667  0.466667
        0       0.3  0.166667  0.466667
        0      0.35  0.166667  0.466667
        0       0.4  0.166667  0.466667
        0      0.45  0.166667  0.466667
        0       0.5  0.166667  0.466667
        0      0.55  0.166667  0.466667
        0       0.6  0.166667  0.466667
        0      0.65  0.166667  0.466667
        0       0.7  0.166667  0.466667
        0      0.75  0.166667  0.466667
        0       0.8  0.166667  0.466667
        0      0.85  0.166667  0.466667
        0       0.9  0.166667  0.466667
        0      0.95  0.166667  0.466667
        0         2  0.166667  0.466667
        0         4  0.166667  0.466667
        0         8  0.166667  0.466667
        0        16  0.166667  0.466667
      0.1      0.05  0.166667  0.466667
      0.1       0.1     0.154     0.198
      0.1      0.15 0.0326667 0.0323187
      0.1       0.2 0.0366667 0.0358465
      0.1      0.25 0.0373333 0.0363238
      0.1       0.3 0.0386667 0.0375791
      0.1      0.35     0.038 0.0383724
      0.1       0.4     0.038 0.0399025
      0.1      0.45      0.04 0.0419694
      0.1       0.5 0.0426667 0.0447679
      0.1      0.55 0.0453333 0.0482868
      0.1       0.6 0.0466667 0.0520587
      0.1      0.65      0.05 0.0561039
      0.1       0.7     0.052 0.0602683
      0.1      0.75 0.0566667 0.0642455
      0.1       0.8 0.0606667 0.0680397
      0.1      0.85 0.0633333 0.0718947
      0.1       0.9     0.064 0.0759978
      0.1      0.95     0.066 0.0804497
      0.1         2 0.0886667  0.233467
      0.1         4     0.194  0.418899
      0.1         8  0.239333  0.456938
      0.1        16  0.240667  0.464524
      0.2      0.05  0.166667  0.466667
      0.2       0.1     0.154     0.198
      0.2      0.15 0.0326667 0.0322429
      0.2       0.2 0.0353333 0.0355576
      0.2      0.25 0.0366667 0.0358243
      0.2       0.3     0.036 0.0362747
      0.2      0.35     0.038 0.0372742
      0.2       0.4     0.038 0.0381838
      0.2      0.45 0.0386667  0.039652
      0.2       0.5 0.0393333 0.0416092
      0.2      0.55      0.04  0.044217
      0.2       0.6     0.042 0.0475054
      0.2      0.65 0.0446667 0.0511215
      0.2       0.7 0.0453333 0.0549619
      0.2      0.75 0.0493333 0.0589973
      0.2       0.8 0.0513333 0.0631869
      0.2      0.85     0.056 0.0674662
      0.2       0.9 0.0573333 0.0718669
      0.2      0.95 0.0586667 0.0765012
      0.2         2 0.0846667   0.23789
      0.2         4  0.183333  0.421632
      0.2         8  0.232667  0.457789
      0.2        16  0.234667  0.464963
      0.3      0.05  0.166667  0.466667
      0.3       0.1     0.154     0.198
      0.3      0.15 0.0326667 0.0323775
      0.3       0.2 0.0353333 0.0355227
      0.3      0.25     0.036 0.0356482
      0.3       0.3     0.036 0.0358384
      0.3      0.35     0.036 0.0363328
      0.3       0.4 0.0366667 0.0372047
      0.3      0.45     0.038 0.0382203
      0.3       0.5 0.0393333 0.0398138
      0.3      0.55 0.0393333 0.0419288
      0.3       0.6      0.04 0.0446953
      0.3      0.65 0.0406667  0.048017
      0.3       0.7 0.0433333 0.0516616
      0.3      0.75 0.0426667 0.0555503
      0.3       0.8 0.0453333 0.0596967
      0.3      0.85     0.052 0.0641141
      0.3       0.9     0.054 0.0687878
      0.3      0.95 0.0573333 0.0737214
      0.3         2 0.0786667  0.243026
      0.3         4     0.168  0.424495
      0.3         8  0.223333  0.458721
      0.3        16  0.229333  0.465481
      0.4      0.05  0.166667  0.466667
      0.4       0.1     0.154     0.198
      0.4      0.15 0.0333333 0.0325122
      0.4       0.2 0.0353333 0.0356184
      0.4      0.25 0.0353333  0.035633
      0.4       0.3 0.0366667 0.0356671
      0.4      0.35     0.036 0.0358599
      0.4       0.4     0.036 0.0363939
      0.4      0.45 0.0373333  0.037236
      0.4       0.5     0.038  0.038449
      0.4      0.55     0.038 0.0402547
      0.4       0.6 0.0386667 0.0426776
      0.4      0.65 0.0393333  0.045715
      0.4       0.7 0.0406667 0.0492044
      0.4      0.75 0.0413333 0.0530158
      0.4       0.8 0.0426667 0.0571377
      0.4      0.85 0.0446667 0.0616004
      0.4       0.9     0.048 0.0664173
      0.4      0.95 0.0493333 0.0715858
      0.4         2     0.074  0.249028
      0.4         4  0.155333  0.427518
      0.4         8  0.208667  0.459768
      0.4        16     0.214  0.466111
      0.5      0.05  0.166667  0.466667
      0.5       0.1     0.154     0.198
      0.5      0.15 0.0333333 0.0326236
      0.5       0.2     0.036 0.0357459
      0.5      0.25 0.0353333 0.0356997
      0.5       0.3     0.036 0.0356025
      0.5      0.35     0.036 0.0355976
      0.5       0.4 0.0353333 0.0358236
      0.5      0.45     0.036 0.0364388
      0.5       0.5     0.036 0.0374196
      0.5      0.55 0.0353333 0.0389249
      0.5       0.6 0.0373333 0.0410602
      0.5      0.65 0.0373333 0.0438551
      0.5       0.7 0.0386667   0.04721
      0.5      0.75 0.0393333 0.0509876
      0.5       0.8      0.04 0.0551436
      0.5      0.85     0.042 0.0596979
      0.5       0.9 0.0446667 0.0646701
      0.5      0.95 0.0473333 0.0700619
      0.5         2 0.0713333  0.256128
      0.5         4     0.142  0.430755
      0.5         8     0.196  0.460989
      0.5        16  0.204667  0.466914
      0.6      0.05  0.166667  0.466667
      0.6       0.1     0.154     0.198
      0.6      0.15 0.0333333 0.0327026
      0.6       0.2 0.0366667 0.0358128
      0.6      0.25     0.036 0.0357431
      0.6       0.3 0.0353333 0.0355578
      0.6      0.35     0.036 0.0354027
      0.6       0.4 0.0353333 0.0354126
      0.6      0.45 0.0346667 0.0357714
      0.6       0.5     0.034 0.0365719
      0.6      0.55 0.0333333 0.0378674
      0.6       0.6 0.0353333 0.0397753
      0.6      0.65 0.0353333 0.0423538
      0.6       0.7 0.0366667  0.045575
      0.6      0.75 0.0393333 0.0493379
      0.6       0.8 0.0393333 0.0535783
      0.6      0.85 0.0406667 0.0582921
      0.6       0.9     0.042 0.0634899
      0.6      0.95     0.046 0.0691696
      0.6         2 0.0646667  0.264688
      0.6         4      0.13  0.434306
      0.6         8     0.178  0.462494
      0.6        16  0.184667  0.467999
      0.7      0.05  0.166667  0.466667
      0.7       0.1     0.154     0.198
      0.7      0.15 0.0333333 0.0327304
      0.7       0.2     0.036 0.0357218
      0.7      0.25 0.0366667 0.0356289
      0.7       0.3 0.0366667 0.0354009
      0.7      0.35 0.0353333 0.0351655
      0.7       0.4     0.036 0.0350448
      0.7      0.45 0.0353333 0.0352011
      0.7       0.5 0.0333333 0.0358174
      0.7      0.55 0.0326667 0.0369608
      0.7       0.6 0.0326667 0.0387219
      0.7      0.65 0.0353333 0.0411851
      0.7       0.7     0.036 0.0443577
      0.7      0.75 0.0353333 0.0481751
      0.7       0.8     0.036 0.0525752
      0.7      0.85     0.038 0.0575384
      0.7       0.9      0.04 0.0630642
      0.7      0.95 0.0406667 0.0691429
      0.7         2 0.0593333  0.275318
      0.7         4     0.126  0.438379
      0.7         8  0.163333  0.464508
      0.7        16  0.173333  0.469594
      0.8      0.05  0.166667  0.466667
      0.8       0.1     0.154     0.198
      0.8      0.15 0.0333333 0.0326489
      0.8       0.2 0.0353333  0.035364
      0.8      0.25 0.0346667 0.0352066
      0.8       0.3     0.034 0.0349726
      0.8      0.35     0.034 0.0347149
      0.8       0.4 0.0333333 0.0345359
      0.8      0.45     0.034 0.0345755
      0.8       0.5 0.0333333 0.0350357
      0.8      0.55     0.034 0.0360661
      0.8       0.6 0.0333333 0.0377735
      0.8      0.65 0.0326667 0.0402792
      0.8       0.7 0.0326667  0.043622
      0.8      0.75 0.0326667 0.0477394
      0.8       0.8     0.034 0.0525473
      0.8      0.85     0.036 0.0580028
      0.8       0.9     0.038  0.064096
      0.8      0.95 0.0366667 0.0708071
      0.8         2 0.0526667  0.289228
      0.8         4  0.130667  0.443502
      0.8         8  0.165333  0.467593
      0.8        16     0.174  0.472263
      0.9      0.05  0.166667  0.466667
      0.9       0.1     0.154     0.198
      0.9      0.15 0.0333333 0.0322516
      0.9       0.2 0.0333333 0.0345146
      0.9      0.25 0.0333333   0.03425
      0.9       0.3 0.0333333 0.0339638
      0.9      0.35 0.0326667 0.0336593
      0.9       0.4 0.0333333 0.0334276
      0.9      0.45 0.0326667 0.0334181
      0.9       0.5     0.032 0.0338749
      0.9      0.55 0.0306667 0.0350143
      0.9       0.6 0.0313333 0.0370247
      0.9      0.65 0.0306667 0.0400756
      0.9       0.7      0.03 0.0442046
      0.9      0.75     0.034 0.0492867
      0.9       0.8 0.0333333 0.0551758
      0.9      0.85 0.0353333 0.0618138
      0.9       0.9 0.0346667 0.0691684
      0.9      0.95     0.036 0.0771461
      0.9         2 0.0673333  0.309842
      0.9         4     0.166  0.451505
      0.9         8  0.166667  0.473627
      0.9        16  0.166667  0.477883
        1      0.05       0.2       0.5
        1       0.1       0.2       0.5
        1      0.15       0.2       0.5
        1       0.2       0.2       0.5
        1      0.25       0.2       0.5
        1       0.3       0.2       0.5
        1      0.35       0.2       0.5
        1       0.4       0.2       0.5
        1      0.45       0.2       0.5
        1       0.5       0.2       0.5
        1      0.55       0.2       0.5
        1       0.6       0.2       0.5
        1      0.65       0.2       0.5
        1       0.7       0.2       0.5
        1      0.75       0.2       0.5
        1       0.8       0.2       0.5
        1      0.85       0.2       0.5
        1       0.9       0.2       0.5
        1      0.95       0.2       0.5
        1         2       0.2       0.5
        1         4       0.2       0.5
        1         8       0.2       0.5
        1        16       0.2       0.5
     0.99      0.05  0.166667  0.466667
     0.99       0.1     0.154     0.198
     0.99      0.15 0.0313333 0.0312437
     0.99       0.2     0.032 0.0321573
     0.99      0.25     0.032 0.0321168
     0.99       0.3 0.0326667 0.0319349
     0.99      0.35     0.032  0.031276
     0.99       0.4      0.03 0.0313757
     0.99      0.45      0.03 0.0322875
     0.99       0.5      0.03  0.034226
     0.99      0.55 0.0313333  0.037554
     0.99       0.6     0.032 0.0434637
     0.99      0.65 0.0313333 0.0520143
     0.99       0.7 0.0313333 0.0620111
     0.99      0.75 0.0353333 0.0726697
     0.99       0.8     0.038  0.083481
     0.99      0.85 0.0346667 0.0938777
     0.99       0.9     0.034  0.103737
     0.99      0.95 0.0273333  0.113268
     0.99         2  0.172667  0.356315
     0.99         4  0.166667  0.470901
     0.99         8  0.166667  0.490657
     0.99        16  0.166667  0.494466
    0.999      0.05  0.166667  0.466667
    0.999       0.1     0.154     0.198
    0.999      0.15 0.0313333 0.0313604
    0.999       0.2     0.032 0.0319224
    0.999      0.25 0.0326667 0.0319281
    0.999       0.3 0.0306667 0.0307602
    0.999      0.35 0.0306667 0.0311716
    0.999       0.4 0.0306667  0.032459
    0.999      0.45     0.032 0.0350654
    0.999       0.5 0.0313333 0.0411898
    0.999      0.55 0.0366667  0.055123
    0.999       0.6 0.0653333 0.0721866
    0.999      0.65     0.094  0.087616
    0.999       0.7 0.0946667  0.101516
    0.999      0.75     0.094  0.111749
    0.999       0.8     0.036  0.118487
    0.999      0.85 0.0286667  0.123063
    0.999       0.9 0.0273333  0.126744
    0.999      0.95 0.0266667  0.130977
    0.999         2       0.2  0.372827
    0.999         4       0.2   0.47553
    0.999         8  0.194667   0.49465
    0.999        16  0.166667  0.498377