       0     0.05 0.494667     0.49
     0.2     0.05 0.477333 0.478351
     0.4     0.05    0.478  0.47772
     0.6     0.05    0.478 0.477343
     0.8     0.05    0.478 0.478279
     0.9     0.05 0.475333 0.480969
    0.95     0.05    0.474  0.48469
    0.99     0.05    0.486 0.493329
   0.999     0.05 0.486667 0.499133
  0.9999     0.05 0.504667 0.500055
       0      0.1 0.494667     0.49
     0.2      0.1    0.484 0.477492
     0.4      0.1 0.477333 0.478708
     0.6      0.1 0.481333 0.480589
     0.8      0.1 0.478667 0.483911
     0.9      0.1 0.485333 0.486995
    0.95      0.1 0.483333 0.489877
    0.99      0.1 0.482667 0.495839
   0.999      0.1 0.494667 0.499567
  0.9999      0.1 0.504667 0.500112
       0     0.15 0.494667     0.49
     0.2     0.15 0.484667  0.48116
     0.4     0.15 0.487333 0.482619
     0.6     0.15 0.487333 0.484444
     0.8     0.15    0.486  0.48702
     0.9     0.15 0.489333 0.489246
    0.95     0.15 0.488667 0.491424
    0.99     0.15    0.486 0.496343
   0.999     0.15 0.494667 0.499621
  0.9999     0.15 0.504667 0.500107
       0      0.2 0.494667     0.49
     0.2      0.2    0.488 0.484328
     0.4      0.2 0.483333 0.485391
     0.6      0.2 0.485333 0.486669
     0.8      0.2 0.486667 0.488522
     0.9      0.2 0.488667 0.490246
    0.95      0.2 0.482667 0.492058
    0.99      0.2 0.494667  0.49652
   0.999      0.2 0.494667 0.499633
  0.9999      0.2 0.504667 0.500098
       0      0.3 0.494667     0.49
     0.2      0.3     0.48 0.487342
     0.4      0.3 0.479333 0.487889
     0.6      0.3 0.479333 0.488618
     0.8      0.3     0.48 0.489802
     0.9      0.3 0.480667 0.491046
    0.95      0.3 0.490667  0.49253
    0.99      0.3 0.494667 0.496642
   0.999      0.3 0.494667 0.499626
  0.9999      0.3 0.504667 0.500073
       0      0.4 0.494667     0.49
     0.2      0.4    0.484 0.488432
     0.4      0.4     0.48 0.488831
     0.6      0.4 0.479333 0.489367
     0.8      0.4    0.478 0.490267
     0.9      0.4 0.486667 0.491311
    0.95      0.4 0.486667 0.492673
    0.99      0.4 0.494667 0.496674
   0.999      0.4 0.494667 0.499608
  0.9999      0.4 0.504667 0.500046
       0      0.5 0.494667     0.49
     0.2      0.5 0.485333 0.488971
     0.4      0.5 0.483333  0.48929
     0.6      0.5 0.480667 0.489716
     0.8      0.5 0.480667 0.490466
     0.9      0.5 0.485333 0.491413
    0.95      0.5 0.494667 0.492724
    0.99      0.5 0.494667  0.49668
   0.999      0.5 0.494667  0.49959
  0.9999      0.5 0.504667 0.500023
       0      0.6 0.494667     0.49
     0.2      0.6 0.483333 0.489285
     0.4      0.6 0.486667 0.489547
     0.6      0.6 0.480667 0.489902
     0.8      0.6    0.482 0.490563
     0.9      0.6 0.488667 0.491459
    0.95      0.6 0.494667 0.492743
    0.99      0.6 0.494667 0.496678
   0.999      0.6 0.494667 0.499576
  0.9999      0.6 0.504667 0.500006
       0      0.7 0.494667     0.49
     0.2      0.7    0.482 0.489482
     0.4      0.7 0.487333 0.489704
     0.6      0.7 0.480667 0.490011
     0.8      0.7 0.482667 0.490617
     0.9      0.7    0.488 0.491483
    0.95      0.7 0.494667 0.492752
    0.99      0.7 0.494667 0.496674
   0.999      0.7 0.494667 0.499565
  0.9999      0.7 0.504667 0.499994
       0      0.8 0.494667     0.49
     0.2      0.8    0.484 0.489613
     0.4      0.8    0.488 0.489805
     0.6      0.8 0.480667  0.49008
     0.8      0.8 0.482667  0.49065
     0.9      0.8 0.488667 0.491496
    0.95      0.8 0.494667 0.492755
    0.99      0.8 0.494667  0.49667
   0.999      0.8 0.494667 0.499557
  0.9999      0.8 0.504667 0.499985
       0      0.9 0.494667     0.49
     0.2      0.9 0.484667 0.489704
     0.4      0.9 0.486667 0.489875
     0.6      0.9 0.479333 0.490126
     0.8      0.9 0.481333 0.490671
     0.9      0.9 0.484667 0.491504
    0.95      0.9 0.494667 0.492757
    0.99      0.9 0.494667 0.496666
   0.999      0.9 0.494667 0.499551
  0.9999      0.9 0.504667 0.499979
       0        1 0.494667     0.49
     0.2        1 0.482667 0.489769
     0.4        1 0.487333 0.489924
     0.6        1 0.478667 0.490159
     0.8        1 0.481333 0.490685
     0.9        1 0.486667 0.491509
    0.95        1 0.494667 0.492757
    0.99        1 0.494667 0.496663
   0.999        1 0.494667 0.499546
  0.9999        1      0.5 0.499974
       0        2 0.494667     0.49
     0.2        2 0.484667  0.48998
     0.4        2    0.488  0.49008
     0.6        2 0.478667 0.490259
     0.8        2 0.480667 0.490728
     0.9        2    0.496 0.491523
    0.95        2 0.494667 0.492756
    0.99        2 0.494667 0.496651
   0.999        2 0.494667  0.49953
  0.9999        2 0.494667 0.499956
       0        4 0.494667     0.49
     0.2        4 0.485333 0.490032
     0.4        4 0.488667 0.490119
     0.6        4 0.479333 0.490283
     0.8        4 0.482667 0.490738
     0.9        4    0.492 0.491526
    0.95        4 0.494667 0.492755
    0.99        4 0.494667 0.496647
   0.999        4 0.494667 0.499525
  0.9999        4 0.494667 0.499952