        0      0.05  0.166667  0.466667
      0.2      0.05  0.166667  0.320667
      0.4      0.05  0.166667  0.320667
      0.6      0.05  0.166667  0.320667
      0.8      0.05  0.166667  0.320667
      0.9      0.05  0.166667  0.320667
     0.95      0.05  0.166667  0.320667
     0.99      0.05  0.166667  0.320667
    0.999      0.05  0.166667  0.320667
   0.9999      0.05  0.166667  0.320667
        0       0.1  0.166667  0.466667
      0.2       0.1 0.0726667  0.071667
      0.4       0.1 0.0693333 0.0701839
      0.6       0.1 0.0686667 0.0696132
      0.8       0.1 0.0686667 0.0700289
      0.9       0.1 0.0713333  0.070684
     0.95       0.1 0.0713333 0.0709073
     0.99       0.1 0.0706667 0.0698647
    0.999       0.1     0.066 0.0672763
   0.9999       0.1 0.0666667 0.0655592
        0      0.15  0.166667  0.466667
      0.2      0.15 0.0766667 0.0737398
      0.4      0.15 0.0713333 0.0721309
      0.6      0.15 0.0713333 0.0712483
      0.8      0.15 0.0706667 0.0706165
      0.9      0.15      0.07 0.0698151
     0.95      0.15 0.0693333 0.0685375
     0.99      0.15     0.064 0.0655571
    0.999      0.15 0.0633333 0.0646392
   0.9999      0.15 0.0653333 0.0671872
        0       0.2  0.166667  0.466667
      0.2       0.2     0.072 0.0718685
      0.4       0.2 0.0726667 0.0714095
      0.6       0.2      0.07 0.0701161
      0.8       0.2 0.0673333 0.0686249
      0.9       0.2 0.0626667 0.0670538
     0.95       0.2 0.0613333   0.06572
     0.99       0.2 0.0633333 0.0652438
    0.999       0.2     0.072 0.0699413
   0.9999       0.2      0.07 0.0692724
        0       0.3  0.166667  0.466667
      0.2       0.3     0.066 0.0715173
      0.4       0.3 0.0673333 0.0706466
      0.6       0.3     0.064 0.0692324
      0.8       0.3 0.0606667 0.0670157
      0.9       0.3 0.0606667 0.0661877
     0.95       0.3 0.0606667 0.0664916
     0.99       0.3     0.062 0.0677075
    0.999       0.3 0.0573333 0.0783849
   0.9999       0.3 0.0846667  0.105453
        0       0.4  0.166667  0.466667
      0.2       0.4 0.0706667 0.0799454
      0.4       0.4 0.0633333 0.0750623
      0.6       0.4      0.06 0.0723028
      0.8       0.4     0.056 0.0699083
      0.9       0.4      0.05 0.0695119
     0.95       0.4     0.048 0.0710284
     0.99       0.4 0.0453333 0.0847971
    0.999       0.4 0.0406667  0.119427
   0.9999       0.4     0.038   0.12531
        0       0.5  0.166667  0.466667
      0.2       0.5 0.0713333 0.0907837
      0.4       0.5     0.064 0.0857496
      0.6       0.5 0.0593333 0.0824331
      0.8       0.5 0.0473333 0.0817641
      0.9       0.5     0.042 0.0852698
     0.95       0.5 0.0366667 0.0924316
     0.99       0.5     0.028  0.115072
    0.999       0.5 0.0333333  0.132601
   0.9999       0.5 0.0793333  0.138634
        0       0.6  0.166667  0.466667
      0.2       0.6 0.0793333  0.104836
      0.4       0.6 0.0666667  0.101569
      0.6       0.6 0.0526667  0.100288
      0.8       0.6     0.042   0.10399
      0.9       0.6 0.0333333  0.112271
     0.95       0.6 0.0306667  0.123244
     0.99       0.6 0.0313333  0.148364
    0.999       0.6     0.072  0.167984
   0.9999       0.6     0.144   0.21339
        0       0.7  0.166667  0.466667
      0.2       0.7     0.078  0.123905
      0.4       0.7 0.0686667  0.123127
      0.6       0.7      0.06  0.125236
      0.8       0.7 0.0466667  0.134325
      0.9       0.7 0.0346667  0.147494
     0.95       0.7 0.0366667  0.161958
     0.99       0.7 0.0466667  0.189227
    0.999       0.7     0.108  0.228922
   0.9999       0.7       0.2  0.272643
        0       0.8  0.166667  0.466667
      0.2       0.8     0.082   0.14755
      0.4       0.8      0.07  0.150065
      0.6       0.8 0.0606667  0.156329
      0.8       0.8 0.0493333  0.171428
      0.9       0.8 0.0413333  0.188731
     0.95       0.8 0.0426667  0.205124
     0.99       0.8      0.08  0.237077
    0.999       0.8     0.186  0.285528
   0.9999       0.8       0.2  0.307387
        0       0.9  0.166667  0.466667
      0.2       0.9     0.076  0.175875
      0.4       0.9     0.064  0.181845
      0.6       0.9 0.0593333  0.192155
      0.8       0.9      0.05  0.212033
      0.9       0.9     0.048  0.231519
     0.95       0.9     0.054  0.248955
     0.99       0.9  0.108667  0.285675
    0.999       0.9  0.198667  0.324508
   0.9999       0.9       0.2  0.334416
        0         1  0.166667  0.466667
      0.2         1 0.0706667  0.207636
      0.4         1 0.0646667  0.216464
      0.6         1      0.06   0.22974
      0.8         1 0.0506667  0.252267
      0.9         1 0.0546667  0.272582
     0.95         1 0.0806667  0.290613
     0.99         1  0.151333  0.326519
    0.999         1       0.2   0.35313
   0.9999         1       0.2  0.358107
        0         2  0.166667  0.466667
      0.2         2       0.1  0.406892
      0.4         2 0.0926667  0.413374
      0.6         2 0.0986667  0.420939
      0.8         2      0.14  0.431129
      0.9         2     0.166  0.439699
     0.95         2  0.166667  0.447458
     0.99         2  0.166667  0.459965
    0.999         2       0.2  0.464922
   0.9999         2       0.2  0.465502
        0         4  0.166667  0.466667
      0.2         4      0.16  0.454505
      0.4         4  0.142667  0.456603
      0.6         4     0.138  0.459449
      0.8         4      0.16  0.464663
      0.9         4  0.166667  0.470749
     0.95         4  0.166667  0.477192
     0.99         4  0.166667  0.487855
    0.999         4       0.2  0.491872
   0.9999         4       0.2   0.49233