       0     0.05 0.465333 0.466667
     0.2     0.05 0.465333 0.466667
     0.4     0.05 0.465333 0.466667
     0.6     0.05 0.465333 0.466667
     0.8     0.05 0.465333 0.466667
     0.9     0.05 0.465333 0.466667
    0.95     0.05 0.465333 0.466667
    0.99     0.05 0.465333 0.466667
   0.999     0.05 0.465333 0.466667
  0.9999     0.05 0.465333 0.466667
       0      0.1 0.465333 0.466667
     0.2      0.1 0.398667 0.399819
     0.4      0.1      0.4 0.404948
     0.6      0.1 0.408667 0.411335
     0.8      0.1 0.418667 0.418709
     0.9      0.1 0.425333  0.42316
    0.95      0.1 0.430667  0.42568
    0.99      0.1 0.421333 0.425444
   0.999      0.1    0.418 0.426896
  0.9999      0.1 0.427333  0.42972
       0     0.15 0.465333 0.466667
     0.2     0.15 0.381333  0.39049
     0.4     0.15 0.394667 0.400844
     0.6     0.15 0.400667 0.408794
     0.8     0.15    0.412 0.416776
     0.9     0.15 0.422667 0.420869
    0.95     0.15 0.413333 0.422864
    0.99     0.15 0.418667  0.42813
   0.999     0.15    0.428 0.435929
  0.9999     0.15     0.43 0.441067
       0      0.2 0.465333 0.466667
     0.2      0.2 0.377333 0.379785
     0.4      0.2 0.380667 0.392495
     0.6      0.2 0.393333 0.403566
     0.8      0.2    0.402 0.414766
     0.9      0.2 0.405333 0.421618
    0.95      0.2 0.420667 0.426855
    0.99      0.2 0.431333 0.437725
   0.999      0.2 0.452667 0.454981
  0.9999      0.2    0.472 0.469911
       0      0.3 0.465333 0.466667
     0.2      0.3 0.315333 0.366801
     0.4      0.3 0.322667 0.382931
     0.6      0.3 0.346667 0.399576
     0.8      0.3 0.368667 0.421127
     0.9      0.3 0.403333  0.43808
    0.95      0.3 0.431333 0.452092
    0.99      0.3 0.461333 0.475913
   0.999      0.3 0.486667 0.493342
  0.9999      0.3 0.497333 0.498687
       0      0.4 0.465333 0.466667
     0.2      0.4 0.275333 0.381677
     0.4      0.4 0.271333 0.397913
     0.6      0.4 0.278667 0.416871
     0.8      0.4    0.334 0.441339
     0.9      0.4 0.419333 0.458611
    0.95      0.4 0.455333 0.471238
    0.99      0.4 0.465333 0.489599
   0.999      0.4 0.495333 0.498452
  0.9999      0.4 0.498667 0.499718
       0      0.5 0.465333 0.466667
     0.2      0.5    0.248 0.407703
     0.4      0.5 0.250667 0.420859
     0.6      0.5 0.259333 0.435889
     0.8      0.5 0.316667 0.454545
     0.9      0.5    0.432 0.467723
    0.95      0.5 0.462667 0.477861
    0.99      0.5 0.465333 0.492874
   0.999      0.5 0.497333 0.499078
  0.9999      0.5 0.498667 0.499838
       0      0.6 0.465333 0.466667
     0.2      0.6     0.24 0.427296
     0.4      0.6 0.240667  0.43702
     0.6      0.6 0.250667  0.44798
     0.8      0.6 0.316667 0.461764
     0.9      0.6    0.444 0.472215
    0.95      0.6 0.465333 0.480902
    0.99      0.6 0.465333 0.494115
   0.999      0.6 0.497333 0.499276
  0.9999      0.6 0.498667 0.499882
       0      0.7 0.465333 0.466667
     0.2      0.7 0.239333 0.439492
     0.4      0.7 0.238667 0.446734
     0.6      0.7 0.256667 0.454948
     0.8      0.7 0.333333 0.465718
     0.9      0.7 0.450667 0.474598
    0.95      0.7 0.465333  0.48247
    0.99      0.7 0.465333 0.494697
   0.999      0.7 0.496667 0.499364
  0.9999      0.7 0.498667 0.499904
       0      0.8 0.465333 0.466667
     0.2      0.8 0.238667 0.447053
     0.4      0.8    0.242 0.452651
     0.6      0.8 0.259333  0.45911
     0.8      0.8 0.339333 0.468025
     0.9      0.8    0.452 0.475965
    0.95      0.8 0.465333 0.483352
    0.99      0.8 0.465333 0.495007
   0.999      0.8    0.492 0.499411
  0.9999      0.8 0.498667 0.499917
       0      0.9 0.465333 0.466667
     0.2      0.9 0.236667 0.451941
     0.4      0.9 0.245333 0.456439
     0.6      0.9 0.261333 0.461744
     0.8      0.9 0.347333 0.469466
     0.9      0.9    0.452 0.476807
    0.95      0.9 0.465333 0.483886
    0.99      0.9 0.465333 0.495188
   0.999      0.9 0.479333 0.499439
  0.9999      0.9 0.498667 0.499925
       0        1 0.465333 0.466667
     0.2        1    0.244 0.455251
     0.4        1 0.255333 0.458988
     0.6        1 0.266667 0.463505
     0.8        1 0.349333 0.470419
     0.9        1 0.452667 0.477357
    0.95        1 0.465333  0.48423
    0.99        1 0.465333 0.495301
   0.999        1 0.465333 0.499456
  0.9999        1 0.498667  0.49993
       0        2 0.465333 0.466667
     0.2        2 0.260667 0.464578
     0.4        2 0.267333 0.466098
     0.6        2 0.289333 0.468359
     0.8        2 0.355333 0.472996
     0.9        2     0.45 0.478803
    0.95        2 0.465333 0.485096
    0.99        2 0.465333 0.495564
   0.999        2 0.465333 0.499498
  0.9999        2 0.498667 0.499946
       0        4 0.465333 0.466667
     0.2        4     0.27 0.466578
     0.4        4 0.271333 0.467608
     0.6        4    0.296 0.469377
     0.8        4 0.357333 0.473523
     0.9        4     0.45 0.479085
    0.95        4 0.465333 0.485253
    0.99        4 0.465333 0.495605
   0.999        4 0.465333 0.499505
  0.9999        4 0.465333 0.499949