        0      0.05      0.19      0.49
      0.2      0.05  0.189333  0.368333
      0.4      0.05  0.189333  0.368333
      0.6      0.05  0.189333     0.368
      0.8      0.05  0.189333  0.367333
      0.9      0.05  0.189333  0.367333
     0.95      0.05  0.189333  0.367333
     0.99      0.05  0.189333  0.367333
    0.999      0.05  0.189333  0.367333
   0.9999      0.05  0.189333  0.367333
        0       0.1      0.19      0.49
      0.2       0.1     0.064 0.0636328
      0.4       0.1     0.062 0.0629267
      0.6       0.1 0.0633333 0.0627499
      0.8       0.1     0.062 0.0622089
      0.9       0.1 0.0606667 0.0614018
     0.95       0.1      0.06 0.0611126
     0.99       0.1      0.06 0.0614408
    0.999       0.1 0.0613333 0.0616081
   0.9999       0.1     0.064 0.0628137
        0      0.15      0.19      0.49
      0.2      0.15     0.068 0.0678158
      0.4      0.15 0.0646667 0.0645974
      0.6      0.15 0.0633333 0.0636785
      0.8      0.15     0.064 0.0629935
      0.9      0.15 0.0626667 0.0626108
     0.95      0.15     0.064 0.0622689
     0.99      0.15 0.0653333 0.0627797
    0.999      0.15 0.0626667  0.062229
   0.9999      0.15     0.062 0.0637847
        0       0.2      0.19      0.49
      0.2       0.2     0.072  0.073089
      0.4       0.2 0.0686667 0.0691139
      0.6       0.2 0.0666667  0.066217
      0.8       0.2     0.062 0.0635929
      0.9       0.2 0.0613333 0.0624045
     0.95       0.2 0.0613333 0.0625256
     0.99       0.2 0.0626667  0.063132
    0.999       0.2     0.066 0.0655712
   0.9999       0.2 0.0686667 0.0686552
        0       0.3      0.19      0.49
      0.2       0.3 0.0926667 0.0934848
      0.4       0.3 0.0786667 0.0822737
      0.6       0.3 0.0726667  0.075561
      0.8       0.3 0.0673333  0.069913
      0.9       0.3 0.0606667 0.0674353
     0.95       0.3     0.062 0.0663425
     0.99       0.3     0.056 0.0657977
    0.999       0.3 0.0506667 0.0665462
   0.9999       0.3     0.052 0.0882978
        0       0.4      0.19      0.49
      0.2       0.4  0.115333  0.119477
      0.4       0.4     0.096   0.10423
      0.6       0.4     0.082 0.0918448
      0.8       0.4      0.07 0.0808373
      0.9       0.4 0.0593333 0.0750985
     0.95       0.4 0.0546667 0.0723689
     0.99       0.4     0.042 0.0748604
    0.999       0.4 0.0406667   0.10517
   0.9999       0.4     0.036  0.117772
        0       0.5      0.19      0.49
      0.2       0.5  0.127333   0.14175
      0.4       0.5  0.106667  0.125893
      0.6       0.5     0.088  0.112383
      0.8       0.5 0.0666667  0.100115
      0.9       0.5     0.054 0.0959687
     0.95       0.5 0.0453333 0.0971902
     0.99       0.5 0.0393333   0.11117
    0.999       0.5      0.04  0.126261
   0.9999       0.5  0.131333  0.154046
        0       0.6      0.19      0.49
      0.2       0.6     0.138  0.167661
      0.4       0.6     0.116  0.152785
      0.6       0.6 0.0893333  0.141059
      0.8       0.6     0.062  0.132716
      0.9       0.6 0.0493333  0.132885
     0.95       0.6 0.0433333  0.137808
     0.99       0.6 0.0386667  0.151732
    0.999       0.6  0.123333  0.171655
   0.9999       0.6  0.186667  0.208362
        0       0.7      0.19      0.49
      0.2       0.7  0.151333  0.195357
      0.4       0.7  0.127333  0.184048
      0.6       0.7 0.0966667   0.17627
      0.8       0.7 0.0653333  0.173662
      0.9       0.7     0.052  0.178316
     0.95       0.7 0.0453333  0.185427
     0.99       0.7      0.07  0.198713
    0.999       0.7     0.176  0.224516
   0.9999       0.7  0.199333  0.244278
        0       0.8      0.19      0.49
      0.2       0.8  0.158667  0.223432
      0.4       0.8  0.135333  0.217274
      0.6       0.8  0.101333  0.214866
      0.8       0.8 0.0726667  0.218832
      0.9       0.8 0.0573333  0.226628
     0.95       0.8     0.064  0.233962
     0.99       0.8  0.145333  0.246899
    0.999       0.8  0.193333  0.266145
   0.9999       0.8       0.2  0.274837
        0       0.9      0.19      0.49
      0.2       0.9     0.162  0.252494
      0.4       0.9  0.141333  0.251437
      0.6       0.9  0.113333  0.254014
      0.8       0.9      0.08  0.262546
      0.9       0.9 0.0786667  0.271127
     0.95       0.9       0.1  0.277649
     0.99       0.9  0.169333  0.288823
    0.999       0.9  0.198667   0.30154
   0.9999       0.9       0.2  0.305594
        0         1      0.19      0.49
      0.2         1     0.168  0.281801
      0.4         1  0.147333  0.284611
      0.6         1     0.114  0.290512
      0.8         1 0.0913333  0.301107
      0.9         1  0.101333  0.309385
     0.95         1  0.139333  0.315176
     0.99         1  0.180667  0.324774
    0.999         1  0.198667   0.33335
   0.9999         1       0.2  0.335555
        0         2      0.19      0.49
      0.2         2     0.278  0.443328
      0.4         2     0.256   0.44759
      0.6         2  0.214667  0.452092
      0.8         2  0.167333  0.456937
      0.9         2     0.188  0.459843
     0.95         2      0.19  0.462058
     0.99         2      0.19   0.46669
    0.999         2       0.2  0.469921
   0.9999         2       0.2  0.470417
        0         4      0.19      0.49
      0.2         4  0.305333  0.481008
      0.4         4  0.286667  0.482072
      0.6         4     0.266  0.483225
      0.8         4  0.207333  0.484679
      0.9         4      0.19  0.485969
     0.95         4      0.19   0.48745
     0.99         4      0.19  0.491542
    0.999         4      0.19  0.494473
   0.9999         4       0.2  0.494906