       0     0.05    0.498 0.493333
     0.2     0.05 0.508667 0.502919
     0.4     0.05 0.508667 0.501334
     0.6     0.05 0.507333 0.499279
     0.8     0.05 0.500667 0.496016
     0.9     0.05    0.502 0.493696
    0.95     0.05 0.498667 0.492946
    0.99     0.05 0.490667 0.495726
   0.999     0.05    0.488 0.499373
  0.9999     0.05 0.504667 0.500033
       0      0.1    0.498 0.493333
     0.2      0.1    0.502 0.497705
     0.4      0.1 0.499333 0.495839
     0.6      0.1    0.498 0.493957
     0.8      0.1 0.495333 0.492549
     0.9      0.1 0.491333 0.492744
    0.95      0.1 0.489333 0.493732
    0.99      0.1 0.488667 0.496974
   0.999      0.1    0.498 0.499708
  0.9999      0.1 0.504667 0.500166
       0     0.15    0.498 0.493333
     0.2     0.15    0.496 0.493639
     0.4     0.15 0.494667 0.492856
     0.6     0.15 0.494667 0.492419
     0.8     0.15 0.490667  0.49266
     0.9     0.15    0.494 0.493408
    0.95     0.15 0.493333 0.494387
    0.99     0.15    0.498 0.497241
   0.999     0.15    0.498 0.499755
  0.9999     0.15 0.504667 0.500182
       0      0.2    0.498 0.493333
     0.2      0.2    0.492 0.492369
     0.4      0.2 0.495333 0.492348
     0.6      0.2 0.496667 0.492543
     0.8      0.2 0.497333 0.493109
     0.9      0.2 0.488667 0.493801
    0.95      0.2 0.500667 0.494648
    0.99      0.2    0.498 0.497299
   0.999      0.2    0.498 0.499746
  0.9999      0.2 0.504667 0.500166
       0      0.3    0.498 0.493333
     0.2      0.3 0.493333 0.492621
     0.4      0.3 0.492667 0.492821
     0.6      0.3 0.487333 0.493087
     0.8      0.3    0.488 0.493534
     0.9      0.3 0.501333  0.49406
    0.95      0.3    0.498 0.494781
    0.99      0.3    0.498 0.497298
   0.999      0.3    0.498  0.49971
  0.9999      0.3 0.504667 0.500126
       0      0.4    0.498 0.493333
     0.2      0.4 0.478667 0.492948
     0.4      0.4    0.478 0.493094
     0.6      0.4 0.486667  0.49329
     0.8      0.4      0.5 0.493643
     0.9      0.4    0.498 0.494105
    0.95      0.4    0.498 0.494788
    0.99      0.4    0.498 0.497273
   0.999      0.4    0.498 0.499676
  0.9999      0.4 0.504667  0.50009
       0      0.5    0.498 0.493333
     0.2      0.5 0.479333 0.493093
     0.4      0.5 0.488667 0.493207
     0.6      0.5    0.496 0.493367
     0.8      0.5 0.500667 0.493673
     0.9      0.5    0.498 0.494107
    0.95      0.5    0.498 0.494773
    0.99      0.5    0.498 0.497246
   0.999      0.5    0.498 0.499646
  0.9999      0.5 0.504667 0.500059
       0      0.6    0.498 0.493333
     0.2      0.6 0.487333 0.493169
     0.4      0.6    0.492 0.493265
     0.6      0.6 0.498667 0.493403
     0.8      0.6    0.498 0.493682
     0.9      0.6    0.498   0.4941
    0.95      0.6    0.498 0.494757
    0.99      0.6    0.498 0.497223
   0.999      0.6    0.498 0.499622
  0.9999      0.6 0.504667 0.500035
       0      0.7    0.498 0.493333
     0.2      0.7 0.493333 0.493217
     0.4      0.7 0.485333   0.4933
     0.6      0.7 0.499333 0.493422
     0.8      0.7    0.498 0.493684
     0.9      0.7    0.498 0.494091
    0.95      0.7    0.498 0.494743
    0.99      0.7    0.498 0.497204
   0.999      0.7    0.498 0.499604
  0.9999      0.7 0.504667 0.500017
       0      0.8    0.498 0.493333
     0.2      0.8 0.497333 0.493248
     0.4      0.8 0.489333 0.493322
     0.6      0.8 0.496667 0.493434
     0.8      0.8    0.498 0.493683
     0.9      0.8    0.498 0.494084
    0.95      0.8    0.498 0.494732
    0.99      0.8    0.498  0.49719
   0.999      0.8    0.498 0.499591
  0.9999      0.8 0.504667 0.500004
       0      0.9    0.498 0.493333
     0.2      0.9 0.489333  0.49327
     0.4      0.9     0.49 0.493337
     0.6      0.9    0.498 0.493441
     0.8      0.9    0.498 0.493682
     0.9      0.9    0.498 0.494078
    0.95      0.9    0.498 0.494723
    0.99      0.9    0.498 0.497179
   0.999      0.9    0.498 0.499581
  0.9999      0.9 0.504667 0.499994
       0        1    0.498 0.493333
     0.2        1     0.49 0.493286
     0.4        1 0.490667 0.493348
     0.6        1 0.498667 0.493446
     0.8        1    0.498 0.493681
     0.9        1    0.498 0.494074
    0.95        1    0.498 0.494717
    0.99        1    0.498 0.497171
   0.999        1    0.498 0.499573
  0.9999        1 0.503333 0.499987
       0        2    0.498 0.493333
     0.2        2 0.483333 0.493338
     0.4        2 0.489333 0.493381
     0.6        2    0.498  0.49346
     0.8        2    0.498 0.493674
     0.9        2    0.498 0.494055
    0.95        2    0.498 0.494691
    0.99        2    0.498  0.49714
   0.999        2    0.498 0.499545
  0.9999        2    0.498  0.49996
       0        4    0.498 0.493333
     0.2        4 0.480667 0.493351
     0.4        4 0.491333 0.493389
     0.6        4    0.498 0.493463
     0.8        4    0.498 0.493672
     0.9        4    0.498  0.49405
    0.95        4    0.498 0.494684
    0.99        4    0.498 0.497131
   0.999        4    0.498 0.499537
  0.9999        4    0.498 0.499953