       0     0.05 0.476667 0.496667
     0.2     0.05 0.263333 0.266963
     0.4     0.05     0.27 0.272849
     0.6     0.05 0.268667 0.282811
     0.8     0.05    0.272 0.306025
     0.9     0.05 0.281333 0.336998
    0.95     0.05 0.294667  0.37291
    0.99     0.05    0.328 0.449169
   0.999     0.05 0.330667 0.492761
  0.9999     0.05 0.477333 0.498989
       0      0.1 0.476667 0.496667
     0.2      0.1 0.261333 0.289582
     0.4      0.1    0.264 0.307374
     0.6      0.1 0.269333 0.332253
     0.8      0.1 0.290667 0.373945
     0.9      0.1 0.297333 0.412237
    0.95      0.1 0.320667 0.443757
    0.99      0.1 0.300667  0.48371
   0.999      0.1 0.476667 0.497091
  0.9999      0.1     0.48 0.498764
       0     0.15 0.476667 0.496667
     0.2     0.15 0.267333  0.33817
     0.4     0.15    0.276 0.358045
     0.6     0.15 0.288667 0.383891
     0.8     0.15 0.308667 0.422356
     0.9     0.15 0.344667 0.451815
    0.95     0.15    0.306 0.471415
    0.99     0.15 0.472667 0.491153
   0.999     0.15 0.476667  0.49744
  0.9999     0.15     0.48  0.49832
       0      0.2 0.476667 0.496667
     0.2      0.2 0.299333 0.381356
     0.4      0.2     0.31 0.399004
     0.6      0.2 0.322667 0.421424
     0.8      0.2    0.344 0.451712
     0.9      0.2    0.298  0.47145
    0.95      0.2    0.322 0.482921
    0.99      0.2 0.476667 0.493627
   0.999      0.2 0.476667 0.497489
  0.9999      0.2     0.48 0.498113
       0      0.3 0.476667 0.496667
     0.2      0.3    0.338   0.4389
     0.4      0.3 0.343333 0.450914
     0.6      0.3 0.332667  0.46428
     0.8      0.3 0.285333 0.479112
     0.9      0.3     0.37 0.487082
    0.95      0.3 0.476667 0.491277
    0.99      0.3 0.476667 0.495447
   0.999      0.3 0.476667 0.497742
  0.9999      0.3     0.48 0.498202
       0      0.4 0.476667 0.496667
     0.2      0.4 0.344667 0.469524
     0.4      0.4 0.336667 0.475799
     0.6      0.4 0.307333 0.482269
     0.8      0.4 0.297333 0.488877
     0.9      0.4 0.474667 0.492243
    0.95      0.4 0.476667 0.494044
    0.99      0.4 0.476667 0.496275
   0.999      0.4 0.476667 0.498128
  0.9999      0.4     0.48  0.49854
       0      0.5 0.476667 0.496667
     0.2      0.5 0.350667 0.483095
     0.4      0.5     0.33 0.486285
     0.6      0.5 0.297333 0.489476
     0.8      0.5    0.414 0.492654
     0.9      0.5 0.476667 0.494283
    0.95      0.5 0.476667 0.495221
    0.99      0.5 0.476667 0.496769
   0.999      0.5 0.476667 0.498468
  0.9999      0.5     0.48 0.498864
       0      0.6 0.476667 0.496667
     0.2      0.6    0.354 0.489149
     0.4      0.6 0.330667 0.490889
     0.6      0.6 0.297333  0.49261
     0.8      0.6 0.451333 0.494323
     0.9      0.6 0.476667 0.495233
    0.95      0.6 0.476667 0.495817
    0.99      0.6 0.476667 0.497086
   0.999      0.6 0.476667 0.498723
  0.9999      0.6     0.48 0.499113
       0      0.7 0.476667 0.496667
     0.2      0.7    0.358 0.492092
     0.4      0.7 0.335333 0.493122
     0.6      0.7 0.306667  0.49414
     0.8      0.7     0.47 0.495165
     0.9      0.7 0.476667 0.495739
    0.95      0.7 0.476667 0.496159
    0.99      0.7 0.476667 0.497298
   0.999      0.7 0.476667 0.498908
  0.9999      0.7     0.48 0.499294
       0      0.8 0.476667 0.496667
     0.2      0.8    0.362 0.493661
     0.4      0.8 0.336667 0.494318
     0.6      0.8 0.317333 0.494969
     0.8      0.8    0.476 0.495638
     0.9      0.8 0.476667  0.49604
    0.95      0.8 0.476667 0.496374
    0.99      0.8 0.476667 0.497446
   0.999      0.8 0.476667 0.499041
  0.9999      0.8     0.48 0.499427
       0      0.9 0.476667 0.496667
     0.2      0.9    0.364 0.494569
     0.4      0.9 0.337333 0.495014
     0.6      0.9    0.322 0.495459
     0.8      0.9 0.476667 0.495927
     0.9      0.9 0.476667 0.496232
    0.95      0.9 0.476667 0.496519
    0.99      0.9 0.476667 0.497553
   0.999      0.9 0.476667  0.49914
  0.9999      0.9     0.48 0.499525
       0        1 0.476667 0.496667
     0.2        1 0.365333  0.49513
     0.4        1 0.341333 0.495448
     0.6        1 0.326667 0.495768
     0.8        1 0.476667 0.496116
     0.9        1 0.476667 0.496363
    0.95        1 0.476667 0.496621
    0.99        1 0.476667 0.497631
   0.999        1 0.476667 0.499214
  0.9999        1     0.48 0.499598
       0        2 0.476667 0.496667
     0.2        2    0.374 0.496418
     0.4        2 0.343333 0.496468
     0.6        2    0.342 0.496527
     0.8        2 0.476667  0.49662
     0.9        2 0.476667 0.496742
    0.95        2 0.476667 0.496938
    0.99        2 0.476667 0.497898
   0.999        2 0.476667 0.499472
  0.9999        2 0.476667 0.499857
       0        4 0.476667 0.496667
     0.2        4 0.373333 0.496617
     0.4        4 0.344667 0.496634
     0.6        4    0.348  0.49666
     0.8        4 0.476667 0.496722
     0.9        4 0.476667 0.496828
    0.95        4 0.476667 0.497016
    0.99        4 0.476667 0.497969
   0.999        4 0.476667 0.499541
  0.9999        4 0.476667 0.499927