       0     0.05 0.495333 0.496667
     0.2     0.05 0.495333 0.496667
     0.4     0.05 0.495333 0.496667
     0.6     0.05 0.495333 0.496667
     0.8     0.05 0.495333 0.496667
     0.9     0.05 0.495333 0.496667
    0.95     0.05 0.495333 0.496667
    0.99     0.05 0.495333 0.496667
   0.999     0.05 0.495333 0.496667
  0.9999     0.05 0.495333 0.496667
       0      0.1 0.495333 0.496667
     0.2      0.1 0.445333 0.445012
     0.4      0.1 0.445333 0.442552
     0.6      0.1     0.44 0.440647
     0.8      0.1 0.436667 0.440696
     0.9      0.1 0.440667 0.442395
    0.95      0.1    0.442 0.444794
    0.99      0.1 0.456667 0.450836
   0.999      0.1 0.456667 0.455475
  0.9999      0.1    0.456 0.456872
       0     0.15 0.495333 0.496667
     0.2     0.15 0.438667 0.443921
     0.4     0.15 0.437333 0.445045
     0.6     0.15    0.442 0.445311
     0.8     0.15 0.450667 0.446601
     0.9     0.15 0.451333  0.44908
    0.95     0.15    0.458 0.451966
    0.99     0.15 0.465333 0.457497
   0.999     0.15 0.464667 0.462632
  0.9999     0.15 0.456667 0.468472
       0      0.2 0.495333 0.496667
     0.2      0.2     0.43 0.441149
     0.4      0.2 0.431333   0.4459
     0.6      0.2    0.438 0.449496
     0.8      0.2    0.448 0.454146
     0.9      0.2 0.451333 0.458797
    0.95      0.2    0.454 0.463271
    0.99      0.2     0.47 0.472244
   0.999      0.2 0.477333 0.483806
  0.9999      0.2 0.485333 0.493411
       0      0.3 0.495333 0.496667
     0.2      0.3 0.423333 0.438295
     0.4      0.3    0.428 0.447851
     0.6      0.3 0.425333 0.457392
     0.8      0.3 0.437333 0.469777
     0.9      0.3    0.454  0.47882
    0.95      0.3 0.470667 0.485229
    0.99      0.3 0.491333  0.49347
   0.999      0.3 0.495333 0.497718
  0.9999      0.3 0.497333 0.499174
       0      0.4 0.495333 0.496667
     0.2      0.4    0.402 0.439838
     0.4      0.4 0.413333 0.451681
     0.6      0.4 0.426667 0.463684
     0.8      0.4    0.452 0.477523
     0.9      0.4 0.469333 0.485966
    0.95      0.4    0.492 0.491016
    0.99      0.4 0.494667 0.496323
   0.999      0.4 0.496667 0.498924
  0.9999      0.4 0.498667 0.499624
       0      0.5 0.495333 0.496667
     0.2      0.5    0.398 0.448164
     0.4      0.5    0.406 0.458623
     0.6      0.5 0.416667 0.469568
     0.8      0.5 0.453333 0.481793
     0.9      0.5     0.48 0.488814
    0.95      0.5 0.492667 0.492788
    0.99      0.5 0.495333 0.496946
   0.999      0.5 0.497333 0.499211
  0.9999      0.5 0.498667 0.499725
       0      0.6 0.495333 0.496667
     0.2      0.6 0.394667 0.458444
     0.4      0.6 0.404667 0.466927
     0.6      0.6 0.423333 0.475862
     0.8      0.6 0.454667 0.485608
     0.9      0.6    0.488 0.491003
    0.95      0.6 0.494667 0.493997
    0.99      0.6 0.495333 0.497285
   0.999      0.6 0.496667 0.499336
  0.9999      0.6 0.498667 0.499782
       0      0.7 0.495333 0.496667
     0.2      0.7    0.392 0.466996
     0.4      0.7    0.402 0.473751
     0.6      0.7    0.424 0.480835
     0.8      0.7 0.457333 0.488424
     0.9      0.7 0.491333 0.492537
    0.95      0.7 0.495333 0.494813
    0.99      0.7 0.495333 0.497491
   0.999      0.7 0.495333 0.499404
  0.9999      0.7 0.498667 0.499819
       0      0.8 0.495333 0.496667
     0.2      0.8 0.391333 0.473387
     0.4      0.8 0.401333 0.478794
     0.6      0.8 0.422667 0.484427
     0.8      0.8 0.459333 0.490383
     0.9      0.8 0.493333 0.493577
    0.95      0.8 0.495333 0.495357
    0.99      0.8 0.495333 0.497621
   0.999      0.8 0.495333 0.499446
  0.9999      0.8 0.498667 0.499846
       0      0.9 0.495333 0.496667
     0.2      0.9     0.39 0.478072
     0.4      0.9     0.41 0.482457
     0.6      0.9 0.426667 0.486996
     0.8      0.9    0.464 0.491753
     0.9      0.9 0.494667 0.494292
    0.95      0.9 0.495333 0.495727
    0.99      0.9 0.495333 0.497707
   0.999      0.9 0.495333 0.499473
  0.9999      0.9 0.498667 0.499865
       0        1 0.495333 0.496667
     0.2        1 0.392667 0.481537
     0.4        1 0.410667 0.485145
     0.6        1 0.429333 0.488862
     0.8        1 0.469333 0.492734
     0.9        1 0.495333   0.4948
    0.95        1 0.495333 0.495989
    0.99        1 0.495333 0.497767
   0.999        1 0.495333 0.499491
  0.9999        1 0.498667  0.49988
       0        2 0.495333 0.496667
     0.2        2     0.39 0.492903
     0.4        2 0.400667  0.49384
     0.6        2 0.437333 0.494792
     0.8        2 0.483333 0.495787
     0.9        2 0.495333 0.496365
    0.95        2 0.495333 0.496791
    0.99        2 0.495333 0.497941
   0.999        2 0.495333 0.499548
  0.9999        2 0.497333 0.499932
       0        4 0.495333 0.496667
     0.2        4    0.392 0.495735
     0.4        4 0.397333 0.495977
     0.6        4 0.437333 0.496228
     0.8        4 0.484667 0.496515
     0.9        4 0.495333 0.496734
    0.95        4 0.495333  0.49698
    0.99        4 0.495333  0.49798
   0.999        4 0.495333 0.499561
  0.9999        4 0.495333 0.499946