       0     0.05     0.49     0.49
     0.2     0.05    0.162 0.171667
     0.4     0.05 0.163333    0.172
     0.6     0.05    0.164 0.172667
     0.8     0.05    0.166    0.173
     0.9     0.05 0.167333    0.173
    0.95     0.05 0.170667 0.173667
    0.99     0.05    0.172 0.174333
   0.999     0.05 0.173333 0.175333
  0.9999     0.05 0.172667 0.175333
       0      0.1     0.49     0.49
     0.2      0.1     0.23 0.228554
     0.4      0.1    0.222 0.223215
     0.6      0.1 0.227333  0.22763
     0.8      0.1 0.228667 0.228656
     0.9      0.1 0.228667 0.228706
    0.95      0.1 0.229333 0.229265
    0.99      0.1    0.234 0.233398
   0.999      0.1    0.234 0.234458
  0.9999      0.1 0.238667 0.243238
       0     0.15     0.49     0.49
     0.2     0.15 0.228667 0.231336
     0.4     0.15 0.233333 0.232216
     0.6     0.15    0.222 0.225415
     0.8     0.15 0.228667  0.23018
     0.9     0.15 0.229333 0.232186
    0.95     0.15 0.233333 0.236385
    0.99     0.15 0.238667 0.251716
   0.999     0.15    0.284 0.275595
  0.9999     0.15 0.283333 0.282511
       0      0.2     0.49     0.49
     0.2      0.2 0.230667 0.235103
     0.4      0.2 0.229333  0.23473
     0.6      0.2 0.227333 0.235251
     0.8      0.2 0.228667 0.238696
     0.9      0.2 0.228667  0.24643
    0.95      0.2 0.236667 0.257447
    0.99      0.2 0.282667 0.275866
   0.999      0.2 0.282667 0.282271
  0.9999      0.2 0.284667 0.285028
       0      0.3     0.49     0.49
     0.2      0.3 0.253333  0.26357
     0.4      0.3 0.240667 0.257199
     0.6      0.3 0.231333  0.25214
     0.8      0.3 0.243333 0.258509
     0.9      0.3 0.263333 0.267243
    0.95      0.3    0.278 0.276662
    0.99      0.3 0.283333 0.288094
   0.999      0.3 0.285333  0.29945
  0.9999      0.3 0.288667 0.314887
       0      0.4     0.49     0.49
     0.2      0.4 0.266667 0.277755
     0.4      0.4 0.256667  0.27553
     0.6      0.4 0.249333 0.273406
     0.8      0.4 0.282667 0.276222
     0.9      0.4 0.266667   0.2787
    0.95      0.4 0.271333  0.28565
    0.99      0.4 0.285333 0.303564
   0.999      0.4    0.292 0.319169
  0.9999      0.4 0.314667 0.319002
       0      0.5     0.49     0.49
     0.2      0.5    0.278   0.2916
     0.4      0.5    0.282 0.288823
     0.6      0.5 0.280667  0.28779
     0.8      0.5 0.271333 0.287976
     0.9      0.5 0.292667 0.291638
    0.95      0.5 0.287333 0.296676
    0.99      0.5    0.302 0.308184
   0.999      0.5    0.292 0.313184
  0.9999      0.5 0.330667 0.335226
       0      0.6     0.49     0.49
     0.2      0.6 0.293333 0.297993
     0.4      0.6 0.290667 0.298286
     0.6      0.6 0.287333 0.297619
     0.8      0.6    0.282 0.296794
     0.9      0.6     0.28 0.296255
    0.95      0.6 0.274667 0.297245
    0.99      0.6 0.267333 0.301807
   0.999      0.6 0.308667 0.330449
  0.9999      0.6    0.386 0.394934
       0      0.7     0.49     0.49
     0.2      0.7    0.288  0.30081
     0.4      0.7 0.288667 0.301488
     0.6      0.7     0.29 0.302059
     0.8      0.7 0.286667  0.30111
     0.9      0.7    0.284 0.299664
    0.95      0.7    0.274 0.299579
    0.99      0.7 0.261333 0.313121
   0.999      0.7 0.327333 0.382002
  0.9999      0.7    0.454 0.442609
       0      0.8     0.49     0.49
     0.2      0.8    0.284 0.301911
     0.4      0.8 0.285333 0.302441
     0.6      0.8    0.282 0.302905
     0.8      0.8 0.280667 0.303353
     0.9      0.8 0.268667 0.305547
    0.95      0.8 0.263333 0.312135
    0.99      0.8 0.307333 0.352512
   0.999      0.8 0.333333 0.429816
  0.9999      0.8    0.464 0.464244
       0      0.9     0.49     0.49
     0.2      0.9 0.282667 0.304714
     0.4      0.9 0.279333 0.305158
     0.6      0.9    0.276  0.30649
     0.8      0.9 0.270667 0.311434
     0.9      0.9 0.265333 0.321871
    0.95      0.9 0.269333 0.339353
    0.99      0.9 0.327333 0.397345
   0.999      0.9 0.460667 0.455745
  0.9999      0.9 0.454667 0.482236
       0        1     0.49     0.49
     0.2        1    0.286 0.311048
     0.4        1 0.278667 0.312644
     0.6        1 0.273333  0.31663
     0.8        1 0.271333 0.328829
     0.9        1    0.276 0.348239
    0.95        1 0.293333 0.373115
    0.99        1 0.326667 0.429532
   0.999        1 0.462667 0.474158
  0.9999        1      0.5 0.494683
       0        2     0.49     0.49
     0.2        2 0.280667 0.432754
     0.4        2 0.294667 0.442147
     0.6        2    0.306 0.453562
     0.8        2 0.314667 0.468528
     0.9        2    0.348 0.478849
    0.95        2 0.465333 0.485891
    0.99        2     0.49 0.495183
   0.999        2 0.494667 0.499373
  0.9999        2      0.5 0.499935
       0        4     0.49     0.49
     0.2        4    0.358 0.481841
     0.4        4 0.359333 0.483729
     0.6        4    0.366 0.485838
     0.8        4 0.364667  0.48841
     0.9        4 0.451333 0.490337
    0.95        4 0.432667 0.492162
    0.99        4     0.49 0.496537
   0.999        4     0.49 0.499514
  0.9999        4      0.5 0.499949