       0     0.05 0.493333 0.493333
     0.2     0.05 0.152667 0.181284
     0.4     0.05 0.151333  0.18999
     0.6     0.05 0.153333 0.209727
     0.8     0.05 0.167333   0.2593
     0.9     0.05 0.194667 0.319985
    0.95     0.05 0.236667 0.377863
    0.99     0.05 0.360667 0.461903
   0.999     0.05    0.394 0.495145
  0.9999     0.05    0.482 0.499494
       0      0.1 0.493333 0.493333
     0.2      0.1 0.210667 0.328083
     0.4      0.1 0.237333 0.352708
     0.6      0.1 0.277333 0.383968
     0.8      0.1    0.358 0.425775
     0.9      0.1 0.402667 0.453977
    0.95      0.1 0.446667 0.472028
    0.99      0.1 0.467333 0.491715
   0.999      0.1 0.352667  0.49893
  0.9999      0.1 0.493333 0.499889
       0     0.15 0.493333 0.493333
     0.2     0.15    0.356 0.414345
     0.4     0.15 0.377333 0.428429
     0.6     0.15    0.406 0.444624
     0.8     0.15 0.457333 0.464646
     0.9     0.15 0.473333 0.477549
    0.95     0.15    0.458 0.485639
    0.99     0.15 0.323333  0.49505
   0.999     0.15 0.493333 0.499301
  0.9999     0.15      0.5 0.499927
       0      0.2 0.493333 0.493333
     0.2      0.2 0.449333 0.448967
     0.4      0.2    0.462 0.456768
     0.6      0.2 0.467333 0.466006
     0.8      0.2 0.466667 0.477628
     0.9      0.2 0.456667 0.485105
    0.95      0.2 0.407333 0.489863
    0.99      0.2 0.493333 0.496028
   0.999      0.2 0.493333 0.499407
  0.9999      0.2      0.5 0.499937
       0      0.3 0.493333 0.493333
     0.2      0.3    0.482 0.472414
     0.4      0.3 0.481333  0.47646
     0.6      0.3    0.478 0.481138
     0.8      0.3 0.463333 0.486795
     0.9      0.3    0.428 0.490359
    0.95      0.3 0.352667 0.492742
    0.99      0.3 0.493333 0.496676
   0.999      0.3 0.493333 0.499478
  0.9999      0.3      0.5 0.499944
       0      0.4 0.493333 0.493333
     0.2      0.4    0.492 0.480959
     0.4      0.4 0.488667 0.483582
     0.6      0.4 0.480667 0.486514
     0.8      0.4 0.462667 0.489938
     0.9      0.4    0.408 0.492095
    0.95      0.4 0.432667 0.493667
    0.99      0.4 0.493333 0.496886
   0.999      0.4 0.493333 0.499503
  0.9999      0.4      0.5 0.499947
       0      0.5 0.493333 0.493333
     0.2      0.5    0.492 0.485174
     0.4      0.5     0.49 0.487015
     0.6      0.5 0.482667 0.489029
     0.8      0.5    0.462 0.491344
     0.9      0.5 0.402667 0.492847
    0.95      0.5 0.474667 0.494061
    0.99      0.5 0.493333 0.496978
   0.999      0.5 0.493333 0.499515
  0.9999      0.5      0.5 0.499948
       0      0.6 0.493333 0.493333
     0.2      0.6 0.494667 0.487573
     0.4      0.6 0.491333  0.48893
     0.6      0.6 0.485333 0.490397
     0.8      0.6 0.458667 0.492084
     0.9      0.6 0.396667 0.493235
    0.95      0.6     0.49 0.494263
    0.99      0.6 0.493333 0.497026
   0.999      0.6 0.493333 0.499521
  0.9999      0.6    0.498 0.499949
       0      0.7 0.493333 0.493333
     0.2      0.7 0.495333 0.489062
     0.4      0.7 0.491333 0.490102
     0.6      0.7    0.486 0.491219
     0.8      0.7    0.458 0.492519
     0.9      0.7 0.389333 0.493461
    0.95      0.7 0.492667 0.494379
    0.99      0.7 0.493333 0.497054
   0.999      0.7 0.493333 0.499525
  0.9999      0.7 0.493333 0.499949
       0      0.8 0.493333 0.493333
     0.2      0.8 0.496667 0.490046
     0.4      0.8    0.492 0.490868
     0.6      0.8 0.485333 0.491751
     0.8      0.8     0.46 0.492797
     0.9      0.8 0.390667 0.493604
    0.95      0.8 0.492667 0.494453
    0.99      0.8 0.493333 0.497072
   0.999      0.8 0.493333 0.499527
  0.9999      0.8 0.493333  0.49995
       0      0.9 0.493333 0.493333
     0.2      0.9    0.494 0.490729
     0.4      0.9    0.492 0.491396
     0.6      0.9 0.485333 0.492114
     0.8      0.9 0.460667 0.492985
     0.9      0.9 0.385333   0.4937
    0.95      0.9 0.492667 0.494503
    0.99      0.9 0.493333 0.497084
   0.999      0.9 0.493333 0.499529
  0.9999      0.9 0.493333  0.49995
       0        1 0.493333 0.493333
     0.2        1 0.494667 0.491222
     0.4        1 0.492667 0.491774
     0.6        1 0.483333 0.492373
     0.8        1 0.459333 0.493118
     0.9        1 0.383333 0.493768
    0.95        1 0.492667 0.494538
    0.99        1 0.493333 0.497092
   0.999        1 0.493333  0.49953
  0.9999        1 0.493333  0.49995
       0        2 0.493333 0.493333
     0.2        2 0.495333 0.492817
     0.4        2 0.492667 0.492987
     0.6        2 0.485333 0.493193
     0.8        2    0.458 0.493535
     0.9        2 0.379333 0.493979
    0.95        2 0.492667 0.494646
    0.99        2 0.493333 0.497119
   0.999        2 0.493333 0.499534
  0.9999        2 0.493333  0.49995
       0        4 0.493333 0.493333
     0.2        4    0.496 0.493221
     0.4        4 0.493333 0.493291
     0.6        4 0.484667 0.493397
     0.8        4 0.456667 0.493637
     0.9        4 0.380667 0.494031
    0.95        4 0.492667 0.494673
    0.99        4 0.493333 0.497125
   0.999        4 0.493333 0.499534
  0.9999        4 0.493333  0.49995