       0     0.05 0.488667     0.49
     0.2     0.05 0.488667     0.49
     0.4     0.05 0.488667     0.49
     0.6     0.05 0.488667     0.49
     0.8     0.05 0.488667     0.49
     0.9     0.05 0.488667     0.49
    0.95     0.05 0.488667     0.49
    0.99     0.05 0.488667     0.49
   0.999     0.05 0.488667     0.49
  0.9999     0.05 0.488667     0.49
       0      0.1 0.488667     0.49
     0.2      0.1    0.454 0.457881
     0.4      0.1 0.454667 0.460026
     0.6      0.1 0.461333 0.461674
     0.8      0.1    0.468 0.463354
     0.9      0.1 0.469333 0.465524
    0.95      0.1 0.472667 0.468094
    0.99      0.1 0.473333  0.46915
   0.999      0.1    0.464 0.464073
  0.9999      0.1 0.461333 0.460826
       0     0.15 0.488667     0.49
     0.2     0.15    0.452 0.447262
     0.4     0.15 0.451333 0.452951
     0.6     0.15 0.458667 0.456755
     0.8     0.15 0.465333 0.460064
     0.9     0.15 0.472667 0.461707
    0.95     0.15     0.47 0.462269
    0.99     0.15 0.465333 0.462541
   0.999     0.15 0.461333 0.467469
  0.9999     0.15 0.483333  0.47632
       0      0.2 0.488667     0.49
     0.2      0.2    0.434 0.435762
     0.4      0.2    0.442 0.443803
     0.6      0.2     0.45 0.449466
     0.8      0.2    0.452   0.4549
     0.9      0.2 0.467333 0.458463
    0.95      0.2 0.462667 0.461347
    0.99      0.2 0.469333 0.468293
   0.999      0.2    0.482 0.477749
  0.9999      0.2 0.484667 0.484225
       0      0.3 0.488667     0.49
     0.2      0.3    0.388 0.415202
     0.4      0.3 0.395333 0.428474
     0.6      0.3 0.421333 0.440441
     0.8      0.3 0.438667  0.45498
     0.9      0.3 0.456667  0.46599
    0.95      0.3    0.472 0.474594
    0.99      0.3 0.487333 0.487852
   0.999      0.3 0.496667 0.496975
  0.9999      0.3 0.501333 0.499871
       0      0.4 0.488667     0.49
     0.2      0.4 0.355333 0.414197
     0.4      0.4 0.352667 0.428927
     0.6      0.4     0.36 0.444766
     0.8      0.4      0.4 0.463964
     0.9      0.4     0.45 0.476321
    0.95      0.4 0.481333 0.484215
    0.99      0.4    0.492 0.493973
   0.999      0.4 0.499333 0.499134
  0.9999      0.4 0.501333 0.500063
       0      0.5 0.488667     0.49
     0.2      0.5 0.343333 0.431652
     0.4      0.5 0.337333 0.443843
     0.6      0.5 0.332667 0.457283
     0.8      0.5 0.360667 0.472784
     0.9      0.5 0.425333 0.482038
    0.95      0.5 0.479333 0.487775
    0.99      0.5 0.491333 0.495329
   0.999      0.5 0.497333 0.499375
  0.9999      0.5 0.501333 0.500005
       0      0.6 0.488667     0.49
     0.2      0.6 0.329333 0.448302
     0.4      0.6    0.332 0.457597
     0.6      0.6    0.328 0.467643
     0.8      0.6 0.328667 0.478844
     0.9      0.6 0.385333 0.485409
    0.95      0.6    0.468 0.489629
    0.99      0.6 0.491333 0.495895
   0.999      0.6 0.491333 0.499447
  0.9999      0.6 0.501333 0.499977
       0      0.7 0.488667     0.49
     0.2      0.7 0.323333 0.459805
     0.4      0.7 0.325333 0.466824
     0.6      0.7     0.33 0.474287
     0.8      0.7    0.322 0.482481
     0.9      0.7 0.349333 0.487335
    0.95      0.7     0.44 0.490645
    0.99      0.7 0.491333 0.496177
   0.999      0.7 0.491333 0.499479
  0.9999      0.7 0.501333 0.499964
       0      0.8 0.488667     0.49
     0.2      0.8 0.322667 0.467406
     0.4      0.8 0.325333 0.472804
     0.6      0.8 0.322667  0.47849
     0.8      0.8 0.323333 0.484711
     0.9      0.8 0.333333  0.48849
    0.95      0.8    0.404 0.491242
    0.99      0.8 0.491333 0.496332
   0.999      0.8 0.491333 0.499495
  0.9999      0.8 0.501333 0.499957
       0      0.9 0.488667     0.49
     0.2      0.9    0.328 0.472535
     0.4      0.9 0.327333 0.476791
     0.6      0.9 0.329333 0.481252
     0.8      0.9 0.322667 0.486151
     0.9      0.9 0.323333 0.489226
    0.95      0.9    0.366 0.491618
    0.99      0.9 0.491333 0.496423
   0.999      0.9 0.491333 0.499504
  0.9999      0.9    0.496 0.499954
       0        1 0.488667     0.49
     0.2        1 0.328667 0.476118
     0.4        1    0.328 0.479553
     0.6        1     0.33 0.483149
     0.8        1 0.326667 0.487129
     0.9        1    0.326 0.489723
    0.95        1 0.338667 0.491869
    0.99        1 0.491333 0.496481
   0.999        1 0.491333  0.49951
  0.9999        1 0.491333 0.499952
       0        2 0.488667     0.49
     0.2        2 0.335333 0.486812
     0.4        2 0.334667 0.487696
     0.6        2    0.334 0.488664
     0.8        2    0.336 0.489928
     0.9        2 0.340667 0.491125
    0.95        2    0.346 0.492562
    0.99        2    0.378 0.496618
   0.999        2 0.488667 0.499522
  0.9999        2 0.488667  0.49995
       0        4 0.488667     0.49
     0.2        4    0.336 0.489258
     0.4        4 0.337333 0.489537
     0.6        4 0.337333 0.489895
     0.8        4 0.342667 0.490544
     0.9        4 0.347333 0.491429
    0.95        4 0.354667 0.492709
    0.99        4    0.472  0.49664
   0.999        4 0.488667 0.499523
  0.9999        4 0.488667  0.49995