        0      0.05     0.486  0.496667
      0.2      0.05  0.485333  0.496333
      0.4      0.05  0.485333  0.496333
      0.6      0.05  0.485333  0.496333
      0.8      0.05  0.485333  0.496333
      0.9      0.05  0.485333  0.496333
     0.95      0.05  0.485333  0.496333
     0.99      0.05  0.485333  0.496333
    0.999      0.05  0.485333  0.496333
   0.9999      0.05  0.485333  0.496333
        0       0.1     0.486  0.496667
      0.2       0.1  0.127333  0.127823
      0.4       0.1  0.125333  0.125158
      0.6       0.1  0.123333   0.12304
      0.8       0.1  0.115333    0.1174
      0.9       0.1  0.114667  0.116519
     0.95       0.1  0.114667  0.116556
     0.99       0.1  0.114667  0.113439
    0.999       0.1  0.104667  0.103925
   0.9999       0.1  0.100667  0.097525
        0      0.15     0.486  0.496667
      0.2      0.15  0.132667  0.131525
      0.4      0.15     0.132  0.129931
      0.6      0.15  0.124667   0.12302
      0.8      0.15  0.114667  0.114812
      0.9      0.15     0.114  0.112158
     0.95      0.15  0.110667  0.108591
     0.99      0.15       0.1 0.0941836
    0.999      0.15 0.0886667 0.0831281
   0.9999      0.15 0.0846667 0.0839469
        0       0.2     0.486  0.496667
      0.2       0.2  0.132667  0.132321
      0.4       0.2  0.126667  0.125597
      0.6       0.2  0.123333  0.120874
      0.8       0.2  0.113333  0.108367
      0.9       0.2  0.105333  0.100742
     0.95       0.2     0.092 0.0933597
     0.99       0.2 0.0873333 0.0830199
    0.999       0.2 0.0826667 0.0947342
   0.9999       0.2  0.110667   0.11312
        0       0.3     0.486  0.496667
      0.2       0.3  0.153333   0.16139
      0.4       0.3     0.124  0.139524
      0.6       0.3 0.0906667  0.120914
      0.8       0.3      0.08  0.103549
      0.9       0.3 0.0586667 0.0937715
     0.95       0.3 0.0593333 0.0908695
     0.99       0.3     0.076 0.0986915
    0.999       0.3 0.0586667  0.142351
   0.9999       0.3 0.0773333  0.283618
        0       0.4     0.486  0.496667
      0.2       0.4  0.158667  0.195624
      0.4       0.4     0.126   0.17256
      0.6       0.4     0.106  0.151648
      0.8       0.4 0.0773333  0.131668
      0.9       0.4 0.0673333  0.126063
     0.95       0.4     0.062  0.133146
     0.99       0.4 0.0626667  0.204073
    0.999       0.4     0.082  0.398153
   0.9999       0.4  0.165333  0.484857
        0       0.5     0.486  0.496667
      0.2       0.5  0.159333  0.223485
      0.4       0.5  0.132667  0.209661
      0.6       0.5  0.109333  0.198087
      0.8       0.5 0.0833333  0.196248
      0.9       0.5 0.0746667  0.216037
     0.95       0.5 0.0693333  0.255916
     0.99       0.5     0.076   0.38392
    0.999       0.5  0.382667  0.480673
   0.9999       0.5     0.486   0.49736
        0       0.6     0.486  0.496667
      0.2       0.6  0.151333  0.246528
      0.4       0.6  0.134667  0.244634
      0.6       0.6  0.115333  0.249808
      0.8       0.6     0.102  0.276844
      0.9       0.6 0.0993333  0.320858
     0.95       0.6  0.104667  0.370855
     0.99       0.6  0.219333  0.456349
    0.999       0.6  0.475333  0.493392
   0.9999       0.6  0.489333  0.498676
        0       0.7     0.486  0.496667
      0.2       0.7  0.156667  0.274501
      0.4       0.7      0.14    0.2823
      0.6       0.7  0.132667  0.300269
      0.8       0.7  0.126667  0.342782
      0.9       0.7  0.124667  0.388852
     0.95       0.7  0.146667  0.428008
     0.99       0.7  0.407333  0.478325
    0.999       0.7  0.482667  0.496475
   0.9999       0.7  0.489333   0.49905
        0       0.8     0.486  0.496667
      0.2       0.8     0.166  0.306251
      0.4       0.8  0.153333  0.320457
      0.6       0.8     0.146  0.344699
      0.8       0.8  0.147333  0.389206
      0.9       0.8  0.151333  0.427867
     0.95       0.8  0.203333  0.455875
     0.99       0.8  0.444667  0.487131
    0.999       0.8     0.486  0.497682
   0.9999       0.8  0.489333  0.499272
        0       0.9     0.486  0.496667
      0.2       0.9  0.175333  0.337495
      0.4       0.9  0.164667  0.354776
      0.6       0.9  0.156667  0.380349
      0.8       0.9  0.158667  0.420643
      0.9       0.9  0.171333  0.451065
     0.95       0.9  0.245333  0.471015
     0.99       0.9     0.456  0.491432
    0.999       0.9     0.486   0.49831
   0.9999       0.9  0.489333   0.49944
        0         1     0.486  0.496667
      0.2         1     0.178  0.365261
      0.4         1  0.172667  0.383149
      0.6         1      0.17  0.407367
      0.8         1  0.167333  0.441774
      0.9         1     0.186  0.465331
     0.95         1  0.264667  0.479737
     0.99         1  0.462667  0.493724
    0.999         1     0.486  0.498681
   0.9999         1  0.488667  0.499568
        0         2     0.486  0.496667
      0.2         2  0.211333  0.469242
      0.4         2  0.210667  0.475509
      0.6         2  0.210667  0.482151
      0.8         2  0.206667   0.48923
      0.9         2      0.22  0.493004
     0.95         2  0.265333   0.49506
     0.99         2  0.481333  0.497495
    0.999         2     0.486   0.49945
   0.9999         2     0.486  0.499903
        0         4     0.486  0.496667
      0.2         4  0.221333  0.490533
      0.4         4  0.221333  0.492046
      0.6         4      0.22  0.493588
      0.8         4  0.221333  0.495183
      0.9         4     0.226  0.496062
     0.95         4     0.248  0.496636
     0.99         4  0.461333  0.497891
    0.999         4     0.486  0.499543
   0.9999         4     0.486  0.499943