        0      0.05      0.19      0.49
      0.2      0.05      0.19  0.372333
      0.4      0.05      0.19  0.372333
      0.6      0.05      0.19  0.372333
      0.8      0.05      0.19  0.372333
      0.9      0.05      0.19  0.372333
     0.95      0.05      0.19  0.372333
     0.99      0.05      0.19  0.371667
    0.999      0.05      0.19  0.371667
   0.9999      0.05      0.19  0.371667
        0       0.1      0.19      0.49
      0.2       0.1  0.143333  0.145186
      0.4       0.1  0.145333  0.145123
      0.6       0.1  0.145333  0.145152
      0.8       0.1  0.144667  0.144535
      0.9       0.1  0.146667  0.144123
     0.95       0.1  0.147333  0.144387
     0.99       0.1  0.145333  0.145501
    0.999       0.1  0.147333  0.146333
   0.9999       0.1  0.143333  0.143857
        0      0.15      0.19      0.49
      0.2      0.15  0.151333  0.152266
      0.4      0.15     0.144  0.147899
      0.6      0.15  0.143333  0.145866
      0.8      0.15     0.144  0.144529
      0.9      0.15  0.147333   0.14398
     0.95      0.15  0.147333  0.143795
     0.99      0.15  0.138667   0.14172
    0.999      0.15  0.139333  0.138688
   0.9999      0.15     0.136   0.13664
        0       0.2      0.19      0.49
      0.2       0.2  0.154667  0.154221
      0.4       0.2  0.152667  0.152603
      0.6       0.2  0.146667  0.148765
      0.8       0.2  0.143333  0.144501
      0.9       0.2  0.142667  0.141696
     0.95       0.2  0.141333  0.139142
     0.99       0.2  0.134667  0.136053
    0.999       0.2  0.138667   0.14201
   0.9999       0.2  0.163333  0.155188
        0       0.3      0.19      0.49
      0.2       0.3  0.154667  0.157065
      0.4       0.3  0.148667  0.153129
      0.6       0.3  0.152667  0.149652
      0.8       0.3     0.148  0.144678
      0.9       0.3     0.146  0.142289
     0.95       0.3     0.142  0.142715
     0.99       0.3     0.158  0.149876
    0.999       0.3  0.165333   0.17079
   0.9999       0.3  0.276667   0.22617
        0       0.4      0.19      0.49
      0.2       0.4  0.173333  0.172147
      0.4       0.4  0.164667  0.164068
      0.6       0.4     0.156  0.159101
      0.8       0.4  0.150667  0.156371
      0.9       0.4  0.151333  0.159953
     0.95       0.4  0.161333   0.16899
     0.99       0.4  0.208667  0.199596
    0.999       0.4     0.272  0.228427
   0.9999       0.4     0.134  0.194935
        0       0.5      0.19      0.49
      0.2       0.5  0.196667  0.193237
      0.4       0.5     0.186  0.185496
      0.6       0.5  0.176667   0.18142
      0.8       0.5  0.165333  0.182394
      0.9       0.5     0.172  0.189303
     0.95       0.5     0.174   0.19703
     0.99       0.5     0.164  0.201197
    0.999       0.5 0.0413333  0.181412
   0.9999       0.5  0.157333  0.189602
        0       0.6      0.19      0.49
      0.2       0.6  0.213333  0.215003
      0.4       0.6  0.199333   0.20824
      0.6       0.6  0.192667  0.204606
      0.8       0.6  0.185333  0.203258
      0.9       0.6  0.172667  0.202899
     0.95       0.6      0.15  0.201213
     0.99       0.6 0.0406667  0.195351
    0.999       0.6  0.125333  0.203805
   0.9999       0.6  0.186667  0.235372
        0       0.7      0.19      0.49
      0.2       0.7  0.222667  0.235859
      0.4       0.7  0.211333  0.229367
      0.6       0.7  0.204667  0.224768
      0.8       0.7  0.190667  0.220248
      0.9       0.7  0.157333  0.217893
     0.95       0.7      0.06  0.217864
     0.99       0.7      0.05  0.225363
    0.999       0.7  0.172667  0.253201
   0.9999       0.7  0.199333  0.274401
        0       0.8      0.19      0.49
      0.2       0.8     0.234  0.255665
      0.4       0.8  0.216667  0.250233
      0.6       0.8  0.207333  0.246623
      0.8       0.8  0.178667  0.245234
      0.9       0.8     0.092  0.248213
     0.95       0.8 0.0586667  0.254232
     0.99       0.8  0.120667  0.273054
    0.999       0.8  0.191333  0.299444
   0.9999       0.8       0.2  0.310154
        0       0.9      0.19      0.49
      0.2       0.9  0.238667  0.275628
      0.4       0.9  0.224667  0.273052
      0.6       0.9  0.201333  0.273037
      0.8       0.9  0.160667  0.278438
      0.9       0.9 0.0813333  0.287698
     0.95       0.9     0.072   0.29812
     0.99       0.9     0.162  0.320007
    0.999       0.9     0.194  0.339115
   0.9999       0.9       0.2  0.344641
        0         1      0.19      0.49
      0.2         1  0.239333  0.296599
      0.4         1  0.225333  0.297855
      0.6         1  0.201333  0.302498
      0.8         1  0.141333  0.314499
      0.9         1 0.0886667  0.327794
     0.95         1       0.1  0.339748
     0.99         1  0.179333  0.359647
    0.999         1     0.196  0.372869
   0.9999         1       0.2  0.376066
        0         2      0.19      0.49
      0.2         2     0.276  0.450099
      0.4         2     0.274  0.456756
      0.6         2      0.26  0.463959
      0.8         2  0.216667  0.471882
      0.9         2  0.167333   0.47647
     0.95         2  0.180667  0.479528
     0.99         2      0.19  0.484882
    0.999         2      0.19  0.488551
   0.9999         2       0.2  0.489131
        0         4      0.19      0.49
      0.2         4  0.325333  0.484413
      0.4         4  0.326667  0.485832
      0.6         4  0.323333  0.487335
      0.8         4  0.317333  0.489127
      0.9         4  0.307333  0.490571
     0.95         4  0.289333  0.492114
     0.99         4     0.186  0.496267
    0.999         4      0.19  0.499275
   0.9999         4      0.19  0.499724