        0      0.05  0.166667  0.466667
      0.2      0.05  0.166667     0.326
      0.4      0.05  0.166667     0.326
      0.6      0.05  0.166667     0.326
      0.8      0.05  0.166667     0.326
      0.9      0.05  0.166667     0.326
     0.95      0.05  0.166667     0.326
     0.99      0.05  0.166667     0.326
    0.999      0.05  0.166667     0.326
   0.9999      0.05  0.166667     0.326
        0       0.1  0.166667  0.466667
      0.2       0.1 0.0573333 0.0584343
      0.4       0.1 0.0586667 0.0583913
      0.6       0.1 0.0586667 0.0590694
      0.8       0.1 0.0606667 0.0593875
      0.9       0.1 0.0593333 0.0589623
     0.95       0.1 0.0593333 0.0581192
     0.99       0.1 0.0526667 0.0545486
    0.999       0.1 0.0506667 0.0511331
   0.9999       0.1      0.05 0.0496292
        0      0.15  0.166667  0.466667
      0.2      0.15 0.0586667 0.0587021
      0.4      0.15     0.058 0.0590566
      0.6      0.15     0.058 0.0579162
      0.8      0.15 0.0586667 0.0565932
      0.9      0.15     0.056  0.054724
     0.95      0.15 0.0506667 0.0524377
     0.99      0.15 0.0486667 0.0490585
    0.999      0.15 0.0446667 0.0458628
   0.9999      0.15     0.044 0.0450982
        0       0.2  0.166667  0.466667
      0.2       0.2 0.0593333 0.0596413
      0.4       0.2 0.0566667 0.0590023
      0.6       0.2 0.0593333 0.0579307
      0.8       0.2 0.0566667 0.0545655
      0.9       0.2     0.052 0.0518334
     0.95       0.2     0.048 0.0498617
     0.99       0.2 0.0453333 0.0470026
    0.999       0.2 0.0433333 0.0460728
   0.9999       0.2     0.042 0.0459476
        0       0.3  0.166667  0.466667
      0.2       0.3      0.06 0.0630826
      0.4       0.3 0.0566667 0.0605753
      0.6       0.3 0.0573333 0.0584311
      0.8       0.3 0.0493333 0.0545736
      0.9       0.3 0.0493333  0.051903
     0.95       0.3     0.046 0.0503915
     0.99       0.3 0.0446667 0.0500951
    0.999       0.3 0.0406667 0.0587336
   0.9999       0.3 0.0473333 0.0748574
        0       0.4  0.166667  0.466667
      0.2       0.4      0.06 0.0702721
      0.4       0.4 0.0573333 0.0658507
      0.6       0.4      0.05 0.0623499
      0.8       0.4 0.0486667 0.0580378
      0.9       0.4 0.0473333 0.0557947
     0.95       0.4 0.0453333 0.0552689
     0.99       0.4 0.0366667 0.0608667
    0.999       0.4 0.0313333 0.0824872
   0.9999       0.4     0.034 0.0942261
        0       0.5  0.166667  0.466667
      0.2       0.5 0.0646667 0.0814381
      0.4       0.5 0.0593333 0.0764573
      0.6       0.5     0.052 0.0726614
      0.8       0.5     0.044  0.069935
      0.9       0.5      0.04 0.0709598
     0.95       0.5 0.0346667 0.0753176
     0.99       0.5 0.0286667  0.094033
    0.999       0.5 0.0326667  0.112539
   0.9999       0.5 0.0846667  0.128673
        0       0.6  0.166667  0.466667
      0.2       0.6     0.072 0.0959312
      0.4       0.6      0.06 0.0929049
      0.6       0.6 0.0513333  0.091696
      0.8       0.6 0.0426667 0.0943646
      0.9       0.6 0.0353333  0.101686
     0.95       0.6 0.0306667  0.112168
     0.99       0.6 0.0313333  0.136267
    0.999       0.6     0.074  0.156174
   0.9999       0.6  0.186667  0.204675
        0       0.7  0.166667  0.466667
      0.2       0.7     0.076  0.115729
      0.4       0.7 0.0693333   0.11562
      0.6       0.7     0.058  0.118565
      0.8       0.7 0.0446667  0.128354
      0.9       0.7 0.0353333  0.141976
     0.95       0.7 0.0333333  0.156566
     0.99       0.7 0.0346667   0.18198
    0.999       0.7  0.130667  0.220646
   0.9999       0.7  0.199333   0.25905
        0       0.8  0.166667  0.466667
      0.2       0.8 0.0773333   0.14155
      0.4       0.8 0.0666667  0.145018
      0.6       0.8 0.0566667  0.152616
      0.8       0.8     0.044  0.169403
      0.9       0.8 0.0366667  0.187588
     0.95       0.8     0.034  0.203928
     0.99       0.8 0.0726667  0.233697
    0.999       0.8  0.191333  0.277881
   0.9999       0.8       0.2  0.296221
        0       0.9  0.166667  0.466667
      0.2       0.9 0.0793333  0.172723
      0.4       0.9 0.0686667  0.179871
      0.6       0.9     0.058  0.191736
      0.8       0.9 0.0453333  0.213558
      0.9       0.9     0.038  0.233835
     0.95       0.9     0.044  0.250968
     0.99       0.9  0.120667  0.285015
    0.999       0.9  0.199333   0.31952
   0.9999       0.9       0.2  0.327987
        0         1  0.166667  0.466667
      0.2         1 0.0786667  0.207054
      0.4         1 0.0713333   0.21718
      0.6         1 0.0606667   0.23207
      0.8         1 0.0453333  0.256426
      0.9         1 0.0453333  0.277245
     0.95         1      0.07  0.294754
     0.99         1  0.159333  0.327959
    0.999         1       0.2  0.351766
   0.9999         1       0.2  0.356154
        0         2  0.166667  0.466667
      0.2         2     0.118  0.412335
      0.4         2 0.0926667  0.419221
      0.6         2 0.0813333  0.427162
      0.8         2  0.114667  0.437679
      0.9         2     0.164  0.446377
     0.95         2  0.166667  0.454172
     0.99         2  0.166667  0.466676
    0.999         2       0.2  0.471643
   0.9999         2       0.2  0.472226
        0         4  0.166667  0.466667
      0.2         4  0.186667  0.457089
      0.4         4  0.162667  0.459161
      0.6         4     0.132  0.461977
      0.8         4  0.148667  0.467154
      0.9         4  0.166667  0.473215
     0.95         4  0.166667  0.479645
     0.99         4  0.166667  0.490315
    0.999         4  0.198667  0.494345
   0.9999         4       0.2  0.494805