       0     0.05 0.466667 0.466667
       0      0.1 0.466667 0.466667
       0     0.15 0.466667 0.466667
       0      0.2 0.466667 0.466667
       0      0.3 0.466667 0.466667
       0      0.4 0.466667 0.466667
       0      0.5 0.466667 0.466667
       0      0.6 0.466667 0.466667
       0      0.7 0.466667 0.466667
       0      0.8 0.466667 0.466667
       0      0.9 0.466667 0.466667
       0        1 0.466667 0.466667
       0        2 0.466667 0.466667
       0        4 0.466667 0.466667
     0.2     0.05 0.466667 0.466667
     0.2      0.1    0.396 0.393258
     0.2     0.15 0.374667 0.385291
     0.2      0.2 0.366667 0.379763
     0.2      0.3    0.318 0.378113
     0.2      0.4    0.298 0.397403
     0.2      0.5 0.263333 0.417679
     0.2      0.6 0.240667 0.431957
     0.2      0.7 0.218667 0.441125
     0.2      0.8 0.209333 0.447186
     0.2      0.9 0.207333 0.451372
     0.2        1 0.208667 0.454377
     0.2        2 0.202667 0.464007
     0.2        4 0.205333 0.466413
     0.4     0.05 0.466667 0.466667
     0.4      0.1 0.394667 0.393274
     0.4     0.15 0.385333 0.390223
     0.4      0.2 0.370667 0.386263
     0.4      0.3 0.318667 0.389912
     0.4      0.4 0.292667 0.410845
     0.4      0.5    0.262 0.428895
     0.4      0.6    0.232 0.440659
     0.4      0.7     0.22 0.447977
     0.4      0.8    0.216 0.452738
     0.4      0.9    0.212 0.455994
     0.4        1     0.21 0.458315
     0.4        2 0.209333 0.465668
     0.4        4    0.212 0.467483
     0.6     0.05 0.466667 0.466667
     0.6      0.1 0.392667  0.39311
     0.6     0.15 0.395333  0.39324
     0.6      0.2    0.376 0.391584
     0.6      0.3    0.322 0.403132
     0.6      0.4 0.282667 0.426672
     0.6      0.5 0.257333 0.441709
     0.6      0.6    0.236 0.450523
     0.6      0.7 0.228667 0.455797
     0.6      0.8    0.226 0.459164
     0.6      0.9 0.227333 0.461439
     0.6        1    0.232 0.463048
     0.6        2 0.231333 0.468071
     0.6        4 0.233333 0.469294
     0.8     0.05 0.466667 0.466667
     0.8      0.1     0.39 0.392953
     0.8     0.15 0.394667 0.396436
     0.8      0.2 0.387333 0.398113
     0.8      0.3     0.33 0.422389
     0.8      0.4 0.277333 0.447234
     0.8      0.5    0.262 0.457768
     0.8      0.6 0.259333 0.463124
     0.8      0.7 0.257333 0.466172
     0.8      0.8 0.259333 0.468064
     0.8      0.9     0.26 0.469319
     0.8        1    0.266 0.470194
     0.8        2 0.276667 0.472853
     0.8        4 0.278667 0.473482
     0.9     0.05 0.466667 0.466667
     0.9      0.1 0.386667 0.393129
     0.9     0.15    0.396 0.399981
     0.9      0.2 0.383333   0.4039
     0.9      0.3 0.336667 0.438869
     0.9      0.4    0.274 0.461967
     0.9      0.5 0.276667  0.46945
     0.9      0.6 0.291333 0.472945
     0.9      0.7    0.316 0.474856
     0.9      0.8 0.332667 0.476006
     0.9      0.9 0.342667 0.476749
     0.9        1    0.354 0.477257
     0.9        2 0.378667 0.478733
     0.9        4    0.384 0.479065
    0.95     0.05 0.466667 0.466667
    0.95      0.1 0.392667 0.394252
    0.95     0.15    0.394  0.40416
    0.95      0.2    0.382 0.409132
    0.95      0.3    0.374 0.452598
    0.95      0.4 0.275333 0.473098
    0.95      0.5 0.343333 0.478796
    0.95      0.6 0.394667 0.481315
    0.95      0.7    0.432 0.482634
    0.95      0.8 0.448667 0.483398
    0.95      0.9 0.454667 0.483876
    0.95        1    0.456 0.484194
    0.95        2 0.461333 0.485064
    0.95        4    0.462 0.485243
    0.99     0.05 0.466667 0.466667
    0.99      0.1 0.396667 0.400236
    0.99     0.15 0.397333 0.412925
    0.99      0.2 0.391333 0.418796
    0.99      0.3 0.448667 0.475668
    0.99      0.4    0.312  0.49034
    0.99      0.5 0.465333 0.493204
    0.99      0.6 0.466667 0.494274
    0.99      0.7 0.466667 0.494779
    0.99      0.8 0.466667  0.49505
    0.99      0.9 0.466667 0.495211
    0.99        1 0.466667 0.495312
    0.99        2 0.466667 0.495561
    0.99        4 0.466667 0.495604
   0.999     0.05 0.466667 0.466667
   0.999      0.1    0.412 0.414077
   0.999     0.15 0.408667 0.416107
   0.999      0.2 0.432667 0.438382
   0.999      0.3    0.478 0.494082
   0.999      0.4    0.464 0.498737
   0.999      0.5 0.469333 0.499193
   0.999      0.6 0.469333 0.499341
   0.999      0.7 0.469333 0.499406
   0.999      0.8 0.466667  0.49944
   0.999      0.9 0.466667  0.49946
   0.999        1 0.466667 0.499472
   0.999        2 0.466667 0.499501
   0.999        4 0.466667 0.499506
  0.9999     0.05 0.466667 0.466667
  0.9999      0.1    0.414 0.418084
  0.9999     0.15 0.408667 0.419578
  0.9999      0.2    0.462  0.45938
  0.9999      0.3 0.499333 0.499239
  0.9999      0.4 0.480667 0.499869
  0.9999      0.5      0.5 0.499918
  0.9999      0.6      0.5 0.499933
  0.9999      0.7      0.5  0.49994
  0.9999      0.8      0.5 0.499943
  0.9999      0.9      0.5 0.499945
  0.9999        1      0.5 0.499947
  0.9999        2      0.5 0.499949
  0.9999        4 0.466667  0.49995