       0     0.05     0.49     0.49
     0.2     0.05     0.11 0.169666
     0.4     0.05    0.106  0.17973
     0.6     0.05      0.1 0.200482
     0.8     0.05 0.100667 0.252407
     0.9     0.05    0.114    0.317
    0.95     0.05    0.142 0.379153
    0.99     0.05 0.268667 0.466509
   0.999     0.05 0.373333 0.496245
  0.9999     0.05      0.5 0.499619
       0      0.1     0.49     0.49
     0.2      0.1     0.16 0.340153
     0.4      0.1 0.167333 0.363642
     0.6      0.1    0.188 0.393962
     0.8      0.1 0.224667 0.434706
     0.9      0.1    0.272 0.461165
    0.95      0.1    0.322 0.476982
    0.99      0.1 0.387333 0.493367
   0.999      0.1     0.49 0.499184
  0.9999      0.1      0.5 0.499916
       0     0.15     0.49     0.49
     0.2     0.15 0.202667 0.430711
     0.4     0.15 0.206667  0.44352
     0.6     0.15 0.226667 0.457731
     0.8     0.15    0.244  0.47373
     0.9     0.15 0.255333 0.482857
    0.95     0.15    0.282 0.488376
    0.99     0.15     0.49 0.495739
   0.999     0.15     0.49 0.499427
  0.9999     0.15      0.5 0.499941
       0      0.2     0.49     0.49
     0.2      0.2     0.19 0.464687
     0.4      0.2    0.196  0.47057
     0.6      0.2 0.207333 0.476825
     0.8      0.2 0.242667 0.483721
     0.9      0.2     0.32  0.48791
    0.95      0.2 0.374667 0.490907
    0.99      0.2     0.49 0.496251
   0.999      0.2     0.49  0.49948
  0.9999      0.2      0.5 0.499946
       0      0.3     0.49     0.49
     0.2      0.3 0.471333 0.482145
     0.4      0.3 0.476667 0.483886
     0.6      0.3    0.476  0.48586
     0.8      0.3    0.462 0.488349
     0.9      0.3    0.448 0.490275
    0.95      0.3 0.386667 0.492113
    0.99      0.3     0.49 0.496506
   0.999      0.3     0.49 0.499508
  0.9999      0.3 0.492667 0.499949
       0      0.4     0.49     0.49
     0.2      0.4    0.488 0.485655
     0.4      0.4 0.486667 0.486667
     0.6      0.4     0.48 0.487852
     0.8      0.4 0.467333 0.489446
     0.9      0.4     0.45  0.49086
    0.95      0.4    0.386 0.492419
    0.99      0.4     0.49 0.496577
   0.999      0.4     0.49 0.499516
  0.9999      0.4     0.49  0.49995
       0      0.5     0.49     0.49
     0.2      0.5    0.488 0.487089
     0.4      0.5 0.483333 0.487827
     0.6      0.5 0.480667 0.488694
     0.8      0.5 0.466667  0.48991
     0.9      0.5    0.444 0.491105
    0.95      0.5 0.388667 0.492546
    0.99      0.5     0.49 0.496606
   0.999      0.5     0.49  0.49952
  0.9999      0.5     0.49  0.49995
       0      0.6     0.49     0.49
     0.2      0.6    0.484 0.487907
     0.4      0.6 0.483333  0.48848
     0.6      0.6 0.478667 0.489159
     0.8      0.6 0.467333  0.49016
     0.9      0.6 0.441333 0.491234
    0.95      0.6 0.392667 0.492612
    0.99      0.6     0.49 0.496621
   0.999      0.6     0.49 0.499521
  0.9999      0.6     0.49  0.49995
       0      0.7     0.49     0.49
     0.2      0.7    0.484  0.48843
     0.4      0.7    0.482 0.488892
     0.6      0.7 0.477333 0.489448
     0.8      0.7 0.463333 0.490312
     0.9      0.7    0.436 0.491312
    0.95      0.7 0.406667  0.49265
    0.99      0.7     0.49 0.496628
   0.999      0.7     0.49 0.499522
  0.9999      0.7     0.49  0.49995
       0      0.8     0.49     0.49
     0.2      0.8    0.484 0.488785
     0.4      0.8 0.478667 0.489168
     0.6      0.8 0.476667 0.489639
     0.8      0.8 0.462667 0.490411
     0.9      0.8     0.43 0.491362
    0.95      0.8    0.418 0.492675
    0.99      0.8     0.49 0.496633
   0.999      0.8     0.49 0.499523
  0.9999      0.8     0.49  0.49995
       0      0.9     0.49     0.49
     0.2      0.9 0.484667 0.489037
     0.4      0.9 0.479333 0.489363
     0.6      0.9 0.477333 0.489773
     0.8      0.9     0.46  0.49048
     0.9      0.9 0.428667 0.491397
    0.95      0.9 0.431333 0.492692
    0.99      0.9     0.49 0.496636
   0.999      0.9     0.49 0.499523
  0.9999      0.9     0.49  0.49995
       0        1     0.49     0.49
     0.2        1    0.484 0.489221
     0.4        1     0.48 0.489504
     0.6        1    0.476 0.489869
     0.8        1 0.458667 0.490529
     0.9        1 0.423333 0.491421
    0.95        1 0.439333 0.492704
    0.99        1     0.49 0.496638
   0.999        1     0.49 0.499523
  0.9999        1     0.49  0.49995
       0        2     0.49     0.49
     0.2        2 0.481333 0.489836
     0.4        2 0.479333 0.489971
     0.6        2    0.474 0.490184
     0.8        2 0.457333 0.490688
     0.9        2    0.408   0.4915
    0.95        2 0.467333 0.492742
    0.99        2     0.49 0.496644
   0.999        2     0.49 0.499524
  0.9999        2     0.49  0.49995
       0        4     0.49     0.49
     0.2        4     0.48 0.489996
     0.4        4 0.477333 0.490091
     0.6        4 0.472667 0.490265
     0.8        4 0.456667 0.490728
     0.9        4 0.404667  0.49152
    0.95        4    0.472 0.492752
    0.99        4     0.49 0.496645
   0.999        4     0.49 0.499524
  0.9999        4     0.49  0.49995