       0     0.05    0.375    0.375
       0      0.1    0.375    0.375
       0     0.15    0.375    0.375
       0      0.2    0.375    0.375
       0      0.3    0.375    0.375
       0      0.4    0.375    0.375
       0      0.5    0.375    0.375
       0      0.6    0.375    0.375
       0      0.7    0.375    0.375
       0      0.8    0.375    0.375
       0      0.9    0.375    0.375
       0        1    0.375    0.375
       0        2    0.375    0.375
       0        4    0.375    0.375
     0.2     0.05   0.3725 0.373011
     0.2      0.1     0.36 0.368292
     0.2     0.15   0.3625 0.366197
     0.2      0.2   0.3475  0.36387
     0.2      0.3   0.3475 0.357506
     0.2      0.4    0.345 0.358145
     0.2      0.5     0.35 0.362025
     0.2      0.6   0.3625 0.366057
     0.2      0.7   0.3625 0.369973
     0.2      0.8   0.3575 0.373244
     0.2      0.9     0.36 0.375587
     0.2        1   0.3575 0.377173
     0.2        2   0.3525 0.381495
     0.2        4     0.37 0.382223
     0.4     0.05   0.3775 0.375668
     0.4      0.1    0.375 0.372455
     0.4     0.15   0.3575 0.370877
     0.4      0.2    0.355 0.371235
     0.4      0.3     0.35 0.366801
     0.4      0.4     0.35 0.368637
     0.4      0.5     0.35 0.373154
     0.4      0.6     0.37 0.377178
     0.4      0.7   0.3675 0.380891
     0.4      0.8   0.3725 0.383906
     0.4      0.9    0.365 0.386055
     0.4        1   0.3675 0.387533
     0.4        2   0.3775 0.391879
     0.4        4   0.3725 0.392719
     0.6     0.05   0.3775 0.378343
     0.6      0.1    0.375 0.376298
     0.6     0.15   0.3625 0.376137
     0.6      0.2     0.37 0.378253
     0.6      0.3     0.35 0.377592
     0.6      0.4     0.35 0.383129
     0.6      0.5   0.3625 0.389133
     0.6      0.6   0.3675 0.393444
     0.6      0.7   0.3675 0.397053
     0.6      0.8   0.3775 0.399862
     0.6      0.9   0.3775 0.401874
     0.6        1    0.365 0.403308
     0.6        2     0.38 0.407971
     0.6        4    0.375 0.408951
     0.8     0.05    0.385 0.381899
     0.8      0.1   0.3775 0.381206
     0.8     0.15   0.3775 0.383246
     0.8      0.2   0.3725 0.387412
     0.8      0.3   0.3525  0.39496
     0.8      0.4    0.355 0.408085
     0.8      0.5   0.3625 0.416468
     0.8      0.6   0.3725 0.421387
     0.8      0.7   0.3775 0.425047
     0.8      0.8   0.3675 0.427762
     0.8      0.9    0.375 0.429745
     0.8        1   0.3725 0.431222
     0.8        2     0.37 0.436315
     0.8        4   0.3575 0.437379
     0.9     0.05     0.38 0.383236
     0.9      0.1   0.3825 0.384854
     0.9     0.15     0.39 0.389008
     0.9      0.2     0.37 0.395594
     0.9      0.3   0.3525 0.413169
     0.9      0.4   0.3575 0.432057
     0.9      0.5   0.3625  0.44137
     0.9      0.6    0.375 0.446512
     0.9      0.7   0.3675  0.45009
     0.9      0.8     0.37 0.452648
     0.9      0.9   0.3725  0.45451
     0.9        1     0.37 0.455901
     0.9        2   0.3675 0.460541
     0.9        4   0.3725 0.461449
    0.95     0.05     0.38 0.383564
    0.95      0.1    0.385  0.38789
    0.95     0.15   0.3875 0.394094
    0.95      0.2   0.3825 0.404176
    0.95      0.3    0.365 0.431699
    0.95      0.4   0.3825 0.452723
    0.95      0.5   0.3775 0.461573
    0.95      0.6     0.36 0.466303
    0.95      0.7     0.37 0.469391
    0.95      0.8   0.3725 0.471507
    0.95      0.9    0.365 0.473008
    0.95        1   0.3675 0.474104
    0.95        2   0.3725 0.477572
    0.95        4    0.375 0.478204
    0.99     0.05   0.3825 0.383993
    0.99      0.1   0.3875 0.394539
    0.99     0.15    0.405 0.406482
    0.99      0.2   0.3725 0.426989
    0.99      0.3   0.4225 0.467725
    0.99      0.4   0.4175  0.48384
    0.99      0.5    0.425 0.488765
    0.99      0.6   0.4425 0.490983
    0.99      0.7   0.4525 0.492241
    0.99      0.8   0.4575 0.493027
    0.99      0.9    0.465 0.493548
    0.99        1    0.465  0.49391
    0.99        2    0.375 0.494959
    0.99        4    0.375 0.495131
   0.999     0.05    0.385 0.386104
   0.999      0.1   0.4025 0.400549
   0.999     0.15   0.4025 0.427454
   0.999      0.2   0.4225 0.455971
   0.999      0.3   0.4675 0.493119
   0.999      0.4      0.5 0.497902
   0.999      0.5      0.5   0.4987
   0.999      0.6      0.5 0.499005
   0.999      0.7      0.5 0.499165
   0.999      0.8      0.5 0.499261
   0.999      0.9      0.5 0.499322
   0.999        1      0.5 0.499364
   0.999        2      0.5 0.499481
   0.999        4      0.5   0.4995
  0.9999     0.05   0.3875 0.386804
  0.9999      0.1    0.395 0.405686
  0.9999     0.15    0.435 0.447334
  0.9999      0.2     0.47 0.477439
  0.9999      0.3      0.5 0.499064
  0.9999      0.4      0.5 0.499783
  0.9999      0.5      0.5 0.499868
  0.9999      0.6      0.5 0.499899
  0.9999      0.7      0.5 0.499916
  0.9999      0.8      0.5 0.499926
  0.9999      0.9      0.5 0.499932
  0.9999        1      0.5 0.499936
  0.9999        2      0.5 0.499948
  0.9999        4      0.5  0.49995