        0      0.05      0.19      0.49
      0.2      0.05      0.19     0.358
      0.4      0.05      0.19     0.358
      0.6      0.05      0.19     0.358
      0.8      0.05      0.19     0.358
      0.9      0.05      0.19     0.358
     0.95      0.05      0.19     0.358
     0.99      0.05      0.19     0.358
    0.999      0.05      0.19     0.358
   0.9999      0.05      0.19     0.358
        0       0.1      0.19      0.49
      0.2       0.1 0.0713333 0.0707799
      0.4       0.1      0.07 0.0709173
      0.6       0.1     0.072 0.0713414
      0.8       0.1 0.0726667 0.0719995
      0.9       0.1 0.0693333 0.0731342
     0.95       0.1 0.0746667 0.0740702
     0.99       0.1 0.0726667 0.0734721
    0.999       0.1 0.0713333 0.0744318
   0.9999       0.1 0.0806667 0.0784361
        0      0.15      0.19      0.49
      0.2      0.15     0.062  0.064493
      0.4      0.15 0.0713333 0.0692715
      0.6      0.15 0.0713333  0.070956
      0.8      0.15 0.0733333 0.0734694
      0.9      0.15 0.0753333  0.074557
     0.95      0.15     0.074 0.0751971
     0.99      0.15      0.08 0.0786304
    0.999      0.15      0.08 0.0826377
   0.9999      0.15     0.118  0.112976
        0       0.2      0.19      0.49
      0.2       0.2 0.0673333 0.0687329
      0.4       0.2 0.0626667 0.0654932
      0.6       0.2     0.068  0.068185
      0.8       0.2 0.0753333 0.0722907
      0.9       0.2     0.076 0.0755209
     0.95       0.2 0.0793333 0.0784516
     0.99       0.2      0.08 0.0881772
    0.999       0.2  0.120667  0.118364
   0.9999       0.2     0.122  0.122043
        0       0.3      0.19      0.49
      0.2       0.3 0.0906667 0.0970708
      0.4       0.3 0.0766667 0.0809642
      0.6       0.3 0.0633333 0.0722293
      0.8       0.3 0.0606667   0.07246
      0.9       0.3      0.08 0.0794031
     0.95       0.3     0.084 0.0894819
     0.99       0.3  0.121333   0.11257
    0.999       0.3  0.117333  0.121699
   0.9999       0.3  0.121333  0.131017
        0       0.4      0.19      0.49
      0.2       0.4  0.119333  0.130501
      0.4       0.4 0.0973333  0.110732
      0.6       0.4 0.0786667 0.0966749
      0.8       0.4     0.072  0.090499
      0.9       0.4 0.0826667 0.0942837
     0.95       0.4  0.104667  0.101518
     0.99       0.4     0.116  0.120046
    0.999       0.4  0.122667  0.145933
   0.9999       0.4  0.117333   0.13962
        0       0.5      0.19      0.49
      0.2       0.5  0.136667  0.158175
      0.4       0.5  0.111333  0.141491
      0.6       0.5 0.0893333   0.12866
      0.8       0.5 0.0813333  0.122234
      0.9       0.5 0.0913333  0.125832
     0.95       0.5  0.107333  0.133749
     0.99       0.5     0.114  0.154497
    0.999       0.5 0.0666667  0.160894
   0.9999       0.5 0.0506667  0.161468
        0       0.6      0.19      0.49
      0.2       0.6  0.156667  0.181256
      0.4       0.6  0.129333  0.167604
      0.6       0.6  0.105333  0.158885
      0.8       0.6 0.0993333    0.1569
      0.9       0.6 0.0993333  0.162886
     0.95       0.6  0.105333  0.171584
     0.99       0.6 0.0926667  0.188031
    0.999       0.6 0.0413333  0.197323
   0.9999       0.6  0.169333  0.238969
        0       0.7      0.19      0.49
      0.2       0.7  0.157333  0.202709
      0.4       0.7  0.128667  0.192841
      0.6       0.7  0.112667  0.188086
      0.8       0.7  0.105333  0.190856
      0.9       0.7       0.1  0.199733
     0.95       0.7 0.0946667   0.21008
     0.99       0.7 0.0526667  0.228657
    0.999       0.7  0.136667  0.262516
   0.9999       0.7  0.198667  0.297811
        0       0.8      0.19      0.49
      0.2       0.8  0.148667  0.225056
      0.4       0.8  0.132667  0.219971
      0.6       0.8  0.111333  0.219844
      0.8       0.8     0.102  0.228259
      0.9       0.8     0.094  0.240807
     0.95       0.8 0.0786667  0.253381
     0.99       0.8 0.0586667  0.279498
    0.999       0.8  0.186667  0.318509
   0.9999       0.8  0.199333  0.334672
        0       0.9      0.19      0.49
      0.2       0.9  0.149333  0.249871
      0.4       0.9  0.131333  0.249743
      0.6       0.9     0.112  0.254501
      0.8       0.9 0.0986667  0.268384
      0.9       0.9     0.082  0.283959
     0.95       0.9 0.0693333  0.298536
     0.99       0.9     0.124  0.328553
    0.999       0.9  0.193333  0.356197
   0.9999       0.9       0.2  0.363177
        0         1      0.19      0.49
      0.2         1     0.154  0.276704
      0.4         1     0.134  0.280898
      0.6         1  0.116667  0.289804
      0.8         1 0.0933333  0.307705
      0.9         1      0.08   0.32497
     0.95         1 0.0706667  0.340092
     0.99         1  0.172667  0.366666
    0.999         1     0.196  0.383661
   0.9999         1       0.2  0.387124
        0         2      0.19      0.49
      0.2         2  0.236667   0.44622
      0.4         2     0.216  0.451995
      0.6         2     0.184  0.458171
      0.8         2  0.139333  0.464896
      0.9         2     0.176  0.468834
     0.95         2      0.19  0.471583
     0.99         2      0.19   0.47667
    0.999         2  0.194667  0.480064
   0.9999         2       0.2  0.480584
        0         4      0.19      0.49
      0.2         4  0.276667  0.482486
      0.4         4  0.265333  0.483694
      0.6         4  0.245333  0.484988
      0.8         4  0.208667  0.486576
      0.9         4     0.186  0.487931
     0.95         4      0.19  0.489442
     0.99         4      0.19  0.493559
    0.999         4      0.19  0.496499
   0.9999         4       0.2  0.496933