        0      0.05     0.486  0.496667
      0.2      0.05  0.484667  0.495667
      0.4      0.05  0.484667  0.495667
      0.6      0.05  0.484667  0.495667
      0.8      0.05  0.484667  0.495667
      0.9      0.05  0.484667  0.495667
     0.95      0.05  0.484667  0.495667
     0.99      0.05  0.484667  0.495667
    0.999      0.05  0.484667  0.495667
   0.9999      0.05  0.484667  0.495667
        0       0.1     0.486  0.496667
      0.2       0.1     0.156  0.154974
      0.4       0.1     0.152  0.153568
      0.6       0.1     0.152  0.153604
      0.8       0.1  0.152667  0.154335
      0.9       0.1  0.153333  0.155509
     0.95       0.1  0.155333  0.157063
     0.99       0.1  0.157333  0.160134
    0.999       0.1  0.156667  0.159461
   0.9999       0.1      0.16  0.161673
        0      0.15     0.486  0.496667
      0.2      0.15      0.16  0.162176
      0.4      0.15     0.156  0.157936
      0.6      0.15  0.157333  0.158291
      0.8      0.15  0.161333  0.160445
      0.9      0.15  0.160667  0.162504
     0.95      0.15  0.169333  0.164136
     0.99      0.15     0.164  0.166934
    0.999      0.15  0.163333  0.166718
   0.9999      0.15  0.159333   0.16164
        0       0.2     0.486  0.496667
      0.2       0.2  0.172667   0.17372
      0.4       0.2     0.158  0.165719
      0.6       0.2  0.158667  0.163112
      0.8       0.2     0.166  0.163569
      0.9       0.2  0.164667  0.164225
     0.95       0.2  0.169333   0.16537
     0.99       0.2  0.168667  0.166222
    0.999       0.2     0.164   0.16725
   0.9999       0.2     0.168  0.178053
        0       0.3     0.486  0.496667
      0.2       0.3  0.207333  0.202644
      0.4       0.3  0.181333  0.185076
      0.6       0.3  0.155333  0.171947
      0.8       0.3  0.151333  0.163643
      0.9       0.3  0.158667  0.162403
     0.95       0.3  0.163333  0.164082
     0.99       0.3  0.156667  0.171725
    0.999       0.3  0.145333  0.220651
   0.9999       0.3  0.378667  0.379782
        0       0.4     0.486  0.496667
      0.2       0.4  0.214667  0.227857
      0.4       0.4  0.201333   0.21434
      0.6       0.4  0.182667  0.200586
      0.8       0.4      0.16    0.1889
      0.9       0.4  0.148667  0.186485
     0.95       0.4  0.123333   0.19275
     0.99       0.4     0.088  0.264971
    0.999       0.4  0.476667  0.435524
   0.9999       0.4  0.510667  0.493891
        0       0.5     0.486  0.496667
      0.2       0.5     0.214   0.25143
      0.4       0.5  0.207333  0.246249
      0.6       0.5  0.187333  0.241365
      0.8       0.5  0.160667  0.243053
      0.9       0.5  0.122667  0.260485
     0.95       0.5 0.0906667  0.295745
     0.99       0.5  0.155333  0.408239
    0.999       0.5  0.504667  0.487209
   0.9999       0.5  0.510667  0.499811
        0       0.6     0.486  0.496667
      0.2       0.6     0.208  0.273393
      0.4       0.6     0.196  0.275753
      0.6       0.6  0.178667  0.282966
      0.8       0.6     0.146  0.307668
      0.9       0.6     0.114   0.34643
     0.95       0.6  0.112667  0.390504
     0.99       0.6     0.244    0.4649
    0.999       0.6     0.506   0.49604
   0.9999       0.6  0.510667  0.500114
        0       0.7     0.486  0.496667
      0.2       0.7     0.206  0.299582
      0.4       0.7  0.189333  0.308878
      0.6       0.7  0.170667  0.326425
      0.8       0.7  0.144667  0.364902
      0.9       0.7     0.132  0.405648
     0.95       0.7  0.139333  0.439847
     0.99       0.7     0.304  0.483082
    0.999       0.7  0.504667  0.498136
   0.9999       0.7  0.510667  0.500058
        0       0.8     0.486  0.496667
      0.2       0.8       0.2  0.329968
      0.4       0.8      0.19   0.34446
      0.6       0.8  0.171333  0.367277
      0.8       0.8  0.152667  0.407081
      0.9       0.8  0.144667  0.440583
     0.95       0.8  0.156667  0.464338
     0.99       0.8  0.331333  0.490326
    0.999       0.8  0.506667  0.498881
   0.9999       0.8     0.508  0.500026
        0       0.9     0.486  0.496667
      0.2       0.9  0.198667  0.359702
      0.4       0.9  0.189333  0.376405
      0.6       0.9     0.182  0.399852
      0.8       0.9  0.167333  0.435121
      0.9       0.9  0.159333  0.460763
     0.95       0.9  0.170667  0.477143
     0.99       0.9  0.377333  0.493659
    0.999       0.9  0.507333  0.499213
   0.9999       0.9  0.507333  0.500019
        0         1     0.486  0.496667
      0.2         1  0.202667  0.385577
      0.4         1  0.196667  0.402214
      0.6         1     0.194  0.423827
      0.8         1  0.180667  0.453222
      0.9         1     0.172  0.472579
     0.95         1  0.180667  0.484126
     0.99         1  0.424667  0.495318
    0.999         1  0.507333  0.499374
   0.9999         1  0.507333  0.500015
        0         2     0.486  0.496667
      0.2         2  0.219333  0.474881
      0.4         2  0.217333  0.479959
      0.6         2     0.218  0.485289
      0.8         2  0.215333  0.490918
      0.9         2  0.206667  0.493915
     0.95         2  0.249333   0.49558
     0.99         2     0.504  0.497737
    0.999         2  0.507333  0.499569
   0.9999         2  0.507333  0.499974
        0         4     0.486  0.496667
      0.2         4  0.220667  0.491798
      0.4         4     0.222  0.493008
      0.6         4  0.224667   0.49424
      0.8         4  0.226667   0.49552
      0.9         4  0.223333  0.496241
     0.95         4  0.269333  0.496739
     0.99         4  0.507333  0.497943
    0.999         4  0.507333  0.499568
   0.9999         4  0.507333  0.499956