       0     0.05 0.493333 0.493333
     0.2     0.05 0.253333     0.32
     0.4     0.05 0.252667 0.319667
     0.6     0.05    0.252    0.319
     0.8     0.05 0.250667    0.319
     0.9     0.05 0.250667 0.319333
    0.95     0.05 0.250667 0.319333
    0.99     0.05 0.250667 0.318333
   0.999     0.05 0.250667 0.319333
  0.9999     0.05 0.250667 0.319667
       0      0.1 0.493333 0.493333
     0.2      0.1    0.298 0.320669
     0.4      0.1    0.298 0.320667
     0.6      0.1    0.298 0.320667
     0.8      0.1    0.298 0.320601
     0.9      0.1 0.296667 0.319343
    0.95      0.1 0.296667 0.319333
    0.99      0.1 0.296667 0.319649
   0.999      0.1    0.298 0.320666
  0.9999      0.1    0.298 0.320667
       0     0.15 0.493333 0.493333
     0.2     0.15 0.344667 0.344463
     0.4     0.15    0.344 0.343974
     0.6     0.15 0.343333 0.343333
     0.8     0.15 0.343333 0.343238
     0.9     0.15    0.342 0.342021
    0.95     0.15    0.342 0.342284
    0.99     0.15 0.343333 0.343318
   0.999     0.15 0.343333 0.343333
  0.9999     0.15 0.343333 0.343333
       0      0.2 0.493333 0.493333
     0.2      0.2    0.358 0.358107
     0.4      0.2 0.344667 0.344068
     0.6      0.2    0.344 0.343858
     0.8      0.2 0.343333 0.343305
     0.9      0.2    0.342 0.342113
    0.95      0.2    0.342 0.342321
    0.99      0.2 0.343333 0.343231
   0.999      0.2 0.343333 0.343305
  0.9999      0.2 0.343333 0.343248
       0      0.3 0.493333 0.493333
     0.2      0.3    0.374  0.37393
     0.4      0.3     0.36 0.363641
     0.6      0.3    0.354 0.354948
     0.8      0.3    0.344 0.344523
     0.9      0.3 0.343333 0.343437
    0.95      0.3    0.342  0.34313
    0.99      0.3 0.343333 0.345436
   0.999      0.3    0.344 0.353207
  0.9999      0.3 0.396667 0.364658
       0      0.4 0.493333 0.493333
     0.2      0.4 0.385333 0.385931
     0.4      0.4     0.38  0.37686
     0.6      0.4 0.363333 0.370148
     0.8      0.4 0.356667  0.36129
     0.9      0.4 0.343333  0.35483
    0.95      0.4 0.342667 0.354083
    0.99      0.4 0.363333 0.362761
   0.999      0.4    0.396  0.37128
  0.9999      0.4    0.376 0.393003
       0      0.5 0.493333 0.493333
     0.2      0.5 0.392667 0.396911
     0.4      0.5 0.386667 0.385249
     0.6      0.5 0.374667   0.3792
     0.8      0.5 0.380667 0.376447
     0.9      0.5 0.374667 0.373897
    0.95      0.5 0.374667 0.373902
    0.99      0.5     0.38 0.382678
   0.999      0.5    0.322 0.413154
  0.9999      0.5 0.451333 0.458262
       0      0.6 0.493333 0.493333
     0.2      0.6 0.414667  0.40282
     0.4      0.6 0.388667 0.392694
     0.6      0.6    0.376 0.386615
     0.8      0.6 0.377333 0.384599
     0.9      0.6 0.376667  0.38631
    0.95      0.6 0.368667 0.389574
    0.99      0.6 0.365333 0.408782
   0.999      0.6 0.450667 0.446217
  0.9999      0.6    0.406 0.442276
       0      0.7 0.493333 0.493333
     0.2      0.7 0.401333  0.40209
     0.4      0.7    0.398  0.39932
     0.6      0.7 0.379333 0.394451
     0.8      0.7 0.377333 0.392977
     0.9      0.7 0.377333 0.396313
    0.95      0.7    0.368 0.403105
    0.99      0.7 0.396667  0.42899
   0.999      0.7 0.475333 0.448519
  0.9999      0.7 0.427333 0.466047
       0      0.8 0.493333 0.493333
     0.2      0.8 0.403333  0.40406
     0.4      0.8    0.404 0.403542
     0.6      0.8    0.382 0.402626
     0.8      0.8    0.382 0.402895
     0.9      0.8 0.369333 0.407728
    0.95      0.8    0.376 0.416681
    0.99      0.8 0.409333 0.440696
   0.999      0.8 0.398667 0.463067
  0.9999      0.8    0.444 0.471614
       0      0.9 0.493333 0.493333
     0.2      0.9 0.404667 0.408548
     0.4      0.9    0.406 0.408602
     0.6      0.9 0.407333 0.410069
     0.8      0.9    0.386  0.41386
     0.9      0.9 0.384667 0.420982
    0.95      0.9 0.386667 0.430981
    0.99      0.9    0.392 0.453544
   0.999      0.9    0.418 0.469665
  0.9999      0.9 0.452667 0.476522
       0        1 0.493333 0.493333
     0.2        1 0.406667 0.414671
     0.4        1 0.405333 0.415415
     0.6        1 0.410667 0.418123
     0.8        1 0.411333 0.425023
     0.9        1    0.414 0.434428
    0.95        1 0.413333 0.444789
    0.99        1    0.396 0.463103
   0.999        1 0.437333 0.474741
  0.9999        1 0.453333 0.488422
       0        2 0.493333 0.493333
     0.2        2 0.426667  0.47299
     0.4        2 0.425333 0.475997
     0.6        2    0.424 0.479804
     0.8        2    0.412 0.485086
     0.9        2    0.406 0.488991
    0.95        2 0.425333 0.491873
    0.99        2 0.493333 0.496502
   0.999        2 0.493333 0.499466
  0.9999        2      0.5 0.499943
       0        4 0.493333 0.493333
     0.2        4 0.483333  0.49521
     0.4        4 0.483333 0.495012
     0.6        4 0.482667 0.494725
     0.8        4    0.484 0.494413
     0.9        4    0.488  0.49446
    0.95        4 0.505333 0.494913
    0.99        4 0.537333 0.497206
   0.999        4 0.493333 0.499548
  0.9999        4 0.493333 0.499952