       0     0.05 0.501333 0.496667
     0.2     0.05 0.481333 0.484375
     0.4     0.05    0.478 0.484162
     0.6     0.05 0.475333 0.484545
     0.8     0.05    0.476 0.485668
     0.9     0.05 0.477333 0.487058
    0.95     0.05    0.468 0.488979
    0.99     0.05 0.481333 0.494669
   0.999     0.05    0.502 0.499268
  0.9999     0.05 0.504667 0.500144
       0      0.1 0.501333 0.496667
     0.2      0.1 0.469333 0.487004
     0.4      0.1 0.477333 0.487527
     0.6      0.1    0.482 0.488345
     0.8      0.1 0.469333 0.490028
     0.9      0.1 0.476667 0.492044
    0.95      0.1    0.476 0.494005
    0.99      0.1     0.49 0.497311
   0.999      0.1 0.501333 0.499651
  0.9999      0.1 0.504667 0.500136
       0     0.15 0.501333 0.496667
     0.2     0.15 0.485333 0.490134
     0.4     0.15 0.480667 0.490516
     0.6     0.15    0.476  0.49135
     0.8     0.15    0.478 0.493049
     0.9     0.15     0.48 0.494616
    0.95     0.15    0.476 0.495843
    0.99     0.15 0.501333 0.497869
   0.999     0.15 0.501333  0.49972
  0.9999     0.15 0.504667 0.500136
       0      0.2 0.501333 0.496667
     0.2      0.2 0.480667 0.491984
     0.4      0.2 0.481333 0.492518
     0.6      0.2    0.476 0.493373
     0.8      0.2    0.472  0.49474
     0.9      0.2    0.484 0.495786
    0.95      0.2 0.483333 0.496558
    0.99      0.2 0.501333  0.49806
   0.999      0.2 0.501333  0.49975
  0.9999      0.2 0.504667 0.500142
       0      0.3 0.501333 0.496667
     0.2      0.3    0.478 0.494526
     0.4      0.3 0.481333 0.494968
     0.6      0.3 0.476667 0.495495
     0.8      0.3 0.483333 0.496164
     0.9      0.3 0.503333 0.496631
    0.95      0.3 0.501333 0.497022
    0.99      0.3 0.501333 0.498162
   0.999      0.3 0.501333 0.499753
  0.9999      0.3 0.504667  0.50013
       0      0.4 0.501333 0.496667
     0.2      0.4 0.473333 0.495792
     0.4      0.4 0.476667 0.496015
     0.6      0.4    0.486  0.49627
     0.8      0.4    0.498 0.496592
     0.9      0.4 0.501333 0.496846
    0.95      0.4 0.501333 0.497117
    0.99      0.4 0.501333 0.498152
   0.999      0.4 0.501333 0.499721
  0.9999      0.4 0.504667 0.500095
       0      0.5 0.501333 0.496667
     0.2      0.5    0.476 0.496279
     0.4      0.5 0.490667 0.496398
     0.6      0.5      0.5 0.496535
     0.8      0.5 0.503333 0.496721
     0.9      0.5 0.501333 0.496897
    0.95      0.5 0.501333 0.497125
    0.99      0.5 0.501333 0.498123
   0.999      0.5 0.501333 0.499686
  0.9999      0.5 0.504667 0.500061
       0      0.6 0.501333 0.496667
     0.2      0.6     0.49 0.496473
     0.4      0.6 0.493333 0.496546
     0.6      0.6    0.502 0.496632
     0.8      0.6      0.5  0.49676
     0.9      0.6 0.501333 0.496904
    0.95      0.6 0.501333 0.497115
    0.99      0.6 0.501333 0.498096
   0.999      0.6 0.501333 0.499659
  0.9999      0.6 0.504667 0.500036
       0      0.7 0.501333 0.496667
     0.2      0.7 0.493333 0.496561
     0.4      0.7 0.499333  0.49661
     0.6      0.7 0.502667 0.496671
     0.8      0.7 0.500667 0.496772
     0.9      0.7 0.501333   0.4969
    0.95      0.7 0.501333 0.497103
    0.99      0.7 0.501333 0.498075
   0.999      0.7 0.501333 0.499639
  0.9999      0.7 0.501333 0.500017
       0      0.8 0.501333 0.496667
     0.2      0.8 0.495333 0.496604
     0.4      0.8    0.502 0.496641
     0.6      0.8 0.500667 0.496689
     0.8      0.8 0.501333 0.496774
     0.9      0.8 0.501333 0.496895
    0.95      0.8 0.501333 0.497092
    0.99      0.8 0.501333 0.498059
   0.999      0.8 0.501333 0.499624
  0.9999      0.8 0.501333 0.500004
       0      0.9 0.501333 0.496667
     0.2      0.9 0.496667 0.496628
     0.4      0.9 0.506667 0.496657
     0.6      0.9 0.502667 0.496697
     0.8      0.9 0.501333 0.496774
     0.9      0.9 0.501333 0.496889
    0.95      0.9 0.501333 0.497084
    0.99      0.9 0.501333 0.498047
   0.999      0.9 0.501333 0.499613
  0.9999      0.9 0.501333 0.499994
       0        1 0.501333 0.496667
     0.2        1    0.496 0.496642
     0.4        1    0.506 0.496666
     0.6        1    0.502 0.496701
     0.8        1 0.501333 0.496772
     0.9        1 0.501333 0.496884
    0.95        1 0.501333 0.497077
    0.99        1 0.501333 0.498038
   0.999        1 0.501333 0.499605
  0.9999        1 0.501333 0.499986
       0        2 0.501333 0.496667
     0.2        2 0.501333 0.496669
     0.4        2      0.5 0.496681
     0.6        2      0.5 0.496703
     0.8        2 0.501333  0.49676
     0.9        2 0.501333 0.496864
    0.95        2 0.501333 0.497051
    0.99        2 0.501333 0.498005
   0.999        2 0.501333 0.499576
  0.9999        2 0.501333  0.49996
       0        4 0.501333 0.496667
     0.2        4 0.501333 0.496672
     0.4        4 0.499333 0.496682
     0.6        4      0.5 0.496701
     0.8        4 0.501333 0.496755
     0.9        4 0.501333 0.496858
    0.95        4 0.501333 0.497044
    0.99        4 0.501333 0.497996
   0.999        4 0.501333 0.499568
  0.9999        4 0.501333 0.499953