       0     0.05 0.493333 0.493333
       0      0.1 0.493333 0.493333
       0     0.15 0.493333 0.493333
       0      0.2 0.493333 0.493333
       0      0.3 0.493333 0.493333
       0      0.4 0.493333 0.493333
       0      0.5 0.493333 0.493333
       0      0.6 0.493333 0.493333
       0      0.7 0.493333 0.493333
       0      0.8 0.493333 0.493333
       0      0.9 0.493333 0.493333
       0        1 0.493333 0.493333
       0        2 0.493333 0.493333
       0        4 0.493333 0.493333
     0.2     0.05 0.493333 0.493333
     0.2      0.1 0.458667 0.461262
     0.2     0.15 0.442667 0.453346
     0.2      0.2 0.437333 0.449205
     0.2      0.3    0.416   0.4434
     0.2      0.4 0.392667 0.445881
     0.2      0.5 0.387333 0.456181
     0.2      0.6 0.377333 0.465675
     0.2      0.7 0.375333 0.472472
     0.2      0.8    0.376 0.477163
     0.2      0.9 0.376667 0.480469
     0.2        1 0.370667 0.482868
     0.2        2 0.365333   0.4907
     0.2        4 0.365333  0.49269
     0.4     0.05 0.493333 0.493333
     0.4      0.1    0.468 0.465189
     0.4     0.15 0.448667 0.458435
     0.4      0.2 0.441333 0.453739
     0.4      0.3 0.410667 0.452096
     0.4      0.4 0.394667 0.455287
     0.4      0.5 0.383333 0.464071
     0.4      0.6 0.379333 0.471901
     0.4      0.7 0.375333 0.477341
     0.4      0.8 0.376667 0.481024
     0.4      0.9 0.376667 0.483589
     0.4        1     0.37 0.485437
     0.4        2 0.366667 0.491396
     0.4        4    0.366 0.492893
     0.6     0.05 0.493333 0.493333
     0.6      0.1 0.466667 0.467058
     0.6     0.15 0.466667 0.461798
     0.6      0.2    0.448 0.458127
     0.6      0.3 0.419333 0.460385
     0.6      0.4    0.388 0.465144
     0.6      0.5    0.378  0.47258
     0.6      0.6 0.376667 0.478536
     0.6      0.7    0.374 0.482462
     0.6      0.8 0.376667 0.485051
     0.6      0.9    0.374 0.486828
     0.6        1     0.37 0.488096
     0.6        2 0.367333 0.492129
     0.6        4 0.365333 0.493131
     0.8     0.05 0.493333 0.493333
     0.8      0.1     0.46 0.466757
     0.8     0.15 0.463333 0.465381
     0.8      0.2    0.458 0.464063
     0.8      0.3    0.428 0.470534
     0.8      0.4     0.39 0.476816
     0.8      0.5    0.382 0.482237
     0.8      0.6 0.382667 0.485811
     0.8      0.7 0.374667 0.487981
     0.8      0.8 0.373333 0.489362
     0.8      0.9 0.372667 0.490292
     0.8        1 0.372667 0.490948
     0.8        2 0.372667 0.493002
     0.8        4 0.365333 0.493504
     0.9     0.05 0.493333 0.493333
     0.9      0.1 0.456667 0.464853
     0.9     0.15 0.460667 0.468175
     0.9      0.2 0.465333 0.469603
     0.9      0.3 0.448667 0.477766
     0.9      0.4     0.41 0.484198
     0.9      0.5 0.377333 0.487885
     0.9      0.6 0.382667 0.489942
     0.9      0.7    0.374 0.491117
     0.9      0.8 0.371333 0.491845
     0.9      0.9 0.373333 0.492329
     0.9        1 0.369333 0.492668
     0.9        2 0.363333 0.493712
     0.9        4 0.359333 0.493965
    0.95     0.05 0.493333 0.493333
    0.95      0.1 0.456667 0.464082
    0.95     0.15 0.474667 0.471984
    0.95      0.2    0.478 0.474277
    0.95      0.3     0.47 0.482929
    0.95      0.4 0.452667 0.488824
    0.95      0.5 0.403333 0.491281
    0.95      0.6     0.38 0.492484
    0.95      0.7 0.380667 0.493139
    0.95      0.8 0.374667 0.493536
    0.95      0.9 0.368667 0.493795
    0.95        1 0.368667 0.493974
    0.95        2 0.364667 0.494513
    0.95        4     0.37  0.49464
    0.99     0.05 0.493333 0.493333
    0.99      0.1 0.466667 0.468395
    0.99     0.15 0.480667 0.480078
    0.99      0.2    0.478 0.480695
    0.99      0.3 0.486667 0.490003
    0.99      0.4     0.49 0.494613
    0.99      0.5    0.488 0.495911
    0.99      0.6 0.472667 0.496429
    0.99      0.7 0.407333 0.496679
    0.99      0.8 0.376667 0.496817
    0.99      0.9    0.362   0.4969
    0.99        1 0.383333 0.496953
    0.99        2    0.474 0.497093
    0.99        4 0.479333 0.497119
   0.999     0.05 0.493333 0.493333
   0.999      0.1     0.48 0.479636
   0.999     0.15 0.482667 0.483842
   0.999      0.2 0.477333 0.485224
   0.999      0.3 0.493333 0.495546
   0.999      0.4 0.493333 0.498812
   0.999      0.5 0.493333 0.499269
   0.999      0.6 0.493333 0.499402
   0.999      0.7 0.493333 0.499458
   0.999      0.8 0.472667 0.499485
   0.999      0.9 0.490667 0.499501
   0.999        1 0.493333  0.49951
   0.999        2 0.493333 0.499531
   0.999        4 0.493333 0.499534
  0.9999     0.05 0.493333 0.493333
  0.9999      0.1    0.484 0.482965
  0.9999     0.15 0.482667   0.4848
  0.9999      0.2    0.484 0.488666
  0.9999      0.3 0.496667 0.498889
  0.9999      0.4      0.5 0.499858
  0.9999      0.5    0.498  0.49992
  0.9999      0.6 0.493333 0.499936
  0.9999      0.7 0.493333 0.499942
  0.9999      0.8 0.493333 0.499945
  0.9999      0.9 0.493333 0.499947
  0.9999        1 0.493333 0.499948
  0.9999        2 0.493333  0.49995
  0.9999        4 0.493333  0.49995