       0     0.05 0.823333 0.822222
     0.2     0.05 0.516667 0.490778
     0.4     0.05    0.516 0.489333
     0.6     0.05 0.515333 0.488222
     0.8     0.05    0.514 0.488444
     0.9     0.05    0.514 0.487889
    0.95     0.05    0.514 0.487333
    0.99     0.05    0.514 0.487333
   0.999     0.05 0.513333 0.485667
  0.9999     0.05 0.513333 0.484333
       0      0.1 0.823333 0.822222
     0.2      0.1 0.440667 0.440274
     0.4      0.1 0.440667 0.439614
     0.6      0.1 0.439333 0.439108
     0.8      0.1 0.439333 0.438829
     0.9      0.1 0.439333 0.438877
    0.95      0.1 0.439333 0.438862
    0.99      0.1 0.439333  0.43883
   0.999      0.1 0.439333 0.438804
  0.9999      0.1 0.439333 0.438677
       0     0.15 0.823333 0.822222
     0.2     0.15     0.45 0.450394
     0.4     0.15 0.438667 0.441602
     0.6     0.15     0.44 0.439649
     0.8     0.15 0.438667 0.438784
     0.9     0.15 0.438667 0.438714
    0.95     0.15 0.438667 0.438705
    0.99     0.15 0.438667 0.438198
   0.999     0.15 0.437333 0.437745
  0.9999     0.15 0.438667 0.438304
       0      0.2 0.823333 0.822222
     0.2      0.2 0.457333 0.457528
     0.4      0.2 0.451333 0.451445
     0.6      0.2 0.437333 0.440172
     0.8      0.2 0.438667 0.438835
     0.9      0.2 0.438667 0.438621
    0.95      0.2 0.438667 0.438196
    0.99      0.2 0.436667 0.437569
   0.999      0.2 0.438667 0.438013
  0.9999      0.2    0.432 0.434044
       0      0.3 0.823333 0.822222
     0.2      0.3      0.5 0.500833
     0.4      0.3    0.466 0.472201
     0.6      0.3    0.452 0.453363
     0.8      0.3    0.436 0.436371
     0.9      0.3 0.437333 0.437053
    0.95      0.3 0.436667 0.437043
    0.99      0.3    0.438 0.435062
   0.999      0.3    0.432 0.432685
  0.9999      0.3     0.43 0.430157
       0      0.4 0.823333 0.822222
     0.2      0.4    0.522 0.521778
     0.4      0.4      0.5 0.504127
     0.6      0.4 0.479333 0.482276
     0.8      0.4 0.445333 0.447149
     0.9      0.4 0.433333 0.434983
    0.95      0.4 0.435333 0.435065
    0.99      0.4    0.432 0.433037
   0.999      0.4     0.43 0.429262
  0.9999      0.4 0.421333 0.435455
       0      0.5 0.823333 0.822222
     0.2      0.5    0.528 0.527503
     0.4      0.5    0.518  0.51828
     0.6      0.5 0.501333 0.501612
     0.8      0.5 0.468667 0.472248
     0.9      0.5 0.436667 0.445123
    0.95      0.5 0.433333 0.437486
    0.99      0.5 0.426667 0.434809
   0.999      0.5    0.422 0.445038
  0.9999      0.5     0.46 0.459664
       0      0.6 0.823333 0.822222
     0.2      0.6    0.532 0.531004
     0.4      0.6 0.523333 0.522415
     0.6      0.6 0.513333 0.511245
     0.8      0.6 0.491333 0.487561
     0.9      0.6 0.453333 0.464533
    0.95      0.6 0.450667 0.452761
    0.99      0.6 0.440667  0.45299
   0.999      0.6    0.454 0.485378
  0.9999      0.6 0.506667 0.580845
       0      0.7 0.823333 0.822222
     0.2      0.7 0.535333 0.532425
     0.4      0.7 0.526667  0.52447
     0.6      0.7    0.518 0.515497
     0.8      0.7 0.501333 0.498099
     0.9      0.7    0.462 0.481339
    0.95      0.7    0.462 0.473803
    0.99      0.7 0.453333 0.495729
   0.999      0.7 0.500667  0.60795
  0.9999      0.7    0.548 0.741445
       0      0.8 0.823333 0.822222
     0.2      0.8 0.537333 0.535897
     0.4      0.8 0.528667 0.528593
     0.6      0.8 0.522667 0.521807
     0.8      0.8 0.509333 0.513165
     0.9      0.8    0.496 0.510082
    0.95      0.8 0.466667 0.518815
    0.99      0.8    0.484 0.589511
   0.999      0.8 0.548667 0.728488
  0.9999      0.8 0.691333 0.807534
       0      0.9 0.823333 0.822222
     0.2      0.9 0.541333 0.544154
     0.4      0.9    0.532  0.53869
     0.6      0.9 0.524667 0.536174
     0.8      0.9    0.522 0.540317
     0.9      0.9    0.518 0.556461
    0.95      0.9 0.512667 0.585885
    0.99      0.9 0.554667  0.68293
   0.999      0.9 0.589333 0.788014
  0.9999      0.9 0.798667 0.826003
       0        1 0.823333 0.822222
     0.2        1 0.543333 0.556895
     0.4        1    0.534 0.556135
     0.6        1 0.527333  0.56044
     0.8        1 0.525333 0.579634
     0.9        1 0.522667 0.611794
    0.95        1 0.565333 0.652395
    0.99        1 0.606667 0.743415
   0.999        1 0.715333 0.813718
  0.9999        1 0.814667 0.830909
       0        2 0.823333 0.822222
     0.2        2 0.595333 0.743221
     0.4        2 0.599333 0.757188
     0.6        2 0.636667 0.773838
     0.8        2     0.65 0.794713
     0.9        2     0.69  0.80797
    0.95        2 0.702667 0.816202
    0.99        2 0.823333 0.826501
   0.999        2 0.823333 0.832261
  0.9999        2 0.833333 0.833218
       0        4 0.823333 0.822222
     0.2        4 0.764667 0.811072
     0.4        4 0.786667 0.813788
     0.6        4 0.823333 0.816662
     0.8        4 0.823333 0.819866
     0.9        4 0.823333 0.821959
    0.95        4 0.823333 0.823744
    0.99        4 0.823333 0.828374
   0.999        4 0.833333 0.832532
  0.9999        4 0.833333 0.833248