       0     0.05 0.471333 0.466667
     0.2     0.05 0.453333 0.458275
     0.4     0.05 0.457333 0.459865
     0.6     0.05 0.450667 0.462387
     0.8     0.05 0.452667 0.467881
     0.9     0.05    0.458 0.474672
    0.95     0.05    0.464 0.481861
    0.99     0.05    0.466 0.494207
   0.999     0.05 0.450667 0.499297
  0.9999     0.05 0.495333 0.499909
       0      0.1 0.471333 0.466667
     0.2      0.1     0.46 0.462517
     0.4      0.1    0.462 0.464046
     0.6      0.1 0.459333  0.46649
     0.8      0.1 0.464667 0.471571
     0.9      0.1    0.464 0.477737
    0.95      0.1    0.466 0.484279
    0.99      0.1 0.456667 0.495221
   0.999      0.1 0.459333 0.499444
  0.9999      0.1 0.495333  0.49993
       0     0.15 0.471333 0.466667
     0.2     0.15    0.464 0.464671
     0.4     0.15    0.466 0.465977
     0.6     0.15    0.466 0.468092
     0.8     0.15    0.466 0.472653
     0.9     0.15 0.466667 0.478422
    0.95     0.15 0.458667 0.484701
    0.99     0.15 0.443333 0.495346
   0.999     0.15    0.462 0.499453
  0.9999     0.15 0.495333 0.499926
       0      0.2 0.471333 0.466667
     0.2      0.2 0.470667 0.465814
     0.4      0.2 0.470667 0.466932
     0.6      0.2 0.472667 0.468812
     0.8      0.2 0.464667 0.473064
     0.9      0.2 0.452667 0.478644
    0.95      0.2    0.454 0.484824
    0.99      0.2 0.456667 0.495379
   0.999      0.2    0.462 0.499455
  0.9999      0.2 0.495333 0.499923
       0      0.3 0.471333 0.466667
     0.2      0.3 0.447333 0.466674
     0.4      0.3 0.450667 0.467625
     0.6      0.3 0.451333 0.469314
     0.8      0.3 0.451333 0.473351
     0.9      0.3 0.444667 0.478823
    0.95      0.3    0.448 0.484952
    0.99      0.3    0.462 0.495433
   0.999      0.3    0.462 0.499464
  0.9999      0.3 0.495333 0.499926
       0      0.4 0.471333 0.466667
     0.2      0.4 0.457333 0.466917
     0.4      0.4 0.457333 0.467827
     0.6      0.4 0.455333 0.469473
     0.8      0.4    0.456 0.473473
     0.9      0.4 0.445333 0.478937
    0.95      0.4 0.453333 0.485061
    0.99      0.4    0.462  0.49549
   0.999      0.4    0.462 0.499476
  0.9999      0.4 0.495333 0.499932
       0      0.5 0.471333 0.466667
     0.2      0.5 0.461333 0.467017
     0.4      0.5 0.461333 0.467915
     0.6      0.5 0.460667 0.469551
     0.8      0.5    0.456 0.473545
     0.9      0.5 0.447333 0.479015
    0.95      0.5 0.463333 0.485141
    0.99      0.5    0.462 0.495533
   0.999      0.5    0.462 0.499485
  0.9999      0.5 0.495333 0.499937
       0      0.6 0.471333 0.466667
     0.2      0.6 0.463333 0.467072
     0.4      0.6 0.462667 0.467965
     0.6      0.6    0.458 0.469595
     0.8      0.6 0.456667 0.473589
     0.9      0.6 0.450667 0.479064
    0.95      0.6    0.462 0.485191
    0.99      0.6    0.462  0.49556
   0.999      0.6    0.462 0.499492
  0.9999      0.6 0.495333  0.49994
       0      0.7 0.471333 0.466667
     0.2      0.7 0.459333 0.467108
     0.4      0.7    0.464 0.467996
     0.6      0.7 0.461333 0.469623
     0.8      0.7     0.46 0.473616
     0.9      0.7     0.45 0.479094
    0.95      0.7    0.462 0.485223
    0.99      0.7    0.462 0.495576
   0.999      0.7    0.462 0.499496
  0.9999      0.7 0.484667 0.499942
       0      0.8 0.471333 0.466667
     0.2      0.8 0.459333 0.467132
     0.4      0.8 0.462667 0.468017
     0.6      0.8 0.463333 0.469641
     0.8      0.8    0.458 0.473634
     0.9      0.8     0.45 0.479114
    0.95      0.8    0.462 0.485243
    0.99      0.8    0.462 0.495587
   0.999      0.8    0.462 0.499498
  0.9999      0.8    0.462 0.499944
       0      0.9 0.471333 0.466667
     0.2      0.9    0.458 0.467148
     0.4      0.9 0.461333 0.468032
     0.6      0.9 0.462667 0.469653
     0.8      0.9 0.459333 0.473646
     0.9      0.9    0.452 0.479128
    0.95      0.9    0.462 0.485256
    0.99      0.9    0.462 0.495594
   0.999      0.9    0.462   0.4995
  0.9999      0.9    0.462 0.499945
       0        1 0.471333 0.466667
     0.2        1 0.456667  0.46716
     0.4        1    0.462 0.468042
     0.6        1 0.462667 0.469662
     0.8        1 0.456667 0.473654
     0.9        1 0.451333 0.479137
    0.95        1    0.462 0.485265
    0.99        1    0.462 0.495599
   0.999        1    0.462 0.499502
  0.9999        1    0.462 0.499946
       0        2 0.471333 0.466667
     0.2        2 0.456667   0.4672
     0.4        2 0.459333 0.468075
     0.6        2 0.465333  0.46969
     0.8        2 0.453333  0.47368
     0.9        2     0.46 0.479164
    0.95        2    0.462 0.485292
    0.99        2    0.462 0.495613
   0.999        2    0.462 0.499506
  0.9999        2    0.462 0.499949
       0        4 0.471333 0.466667
     0.2        4    0.456  0.46721
     0.4        4     0.46 0.468083
     0.6        4 0.465333 0.469697
     0.8        4 0.454667 0.473686
     0.9        4     0.46  0.47917
    0.95        4    0.462 0.485298
    0.99        4    0.462 0.495616
   0.999        4    0.462 0.499507
  0.9999        4    0.462  0.49995