       0     0.05 0.496667 0.496667
     0.2     0.05    0.332 0.331518
     0.4     0.05    0.326 0.331786
     0.6     0.05 0.321333 0.339136
     0.8     0.05 0.314667 0.362725
     0.9     0.05     0.31 0.391979
    0.95     0.05    0.312 0.419526
    0.99     0.05    0.312   0.4682
   0.999     0.05 0.496667 0.495252
  0.9999     0.05      0.5 0.499486
       0      0.1 0.496667 0.496667
     0.2      0.1 0.302667 0.393441
     0.4      0.1 0.304667 0.405053
     0.6      0.1 0.310667 0.420797
     0.8      0.1 0.329333 0.443706
     0.9      0.1 0.371333 0.461888
    0.95      0.1 0.400667 0.475664
    0.99      0.1 0.378667 0.492321
   0.999      0.1 0.496667 0.498874
  0.9999      0.1      0.5 0.499878
       0     0.15 0.496667 0.496667
     0.2     0.15 0.331333 0.433674
     0.4     0.15    0.358 0.442096
     0.6     0.15 0.403333 0.452611
     0.8     0.15 0.437333 0.468221
     0.9     0.15 0.434667 0.479739
    0.95     0.15      0.4 0.487263
    0.99     0.15 0.496667 0.495614
   0.999     0.15 0.496667  0.49927
  0.9999     0.15      0.5 0.499919
       0      0.2 0.496667 0.496667
     0.2      0.2 0.420667 0.451617
     0.4      0.2    0.434 0.458522
     0.6      0.2 0.443333 0.467302
     0.8      0.2 0.443333 0.478956
     0.9      0.2 0.420667 0.486597
    0.95      0.2    0.362 0.491367
    0.99      0.2 0.496667 0.496655
   0.999      0.2 0.496667 0.499388
  0.9999      0.2      0.5 0.499931
       0      0.3 0.496667 0.496667
     0.2      0.3 0.468667 0.470503
     0.4      0.3 0.465333 0.475687
     0.6      0.3 0.460667 0.481435
     0.8      0.3 0.435333 0.488145
     0.9      0.3 0.396667 0.492182
    0.95      0.3 0.455333 0.494572
    0.99      0.3 0.496667 0.497413
   0.999      0.3 0.496667 0.499477
  0.9999      0.3      0.5 0.499941
       0      0.4 0.496667 0.496667
     0.2      0.4 0.475333  0.48057
     0.4      0.4    0.472  0.48402
     0.6      0.4    0.462 0.487749
     0.8      0.4     0.44 0.491931
     0.9      0.4 0.373333 0.494328
    0.95      0.4 0.496667 0.495732
    0.99      0.4 0.496667  0.49768
   0.999      0.4 0.496667 0.499513
  0.9999      0.4      0.5 0.499945
       0      0.5 0.496667 0.496667
     0.2      0.5 0.478667    0.486
     0.4      0.5 0.470667 0.488395
     0.6      0.5    0.462 0.490947
     0.8      0.5    0.432 0.493734
     0.9      0.5    0.388 0.495299
    0.95      0.5 0.496667 0.496242
    0.99      0.5 0.496667 0.497799
   0.999      0.5 0.496667 0.499532
  0.9999      0.5      0.5 0.499947
       0      0.6 0.496667 0.496667
     0.2      0.6     0.48 0.489146
     0.4      0.6 0.471333 0.490889
     0.6      0.6 0.463333 0.492724
     0.8      0.6    0.432 0.494698
     0.9      0.6 0.403333 0.495805
    0.95      0.6 0.496667 0.496504
    0.99      0.6 0.496667 0.497861
   0.999      0.6 0.496667 0.499542
  0.9999      0.6 0.496667 0.499948
       0      0.7 0.496667 0.496667
     0.2      0.7 0.480667 0.491101
     0.4      0.7 0.472667 0.492419
     0.6      0.7 0.464667 0.493796
     0.8      0.7 0.429333 0.495265
     0.9      0.7 0.413333 0.496099
    0.95      0.7 0.496667 0.496655
    0.99      0.7 0.496667 0.497897
   0.999      0.7 0.496667 0.499548
  0.9999      0.7 0.496667 0.499949
       0      0.8 0.496667 0.496667
     0.2      0.8 0.480667  0.49239
     0.4      0.8 0.473333 0.493419
     0.6      0.8 0.466667 0.494488
     0.8      0.8 0.425333 0.495626
     0.9      0.8    0.426 0.496284
    0.95      0.8 0.496667  0.49675
    0.99      0.8 0.496667  0.49792
   0.999      0.8 0.496667 0.499552
  0.9999      0.8 0.496667 0.499949
       0      0.9 0.496667 0.496667
     0.2      0.9 0.481333 0.493281
     0.4      0.9    0.474 0.494106
     0.6      0.9 0.466667 0.494959
     0.8      0.9    0.422  0.49587
     0.9      0.9 0.431333 0.496409
    0.95      0.9 0.496667 0.496814
    0.99      0.9 0.496667 0.497936
   0.999      0.9 0.496667 0.499555
  0.9999      0.9 0.496667  0.49995
       0        1 0.496667 0.496667
     0.2        1    0.482 0.493921
     0.4        1 0.475333 0.494597
     0.6        1    0.466 0.495295
     0.8        1 0.422667 0.496042
     0.9        1    0.436 0.496496
    0.95        1 0.496667 0.496859
    0.99        1 0.496667 0.497947
   0.999        1 0.496667 0.499557
  0.9999        1 0.496667  0.49995
       0        2 0.496667 0.496667
     0.2        2 0.483333 0.495982
     0.4        2 0.476667 0.496163
     0.6        2    0.466 0.496353
     0.8        2 0.418667 0.496579
     0.9        2 0.453333 0.496768
    0.95        2 0.496667 0.496997
    0.99        2 0.496667 0.497981
   0.999        2 0.496667 0.499563
  0.9999        2 0.496667 0.499951
       0        4 0.496667 0.496667
     0.2        4    0.484   0.4965
     0.4        4 0.476667 0.496552
     0.6        4    0.466 0.496613
     0.8        4    0.418  0.49671
     0.9        4 0.461333 0.496834
    0.95        4 0.496667 0.497031
    0.99        4 0.496667  0.49799
   0.999        4 0.496667 0.499565
  0.9999        4 0.496667 0.499951