       0     0.05     0.49     0.49
     0.2     0.05    0.148 0.182225
     0.4     0.05 0.145333  0.19318
     0.6     0.05 0.143333 0.214536
     0.8     0.05    0.146 0.266015
     0.9     0.05 0.159333  0.32782
    0.95     0.05    0.198 0.386103
    0.99     0.05 0.320667 0.468223
   0.999     0.05     0.41 0.496406
  0.9999     0.05      0.5 0.499634
       0      0.1     0.49     0.49
     0.2      0.1 0.234667 0.344543
     0.4      0.1     0.25 0.368367
     0.6      0.1 0.288667 0.398396
     0.8      0.1     0.34 0.437951
     0.9      0.1    0.402 0.463355
    0.95      0.1 0.437333  0.47839
    0.99      0.1     0.47 0.493754
   0.999      0.1     0.49 0.499229
  0.9999      0.1      0.5 0.499921
       0     0.15     0.49     0.49
     0.2     0.15    0.348 0.432008
     0.4     0.15 0.370667 0.444845
     0.6     0.15    0.398 0.459095
     0.8     0.15     0.43 0.475047
     0.9     0.15 0.458667 0.483914
    0.95     0.15 0.475333 0.489096
    0.99     0.15     0.48 0.495959
   0.999     0.15     0.49 0.499456
  0.9999     0.15      0.5 0.499943
       0      0.2     0.49     0.49
     0.2      0.2 0.400667 0.467353
     0.4      0.2 0.412667 0.473178
     0.6      0.2 0.433333 0.479253
     0.8      0.2 0.456667 0.485594
     0.9      0.2    0.472 0.489149
    0.95      0.2 0.481333 0.491652
    0.99      0.2 0.484667 0.496458
   0.999      0.2     0.49 0.499507
  0.9999      0.2      0.5 0.499949
       0      0.3     0.49     0.49
     0.2      0.3    0.438  0.48686
     0.4      0.3    0.446 0.487903
     0.6      0.3 0.456667 0.488957
     0.8      0.3 0.465333 0.490187
     0.9      0.3     0.47   0.4913
    0.95      0.3 0.473333 0.492675
    0.99      0.3     0.49 0.496657
   0.999      0.3     0.49 0.499527
  0.9999      0.3      0.5 0.499951
       0      0.4     0.49     0.49
     0.2      0.4    0.468  0.48945
     0.4      0.4 0.471333 0.489729
     0.6      0.4    0.472 0.490063
     0.8      0.4    0.468 0.490658
     0.9      0.4 0.450667 0.491507
    0.95      0.4 0.559333 0.492767
    0.99      0.4     0.49 0.496672
   0.999      0.4     0.49 0.499529
  0.9999      0.4 0.497333 0.499951
       0      0.5     0.49     0.49
     0.2      0.5    0.482 0.489805
     0.4      0.5 0.481333 0.489963
     0.6      0.5 0.480667 0.490192
     0.8      0.5 0.466667 0.490705
     0.9      0.5 0.467333 0.491522
    0.95      0.5    0.494  0.49277
    0.99      0.5     0.49 0.496669
   0.999      0.5     0.49 0.499528
  0.9999      0.5     0.49 0.499951
       0      0.6     0.49     0.49
     0.2      0.6 0.486667 0.489874
     0.4      0.6 0.484667 0.490005
     0.6      0.6 0.480667 0.490213
     0.8      0.6    0.466 0.490709
     0.9      0.6 0.488667 0.491521
    0.95      0.6     0.49 0.492765
    0.99      0.6     0.49 0.496664
   0.999      0.6     0.49 0.499527
  0.9999      0.6     0.49 0.499951
       0      0.7     0.49     0.49
     0.2      0.7 0.488667 0.489901
     0.4      0.7    0.484 0.490023
     0.6      0.7 0.481333 0.490222
     0.8      0.7 0.456667 0.490712
     0.9      0.7    0.502 0.491519
    0.95      0.7     0.49 0.492762
    0.99      0.7     0.49 0.496661
   0.999      0.7     0.49 0.499527
  0.9999      0.7     0.49 0.499951
       0      0.8     0.49     0.49
     0.2      0.8 0.488667 0.489922
     0.4      0.8 0.486667 0.490037
     0.6      0.8 0.483333  0.49023
     0.8      0.8    0.456 0.490715
     0.9      0.8 0.512667 0.491519
    0.95      0.8     0.49  0.49276
    0.99      0.8     0.49 0.496658
   0.999      0.8     0.49 0.499526
  0.9999      0.8     0.49 0.499951
       0      0.9     0.49     0.49
     0.2      0.9 0.488667 0.489939
     0.4      0.9    0.488 0.490049
     0.6      0.9 0.484667 0.490238
     0.8      0.9     0.45 0.490718
     0.9      0.9 0.518667  0.49152
    0.95      0.9     0.49 0.492759
    0.99      0.9     0.49 0.496656
   0.999      0.9     0.49 0.499526
  0.9999      0.9     0.49 0.499951
       0        1     0.49     0.49
     0.2        1     0.49 0.489954
     0.4        1 0.487333  0.49006
     0.6        1 0.482667 0.490245
     0.8        1 0.446667 0.490721
     0.9        1 0.516667  0.49152
    0.95        1     0.49 0.492758
    0.99        1     0.49 0.496654
   0.999        1     0.49 0.499525
  0.9999        1     0.49  0.49995
       0        2     0.49     0.49
     0.2        2 0.489333  0.49002
     0.4        2 0.490667 0.490109
     0.6        2    0.484 0.490277
     0.8        2     0.44 0.490735
     0.9        2 0.518667 0.491524
    0.95        2     0.49 0.492755
    0.99        2     0.49 0.496648
   0.999        2     0.49 0.499524
  0.9999        2     0.49  0.49995
       0        4     0.49     0.49
     0.2        4 0.488667 0.490042
     0.4        4 0.490667 0.490126
     0.6        4 0.483333 0.490288
     0.8        4 0.438667 0.490739
     0.9        4    0.514 0.491526
    0.95        4     0.49 0.492755
    0.99        4     0.49 0.496646
   0.999        4     0.49 0.499524
  0.9999        4     0.49  0.49995