       0     0.05 0.488667     0.49
     0.2     0.05 0.488667     0.49
     0.4     0.05 0.488667     0.49
     0.6     0.05 0.488667     0.49
     0.8     0.05 0.488667     0.49
     0.9     0.05 0.488667     0.49
    0.95     0.05 0.488667     0.49
    0.99     0.05 0.488667     0.49
   0.999     0.05 0.488667     0.49
  0.9999     0.05 0.488667     0.49
       0      0.1 0.488667     0.49
     0.2      0.1 0.424667 0.427695
     0.4      0.1    0.434 0.432263
     0.6      0.1     0.44  0.43709
     0.8      0.1 0.444667 0.441359
     0.9      0.1    0.444 0.443112
    0.95      0.1    0.444 0.443906
    0.99      0.1 0.444667 0.446379
   0.999      0.1 0.461333 0.456802
  0.9999      0.1 0.460667 0.465901
       0     0.15 0.488667     0.49
     0.2     0.15    0.424 0.423671
     0.4     0.15 0.425333 0.426616
     0.6     0.15     0.42 0.430479
     0.8     0.15 0.432667 0.437134
     0.9     0.15 0.438667 0.443063
    0.95     0.15 0.444667 0.448932
    0.99     0.15    0.458 0.463691
   0.999     0.15 0.488667 0.482119
  0.9999     0.15 0.506667  0.49872
       0      0.2 0.488667     0.49
     0.2      0.2 0.414667 0.421875
     0.4      0.2 0.421333 0.426093
     0.6      0.2 0.421333 0.431312
     0.8      0.2 0.431333 0.440188
     0.9      0.2    0.442 0.449082
    0.95      0.2 0.452667 0.457691
    0.99      0.2 0.492667 0.474788
   0.999      0.2 0.515333 0.488746
  0.9999      0.2    0.512 0.489158
       0      0.3 0.488667     0.49
     0.2      0.3    0.372 0.416162
     0.4      0.3     0.38 0.427284
     0.6      0.3    0.398 0.438141
     0.8      0.3 0.417333 0.452783
     0.9      0.3 0.441333 0.464513
    0.95      0.3    0.458 0.473753
    0.99      0.3 0.483333  0.48737
   0.999      0.3     0.49 0.496193
  0.9999      0.3    0.498 0.499038
       0      0.4 0.488667     0.49
     0.2      0.4 0.350667  0.41966
     0.4      0.4 0.350667 0.433645
     0.6      0.4 0.357333 0.448468
     0.8      0.4    0.396 0.466162
     0.9      0.4 0.450667 0.477453
    0.95      0.4    0.476  0.48469
    0.99      0.4 0.488667 0.493809
   0.999      0.4 0.495333 0.498748
  0.9999      0.4 0.498667 0.499738
       0      0.5 0.488667     0.49
     0.2      0.5 0.344667 0.435823
     0.4      0.5 0.347333 0.447472
     0.6      0.5 0.346667 0.460022
     0.8      0.5    0.368 0.474263
     0.9      0.5 0.426667 0.482751
    0.95      0.5 0.476667  0.48808
    0.99      0.5 0.488667 0.495269
   0.999      0.5    0.494 0.499206
  0.9999      0.5 0.498667 0.499851
       0      0.6 0.488667     0.49
     0.2      0.6 0.334667 0.451209
     0.4      0.6     0.34 0.460008
     0.6      0.6     0.34 0.469371
     0.8      0.6 0.352667 0.479726
     0.9      0.6 0.397333  0.48583
    0.95      0.6    0.474 0.489819
    0.99      0.6 0.488667  0.49588
   0.999      0.6 0.488667 0.499365
  0.9999      0.6 0.498667 0.499897
       0      0.7 0.488667     0.49
     0.2      0.7 0.334667 0.461963
     0.4      0.7 0.335333 0.468537
     0.6      0.7 0.339333 0.475469
     0.8      0.7 0.352667  0.48307
     0.9      0.7    0.384  0.48762
    0.95      0.7 0.471333 0.490784
    0.99      0.7 0.488667 0.496184
   0.999      0.7 0.488667 0.499435
  0.9999      0.7 0.498667 0.499918
       0      0.8 0.488667     0.49
     0.2      0.8 0.329333 0.469065
     0.4      0.8    0.332 0.474086
     0.6      0.8    0.334 0.479357
     0.8      0.8 0.339333  0.48514
     0.9      0.8 0.379333 0.488702
    0.95      0.8    0.462 0.491351
    0.99      0.8 0.488667 0.496347
   0.999      0.8 0.488667 0.499471
  0.9999      0.8 0.498667  0.49993
       0      0.9 0.488667     0.49
     0.2      0.9 0.325333 0.473843
     0.4      0.9 0.328667 0.477786
     0.6      0.9 0.329333 0.481919
     0.8      0.9    0.338 0.486481
     0.9      0.9 0.375333 0.489392
    0.95      0.9 0.448667 0.491706
    0.99      0.9 0.488667 0.496441
   0.999      0.9 0.488667  0.49949
  0.9999      0.9 0.498667 0.499936
       0        1 0.488667     0.49
     0.2        1 0.327333  0.47717
     0.4        1 0.327333 0.480348
     0.6        1 0.324667 0.483679
     0.8        1 0.336667 0.487392
     0.9        1 0.370667 0.489857
    0.95        1 0.437333 0.491942
    0.99        1 0.488667 0.496499
   0.999        1 0.488667 0.499501
  0.9999        1    0.498  0.49994
       0        2 0.488667     0.49
     0.2        2 0.331333 0.487065
     0.4        2     0.33 0.487886
     0.6        2 0.331333  0.48879
     0.8        2     0.33 0.489992
     0.9        2 0.359333 0.491158
    0.95        2 0.383333 0.492582
    0.99        2 0.488667 0.496625
   0.999        2 0.488667 0.499522
  0.9999        2 0.488667 0.499949
       0        4 0.488667     0.49
     0.2        4    0.332  0.48932
     0.4        4    0.334 0.489584
     0.6        4 0.334667 0.489926
     0.8        4 0.338667  0.49056
     0.9        4 0.348667 0.491437
    0.95        4    0.376 0.492714
    0.99        4 0.488667 0.496642
   0.999        4 0.488667 0.499524
  0.9999        4 0.488667  0.49995