        0      0.05  0.196667  0.496667
      0.2      0.05  0.196667  0.353667
      0.4      0.05  0.196667  0.353667
      0.6      0.05  0.196667  0.353667
      0.8      0.05  0.196667  0.353667
      0.9      0.05  0.196667  0.353667
     0.95      0.05  0.196667  0.353667
     0.99      0.05  0.196667  0.353667
    0.999      0.05  0.196667  0.353667
   0.9999      0.05  0.196667  0.353667
        0       0.1  0.196667  0.496667
      0.2       0.1     0.172  0.172166
      0.4       0.1     0.172  0.172795
      0.6       0.1  0.174667    0.1738
      0.8       0.1  0.170667  0.171878
      0.9       0.1  0.170667  0.171823
     0.95       0.1  0.171333  0.171656
     0.99       0.1  0.170667  0.170557
    0.999       0.1  0.167333  0.168577
   0.9999       0.1     0.168   0.16798
        0      0.15  0.196667  0.496667
      0.2      0.15     0.166  0.166001
      0.4      0.15     0.174  0.173155
      0.6      0.15  0.173333  0.174216
      0.8      0.15     0.176  0.174578
      0.9      0.15     0.174  0.173828
     0.95      0.15  0.173333  0.173095
     0.99      0.15  0.170667  0.171473
    0.999      0.15     0.164  0.167021
   0.9999      0.15  0.178667  0.175466
        0       0.2  0.196667  0.496667
      0.2       0.2      0.15   0.15417
      0.4       0.2  0.164667  0.163195
      0.6       0.2  0.173333  0.170292
      0.8       0.2  0.172667   0.17197
      0.9       0.2  0.173333   0.17167
     0.95       0.2  0.171333  0.170819
     0.99       0.2  0.164667  0.169583
    0.999       0.2  0.177333  0.176669
   0.9999       0.2  0.184667  0.171445
        0       0.3  0.196667  0.496667
      0.2       0.3     0.146  0.149766
      0.4       0.3     0.144  0.148335
      0.6       0.3     0.144  0.150905
      0.8       0.3      0.16  0.158062
      0.9       0.3     0.166  0.162453
     0.95       0.3     0.162  0.166014
     0.99       0.3     0.164  0.157366
    0.999       0.3  0.100667  0.110586
   0.9999       0.3     0.104  0.103391
        0       0.4  0.196667  0.496667
      0.2       0.4  0.148667  0.152662
      0.4       0.4  0.149333  0.150174
      0.6       0.4  0.141333  0.146302
      0.8       0.4  0.130667   0.14453
      0.9       0.4  0.125333  0.145096
     0.95       0.4     0.116  0.141369
     0.99       0.4     0.102  0.119391
    0.999       0.4       0.1  0.105926
   0.9999       0.4      0.09  0.103228
        0       0.5  0.196667  0.496667
      0.2       0.5  0.148667  0.155793
      0.4       0.5  0.146667  0.152556
      0.6       0.5  0.138667  0.148579
      0.8       0.5     0.126  0.142613
      0.9       0.5  0.114667  0.136853
     0.95       0.5  0.102667  0.129869
     0.99       0.5     0.094   0.11826
    0.999       0.5     0.092  0.117481
   0.9999       0.5 0.0993333  0.124099
        0       0.6  0.196667  0.496667
      0.2       0.6  0.149333  0.164642
      0.4       0.6     0.148  0.159158
      0.6       0.6     0.136  0.153924
      0.8       0.6     0.122  0.146364
      0.9       0.6     0.106  0.139737
     0.95       0.6 0.0986667  0.135443
     0.99       0.6 0.0933333  0.136457
    0.999       0.6 0.0993333  0.144339
   0.9999       0.6  0.139333  0.182738
        0       0.7  0.196667  0.496667
      0.2       0.7  0.155333   0.17518
      0.4       0.7  0.144667  0.168362
      0.6       0.7  0.130667  0.162175
      0.8       0.7  0.112667  0.155333
      0.9       0.7 0.0966667  0.152495
     0.95       0.7 0.0946667  0.153616
     0.99       0.7     0.098   0.16241
    0.999       0.7  0.123333  0.191217
   0.9999       0.7  0.198667  0.231769
        0       0.8  0.196667  0.496667
      0.2       0.8  0.158667  0.189123
      0.4       0.8  0.141333  0.180967
      0.6       0.8     0.124  0.175045
      0.8       0.8  0.105333  0.171792
      0.9       0.8 0.0966667  0.174156
     0.95       0.8     0.096  0.179397
     0.99       0.8  0.108667  0.196393
    0.999       0.8  0.191333  0.236784
   0.9999       0.8  0.199333  0.257428
        0       0.9  0.196667  0.496667
      0.2       0.9     0.162  0.209249
      0.4       0.9     0.146  0.201131
      0.6       0.9  0.119333  0.196618
      0.8       0.9       0.1  0.197309
      0.9       0.9  0.100667  0.203139
     0.95       0.9     0.106  0.211037
     0.99       0.9  0.133333  0.235551
    0.999       0.9  0.196667  0.268107
   0.9999       0.9  0.199333   0.27697
        0         1  0.196667  0.496667
      0.2         1      0.17  0.233631
      0.4         1  0.145333  0.227272
      0.6         1     0.122   0.22487
      0.8         1  0.105333  0.228648
      0.9         1     0.108  0.236692
     0.95         1  0.121333  0.246593
     0.99         1  0.175333   0.27208
    0.999         1     0.198  0.292462
   0.9999         1  0.199333  0.296636
        0         2  0.196667  0.496667
      0.2         2  0.194667  0.409435
      0.4         2     0.168  0.413514
      0.6         2  0.152667  0.418527
      0.8         2  0.166667  0.424851
      0.9         2     0.196  0.428747
     0.95         2  0.196667  0.431035
     0.99         2  0.196667  0.433738
    0.999         2  0.199333  0.435761
   0.9999         2       0.2  0.436254
        0         4  0.196667  0.496667
      0.2         4  0.199333   0.47466
      0.4         4     0.188  0.476266
      0.6         4  0.173333  0.477959
      0.8         4     0.194   0.47977
      0.9         4  0.196667  0.480784
     0.95         4  0.196667  0.481435
     0.99         4  0.196667  0.482759
    0.999         4  0.196667  0.484418
   0.9999         4       0.2  0.484816