       0     0.05     0.83 0.827778
     0.2     0.05 0.683333 0.646333
     0.4     0.05 0.681333 0.646556
     0.6     0.05 0.679333 0.646111
     0.8     0.05 0.678667 0.645333
     0.9     0.05 0.678667 0.644333
    0.95     0.05 0.678667 0.644556
    0.99     0.05 0.678667 0.643222
   0.999     0.05    0.676 0.642889
  0.9999     0.05    0.676 0.643667
       0      0.1     0.83 0.827778
     0.2      0.1    0.658  0.65762
     0.4      0.1    0.652 0.650586
     0.6      0.1    0.652 0.650708
     0.8      0.1    0.652 0.650679
     0.9      0.1 0.651333 0.650369
    0.95      0.1 0.651333  0.65029
    0.99      0.1 0.651333 0.650268
   0.999      0.1     0.65 0.648972
  0.9999      0.1    0.644 0.645594
       0     0.15     0.83 0.827778
     0.2     0.15    0.672 0.671543
     0.4     0.15 0.663333 0.663907
     0.6     0.15 0.653333 0.653202
     0.8     0.15    0.652 0.651367
     0.9     0.15    0.652 0.650441
    0.95     0.15 0.651333 0.649503
    0.99     0.15    0.646 0.647117
   0.999     0.15    0.644 0.646177
  0.9999     0.15    0.652 0.650872
       0      0.2     0.83 0.827778
     0.2      0.2 0.672667 0.671825
     0.4      0.2 0.671333 0.671104
     0.6      0.2 0.662667 0.662051
     0.8      0.2    0.654 0.651801
     0.9      0.2    0.648 0.650383
    0.95      0.2 0.647333 0.649695
    0.99      0.2 0.649333 0.650221
   0.999      0.2    0.652 0.652383
  0.9999      0.2    0.656 0.655841
       0      0.3     0.83 0.827778
     0.2      0.3 0.669333 0.667322
     0.4      0.3    0.672 0.668443
     0.6      0.3 0.671333 0.668022
     0.8      0.3    0.662 0.659075
     0.9      0.3    0.652 0.653266
    0.95      0.3    0.652 0.652786
    0.99      0.3    0.656 0.655213
   0.999      0.3    0.656 0.654715
  0.9999      0.3    0.656 0.646121
       0      0.4     0.83 0.827778
     0.2      0.4     0.67 0.672455
     0.4      0.4    0.666 0.667074
     0.6      0.4 0.670667 0.667026
     0.8      0.4    0.666 0.662998
     0.9      0.4 0.652667 0.656586
    0.95      0.4    0.656 0.654028
    0.99      0.4    0.656 0.651888
   0.999      0.4    0.656 0.643373
  0.9999      0.4    0.656 0.641103
       0      0.5     0.83 0.827778
     0.2      0.5 0.674667 0.676389
     0.4      0.5    0.672 0.672875
     0.6      0.5    0.666 0.667175
     0.8      0.5 0.670667 0.662428
     0.9      0.5    0.662 0.657241
    0.95      0.5    0.656 0.651964
    0.99      0.5    0.656 0.646826
   0.999      0.5    0.656  0.64615
  0.9999      0.5 0.670667 0.650767
       0      0.6     0.83 0.827778
     0.2      0.6 0.674667 0.678532
     0.4      0.6 0.674667 0.675652
     0.6      0.6    0.672 0.671385
     0.8      0.6 0.671333 0.663244
     0.9      0.6 0.671333 0.655898
    0.95      0.6    0.652 0.650166
    0.99      0.6     0.66 0.647152
   0.999      0.6 0.670667 0.650199
  0.9999      0.6 0.670667 0.663221
       0      0.7     0.83 0.827778
     0.2      0.7 0.679333 0.681686
     0.4      0.7    0.682 0.677517
     0.6      0.7    0.682 0.673043
     0.8      0.7 0.678667 0.665759
     0.9      0.7 0.679333 0.658797
    0.95      0.7 0.668667 0.653071
    0.99      0.7    0.672 0.651711
   0.999      0.7 0.673333 0.673005
  0.9999      0.7    0.752 0.754032
       0      0.8     0.83 0.827778
     0.2      0.8 0.683333 0.684824
     0.4      0.8 0.689333 0.679941
     0.6      0.8    0.688 0.674543
     0.8      0.8    0.686 0.667717
     0.9      0.8    0.682 0.662816
    0.95      0.8 0.677333 0.660708
    0.99      0.8 0.671333 0.672234
   0.999      0.8 0.720667 0.741309
  0.9999      0.8 0.833333  0.81125
       0      0.9     0.83 0.827778
     0.2      0.9 0.687333 0.688289
     0.4      0.9 0.692667  0.68335
     0.6      0.9 0.694667 0.678394
     0.8      0.9 0.694667 0.673751
     0.9      0.9 0.683333 0.673658
    0.95      0.9 0.683333 0.678686
    0.99      0.9 0.688667 0.713965
   0.999      0.9    0.832 0.794714
  0.9999      0.9 0.833333 0.827048
       0        1     0.83 0.827778
     0.2        1 0.691333 0.692732
     0.4        1 0.691333 0.688964
     0.6        1 0.693333 0.685903
     0.8        1    0.688 0.686061
     0.9        1    0.692 0.692883
    0.95        1 0.689333 0.706542
    0.99        1 0.757333 0.759519
   0.999        1 0.833333 0.817652
  0.9999        1 0.833333 0.831365
       0        2     0.83 0.827778
     0.2        2    0.768 0.782246
     0.4        2    0.778   0.7892
     0.6        2 0.799333 0.798217
     0.8        2     0.83 0.810497
     0.9        2     0.83  0.81869
    0.95        2     0.83 0.823731
    0.99        2     0.83 0.829375
   0.999        2 0.833333 0.832605
  0.9999        2 0.833333 0.833252
       0        4     0.83 0.827778
     0.2        4     0.83 0.821658
     0.4        4     0.83 0.823211
     0.6        4     0.83 0.824903
     0.8        4     0.83 0.826795
     0.9        4     0.83 0.827916
    0.95        4     0.83 0.828687
    0.99        4     0.83 0.830445
   0.999        4 0.833333 0.832726
  0.9999        4 0.833333 0.833265