        0      0.05  0.196667  0.496667
      0.2      0.05  0.196667  0.381333
      0.4      0.05  0.196667  0.381333
      0.6      0.05  0.196667  0.381333
      0.8      0.05  0.196667  0.381333
      0.9      0.05  0.196667  0.381333
     0.95      0.05  0.196667  0.381333
     0.99      0.05  0.196667     0.381
    0.999      0.05  0.196667     0.381
   0.9999      0.05  0.196667  0.380333
        0       0.1  0.196667  0.496667
      0.2       0.1  0.157333  0.157124
      0.4       0.1  0.155333  0.156017
      0.6       0.1     0.154  0.155097
      0.8       0.1     0.154  0.154456
      0.9       0.1     0.154   0.15401
     0.95       0.1  0.152667  0.153609
     0.99       0.1     0.152  0.153521
    0.999       0.1  0.153333  0.153593
   0.9999       0.1  0.153333  0.154195
        0      0.15  0.196667  0.496667
      0.2      0.15  0.159333  0.159024
      0.4      0.15  0.158667  0.158896
      0.6      0.15  0.158667  0.158995
      0.8      0.15  0.158667  0.159008
      0.9      0.15  0.157333  0.158939
     0.95      0.15  0.160667  0.159018
     0.99      0.15  0.159333  0.159882
    0.999      0.15     0.162  0.160351
   0.9999      0.15     0.152  0.152414
        0       0.2  0.196667  0.496667
      0.2       0.2  0.159333  0.158394
      0.4       0.2  0.159333   0.15885
      0.6       0.2  0.158667  0.159403
      0.8       0.2  0.159333  0.160863
      0.9       0.2  0.163333  0.162025
     0.95       0.2  0.163333  0.162422
     0.99       0.2  0.159333   0.15933
    0.999       0.2  0.130667  0.140229
   0.9999       0.2  0.123333  0.127807
        0       0.3  0.196667  0.496667
      0.2       0.3      0.15  0.153976
      0.4       0.3  0.147333  0.155574
      0.6       0.3  0.152667  0.156521
      0.8       0.3     0.158  0.158191
      0.9       0.3  0.156667  0.158956
     0.95       0.3      0.14  0.156239
     0.99       0.3  0.124667  0.137343
    0.999       0.3  0.120667  0.121572
   0.9999       0.3     0.122   0.11318
        0       0.4  0.196667  0.496667
      0.2       0.4  0.158667  0.165578
      0.4       0.4  0.150667  0.161646
      0.6       0.4  0.142667  0.158934
      0.8       0.4     0.134  0.156086
      0.9       0.4  0.130667  0.153112
     0.95       0.4  0.127333  0.147185
     0.99       0.4     0.122  0.129446
    0.999       0.4  0.119333  0.120228
   0.9999       0.4      0.08  0.108179
        0       0.5  0.196667  0.496667
      0.2       0.5  0.166667   0.17443
      0.4       0.5  0.164667  0.172606
      0.6       0.5  0.151333  0.170012
      0.8       0.5  0.138667  0.166943
      0.9       0.5      0.13  0.162409
     0.95       0.5  0.128667  0.155497
     0.99       0.5  0.116667  0.138585
    0.999       0.5 0.0686667   0.11703
   0.9999       0.5 0.0966667  0.124779
        0       0.6  0.196667  0.496667
      0.2       0.6  0.170667  0.186776
      0.4       0.6  0.165333  0.182545
      0.6       0.6  0.156667  0.179251
      0.8       0.6  0.135333  0.174833
      0.9       0.6     0.128  0.169739
     0.95       0.6  0.121333  0.163839
     0.99       0.6 0.0813333  0.148316
    0.999       0.6     0.086  0.141042
   0.9999       0.6  0.179333  0.186703
        0       0.7  0.196667  0.496667
      0.2       0.7  0.173333  0.205864
      0.4       0.7     0.164  0.197597
      0.6       0.7  0.150667  0.192156
      0.8       0.7  0.131333  0.186887
      0.9       0.7  0.118667  0.183184
     0.95       0.7     0.106  0.179358
     0.99       0.7 0.0653333  0.170337
    0.999       0.7  0.145333  0.195611
   0.9999       0.7  0.197333  0.233792
        0       0.8  0.196667  0.496667
      0.2       0.8  0.183333  0.229661
      0.4       0.8      0.16  0.219681
      0.6       0.8  0.141333  0.213374
      0.8       0.8  0.128667  0.209169
      0.9       0.8  0.112667   0.20757
     0.95       0.8 0.0973333  0.206344
     0.99       0.8 0.0926667  0.211212
    0.999       0.8  0.192667  0.246935
   0.9999       0.8     0.198  0.265433
        0       0.9  0.196667  0.496667
      0.2       0.9  0.191333  0.253751
      0.4       0.9  0.162667    0.2454
      0.6       0.9  0.143333  0.240612
      0.8       0.9  0.124667  0.239274
      0.9       0.9  0.106667  0.240748
     0.95       0.9     0.092  0.243411
     0.99       0.9     0.138  0.258916
    0.999       0.9     0.196  0.286374
   0.9999       0.9       0.2  0.295214
        0         1  0.196667  0.496667
      0.2         1       0.2  0.276014
      0.4         1  0.171333  0.271324
      0.6         1     0.144  0.269888
      0.8         1     0.124  0.272894
      0.9         1     0.108  0.278061
     0.95         1  0.112667  0.284213
     0.99         1  0.176667  0.302616
    0.999         1     0.196   0.32076
   0.9999         1       0.2  0.325553
        0         2  0.196667  0.496667
      0.2         2     0.212  0.432366
      0.4         2       0.2   0.44014
      0.6         2  0.180667  0.448611
      0.8         2  0.166667  0.457933
      0.9         2  0.181333  0.463041
     0.95         2  0.194667   0.46582
     0.99         2  0.196667  0.468754
    0.999         2  0.196667  0.470955
   0.9999         2       0.2  0.471584
        0         4  0.196667  0.496667
      0.2         4  0.295333  0.485222
      0.4         4  0.273333  0.486922
      0.6         4  0.237333  0.488623
      0.8         4  0.190667  0.490343
      0.9         4  0.188667  0.491265
     0.95         4  0.196667  0.491848
     0.99         4  0.196667  0.493081
    0.999         4  0.196667  0.494765
   0.9999         4  0.197333  0.495193