       0     0.05 0.466667 0.466667
     0.2     0.05 0.466667 0.466667
     0.4     0.05 0.466667 0.466667
     0.6     0.05 0.466667 0.466667
     0.8     0.05 0.466667 0.466667
     0.9     0.05 0.466667 0.466667
    0.95     0.05 0.466667 0.466667
    0.99     0.05 0.466667 0.466667
   0.999     0.05 0.466667 0.466667
  0.9999     0.05 0.466667 0.466667
       0      0.1 0.466667 0.466667
     0.2      0.1 0.418667 0.418634
     0.4      0.1    0.422 0.425949
     0.6      0.1 0.428667  0.43063
     0.8      0.1    0.438 0.434312
     0.9      0.1     0.43 0.436148
    0.95      0.1 0.430667 0.437616
    0.99      0.1 0.442667 0.442018
   0.999      0.1 0.455333 0.452119
  0.9999      0.1 0.452667 0.454127
       0     0.15 0.466667 0.466667
     0.2     0.15 0.400667 0.406261
     0.4     0.15 0.409333 0.415263
     0.6     0.15 0.415333 0.423188
     0.8     0.15    0.424 0.431537
     0.9     0.15 0.430667 0.437309
    0.95     0.15 0.436667  0.44202
    0.99     0.15     0.44 0.447942
   0.999     0.15 0.431333 0.444631
  0.9999     0.15 0.423333 0.437835
       0      0.2 0.466667 0.466667
     0.2      0.2    0.374 0.394622
     0.4      0.2    0.384 0.406303
     0.6      0.2    0.402 0.416605
     0.8      0.2    0.408 0.428344
     0.9      0.2 0.421333 0.435981
    0.95      0.2 0.419333 0.440685
    0.99      0.2 0.421333 0.445278
   0.999      0.2 0.439333 0.452312
  0.9999      0.2 0.464667 0.461572
       0      0.3 0.466667 0.466667
     0.2      0.3 0.345333 0.387646
     0.4      0.3 0.349333 0.401477
     0.6      0.3 0.352667 0.416032
     0.8      0.3 0.385333 0.434598
     0.9      0.3 0.409333 0.448401
    0.95      0.3 0.431333  0.45901
    0.99      0.3 0.464667  0.47659
   0.999      0.3    0.478 0.492725
  0.9999      0.3    0.498  0.49867
       0      0.4 0.466667 0.466667
     0.2      0.4     0.31 0.399561
     0.4      0.4    0.314 0.413205
     0.6      0.4 0.331333 0.428906
     0.8      0.4 0.389333 0.448888
     0.9      0.4    0.448 0.462972
    0.95      0.4    0.466 0.473563
    0.99      0.4 0.467333 0.490073
   0.999      0.4 0.498667  0.49857
  0.9999      0.4      0.5 0.499847
       0      0.5 0.466667 0.466667
     0.2      0.5 0.283333 0.417681
     0.4      0.5    0.294 0.428927
     0.6      0.5 0.313333 0.441758
     0.8      0.5      0.4 0.457833
     0.9      0.5 0.465333 0.469515
    0.95      0.5 0.466667  0.47882
    0.99      0.5 0.467333 0.493093
   0.999      0.5 0.499333 0.499157
  0.9999      0.5      0.5 0.499914
       0      0.6 0.466667 0.466667
     0.2      0.6    0.266 0.431402
     0.4      0.6 0.283333  0.44021
     0.6      0.6    0.314 0.450205
     0.8      0.6    0.418 0.462974
     0.9      0.6 0.465333 0.472892
    0.95      0.6 0.466667 0.481287
    0.99      0.6 0.466667 0.494221
   0.999      0.6 0.499333 0.499328
  0.9999      0.6      0.5 0.499932
       0      0.7 0.466667 0.466667
     0.2      0.7 0.262667 0.440545
     0.4      0.7     0.28  0.44752
     0.6      0.7 0.312667  0.45548
     0.8      0.7 0.423333 0.466019
     0.9      0.7    0.466 0.474792
    0.95      0.7 0.466667   0.4826
    0.99      0.7 0.466667 0.494749
   0.999      0.7      0.5   0.4994
  0.9999      0.7      0.5 0.499939
       0      0.8 0.466667 0.466667
     0.2      0.8    0.262 0.446693
     0.4      0.8 0.279333 0.452354
     0.6      0.8    0.314   0.4589
     0.8      0.8    0.424 0.467935
     0.9      0.8 0.466667 0.475947
    0.95      0.8 0.466667 0.483366
    0.99      0.8 0.466667 0.495031
   0.999      0.8 0.499333 0.499437
  0.9999      0.8      0.5 0.499943
       0      0.9 0.466667 0.466667
     0.2      0.9     0.26 0.450967
     0.4      0.9    0.278 0.455681
     0.6      0.9     0.32 0.461224
     0.8      0.9    0.426 0.469212
     0.9      0.9 0.466667 0.476698
    0.95      0.9 0.466667 0.483848
    0.99      0.9 0.466667 0.495196
   0.999      0.9 0.499333 0.499458
  0.9999      0.9      0.5 0.499945
       0        1 0.466667 0.466667
     0.2        1 0.258667 0.454044
     0.4        1    0.278 0.458059
     0.6        1 0.324667 0.462872
     0.8        1 0.427333 0.470105
     0.9        1 0.466667 0.477212
    0.95        1 0.466667 0.484169
    0.99        1 0.466667 0.495301
   0.999        1 0.499333 0.499471
  0.9999        1      0.5 0.499946
       0        2 0.466667 0.466667
     0.2        2 0.264667 0.463924
     0.4        2 0.276667 0.465604
     0.6        2    0.322 0.468027
     0.8        2 0.432667 0.472829
     0.9        2 0.466667  0.47872
    0.95        2 0.466667 0.485055
    0.99        2 0.466667 0.495558
   0.999        2 0.466667 0.499501
  0.9999        2      0.5 0.499949
       0        4 0.466667 0.466667
     0.2        4    0.266 0.466392
     0.4        4    0.276 0.467467
     0.6        4 0.319333 0.469283
     0.8        4 0.432667 0.473476
     0.9        4 0.466667 0.479061
    0.95        4 0.466667 0.485241
    0.99        4 0.466667 0.495603
   0.999        4 0.466667 0.499506
  0.9999        4 0.466667  0.49995