        0      0.05     0.486  0.496667
        0       0.1     0.486  0.496667
        0      0.15     0.486  0.496667
        0       0.2     0.486  0.496667
        0       0.3     0.486  0.496667
        0       0.4     0.486  0.496667
        0       0.5     0.486  0.496667
        0       0.6     0.486  0.496667
        0       0.7     0.486  0.496667
        0       0.8     0.486  0.496667
        0       0.9     0.486  0.496667
        0         1     0.486  0.496667
        0         2     0.486  0.496667
        0         4     0.486  0.496667
      0.2      0.05  0.485333  0.496333
      0.2       0.1 0.0833333 0.0823523
      0.2      0.15      0.08 0.0796737
      0.2       0.2 0.0753333 0.0777494
      0.2       0.3 0.0693333 0.0831078
      0.2       0.4     0.072  0.105642
      0.2       0.5 0.0793333  0.142959
      0.2       0.6     0.084  0.188028
      0.2       0.7 0.0993333  0.233891
      0.2       0.8  0.111333  0.276555
      0.2       0.9  0.121333  0.314244
      0.2         1  0.127333  0.346123
      0.2         2  0.169333  0.463382
      0.2         4  0.184667  0.488994
      0.4      0.05  0.485333  0.496333
      0.4       0.1 0.0846667 0.0849102
      0.4      0.15      0.08 0.0800217
      0.4       0.2 0.0733333 0.0775215
      0.4       0.3     0.066 0.0795923
      0.4       0.4 0.0546667 0.0992163
      0.4       0.5 0.0513333  0.141969
      0.4       0.6 0.0606667  0.196624
      0.4       0.7 0.0826667  0.249774
      0.4       0.8       0.1  0.296643
      0.4       0.9  0.106667  0.335966
      0.4         1  0.118667  0.367624
      0.4         2  0.171333  0.470994
      0.4         4  0.187333  0.490888
      0.6      0.05  0.485333  0.496333
      0.6       0.1 0.0846667 0.0850629
      0.6      0.15 0.0826667 0.0812542
      0.6       0.2 0.0766667 0.0776252
      0.6       0.3 0.0633333 0.0806405
      0.6       0.4      0.06  0.101503
      0.6       0.5     0.054  0.150029
      0.6       0.6 0.0593333  0.215594
      0.6       0.7     0.068   0.27668
      0.6       0.8     0.086   0.32707
      0.6       0.9  0.102667  0.366375
      0.6         1      0.11  0.395926
      0.6         2  0.175333   0.47907
      0.6         4     0.194  0.492816
      0.8      0.05  0.485333  0.496333
      0.8       0.1 0.0833333 0.0855519
      0.8      0.15 0.0793333 0.0817634
      0.8       0.2 0.0766667 0.0790082
      0.8       0.3     0.076 0.0878348
      0.8       0.4 0.0853333  0.115596
      0.8       0.5 0.0926667  0.176633
      0.8       0.6  0.102667  0.259434
      0.8       0.7     0.116  0.328962
      0.8       0.8  0.117333  0.378673
      0.8       0.9     0.122   0.41256
      0.8         1  0.133333  0.435372
      0.8         2     0.182  0.487682
      0.8         4  0.198667  0.494805
      0.9      0.05  0.485333  0.496333
      0.9       0.1 0.0853333 0.0867402
      0.9      0.15 0.0826667 0.0818559
      0.9       0.2      0.08 0.0810454
      0.9       0.3     0.084 0.0984555
      0.9       0.4  0.101333  0.136045
      0.9       0.5     0.126  0.215634
      0.9       0.6      0.17  0.312315
      0.9       0.7     0.186  0.380815
      0.9       0.8     0.188  0.422084
      0.9       0.9  0.181333  0.446897
      0.9         1     0.182  0.462126
      0.9         2     0.218  0.492265
      0.9         4      0.25  0.495883
     0.95      0.05  0.485333  0.496333
     0.95       0.1 0.0873333 0.0873952
     0.95      0.15 0.0806667 0.0812249
     0.95       0.2 0.0773333 0.0838121
     0.95       0.3     0.098   0.11136
     0.95       0.4  0.118667  0.163673
     0.95       0.5     0.184  0.265592
     0.95       0.6     0.246  0.366677
     0.95       0.7     0.268  0.423963
     0.95       0.8  0.271333  0.453311
     0.95       0.9     0.266  0.469272
     0.95         1     0.268  0.478393
     0.95         2  0.323333  0.494741
     0.95         4     0.354  0.496559
     0.99      0.05  0.485333  0.496333
     0.99       0.1 0.0853333 0.0844039
     0.99      0.15     0.076 0.0811671
     0.99       0.2 0.0906667   0.09249
     0.99       0.3  0.139333  0.150262
     0.99       0.4  0.237333  0.268809
     0.99       0.5  0.392667  0.394128
     0.99       0.6     0.444    0.4575
     0.99       0.7  0.459333  0.479125
     0.99       0.8  0.463333  0.487774
     0.99       0.9     0.468  0.491871
     0.99         1  0.471333  0.494014
     0.99         2  0.503333  0.497532
     0.99         4  0.507333  0.497898
    0.999      0.05  0.485333  0.496333
    0.999       0.1 0.0793333 0.0800449
    0.999      0.15 0.0853333 0.0857551
    0.999       0.2  0.112667  0.112036
    0.999       0.3  0.301333   0.28499
    0.999       0.4  0.495333  0.438408
    0.999       0.5  0.507333  0.486595
    0.999       0.6  0.507333  0.496196
    0.999       0.7  0.507333  0.498259
    0.999       0.8  0.507333  0.498883
    0.999       0.9  0.507333  0.499151
    0.999         1  0.507333  0.499294
    0.999         2  0.507333  0.499549
    0.999         4  0.507333  0.499565
   0.9999      0.05  0.485333  0.496333
   0.9999       0.1     0.078 0.0791416
   0.9999      0.15 0.0993333 0.0980685
   0.9999       0.2  0.119333  0.128363
   0.9999       0.3  0.480667  0.444719
   0.9999       0.4  0.510667  0.497248
   0.9999       0.5  0.510667   0.50172
   0.9999       0.6  0.510667  0.501352
   0.9999       0.7  0.510667  0.500781
   0.9999       0.8  0.510667  0.500429
   0.9999       0.9  0.510667  0.500246
   0.9999         1  0.509333  0.500153
   0.9999         2  0.507333  0.499997
   0.9999         4  0.507333  0.499963