        0      0.05      0.19      0.49
      0.2      0.05      0.19  0.374333
      0.4      0.05      0.19  0.373333
      0.6      0.05      0.19  0.372333
      0.8      0.05      0.19  0.371667
      0.9      0.05      0.19  0.371667
     0.95      0.05      0.19  0.371333
     0.99      0.05      0.19  0.370667
    0.999      0.05      0.19  0.370667
   0.9999      0.05      0.19  0.370333
        0       0.1      0.19      0.49
      0.2       0.1  0.212667  0.210989
      0.4       0.1  0.184667  0.193019
      0.6       0.1     0.174  0.175042
      0.8       0.1     0.158  0.161236
      0.9       0.1     0.156  0.157155
     0.95       0.1  0.157333  0.157431
     0.99       0.1     0.154  0.155226
    0.999       0.1  0.150667  0.150032
   0.9999       0.1  0.149333   0.14879
        0      0.15      0.19      0.49
      0.2      0.15     0.224  0.220344
      0.4      0.15  0.214667  0.213724
      0.6      0.15  0.188667  0.192063
      0.8      0.15  0.162667  0.167293
      0.9      0.15      0.16  0.160488
     0.95      0.15  0.156667  0.156139
     0.99      0.15      0.15  0.150166
    0.999      0.15  0.147333  0.147757
   0.9999      0.15  0.146667  0.146886
        0       0.2      0.19      0.49
      0.2       0.2  0.215333  0.219588
      0.4       0.2  0.221333  0.217333
      0.6       0.2  0.207333  0.206643
      0.8       0.2  0.171333    0.1794
      0.9       0.2     0.158  0.163376
     0.95       0.2  0.151333  0.154195
     0.99       0.2     0.146  0.148701
    0.999       0.2  0.142667  0.147071
   0.9999       0.2  0.143333  0.146797
        0       0.3      0.19      0.49
      0.2       0.3  0.237333  0.248263
      0.4       0.3  0.222667  0.232203
      0.6       0.3  0.216667  0.220823
      0.8       0.3  0.206667    0.2057
      0.9       0.3     0.154  0.181391
     0.95       0.3  0.144667   0.16379
     0.99       0.3  0.141333  0.154927
    0.999       0.3  0.138667  0.163678
   0.9999       0.3  0.213333  0.200955
        0       0.4      0.19      0.49
      0.2       0.4  0.269333  0.275147
      0.4       0.4     0.246  0.256918
      0.6       0.4     0.232  0.239002
      0.8       0.4     0.198  0.210655
      0.9       0.4  0.146667  0.186392
     0.95       0.4  0.141333  0.177777
     0.99       0.4     0.136  0.188998
    0.999       0.4  0.132667  0.215395
   0.9999       0.4  0.129333   0.20859
        0       0.5      0.19      0.49
      0.2       0.5  0.292667  0.292617
      0.4       0.5     0.262  0.272878
      0.6       0.5  0.243333    0.2518
      0.8       0.5  0.173333  0.218898
      0.9       0.5     0.144  0.201416
     0.95       0.5      0.14  0.199635
     0.99       0.5      0.13  0.208133
    0.999       0.5     0.128  0.206129
   0.9999       0.5 0.0326667  0.182366
        0       0.6      0.19      0.49
      0.2       0.6  0.302667  0.305243
      0.4       0.6     0.284  0.286094
      0.6       0.6  0.262667  0.264247
      0.8       0.6  0.173333  0.235323
      0.9       0.6  0.135333  0.221793
     0.95       0.6  0.129333  0.218967
     0.99       0.6  0.122667  0.223775
    0.999       0.6     0.036  0.228224
   0.9999       0.6     0.112  0.259329
        0       0.7      0.19      0.49
      0.2       0.7  0.306667  0.314142
      0.4       0.7  0.292667  0.297777
      0.6       0.7  0.272667  0.278611
      0.8       0.7  0.170667  0.256776
      0.9       0.7  0.128667  0.248828
     0.95       0.7     0.118  0.249368
     0.99       0.7 0.0413333  0.261143
    0.999       0.7 0.0866667  0.291305
   0.9999       0.7  0.195333   0.33144
        0       0.8      0.19      0.49
      0.2       0.8  0.309333  0.321144
      0.4       0.8  0.296667  0.309007
      0.6       0.8  0.272667  0.295261
      0.8       0.8     0.164  0.282889
      0.9       0.8  0.131333  0.281887
     0.95       0.8  0.110667   0.28705
     0.99       0.8 0.0553333  0.308907
    0.999       0.8     0.158  0.350749
   0.9999       0.8     0.198  0.371328
        0       0.9      0.19      0.49
      0.2       0.9     0.306  0.329404
      0.4       0.9     0.292  0.321843
      0.6       0.9  0.267333  0.314472
      0.8       0.9  0.157333  0.311372
      0.9       0.9     0.128  0.316603
     0.95       0.9      0.08  0.326241
     0.99       0.9 0.0873333  0.355541
    0.999       0.9  0.191333  0.388105
   0.9999       0.9  0.199333  0.397314
        0         1      0.19      0.49
      0.2         1  0.301333   0.34067
      0.4         1  0.292667  0.337377
      0.6         1  0.261333  0.335722
      0.8         1  0.152667  0.340122
      0.9         1  0.123333  0.350201
     0.95         1     0.076  0.362865
     0.99         1     0.136  0.391436
    0.999         1  0.193333  0.412073
   0.9999         1  0.199333  0.416842
        0         2      0.19      0.49
      0.2         2  0.330667  0.451668
      0.4         2  0.297333   0.45617
      0.6         2  0.235333  0.461474
      0.8         2  0.152667  0.467924
      0.9         2     0.164  0.472006
     0.95         2  0.189333  0.474863
     0.99         2      0.19  0.480079
    0.999         2  0.190667  0.483894
   0.9999         2       0.2  0.484529
        0         4      0.19      0.49
      0.2         4  0.345333  0.482635
      0.4         4  0.299333  0.483775
      0.6         4  0.248667  0.485021
      0.8         4      0.19  0.486575
      0.9         4  0.189333  0.487902
     0.95         4      0.19   0.48938
     0.99         4      0.19  0.493485
    0.999         4      0.19  0.496523
   0.9999         4       0.2   0.49698