       0     0.05 0.493333 0.493333
     0.2     0.05    0.254 0.311667
     0.4     0.05    0.254 0.312333
     0.6     0.05    0.254 0.312333
     0.8     0.05    0.254    0.312
     0.9     0.05    0.254    0.312
    0.95     0.05    0.254    0.312
    0.99     0.05    0.254 0.311667
   0.999     0.05    0.254    0.312
  0.9999     0.05    0.254    0.312
       0      0.1 0.493333 0.493333
     0.2      0.1 0.333333 0.335645
     0.4      0.1 0.338667 0.338695
     0.6      0.1 0.338667 0.338993
     0.8      0.1     0.34 0.339757
     0.9      0.1     0.34  0.34007
    0.95      0.1     0.34 0.340459
    0.99      0.1 0.342667 0.342534
   0.999      0.1 0.341333 0.341628
  0.9999      0.1 0.346667 0.346975
       0     0.15 0.493333 0.493333
     0.2     0.15     0.33 0.330762
     0.4     0.15 0.332667 0.333539
     0.6     0.15 0.338667  0.33844
     0.8     0.15 0.339333 0.339773
     0.9     0.15     0.34 0.340833
    0.95     0.15    0.342 0.342411
    0.99     0.15    0.344 0.342085
   0.999     0.15 0.308667 0.331726
  0.9999     0.15    0.292 0.312553
       0      0.2 0.493333 0.493333
     0.2      0.2    0.312 0.314528
     0.4      0.2     0.33 0.333463
     0.6      0.2 0.332667  0.33627
     0.8      0.2    0.338 0.340533
     0.9      0.2 0.340667 0.340305
    0.95      0.2 0.340667 0.337779
    0.99      0.2    0.302 0.326072
   0.999      0.2 0.291333 0.314584
  0.9999      0.2 0.293333 0.315018
       0      0.3 0.493333 0.493333
     0.2      0.3    0.284 0.296892
     0.4      0.3     0.29 0.304682
     0.6      0.3     0.33 0.330067
     0.8      0.3 0.345333 0.330286
     0.9      0.3    0.372 0.326229
    0.95      0.3 0.287333 0.323482
    0.99      0.3 0.291333 0.319597
   0.999      0.3 0.288667 0.315346
  0.9999      0.3 0.288667 0.314344
       0      0.4 0.493333 0.493333
     0.2      0.4 0.299333 0.308656
     0.4      0.4 0.291333 0.296002
     0.6      0.4 0.309333 0.300645
     0.8      0.4 0.367333 0.315728
     0.9      0.4     0.28 0.317824
    0.95      0.4 0.285333 0.320337
    0.99      0.4 0.274667  0.31923
   0.999      0.4 0.275333 0.314779
  0.9999      0.4 0.275333 0.312351
       0      0.5 0.493333 0.493333
     0.2      0.5 0.320667 0.313667
     0.4      0.5 0.320667 0.304685
     0.6      0.5    0.324 0.296888
     0.8      0.5 0.283333 0.301089
     0.9      0.5 0.281333 0.307773
    0.95      0.5    0.282 0.313044
    0.99      0.5    0.282 0.316528
   0.999      0.5 0.278667 0.321195
  0.9999      0.5    0.274  0.35151
       0      0.6 0.493333 0.493333
     0.2      0.6 0.339333 0.314071
     0.4      0.6 0.339333 0.309734
     0.6      0.6 0.315333 0.302989
     0.8      0.6 0.270667 0.297721
     0.9      0.6 0.275333 0.299518
    0.95      0.6    0.276 0.302678
    0.99      0.6     0.28 0.310321
   0.999      0.6 0.239333 0.345875
  0.9999      0.6 0.392667 0.407154
       0      0.7 0.493333 0.493333
     0.2      0.7 0.342667 0.315431
     0.4      0.7    0.336 0.312487
     0.6      0.7 0.308667 0.308101
     0.8      0.7    0.246 0.301457
     0.9      0.7 0.269333 0.298707
    0.95      0.7    0.266 0.299398
    0.99      0.7 0.217333 0.318697
   0.999      0.7 0.277333 0.390462
  0.9999      0.7 0.340667 0.455347
       0      0.8 0.493333 0.493333
     0.2      0.8    0.342 0.319295
     0.4      0.8 0.327333 0.316371
     0.6      0.8    0.306 0.313413
     0.8      0.8 0.244667 0.309719
     0.9      0.8     0.22 0.309692
    0.95      0.8 0.217333 0.315987
    0.99      0.8 0.220667 0.358269
   0.999      0.8 0.309333  0.43809
  0.9999      0.8    0.486 0.472247
       0      0.9 0.493333 0.493333
     0.2      0.9    0.338 0.325057
     0.4      0.9    0.328 0.322781
     0.6      0.9 0.314667 0.321742
     0.8      0.9 0.261333 0.323868
     0.9      0.9    0.242  0.33237
    0.95      0.9 0.234667 0.348515
    0.99      0.9 0.243333 0.404323
   0.999      0.9    0.384 0.461498
  0.9999      0.9 0.499333 0.479497
       0        1 0.493333 0.493333
     0.2        1 0.340667 0.332005
     0.4        1 0.332667 0.331564
     0.6        1     0.32 0.333673
     0.8        1    0.296 0.343298
     0.9        1    0.254 0.360428
    0.95        1    0.244 0.383248
    0.99        1    0.298 0.435679
   0.999        1 0.453333 0.472941
  0.9999        1      0.5 0.490124
       0        2 0.493333 0.493333
     0.2        2 0.397333 0.432864
     0.4        2    0.396 0.441839
     0.6        2 0.381333 0.453037
     0.8        2     0.36 0.468315
     0.9        2 0.434667 0.479166
    0.95        2 0.435333 0.486436
    0.99        2 0.442667  0.49525
   0.999        2 0.493333 0.499317
  0.9999        2      0.5 0.499928
       0        4 0.493333 0.493333
     0.2        4 0.415333 0.485927
     0.4        4 0.448667 0.487653
     0.6        4 0.470667 0.489513
     0.8        4 0.478667 0.491619
     0.9        4    0.444 0.492988
    0.95        4 0.493333 0.494121
    0.99        4 0.493333 0.496963
   0.999        4 0.493333 0.499507
  0.9999        4      0.5 0.499947