        0      0.05     0.486  0.496667
      0.2      0.05     0.486     0.496
      0.4      0.05     0.486     0.496
      0.6      0.05     0.486     0.496
      0.8      0.05     0.486     0.496
      0.9      0.05     0.486     0.496
     0.95      0.05     0.486     0.496
     0.99      0.05     0.486     0.496
    0.999      0.05     0.486     0.496
   0.9999      0.05     0.486     0.496
        0       0.1     0.486  0.496667
      0.2       0.1  0.103333  0.107692
      0.4       0.1  0.108667  0.108643
      0.6       0.1  0.112667   0.10971
      0.8       0.1  0.111333  0.110663
      0.9       0.1      0.11  0.111123
     0.95       0.1  0.110667  0.110893
     0.99       0.1     0.112  0.111461
    0.999       0.1  0.118667  0.116605
   0.9999       0.1     0.124  0.121746
        0      0.15     0.486  0.496667
      0.2      0.15  0.105333  0.113014
      0.4      0.15      0.11  0.111476
      0.6      0.15  0.110667  0.111219
      0.8      0.15     0.108  0.112029
      0.9      0.15  0.116667  0.114755
     0.95      0.15      0.12  0.116711
     0.99      0.15     0.124  0.122897
    0.999      0.15  0.129333   0.13053
   0.9999      0.15  0.154667  0.151281
        0       0.2     0.486  0.496667
      0.2       0.2  0.122667  0.130468
      0.4       0.2  0.116667  0.119411
      0.6       0.2  0.111333  0.113808
      0.8       0.2     0.116  0.115027
      0.9       0.2     0.118  0.119274
     0.95       0.2  0.122667   0.12329
     0.99       0.2  0.129333  0.133384
    0.999       0.2     0.152  0.148184
   0.9999       0.2  0.106667   0.12861
        0       0.3     0.486  0.496667
      0.2       0.3  0.142667  0.153152
      0.4       0.3  0.125333  0.140026
      0.6       0.3     0.116  0.126974
      0.8       0.3     0.094  0.117352
      0.9       0.3     0.094  0.117824
     0.95       0.3 0.0946667  0.121639
     0.99       0.3 0.0946667  0.133363
    0.999       0.3  0.124667  0.179644
   0.9999       0.3  0.199333  0.302527
        0       0.4     0.486  0.496667
      0.2       0.4  0.149333  0.169162
      0.4       0.4  0.131333  0.155903
      0.6       0.4  0.115333  0.144352
      0.8       0.4      0.09  0.134844
      0.9       0.4 0.0846667  0.136708
     0.95       0.4 0.0793333  0.149019
     0.99       0.4     0.092  0.224112
    0.999       0.4     0.236  0.407179
   0.9999       0.4  0.489333  0.485181
        0       0.5     0.486  0.496667
      0.2       0.5  0.154667  0.195306
      0.4       0.5     0.136  0.185959
      0.6       0.5     0.118  0.181754
      0.8       0.5     0.094  0.189882
      0.9       0.5     0.082  0.215743
     0.95       0.5 0.0793333  0.258575
     0.99       0.5  0.136667  0.387409
    0.999       0.5  0.476667  0.481859
   0.9999       0.5  0.489333   0.49687
        0       0.6     0.486  0.496667
      0.2       0.6  0.158667  0.223342
      0.4       0.6  0.134667  0.224267
      0.6       0.6  0.114667  0.233825
      0.8       0.6     0.106  0.266921
      0.9       0.6  0.102667  0.315158
     0.95       0.6  0.113333  0.368242
     0.99       0.6  0.289333  0.457293
    0.999       0.6     0.486  0.493754
   0.9999       0.6  0.489333  0.498467
        0       0.7     0.486  0.496667
      0.2       0.7      0.16   0.25579
      0.4       0.7  0.134667  0.266342
      0.6       0.7     0.126  0.287781
      0.8       0.7     0.124  0.335194
      0.9       0.7  0.144667  0.385113
     0.95       0.7     0.204  0.426935
     0.99       0.7  0.440667   0.47906
    0.999       0.7     0.486  0.496495
   0.9999       0.7  0.489333   0.49874
        0       0.8     0.486  0.496667
      0.2       0.8  0.153333  0.292248
      0.4       0.8  0.142667  0.309133
      0.6       0.8  0.132667  0.336531
      0.8       0.8  0.154667  0.385253
      0.9       0.8     0.206  0.426694
     0.95       0.8     0.302  0.456077
     0.99       0.8     0.472   0.48755
    0.999       0.8     0.486  0.497496
   0.9999       0.8  0.489333  0.498857
        0       0.9     0.486  0.496667
      0.2       0.9     0.154  0.327666
      0.4       0.9  0.149333  0.347368
      0.6       0.9  0.142667  0.375686
      0.8       0.9     0.184  0.419164
      0.9       0.9  0.252667  0.451126
     0.95       0.9  0.378667  0.471493
     0.99       0.9  0.485333  0.491565
    0.999       0.9     0.486  0.498031
   0.9999       0.9  0.489333  0.498993
        0         1     0.486  0.496667
      0.2         1  0.155333  0.358604
      0.4         1     0.152  0.378525
      0.6         1     0.156  0.404902
      0.8         1     0.204  0.441407
      0.9         1  0.296667  0.465645
     0.95         1     0.422  0.480049
     0.99         1     0.486  0.493677
    0.999         1     0.486  0.498373
   0.9999         1  0.489333  0.499132
        0         2     0.486  0.496667
      0.2         2  0.162667  0.468165
      0.4         2     0.166  0.474712
      0.6         2     0.192  0.481607
      0.8         2  0.287333  0.488903
      0.9         2     0.452  0.492772
     0.95         2     0.486  0.494879
     0.99         2     0.486   0.49738
    0.999         2     0.486  0.499312
   0.9999         2  0.489333  0.499739
        0         4     0.486  0.496667
      0.2         4     0.168  0.490162
      0.4         4  0.170667  0.491759
      0.6         4  0.201333  0.493382
      0.8         4  0.316667   0.49506
      0.9         4  0.472667   0.49598
     0.95         4     0.486  0.496577
     0.99         4     0.486  0.497857
    0.999         4     0.486  0.499505
   0.9999         4     0.486  0.499899