       0     0.05 0.488667     0.49
       0      0.1 0.488667     0.49
       0     0.15 0.488667     0.49
       0      0.2 0.488667     0.49
       0      0.3 0.488667     0.49
       0      0.4 0.488667     0.49
       0      0.5 0.488667     0.49
       0      0.6 0.488667     0.49
       0      0.7 0.488667     0.49
       0      0.8 0.488667     0.49
       0      0.9 0.488667     0.49
       0        1 0.488667     0.49
       0        2 0.488667     0.49
       0        4 0.488667     0.49
     0.2     0.05 0.488667     0.49
     0.2      0.1    0.426 0.427264
     0.2     0.15    0.426  0.42152
     0.2      0.2 0.414667 0.421353
     0.2      0.3    0.382 0.413906
     0.2      0.4 0.363333 0.423925
     0.2      0.5 0.345333 0.442097
     0.2      0.6 0.333333 0.457081
     0.2      0.7    0.334  0.46697
     0.2      0.8 0.336667 0.473225
     0.2      0.9 0.339333 0.477292
     0.2        1     0.34 0.480049
     0.2        2 0.356667 0.487835
     0.2        4    0.356 0.489514
     0.4     0.05 0.488667     0.49
     0.4      0.1 0.431333 0.430849
     0.4     0.15 0.418667 0.425061
     0.4      0.2 0.420667 0.424244
     0.4      0.3 0.387333 0.421674
     0.4      0.4     0.35 0.434596
     0.4      0.5 0.339333 0.451743
     0.4      0.6 0.330667 0.464466
     0.4      0.7    0.332 0.472422
     0.4      0.8 0.334667 0.477319
     0.4      0.9 0.339333 0.480457
     0.4        1    0.338 0.482568
     0.4        2    0.358 0.488469
     0.4        4 0.364667  0.48973
     0.6     0.05 0.488667     0.49
     0.6      0.1 0.428667 0.433162
     0.6     0.15     0.42 0.429008
     0.6      0.2 0.415333 0.428236
     0.6      0.3 0.388667 0.430444
     0.6      0.4 0.354667 0.447328
     0.6      0.5 0.333333  0.46263
     0.6      0.6    0.328 0.472463
     0.6      0.7 0.337333 0.478199
     0.6      0.8 0.334667 0.481617
     0.6      0.9 0.341333 0.483773
     0.6        1 0.342667 0.485211
     0.6        2     0.36 0.489184
     0.6        4 0.364667 0.490025
     0.8     0.05 0.488667     0.49
     0.8      0.1 0.430667  0.43441
     0.8     0.15    0.426 0.433566
     0.8      0.2     0.42 0.434141
     0.8      0.3     0.39 0.444194
     0.8      0.4 0.367333 0.464318
     0.8      0.5    0.348 0.475528
     0.8      0.6 0.329333 0.481423
     0.8      0.7    0.336 0.484559
     0.8      0.8 0.333333 0.486356
     0.8      0.9 0.336667 0.487468
     0.8        1 0.347333 0.488201
     0.8        2    0.362 0.490195
     0.8        4 0.370667  0.49061
     0.9     0.05 0.488667     0.49
     0.9      0.1 0.433333 0.434657
     0.9     0.15 0.433333 0.436521
     0.9      0.2    0.426 0.438918
     0.9      0.3 0.389333 0.456923
     0.9      0.4 0.394667 0.476068
     0.9      0.5    0.382 0.483437
     0.9      0.6 0.346667 0.486769
     0.9      0.7 0.337333 0.488433
     0.9      0.8 0.333333 0.489359
     0.9      0.9 0.340667 0.489923
     0.9        1 0.351333  0.49029
     0.9        2    0.386 0.491267
     0.9        4 0.398667 0.491465
    0.95     0.05 0.488667     0.49
    0.95      0.1 0.433333 0.434429
    0.95     0.15 0.443333 0.438693
    0.95      0.2    0.436 0.442924
    0.95      0.3 0.393333 0.468052
    0.95      0.4 0.442667 0.483862
    0.95      0.5 0.432667 0.488479
    0.95      0.6    0.382  0.49035
    0.95      0.7 0.339333  0.49124
    0.95      0.8 0.341333 0.491721
    0.95      0.9 0.358667 0.492006
    0.95        1     0.38 0.492188
    0.95        2 0.456667 0.492645
    0.95        4 0.464667 0.492729
    0.99     0.05 0.488667     0.49
    0.99      0.1    0.432 0.434649
    0.99     0.15    0.442 0.441655
    0.99      0.2 0.440667 0.452467
    0.99      0.3 0.448667  0.48562
    0.99      0.4 0.485333 0.493685
    0.99      0.5    0.486 0.495441
    0.99      0.6    0.482 0.496071
    0.99      0.7     0.35 0.496345
    0.99      0.8 0.444667 0.496479
    0.99      0.9 0.488667 0.496549
    0.99        1 0.491333 0.496589
    0.99        2 0.491333 0.496649
    0.99        4 0.491333 0.496648
   0.999     0.05 0.488667     0.49
   0.999      0.1     0.44 0.439421
   0.999     0.15 0.434667 0.446969
   0.999      0.2    0.458 0.469593
   0.999      0.3 0.485333  0.49615
   0.999      0.4 0.492667  0.49887
   0.999      0.5 0.488667 0.499298
   0.999      0.6 0.488667 0.499432
   0.999      0.7 0.487333 0.499485
   0.999      0.8 0.491333 0.499509
   0.999      0.9 0.491333 0.499521
   0.999        1 0.491333 0.499527
   0.999        2 0.491333 0.499529
   0.999        4 0.491333 0.499525
  0.9999     0.05 0.488667     0.49
  0.9999      0.1 0.443333 0.442874
  0.9999     0.15 0.462667 0.461399
  0.9999      0.2 0.489333 0.483107
  0.9999      0.3    0.496 0.499258
  0.9999      0.4 0.498667 0.499806
  0.9999      0.5 0.498667 0.499898
  0.9999      0.6 0.496667 0.499932
  0.9999      0.7 0.488667 0.499946
  0.9999      0.8 0.491333 0.499951
  0.9999      0.9 0.491333 0.499954
  0.9999        1 0.491333 0.499955
  0.9999        2 0.491333 0.499953
  0.9999        4 0.491333 0.499951