       0     0.05 0.196667 0.496667
     0.2     0.05 0.196667 0.496333
     0.4     0.05 0.196667 0.496333
     0.6     0.05 0.196667 0.496333
     0.8     0.05 0.196667 0.496333
     0.9     0.05 0.196667 0.496333
    0.95     0.05 0.196667 0.496333
    0.99     0.05 0.196667 0.496333
   0.999     0.05 0.196667 0.496333
  0.9999     0.05 0.196667 0.496333
       0      0.1 0.196667 0.496667
     0.2      0.1 0.410667 0.407429
     0.4      0.1 0.395333 0.395553
     0.6      0.1 0.385333 0.387617
     0.8      0.1 0.384667 0.382779
     0.9      0.1     0.38 0.377513
    0.95      0.1 0.371333 0.369427
    0.99      0.1 0.355333 0.352987
   0.999      0.1 0.343333 0.338928
  0.9999      0.1     0.31 0.318656
       0     0.15 0.196667 0.496667
     0.2     0.15    0.436 0.432886
     0.4     0.15 0.410667 0.411936
     0.6     0.15 0.395333 0.396786
     0.8     0.15     0.38  0.37745
     0.9     0.15    0.358 0.357801
    0.95     0.15     0.35 0.346674
    0.99     0.15 0.308667  0.31966
   0.999     0.15 0.304667  0.30031
  0.9999     0.15    0.282 0.280868
       0      0.2 0.196667 0.496667
     0.2      0.2     0.46 0.458478
     0.4      0.2    0.432 0.432965
     0.6      0.2 0.406667 0.409484
     0.8      0.2     0.37 0.375316
     0.9      0.2    0.344 0.349517
    0.95      0.2 0.310667  0.32671
    0.99      0.2 0.299333  0.28858
   0.999      0.2    0.216 0.206918
  0.9999      0.2 0.121333 0.142385
       0      0.3 0.196667 0.496667
     0.2      0.3    0.492 0.493885
     0.4      0.3    0.468 0.465777
     0.6      0.3 0.435333 0.436021
     0.8      0.3 0.389333 0.387255
     0.9      0.3 0.312667 0.325883
    0.95      0.3    0.252 0.268092
    0.99      0.3    0.132 0.174787
   0.999      0.3    0.114 0.122847
  0.9999      0.3 0.105333 0.114346
       0      0.4 0.196667 0.496667
     0.2      0.4 0.518667 0.511591
     0.4      0.4    0.474 0.478368
     0.6      0.4 0.443333 0.439919
     0.8      0.4 0.379333 0.372421
     0.9      0.4    0.264 0.299517
    0.95      0.4 0.176667  0.23617
    0.99      0.4 0.111333 0.159981
   0.999      0.4 0.100667 0.151936
  0.9999      0.4 0.155333  0.18096
       0      0.5 0.196667 0.496667
     0.2      0.5 0.531333 0.516874
     0.4      0.5 0.494667 0.486064
     0.6      0.5 0.455333  0.44471
     0.8      0.5 0.382667 0.371758
     0.9      0.5    0.252 0.302537
    0.95      0.5    0.148 0.252038
    0.99      0.5 0.110667 0.212952
   0.999      0.5 0.143333 0.222842
  0.9999      0.5 0.162667 0.224591
       0      0.6 0.196667 0.496667
     0.2      0.6 0.529333 0.510575
     0.4      0.6 0.502667 0.484975
     0.6      0.6 0.462667  0.44758
     0.8      0.6 0.401333 0.383107
     0.9      0.6 0.265333 0.330037
    0.95      0.6 0.149333 0.298189
    0.99      0.6 0.116667 0.279718
   0.999      0.6 0.150667 0.273017
  0.9999      0.6 0.172667 0.290398
       0      0.7 0.196667 0.496667
     0.2      0.7 0.522667 0.498286
     0.4      0.7 0.498667 0.476442
     0.6      0.7 0.466667 0.445093
     0.8      0.7    0.414 0.395396
     0.9      0.7 0.290667 0.360261
    0.95      0.7    0.142 0.341234
    0.99      0.7 0.144667 0.324988
   0.999      0.7     0.17 0.332945
  0.9999      0.7 0.187333 0.359548
       0      0.8 0.196667 0.496667
     0.2      0.8 0.512667 0.485965
     0.4      0.8    0.496  0.46794
     0.6      0.8 0.471333 0.443348
     0.8      0.8 0.419333 0.408308
     0.9      0.8    0.328 0.385943
    0.95      0.8 0.140667 0.373756
    0.99      0.8 0.150667 0.367045
   0.999      0.8 0.179333 0.389954
  0.9999      0.8 0.195333 0.409403
       0      0.9 0.196667 0.496667
     0.2      0.9    0.506 0.476246
     0.4      0.9    0.486 0.462474
     0.6      0.9 0.467333 0.444629
     0.8      0.9    0.424 0.421258
     0.9      0.9 0.357333  0.40748
    0.95      0.9 0.139333 0.401071
    0.99      0.9 0.163333 0.405997
   0.999      0.9    0.184 0.431582
  0.9999      0.9    0.198 0.442511
       0        1 0.196667 0.496667
     0.2        1    0.496 0.470463
     0.4        1 0.483333 0.460569
     0.6        1    0.466 0.448355
     0.8        1    0.438 0.433601
     0.9        1    0.374 0.426298
    0.95        1 0.185333 0.425033
    0.99        1 0.168667 0.437478
   0.999        1     0.19 0.458589
  0.9999        1 0.198667 0.464526
       0        2 0.196667 0.496667
     0.2        2    0.548 0.494991
     0.4        2    0.562 0.495439
     0.6        2    0.582  0.49658
     0.8        2    0.624 0.499367
     0.9        2 0.678667 0.502235
    0.95        2    0.728 0.504521
    0.99        2 0.788667 0.507676
   0.999        2 0.796667 0.509949
  0.9999        2      0.8 0.510499
       0        4 0.196667 0.496667
     0.2        4 0.598667 0.501008
     0.4        4 0.616667 0.501105
     0.6        4 0.653333 0.501309
     0.8        4 0.712667 0.501668
     0.9        4     0.77 0.501975
    0.95        4    0.796 0.502275
    0.99        4 0.796667 0.503309
   0.999        4 0.796667 0.504922
  0.9999        4 0.799333 0.505325