        0      0.05      0.49      0.49
      0.2      0.05     0.108  0.159239
      0.4      0.05 0.0993333  0.171289
      0.6      0.05 0.0866667  0.195003
      0.8      0.05     0.084  0.250675
      0.9      0.05  0.103333  0.316959
     0.95      0.05     0.144  0.379523
     0.99      0.05  0.326667  0.466645
    0.999      0.05  0.412667  0.496269
   0.9999      0.05       0.5  0.499622
        0       0.1      0.49      0.49
      0.2       0.1     0.156  0.334129
      0.4       0.1      0.17  0.359278
      0.6       0.1  0.199333   0.39122
      0.8       0.1  0.269333  0.433472
      0.9       0.1  0.336667  0.460575
     0.95       0.1     0.392  0.476699
     0.99       0.1  0.446667  0.493357
    0.999       0.1      0.49  0.499192
   0.9999       0.1       0.5  0.499917
        0      0.15      0.49      0.49
      0.2      0.15  0.236667  0.430042
      0.4      0.15     0.262  0.443434
      0.6      0.15  0.302667  0.458085
      0.8      0.15     0.358   0.47426
      0.9      0.15     0.408  0.483299
     0.95      0.15  0.439333   0.48869
     0.99      0.15  0.478667  0.495859
    0.999      0.15      0.49  0.499446
   0.9999      0.15       0.5  0.499942
        0       0.2      0.49      0.49
      0.2       0.2     0.302  0.468026
      0.4       0.2  0.318667  0.473503
      0.6       0.2  0.347333  0.479177
      0.8       0.2  0.392667   0.48522
      0.9       0.2  0.430667  0.488804
     0.95       0.2  0.476667  0.491424
     0.99       0.2      0.49  0.496403
    0.999       0.2      0.49  0.499501
   0.9999       0.2       0.5  0.499948
        0       0.3      0.49      0.49
      0.2       0.3  0.355333  0.485824
      0.4       0.3     0.358  0.486866
      0.6       0.3  0.380667  0.488035
      0.8       0.3      0.45  0.489569
      0.9       0.3  0.528667  0.490941
     0.95       0.3      0.49  0.492481
     0.99       0.3      0.49  0.496616
    0.999       0.3      0.49  0.499523
   0.9999       0.3       0.5   0.49995
        0       0.4      0.49      0.49
      0.2       0.4  0.485333  0.488116
      0.4       0.4     0.492  0.488608
      0.6       0.4  0.481333  0.489222
      0.8       0.4  0.360667  0.490182
      0.9       0.4      0.48  0.491252
     0.95       0.4      0.49  0.492636
     0.99       0.4      0.49  0.496646
    0.999       0.4      0.49  0.499526
   0.9999       0.4      0.49  0.499951
        0       0.5      0.49      0.49
      0.2       0.5  0.505333  0.488737
      0.4       0.5     0.504  0.489107
      0.6       0.5     0.508   0.48958
      0.8       0.5  0.413333  0.490376
      0.9       0.5     0.462  0.491351
     0.95       0.5      0.49  0.492683
     0.99       0.5      0.49  0.496652
    0.999       0.5      0.49  0.499527
   0.9999       0.5      0.49  0.499951
        0       0.6      0.49      0.49
      0.2       0.6     0.498  0.489067
      0.4       0.6       0.5  0.489372
      0.6       0.6  0.500667  0.489771
      0.8       0.6  0.447333  0.490478
      0.9       0.6  0.405333  0.491402
     0.95       0.6      0.49  0.492705
     0.99       0.6      0.49  0.496652
    0.999       0.6      0.49  0.499526
   0.9999       0.6      0.49  0.499951
        0       0.7      0.49      0.49
      0.2       0.7  0.495333  0.489286
      0.4       0.7  0.497333  0.489546
      0.6       0.7     0.494  0.489893
      0.8       0.7  0.451333  0.490541
      0.9       0.7  0.377333  0.491433
     0.95       0.7      0.49  0.492718
     0.99       0.7      0.49  0.496652
    0.999       0.7      0.49  0.499526
   0.9999       0.7      0.49  0.499951
        0       0.8      0.49      0.49
      0.2       0.8  0.497333  0.489441
      0.4       0.8  0.495333  0.489667
      0.6       0.8  0.491333  0.489977
      0.8       0.8  0.458667  0.490585
      0.9       0.8  0.370667  0.491453
     0.95       0.8      0.49  0.492727
     0.99       0.8      0.49  0.496651
    0.999       0.8      0.49  0.499526
   0.9999       0.8      0.49   0.49995
        0       0.9      0.49      0.49
      0.2       0.9     0.496  0.489555
      0.4       0.9  0.492667  0.489756
      0.6       0.9      0.49  0.490038
      0.8       0.9  0.458667  0.490616
      0.9       0.9  0.367333  0.491468
     0.95       0.9      0.49  0.492733
     0.99       0.9      0.49   0.49665
    0.999       0.9      0.49  0.499525
   0.9999       0.9      0.49   0.49995
        0         1      0.49      0.49
      0.2         1  0.494667   0.48964
      0.4         1     0.492  0.489822
      0.6         1      0.49  0.490083
      0.8         1  0.458667  0.490638
      0.9         1  0.365333  0.491479
     0.95         1      0.49  0.492737
     0.99         1      0.49   0.49665
    0.999         1      0.49  0.499525
   0.9999         1      0.49   0.49995
        0         2      0.49      0.49
      0.2         2  0.493333   0.48994
      0.4         2  0.491333  0.490049
      0.6         2  0.489333  0.490237
      0.8         2  0.460667  0.490714
      0.9         2  0.371333  0.491514
     0.95         2      0.49   0.49275
     0.99         2      0.49  0.496647
    0.999         2      0.49  0.499524
   0.9999         2      0.49   0.49995
        0         4      0.49      0.49
      0.2         4  0.492667  0.490022
      0.4         4  0.491333  0.490111
      0.6         4  0.489333  0.490278
      0.8         4     0.462  0.490734
      0.9         4     0.372  0.491523
     0.95         4      0.49  0.492754
     0.99         4      0.49  0.496646
    0.999         4      0.49  0.499524
   0.9999         4      0.49   0.49995