          0        0.05    0.466667    0.466667
        0.2        0.05   0.0133333       0.029
        0.4        0.05   0.0133333   0.0286667
        0.6        0.05   0.0133333   0.0286667
        0.8        0.05   0.0133333   0.0286667
        0.9        0.05   0.0133333   0.0286667
       0.95        0.05   0.0133333   0.0286667
       0.99        0.05   0.0133333   0.0286667
      0.999        0.05   0.0133333   0.0283333
     0.9999        0.05   0.0133333   0.0283333
          0         0.1    0.466667    0.466667
        0.2         0.1       0.004  0.00399989
        0.4         0.1           0  0.00167538
        0.6         0.1           0 7.32577e-06
        0.8         0.1           0  3.3065e-06
        0.9         0.1           0 6.51215e-06
       0.95         0.1           0 1.28802e-05
       0.99         0.1           0 6.04328e-05
      0.999         0.1           0 0.000576875
     0.9999         0.1           0  0.00500541
          0        0.15    0.466667    0.466667
        0.2        0.15  0.00533333  0.00570104
        0.4        0.15       0.004  0.00447611
        0.6        0.15       0.004  0.00394744
        0.8        0.15           0  0.00134175
        0.9        0.15           0  0.00235048
       0.95        0.15           0  0.00428453
       0.99        0.15           0   0.0146583
      0.999        0.15   0.0453333   0.0369779
     0.9999        0.15   0.0453333   0.0444779
          0         0.2    0.466667    0.466667
        0.2         0.2  0.00666667    0.010863
        0.4         0.2  0.00533333   0.0102232
        0.6         0.2       0.004   0.0104235
        0.8         0.2           0   0.0122219
        0.9         0.2           0   0.0166253
       0.95         0.2           0   0.0237889
       0.99         0.2   0.0413333    0.038208
      0.999         0.2   0.0453333   0.0448465
     0.9999         0.2   0.0453333   0.0463883
          0         0.3    0.466667    0.466667
        0.2         0.3   0.0166667    0.037243
        0.4         0.3        0.01   0.0341082
        0.6         0.3       0.006   0.0343783
        0.8         0.3       0.004   0.0388357
        0.9         0.3  0.00333333   0.0424213
       0.95         0.3       0.014   0.0450492
       0.99         0.3   0.0413333   0.0519849
      0.999         0.3   0.0453333   0.0672997
     0.9999         0.3   0.0453333   0.0978126
          0         0.4    0.466667    0.466667
        0.2         0.4       0.028   0.0632987
        0.4         0.4   0.0186667   0.0582734
        0.6         0.4   0.0126667   0.0567852
        0.8         0.4  0.00666667   0.0578903
        0.9         0.4       0.044   0.0614852
       0.95         0.4   0.0453333   0.0663206
       0.99         0.4   0.0446667   0.0856998
      0.999         0.4   0.0813333    0.124971
     0.9999         0.4   0.0746667    0.157035
          0         0.5    0.466667    0.466667
        0.2         0.5   0.0413333   0.0907733
        0.4         0.5   0.0266667   0.0814651
        0.6         0.5   0.0246667   0.0799588
        0.8         0.5   0.0633333   0.0829405
        0.9         0.5   0.0606667   0.0895476
       0.95         0.5   0.0646667   0.0994029
       0.99         0.5   0.0733333    0.130641
      0.999         0.5        0.08    0.190114
     0.9999         0.5    0.182667    0.282656
          0         0.6    0.466667    0.466667
        0.2         0.6   0.0806667    0.114965
        0.4         0.6   0.0826667    0.105969
        0.6         0.6   0.0753333    0.103585
        0.8         0.6   0.0713333    0.110443
        0.9         0.6   0.0726667    0.122076
       0.95         0.6       0.076    0.137006
       0.99         0.6        0.07    0.184483
      0.999         0.6    0.162667    0.281926
     0.9999         0.6       0.352    0.372933
          0         0.7    0.466667    0.466667
        0.2         0.7       0.106    0.136841
        0.4         0.7   0.0953333    0.131976
        0.6         0.7   0.0873333     0.13119
        0.8         0.7   0.0833333     0.14124
        0.9         0.7   0.0853333    0.158833
       0.95         0.7   0.0853333    0.181404
       0.99         0.7       0.092     0.24821
      0.999         0.7       0.256    0.356427
     0.9999         0.7    0.315333    0.432452
          0         0.8    0.466667    0.466667
        0.2         0.8    0.114667    0.159895
        0.4         0.8    0.105333    0.159642
        0.6         0.8   0.0993333    0.163704
        0.8         0.8       0.096    0.179606
        0.9         0.8       0.092    0.204075
       0.95         0.8   0.0926667    0.234131
       0.99         0.8       0.204    0.314533
      0.999         0.8    0.266667    0.418606
     0.9999         0.8    0.450667    0.466001
          0         0.9    0.466667    0.466667
        0.2         0.9        0.12    0.185607
        0.4         0.9    0.114667    0.189853
        0.6         0.9    0.113333    0.199558
        0.8         0.9       0.108    0.223646
        0.9         0.9       0.112    0.255004
       0.95         0.9       0.134    0.290875
       0.99         0.9    0.230667     0.37686
      0.999         0.9    0.421333    0.454673
     0.9999         0.9    0.496667    0.481874
          0           1    0.466667    0.466667
        0.2           1        0.13    0.213798
        0.4           1       0.126    0.222195
        0.6           1    0.124667    0.237095
        0.8           1        0.13     0.26853
        0.9           1        0.15    0.305015
       0.95           1    0.217333    0.343459
       0.99           1    0.249333    0.420479
      0.999           1    0.446667    0.473937
     0.9999           1         0.5     0.49387
          0           2    0.466667    0.466667
        0.2           2    0.255333    0.417055
        0.4           2    0.276667    0.426669
        0.6           2    0.283333    0.438561
        0.8           2       0.292    0.455319
        0.9           2    0.301333    0.468774
       0.95           2    0.410667    0.479541
       0.99           2       0.466    0.494213
      0.999           2    0.499333    0.499351
     0.9999           2         0.5    0.499934
          0           4    0.466667    0.466667
        0.2           4    0.353333    0.461334
        0.4           4    0.356667     0.46352
        0.6           4    0.346667    0.466539
        0.8           4    0.360667     0.47205
        0.9           4    0.421333    0.478344
       0.95           4    0.466667    0.484883
       0.99           4    0.466667    0.495529
      0.999           4    0.466667    0.499498
     0.9999           4         0.5    0.499949