       0     0.05 0.465333 0.466667
     0.2     0.05 0.465333 0.466667
     0.4     0.05 0.465333 0.466667
     0.6     0.05 0.465333 0.466667
     0.8     0.05 0.465333 0.466667
     0.9     0.05 0.465333 0.466667
    0.95     0.05 0.465333 0.466667
    0.99     0.05 0.465333 0.466667
   0.999     0.05 0.465333 0.466667
  0.9999     0.05 0.465333 0.466667
       0      0.1 0.465333 0.466667
     0.2      0.1 0.367333 0.369095
     0.4      0.1 0.377333 0.374782
     0.6      0.1 0.378667 0.378297
     0.8      0.1     0.38 0.380983
     0.9      0.1 0.381333 0.382142
    0.95      0.1 0.380667 0.382624
    0.99      0.1 0.379333 0.382027
   0.999      0.1 0.371333 0.380585
  0.9999      0.1    0.382 0.382913
       0     0.15 0.465333 0.466667
     0.2     0.15 0.348667 0.358009
     0.4     0.15    0.364 0.365693
     0.6     0.15 0.369333 0.371794
     0.8     0.15 0.375333 0.377506
     0.9     0.15 0.379333 0.380447
    0.95     0.15 0.376667  0.38206
    0.99     0.15 0.376667 0.386114
   0.999     0.15 0.390667 0.398422
  0.9999     0.15 0.413333 0.415026
       0      0.2 0.465333 0.466667
     0.2      0.2 0.342667 0.354321
     0.4      0.2 0.349333 0.362417
     0.6      0.2 0.348667  0.37049
     0.8      0.2    0.358 0.380042
     0.9      0.2    0.366 0.387034
    0.95      0.2 0.368667 0.393396
    0.99      0.2     0.39 0.410235
   0.999      0.2 0.410667 0.437669
  0.9999      0.2 0.443333 0.467405
       0      0.3 0.465333 0.466667
     0.2      0.3    0.312 0.359422
     0.4      0.3 0.311333 0.372899
     0.6      0.3 0.316667 0.388672
     0.8      0.3    0.332 0.411975
     0.9      0.3    0.348 0.432105
    0.95      0.3     0.36 0.449143
    0.99      0.3 0.411333 0.476884
   0.999      0.3 0.473333 0.494888
  0.9999      0.3    0.498  0.49932
       0      0.4 0.465333 0.466667
     0.2      0.4 0.266667 0.379896
     0.4      0.4    0.272 0.396478
     0.6      0.4 0.284667 0.415998
     0.8      0.4 0.307333  0.44141
     0.9      0.4    0.376 0.459324
    0.95      0.4    0.434 0.472286
    0.99      0.4    0.468  0.49058
   0.999      0.4 0.499333 0.498835
  0.9999      0.4 0.501333 0.499965
       0      0.5 0.465333 0.466667
     0.2      0.5 0.235333  0.40697
     0.4      0.5 0.246667 0.420507
     0.6      0.5 0.260667 0.435938
     0.8      0.5 0.324667  0.45506
     0.9      0.5 0.425333 0.468515
    0.95      0.5 0.463333 0.478744
    0.99      0.5    0.468 0.493444
   0.999      0.5 0.501333  0.49929
  0.9999      0.5 0.501333 0.499995
       0      0.6 0.465333 0.466667
     0.2      0.6    0.224 0.426645
     0.4      0.6    0.234 0.436638
     0.6      0.6 0.258667   0.4479
     0.8      0.6 0.349333 0.462061
     0.9      0.6 0.453333 0.472744
    0.95      0.6    0.468 0.481502
    0.99      0.6    0.468 0.494478
   0.999      0.6 0.501333 0.499417
  0.9999      0.6 0.501333 0.499992
       0      0.7 0.465333 0.466667
     0.2      0.7 0.211333 0.438778
     0.4      0.7 0.223333  0.44626
     0.6      0.7 0.266667 0.454747
     0.8      0.7 0.376667 0.465859
     0.9      0.7 0.461333 0.474946
    0.95      0.7    0.468 0.482886
    0.99      0.7    0.468 0.494949
   0.999      0.7 0.501333 0.499466
  0.9999      0.7 0.501333 0.499985
       0      0.8 0.465333 0.466667
     0.2      0.8    0.216 0.446337
     0.4      0.8 0.228667 0.452156
     0.6      0.8    0.272 0.458863
     0.8      0.8    0.392 0.468083
     0.9      0.8    0.466 0.476204
    0.95      0.8    0.468 0.483653
    0.99      0.8    0.468 0.495193
   0.999      0.8 0.501333 0.499488
  0.9999      0.8 0.501333 0.499979
       0      0.9 0.465333 0.466667
     0.2      0.9 0.225333 0.451268
     0.4      0.9 0.232667 0.455965
     0.6      0.9 0.283333 0.461493
     0.8      0.9 0.404667 0.469481
     0.9      0.9 0.466667 0.476978
    0.95      0.9    0.468 0.484113
    0.99      0.9    0.468  0.49533
   0.999      0.9 0.500667 0.499499
  0.9999      0.9 0.501333 0.499974
       0        1 0.465333 0.466667
     0.2        1    0.226 0.454638
     0.4        1 0.240667 0.458552
     0.6        1    0.288 0.463266
     0.8        1 0.415333 0.470412
     0.9        1 0.466667 0.477485
    0.95        1    0.468 0.484407
    0.99        1    0.468 0.495414
   0.999        1 0.494667 0.499505
  0.9999        1 0.501333  0.49997
       0        2 0.465333 0.466667
     0.2        2 0.246667 0.464363
     0.4        2 0.262667 0.465943
     0.6        2 0.308667 0.468268
     0.8        2 0.429333 0.472977
     0.9        2    0.468 0.478825
    0.95        2    0.468 0.485134
    0.99        2    0.468  0.49559
   0.999        2    0.468  0.49951
  0.9999        2 0.501333 0.499956
       0        4 0.465333 0.466667
     0.2        4 0.250667  0.46652
     0.4        4 0.271333 0.467566
     0.6        4 0.312667 0.469352
     0.8        4 0.432667 0.473517
     0.9        4    0.468  0.47909
    0.95        4    0.468 0.485262
    0.99        4    0.468 0.495612
   0.999        4    0.468 0.499508
  0.9999        4    0.468 0.499951