       0     0.05     0.49     0.49
     0.2     0.05 0.157333 0.208199
     0.4     0.05    0.144 0.216507
     0.6     0.05 0.130667 0.234693
     0.8     0.05 0.122667 0.280395
     0.9     0.05 0.117333 0.337137
    0.95     0.05 0.122667 0.391521
    0.99     0.05    0.164 0.468732
   0.999     0.05 0.240667 0.496361
  0.9999     0.05    0.492 0.499628
       0      0.1     0.49     0.49
     0.2      0.1      0.2 0.361076
     0.4      0.1 0.206667 0.381276
     0.6      0.1    0.232 0.406815
     0.8      0.1    0.268 0.440921
     0.9      0.1 0.284667 0.463542
    0.95      0.1 0.303333 0.477649
    0.99      0.1     0.38 0.493303
   0.999      0.1     0.49  0.49917
  0.9999      0.1 0.497333 0.499915
       0     0.15     0.49     0.49
     0.2     0.15    0.286 0.437693
     0.4     0.15 0.292667 0.447918
     0.6     0.15    0.318 0.459607
     0.8     0.15    0.386 0.473525
     0.9     0.15 0.444667 0.482162
    0.95     0.15    0.464 0.487781
    0.99     0.15 0.421333 0.495547
   0.999     0.15 0.469333 0.499404
  0.9999     0.15     0.49 0.499938
       0      0.2     0.49     0.49
     0.2      0.2 0.394667 0.464178
     0.4      0.2 0.402667 0.469301
     0.6      0.2 0.429333 0.475113
     0.8      0.2 0.447333 0.482169
     0.9      0.2 0.438667 0.486857
    0.95      0.2 0.411333 0.490278
    0.99      0.2 0.434667 0.496086
   0.999      0.2     0.49  0.49946
  0.9999      0.2      0.5 0.499944
       0      0.3     0.49     0.49
     0.2      0.3    0.468 0.478791
     0.4      0.3 0.465333 0.481076
     0.6      0.3 0.461333 0.483746
     0.8      0.3    0.452 0.487137
     0.9      0.3 0.436667 0.489616
    0.95      0.3 0.402667 0.491761
    0.99      0.3     0.49 0.496422
   0.999      0.3     0.49 0.499498
  0.9999      0.3      0.5 0.499948
       0      0.4     0.49     0.49
     0.2      0.4    0.476 0.483419
     0.4      0.4 0.473333 0.484892
     0.6      0.4 0.470667 0.486594
     0.8      0.4 0.463333 0.488773
     0.9      0.4 0.439333 0.490507
    0.95      0.4    0.382 0.492234
    0.99      0.4     0.49 0.496534
   0.999      0.4     0.49 0.499511
  0.9999      0.4      0.5 0.499949
       0      0.5     0.49     0.49
     0.2      0.5 0.480667  0.48567
     0.4      0.5 0.476667 0.486721
     0.6      0.5 0.472667 0.487926
     0.8      0.5 0.463333 0.489508
     0.9      0.5    0.436 0.490897
    0.95      0.5 0.393333 0.492438
    0.99      0.5     0.49 0.496582
   0.999      0.5     0.49 0.499517
  0.9999      0.5     0.49  0.49995
       0      0.6     0.49     0.49
     0.2      0.6 0.483333 0.486948
     0.4      0.6 0.479333  0.48774
     0.6      0.6 0.473333 0.488651
     0.8      0.6    0.466 0.489897
     0.9      0.6 0.437333 0.491099
    0.95      0.6 0.400667 0.492542
    0.99      0.6     0.49 0.496605
   0.999      0.6     0.49  0.49952
  0.9999      0.6     0.49  0.49995
       0      0.7     0.49     0.49
     0.2      0.7 0.484667 0.487742
     0.4      0.7 0.480667 0.488365
     0.6      0.7 0.475333 0.489088
     0.8      0.7 0.465333 0.490127
     0.9      0.7 0.437333 0.491217
    0.95      0.7 0.407333 0.492602
    0.99      0.7     0.49 0.496618
   0.999      0.7     0.49 0.499521
  0.9999      0.7     0.49  0.49995
       0      0.8     0.49     0.49
     0.2      0.8    0.486 0.488269
     0.4      0.8 0.481333 0.488774
     0.6      0.8 0.475333 0.489371
     0.8      0.8 0.466667 0.490274
     0.9      0.8    0.436 0.491292
    0.95      0.8 0.412667 0.492639
    0.99      0.8     0.49 0.496625
   0.999      0.8     0.49 0.499522
  0.9999      0.8     0.49  0.49995
       0      0.9     0.49     0.49
     0.2      0.9    0.486 0.488634
     0.4      0.9 0.481333 0.489056
     0.6      0.9 0.476667 0.489565
     0.8      0.9    0.466 0.490374
     0.9      0.9 0.434667 0.491343
    0.95      0.9 0.413333 0.492665
    0.99      0.9     0.49  0.49663
   0.999      0.9     0.49 0.499522
  0.9999      0.9     0.49  0.49995
       0        1     0.49     0.49
     0.2        1 0.485333 0.488899
     0.4        1 0.481333 0.489259
     0.6        1 0.477333 0.489704
     0.8        1 0.466667 0.490445
     0.9        1    0.434 0.491378
    0.95        1 0.415333 0.492682
    0.99        1     0.49 0.496633
   0.999        1     0.49 0.499523
  0.9999        1     0.49  0.49995
       0        2     0.49     0.49
     0.2        2 0.487333 0.489758
     0.4        2 0.484667 0.489912
     0.6        2    0.478 0.490145
     0.8        2    0.464 0.490668
     0.9        2 0.432667  0.49149
    0.95        2 0.422667 0.492737
    0.99        2     0.49 0.496643
   0.999        2     0.49 0.499523
  0.9999        2     0.49  0.49995
       0        4     0.49     0.49
     0.2        4 0.487333 0.489977
     0.4        4 0.484667 0.490077
     0.6        4 0.478667 0.490255
     0.8        4 0.464667 0.490723
     0.9        4 0.431333 0.491517
    0.95        4 0.424667 0.492751
    0.99        4     0.49 0.496645
   0.999        4     0.49 0.499524
  0.9999        4     0.49  0.49995