       0     0.05 0.493333 0.493333
     0.2     0.05     0.24 0.274262
     0.4     0.05 0.233333  0.28237
     0.6     0.05 0.224667 0.299061
     0.8     0.05 0.221333 0.335852
     0.9     0.05 0.232667 0.374484
    0.95     0.05     0.26 0.408841
    0.99     0.05 0.319333 0.465803
   0.999     0.05 0.493333 0.495099
  0.9999     0.05      0.5  0.49948
       0      0.1 0.493333 0.493333
     0.2      0.1 0.284667 0.396688
     0.4      0.1 0.299333 0.409534
     0.6      0.1 0.323333 0.424794
     0.8      0.1    0.362 0.445772
     0.9      0.1 0.392667 0.462664
    0.95      0.1    0.408 0.475534
    0.99      0.1 0.375333 0.491989
   0.999      0.1 0.493333 0.498908
  0.9999      0.1      0.5 0.499885
       0     0.15 0.493333 0.493333
     0.2     0.15    0.396 0.444283
     0.4     0.15    0.406 0.449737
     0.6     0.15 0.411333 0.457551
     0.8     0.15    0.428 0.470104
     0.9     0.15 0.417333 0.479806
    0.95     0.15    0.366 0.486512
    0.99     0.15 0.493333 0.495028
   0.999     0.15 0.493333 0.499264
  0.9999     0.15      0.5 0.499922
       0      0.2 0.493333 0.493333
     0.2      0.2 0.443333 0.459606
     0.4      0.2 0.460667 0.464141
     0.6      0.2 0.466667 0.470485
     0.8      0.2 0.452667 0.479534
     0.9      0.2 0.404667 0.485875
    0.95      0.2 0.332667 0.490126
    0.99      0.2 0.493333 0.495923
   0.999      0.2 0.493333 0.499364
  0.9999      0.2      0.5 0.499932
       0      0.3 0.493333 0.493333
     0.2      0.3 0.478667 0.474652
     0.4      0.3    0.474 0.478123
     0.6      0.3 0.466667 0.482211
     0.8      0.3    0.436 0.487284
     0.9      0.3 0.357333 0.490559
    0.95      0.3 0.475333 0.492784
    0.99      0.3 0.493333 0.496571
   0.999      0.3 0.493333 0.499444
  0.9999      0.3      0.5 0.499941
       0      0.4 0.493333 0.493333
     0.2      0.4 0.481333 0.482024
     0.4      0.4    0.474 0.484397
     0.6      0.4    0.466 0.487065
     0.8      0.4 0.429333 0.490208
     0.9      0.4 0.366667 0.492209
    0.95      0.4 0.493333 0.493686
    0.99      0.4 0.493333 0.496813
   0.999      0.4 0.493333  0.49948
  0.9999      0.4      0.5 0.499944
       0      0.5 0.493333 0.493333
     0.2      0.5 0.480667 0.485892
     0.4      0.5 0.476667 0.487568
     0.6      0.5 0.462667 0.489406
     0.8      0.5 0.429333 0.491531
     0.9      0.5 0.401333 0.492926
    0.95      0.5 0.493333 0.494073
    0.99      0.5 0.493333 0.496927
   0.999      0.5 0.493333 0.499499
  0.9999      0.5      0.5 0.499946
       0      0.6 0.493333 0.493333
     0.2      0.6 0.482667 0.488109
     0.4      0.6 0.478667 0.489342
     0.6      0.6 0.464667 0.490677
     0.8      0.6 0.420667 0.492222
     0.9      0.6 0.429333 0.493293
    0.95      0.6 0.493333 0.494272
    0.99      0.6 0.493333 0.496989
   0.999      0.6 0.493333  0.49951
  0.9999      0.6      0.5 0.499948
       0      0.7 0.493333 0.493333
     0.2      0.7 0.484667 0.489479
     0.4      0.7    0.478 0.490421
     0.6      0.7 0.464667 0.491436
     0.8      0.7    0.422 0.492625
     0.9      0.7 0.451333 0.493505
    0.95      0.7 0.493333 0.494387
    0.99      0.7 0.493333 0.497026
   0.999      0.7 0.493333 0.499516
  0.9999      0.7      0.5 0.499948
       0      0.8 0.493333 0.493333
     0.2      0.8 0.484667 0.490379
     0.4      0.8 0.478667 0.491121
     0.6      0.8    0.466 0.491922
     0.8      0.8 0.417333 0.492881
     0.9      0.8     0.46 0.493638
    0.95      0.8 0.493333 0.494459
    0.99      0.8 0.493333  0.49705
   0.999      0.8 0.493333 0.499521
  0.9999      0.8 0.493333 0.499949
       0      0.9 0.493333 0.493333
     0.2      0.9 0.485333    0.491
     0.4      0.9 0.477333 0.491601
     0.6      0.9    0.466 0.492252
     0.8      0.9    0.414 0.493052
     0.9      0.9 0.469333 0.493728
    0.95      0.9 0.493333 0.494507
    0.99      0.9 0.493333 0.497067
   0.999      0.9 0.493333 0.499524
  0.9999      0.9 0.493333 0.499949
       0        1 0.493333 0.493333
     0.2        1 0.487333 0.491446
     0.4        1 0.477333 0.491944
     0.6        1 0.464667 0.492487
     0.8        1    0.412 0.493173
     0.9        1    0.472 0.493791
    0.95        1 0.493333 0.494541
    0.99        1 0.493333 0.497078
   0.999        1 0.493333 0.499526
  0.9999        1 0.493333 0.499949
       0        2 0.493333 0.493333
     0.2        2 0.487333 0.492877
     0.4        2 0.479333 0.493032
     0.6        2    0.464 0.493223
     0.8        2    0.408 0.493549
     0.9        2    0.488 0.493985
    0.95        2 0.493333 0.494647
    0.99        2 0.493333 0.497115
   0.999        2 0.493333 0.499532
  0.9999        2 0.493333  0.49995
       0        4 0.493333 0.493333
     0.2        4 0.487333 0.493236
     0.4        4     0.48 0.493302
     0.6        4 0.462667 0.493404
     0.8        4 0.406667 0.493641
     0.9        4 0.489333 0.494032
    0.95        4 0.493333 0.494673
    0.99        4 0.493333 0.497124
   0.999        4 0.493333 0.499534
  0.9999        4 0.493333  0.49995