       0     0.05 0.496667 0.496667
       0      0.1 0.496667 0.496667
       0     0.15 0.496667 0.496667
       0      0.2 0.496667 0.496667
       0      0.3 0.496667 0.496667
       0      0.4 0.496667 0.496667
       0      0.5 0.496667 0.496667
       0      0.6 0.496667 0.496667
       0      0.7 0.496667 0.496667
       0      0.8 0.496667 0.496667
       0      0.9 0.496667 0.496667
       0        1 0.496667 0.496667
       0        2 0.496667 0.496667
       0        4 0.496667 0.496667
     0.2     0.05    0.276    0.323
     0.2      0.1 0.380667  0.35908
     0.2     0.15 0.377333 0.378618
     0.2      0.2 0.375333 0.373649
     0.2      0.3 0.366667 0.367326
     0.2      0.4    0.372 0.370514
     0.2      0.5     0.36 0.362611
     0.2      0.6 0.343333 0.359695
     0.2      0.7    0.346  0.36506
     0.2      0.8    0.352 0.368027
     0.2      0.9    0.372 0.368675
     0.2        1 0.379333 0.369654
     0.2        2 0.404667 0.445772
     0.2        4    0.378 0.489855
     0.4     0.05    0.276 0.323333
     0.4      0.1     0.39 0.365966
     0.4     0.15 0.383333 0.381172
     0.4      0.2 0.379333 0.379386
     0.4      0.3 0.365333  0.36749
     0.4      0.4 0.360667 0.366392
     0.4      0.5    0.372 0.370817
     0.4      0.6    0.358 0.367841
     0.4      0.7 0.343333 0.364821
     0.4      0.8 0.344667 0.365061
     0.4      0.9 0.350667 0.365841
     0.4        1 0.373333  0.36767
     0.4        2 0.414667 0.454125
     0.4        4    0.358 0.491463
     0.6     0.05 0.275333 0.322667
     0.6      0.1    0.398 0.371992
     0.6     0.15 0.388667 0.386854
     0.6      0.2 0.383333 0.382669
     0.6      0.3 0.374667 0.373024
     0.6      0.4    0.362 0.366254
     0.6      0.5 0.358667 0.368914
     0.6      0.6 0.361333 0.371537
     0.6      0.7 0.358667 0.367901
     0.6      0.8    0.344 0.363493
     0.6      0.9    0.342  0.36267
     0.6        1 0.348667 0.365822
     0.6        2 0.410667 0.464422
     0.6        4    0.382  0.49314
     0.8     0.05 0.274667 0.322667
     0.8      0.1    0.398 0.374893
     0.8     0.15 0.390667  0.39133
     0.8      0.2 0.389333 0.388163
     0.8      0.3    0.386 0.379526
     0.8      0.4 0.366667 0.369744
     0.8      0.5 0.358667 0.367399
     0.8      0.6 0.355333 0.366911
     0.8      0.7    0.352 0.362997
     0.8      0.8 0.344667 0.357519
     0.8      0.9 0.338667 0.357833
     0.8        1 0.355333 0.366201
     0.8        2 0.366667 0.477573
     0.8        4 0.454667 0.494926
     0.9     0.05    0.274 0.322333
     0.9      0.1 0.398667 0.375526
     0.9     0.15 0.400667  0.39864
     0.9      0.2    0.392 0.392523
     0.9      0.3    0.388 0.384608
     0.9      0.4    0.378  0.37231
     0.9      0.5    0.364 0.367032
     0.9      0.6 0.351333 0.361255
     0.9      0.7 0.347333 0.355116
     0.9      0.8 0.347333 0.351939
     0.9      0.9    0.344 0.357663
     0.9        1    0.366   0.3755
     0.9        2 0.410667 0.485961
     0.9        4 0.496667  0.49593
    0.95     0.05    0.274 0.322333
    0.95      0.1 0.400667 0.377059
    0.95     0.15 0.400667 0.400982
    0.95      0.2    0.396 0.397022
    0.95      0.3 0.391333 0.387703
    0.95      0.4 0.384667 0.375208
    0.95      0.5    0.368 0.366206
    0.95      0.6 0.356667 0.356416
    0.95      0.7 0.347333 0.350449
    0.95      0.8    0.344 0.351753
    0.95      0.9    0.346 0.366283
    0.95        1 0.372667 0.395118
    0.95        2 0.488667 0.491077
    0.95        4 0.496667 0.496578
    0.99     0.05    0.274 0.321667
    0.99      0.1 0.400667 0.377366
    0.99     0.15    0.404 0.404127
    0.99      0.2    0.404 0.402319
    0.99      0.3 0.388667 0.387288
    0.99      0.4 0.387333 0.376904
    0.99      0.5 0.369333 0.362788
    0.99      0.6 0.351333 0.354301
    0.99      0.7 0.343333 0.357808
    0.99      0.8 0.350667 0.379132
    0.99      0.9 0.328667 0.418332
    0.99        1 0.374667 0.450775
    0.99        2 0.496667  0.49659
    0.99        4 0.496667 0.497905
   0.999     0.05    0.274    0.321
   0.999      0.1 0.405333 0.379847
   0.999     0.15 0.405333  0.40491
   0.999      0.2 0.405333 0.401867
   0.999      0.3 0.387333  0.38524
   0.999      0.4    0.386 0.373478
   0.999      0.5 0.363333 0.369439
   0.999      0.6 0.361333 0.378519
   0.999      0.7 0.376667 0.410666
   0.999      0.8    0.356 0.455168
   0.999      0.9 0.479333 0.478383
   0.999        1 0.493333 0.488799
   0.999        2 0.496667 0.499365
   0.999        4 0.496667 0.499558
  0.9999     0.05    0.274 0.320333
  0.9999      0.1 0.405333 0.381676
  0.9999     0.15 0.405333 0.405448
  0.9999      0.2 0.389333 0.392195
  0.9999      0.3 0.386667  0.38527
  0.9999      0.4 0.385333 0.373942
  0.9999      0.5    0.386 0.392055
  0.9999      0.6 0.408667 0.426732
  0.9999      0.7    0.448 0.469474
  0.9999      0.8      0.5 0.489671
  0.9999      0.9      0.5 0.496212
  0.9999        1      0.5 0.498402
  0.9999        2      0.5 0.499928
  0.9999        4      0.5  0.49995