       0     0.05 0.493333 0.493333
     0.2     0.05    0.128 0.168033
     0.4     0.05 0.126667 0.182397
     0.6     0.05    0.126 0.206979
     0.8     0.05 0.140667 0.260973
     0.9     0.05     0.17 0.323689
    0.95     0.05 0.223333 0.382331
    0.99     0.05 0.379333 0.465107
   0.999     0.05    0.372 0.495756
  0.9999     0.05      0.5 0.499563
       0      0.1 0.493333 0.493333
     0.2      0.1    0.204 0.326308
     0.4      0.1 0.228667 0.353566
     0.6      0.1 0.275333 0.387541
     0.8      0.1 0.349333 0.431469
     0.9      0.1 0.416667 0.459246
    0.95      0.1 0.458667 0.475779
    0.99      0.1    0.472 0.492871
   0.999      0.1 0.493333 0.499081
  0.9999      0.1      0.5 0.499905
       0     0.15 0.493333 0.493333
     0.2     0.15 0.348667 0.420587
     0.4     0.15 0.371333 0.435184
     0.6     0.15 0.406667 0.451213
     0.8     0.15 0.450667 0.469616
     0.9     0.15 0.466667 0.480704
    0.95     0.15     0.47 0.487494
    0.99     0.15 0.416667 0.495537
   0.999     0.15 0.493333 0.499364
  0.9999     0.15      0.5 0.499933
       0      0.2 0.493333 0.493333
     0.2      0.2 0.429333 0.456947
     0.4      0.2 0.444667 0.463806
     0.6      0.2    0.456 0.471571
     0.8      0.2 0.468667  0.48103
     0.9      0.2 0.471333 0.487081
    0.95      0.2 0.473333 0.490973
    0.99      0.2 0.493333 0.496304
   0.999      0.2 0.493333 0.499442
  0.9999      0.2      0.5 0.499941
       0      0.3 0.493333 0.493333
     0.2      0.3 0.476667 0.478008
     0.4      0.3 0.480667 0.480947
     0.6      0.3 0.481333 0.484404
     0.8      0.3    0.482 0.488658
     0.9      0.3    0.484 0.491387
    0.95      0.3 0.412667 0.493296
    0.99      0.3 0.493333 0.496814
   0.999      0.3 0.493333 0.499497
  0.9999      0.3      0.5 0.499946
       0      0.4 0.493333 0.493333
     0.2      0.4 0.487333 0.484555
     0.4      0.4 0.484667 0.486426
     0.6      0.4     0.49 0.488544
     0.8      0.4 0.489333 0.491051
     0.9      0.4 0.461333 0.492689
    0.95      0.4 0.398667 0.493982
    0.99      0.4 0.493333  0.49697
   0.999      0.4 0.493333 0.499516
  0.9999      0.4      0.5 0.499948
       0      0.5 0.493333 0.493333
     0.2      0.5 0.490667 0.487608
     0.4      0.5 0.491333  0.48892
     0.6      0.5 0.490667 0.490365
     0.8      0.5     0.49 0.492056
     0.9      0.5 0.433333  0.49322
    0.95      0.5 0.435333 0.494259
    0.99      0.5 0.493333 0.497033
   0.999      0.5 0.493333 0.499524
  0.9999      0.5    0.496 0.499949
       0      0.6 0.493333 0.493333
     0.2      0.6    0.494 0.489307
     0.4      0.6 0.493333 0.490275
     0.6      0.6 0.491333 0.491329
     0.8      0.6 0.492667 0.492572
     0.9      0.6    0.422 0.493489
    0.95      0.6    0.464 0.494397
    0.99      0.6 0.493333 0.497065
   0.999      0.6 0.493333 0.499527
  0.9999      0.6 0.493333  0.49995
       0      0.7 0.493333 0.493333
     0.2      0.7 0.495333 0.490353
     0.4      0.7 0.493333 0.491096
     0.6      0.7 0.494667 0.491902
     0.8      0.7 0.490667 0.492873
     0.9      0.7 0.406667 0.493644
    0.95      0.7 0.481333 0.494476
    0.99      0.7 0.493333 0.497083
   0.999      0.7 0.493333  0.49953
  0.9999      0.7 0.493333  0.49995
       0      0.8 0.493333 0.493333
     0.2      0.8 0.495333 0.491042
     0.4      0.8    0.494  0.49163
     0.6      0.8 0.495333 0.492271
     0.8      0.8 0.489333 0.493065
     0.9      0.8      0.4 0.493742
    0.95      0.8 0.485333 0.494526
    0.99      0.8 0.493333 0.497094
   0.999      0.8 0.493333 0.499531
  0.9999      0.8 0.493333  0.49995
       0      0.9 0.493333 0.493333
     0.2      0.9 0.494667 0.491519
     0.4      0.9    0.496 0.491998
     0.6      0.9 0.495333 0.492523
     0.8      0.9     0.49 0.493194
     0.9      0.9    0.398 0.493808
    0.95      0.9 0.486667  0.49456
    0.99      0.9 0.493333 0.497102
   0.999      0.9 0.493333 0.499532
  0.9999      0.9 0.493333  0.49995
       0        1 0.493333 0.493333
     0.2        1 0.495333 0.491863
     0.4        1 0.494667 0.492262
     0.6        1    0.496 0.492703
     0.8        1 0.489333 0.493286
     0.9        1    0.398 0.493854
    0.95        1 0.489333 0.494584
    0.99        1 0.493333 0.497107
   0.999        1 0.493333 0.499532
  0.9999        1 0.493333  0.49995
       0        2 0.493333 0.493333
     0.2        2 0.494667 0.492978
     0.4        2 0.495333 0.493108
     0.6        2 0.494667 0.493275
     0.8        2 0.486667 0.493576
     0.9        2 0.384667    0.494
    0.95        2 0.492667 0.494658
    0.99        2 0.493333 0.497123
   0.999        2 0.493333 0.499534
  0.9999        2 0.493333  0.49995
       0        4 0.493333 0.493333
     0.2        4    0.496 0.493261
     0.4        4 0.495333 0.493321
     0.6        4 0.494667 0.493417
     0.8        4    0.486 0.493647
     0.9        4 0.382667 0.494036
    0.95        4 0.492667 0.494676
    0.99        4 0.493333 0.497126
   0.999        4 0.493333 0.499535
  0.9999        4 0.493333  0.49995