        0      0.05     0.456  0.466667
        0       0.1     0.456  0.466667
        0      0.15     0.456  0.466667
        0       0.2     0.456  0.466667
        0       0.3     0.456  0.466667
        0       0.4     0.456  0.466667
        0       0.5     0.456  0.466667
        0       0.6     0.456  0.466667
        0       0.7     0.456  0.466667
        0       0.8     0.456  0.466667
        0       0.9     0.456  0.466667
        0         1     0.456  0.466667
        0         2     0.456  0.466667
        0         4     0.456  0.466667
      0.2      0.05      0.45     0.463
      0.2       0.1 0.0453333 0.0443061
      0.2      0.15     0.044 0.0439187
      0.2       0.2 0.0413333 0.0452617
      0.2       0.3 0.0406667 0.0522117
      0.2       0.4 0.0433333 0.0633658
      0.2       0.5 0.0426667 0.0861791
      0.2       0.6     0.042  0.123638
      0.2       0.7 0.0446667  0.174181
      0.2       0.8     0.048  0.229595
      0.2       0.9 0.0493333  0.280533
      0.2         1 0.0533333  0.321824
      0.2         2 0.0813333  0.440834
      0.2         4 0.0873333  0.461268
      0.4      0.05      0.45     0.463
      0.4       0.1     0.044 0.0445372
      0.4      0.15     0.044 0.0445694
      0.4       0.2 0.0413333 0.0452451
      0.4       0.3      0.04 0.0524158
      0.4       0.4     0.042 0.0654414
      0.4       0.5 0.0406667  0.092576
      0.4       0.6     0.042   0.13818
      0.4       0.7 0.0446667  0.196744
      0.4       0.8     0.046  0.256503
      0.4       0.9 0.0506667  0.307716
      0.4         1 0.0533333   0.34676
      0.4         2 0.0813333  0.447851
      0.4         4      0.09  0.463599
      0.6      0.05      0.45     0.463
      0.6       0.1 0.0453333 0.0445056
      0.6      0.15 0.0446667 0.0447126
      0.6       0.2 0.0426667 0.0458625
      0.6       0.3     0.042 0.0534386
      0.6       0.4 0.0386667 0.0694735
      0.6       0.5 0.0386667  0.104271
      0.6       0.6     0.036  0.162901
      0.6       0.7 0.0426667   0.23223
      0.6       0.8 0.0446667  0.295416
      0.6       0.9      0.05  0.344159
      0.6         1 0.0553333  0.378277
      0.6         2 0.0826667  0.455868
      0.6         4 0.0953333  0.466684
      0.8      0.05      0.45     0.463
      0.8       0.1 0.0433333  0.043698
      0.8      0.15 0.0426667 0.0444724
      0.8       0.2 0.0433333 0.0463092
      0.8       0.3 0.0406667 0.0558309
      0.8       0.4 0.0373333 0.0796221
      0.8       0.5 0.0313333  0.132732
      0.8       0.6     0.034  0.217046
      0.8       0.7 0.0386667  0.298798
      0.8       0.8     0.046  0.358438
      0.8       0.9 0.0493333  0.396913
      0.8         1 0.0566667  0.420619
      0.8         2 0.0926667  0.466534
      0.8         4     0.114  0.472159
      0.9      0.05      0.45     0.463
      0.9       0.1 0.0433333 0.0433684
      0.9      0.15     0.042 0.0445776
      0.9       0.2 0.0433333 0.0466217
      0.9       0.3 0.0393333 0.0592062
      0.9       0.4 0.0346667 0.0953347
      0.9       0.5 0.0293333  0.174599
      0.9       0.6     0.032  0.282869
      0.9       0.7      0.04   0.36292
      0.9       0.8 0.0506667  0.409387
      0.9       0.9 0.0613333  0.435215
      0.9         1     0.078  0.449759
      0.9         2  0.172667  0.475466
      0.9         4     0.198  0.478393
     0.95      0.05      0.45     0.463
     0.95       0.1 0.0433333 0.0432737
     0.95      0.15 0.0426667 0.0448901
     0.95       0.2 0.0413333  0.046901
     0.95       0.3     0.038 0.0643035
     0.95       0.4      0.03    0.1188
     0.95       0.5 0.0273333  0.231513
     0.95       0.6 0.0286667  0.350116
     0.95       0.7 0.0526667  0.414653
     0.95       0.8      0.08  0.445536
     0.95       0.9     0.108  0.461028
     0.95         1  0.153333   0.46931
     0.95         2     0.314  0.483368
     0.95         4  0.355333  0.484902
     0.99      0.05      0.45     0.463
     0.99       0.1 0.0413333 0.0434511
     0.99      0.15     0.046  0.045236
     0.99       0.2      0.04 0.0488735
     0.99       0.3 0.0313333 0.0870897
     0.99       0.4 0.0213333  0.216176
     0.99       0.5 0.0306667  0.384572
     0.99       0.6  0.109333  0.455967
     0.99       0.7     0.268   0.47802
     0.99       0.8  0.383333  0.486303
     0.99       0.9  0.445333  0.490062
     0.99         1  0.467333  0.491998
     0.99         2  0.477333   0.49522
     0.99         4  0.477333  0.495541
    0.999      0.05      0.45     0.463
    0.999       0.1     0.044 0.0440577
    0.999      0.15     0.042  0.045003
    0.999       0.2 0.0466667 0.0556895
    0.999       0.3 0.0393333  0.167833
    0.999       0.4  0.132667  0.416249
    0.999       0.5  0.476667  0.484587
    0.999       0.6  0.502667  0.495353
    0.999       0.7  0.503333  0.497892
    0.999       0.8  0.503333  0.498752
    0.999       0.9  0.501333  0.499114
    0.999         1  0.496667  0.499288
    0.999         2  0.477333  0.499511
    0.999         4  0.477333  0.499511
   0.9999      0.05      0.45     0.463
   0.9999       0.1     0.046 0.0448249
   0.9999      0.15 0.0406667 0.0492198
   0.9999       0.2     0.056 0.0636479
   0.9999       0.3  0.126667  0.318285
   0.9999       0.4     0.508  0.490185
   0.9999       0.5  0.510667  0.498932
   0.9999       0.6  0.510667  0.499899
   0.9999       0.7  0.510667  0.500088
   0.9999       0.8  0.510667  0.500124
   0.9999       0.9  0.510667  0.500117
   0.9999         1  0.510667    0.5001
   0.9999         2  0.510667  0.499997
   0.9999         4  0.477333  0.499962