       0     0.05 0.466667 0.466667
       0      0.1 0.466667 0.466667
       0     0.15 0.466667 0.466667
       0      0.2 0.466667 0.466667
       0      0.3 0.466667 0.466667
       0      0.4 0.466667 0.466667
       0      0.5 0.466667 0.466667
       0      0.6 0.466667 0.466667
       0      0.7 0.466667 0.466667
       0      0.8 0.466667 0.466667
       0      0.9 0.466667 0.466667
       0        1 0.466667 0.466667
       0        2 0.466667 0.466667
       0        4 0.466667 0.466667
     0.2     0.05 0.466667 0.466667
     0.2      0.1 0.391333 0.392099
     0.2     0.15 0.375333 0.379145
     0.2      0.2 0.351333 0.369468
     0.2      0.3    0.314 0.370317
     0.2      0.4 0.282667 0.388537
     0.2      0.5    0.252 0.410701
     0.2      0.6 0.227333 0.426891
     0.2      0.7 0.216667 0.437404
     0.2      0.8      0.2 0.444366
     0.2      0.9    0.196 0.449168
     0.2        1 0.197333 0.452607
     0.2        2 0.194667 0.463581
     0.2        4 0.197333 0.466307
     0.4     0.05 0.466667 0.466667
     0.4      0.1    0.398  0.39642
     0.4     0.15 0.387333   0.3883
     0.4      0.2    0.368  0.38061
     0.4      0.3    0.314 0.385427
     0.4      0.4 0.281333 0.404354
     0.4      0.5 0.248667 0.423457
     0.4      0.6    0.224 0.436707
     0.4      0.7 0.217333 0.445093
     0.4      0.8 0.199333 0.450563
     0.4      0.9 0.196667 0.454301
     0.4        1    0.196 0.456961
     0.4        2 0.197333 0.465345
     0.4        4    0.196 0.467404
     0.6     0.05 0.466667 0.466667
     0.6      0.1    0.398 0.400035
     0.6     0.15 0.395333 0.395768
     0.6      0.2 0.382667 0.390435
     0.6      0.3 0.317333 0.401638
     0.6      0.4 0.281333 0.422349
     0.6      0.5 0.244667 0.437883
     0.6      0.6 0.226667 0.447755
     0.6      0.7 0.214667 0.453793
     0.6      0.8 0.203333 0.457662
     0.6      0.9      0.2 0.460275
     0.6        1 0.196667  0.46212
     0.6        2    0.196 0.467853
     0.6        4 0.196667 0.469241
     0.8     0.05 0.466667 0.466667
     0.8      0.1 0.405333 0.404875
     0.8     0.15 0.405333  0.40423
     0.8      0.2    0.388 0.402295
     0.8      0.3 0.319333 0.423136
     0.8      0.4    0.282 0.444918
     0.8      0.5 0.241333 0.455659
     0.8      0.6    0.228 0.461621
     0.8      0.7    0.214 0.465096
     0.8      0.8 0.208667 0.467264
     0.8      0.9    0.204 0.468703
     0.8        1    0.202 0.469705
     0.8        2 0.203333  0.47274
     0.8        4 0.203333 0.473454
     0.9     0.05 0.466667 0.466667
     0.9      0.1 0.411333 0.409313
     0.9     0.15 0.404667    0.411
     0.9      0.2 0.395333 0.411694
     0.9      0.3 0.331333 0.439921
     0.9      0.4    0.294 0.460601
     0.9      0.5    0.262 0.468276
     0.9      0.6     0.24 0.472126
     0.9      0.7 0.228667 0.474275
     0.9      0.8     0.22 0.475576
     0.9      0.9 0.215333  0.47642
     0.9        1 0.211333 0.476997
     0.9        2 0.209333 0.478674
     0.9        4 0.208667  0.47905
    0.95     0.05 0.466667 0.466667
    0.95      0.1    0.414 0.412921
    0.95     0.15 0.415333 0.417111
    0.95      0.2    0.402 0.419421
    0.95      0.3 0.357333 0.453199
    0.95      0.4 0.344667 0.472241
    0.95      0.5 0.322667 0.478151
    0.95      0.6 0.295333 0.480876
    0.95      0.7    0.278 0.482325
    0.95      0.8 0.269333 0.483171
    0.95      0.9 0.256667 0.483702
    0.95        1 0.250667 0.484057
    0.95        2    0.232 0.485032
    0.95        4 0.227333 0.485236
    0.99     0.05 0.466667 0.466667
    0.99      0.1 0.419333  0.41948
    0.99     0.15 0.430667 0.428336
    0.99      0.2    0.406 0.431195
    0.99      0.3 0.438667 0.474939
    0.99      0.4 0.460667 0.490032
    0.99      0.5 0.465333 0.493061
    0.99      0.6 0.466667 0.494185
    0.99      0.7 0.466667 0.494717
    0.99      0.8 0.465333 0.495004
    0.99      0.9 0.465333 0.495175
    0.99        1 0.464667 0.495284
    0.99        2    0.462 0.495554
    0.99        4 0.459333 0.495602
   0.999     0.05 0.466667 0.466667
   0.999      0.1 0.426667 0.427689
   0.999     0.15    0.434 0.435984
   0.999      0.2 0.398667 0.438832
   0.999      0.3 0.468667 0.493188
   0.999      0.4 0.477333 0.498678
   0.999      0.5     0.47 0.499177
   0.999      0.6 0.466667 0.499332
   0.999      0.7 0.466667   0.4994
   0.999      0.8 0.466667 0.499436
   0.999      0.9 0.466667 0.499457
   0.999        1 0.466667  0.49947
   0.999        2 0.466667 0.499501
   0.999        4 0.466667 0.499506
  0.9999     0.05 0.466667 0.466667
  0.9999      0.1 0.427333 0.432235
  0.9999     0.15 0.427333 0.436139
  0.9999      0.2 0.417333 0.447682
  0.9999      0.3 0.496667    0.499
  0.9999      0.4      0.5 0.499863
  0.9999      0.5      0.5 0.499916
  0.9999      0.6      0.5 0.499932
  0.9999      0.7      0.5 0.499939
  0.9999      0.8      0.5 0.499943
  0.9999      0.9      0.5 0.499945
  0.9999        1      0.5 0.499946
  0.9999        2 0.466667 0.499949
  0.9999        4 0.466667  0.49995