       0     0.05     0.49     0.49
     0.2     0.05     0.49     0.49
     0.4     0.05     0.49     0.49
     0.6     0.05     0.49     0.49
     0.8     0.05     0.49     0.49
     0.9     0.05     0.49     0.49
    0.95     0.05     0.49     0.49
    0.99     0.05     0.49     0.49
   0.999     0.05     0.49     0.49
  0.9999     0.05     0.49     0.49
       0      0.1     0.49     0.49
     0.2      0.1 0.450667 0.451818
     0.4      0.1 0.449333 0.451319
     0.6      0.1     0.45 0.451625
     0.8      0.1     0.45 0.451794
     0.9      0.1 0.449333 0.451399
    0.95      0.1 0.449333 0.451318
    0.99      0.1    0.448 0.453268
   0.999      0.1    0.456 0.458213
  0.9999      0.1 0.464667 0.463765
       0     0.15     0.49     0.49
     0.2     0.15 0.452667 0.452327
     0.4     0.15 0.449333 0.452596
     0.6     0.15 0.446667 0.453148
     0.8     0.15    0.446 0.454203
     0.9     0.15 0.450667  0.45544
    0.95     0.15    0.454  0.45727
    0.99     0.15 0.465333 0.462443
   0.999     0.15    0.468 0.465641
  0.9999     0.15 0.465333 0.468137
       0      0.2     0.49     0.49
     0.2      0.2    0.436 0.446422
     0.4      0.2    0.446 0.451456
     0.6      0.2    0.442 0.454793
     0.8      0.2 0.447333 0.458561
     0.9      0.2 0.445333 0.461978
    0.95      0.2    0.446  0.46507
    0.99      0.2 0.453333  0.46964
   0.999      0.2 0.440667 0.471639
  0.9999      0.2 0.453333 0.475262
       0      0.3     0.49     0.49
     0.2      0.3 0.402667 0.432121
     0.4      0.3 0.403333 0.441933
     0.6      0.3    0.408 0.451222
     0.8      0.3 0.405333 0.462606
     0.9      0.3 0.409333 0.470901
    0.95      0.3 0.407333 0.477103
    0.99      0.3 0.398667 0.486481
   0.999      0.3    0.482 0.494691
  0.9999      0.3 0.486667 0.498917
       0      0.4     0.49     0.49
     0.2      0.4 0.376667 0.431893
     0.4      0.4    0.368 0.443387
     0.6      0.4    0.358 0.455482
     0.8      0.4    0.364 0.469865
     0.9      0.4     0.37 0.479065
    0.95      0.4    0.416 0.485019
    0.99      0.4 0.481333 0.493056
   0.999      0.4     0.49 0.498643
  0.9999      0.4 0.499333 0.499845
       0      0.5     0.49     0.49
     0.2      0.5 0.352667 0.443013
     0.4      0.5 0.348667 0.452993
     0.6      0.5    0.346 0.463824
     0.8      0.5 0.344667 0.476184
     0.9      0.5 0.351333 0.483532
    0.95      0.5     0.39 0.488129
    0.99      0.5 0.484667 0.494767
   0.999      0.5     0.49 0.499153
  0.9999      0.5      0.5 0.499909
       0      0.6     0.49     0.49
     0.2      0.6    0.342 0.454564
     0.4      0.6 0.341333 0.462581
     0.6      0.6 0.337333 0.471156
     0.8      0.6 0.337333 0.480622
     0.9      0.6     0.34 0.486133
    0.95      0.6 0.365333 0.489711
    0.99      0.6    0.484 0.495506
   0.999      0.6     0.49 0.499321
  0.9999      0.6 0.497333 0.499928
       0      0.7     0.49     0.49
     0.2      0.7     0.34 0.463104
     0.4      0.7     0.34 0.469429
     0.6      0.7 0.340667 0.476101
     0.8      0.7 0.336667 0.483366
     0.9      0.7 0.334667 0.487645
    0.95      0.7 0.344667 0.490596
    0.99      0.7 0.481333 0.495885
   0.999      0.7     0.49 0.499397
  0.9999      0.7 0.490667 0.499937
       0      0.8     0.49     0.49
     0.2      0.8    0.334  0.46908
     0.4      0.8 0.335333 0.474119
     0.6      0.8 0.336667 0.479396
     0.8      0.8 0.333333 0.485129
     0.9      0.8 0.328667 0.488594
    0.95      0.8 0.337333  0.49114
    0.99      0.8    0.474 0.496103
   0.999      0.8     0.49 0.499437
  0.9999      0.8     0.49 0.499941
       0      0.9     0.49     0.49
     0.2      0.9     0.33 0.473321
     0.4      0.9     0.33 0.477407
     0.6      0.9 0.329333 0.481672
     0.8      0.9 0.329333 0.486325
     0.9      0.9 0.322667  0.48923
    0.95      0.9 0.334667 0.491499
    0.99      0.9     0.46 0.496239
   0.999      0.9     0.49 0.499461
  0.9999      0.9     0.49 0.499944
       0        1     0.49     0.49
     0.2        1 0.325333 0.476413
     0.4        1    0.326 0.479788
     0.6        1 0.325333 0.483306
     0.8        1    0.326 0.487175
     0.9        1 0.322667 0.489678
    0.95        1 0.328667  0.49175
    0.99        1    0.444 0.496329
   0.999        1     0.49 0.499476
  0.9999        1     0.49 0.499945
       0        2     0.49     0.49
     0.2        2 0.309333 0.486579
     0.4        2    0.312 0.487521
     0.6        2 0.311333 0.488544
     0.8        2    0.312 0.489859
     0.9        2 0.312667 0.491074
    0.95        2 0.318667 0.492514
    0.99        2 0.403333 0.496577
   0.999        2     0.49 0.499514
  0.9999        2     0.49 0.499949
       0        4     0.49     0.49
     0.2        4    0.308 0.489179
     0.4        4    0.308 0.489478
     0.6        4    0.308 0.489855
     0.8        4     0.31 0.490521
     0.9        4 0.307333 0.491414
    0.95        4 0.316667 0.492695
    0.99        4      0.4 0.496629
   0.999        4     0.49 0.499521
  0.9999        4     0.49  0.49995