        0      0.05  0.466667  0.466667
      0.2      0.05 0.0293333  0.103244
      0.4      0.05     0.026  0.121091
      0.6      0.05 0.0273333  0.152206
      0.8      0.05     0.028   0.22038
      0.9      0.05     0.044  0.298106
     0.95      0.05  0.110667  0.369357
     0.99      0.05  0.371333  0.465178
    0.999      0.05     0.378  0.496194
   0.9999      0.05       0.5  0.499615
        0       0.1  0.466667  0.466667
      0.2       0.1     0.072  0.302629
      0.4       0.1     0.092  0.331636
      0.6       0.1     0.132  0.368099
      0.8       0.1  0.262667  0.416324
      0.9       0.1  0.370667  0.448564
     0.95       0.1     0.396  0.469419
     0.99       0.1  0.406667  0.492276
    0.999       0.1       0.5  0.499165
   0.9999       0.1       0.5  0.499916
        0      0.15  0.466667  0.466667
      0.2      0.15  0.207333  0.407587
      0.4      0.15  0.251333  0.422334
      0.6      0.15  0.328667  0.438766
      0.8      0.15     0.378  0.458358
      0.9      0.15       0.4  0.471694
     0.95      0.15  0.412667  0.481622
     0.99      0.15  0.466667  0.494867
    0.999      0.15       0.5   0.49943
   0.9999      0.15       0.5  0.499942
        0       0.2  0.466667  0.466667
      0.2       0.2  0.338667  0.446391
      0.4       0.2  0.365333  0.452726
      0.6       0.2     0.386  0.459792
      0.8       0.2  0.417333  0.469076
      0.9       0.2     0.434  0.477033
     0.95       0.2  0.466667  0.484294
     0.99       0.2  0.466667  0.495421
    0.999       0.2       0.5  0.499487
   0.9999       0.2       0.5  0.499948
        0       0.3  0.466667  0.466667
      0.2       0.3     0.468  0.464013
      0.4       0.3     0.494  0.465746
      0.6       0.3     0.496   0.46821
      0.8       0.3  0.442667  0.473045
      0.9       0.3  0.466667  0.478942
     0.95       0.3  0.466667  0.485247
     0.99       0.3  0.466667  0.495628
    0.999       0.3  0.492667  0.499509
   0.9999       0.3       0.5   0.49995
        0       0.4  0.466667  0.466667
      0.2       0.4     0.446  0.466079
      0.4       0.4  0.425333  0.467232
      0.6       0.4  0.409333  0.469147
      0.8       0.4     0.464  0.473473
      0.9       0.4  0.466667  0.479139
     0.95       0.4  0.466667  0.485342
     0.99       0.4  0.466667   0.49565
    0.999       0.4  0.466667  0.499512
   0.9999       0.4       0.5  0.499951
        0       0.5  0.466667  0.466667
      0.2       0.5  0.428667  0.466482
      0.4       0.5  0.391333  0.467533
      0.6       0.5  0.399333  0.469343
      0.8       0.5  0.466667  0.473559
      0.9       0.5  0.466667  0.479168
     0.95       0.5  0.466667  0.485347
     0.99       0.5  0.466667  0.495648
    0.999       0.5  0.466667  0.499511
   0.9999       0.5       0.5  0.499951
        0       0.6  0.466667  0.466667
      0.2       0.6     0.434  0.466656
      0.4       0.6  0.389333  0.467667
      0.6       0.6     0.388  0.469432
      0.8       0.6  0.466667  0.473594
      0.9       0.6  0.466667  0.479173
     0.95       0.6  0.466667   0.48534
     0.99       0.6  0.466667  0.495643
    0.999       0.6  0.466667  0.499511
   0.9999       0.6       0.5   0.49995
        0       0.7  0.466667  0.466667
      0.2       0.7  0.438667   0.46677
      0.4       0.7  0.394667  0.467755
      0.6       0.7  0.381333  0.469489
      0.8       0.7  0.466667  0.473615
      0.9       0.7  0.466667  0.479174
     0.95       0.7  0.466667  0.485333
     0.99       0.7  0.466667  0.495639
    0.999       0.7  0.466667   0.49951
   0.9999       0.7       0.5   0.49995
        0       0.8  0.466667  0.466667
      0.2       0.8      0.44  0.466853
      0.4       0.8  0.396667  0.467818
      0.6       0.8  0.374667   0.46953
      0.8       0.8  0.466667   0.47363
      0.9       0.8  0.466667  0.479174
     0.95       0.8  0.466667  0.485327
     0.99       0.8  0.466667  0.495635
    0.999       0.8  0.466667   0.49951
   0.9999       0.8       0.5   0.49995
        0       0.9  0.466667  0.466667
      0.2       0.9     0.442  0.466916
      0.4       0.9  0.399333  0.467866
      0.6       0.9     0.374  0.469561
      0.8       0.9  0.466667   0.47364
      0.9       0.9  0.466667  0.479174
     0.95       0.9  0.466667  0.485323
     0.99       0.9  0.466667  0.495632
    0.999       0.9  0.466667  0.499509
   0.9999       0.9       0.5   0.49995
        0         1  0.466667  0.466667
      0.2         1     0.446  0.466965
      0.4         1  0.402667  0.467902
      0.6         1  0.372667  0.469584
      0.8         1  0.466667  0.473648
      0.9         1  0.466667  0.479174
     0.95         1  0.466667  0.485319
     0.99         1  0.466667  0.495629
    0.999         1  0.466667  0.499509
   0.9999         1       0.5   0.49995
        0         2  0.466667  0.466667
      0.2         2  0.450667  0.467145
      0.4         2  0.413333  0.468035
      0.6         2  0.375333  0.469667
      0.8         2  0.466667  0.473677
      0.9         2  0.466667  0.479173
     0.95         2  0.466667  0.485305
     0.99         2  0.466667   0.49562
    0.999         2  0.466667  0.499508
   0.9999         2  0.466667   0.49995
        0         4  0.466667  0.466667
      0.2         4  0.451333  0.467196
      0.4         4  0.413333  0.468073
      0.6         4     0.376  0.469691
      0.8         4  0.466667  0.473685
      0.9         4  0.466667  0.479172
     0.95         4  0.466667  0.485301
     0.99         4  0.466667  0.495617
    0.999         4  0.466667  0.499507
   0.9999         4  0.466667   0.49995