       0     0.05 0.493333 0.493333
     0.2     0.05 0.228667 0.248051
     0.4     0.05 0.224667 0.253883
     0.6     0.05 0.220667 0.266642
     0.8     0.05 0.222667 0.298903
     0.9     0.05 0.248667 0.341492
    0.95     0.05     0.31 0.387485
    0.99     0.05 0.414667 0.464498
   0.999     0.05 0.443333 0.495485
  0.9999     0.05      0.5 0.499529
       0      0.1 0.493333 0.493333
     0.2      0.1 0.281333 0.351735
     0.4      0.1    0.294 0.369579
     0.6      0.1 0.312667 0.393901
     0.8      0.1    0.394 0.430461
     0.9      0.1 0.430667 0.457471
    0.95      0.1 0.439333 0.474661
    0.99      0.1 0.451333  0.49247
   0.999      0.1 0.493333 0.499006
  0.9999      0.1      0.5 0.499896
       0     0.15 0.493333 0.493333
     0.2     0.15 0.377333 0.413795
     0.4     0.15     0.41 0.427728
     0.6     0.15 0.429333  0.44457
     0.8     0.15 0.438667 0.465669
     0.9     0.15 0.448667 0.478681
    0.95     0.15 0.457333 0.486448
    0.99     0.15 0.467333  0.49525
   0.999     0.15 0.493333  0.49932
  0.9999     0.15      0.5 0.499928
       0      0.2 0.493333 0.493333
     0.2      0.2    0.438 0.446764
     0.4      0.2 0.444667 0.455603
     0.6      0.2 0.451333 0.465816
     0.8      0.2    0.458 0.478074
     0.9      0.2 0.465333  0.48557
    0.95      0.2 0.468667 0.490181
    0.99      0.2 0.398667 0.496093
   0.999      0.2 0.493333 0.499411
  0.9999      0.2      0.5 0.499938
       0      0.3 0.493333 0.493333
     0.2      0.3    0.478 0.472779
     0.4      0.3 0.478667 0.476894
     0.6      0.3 0.478667 0.481594
     0.8      0.3 0.483333 0.487168
     0.9      0.3 0.482667   0.4906
    0.95      0.3     0.47 0.492874
    0.99      0.3 0.493333 0.496691
   0.999      0.3 0.493333 0.499477
  0.9999      0.3      0.5 0.499944
       0      0.4 0.493333 0.493333
     0.2      0.4    0.488 0.481509
     0.4      0.4 0.491333 0.484068
     0.6      0.4    0.492 0.486908
     0.8      0.4     0.49 0.490187
     0.9      0.4 0.489333 0.492234
    0.95      0.4 0.444667 0.493736
    0.99      0.4 0.493333 0.496891
   0.999      0.4 0.493333 0.499502
  0.9999      0.4 0.495333 0.499947
       0      0.5 0.493333 0.493333
     0.2      0.5 0.495333 0.485598
     0.4      0.5 0.495333 0.487372
     0.6      0.5 0.494667   0.4893
     0.8      0.5 0.495333   0.4915
     0.9      0.5 0.487333 0.492929
    0.95      0.5    0.422   0.4941
    0.99      0.5 0.493333  0.49698
   0.999      0.5 0.493333 0.499514
  0.9999      0.5 0.493333 0.499948
       0      0.6 0.493333 0.493333
     0.2      0.6 0.497333 0.487884
     0.4      0.6    0.496 0.489185
     0.6      0.6 0.495333 0.490584
     0.8      0.6 0.495333 0.492186
     0.9      0.6 0.480667 0.493288
    0.95      0.6 0.411333 0.494287
    0.99      0.6 0.493333 0.497027
   0.999      0.6 0.493333  0.49952
  0.9999      0.6 0.493333 0.499949
       0      0.7 0.493333 0.493333
     0.2      0.7    0.498 0.489294
     0.4      0.7    0.498 0.490288
     0.6      0.7 0.496667 0.491353
     0.8      0.7    0.496 0.492591
     0.9      0.7 0.478667 0.493497
    0.95      0.7      0.4 0.494396
    0.99      0.7 0.493333 0.497054
   0.999      0.7 0.493333 0.499524
  0.9999      0.7 0.493333 0.499949
       0      0.8 0.493333 0.493333
     0.2      0.8 0.496667 0.490225
     0.4      0.8 0.497333 0.491009
     0.6      0.8    0.496 0.491851
     0.8      0.8 0.495333 0.492849
     0.9      0.8 0.473333  0.49363
    0.95      0.8 0.392667 0.494465
    0.99      0.8 0.493333 0.497072
   0.999      0.8 0.493333 0.499527
  0.9999      0.8 0.493333  0.49995
       0      0.9 0.493333 0.493333
     0.2      0.9 0.496667  0.49087
     0.4      0.9 0.496667 0.491506
     0.6      0.9    0.496 0.492191
     0.8      0.9 0.494667 0.493025
     0.9      0.9 0.472667 0.493719
    0.95      0.9 0.388667 0.494512
    0.99      0.9 0.493333 0.497084
   0.999      0.9 0.493333 0.499529
  0.9999      0.9 0.493333  0.49995
       0        1 0.493333 0.493333
     0.2        1    0.496 0.491335
     0.4        1 0.496667 0.491862
     0.6        1 0.496667 0.492434
     0.8        1 0.495333 0.493149
     0.9        1 0.471333 0.493783
    0.95        1    0.388 0.494545
    0.99        1 0.493333 0.497092
   0.999        1 0.493333  0.49953
  0.9999        1 0.493333  0.49995
       0        2 0.493333 0.493333
     0.2        2 0.494667 0.492845
     0.4        2 0.495333 0.493008
     0.6        2 0.496667 0.493207
     0.8        2 0.497333 0.493542
     0.9        2 0.467333 0.493983
    0.95        2    0.382 0.494648
    0.99        2 0.493333 0.497119
   0.999        2 0.493333 0.499534
  0.9999        2 0.493333  0.49995
       0        4 0.493333 0.493333
     0.2        4    0.496 0.493227
     0.4        4 0.494667 0.493296
     0.6        4 0.495333   0.4934
     0.8        4 0.496667 0.493639
     0.9        4 0.466667 0.494032
    0.95        4     0.38 0.494673
    0.99        4 0.493333 0.497125
   0.999        4 0.493333 0.499534
  0.9999        4 0.493333  0.49995