       0     0.05 0.493333 0.493333
     0.2     0.05 0.176667    0.225
     0.4     0.05     0.18    0.224
     0.6     0.05     0.18 0.224333
     0.8     0.05    0.182 0.225333
     0.9     0.05    0.182    0.225
    0.95     0.05    0.184    0.225
    0.99     0.05    0.184 0.225667
   0.999     0.05 0.186667    0.226
  0.9999     0.05    0.188    0.229
       0      0.1 0.493333 0.493333
     0.2      0.1 0.279333 0.279746
     0.4      0.1 0.282667 0.280464
     0.6      0.1 0.281333 0.278542
     0.8      0.1    0.244 0.257977
     0.9      0.1 0.244667 0.245575
    0.95      0.1 0.244667 0.245209
    0.99      0.1 0.253333 0.252989
   0.999      0.1 0.253333 0.253326
  0.9999      0.1 0.253333 0.253324
       0     0.15 0.493333 0.493333
     0.2     0.15    0.262 0.263815
     0.4     0.15 0.278667 0.276814
     0.6     0.15    0.276 0.276197
     0.8     0.15 0.242667 0.254079
     0.9     0.15 0.243333  0.24469
    0.95     0.15 0.245333 0.245268
    0.99     0.15 0.250667   0.2501
   0.999     0.15 0.250667 0.248057
  0.9999     0.15    0.234  0.23595
       0      0.2 0.493333 0.493333
     0.2      0.2    0.262 0.262723
     0.4      0.2    0.262 0.262653
     0.6      0.2    0.274 0.271298
     0.8      0.2 0.243333 0.254581
     0.9      0.2 0.243333  0.24225
    0.95      0.2 0.242667 0.241374
    0.99      0.2 0.235333 0.236248
   0.999      0.2 0.228667 0.227394
  0.9999      0.2 0.220667 0.224041
       0      0.3 0.493333 0.493333
     0.2      0.3 0.260667 0.264325
     0.4      0.3 0.268667  0.26608
     0.6      0.3    0.256 0.257941
     0.8      0.3 0.242667 0.248051
     0.9      0.3 0.225333 0.234487
    0.95      0.3 0.227333 0.229229
    0.99      0.3    0.208 0.227708
   0.999      0.3 0.224667 0.230527
  0.9999      0.3 0.209333 0.210409
       0      0.4 0.493333 0.493333
     0.2      0.4 0.260667 0.263453
     0.4      0.4 0.260667 0.263782
     0.6      0.4    0.258 0.262983
     0.8      0.4     0.24 0.251636
     0.9      0.4 0.218667 0.238272
    0.95      0.4    0.212 0.229776
    0.99      0.4    0.234 0.229642
   0.999      0.4 0.208667 0.209481
  0.9999      0.4 0.204667  0.21408
       0      0.5 0.493333 0.493333
     0.2      0.5    0.256 0.263615
     0.4      0.5 0.261333 0.263241
     0.6      0.5 0.253333 0.264062
     0.8      0.5 0.246667 0.260723
     0.9      0.5 0.221333 0.247999
    0.95      0.5 0.200667  0.23666
    0.99      0.5 0.220667 0.227086
   0.999      0.5 0.204667 0.233445
  0.9999      0.5 0.336667 0.316926
       0      0.6 0.493333 0.493333
     0.2      0.6 0.262667 0.269651
     0.4      0.6 0.253333 0.264089
     0.6      0.6 0.254667 0.264087
     0.8      0.6 0.253333  0.26295
     0.9      0.6 0.228667 0.255959
    0.95      0.6    0.216 0.247445
    0.99      0.6    0.236 0.243608
   0.999      0.6    0.268 0.306557
  0.9999      0.6    0.386 0.401045
       0      0.7 0.493333 0.493333
     0.2      0.7 0.275333 0.276686
     0.4      0.7    0.258 0.269309
     0.6      0.7    0.252 0.265836
     0.8      0.7 0.248667 0.262819
     0.9      0.7 0.231333 0.257758
    0.95      0.7 0.222667 0.254635
    0.99      0.7 0.242667 0.273513
   0.999      0.7    0.324 0.369773
  0.9999      0.7 0.343333 0.439372
       0      0.8 0.493333 0.493333
     0.2      0.8    0.278 0.280869
     0.4      0.8 0.265333 0.274868
     0.6      0.8 0.246667 0.270195
     0.8      0.8 0.245333 0.265872
     0.9      0.8 0.232667 0.264909
    0.95      0.8 0.237333 0.270743
    0.99      0.8 0.278667 0.321252
   0.999      0.8    0.318 0.418129
  0.9999      0.8    0.446 0.458239
       0      0.9 0.493333 0.493333
     0.2      0.9 0.276667 0.284765
     0.4      0.9    0.268 0.280456
     0.6      0.9    0.254 0.277366
     0.8      0.9    0.246 0.277321
     0.9      0.9 0.231333  0.28547
    0.95      0.9 0.250667 0.303888
    0.99      0.9 0.290667 0.373149
   0.999      0.9 0.472667 0.445814
  0.9999      0.9 0.454667 0.475341
       0        1 0.493333 0.493333
     0.2        1 0.278667 0.290909
     0.4        1 0.270667 0.289105
     0.6        1    0.268 0.289728
     0.8        1 0.265333 0.298411
     0.9        1 0.241333 0.317317
    0.95        1 0.252667 0.344471
    0.99        1 0.312667 0.410709
   0.999        1 0.500667 0.464288
  0.9999        1    0.498 0.490898
       0        2 0.493333 0.493333
     0.2        2    0.334 0.411943
     0.4        2    0.342 0.422346
     0.6        2 0.348667 0.435908
     0.8        2    0.362 0.455661
     0.9        2 0.366667 0.470655
    0.95        2    0.386 0.481151
    0.99        2 0.493333 0.493788
   0.999        2    0.496 0.499129
  0.9999        2      0.5 0.499908
       0        4 0.493333 0.493333
     0.2        4    0.408 0.477813
     0.4        4    0.398 0.481107
     0.6        4    0.376 0.484791
     0.8        4    0.384 0.489043
     0.9        4 0.417333 0.491635
    0.95        4    0.438 0.493424
    0.99        4 0.493333 0.496816
   0.999        4 0.493333 0.499492
  0.9999        4      0.5 0.499946