        0      0.05  0.446667  0.466667
      0.2      0.05 0.0826667   0.12087
      0.4      0.05     0.082  0.132599
      0.6      0.05 0.0786667  0.152196
      0.8      0.05 0.0793333  0.195682
      0.9      0.05 0.0806667  0.252109
     0.95      0.05      0.09  0.316495
     0.99      0.05     0.132  0.438195
    0.999      0.05  0.478667  0.491542
   0.9999      0.05      0.48  0.498045
        0       0.1  0.446667  0.466667
      0.2       0.1     0.074  0.205758
      0.4       0.1     0.072  0.227954
      0.6       0.1 0.0753333  0.262043
      0.8       0.1 0.0946667  0.323862
      0.9       0.1      0.13   0.38134
     0.95       0.1  0.175333  0.426404
     0.99       0.1     0.444  0.479886
    0.999       0.1      0.48   0.49605
   0.9999       0.1      0.48  0.497802
        0      0.15  0.446667  0.466667
      0.2      0.15 0.0846667  0.282876
      0.4      0.15 0.0953333   0.30763
      0.6      0.15      0.11  0.341726
      0.8      0.15  0.149333     0.393
      0.9      0.15  0.211333  0.431587
     0.95      0.15  0.351333  0.458076
     0.99      0.15  0.446667  0.487686
    0.999      0.15      0.48  0.496576
   0.9999      0.15      0.48   0.49754
        0       0.2  0.446667  0.466667
      0.2       0.2  0.108667  0.340905
      0.4       0.2  0.126667  0.362944
      0.6       0.2     0.152  0.390554
      0.8       0.2  0.227333  0.427295
      0.9       0.2  0.361333  0.452667
     0.95       0.2  0.446667  0.469988
     0.99       0.2  0.446667  0.490332
    0.999       0.2      0.48  0.496775
   0.9999       0.2      0.48  0.497485
        0       0.3  0.446667  0.466667
      0.2       0.3     0.178  0.411263
      0.4       0.3  0.213333  0.423809
      0.6       0.3  0.281333  0.438071
      0.8       0.3  0.416667  0.455841
      0.9       0.3  0.446667  0.468727
     0.95       0.3  0.446667  0.478744
     0.99       0.3  0.446667  0.492456
    0.999       0.3      0.48  0.497236
   0.9999       0.3      0.48  0.497774
        0       0.4  0.446667  0.466667
      0.2       0.4  0.277333  0.442433
      0.4       0.4  0.326667  0.448698
      0.6       0.4  0.410667  0.455895
      0.8       0.4  0.446667  0.465686
      0.9       0.4  0.446667  0.474163
     0.95       0.4  0.446667   0.48183
     0.99       0.4  0.446667  0.493496
    0.999       0.4      0.48  0.497755
   0.9999       0.4      0.48  0.498237
        0       0.5  0.446667  0.466667
      0.2       0.5     0.352  0.455187
      0.4       0.5  0.412667  0.458627
      0.6       0.5  0.443333   0.46286
      0.8       0.5  0.446667  0.469528
      0.9       0.5  0.446667  0.476373
     0.95       0.5  0.446667  0.483193
     0.99       0.5  0.446667  0.494121
    0.999       0.5      0.48  0.498182
   0.9999       0.5      0.48  0.498644
        0       0.6  0.446667  0.466667
      0.2       0.6  0.407333  0.460704
      0.4       0.6  0.438667  0.462908
      0.6       0.6  0.446667  0.465874
      0.8       0.6  0.446667  0.471236
      0.9       0.6  0.446667  0.477413
     0.95       0.6  0.446667  0.483892
     0.99       0.6  0.446667  0.494518
    0.999       0.6      0.48  0.498495
   0.9999       0.6      0.48  0.498948
        0       0.7  0.446667  0.466667
      0.2       0.7     0.432  0.463339
      0.4       0.7  0.446667  0.464963
      0.6       0.7  0.446667  0.467337
      0.8       0.7  0.446667  0.472098
      0.9       0.7  0.446667   0.47797
     0.95       0.7  0.446667  0.484293
     0.99       0.7  0.446667  0.494781
    0.999       0.7      0.48  0.498719
   0.9999       0.7      0.48  0.499167
        0       0.8  0.446667  0.466667
      0.2       0.8  0.443333  0.464722
      0.4       0.8  0.446667   0.46605
      0.6       0.8  0.446667  0.468124
      0.8       0.8  0.446667   0.47258
      0.9       0.8  0.446667  0.478299
     0.95       0.8  0.446667  0.484544
     0.99       0.8  0.446667  0.494962
    0.999       0.8      0.48   0.49888
   0.9999       0.8      0.48  0.499326
        0       0.9  0.446667  0.466667
      0.2       0.9     0.446   0.46551
      0.4       0.9  0.446667  0.466676
      0.6       0.9  0.446667  0.468585
      0.8       0.9  0.446667  0.472874
      0.9       0.9  0.446667  0.478508
     0.95       0.9  0.446667  0.484711
     0.99       0.9  0.446667  0.495091
    0.999       0.9      0.48  0.498999
   0.9999       0.9      0.48  0.499443
        0         1  0.446667  0.466667
      0.2         1  0.446667   0.46599
      0.4         1  0.446667   0.46706
      0.6         1  0.446667  0.468873
      0.8         1  0.446667  0.473064
      0.9         1  0.446667   0.47865
     0.95         1  0.446667  0.484828
     0.99         1  0.446667  0.495186
    0.999         1      0.48  0.499087
   0.9999         1      0.48  0.499531
        0         2  0.446667  0.466667
      0.2         2  0.446667  0.467036
      0.4         2  0.446667  0.467925
      0.6         2  0.446667  0.469555
      0.8         2  0.446667  0.473561
      0.9         2  0.446667  0.479054
     0.95         2  0.446667  0.485186
     0.99         2  0.446667  0.495505
    0.999         2  0.446667  0.499396
   0.9999         2      0.48  0.499839
        0         4  0.446667  0.466667
      0.2         4  0.446667  0.467177
      0.4         4  0.446667  0.468052
      0.6         4  0.446667  0.469667
      0.8         4  0.446667  0.473658
      0.9         4  0.446667  0.479143
     0.95         4  0.446667  0.485271
     0.99         4  0.446667  0.495588
    0.999         4  0.446667  0.499479
   0.9999         4  0.446667  0.499922