        0      0.05  0.479333      0.49
      0.2      0.05  0.477333  0.487333
      0.4      0.05  0.477333  0.487333
      0.6      0.05  0.477333  0.487333
      0.8      0.05  0.477333  0.487333
      0.9      0.05  0.477333  0.487333
     0.95      0.05  0.477333  0.487333
     0.99      0.05  0.477333  0.487333
    0.999      0.05  0.477333  0.487333
   0.9999      0.05  0.477333  0.487333
        0       0.1  0.479333      0.49
      0.2       0.1 0.0813333 0.0838214
      0.4       0.1 0.0806667 0.0852029
      0.6       0.1 0.0886667 0.0873748
      0.8       0.1 0.0933333 0.0904993
      0.9       0.1     0.092 0.0942274
     0.95       0.1 0.0973333 0.0989191
     0.99       0.1     0.104  0.104853
    0.999       0.1  0.102667  0.105858
   0.9999       0.1     0.104   0.10605
        0      0.15  0.479333      0.49
      0.2      0.15 0.0826667 0.0825749
      0.4      0.15     0.084 0.0848406
      0.6      0.15      0.08 0.0875059
      0.8      0.15     0.088 0.0922029
      0.9      0.15 0.0993333 0.0970774
     0.95      0.15     0.104   0.10045
     0.99      0.15  0.106667  0.103483
    0.999      0.15  0.101333  0.100591
   0.9999      0.15 0.0886667 0.0957626
        0       0.2  0.479333      0.49
      0.2       0.2 0.0793333 0.0825822
      0.4       0.2 0.0806667 0.0846569
      0.6       0.2      0.08 0.0873894
      0.8       0.2 0.0826667 0.0918925
      0.9       0.2     0.092 0.0957418
     0.95       0.2 0.0953333 0.0979091
     0.99       0.2     0.088 0.0976382
    0.999       0.2     0.088  0.101056
   0.9999       0.2  0.114667  0.130384
        0       0.3  0.479333      0.49
      0.2       0.3 0.0793333 0.0897347
      0.4       0.3 0.0773333 0.0883791
      0.6       0.3     0.078 0.0896261
      0.8       0.3 0.0793333  0.093727
      0.9       0.3     0.082 0.0985251
     0.95       0.3      0.08   0.10499
     0.99       0.3 0.0966667  0.134036
    0.999       0.3  0.130667  0.208796
   0.9999       0.3  0.173333  0.332801
        0       0.4  0.479333      0.49
      0.2       0.4 0.0873333  0.113403
      0.4       0.4     0.082   0.10743
      0.6       0.4 0.0766667  0.106579
      0.8       0.4     0.074  0.112895
      0.9       0.4 0.0726667  0.126243
     0.95       0.4 0.0713333  0.147456
     0.99       0.4 0.0753333  0.237634
    0.999       0.4     0.144   0.42299
   0.9999       0.4      0.51  0.490949
        0       0.5  0.479333      0.49
      0.2       0.5 0.0946667  0.143661
      0.4       0.5 0.0833333  0.142289
      0.6       0.5     0.074  0.146961
      0.8       0.5 0.0706667  0.167473
      0.9       0.5 0.0666667  0.203487
     0.95       0.5 0.0566667  0.255231
     0.99       0.5      0.06  0.395394
    0.999       0.5      0.45  0.485942
   0.9999       0.5  0.510667  0.498952
        0       0.6  0.479333      0.49
      0.2       0.6 0.0906667  0.177076
      0.4       0.6 0.0786667  0.185531
      0.6       0.6 0.0713333  0.203614
      0.8       0.6     0.064  0.248994
      0.9       0.6 0.0546667  0.307497
     0.95       0.6 0.0546667  0.367739
     0.99       0.6 0.0973333  0.461021
    0.999       0.6       0.5   0.49573
   0.9999       0.6  0.510667  0.499824
        0       0.7  0.479333      0.49
      0.2       0.7 0.0806667  0.217606
      0.4       0.7 0.0693333  0.235484
      0.6       0.7     0.066  0.265571
      0.8       0.7 0.0593333  0.324698
      0.9       0.7 0.0553333  0.382142
     0.95       0.7 0.0646667   0.42749
     0.99       0.7  0.234667  0.481031
    0.999       0.7  0.500667  0.498057
   0.9999       0.7  0.510667   0.50003
        0       0.8  0.479333      0.49
      0.2       0.8 0.0773333  0.263048
      0.4       0.8 0.0713333   0.28678
      0.6       0.8 0.0646667  0.321981
      0.8       0.8 0.0606667  0.379575
      0.9       0.8     0.068  0.425129
     0.95       0.8 0.0853333  0.455894
     0.99       0.8  0.366667  0.488518
    0.999       0.8  0.500667  0.498854
   0.9999       0.8  0.510667  0.500088
        0       0.9  0.479333      0.49
      0.2       0.9 0.0713333  0.306926
      0.4       0.9      0.07  0.332215
      0.6       0.9     0.066  0.366375
      0.8       0.9 0.0646667  0.415316
      0.9       0.9 0.0786667  0.449157
     0.95       0.9  0.121333  0.470171
     0.99       0.9  0.441333  0.491887
    0.999       0.9  0.500667  0.499185
   0.9999       0.9  0.510667   0.50009
        0         1  0.479333      0.49
      0.2         1 0.0733333  0.344168
      0.4         1 0.0706667  0.368113
      0.6         1     0.066  0.398293
      0.8         1 0.0646667  0.437759
      0.9         1     0.088  0.462863
     0.95         1  0.143333  0.477834
     0.99         1     0.474  0.493596
    0.999         1  0.500667   0.49934
   0.9999         1  0.510667  0.500075
        0         2  0.479333      0.49
      0.2         2 0.0846667  0.461684
      0.4         2     0.086  0.468412
      0.6         2     0.086  0.475507
      0.8         2     0.084  0.483206
      0.9         2     0.124  0.487746
     0.95         2  0.215333  0.490892
     0.99         2  0.500667  0.496325
    0.999         2  0.500667  0.499526
   0.9999         2  0.500667  0.499982
        0         4  0.479333      0.49
      0.2         4     0.094  0.483574
      0.4         4     0.094  0.485253
      0.6         4     0.094  0.487026
      0.8         4 0.0933333  0.489107
      0.9         4  0.137333  0.490716
     0.95         4  0.235333  0.492361
     0.99         4  0.500667  0.496584
    0.999         4  0.500667  0.499526
   0.9999         4  0.500667  0.499958