       0     0.05 0.471333 0.466667
     0.2     0.05 0.473333 0.471932
     0.4     0.05 0.472667 0.472184
     0.6     0.05 0.471333 0.472902
     0.8     0.05 0.462667 0.475574
     0.9     0.05 0.460667 0.480048
    0.95     0.05 0.464667 0.485464
    0.99     0.05    0.456 0.495361
   0.999     0.05 0.478667 0.499503
  0.9999     0.05 0.504667      0.5
       0      0.1 0.471333 0.466667
     0.2      0.1 0.465333 0.468643
     0.4      0.1 0.469333 0.469267
     0.6      0.1 0.466667 0.470601
     0.8      0.1    0.464 0.474211
     0.9      0.1 0.450667 0.479387
    0.95      0.1 0.440667 0.485293
    0.99      0.1 0.457333 0.495515
   0.999      0.1 0.471333 0.499501
  0.9999      0.1 0.504667 0.499961
       0     0.15 0.471333 0.466667
     0.2     0.15 0.452667 0.467814
     0.4     0.15 0.445333 0.468564
     0.6     0.15    0.448 0.470032
     0.8     0.15 0.440667 0.473828
     0.9     0.15 0.443333 0.479153
    0.95     0.15 0.439333 0.485166
    0.99     0.15 0.445333 0.495491
   0.999     0.15 0.471333 0.499485
  0.9999     0.15    0.462 0.499944
       0      0.2 0.471333 0.466667
     0.2      0.2 0.441333 0.467471
     0.4      0.2 0.444667 0.468264
     0.6      0.2    0.446 0.469793
     0.8      0.2    0.442 0.473676
     0.9      0.2 0.438667 0.479058
    0.95      0.2     0.44 0.485111
    0.99      0.2     0.45 0.495483
   0.999      0.2    0.462 0.499483
  0.9999      0.2    0.462 0.499943
       0      0.3 0.471333 0.466667
     0.2      0.3    0.442  0.46716
     0.4      0.3 0.443333 0.468025
     0.6      0.3     0.44 0.469632
     0.8      0.3 0.445333 0.473595
     0.9      0.3 0.446667 0.479029
    0.95      0.3 0.451333 0.485121
    0.99      0.3 0.462667 0.495508
   0.999      0.3    0.462 0.499489
  0.9999      0.3    0.462 0.499944
       0      0.4 0.471333 0.466667
     0.2      0.4 0.442667 0.467079
     0.4      0.4 0.443333 0.467973
     0.6      0.4    0.446 0.469608
     0.8      0.4 0.443333 0.473603
     0.9      0.4 0.449333 0.479066
    0.95      0.4 0.450667 0.485178
    0.99      0.4 0.465333 0.495546
   0.999      0.4    0.462 0.499495
  0.9999      0.4    0.462 0.499946
       0      0.5 0.471333 0.466667
     0.2      0.5 0.448667 0.467082
     0.4      0.5 0.449333 0.467982
     0.6      0.5 0.448667 0.469621
     0.8      0.5    0.446 0.473626
     0.9      0.5 0.450667 0.479103
    0.95      0.5    0.454 0.485225
    0.99      0.5 0.463333 0.495574
   0.999      0.5    0.462 0.499499
  0.9999      0.5    0.462 0.499947
       0      0.6 0.471333 0.466667
     0.2      0.6 0.454667 0.467103
     0.4      0.6 0.455333    0.468
     0.6      0.6    0.452 0.469638
     0.8      0.6 0.451333 0.473644
     0.9      0.6 0.450667 0.479128
    0.95      0.6 0.450667 0.485253
    0.99      0.6    0.462 0.495591
   0.999      0.6    0.462 0.499501
  0.9999      0.6    0.462 0.499947
       0      0.7 0.471333 0.466667
     0.2      0.7 0.457333 0.467124
     0.4      0.7 0.456667 0.468018
     0.6      0.7    0.454 0.469651
     0.8      0.7 0.453333 0.473657
     0.9      0.7    0.452 0.479143
    0.95      0.7 0.447333  0.48527
    0.99      0.7    0.462   0.4956
   0.999      0.7    0.462 0.499503
  0.9999      0.7    0.462 0.499948
       0      0.8 0.471333 0.466667
     0.2      0.8 0.458667  0.46714
     0.4      0.8 0.457333 0.468031
     0.6      0.8 0.457333 0.469661
     0.8      0.8 0.454667 0.473665
     0.9      0.8 0.453333 0.479152
    0.95      0.8     0.45  0.48528
    0.99      0.8    0.462 0.495606
   0.999      0.8    0.462 0.499504
  0.9999      0.8    0.462 0.499948
       0      0.9 0.471333 0.466667
     0.2      0.9 0.460667 0.467154
     0.4      0.9 0.456667 0.468041
     0.6      0.9 0.457333 0.469669
     0.8      0.9    0.458  0.47367
     0.9      0.9 0.453333 0.479158
    0.95      0.9 0.449333 0.485286
    0.99      0.9    0.462 0.495609
   0.999      0.9    0.462 0.499505
  0.9999      0.9    0.462 0.499948
       0        1 0.471333 0.466667
     0.2        1 0.462667 0.467164
     0.4        1 0.456667 0.468049
     0.6        1 0.458667 0.469674
     0.8        1    0.458 0.473674
     0.9        1 0.455333 0.479162
    0.95        1 0.452667  0.48529
    0.99        1    0.462 0.495611
   0.999        1    0.462 0.499505
  0.9999        1    0.462 0.499949
       0        2 0.471333 0.466667
     0.2        2    0.462   0.4672
     0.4        2    0.458 0.468076
     0.6        2 0.458667 0.469693
     0.8        2 0.458667 0.473685
     0.9        2 0.451333  0.47917
    0.95        2    0.458 0.485299
    0.99        2    0.462 0.495616
   0.999        2    0.462 0.499507
  0.9999        2    0.462  0.49995
       0        4 0.471333 0.466667
     0.2        4 0.463333  0.46721
     0.4        4 0.457333 0.468084
     0.6        4    0.458 0.469697
     0.8        4     0.46 0.473687
     0.9        4 0.451333 0.479172
    0.95        4 0.458667 0.485299
    0.99        4    0.462 0.495616
   0.999        4    0.462 0.499507
  0.9999        4    0.462  0.49995