        0      0.05  0.482667  0.493333
      0.2      0.05     0.482     0.493
      0.4      0.05     0.482     0.493
      0.6      0.05     0.482     0.493
      0.8      0.05     0.482     0.493
      0.9      0.05     0.482     0.493
     0.95      0.05     0.482     0.493
     0.99      0.05     0.482     0.493
    0.999      0.05     0.482     0.493
   0.9999      0.05     0.482     0.493
        0       0.1  0.482667  0.493333
      0.2       0.1  0.126667  0.126436
      0.4       0.1  0.119333  0.119901
      0.6       0.1  0.112667  0.116407
      0.8       0.1  0.113333  0.113548
      0.9       0.1     0.114  0.111457
     0.95       0.1     0.106  0.108878
     0.99       0.1  0.100667  0.102551
    0.999       0.1 0.0993333 0.0994998
   0.9999       0.1 0.0993333 0.0990978
        0      0.15  0.482667  0.493333
      0.2      0.15  0.141333  0.141492
      0.4      0.15  0.129333  0.131198
      0.6      0.15  0.121333  0.123252
      0.8      0.15  0.120667  0.116976
      0.9      0.15     0.104  0.111447
     0.95      0.15  0.102667  0.106222
     0.99      0.15       0.1  0.101093
    0.999      0.15     0.106  0.104532
   0.9999      0.15  0.104667  0.102855
        0       0.2  0.482667  0.493333
      0.2       0.2  0.160667  0.163962
      0.4       0.2      0.14  0.145445
      0.6       0.2  0.129333  0.132506
      0.8       0.2  0.119333  0.121344
      0.9       0.2     0.112  0.113958
     0.95       0.2  0.104667  0.108555
     0.99       0.2  0.111333  0.107399
    0.999       0.2     0.104  0.109112
   0.9999       0.2  0.120667  0.131655
        0       0.3  0.482667  0.493333
      0.2       0.3     0.196  0.196372
      0.4       0.3     0.172  0.177576
      0.6       0.3  0.144667  0.157723
      0.8       0.3  0.121333  0.137001
      0.9       0.3  0.117333  0.127837
     0.95       0.3     0.104  0.126555
     0.99       0.3     0.108  0.144263
    0.999       0.3  0.134667  0.206307
   0.9999       0.3      0.12  0.330177
        0       0.4  0.482667  0.493333
      0.2       0.4  0.191333  0.210922
      0.4       0.4  0.171333  0.195085
      0.6       0.4  0.146667  0.178803
      0.8       0.4  0.115333  0.162733
      0.9       0.4      0.09  0.160611
     0.95       0.4     0.082  0.171988
     0.99       0.4 0.0786667  0.249771
    0.999       0.4  0.124667  0.423717
   0.9999       0.4  0.487333  0.489285
        0       0.5  0.482667  0.493333
      0.2       0.5     0.168  0.218876
      0.4       0.5  0.152667  0.211152
      0.6       0.5  0.124667  0.205901
      0.8       0.5 0.0926667  0.212444
      0.9       0.5     0.068  0.238561
     0.95       0.5 0.0633333  0.282337
     0.99       0.5 0.0913333  0.405707
    0.999       0.5     0.474  0.486057
   0.9999       0.5  0.489333  0.497728
        0       0.6  0.482667  0.493333
      0.2       0.6  0.141333  0.234264
      0.4       0.6  0.122667  0.238827
      0.6       0.6  0.105333  0.250833
      0.8       0.6 0.0773333  0.286305
      0.9       0.6 0.0633333  0.335144
     0.95       0.6 0.0646667  0.386191
     0.99       0.6     0.282  0.465447
    0.999       0.6     0.484  0.495285
   0.9999       0.6  0.489333  0.498894
        0       0.7  0.482667  0.493333
      0.2       0.7  0.123333  0.261844
      0.4       0.7  0.107333  0.276287
      0.6       0.7     0.092  0.300954
      0.8       0.7 0.0686667  0.350436
      0.9       0.7 0.0626667  0.398998
     0.95       0.7 0.0993333  0.437458
     0.99       0.7  0.403333  0.482867
    0.999       0.7  0.483333  0.497517
   0.9999       0.7  0.489333  0.499281
        0       0.8  0.482667  0.493333
      0.2       0.8  0.113333  0.296001
      0.4       0.8 0.0993333  0.316085
      0.6       0.8     0.084  0.346062
      0.8       0.8 0.0653333  0.395495
      0.9       0.8      0.08  0.434836
     0.95       0.8  0.147333   0.46144
     0.99       0.8  0.446667   0.48939
    0.999       0.8  0.482667  0.498351
   0.9999       0.8  0.489333  0.499476
        0       0.9  0.482667  0.493333
      0.2       0.9 0.0993333  0.330074
      0.4       0.9     0.092   0.35207
      0.6       0.9 0.0826667  0.381977
      0.8       0.9     0.072  0.425158
      0.9       0.9 0.0973333  0.455166
     0.95       0.9     0.192  0.473707
     0.99       0.9  0.464667  0.492398
    0.999       0.9  0.482667  0.498756
   0.9999       0.9  0.489333  0.499596
        0         1  0.482667  0.493333
      0.2         1 0.0926667  0.359999
      0.4         1 0.0846667  0.381417
      0.6         1 0.0806667  0.408585
      0.8         1     0.076  0.444345
      0.9         1  0.113333  0.467102
     0.95         1  0.220667  0.480476
     0.99         1  0.474667  0.493976
    0.999         1  0.482667  0.498984
   0.9999         1  0.489333  0.499676
        0         2  0.482667  0.493333
      0.2         2     0.086  0.465004
      0.4         2     0.084  0.471663
      0.6         2 0.0813333  0.478646
      0.8         2 0.0866667  0.486075
      0.9         2  0.161333  0.490191
     0.95         2  0.309333  0.492732
     0.99         2  0.482667  0.496722
    0.999         2  0.482667  0.499452
   0.9999         2  0.482667  0.499897
        0         4  0.482667  0.493333
      0.2         4     0.088  0.486761
      0.4         4 0.0866667  0.488419
      0.6         4 0.0826667  0.490129
      0.8         4  0.101333  0.491991
      0.9         4  0.173333  0.493203
     0.95         4  0.321333  0.494257
     0.99         4  0.482667  0.497042
    0.999         4  0.482667  0.499517
   0.9999         4  0.482667  0.499938