       0     0.05 0.495333 0.496667
     0.2     0.05 0.495333 0.496667
     0.4     0.05 0.495333 0.496667
     0.6     0.05 0.495333 0.496667
     0.8     0.05 0.495333 0.496667
     0.9     0.05 0.495333 0.496667
    0.95     0.05 0.495333 0.496667
    0.99     0.05 0.495333 0.496667
   0.999     0.05 0.495333 0.496667
  0.9999     0.05 0.495333 0.496667
       0      0.1 0.495333 0.496667
     0.2      0.1 0.450667 0.444053
     0.4      0.1 0.445333 0.443044
     0.6      0.1 0.446667 0.444213
     0.8      0.1 0.451333 0.448503
     0.9      0.1 0.452667 0.450996
    0.95      0.1    0.456  0.45225
    0.99      0.1 0.458667 0.456829
   0.999      0.1 0.459333 0.461929
  0.9999      0.1 0.465333 0.467323
       0     0.15 0.495333 0.496667
     0.2     0.15 0.432667 0.434319
     0.4     0.15    0.448 0.446186
     0.6     0.15    0.452 0.451943
     0.8     0.15 0.455333 0.456269
     0.9     0.15 0.454667 0.458854
    0.95     0.15    0.458 0.461025
    0.99     0.15 0.468667 0.466493
   0.999     0.15 0.476667 0.474467
  0.9999     0.15 0.482667 0.480278
       0      0.2 0.495333 0.496667
     0.2      0.2    0.396 0.413452
     0.4      0.2 0.412667 0.430538
     0.6      0.2 0.438667 0.444576
     0.8      0.2 0.448667 0.455819
     0.9      0.2 0.446667 0.461914
    0.95      0.2 0.459333 0.466725
    0.99      0.2 0.479333 0.476152
   0.999      0.2 0.487333 0.484809
  0.9999      0.2 0.493333 0.491116
       0      0.3 0.495333 0.496667
     0.2      0.3 0.358667 0.401738
     0.4      0.3 0.369333 0.417787
     0.6      0.3 0.396667 0.435159
     0.8      0.3    0.444 0.455655
     0.9      0.3 0.470667 0.469145
    0.95      0.3 0.486667 0.478327
    0.99      0.3 0.492667 0.490038
   0.999      0.3 0.495333 0.496009
  0.9999      0.3 0.498667 0.498419
       0      0.4 0.495333 0.496667
     0.2      0.4 0.348667 0.408037
     0.4      0.4 0.346667 0.423596
     0.6      0.4    0.346 0.441258
     0.8      0.4    0.372 0.463115
     0.9      0.4 0.435333 0.477132
    0.95      0.4 0.477333  0.48576
    0.99      0.4 0.491333 0.494573
   0.999      0.4 0.495333 0.498421
  0.9999      0.4 0.498667 0.499653
       0      0.5 0.495333 0.496667
     0.2      0.5 0.359333 0.422843
     0.4      0.5 0.350667 0.437212
     0.6      0.5 0.347333 0.453255
     0.8      0.5    0.344 0.472174
     0.9      0.5 0.341333 0.483446
    0.95      0.5    0.358 0.489855
    0.99      0.5 0.465333 0.496004
   0.999      0.5 0.495333 0.499038
  0.9999      0.5 0.495333 0.499867
       0      0.6 0.495333 0.496667
     0.2      0.6 0.356667 0.439465
     0.4      0.6 0.359333 0.451563
     0.6      0.6 0.356667 0.464753
     0.8      0.6 0.355333 0.479547
     0.9      0.6 0.353333 0.487823
    0.95      0.6 0.357333 0.492327
    0.99      0.6 0.467333 0.496719
   0.999      0.6    0.498 0.499268
  0.9999      0.6    0.498 0.499924
       0      0.7 0.495333 0.496667
     0.2      0.7    0.356 0.453275
     0.4      0.7 0.355333 0.462979
     0.6      0.7 0.355333  0.47332
     0.8      0.7    0.356 0.484508
     0.9      0.7 0.352667 0.490545
    0.95      0.7 0.397333 0.493782
    0.99      0.7    0.498 0.497119
   0.999      0.7    0.498 0.499378
  0.9999      0.7    0.498 0.499945
       0      0.8 0.495333 0.496667
     0.2      0.8 0.350667 0.463422
     0.4      0.8 0.348667 0.471118
     0.6      0.8 0.349333 0.479183
     0.8      0.8 0.354667 0.487718
     0.9      0.8 0.372667 0.492242
    0.95      0.8     0.42  0.49467
    0.99      0.8    0.498  0.49736
   0.999      0.8    0.498 0.499438
  0.9999      0.8    0.498 0.499953
       0      0.9 0.495333 0.496667
     0.2      0.9    0.348 0.470661
     0.4      0.9 0.348667 0.476812
     0.6      0.9 0.346667 0.483187
     0.8      0.9    0.358 0.489845
     0.9      0.9    0.384 0.493346
    0.95      0.9    0.448 0.495243
    0.99      0.9    0.498 0.497514
   0.999      0.9    0.498 0.499473
  0.9999      0.9    0.498 0.499957
       0        1 0.495333 0.496667
     0.2        1 0.348667 0.475866
     0.4        1    0.346 0.480856
     0.6        1    0.346 0.485989
     0.8        1 0.360667 0.491308
     0.9        1 0.394667 0.494098
    0.95        1 0.466667 0.495631
    0.99        1    0.498 0.497618
   0.999        1    0.498 0.499496
  0.9999        1    0.498 0.499958
       0        2 0.495333 0.496667
     0.2        2    0.352 0.491825
     0.4        2 0.350667 0.493036
     0.6        2 0.353333 0.494263
     0.8        2 0.378667 0.495531
     0.9        2    0.434 0.496242
    0.95        2 0.495333 0.496729
    0.99        2    0.498  0.49791
   0.999        2    0.498 0.499552
  0.9999        2    0.498 0.499955
       0        4 0.495333 0.496667
     0.2        4 0.351333  0.49549
     0.4        4    0.354 0.495794
     0.6        4 0.357333 0.496108
     0.8        4 0.386667 0.496457
     0.9        4     0.45 0.496707
    0.95        4 0.496667 0.496966
    0.99        4    0.498 0.497973
   0.999        4    0.498 0.499562
  0.9999        4    0.498 0.499952