        0      0.05      0.78  0.777778
      0.2      0.05  0.107333  0.130701
      0.4      0.05     0.104  0.130166
      0.6      0.05  0.102667  0.129097
      0.8      0.05  0.102667  0.127509
      0.9      0.05  0.100667  0.127017
     0.95      0.05       0.1  0.124837
     0.99      0.05       0.1  0.124878
    0.999      0.05       0.1  0.124888
   0.9999      0.05       0.1  0.123778
        0       0.1      0.78  0.777778
      0.2       0.1 0.0673333 0.0663361
      0.4       0.1 0.0613333 0.0605091
      0.6       0.1      0.06 0.0597311
      0.8       0.1      0.06 0.0595805
      0.9       0.1      0.06 0.0595622
     0.95       0.1      0.06 0.0595546
     0.99       0.1      0.06 0.0595181
    0.999       0.1      0.06 0.0594775
   0.9999       0.1 0.0586667 0.0580644
        0      0.15      0.78  0.777778
      0.2      0.15 0.0653333 0.0653267
      0.4      0.15 0.0653333 0.0638665
      0.6      0.15 0.0593333 0.0592057
      0.8      0.15     0.058 0.0585648
      0.9      0.15     0.058 0.0584315
     0.95      0.15     0.058 0.0583358
     0.99      0.15 0.0566667 0.0568958
    0.999      0.15     0.056 0.0565491
   0.9999      0.15     0.056 0.0561573
        0       0.2      0.78  0.777778
      0.2       0.2     0.064 0.0651114
      0.4       0.2 0.0653333 0.0650695
      0.6       0.2 0.0593333 0.0606964
      0.8       0.2     0.058  0.058851
      0.9       0.2     0.058 0.0585357
     0.95       0.2 0.0566667  0.057302
     0.99       0.2     0.056 0.0566725
    0.999       0.2 0.0526667 0.0548839
   0.9999       0.2 0.0553333 0.0555598
        0       0.3      0.78  0.777778
      0.2       0.3      0.08  0.082367
      0.4       0.3     0.074 0.0744912
      0.6       0.3     0.064 0.0664603
      0.8       0.3 0.0593333  0.060055
      0.9       0.3     0.058 0.0580257
     0.95       0.3     0.058 0.0574058
     0.99       0.3     0.056 0.0573879
    0.999       0.3     0.056 0.0575478
   0.9999       0.3 0.0546667 0.0638663
        0       0.4      0.78  0.777778
      0.2       0.4  0.107333  0.107162
      0.4       0.4     0.086 0.0892456
      0.6       0.4 0.0726667 0.0776828
      0.8       0.4     0.064 0.0687218
      0.9       0.4 0.0586667 0.0628978
     0.95       0.4 0.0593333 0.0622511
     0.99       0.4 0.0566667 0.0664166
    0.999       0.4 0.0546667 0.0874093
   0.9999       0.4     0.054  0.126423
        0       0.5      0.78  0.777778
      0.2       0.5  0.126667    0.1312
      0.4       0.5     0.106  0.111537
      0.6       0.5     0.088 0.0966368
      0.8       0.5 0.0706667  0.084046
      0.9       0.5     0.066 0.0803923
     0.95       0.5 0.0666667 0.0820934
     0.99       0.5     0.066  0.100992
    0.999       0.5  0.112667  0.153719
   0.9999       0.5  0.189333  0.214526
        0       0.6      0.78  0.777778
      0.2       0.6  0.134667  0.150284
      0.4       0.6  0.123333  0.135467
      0.6       0.6  0.105333  0.121803
      0.8       0.6 0.0846667  0.111625
      0.9       0.6 0.0826667  0.111286
     0.95       0.6 0.0866667  0.118768
     0.99       0.6 0.0993333  0.161953
    0.999       0.6  0.184667   0.29229
   0.9999       0.6  0.330667  0.515781
        0       0.7      0.78  0.777778
      0.2       0.7  0.142667  0.172447
      0.4       0.7  0.129333  0.161262
      0.6       0.7  0.116667  0.153313
      0.8       0.7     0.094  0.151863
      0.9       0.7     0.098  0.163692
     0.95       0.7 0.0986667  0.188159
     0.99       0.7  0.147333  0.298261
    0.999       0.7  0.320667  0.543195
   0.9999       0.7  0.483333   0.72861
        0       0.8      0.78  0.777778
      0.2       0.8      0.15  0.200597
      0.4       0.8  0.137333  0.195645
      0.6       0.8  0.120667  0.196923
      0.8       0.8     0.106  0.214253
      0.9       0.8  0.107333  0.250418
     0.95       0.8  0.121333  0.305472
     0.99       0.8  0.200667  0.482249
    0.999       0.8     0.446  0.701849
   0.9999       0.8     0.724  0.802091
        0       0.9      0.78  0.777778
      0.2       0.9  0.159333  0.237606
      0.4       0.9  0.139333  0.242035
      0.6       0.9     0.126  0.256705
      0.8       0.9  0.121333  0.300085
      0.9       0.9  0.132667  0.363808
     0.95       0.9  0.181333  0.441715
     0.99       0.9  0.330667  0.623096
    0.999       0.9     0.582  0.777399
   0.9999       0.9  0.799333  0.824981
        0         1      0.78  0.777778
      0.2         1  0.162667  0.284513
      0.4         1  0.146667  0.299645
      0.6         1  0.143333  0.328917
      0.8         1  0.146667  0.395473
      0.9         1  0.186667  0.475168
     0.95         1  0.221333  0.557309
     0.99         1  0.445333  0.711458
    0.999         1  0.741333  0.810974
   0.9999         1  0.833333  0.830773
        0         2      0.78  0.777778
      0.2         2  0.325333  0.692083
      0.4         2  0.360667  0.710972
      0.6         2       0.4  0.733148
      0.8         2  0.465333  0.761999
      0.9         2     0.576  0.783582
     0.95         2     0.702   0.80051
     0.99         2  0.777333   0.82392
    0.999         2  0.817333  0.832274
   0.9999         2  0.833333  0.833226
        0         4      0.78  0.777778
      0.2         4  0.670667  0.768974
      0.4         4     0.768  0.772758
      0.6         4  0.782667  0.777835
      0.8         4      0.78  0.786929
      0.9         4      0.78  0.797303
     0.95         4      0.78  0.808135
     0.99         4      0.78  0.825861
    0.999         4  0.833333  0.832494
   0.9999         4  0.833333  0.833248