       0     0.05 0.495333 0.496667
     0.2     0.05 0.495333 0.496667
     0.4     0.05 0.495333 0.496667
     0.6     0.05 0.495333 0.496667
     0.8     0.05 0.495333 0.496667
     0.9     0.05 0.495333 0.496667
    0.95     0.05 0.495333 0.496667
    0.99     0.05 0.495333 0.496667
   0.999     0.05 0.495333 0.496667
  0.9999     0.05 0.495333 0.496667
       0      0.1 0.495333 0.496667
     0.2      0.1    0.492 0.491249
     0.4      0.1 0.497333 0.494948
     0.6      0.1 0.497333   0.4975
     0.8      0.1      0.5 0.498788
     0.9      0.1 0.500667 0.498752
    0.95      0.1    0.498 0.498363
    0.99      0.1 0.496667 0.497843
   0.999      0.1 0.499333 0.497159
  0.9999      0.1 0.499333 0.496663
       0     0.15 0.495333 0.496667
     0.2     0.15 0.486667 0.483118
     0.4     0.15 0.488667 0.488667
     0.6     0.15 0.489333  0.49155
     0.8     0.15 0.493333 0.493162
     0.9     0.15 0.496667 0.493536
    0.95     0.15 0.501333 0.493691
    0.99     0.15    0.498 0.493401
   0.999     0.15 0.492667 0.491957
  0.9999     0.15 0.494667 0.491012
       0      0.2 0.495333 0.496667
     0.2      0.2 0.473333 0.472801
     0.4      0.2 0.491333  0.47956
     0.6      0.2 0.496667 0.484213
     0.8      0.2 0.496667 0.487326
     0.9      0.2     0.49 0.488362
    0.95      0.2 0.489333  0.48884
    0.99      0.2 0.493333 0.489613
   0.999      0.2 0.496667 0.491618
  0.9999      0.2 0.496667 0.494516
       0      0.3 0.495333 0.496667
     0.2      0.3 0.459333 0.454925
     0.4      0.3 0.466667 0.463626
     0.6      0.3 0.484667 0.471336
     0.8      0.3    0.488 0.479585
     0.9      0.3 0.489333 0.484898
    0.95      0.3 0.492667 0.488714
    0.99      0.3    0.494 0.494489
   0.999      0.3 0.499333  0.49877
  0.9999      0.3 0.501333 0.500401
       0      0.4 0.495333 0.496667
     0.2      0.4 0.454667 0.449955
     0.4      0.4 0.466667 0.459007
     0.6      0.4 0.480667 0.468392
     0.8      0.4 0.490667 0.479535
     0.9      0.4    0.494 0.486767
    0.95      0.4 0.494667 0.491477
    0.99      0.4    0.498 0.497075
   0.999      0.4 0.500667 0.499941
  0.9999      0.4 0.501333 0.500605
       0      0.5 0.495333 0.496667
     0.2      0.5 0.448667  0.45606
     0.4      0.5    0.464 0.464354
     0.6      0.5 0.481333 0.473229
     0.8      0.5 0.493333 0.483579
     0.9      0.5 0.494667 0.489873
    0.95      0.5    0.498 0.493627
    0.99      0.5    0.498  0.49778
   0.999      0.5 0.501333 0.500015
  0.9999      0.5 0.501333 0.500471
       0      0.6 0.495333 0.496667
     0.2      0.6 0.446667 0.465065
     0.4      0.6 0.462667 0.471959
     0.6      0.6    0.486 0.479329
     0.8      0.6 0.494667 0.487572
     0.9      0.6    0.498 0.492266
    0.95      0.6    0.498  0.49494
    0.99      0.6    0.498 0.498023
   0.999      0.6 0.501333 0.499962
  0.9999      0.6 0.501333 0.500355
       0      0.7 0.495333 0.496667
     0.2      0.7 0.445333 0.472918
     0.4      0.7 0.464667  0.47836
     0.6      0.7     0.49 0.484105
     0.8      0.7 0.497333 0.490322
     0.9      0.7    0.498 0.493738
    0.95      0.7    0.498 0.495671
    0.99      0.7    0.498 0.498105
   0.999      0.7 0.501333 0.499898
  0.9999      0.7 0.501333 0.500268
       0      0.8 0.495333 0.496667
     0.2      0.8 0.453333 0.478721
     0.4      0.8 0.466667 0.482965
     0.6      0.8 0.490667 0.487392
     0.8      0.8    0.498 0.492091
     0.9      0.8    0.498 0.494635
    0.95      0.8    0.498 0.496094
    0.99      0.8    0.498 0.498127
   0.999      0.8 0.500667 0.499843
  0.9999      0.8 0.501333 0.500205
       0      0.9 0.495333 0.496667
     0.2      0.9 0.454667 0.482821
     0.4      0.9 0.469333 0.486161
     0.6      0.9 0.492667 0.489617
     0.8      0.9    0.498 0.493246
     0.9      0.9    0.498 0.495205
    0.95      0.9    0.498 0.496353
    0.99      0.9    0.498 0.498127
   0.999      0.9      0.5 0.499797
  0.9999      0.9 0.501333 0.500157
       0        1 0.495333 0.496667
     0.2        1 0.455333 0.485726
     0.4        1    0.474 0.488401
     0.6        1    0.494 0.491154
     0.8        1    0.498 0.494027
     0.9        1    0.498 0.495583
    0.95        1    0.498 0.496521
    0.99        1    0.498 0.498118
   0.999        1    0.498 0.499761
  0.9999        1 0.501333 0.500122
       0        2 0.495333 0.496667
     0.2        2 0.461333 0.494249
     0.4        2 0.475333 0.494869
     0.6        2    0.496 0.495503
     0.8        2    0.498 0.496178
     0.9        2    0.498 0.496595
    0.95        2    0.498 0.496943
    0.99        2    0.498 0.498038
   0.999        2    0.498 0.499621
  0.9999        2 0.501333 0.499996
       0        4 0.495333 0.496667
     0.2        4 0.464667  0.49609
     0.4        4 0.474667 0.496247
     0.6        4    0.496 0.496414
     0.8        4    0.498 0.496617
     0.9        4    0.498 0.496794
    0.95        4    0.498 0.497019
    0.99        4    0.498 0.498005
   0.999        4    0.498 0.499579
  0.9999        4    0.498 0.499962