        0      0.05     0.486  0.496667
      0.2      0.05     0.486  0.496667
      0.4      0.05     0.486  0.496667
      0.6      0.05     0.486  0.496667
      0.8      0.05     0.486  0.496667
      0.9      0.05     0.486  0.496667
     0.95      0.05     0.486  0.496667
     0.99      0.05     0.486  0.496667
    0.999      0.05     0.486  0.496667
   0.9999      0.05     0.486  0.496667
        0       0.1     0.486  0.496667
      0.2       0.1     0.122  0.123858
      0.4       0.1  0.122667  0.122911
      0.6       0.1  0.121333  0.121664
      0.8       0.1      0.12  0.120065
      0.9       0.1  0.118667  0.119048
     0.95       0.1  0.118667  0.118253
     0.99       0.1  0.117333  0.117178
    0.999       0.1  0.114667  0.117083
   0.9999       0.1     0.116  0.115343
        0      0.15     0.486  0.496667
      0.2      0.15  0.119333  0.124048
      0.4      0.15  0.123333  0.123676
      0.6      0.15      0.12  0.121883
      0.8      0.15  0.118667  0.119105
      0.9      0.15  0.118667  0.117338
     0.95      0.15  0.119333  0.117101
     0.99      0.15      0.12  0.113271
    0.999      0.15 0.0913333  0.099019
   0.9999      0.15 0.0946667  0.104606
        0       0.2     0.486  0.496667
      0.2       0.2  0.122667  0.130057
      0.4       0.2      0.12   0.12577
      0.6       0.2      0.12  0.122173
      0.8       0.2  0.113333  0.118153
      0.9       0.2  0.113333  0.116333
     0.95       0.2      0.11  0.114756
     0.99       0.2  0.102667  0.110274
    0.999       0.2     0.128   0.13004
   0.9999       0.2     0.178  0.172094
        0       0.3     0.486  0.496667
      0.2       0.3     0.132  0.141924
      0.4       0.3     0.128  0.138737
      0.6       0.3  0.121333  0.135293
      0.8       0.3  0.116667  0.131168
      0.9       0.3     0.112  0.129258
     0.95       0.3  0.115333  0.130335
     0.99       0.3  0.136667  0.148235
    0.999       0.3  0.187333  0.207765
   0.9999       0.3     0.178  0.324895
        0       0.4     0.486  0.496667
      0.2       0.4  0.134667  0.157237
      0.4       0.4  0.127333  0.152838
      0.6       0.4     0.122  0.149487
      0.8       0.4  0.119333  0.147887
      0.9       0.4  0.114667  0.151626
     0.95       0.4  0.116667   0.16223
     0.99       0.4     0.112  0.229692
    0.999       0.4 0.0526667  0.414747
   0.9999       0.4 0.0953333  0.488882
        0       0.5     0.486  0.496667
      0.2       0.5  0.126667  0.184767
      0.4       0.5  0.115333  0.182101
      0.6       0.5  0.110667  0.182983
      0.8       0.5  0.109333  0.193668
      0.9       0.5     0.102  0.218388
     0.95       0.5 0.0953333  0.260306
     0.99       0.5     0.074  0.391825
    0.999       0.5  0.174667  0.484604
   0.9999       0.5     0.504  0.498546
        0       0.6     0.486  0.496667
      0.2       0.6  0.129333  0.221619
      0.4       0.6     0.114  0.227031
      0.6       0.6     0.108   0.24003
      0.8       0.6       0.1  0.275337
      0.9       0.6 0.0966667  0.324255
     0.95       0.6 0.0906667  0.377213
     0.99       0.6  0.127333  0.462771
    0.999       0.6  0.488667  0.495768
   0.9999       0.6  0.510667  0.499818
        0       0.7     0.486  0.496667
      0.2       0.7     0.134  0.263016
      0.4       0.7     0.116  0.276859
      0.6       0.7     0.104  0.300874
      0.8       0.7 0.0973333  0.349469
      0.9       0.7     0.098  0.398015
     0.95       0.7 0.0953333  0.437103
     0.99       0.7  0.230667  0.483519
    0.999       0.7  0.501333  0.498224
   0.9999       0.7      0.51  0.500008
        0       0.8     0.486  0.496667
      0.2       0.8  0.132667  0.303743
      0.4       0.8  0.120667  0.322802
      0.6       0.8  0.105333  0.351488
      0.8       0.8     0.098  0.399249
      0.9       0.8 0.0953333  0.437685
     0.95       0.8     0.098  0.463808
     0.99       0.8     0.204  0.490717
    0.999       0.8  0.499333  0.498925
   0.9999       0.8  0.507333  0.499973
        0       0.9     0.486  0.496667
      0.2       0.9  0.129333  0.339929
      0.4       0.9  0.123333  0.360685
      0.6       0.9  0.114667  0.389008
      0.8       0.9  0.110667   0.43017
      0.9       0.9     0.102  0.458949
     0.95       0.9 0.0986667   0.47666
     0.99       0.9       0.1  0.493749
    0.999       0.9  0.199333  0.499171
   0.9999       0.9  0.501333  0.499917
        0         1     0.486  0.496667
      0.2         1  0.130667  0.369919
      0.4         1     0.124  0.390024
      0.6         1  0.120667  0.415586
      0.8         1  0.116667  0.449393
      0.9         1     0.118  0.470947
     0.95         1  0.125333  0.483451
     0.99         1  0.227333  0.495234
    0.999         1     0.486   0.49928
   0.9999         1     0.486  0.499881
        0         2     0.486  0.496667
      0.2         2  0.146667  0.470391
      0.4         2  0.142667  0.476519
      0.6         2  0.144667  0.482933
      0.8         2     0.152  0.489684
      0.9         2     0.218  0.493259
     0.95         2  0.345333  0.495221
     0.99         2     0.486  0.497632
    0.999         2     0.486  0.499496
   0.9999         2     0.486  0.499892
        0         4     0.486  0.496667
      0.2         4  0.145333  0.490617
      0.4         4  0.151333  0.492113
      0.6         4  0.152667  0.493633
      0.8         4  0.180667  0.495205
      0.9         4  0.268667  0.496073
     0.95         4  0.406667  0.496646
     0.99         4     0.486  0.497914
    0.999         4     0.486  0.499547
   0.9999         4     0.486  0.499933