        0      0.05  0.196667  0.496667
      0.2      0.05  0.196667     0.438
      0.4      0.05  0.196667     0.436
      0.6      0.05  0.196667     0.435
      0.8      0.05  0.196667     0.433
      0.9      0.05  0.196667  0.431333
     0.95      0.05  0.196667     0.428
     0.99      0.05  0.196667  0.422333
    0.999      0.05  0.196667  0.411667
   0.9999      0.05  0.196667  0.408333
        0       0.1  0.196667  0.496667
      0.2       0.1     0.344  0.346718
      0.4       0.1  0.340667  0.343366
      0.6       0.1     0.344  0.342656
      0.8       0.1  0.330667  0.334444
      0.9       0.1  0.326667  0.328606
     0.95       0.1  0.324667  0.326494
     0.99       0.1     0.324  0.323382
    0.999       0.1  0.319333  0.318582
   0.9999       0.1     0.312  0.310893
        0      0.15  0.196667  0.496667
      0.2      0.15  0.352667  0.352424
      0.4      0.15     0.346  0.347889
      0.6      0.15  0.339333  0.339486
      0.8      0.15  0.321333  0.326766
      0.9      0.15  0.320667   0.32244
     0.95      0.15  0.318667  0.319742
     0.99      0.15  0.309333  0.307347
    0.999      0.15  0.283333  0.287534
   0.9999      0.15  0.250667  0.258581
        0       0.2  0.196667  0.496667
      0.2       0.2     0.354  0.357648
      0.4       0.2  0.351333  0.349563
      0.6       0.2     0.338  0.339423
      0.8       0.2  0.315333  0.322029
      0.9       0.2     0.314  0.312737
     0.95       0.2  0.303333  0.302366
     0.99       0.2     0.272  0.274046
    0.999       0.2     0.236  0.243092
   0.9999       0.2  0.226667  0.230619
        0       0.3  0.196667  0.496667
      0.2       0.3  0.371333  0.366841
      0.4       0.3  0.361333  0.354107
      0.6       0.3      0.34  0.335601
      0.8       0.3  0.304667  0.305515
      0.9       0.3     0.286  0.281139
     0.95       0.3  0.259333  0.261834
     0.99       0.3     0.218  0.232246
    0.999       0.3  0.208667  0.220361
   0.9999       0.3     0.208  0.236228
        0       0.4  0.196667  0.496667
      0.2       0.4  0.362667  0.367604
      0.4       0.4  0.356667   0.35731
      0.6       0.4  0.337333  0.338362
      0.8       0.4  0.316667  0.309031
      0.9       0.4  0.303333   0.28937
     0.95       0.4  0.295333  0.279102
     0.99       0.4  0.293333  0.278199
    0.999       0.4  0.325333  0.281648
   0.9999       0.4  0.130667  0.228255
        0       0.5  0.196667  0.496667
      0.2       0.5     0.352  0.371795
      0.4       0.5  0.345333  0.358181
      0.6       0.5  0.332667  0.342535
      0.8       0.5     0.318  0.321599
      0.9       0.5  0.315333  0.309057
     0.95       0.5     0.316  0.302102
     0.99       0.5     0.302  0.290345
    0.999       0.5  0.132667   0.25156
   0.9999       0.5 0.0533333  0.224362
        0       0.6  0.196667  0.496667
      0.2       0.6  0.358667  0.392142
      0.4       0.6     0.334   0.37137
      0.6       0.6  0.322667  0.355404
      0.8       0.6     0.312  0.338037
      0.9       0.6  0.314667  0.326645
     0.95       0.6  0.305333  0.317901
     0.99       0.6  0.250667  0.299654
    0.999       0.6     0.102  0.286332
   0.9999       0.6  0.113333  0.308314
        0       0.7  0.196667  0.496667
      0.2       0.7      0.41  0.413445
      0.4       0.7  0.351333  0.391921
      0.6       0.7  0.318667  0.375762
      0.8       0.7     0.306  0.359797
      0.9       0.7     0.298  0.349775
     0.95       0.7  0.276667  0.342986
     0.99       0.7  0.127333  0.335132
    0.999       0.7     0.108  0.350057
   0.9999       0.7  0.155333  0.388711
        0       0.8  0.196667  0.496667
      0.2       0.8     0.432  0.428775
      0.4       0.8  0.413333  0.410792
      0.6       0.8  0.386667  0.397106
      0.8       0.8      0.31  0.384807
      0.9       0.8     0.282  0.378679
     0.95       0.8  0.265333  0.375735
     0.99       0.8  0.128667  0.378628
    0.999       0.8  0.120667  0.410885
   0.9999       0.8  0.192667  0.438465
        0       0.9  0.196667  0.496667
      0.2       0.9  0.453333  0.441518
      0.4       0.9  0.430667  0.427758
      0.6       0.9  0.421333  0.417503
      0.8       0.9  0.397333  0.409576
      0.9       0.9  0.385333  0.406907
     0.95       0.9  0.362667  0.407067
     0.99       0.9     0.114  0.419499
    0.999       0.9      0.14  0.453261
   0.9999       0.9  0.195333  0.468926
        0         1  0.196667  0.496667
      0.2         1     0.474  0.453232
      0.4         1  0.457333  0.443351
      0.6         1      0.44  0.436191
      0.8         1  0.420667  0.431645
      0.9         1      0.42  0.431583
     0.95         1  0.404667  0.434671
     0.99         1  0.180667  0.453199
    0.999         1      0.14   0.48055
   0.9999         1     0.194  0.489395
        0         2  0.196667  0.496667
      0.2         2  0.588667  0.499781
      0.4         2  0.621333  0.501686
      0.6         2      0.67  0.504854
      0.8         2  0.720667  0.510504
      0.9         2  0.740667  0.515287
     0.95         2  0.762667  0.518708
     0.99         2  0.796667  0.522825
    0.999         2  0.796667  0.525414
   0.9999         2       0.8  0.526104
        0         4  0.196667  0.496667
      0.2         4  0.639333  0.501902
      0.4         4  0.677333  0.502601
      0.6         4  0.707333  0.503425
      0.8         4  0.748667  0.504419
      0.9         4  0.785333  0.505044
     0.95         4  0.796667  0.505496
     0.99         4  0.796667  0.506631
    0.999         4  0.796667  0.508299
   0.9999         4       0.8  0.508728