       0     0.05 0.501333 0.496667
     0.2     0.05 0.511333 0.506333
     0.4     0.05 0.514667 0.504269
     0.6     0.05 0.513333 0.502334
     0.8     0.05    0.514 0.500726
     0.9     0.05 0.512667 0.500495
    0.95     0.05    0.516 0.500641
    0.99     0.05     0.52  0.49999
   0.999     0.05 0.494667 0.499728
  0.9999     0.05 0.495333 0.499861
       0      0.1 0.501333 0.496667
     0.2      0.1    0.512 0.500491
     0.4      0.1 0.511333 0.499983
     0.6      0.1    0.514 0.499853
     0.8      0.1    0.514 0.499896
     0.9      0.1 0.516667  0.49958
    0.95      0.1    0.512 0.499012
    0.99      0.1 0.511333 0.498544
   0.999      0.1    0.492 0.499551
  0.9999      0.1    0.494  0.49988
       0     0.15 0.501333 0.496667
     0.2     0.15 0.507333 0.499292
     0.4     0.15 0.507333 0.499341
     0.6     0.15     0.51  0.49932
     0.8     0.15    0.512 0.498928
     0.9     0.15 0.513333 0.498351
    0.95     0.15 0.512667 0.497938
    0.99     0.15 0.492667 0.498156
   0.999     0.15    0.492 0.499493
  0.9999     0.15 0.495333 0.499859
       0      0.2 0.501333 0.496667
     0.2      0.2 0.508667 0.498938
     0.4      0.2 0.509333 0.498933
     0.6      0.2 0.513333 0.498707
     0.8      0.2    0.516 0.498137
     0.9      0.2 0.517333 0.497674
    0.95      0.2    0.498 0.497467
    0.99      0.2    0.492 0.498004
   0.999      0.2    0.492 0.499452
  0.9999      0.2 0.495333  0.49983
       0      0.3 0.501333 0.496667
     0.2      0.3 0.530667 0.498322
     0.4      0.3 0.529333 0.498075
     0.6      0.3 0.519333 0.497745
     0.8      0.3 0.506667 0.497324
     0.9      0.3 0.494667  0.49712
    0.95      0.3 0.494667 0.497127
    0.99      0.3    0.492 0.497911
   0.999      0.3    0.492 0.499434
  0.9999      0.3 0.495333 0.499818
       0      0.4 0.501333 0.496667
     0.2      0.4 0.507333 0.497721
     0.4      0.4    0.508 0.497503
     0.6      0.4 0.511333 0.497263
     0.8      0.4 0.493333 0.497017
     0.9      0.4 0.494667 0.496948
    0.95      0.4    0.492 0.497042
    0.99      0.4    0.492 0.497911
   0.999      0.4    0.492 0.499457
  0.9999      0.4 0.495333 0.499842
       0      0.5 0.501333 0.496667
     0.2      0.5    0.502 0.497333
     0.4      0.5 0.509333 0.497181
     0.6      0.5 0.511333 0.497026
     0.8      0.5 0.497333  0.49689
     0.9      0.5    0.492 0.496889
    0.95      0.5    0.492 0.497021
    0.99      0.5    0.492 0.497927
   0.999      0.5    0.492 0.499483
  0.9999      0.5 0.494667 0.499868
       0      0.6 0.501333 0.496667
     0.2      0.6 0.502667 0.497108
     0.4      0.6 0.511333 0.497005
     0.6      0.6 0.507333 0.496904
     0.8      0.6    0.496 0.496831
     0.9      0.6    0.492 0.496866
    0.95      0.6    0.492 0.497018
    0.99      0.6    0.492 0.497941
   0.999      0.6    0.492 0.499503
  0.9999      0.6    0.492 0.499887
       0      0.7 0.501333 0.496667
     0.2      0.7    0.502 0.496977
     0.4      0.7    0.512 0.496904
     0.6      0.7     0.51 0.496837
     0.8      0.7 0.496667 0.496801
     0.9      0.7    0.492 0.496857
    0.95      0.7    0.492  0.49702
    0.99      0.7    0.492 0.497952
   0.999      0.7    0.492 0.499517
  0.9999      0.7    0.492 0.499901
       0      0.8 0.501333 0.496667
     0.2      0.8 0.500667 0.496896
     0.4      0.8    0.512 0.496843
     0.6      0.8 0.509333 0.496798
     0.8      0.8 0.493333 0.496785
     0.9      0.8    0.492 0.496853
    0.95      0.8    0.492 0.497023
    0.99      0.8    0.492  0.49796
   0.999      0.8    0.492 0.499527
  0.9999      0.8    0.492 0.499911
       0      0.9 0.501333 0.496667
     0.2      0.9      0.5 0.496843
     0.4      0.9 0.511333 0.496804
     0.6      0.9 0.505333 0.496773
     0.8      0.9 0.493333 0.496776
     0.9      0.9    0.492 0.496852
    0.95      0.9    0.492 0.497025
    0.99      0.9    0.492 0.497966
   0.999      0.9    0.492 0.499534
  0.9999      0.9    0.492 0.499919
       0        1 0.501333 0.496667
     0.2        1 0.498667 0.496807
     0.4        1     0.51 0.496777
     0.6        1    0.504 0.496756
     0.8        1    0.492  0.49677
     0.9        1    0.492 0.496851
    0.95        1    0.492 0.497028
    0.99        1    0.492 0.497971
   0.999        1    0.492  0.49954
  0.9999        1    0.492 0.499924
       0        2 0.501333 0.496667
     0.2        2 0.497333 0.496702
     0.4        2 0.508667 0.496702
     0.6        2 0.501333 0.496712
     0.8        2    0.492 0.496756
     0.9        2    0.492 0.496854
    0.95        2    0.492 0.497037
    0.99        2    0.492 0.497987
   0.999        2    0.492 0.499558
  0.9999        2    0.492 0.499944
       0        4 0.501333 0.496667
     0.2        4 0.496667  0.49668
     0.4        4    0.508 0.496686
     0.6        4    0.502 0.496703
     0.8        4    0.492 0.496754
     0.9        4    0.492 0.496855
    0.95        4    0.492 0.497041
    0.99        4    0.492 0.497991
   0.999        4    0.492 0.499563
  0.9999        4    0.492 0.499949