        0      0.05      0.19      0.49
      0.2      0.05      0.19     0.372
      0.4      0.05      0.19     0.372
      0.6      0.05      0.19     0.372
      0.8      0.05      0.19     0.372
      0.9      0.05      0.19     0.372
     0.95      0.05      0.19     0.372
     0.99      0.05      0.19     0.372
    0.999      0.05      0.19     0.372
   0.9999      0.05      0.19     0.372
        0       0.1      0.19      0.49
      0.2       0.1  0.123333  0.121785
      0.4       0.1  0.119333   0.11651
      0.6       0.1      0.11  0.111498
      0.8       0.1  0.110667  0.109442
      0.9       0.1      0.11  0.108857
     0.95       0.1      0.11  0.108488
     0.99       0.1      0.11  0.108201
    0.999       0.1  0.110667   0.10937
   0.9999       0.1      0.11  0.108972
        0      0.15      0.19      0.49
      0.2      0.15  0.131333  0.129157
      0.4      0.15  0.122667  0.122868
      0.6      0.15  0.122667  0.119161
      0.8      0.15  0.117333  0.113611
      0.9      0.15  0.111333  0.111025
     0.95      0.15      0.11  0.110585
     0.99      0.15  0.111333  0.110649
    0.999      0.15     0.106  0.107731
   0.9999      0.15     0.108  0.106977
        0       0.2      0.19      0.49
      0.2       0.2  0.130667  0.131218
      0.4       0.2  0.128667  0.128237
      0.6       0.2  0.125333  0.123128
      0.8       0.2     0.122   0.11819
      0.9       0.2  0.116667  0.116092
     0.95       0.2  0.113333  0.115028
     0.99       0.2     0.116   0.11235
    0.999       0.2     0.108   0.10854
   0.9999       0.2     0.112  0.102797
        0       0.3      0.19      0.49
      0.2       0.3     0.126  0.132289
      0.4       0.3     0.128  0.132269
      0.6       0.3  0.126667  0.131571
      0.8       0.3  0.123333  0.129404
      0.9       0.3  0.126667  0.126995
     0.95       0.3  0.119333  0.123574
     0.99       0.3  0.101333  0.109233
    0.999       0.3      0.07 0.0893657
   0.9999       0.3  0.126667   0.12456
        0       0.4      0.19      0.49
      0.2       0.4     0.136  0.145741
      0.4       0.4  0.127333  0.139608
      0.6       0.4  0.131333  0.138317
      0.8       0.4  0.130667  0.137639
      0.9       0.4  0.134667  0.136656
     0.95       0.4  0.133333  0.134695
     0.99       0.4 0.0946667  0.131018
    0.999       0.4     0.096  0.153367
   0.9999       0.4 0.0366667  0.137404
        0       0.5      0.19      0.49
      0.2       0.5  0.153333  0.167179
      0.4       0.5  0.138667  0.157964
      0.6       0.5  0.135333  0.154521
      0.8       0.5  0.137333  0.154592
      0.9       0.5     0.136  0.156775
     0.95       0.5     0.138  0.159494
     0.99       0.5  0.120667  0.164853
    0.999       0.5 0.0286667  0.147235
   0.9999       0.5      0.06  0.136158
        0       0.6      0.19      0.49
      0.2       0.6  0.171333  0.191216
      0.4       0.6  0.151333   0.18126
      0.6       0.6  0.144667  0.176908
      0.8       0.6  0.142667  0.176823
      0.9       0.6  0.144667  0.179237
     0.95       0.6  0.136667  0.181444
     0.99       0.6 0.0373333  0.180005
    0.999       0.6 0.0526667  0.170102
   0.9999       0.6  0.185333  0.211262
        0       0.7      0.19      0.49
      0.2       0.7  0.189333  0.214001
      0.4       0.7  0.172667  0.205591
      0.6       0.7  0.163333  0.201425
      0.8       0.7     0.156  0.201057
      0.9       0.7  0.150667   0.20324
     0.95       0.7  0.108667  0.205547
     0.99       0.7     0.036  0.206855
    0.999       0.7  0.169333  0.229491
   0.9999       0.7     0.198  0.259008
        0       0.8      0.19      0.49
      0.2       0.8  0.202667  0.234648
      0.4       0.8  0.191333  0.228858
      0.6       0.8     0.176  0.226334
      0.8       0.8  0.160667  0.227806
      0.9       0.8      0.13  0.232038
     0.95       0.8 0.0666667  0.236693
     0.99       0.8 0.0806667  0.248878
    0.999       0.8  0.192667     0.278
   0.9999       0.8  0.199333  0.290821
        0       0.9      0.19      0.49
      0.2       0.9  0.211333  0.254279
      0.4       0.9  0.198667  0.251609
      0.6       0.9  0.176667  0.251961
      0.8       0.9  0.152667  0.257482
      0.9       0.9  0.108667  0.265305
     0.95       0.9 0.0533333  0.273318
     0.99       0.9  0.153333  0.292598
    0.999       0.9     0.196  0.313836
   0.9999       0.9       0.2  0.319847
        0         1      0.19      0.49
      0.2         1  0.218667   0.27392
      0.4         1  0.201333  0.274679
      0.6         1  0.181333  0.278664
      0.8         1  0.145333  0.289039
      0.9         1      0.09  0.300286
     0.95         1     0.078  0.310622
     0.99         1  0.183333  0.330161
    0.999         1     0.198  0.344328
   0.9999         1       0.2  0.347645
        0         2      0.19      0.49
      0.2         2  0.236667  0.431434
      0.4         2     0.224  0.438417
      0.6         2  0.181333  0.446037
      0.8         2  0.145333  0.454484
      0.9         2  0.182667   0.45939
     0.95         2      0.19  0.462628
     0.99         2      0.19  0.468136
    0.999         2  0.199333  0.471824
   0.9999         2       0.2  0.472405
        0         4      0.19      0.49
      0.2         4     0.272  0.479173
      0.4         4     0.252  0.480705
      0.6         4  0.228667  0.482329
      0.8         4  0.172667  0.484249
      0.9         4      0.19  0.485761
     0.95         4      0.19  0.487339
     0.99         4      0.19  0.491519
    0.999         4      0.19  0.494535
   0.9999         4       0.2  0.494984