       0     0.05     0.47     0.49
     0.2     0.05 0.196667 0.213038
     0.4     0.05 0.197333 0.219095
     0.6     0.05      0.2 0.229706
     0.8     0.05 0.207333 0.256158
     0.9     0.05 0.214667 0.295106
    0.95     0.05    0.242 0.343899
    0.99     0.05 0.302667 0.443777
   0.999     0.05 0.370667 0.491805
  0.9999     0.05     0.48 0.498272
       0      0.1     0.47     0.49
     0.2      0.1 0.201333 0.253835
     0.4      0.1 0.206667 0.271209
     0.6      0.1 0.218667 0.298703
     0.8      0.1 0.254667 0.350446
     0.9      0.1    0.284 0.399174
    0.95      0.1      0.3 0.436642
    0.99      0.1 0.360667 0.481075
   0.999      0.1     0.48  0.49619
  0.9999      0.1     0.48 0.497981
       0     0.15     0.47     0.49
     0.2     0.15    0.228 0.312925
     0.4     0.15 0.247333 0.335349
     0.6     0.15 0.263333 0.366382
     0.8     0.15     0.29 0.412328
     0.9     0.15     0.31 0.445008
    0.95     0.15    0.324 0.465912
    0.99     0.15     0.47 0.488787
   0.999     0.15     0.48  0.49676
  0.9999     0.15     0.48 0.497736
       0      0.2     0.47     0.49
     0.2      0.2 0.262667 0.366179
     0.4      0.2 0.275333 0.387117
     0.6      0.2    0.294 0.412804
     0.8      0.2 0.314667 0.445137
     0.9      0.2 0.325333 0.465282
    0.95      0.2     0.36 0.477582
    0.99      0.2     0.47 0.491503
   0.999      0.2     0.48 0.496968
  0.9999      0.2     0.48 0.497676
       0      0.3     0.47     0.49
     0.2      0.3    0.318 0.436192
     0.4      0.3 0.325333 0.447375
     0.6      0.3 0.331333  0.45948
     0.8      0.3 0.326667 0.473081
     0.9      0.3 0.409333 0.481184
    0.95      0.3     0.47 0.486367
    0.99      0.3     0.47 0.493642
   0.999      0.3     0.48   0.4974
  0.9999      0.3     0.48 0.497929
       0      0.4     0.47     0.49
     0.2      0.4     0.35 0.466423
     0.4      0.4    0.344 0.471387
     0.6      0.4 0.326667 0.476703
     0.8      0.4 0.369333 0.482744
     0.9      0.4     0.47 0.486574
    0.95      0.4     0.47 0.489407
    0.99      0.4     0.47 0.494641
   0.999      0.4     0.48 0.497884
  0.9999      0.4     0.48 0.498355
       0      0.5     0.47     0.49
     0.2      0.5 0.352667 0.478421
     0.4      0.5 0.334667 0.480814
     0.6      0.5    0.332 0.483427
     0.8      0.5 0.449333 0.486536
     0.9      0.5     0.47 0.488752
    0.95      0.5     0.47 0.490724
    0.99      0.5     0.47 0.495231
   0.999      0.5 0.479333 0.498283
  0.9999      0.5     0.48 0.498732
       0      0.6     0.47     0.49
     0.2      0.6    0.348   0.4836
     0.4      0.6    0.336 0.484907
     0.6      0.6    0.348 0.486373
     0.8      0.6 0.468667 0.488237
     0.9      0.6     0.47 0.489776
    0.95      0.6     0.47 0.491393
    0.99      0.6     0.47 0.495605
   0.999      0.6     0.47 0.498576
  0.9999      0.6     0.48 0.499015
       0      0.7     0.47     0.49
     0.2      0.7 0.350667 0.486104
     0.4      0.7 0.332667 0.486902
     0.6      0.7 0.356667 0.487827
     0.8      0.7     0.47 0.489102
     0.9      0.7     0.47 0.490324
    0.95      0.7     0.47 0.491777
    0.99      0.7     0.47 0.495852
   0.999      0.7     0.47 0.498786
  0.9999      0.7     0.48  0.49922
       0      0.8     0.47     0.49
     0.2      0.8 0.350667 0.487443
     0.4      0.8 0.337333 0.487978
     0.6      0.8    0.366 0.488621
     0.8      0.8     0.47 0.489591
     0.9      0.8     0.47 0.490649
    0.95      0.8     0.47 0.492018
    0.99      0.8     0.47 0.496023
   0.999      0.8     0.47 0.498937
  0.9999      0.8     0.48 0.499368
       0      0.9     0.47     0.49
     0.2      0.9 0.353333 0.488221
     0.4      0.9    0.338 0.488608
     0.6      0.9 0.383333 0.489093
     0.8      0.9     0.47  0.48989
     0.9      0.9     0.47 0.490857
    0.95      0.9     0.47 0.492179
    0.99      0.9     0.47 0.496146
   0.999      0.9     0.47 0.499047
  0.9999      0.9     0.48 0.499477
       0        1     0.47     0.49
     0.2        1    0.354 0.488705
     0.4        1 0.340667 0.489003
     0.6        1    0.396 0.489392
     0.8        1     0.47 0.490086
     0.9        1     0.47 0.490998
    0.95        1     0.47 0.492292
    0.99        1     0.47 0.496236
   0.999        1     0.47  0.49913
  0.9999        1     0.48 0.499559
       0        2     0.47     0.49
     0.2        2    0.356 0.489826
     0.4        2 0.347333 0.489936
     0.6        2 0.447333 0.490125
     0.8        2     0.47 0.490605
     0.9        2     0.47 0.491406
    0.95        2     0.47 0.492642
    0.99        2     0.47 0.496539
   0.999        2     0.47 0.499419
  0.9999        2     0.48 0.499846
       0        4     0.47     0.49
     0.2        4    0.356 0.490001
     0.4        4 0.351333 0.490088
     0.6        4 0.455333 0.490254
     0.8        4     0.47 0.490709
     0.9        4     0.47 0.491497
    0.95        4     0.47 0.492727
    0.99        4     0.47 0.496619
   0.999        4     0.47 0.499497
  0.9999        4     0.47 0.499924