       0     0.05 0.494667     0.49
     0.2     0.05 0.503333 0.497759
     0.4     0.05    0.504 0.497545
     0.6     0.05 0.503333 0.497485
     0.8     0.05    0.502 0.497361
     0.9     0.05 0.512667 0.497071
    0.95     0.05    0.514 0.496916
    0.99     0.05 0.512667 0.498096
   0.999     0.05    0.506 0.499709
  0.9999     0.05    0.502 0.499978
       0      0.1 0.494667     0.49
     0.2      0.1 0.506667 0.495519
     0.4      0.1    0.512  0.49548
     0.6      0.1 0.515333 0.495242
     0.8      0.1    0.502 0.494717
     0.9      0.1 0.507333 0.494405
    0.95      0.1 0.509333 0.494625
    0.99      0.1 0.506667 0.497096
   0.999      0.1 0.482667 0.499538
  0.9999      0.1 0.495333 0.499923
       0     0.15 0.494667     0.49
     0.2     0.15 0.502667 0.494678
     0.4     0.15 0.497333 0.494437
     0.6     0.15    0.502  0.49404
     0.8     0.15    0.506  0.49345
     0.9     0.15    0.508 0.493286
    0.95     0.15 0.508667 0.493789
    0.99     0.15 0.506667 0.496866
   0.999     0.15 0.509333 0.499545
  0.9999     0.15 0.494667 0.499955
       0      0.2 0.494667     0.49
     0.2      0.2    0.504 0.493816
     0.4      0.2    0.506 0.493493
     0.6      0.2 0.508667 0.493067
     0.8      0.2    0.504 0.492587
     0.9      0.2 0.502667 0.492646
    0.95      0.2    0.506 0.493389
    0.99      0.2 0.499333 0.496794
   0.999      0.2 0.494667 0.499566
  0.9999      0.2 0.504667 0.499986
       0      0.3 0.494667     0.49
     0.2      0.3 0.503333  0.49234
     0.4      0.3    0.502 0.492073
     0.6      0.3 0.503333 0.491789
     0.8      0.3    0.506 0.491646
     0.9      0.3 0.502667  0.49205
    0.95      0.3 0.504667 0.493057
    0.99      0.3 0.494667 0.496743
   0.999      0.3 0.494667 0.499578
  0.9999      0.3 0.504667 0.500003
       0      0.4 0.494667     0.49
     0.2      0.4    0.502 0.491465
     0.4      0.4    0.502 0.491292
     0.6      0.4 0.501333 0.491152
     0.8      0.4 0.499333  0.49124
     0.9      0.4    0.508 0.491816
    0.95      0.4 0.499333 0.492932
    0.99      0.4 0.494667  0.49672
   0.999      0.4 0.494667 0.499571
  0.9999      0.4 0.504667 0.499995
       0      0.5 0.494667     0.49
     0.2      0.5      0.5 0.490967
     0.4      0.5    0.498 0.490869
     0.6      0.5 0.497333 0.490826
     0.8      0.5 0.498667 0.491046
     0.9      0.5 0.496667 0.491707
    0.95      0.5    0.492 0.492872
    0.99      0.5 0.494667 0.496704
   0.999      0.5 0.494667 0.499561
  0.9999      0.5 0.504667 0.499985
       0      0.6 0.494667     0.49
     0.2      0.6 0.497333  0.49068
     0.4      0.6 0.497333 0.490631
     0.6      0.6    0.496 0.490649
     0.8      0.6 0.498667 0.490944
     0.9      0.6 0.500667 0.491649
    0.95      0.6 0.495333 0.492838
    0.99      0.6 0.494667 0.496693
   0.999      0.6 0.494667 0.499553
  0.9999      0.6 0.504667 0.499977
       0      0.7 0.494667     0.49
     0.2      0.7 0.495333 0.490505
     0.4      0.7 0.495333  0.49049
     0.6      0.7 0.496667 0.490546
     0.8      0.7 0.498667 0.490886
     0.9      0.7      0.5 0.491615
    0.95      0.7 0.497333 0.492817
    0.99      0.7 0.494667 0.496684
   0.999      0.7 0.494667 0.499547
  0.9999      0.7 0.494667 0.499971
       0      0.8 0.494667     0.49
     0.2      0.8    0.498 0.490394
     0.4      0.8    0.496 0.490401
     0.6      0.8    0.496 0.490481
     0.8      0.8    0.492 0.490849
     0.9      0.8    0.498 0.491594
    0.95      0.8      0.5 0.492803
    0.99      0.8 0.494667 0.496677
   0.999      0.8 0.494667 0.499542
  0.9999      0.8 0.494667 0.499967
       0      0.9 0.494667     0.49
     0.2      0.9 0.497333 0.490318
     0.4      0.9 0.497333 0.490341
     0.6      0.9    0.494 0.490439
     0.8      0.9 0.490667 0.490825
     0.9      0.9 0.500667 0.491579
    0.95      0.9 0.497333 0.492794
    0.99      0.9 0.494667 0.496671
   0.999      0.9 0.494667 0.499539
  0.9999      0.9 0.494667 0.499964
       0        1 0.494667     0.49
     0.2        1    0.498 0.490265
     0.4        1    0.496 0.490299
     0.6        1    0.494 0.490409
     0.8        1 0.491333 0.490808
     0.9        1 0.496667 0.491569
    0.95        1 0.496667 0.492787
    0.99        1 0.494667 0.496667
   0.999        1 0.494667 0.499536
  0.9999        1 0.494667 0.499961
       0        2 0.494667     0.49
     0.2        2    0.498 0.490102
     0.4        2 0.494667 0.490171
     0.6        2 0.493333 0.490319
     0.8        2    0.492 0.490757
     0.9        2     0.49 0.491537
    0.95        2 0.494667 0.492763
    0.99        2 0.494667 0.496652
   0.999        2 0.494667 0.499527
  0.9999        2 0.494667 0.499953
       0        4 0.494667     0.49
     0.2        4    0.498 0.490063
     0.4        4 0.495333 0.490141
     0.6        4 0.495333 0.490298
     0.8        4    0.492 0.490745
     0.9        4 0.490667 0.491529
    0.95        4 0.494667 0.492757
    0.99        4 0.494667 0.496647
   0.999        4 0.494667 0.499525
  0.9999        4 0.494667 0.499951