       0     0.05     0.83 0.827778
     0.2     0.05    0.676 0.645667
     0.4     0.05    0.676 0.645889
     0.6     0.05 0.675333 0.646333
     0.8     0.05 0.672667 0.647111
     0.9     0.05 0.671333 0.647111
    0.95     0.05 0.670667 0.647111
    0.99     0.05     0.67 0.646111
   0.999     0.05 0.666667 0.646556
  0.9999     0.05 0.666667 0.644889
       0      0.1     0.83 0.827778
     0.2      0.1 0.651333 0.658573
     0.4      0.1 0.651333 0.658599
     0.6      0.1 0.651333 0.658873
     0.8      0.1    0.652 0.659144
     0.9      0.1    0.652 0.659194
    0.95      0.1    0.652 0.659207
    0.99      0.1    0.652 0.659259
   0.999      0.1 0.652667 0.659989
  0.9999      0.1    0.654 0.660813
       0     0.15     0.83 0.827778
     0.2     0.15 0.657333  0.65797
     0.4     0.15 0.657333 0.657373
     0.6     0.15 0.658667 0.658743
     0.8     0.15 0.658667 0.658929
     0.9     0.15 0.659333 0.659123
    0.95     0.15 0.659333 0.659429
    0.99     0.15 0.661333 0.661373
   0.999     0.15     0.67 0.668407
  0.9999     0.15 0.668667 0.668803
       0      0.2     0.83 0.827778
     0.2      0.2 0.658667  0.65722
     0.4      0.2 0.656667 0.656815
     0.6      0.2 0.657333 0.656211
     0.8      0.2 0.659333 0.658165
     0.9      0.2 0.659333 0.659163
    0.95      0.2 0.660667 0.660446
    0.99      0.2     0.67 0.666406
   0.999      0.2 0.668667 0.668441
  0.9999      0.2 0.668667  0.66788
       0      0.3     0.83 0.827778
     0.2      0.3 0.658667 0.656241
     0.4      0.3 0.655333 0.654422
     0.6      0.3 0.651333 0.652683
     0.8      0.3    0.652 0.651855
     0.9      0.3    0.652 0.652119
    0.95      0.3    0.654 0.653902
    0.99      0.3 0.663333 0.657464
   0.999      0.3 0.668667 0.653507
  0.9999      0.3    0.668 0.659492
       0      0.4     0.83 0.827778
     0.2      0.4 0.659333 0.658523
     0.4      0.4 0.657333 0.655202
     0.6      0.4 0.653333 0.652154
     0.8      0.4     0.65 0.649752
     0.9      0.4 0.649333 0.649511
    0.95      0.4 0.651333 0.650172
    0.99      0.4     0.65 0.649683
   0.999      0.4    0.668 0.657684
  0.9999      0.4     0.67 0.662634
       0      0.5     0.83 0.827778
     0.2      0.5 0.670667 0.671997
     0.4      0.5 0.659333 0.656278
     0.6      0.5    0.658  0.65329
     0.8      0.5 0.653333 0.648953
     0.9      0.5     0.65 0.647915
    0.95      0.5 0.650667 0.647328
    0.99      0.5 0.662667 0.649397
   0.999      0.5 0.673333 0.655957
  0.9999      0.5    0.626 0.644918
       0      0.6     0.83 0.827778
     0.2      0.6 0.690667  0.68899
     0.4      0.6 0.663333 0.666232
     0.6      0.6 0.656667 0.653077
     0.8      0.6    0.654 0.647703
     0.9      0.6 0.652667  0.64511
    0.95      0.6 0.653333 0.644597
    0.99      0.6 0.668667 0.648073
   0.999      0.6 0.625333 0.653981
  0.9999      0.6    0.652  0.70561
       0      0.7     0.83 0.827778
     0.2      0.7    0.702 0.694951
     0.4      0.7    0.684 0.678444
     0.6      0.7    0.664 0.660901
     0.8      0.7    0.658 0.649357
     0.9      0.7 0.656667 0.646762
    0.95      0.7     0.66 0.647304
    0.99      0.7    0.662 0.658583
   0.999      0.7    0.682 0.712011
  0.9999      0.7 0.789333  0.77926
       0      0.8     0.83 0.827778
     0.2      0.8 0.710667 0.697871
     0.4      0.8 0.690667 0.685151
     0.6      0.8 0.683333 0.672593
     0.8      0.8 0.672667 0.661457
     0.9      0.8    0.668 0.661386
    0.95      0.8 0.673333 0.667592
    0.99      0.8 0.656667 0.699855
   0.999      0.8 0.783333 0.767406
  0.9999      0.8 0.833333 0.816353
       0      0.9     0.83 0.827778
     0.2      0.9    0.718 0.700175
     0.4      0.9 0.708667 0.691445
     0.6      0.9 0.692667 0.684083
     0.8      0.9 0.687333 0.680199
     0.9      0.9    0.688 0.685632
    0.95      0.9    0.704 0.698057
    0.99      0.9    0.708 0.741461
   0.999      0.9 0.831333 0.802921
  0.9999      0.9 0.833333 0.828541
       0        1     0.83 0.827778
     0.2        1    0.724 0.703452
     0.4        1     0.72 0.698631
     0.6        1 0.716667 0.696017
     0.8        1    0.714 0.699737
     0.9        1 0.707333 0.711314
    0.95        1 0.695333  0.72801
    0.99        1 0.766667 0.773817
   0.999        1 0.832667 0.820295
  0.9999        1 0.833333 0.831615
       0        2     0.83 0.827778
     0.2        2    0.738  0.77553
     0.4        2     0.75 0.783882
     0.6        2 0.772667 0.794558
     0.8        2     0.83 0.808737
     0.9        2     0.83 0.817863
    0.95        2     0.83 0.823307
    0.99        2     0.83 0.829223
   0.999        2 0.833333 0.832558
  0.9999        2 0.833333 0.833246
       0        4     0.83 0.827778
     0.2        4     0.83 0.819701
     0.4        4     0.83 0.821824
     0.6        4     0.83 0.824041
     0.8        4     0.83 0.826396
     0.9        4     0.83 0.827716
    0.95        4     0.83 0.828576
    0.99        4     0.83 0.830401
   0.999        4 0.833333 0.832714
  0.9999        4 0.833333 0.833263