        0      0.05  0.479333      0.49
      0.2      0.05  0.478667  0.489333
      0.4      0.05  0.478667  0.489333
      0.6      0.05  0.478667  0.489333
      0.8      0.05  0.478667  0.489333
      0.9      0.05  0.478667  0.489333
     0.95      0.05  0.478667  0.489333
     0.99      0.05  0.478667  0.489333
    0.999      0.05  0.478667  0.489333
   0.9999      0.05  0.478667  0.489333
        0       0.1  0.479333      0.49
      0.2       0.1     0.074 0.0729897
      0.4       0.1     0.074 0.0741529
      0.6       0.1     0.074  0.074446
      0.8       0.1     0.076 0.0755968
      0.9       0.1     0.076 0.0760667
     0.95       0.1 0.0773333 0.0764519
     0.99       0.1 0.0766667 0.0777078
    0.999       0.1 0.0746667 0.0770964
   0.9999       0.1 0.0746667  0.076462
        0      0.15  0.479333      0.49
      0.2      0.15 0.0693333  0.071882
      0.4      0.15     0.072 0.0723837
      0.6      0.15     0.076 0.0741242
      0.8      0.15     0.076 0.0759136
      0.9      0.15     0.078 0.0762358
     0.95      0.15     0.078 0.0760561
     0.99      0.15 0.0753333 0.0749858
    0.999      0.15 0.0773333 0.0756786
   0.9999      0.15 0.0733333 0.0805754
        0       0.2  0.479333      0.49
      0.2       0.2     0.076 0.0756986
      0.4       0.2 0.0706667 0.0732413
      0.6       0.2 0.0706667 0.0735001
      0.8       0.2 0.0766667 0.0751902
      0.9       0.2 0.0773333 0.0753034
     0.95       0.2     0.074 0.0748203
     0.99       0.2 0.0766667 0.0762054
    0.999       0.2 0.0793333 0.0957606
   0.9999       0.2     0.124   0.13987
        0       0.3  0.479333      0.49
      0.2       0.3 0.0813333 0.0864842
      0.4       0.3     0.076  0.081638
      0.6       0.3 0.0746667 0.0791761
      0.8       0.3 0.0706667 0.0802297
      0.9       0.3 0.0793333 0.0846123
     0.95       0.3     0.076 0.0929128
     0.99       0.3 0.0973333  0.130522
    0.999       0.3  0.113333  0.209541
   0.9999       0.3  0.202667  0.329562
        0       0.4  0.479333      0.49
      0.2       0.4 0.0913333  0.102313
      0.4       0.4 0.0826667 0.0960837
      0.6       0.4     0.078 0.0942646
      0.8       0.4 0.0693333  0.100108
      0.9       0.4 0.0713333  0.115489
     0.95       0.4     0.072  0.140617
     0.99       0.4 0.0693333   0.23856
    0.999       0.4     0.276  0.421545
   0.9999       0.4     0.488  0.488103
        0       0.5  0.479333      0.49
      0.2       0.5  0.100667  0.122984
      0.4       0.5 0.0866667  0.121433
      0.6       0.5 0.0793333  0.126704
      0.8       0.5 0.0746667  0.150166
      0.9       0.5 0.0693333  0.190773
     0.95       0.5 0.0713333  0.246757
     0.99       0.5      0.15  0.391443
    0.999       0.5     0.484  0.483509
   0.9999       0.5  0.489333  0.496808
        0       0.6  0.479333      0.49
      0.2       0.6     0.106  0.150688
      0.4       0.6     0.092  0.159278
      0.6       0.6     0.088  0.179073
      0.8       0.6     0.082  0.229261
      0.9       0.6 0.0893333  0.292786
     0.95       0.6  0.124667  0.357095
     0.99       0.6     0.418  0.456184
    0.999       0.6  0.489333  0.493478
   0.9999       0.6  0.489333  0.497905
        0       0.7  0.479333      0.49
      0.2       0.7       0.1  0.188955
      0.4       0.7 0.0946667  0.207834
      0.6       0.7     0.096  0.240423
      0.8       0.7     0.112  0.304901
      0.9       0.7  0.166667  0.367578
     0.95       0.7  0.242667  0.417289
     0.99       0.7  0.473333  0.476666
    0.999       0.7  0.489333  0.495892
   0.9999       0.7  0.489333   0.49814
        0       0.8  0.479333      0.49
      0.2       0.8  0.100667  0.235526
      0.4       0.8       0.1   0.26096
      0.6       0.8     0.116  0.299187
      0.8       0.8  0.165333  0.362465
      0.9       0.8     0.232  0.413181
     0.95       0.8  0.369333  0.447836
     0.99       0.8  0.478667  0.484912
    0.999       0.8  0.489333  0.496843
   0.9999       0.8  0.489333  0.498288
        0       0.9  0.479333      0.49
      0.2       0.9     0.102  0.282895
      0.4       0.9  0.115333  0.310332
      0.6       0.9  0.143333  0.347791
      0.8       0.9  0.203333  0.402224
      0.9       0.9     0.312   0.44043
     0.95       0.9     0.428  0.464335
     0.99       0.9  0.479333  0.488998
    0.999       0.9  0.489333  0.497403
   0.9999       0.9  0.489333  0.498467
        0         1  0.479333      0.49
      0.2         1  0.112667  0.324466
      0.4         1  0.127333   0.35069
      0.6         1  0.160667  0.384059
      0.8         1     0.238  0.428253
      0.9         1  0.369333  0.456668
     0.95         1  0.463333  0.473621
     0.99         1  0.479333  0.491271
    0.999         1  0.489333    0.4978
   0.9999         1  0.489333  0.498658
        0         2  0.479333      0.49
      0.2         2  0.152667  0.458662
      0.4         2     0.192  0.465977
      0.6         2  0.265333  0.473695
      0.8         2  0.404667  0.482047
      0.9         2  0.479333  0.486909
     0.95         2  0.479333  0.490198
     0.99         2  0.479333  0.495768
    0.999         2  0.479333  0.499102
   0.9999         2  0.489333  0.499585
        0         4  0.479333      0.49
      0.2         4  0.170667  0.482957
      0.4         4  0.220667  0.484761
      0.6         4     0.294   0.48666
      0.8         4     0.436  0.488865
      0.9         4  0.479333  0.490532
     0.95         4  0.479333    0.4922
     0.99         4  0.479333  0.496446
    0.999         4  0.479333   0.49942
   0.9999         4  0.489333  0.499858