       0     0.05 0.495333 0.496667
     0.2     0.05 0.495333 0.496667
     0.4     0.05 0.495333 0.496667
     0.6     0.05 0.495333 0.496667
     0.8     0.05 0.495333 0.496667
     0.9     0.05 0.495333 0.496667
    0.95     0.05 0.495333 0.496667
    0.99     0.05 0.495333 0.496667
   0.999     0.05 0.495333 0.496667
  0.9999     0.05 0.495333 0.496667
       0      0.1 0.495333 0.496667
     0.2      0.1    0.456 0.454847
     0.4      0.1 0.459333 0.459229
     0.6      0.1 0.462667 0.463566
     0.8      0.1 0.467333 0.466365
     0.9      0.1 0.466667  0.46763
    0.95      0.1 0.473333 0.469374
    0.99      0.1 0.474667 0.474267
   0.999      0.1 0.490667 0.484243
  0.9999      0.1 0.486667 0.488682
       0     0.15 0.495333 0.496667
     0.2     0.15 0.440667 0.438304
     0.4     0.15 0.451333 0.451285
     0.6     0.15 0.457333  0.45701
     0.8     0.15 0.466667 0.463625
     0.9     0.15    0.468 0.468906
    0.95     0.15 0.472667 0.473493
    0.99     0.15 0.472667 0.482439
   0.999     0.15    0.474 0.488273
  0.9999     0.15 0.489333 0.492191
       0      0.2 0.495333 0.496667
     0.2      0.2 0.401333 0.416766
     0.4      0.2    0.428 0.432599
     0.6      0.2    0.444 0.445082
     0.8      0.2 0.459333 0.456993
     0.9      0.2 0.467333 0.465176
    0.95      0.2 0.463333 0.471814
    0.99      0.2 0.466667 0.483408
   0.999      0.2 0.491333 0.492164
  0.9999      0.2 0.493333 0.493033
       0      0.3 0.495333 0.496667
     0.2      0.3    0.376 0.414852
     0.4      0.3 0.386667 0.425596
     0.6      0.3 0.402667   0.4375
     0.8      0.3    0.416 0.453951
     0.9      0.3 0.412667 0.466927
    0.95      0.3    0.436 0.476722
    0.99      0.3    0.486  0.49004
   0.999      0.3    0.498 0.497268
  0.9999      0.3      0.5 0.499698
       0      0.4 0.495333 0.496667
     0.2      0.4     0.38 0.429883
     0.4      0.4 0.378667 0.441103
     0.6      0.4    0.384 0.454117
     0.8      0.4     0.39 0.470795
     0.9      0.4 0.392667   0.4818
    0.95      0.4    0.432 0.488626
    0.99      0.4 0.497333 0.495811
   0.999      0.4    0.498 0.499207
  0.9999      0.4 0.501333  0.49999
       0      0.5 0.495333 0.496667
     0.2      0.5 0.393333 0.446457
     0.4      0.5     0.39  0.45644
     0.6      0.5 0.392667 0.467469
     0.8      0.5 0.388667 0.480363
     0.9      0.5 0.403333 0.488011
    0.95      0.5 0.440667   0.4924
    0.99      0.5 0.497333 0.496963
   0.999      0.5    0.498 0.499455
  0.9999      0.5 0.501333 0.499989
       0      0.6 0.495333 0.496667
     0.2      0.6    0.398 0.459867
     0.4      0.6      0.4 0.467804
     0.6      0.6 0.398667 0.476356
     0.8      0.6 0.390667 0.485869
     0.9      0.6     0.41 0.491197
    0.95      0.6 0.461333 0.494159
    0.99      0.6    0.498 0.497414
   0.999      0.6    0.498 0.499531
  0.9999      0.6 0.501333 0.499986
       0      0.7 0.495333 0.496667
     0.2      0.7    0.402 0.469789
     0.4      0.7    0.404 0.475872
     0.6      0.7 0.394667 0.482308
     0.8      0.7 0.393333 0.489251
     0.9      0.7 0.427333 0.493027
    0.95      0.7 0.468667 0.495121
    0.99      0.7    0.498 0.497638
   0.999      0.7    0.498 0.499562
  0.9999      0.7 0.501333 0.499983
       0      0.8 0.495333 0.496667
     0.2      0.8    0.406 0.476644
     0.4      0.8 0.402667 0.481313
     0.6      0.8 0.399333 0.486189
     0.8      0.8    0.402 0.491353
     0.9      0.8 0.434667 0.494127
    0.95      0.8 0.478667 0.495686
    0.99      0.8    0.498  0.49776
   0.999      0.8    0.498 0.499574
  0.9999      0.8 0.501333 0.499979
       0      0.9 0.495333 0.496667
     0.2      0.9 0.408667 0.481337
     0.4      0.9 0.405333 0.484981
     0.6      0.9 0.406667 0.488754
     0.8      0.9    0.408 0.492706
     0.9      0.9    0.446 0.494823
    0.95      0.9    0.484 0.496038
    0.99      0.9    0.498 0.497832
   0.999      0.9    0.498 0.499579
  0.9999      0.9 0.501333 0.499976
       0        1 0.495333 0.496667
     0.2        1 0.410667  0.48461
     0.4        1 0.410667 0.487514
     0.6        1 0.410667 0.490502
     0.8        1 0.415333 0.493615
     0.9        1 0.451333 0.495286
    0.95        1 0.491333 0.496271
    0.99        1    0.498 0.497876
   0.999        1    0.498 0.499581
  0.9999        1 0.500667 0.499972
       0        2 0.495333 0.496667
     0.2        2 0.416667 0.494036
     0.4        2 0.418667   0.4947
     0.6        2    0.418 0.495377
     0.8        2 0.429333 0.496093
     0.9        2 0.459333  0.49653
    0.95        2 0.497333 0.496885
    0.99        2    0.498 0.497975
   0.999        2    0.498 0.499573
  0.9999        2    0.498 0.499957
       0        4 0.495333 0.496667
     0.2        4    0.424 0.496041
     0.4        4     0.42 0.496208
     0.6        4    0.418 0.496385
     0.8        4 0.435333 0.496597
     0.9        4 0.464667 0.496778
    0.95        4 0.497333 0.497005
    0.99        4    0.498 0.497989
   0.999        4    0.498 0.499567
  0.9999        4    0.498 0.499953