       0     0.05 0.496667 0.496667
       0      0.1 0.496667 0.496667
       0     0.15 0.496667 0.496667
       0      0.2 0.496667 0.496667
       0      0.3 0.496667 0.496667
       0      0.4 0.496667 0.496667
       0      0.5 0.496667 0.496667
       0      0.6 0.496667 0.496667
       0      0.7 0.496667 0.496667
       0      0.8 0.496667 0.496667
       0      0.9 0.496667 0.496667
       0        1 0.496667 0.496667
       0        2 0.496667 0.496667
       0        4 0.496667 0.496667
     0.2     0.05 0.382667 0.374333
     0.2      0.1 0.332667  0.33937
     0.2     0.15    0.348 0.337518
     0.2      0.2 0.338667  0.33753
     0.2      0.3    0.334 0.340704
     0.2      0.4 0.309333  0.32136
     0.2      0.5    0.296 0.309315
     0.2      0.6 0.293333 0.313125
     0.2      0.7 0.299333 0.321575
     0.2      0.8    0.302 0.330424
     0.2      0.9 0.305333 0.338868
     0.2        1    0.304 0.347183
     0.2        2 0.354667 0.432592
     0.2        4    0.364 0.484226
     0.4     0.05 0.382667 0.374333
     0.4      0.1 0.333333 0.338539
     0.4     0.15    0.342 0.329799
     0.4      0.2 0.308667 0.317316
     0.4      0.3 0.328667 0.337623
     0.4      0.4 0.326667  0.33613
     0.4      0.5    0.316 0.324155
     0.4      0.6 0.295333 0.317781
     0.4      0.7    0.292 0.322387
     0.4      0.8    0.296 0.330066
     0.4      0.9 0.296667  0.33923
     0.4        1 0.302667 0.349415
     0.4        2    0.354 0.439927
     0.4        4    0.366 0.486858
     0.6     0.05 0.382667 0.374333
     0.6      0.1    0.334 0.337945
     0.6     0.15 0.329333   0.3173
     0.6      0.2 0.300667 0.308686
     0.6      0.3    0.314 0.323534
     0.6      0.4    0.332 0.338549
     0.6      0.5 0.330667 0.337811
     0.6      0.6    0.302 0.331074
     0.6      0.7 0.292667 0.329774
     0.6      0.8    0.298 0.334789
     0.6      0.9 0.297333 0.343002
     0.6        1    0.312 0.354449
     0.6        2 0.355333 0.449336
     0.6        4 0.368667 0.489773
     0.8     0.05 0.382667 0.374667
     0.8      0.1    0.344 0.342673
     0.8     0.15 0.340667 0.326263
     0.8      0.2 0.304667 0.308963
     0.8      0.3 0.303333 0.305532
     0.8      0.4    0.286 0.313153
     0.8      0.5 0.328667 0.332907
     0.8      0.6 0.321333 0.342902
     0.8      0.7    0.292 0.343764
     0.8      0.8    0.294 0.345967
     0.8      0.9    0.342 0.352721
     0.8        1    0.342 0.366376
     0.8        2 0.358667 0.463392
     0.8        4 0.370667 0.493064
     0.9     0.05 0.382667 0.374667
     0.9      0.1 0.342667 0.343017
     0.9     0.15 0.340667 0.327497
     0.9      0.2 0.295333 0.303409
     0.9      0.3 0.307333 0.309915
     0.9      0.4    0.324 0.315388
     0.9      0.5    0.286 0.317516
     0.9      0.6 0.318667 0.343843
     0.9      0.7 0.319333 0.353125
     0.9      0.8    0.338 0.356044
     0.9      0.9    0.338 0.364105
     0.9        1 0.338667 0.381466
     0.9        2 0.361333 0.474906
     0.9        4 0.424667 0.494938
    0.95     0.05 0.382667 0.374667
    0.95      0.1 0.340667 0.341279
    0.95     0.15 0.340667 0.324542
    0.95      0.2 0.295333 0.300586
    0.95      0.3 0.297333 0.303851
    0.95      0.4 0.316667 0.316905
    0.95      0.5 0.282667 0.324256
    0.95      0.6 0.325333 0.348402
    0.95      0.7    0.368 0.360651
    0.95      0.8 0.336667 0.365043
    0.95      0.9 0.336667 0.377876
    0.95        1    0.338 0.398335
    0.95        2 0.362667 0.483618
    0.95        4    0.434 0.496048
    0.99     0.05 0.382667 0.375333
    0.99      0.1 0.340667 0.340656
    0.99     0.15 0.295333  0.30982
    0.99      0.2 0.295333 0.297673
    0.99      0.3 0.264667 0.281221
    0.99      0.4 0.253333 0.306803
    0.99      0.5 0.404667 0.358186
    0.99      0.6    0.384 0.372894
    0.99      0.7    0.384 0.378285
    0.99      0.8 0.385333 0.392065
    0.99      0.9 0.373333 0.414755
    0.99        1    0.414 0.431096
    0.99        2 0.480667 0.494398
    0.99        4 0.447333 0.497734
   0.999     0.05 0.382667 0.375333
   0.999      0.1 0.340667 0.340595
   0.999     0.15 0.295333 0.297131
   0.999      0.2 0.295333 0.285529
   0.999      0.3 0.229333 0.259972
   0.999      0.4     0.39 0.360091
   0.999      0.5    0.402 0.384595
   0.999      0.6      0.4 0.389416
   0.999      0.7 0.388667 0.407789
   0.999      0.8     0.47 0.434261
   0.999      0.9    0.432 0.447873
   0.999        1 0.356667 0.459024
   0.999        2 0.496667 0.499034
   0.999        4 0.496667 0.499514
  0.9999     0.05 0.382667 0.376333
  0.9999      0.1 0.340667 0.339438
  0.9999     0.15 0.295333 0.295575
  0.9999      0.2 0.251333 0.255606
  0.9999      0.3 0.273333 0.305898
  0.9999      0.4 0.407333 0.386876
  0.9999      0.5 0.404667 0.386625
  0.9999      0.6 0.401333 0.411335
  0.9999      0.7 0.501333 0.442615
  0.9999      0.8 0.449333 0.455436
  0.9999      0.9 0.443333 0.466406
  0.9999        1 0.445333 0.483174
  0.9999        2 0.496667  0.49989
  0.9999        4 0.496667 0.499945