       0     0.05 0.488667     0.49
     0.2     0.05 0.488667     0.49
     0.4     0.05 0.488667     0.49
     0.6     0.05 0.488667     0.49
     0.8     0.05 0.488667     0.49
     0.9     0.05 0.488667     0.49
    0.95     0.05 0.488667     0.49
    0.99     0.05 0.488667     0.49
   0.999     0.05 0.488667     0.49
  0.9999     0.05 0.488667     0.49
       0      0.1 0.488667     0.49
     0.2      0.1 0.403333 0.406337
     0.4      0.1    0.408 0.411046
     0.6      0.1     0.42 0.414873
     0.8      0.1    0.422 0.418694
     0.9      0.1 0.420667 0.421732
    0.95      0.1 0.424667 0.423729
    0.99      0.1 0.425333 0.428856
   0.999      0.1     0.43 0.433226
  0.9999      0.1 0.429333 0.433887
       0     0.15 0.488667     0.49
     0.2     0.15 0.388667 0.397478
     0.4     0.15    0.394 0.402035
     0.6     0.15 0.399333  0.40667
     0.8     0.15    0.412 0.413718
     0.9     0.15 0.415333 0.420228
    0.95     0.15    0.418 0.425501
    0.99     0.15    0.426 0.433752
   0.999     0.15 0.432667 0.443424
  0.9999     0.15    0.446 0.455879
       0      0.2 0.488667     0.49
     0.2      0.2 0.384667 0.397221
     0.4      0.2 0.376667 0.399589
     0.6      0.2    0.368 0.404545
     0.8      0.2     0.38 0.413776
     0.9      0.2 0.409333 0.422687
    0.95      0.2    0.418 0.430434
    0.99      0.2 0.419333 0.445966
   0.999      0.2 0.451333 0.467957
  0.9999      0.2 0.468667 0.481162
       0      0.3 0.488667     0.49
     0.2      0.3 0.376667 0.402736
     0.4      0.3 0.386667 0.413147
     0.6      0.3 0.394667  0.42436
     0.8      0.3    0.398 0.441177
     0.9      0.3    0.408 0.455716
    0.95      0.3 0.415333 0.467593
    0.99      0.3 0.400667 0.485172
   0.999      0.3 0.479333 0.495771
  0.9999      0.3 0.493333 0.499182
       0      0.4 0.488667     0.49
     0.2      0.4 0.377333 0.412607
     0.4      0.4 0.383333 0.426589
     0.6      0.4 0.400667 0.442127
     0.8      0.4 0.414667 0.461644
     0.9      0.4 0.411333 0.474574
    0.95      0.4 0.416667 0.482882
    0.99      0.4    0.488 0.493101
   0.999      0.4 0.494667 0.498801
  0.9999      0.4 0.501333 0.499952
       0      0.5 0.488667     0.49
     0.2      0.5 0.370667 0.430123
     0.4      0.5     0.38 0.442313
     0.6      0.5 0.402667 0.455881
     0.8      0.5 0.407333 0.471758
     0.9      0.5 0.416667 0.481301
    0.95      0.5 0.467333 0.487168
    0.99      0.5 0.491333 0.494858
   0.999      0.5 0.497333 0.499273
  0.9999      0.5 0.501333 0.500013
       0      0.6 0.488667     0.49
     0.2      0.6    0.384 0.446576
     0.4      0.6    0.394  0.45615
     0.6      0.6 0.408667 0.466559
     0.8      0.6 0.410667  0.47821
     0.9      0.6 0.429333 0.484987
    0.95      0.6 0.485333 0.489263
    0.99      0.6 0.491333 0.495597
   0.999      0.6 0.497333 0.499419
  0.9999      0.6 0.501333 0.500018
       0      0.7 0.488667     0.49
     0.2      0.7    0.394 0.458525
     0.4      0.7 0.402667 0.465833
     0.6      0.7    0.412 0.473613
     0.8      0.7    0.402 0.482122
     0.9      0.7 0.458667 0.487089
    0.95      0.7 0.490667 0.490409
    0.99      0.7 0.491333 0.495973
   0.999      0.7 0.494667 0.499478
  0.9999      0.7 0.501333 0.500012
       0      0.8 0.488667     0.49
     0.2      0.8 0.398667  0.46659
     0.4      0.8 0.408667 0.472206
     0.6      0.8 0.411333 0.478108
     0.8      0.8 0.405333 0.484516
     0.9      0.8 0.475333 0.488344
    0.95      0.8 0.491333 0.491083
    0.99      0.8 0.491333 0.496185
   0.999      0.8 0.492667 0.499505
  0.9999      0.8 0.501333 0.500004
       0      0.9 0.488667     0.49
     0.2      0.9 0.409333 0.472047
     0.4      0.9 0.408667  0.47645
     0.6      0.9 0.405333 0.481047
     0.8      0.9     0.41 0.486048
     0.9      0.9 0.485333 0.489137
    0.95      0.9 0.491333 0.491506
    0.99      0.9 0.491333 0.496312
   0.999      0.9    0.492 0.499517
  0.9999      0.9 0.501333 0.499996
       0        1 0.488667     0.49
     0.2        1 0.409333 0.475838
     0.4        1 0.407333 0.479369
     0.6        1 0.404667 0.483047
     0.8        1    0.426 0.487078
     0.9        1 0.486667 0.489667
    0.95        1 0.491333 0.491787
    0.99        1 0.491333 0.496394
   0.999        1 0.491333 0.499524
  0.9999        1 0.501333  0.49999
       0        2 0.488667     0.49
     0.2        2    0.412 0.486862
     0.4        2 0.408667 0.487738
     0.6        2 0.405333 0.488695
     0.8        2 0.453333 0.489942
     0.9        2 0.491333 0.491124
    0.95        2 0.491333 0.492549
    0.99        2 0.491333 0.496599
   0.999        2 0.491333 0.499528
  0.9999        2 0.501333 0.499962
       0        4 0.488667     0.49
     0.2        4    0.414 0.489278
     0.4        4    0.406 0.489553
     0.6        4 0.411333 0.489906
     0.8        4 0.463333 0.490549
     0.9        4 0.491333  0.49143
    0.95        4 0.491333 0.492706
    0.99        4 0.491333 0.496635
   0.999        4 0.491333 0.499525
  0.9999        4 0.491333 0.499953