        0      0.05     0.456  0.466667
      0.2      0.05     0.454  0.464667
      0.4      0.05     0.454  0.464667
      0.6      0.05     0.454  0.464667
      0.8      0.05     0.454  0.464667
      0.9      0.05     0.454  0.464667
     0.95      0.05     0.454  0.464667
     0.99      0.05     0.454  0.464667
    0.999      0.05     0.454  0.464667
   0.9999      0.05     0.454  0.464667
        0       0.1     0.456  0.466667
      0.2       0.1 0.0486667 0.0480534
      0.4       0.1 0.0486667 0.0488837
      0.6       0.1 0.0486667 0.0493871
      0.8       0.1 0.0493333 0.0506457
      0.9       0.1 0.0526667 0.0519132
     0.95       0.1     0.054 0.0526396
     0.99       0.1 0.0506667 0.0523544
    0.999       0.1 0.0506667 0.0525488
   0.9999       0.1 0.0573333 0.0563229
        0      0.15     0.456  0.466667
      0.2      0.15 0.0453333 0.0455208
      0.4      0.15 0.0473333  0.047005
      0.6      0.15 0.0473333 0.0486322
      0.8      0.15 0.0493333 0.0508439
      0.9      0.15 0.0506667 0.0524216
     0.95      0.15 0.0506667 0.0536995
     0.99      0.15 0.0513333 0.0571301
    0.999      0.15     0.058 0.0613173
   0.9999      0.15 0.0653333 0.0650438
        0       0.2     0.456  0.466667
      0.2       0.2     0.042 0.0439759
      0.4       0.2 0.0433333 0.0453575
      0.6       0.2     0.046 0.0477563
      0.8       0.2     0.048 0.0515992
      0.9       0.2 0.0506667 0.0548276
     0.95       0.2 0.0513333 0.0577638
     0.99       0.2     0.052 0.0640151
    0.999       0.2      0.05 0.0693846
   0.9999       0.2 0.0566667 0.0709259
        0       0.3     0.456  0.466667
      0.2       0.3 0.0393333 0.0445077
      0.4       0.3 0.0386667 0.0462944
      0.6       0.3 0.0393333 0.0493353
      0.8       0.3 0.0413333 0.0554177
      0.9       0.3     0.044  0.061909
     0.95       0.3 0.0466667 0.0681703
     0.99       0.3 0.0466667 0.0847714
    0.999       0.3     0.068  0.144851
   0.9999       0.3  0.106667  0.292229
        0       0.4     0.456  0.466667
      0.2       0.4 0.0333333 0.0513952
      0.4       0.4 0.0366667 0.0534982
      0.6       0.4 0.0366667 0.0580604
      0.8       0.4     0.036 0.0683921
      0.9       0.4     0.038 0.0827222
     0.95       0.4 0.0426667  0.103667
     0.99       0.4 0.0466667  0.198714
    0.999       0.4     0.078  0.409629
   0.9999       0.4  0.485333  0.487861
        0       0.5     0.456  0.466667
      0.2       0.5 0.0353333  0.071814
      0.4       0.5 0.0326667 0.0772863
      0.6       0.5 0.0326667 0.0884539
      0.8       0.5 0.0333333   0.11684
      0.9       0.5 0.0313333   0.16028
     0.95       0.5 0.0353333  0.220758
     0.99       0.5 0.0446667  0.382236
    0.999       0.5  0.455333  0.483627
   0.9999       0.5  0.489333  0.497731
        0       0.6     0.456  0.466667
      0.2       0.6 0.0353333  0.108509
      0.4       0.6 0.0313333  0.122751
      0.6       0.6 0.0313333  0.148146
      0.8       0.6     0.032  0.205704
      0.9       0.6 0.0286667  0.276464
     0.95       0.6 0.0313333  0.347816
     0.99       0.6     0.076  0.456101
    0.999       0.6  0.485333  0.494682
   0.9999       0.6  0.489333  0.499046
        0       0.7     0.456  0.466667
      0.2       0.7 0.0386667  0.159781
      0.4       0.7 0.0326667  0.183147
      0.6       0.7     0.032  0.220771
      0.8       0.7      0.03  0.292186
      0.9       0.7 0.0293333  0.360321
     0.95       0.7 0.0346667  0.414087
     0.99       0.7     0.138  0.477947
    0.999       0.7      0.48  0.497365
   0.9999       0.7  0.489333   0.49948
        0       0.8     0.456  0.466667
      0.2       0.8 0.0386667    0.2175
      0.4       0.8     0.038  0.245958
      0.6       0.8 0.0333333  0.287481
      0.8       0.8      0.03  0.354581
      0.9       0.8 0.0326667  0.407957
     0.95       0.8 0.0366667  0.445118
     0.99       0.8     0.174  0.486125
    0.999       0.8  0.464667  0.498356
   0.9999       0.8  0.489333  0.499689
        0       0.9     0.456  0.466667
      0.2       0.9      0.04  0.271283
      0.4       0.9 0.0386667  0.300135
      0.6       0.9 0.0353333  0.338844
      0.8       0.9     0.034  0.394444
      0.9       0.9 0.0333333  0.434213
     0.95       0.9 0.0413333  0.460642
     0.99       0.9  0.183333  0.489879
    0.999       0.9     0.456  0.498814
   0.9999       0.9  0.489333  0.499795
        0         1     0.456  0.466667
      0.2         1 0.0413333  0.314947
      0.4         1 0.0393333  0.341332
      0.6         1 0.0386667  0.374587
      0.8         1 0.0393333  0.418882
      0.9         1 0.0366667  0.448996
     0.95         1 0.0426667  0.468981
     0.99         1     0.178  0.491837
    0.999         1     0.456  0.499053
   0.9999         1  0.489333  0.499851
        0         2     0.456  0.466667
      0.2         2      0.06  0.439679
      0.4         2      0.06  0.446974
      0.6         2      0.06  0.455274
      0.8         2 0.0593333  0.466236
      0.9         2      0.06  0.475325
     0.95         2 0.0566667  0.483301
     0.99         2     0.164  0.495178
    0.999         2     0.456  0.499456
   0.9999         2     0.456  0.499939
        0         4     0.456  0.466667
      0.2         4 0.0706667  0.460999
      0.4         4 0.0706667  0.463394
      0.6         4      0.07  0.466545
      0.8         4 0.0673333  0.472089
      0.9         4 0.0686667   0.47836
     0.95         4 0.0693333  0.484886
     0.99         4  0.184667   0.49553
    0.999         4     0.456  0.499497
   0.9999         4     0.456  0.499948