       0     0.05     0.49     0.49
     0.2     0.05     0.49     0.49
     0.4     0.05     0.49     0.49
     0.6     0.05     0.49     0.49
     0.8     0.05     0.49     0.49
     0.9     0.05     0.49     0.49
    0.95     0.05     0.49     0.49
    0.99     0.05     0.49     0.49
   0.999     0.05     0.49     0.49
  0.9999     0.05     0.49     0.49
       0      0.1     0.49     0.49
     0.2      0.1 0.445333 0.444618
     0.4      0.1 0.445333 0.446802
     0.6      0.1 0.447333 0.448734
     0.8      0.1     0.45 0.450901
     0.9      0.1     0.45 0.452754
    0.95      0.1 0.454667 0.454529
    0.99      0.1    0.456 0.460209
   0.999      0.1 0.462667 0.465294
  0.9999      0.1 0.464667 0.465808
       0     0.15     0.49     0.49
     0.2     0.15 0.435333 0.435919
     0.4     0.15 0.440667 0.442009
     0.6     0.15 0.440667 0.446308
     0.8     0.15 0.447333 0.451339
     0.9     0.15     0.45   0.4555
    0.95     0.15    0.458  0.45914
    0.99     0.15     0.46 0.464032
   0.999     0.15 0.456667 0.467167
  0.9999     0.15    0.484 0.474938
       0      0.2     0.49     0.49
     0.2      0.2    0.424 0.429645
     0.4      0.2 0.432667 0.438102
     0.6      0.2    0.434  0.44488
     0.8      0.2     0.44 0.452759
     0.9      0.2    0.448 0.458388
    0.95      0.2 0.450667 0.462618
    0.99      0.2    0.464 0.469493
   0.999      0.2    0.486 0.475547
  0.9999      0.2 0.494667  0.47955
       0      0.3     0.49     0.49
     0.2      0.3 0.390667 0.415478
     0.4      0.3 0.408667 0.426818
     0.6      0.3    0.424 0.438266
     0.8      0.3    0.446  0.45283
     0.9      0.3 0.467333 0.463823
    0.95      0.3    0.472 0.472275
    0.99      0.3    0.484 0.485098
   0.999      0.3    0.492 0.494738
  0.9999      0.3 0.499333 0.498933
       0      0.4     0.49     0.49
     0.2      0.4 0.373333 0.423986
     0.4      0.4 0.382667 0.435729
     0.6      0.4 0.411333 0.449237
     0.8      0.4 0.447333 0.466207
     0.9      0.4 0.473333 0.477247
    0.95      0.4    0.486 0.484288
    0.99      0.4     0.49 0.493259
   0.999      0.4 0.497333 0.498765
  0.9999      0.4      0.5 0.499861
       0      0.5     0.49     0.49
     0.2      0.5 0.364667 0.439521
     0.4      0.5 0.367333 0.449886
     0.6      0.5 0.394667 0.461471
     0.8      0.5 0.444667 0.474947
     0.9      0.5 0.481333 0.483002
    0.95      0.5 0.488667 0.488018
    0.99      0.5     0.49 0.495013
   0.999      0.5 0.498667  0.49923
  0.9999      0.5      0.5 0.499918
       0      0.6     0.49     0.49
     0.2      0.6 0.349333   0.4528
     0.4      0.6 0.354667 0.461071
     0.6      0.6 0.382667 0.470039
     0.8      0.6 0.446667 0.480051
     0.9      0.6 0.484667 0.485918
    0.95      0.6     0.49 0.489725
    0.99      0.6     0.49 0.495701
   0.999      0.6 0.497333 0.499372
  0.9999      0.6      0.5 0.499934
       0      0.7     0.49     0.49
     0.2      0.7    0.336 0.462199
     0.4      0.7 0.349333 0.468661
     0.6      0.7    0.374  0.47554
     0.8      0.7    0.444 0.483092
     0.9      0.7 0.486667 0.487568
    0.95      0.7     0.49 0.490652
    0.99      0.7     0.49  0.49604
   0.999      0.7 0.494667 0.499433
  0.9999      0.7      0.5 0.499941
       0      0.8     0.49     0.49
     0.2      0.8 0.332667 0.468635
     0.4      0.8 0.349333 0.473741
     0.6      0.8    0.374 0.479122
     0.8      0.8 0.443333 0.485006
     0.9      0.8 0.488667 0.488583
    0.95      0.8     0.49  0.49121
    0.99      0.8     0.49 0.496227
   0.999      0.8     0.49 0.499464
  0.9999      0.8      0.5 0.499944
       0      0.9     0.49     0.49
     0.2      0.9 0.337333 0.473129
     0.4      0.9     0.35 0.477241
     0.6      0.9    0.376 0.481552
     0.8      0.9 0.445333 0.486281
     0.9      0.9 0.488667  0.48925
    0.95      0.9     0.49 0.491571
    0.99      0.9     0.49  0.49634
   0.999      0.9     0.49 0.499482
  0.9999      0.9      0.5 0.499946
       0        1     0.49     0.49
     0.2        1 0.332667 0.476362
     0.4        1 0.346667 0.479737
     0.6        1 0.376667 0.483269
     0.8        1 0.446667 0.487173
     0.9        1 0.488667 0.489712
    0.95        1     0.49 0.491818
    0.99        1     0.49 0.496413
   0.999        1     0.49 0.499493
  0.9999        1      0.5 0.499947
       0        2     0.49     0.49
     0.2        2    0.326 0.486667
     0.4        2 0.340667 0.487587
     0.6        2    0.366  0.48859
     0.8        2 0.449333 0.489887
     0.9        2 0.488667 0.491098
    0.95        2     0.49 0.492539
    0.99        2     0.49   0.4966
   0.999        2     0.49 0.499519
  0.9999        2      0.5  0.49995
       0        4     0.49     0.49
     0.2        4 0.326667 0.489208
     0.4        4     0.34   0.4895
     0.6        4 0.361333  0.48987
     0.8        4     0.45  0.49053
     0.9        4 0.488667 0.491421
    0.95        4     0.49 0.492702
    0.99        4     0.49 0.496635
   0.999        4     0.49 0.499523
  0.9999        4     0.49  0.49995