        0      0.05  0.166667  0.466667
        0       0.1  0.166667  0.466667
        0      0.15  0.166667  0.466667
        0       0.2  0.166667  0.466667
        0      0.25  0.166667  0.466667
        0       0.3  0.166667  0.466667
        0      0.35  0.166667  0.466667
        0       0.4  0.166667  0.466667
        0      0.45  0.166667  0.466667
        0       0.5  0.166667  0.466667
        0      0.55  0.166667  0.466667
        0       0.6  0.166667  0.466667
        0      0.65  0.166667  0.466667
        0       0.7  0.166667  0.466667
        0      0.75  0.166667  0.466667
        0       0.8  0.166667  0.466667
        0      0.85  0.166667  0.466667
        0       0.9  0.166667  0.466667
        0      0.95  0.166667  0.466667
        0         2  0.166667  0.466667
        0         4  0.166667  0.466667
        0         8  0.166667  0.466667
        0        16  0.166667  0.466667
      0.1      0.05  0.166667  0.466667
      0.1       0.1  0.155333     0.195
      0.1      0.15     0.052 0.0512518
      0.1       0.2 0.0533333 0.0530704
      0.1      0.25     0.054 0.0538141
      0.1       0.3     0.054 0.0542367
      0.1      0.35 0.0546667 0.0551663
      0.1       0.4     0.056 0.0568949
      0.1      0.45     0.056 0.0585213
      0.1       0.5 0.0573333 0.0602745
      0.1      0.55 0.0593333 0.0626443
      0.1       0.6 0.0626667 0.0652218
      0.1      0.65 0.0613333 0.0678174
      0.1       0.7     0.062 0.0704256
      0.1      0.75     0.062 0.0731536
      0.1       0.8 0.0646667 0.0760804
      0.1      0.85 0.0686667 0.0792461
      0.1       0.9      0.07 0.0826724
      0.1      0.95     0.072  0.086367
      0.1         2 0.0726667  0.231583
      0.1         4  0.157333  0.420439
      0.1         8  0.184667  0.459248
      0.1        16  0.207333  0.465268
      0.2      0.05  0.166667  0.466667
      0.2       0.1  0.155333     0.195
      0.2      0.15 0.0506667 0.0504186
      0.2       0.2 0.0506667 0.0511252
      0.2      0.25 0.0526667 0.0532432
      0.2       0.3     0.054 0.0537078
      0.2      0.35     0.054 0.0541186
      0.2       0.4 0.0546667 0.0550022
      0.2      0.45 0.0546667 0.0564151
      0.2       0.5 0.0566667  0.057825
      0.2      0.55     0.056  0.059188
      0.2       0.6 0.0546667 0.0609906
      0.2      0.65     0.058 0.0631933
      0.2       0.7     0.058 0.0656659
      0.2      0.75 0.0593333 0.0682865
      0.2       0.8 0.0586667 0.0710742
      0.2      0.85 0.0593333 0.0741008
      0.2       0.9 0.0626667 0.0774239
      0.2      0.95 0.0646667 0.0810749
      0.2         2      0.07  0.236685
      0.2         4  0.150667  0.423584
      0.2         8  0.180667  0.460091
      0.2        16     0.204  0.465689
      0.3      0.05  0.166667  0.466667
      0.3       0.1  0.155333     0.195
      0.3      0.15      0.05 0.0495549
      0.3       0.2 0.0506667 0.0504096
      0.3      0.25 0.0513333 0.0517787
      0.3       0.3 0.0526667 0.0532277
      0.3      0.35     0.054 0.0536219
      0.3       0.4     0.054 0.0541318
      0.3      0.45     0.054 0.0549921
      0.3       0.5 0.0546667 0.0561337
      0.3      0.55 0.0566667  0.057301
      0.3       0.6 0.0553333 0.0585717
      0.3      0.65     0.054 0.0602278
      0.3       0.7 0.0533333 0.0623113
      0.3      0.75 0.0546667 0.0647481
      0.3       0.8 0.0553333 0.0674491
      0.3      0.85     0.054 0.0704203
      0.3       0.9     0.052 0.0737159
      0.3      0.95 0.0586667 0.0773832
      0.3         2 0.0693333  0.242564
      0.3         4  0.146667  0.426873
      0.3         8  0.175333  0.461012
      0.3        16     0.196  0.466188
      0.4      0.05  0.166667  0.466667
      0.4       0.1  0.155333     0.195
      0.4      0.15      0.05 0.0493635
      0.4       0.2      0.05 0.0497696
      0.4      0.25 0.0506667 0.0507901
      0.4       0.3 0.0526667 0.0521058
      0.4      0.35 0.0526667 0.0530687
      0.4       0.4     0.054 0.0535422
      0.4      0.45     0.054 0.0541351
      0.4       0.5 0.0533333 0.0548979
      0.4      0.55     0.052 0.0557874
      0.4       0.6     0.054 0.0567867
      0.4      0.65 0.0533333  0.058045
      0.4       0.7     0.052 0.0597256
      0.4      0.75 0.0526667 0.0618616
      0.4       0.8     0.052 0.0644077
      0.4      0.85 0.0533333  0.067324
      0.4       0.9 0.0526667 0.0706266
      0.4      0.95 0.0506667 0.0743551
      0.4         2 0.0666667  0.249413
      0.4         4      0.14  0.430339
      0.4         8      0.16  0.462043
      0.4        16  0.185333  0.466799
      0.5      0.05  0.166667  0.466667
      0.5       0.1  0.155333     0.195
      0.5      0.15      0.05  0.049312
      0.5       0.2 0.0486667 0.0489998
      0.5      0.25      0.05 0.0500804
      0.5       0.3      0.05 0.0509794
      0.5      0.35     0.052 0.0520174
      0.5       0.4 0.0526667 0.0528017
      0.5      0.45 0.0533333 0.0533927
      0.5       0.5 0.0546667 0.0539931
      0.5      0.55 0.0526667 0.0546125
      0.5       0.6     0.052 0.0553313
      0.5      0.65     0.052 0.0562744
      0.5       0.7      0.05 0.0575955
      0.5      0.75 0.0493333 0.0594032
      0.5       0.8     0.048 0.0617225
      0.5      0.85 0.0486667 0.0645375
      0.5       0.9 0.0493333 0.0678462
      0.5      0.95 0.0506667 0.0716702
      0.5         2     0.064  0.257502
      0.5         4  0.127333   0.43404
      0.5         8  0.148667  0.463242
      0.5        16  0.167333  0.467582
      0.6      0.05  0.166667  0.466667
      0.6       0.1  0.155333     0.195
      0.6      0.15      0.05 0.0492775
      0.6       0.2 0.0486667 0.0486747
      0.6      0.25 0.0486667 0.0491816
      0.6       0.3 0.0506667 0.0500231
      0.6      0.35 0.0506667  0.050827
      0.6       0.4 0.0506667  0.051642
      0.6      0.45 0.0526667 0.0524013
      0.6       0.5 0.0513333 0.0530506
      0.6      0.55 0.0526667 0.0535881
      0.6       0.6 0.0513333 0.0540958
      0.6      0.65 0.0513333 0.0547529
      0.6       0.7 0.0506667 0.0557484
      0.6      0.75 0.0473333  0.057232
      0.6       0.8 0.0466667 0.0592907
      0.6      0.85 0.0446667 0.0619595
      0.6       0.9 0.0446667 0.0652584
      0.6      0.95 0.0466667 0.0692086
      0.6         2     0.058  0.267226
      0.6         4  0.104667  0.438076
      0.6         8  0.134667  0.464717
      0.6        16  0.149333  0.468645
      0.7      0.05  0.166667  0.466667
      0.7       0.1  0.155333     0.195
      0.7      0.15      0.05 0.0492434
      0.7       0.2 0.0486667  0.048463
      0.7      0.25 0.0486667 0.0485518
      0.7       0.3 0.0493333 0.0489567
      0.7      0.35      0.05 0.0496019
      0.7       0.4 0.0493333 0.0503483
      0.7      0.45 0.0493333 0.0511266
      0.7       0.5 0.0493333 0.0518518
      0.7      0.55 0.0506667 0.0524167
      0.7       0.6      0.05  0.052841
      0.7      0.65 0.0486667 0.0532863
      0.7       0.7      0.05 0.0539934
      0.7      0.75     0.046  0.055183
      0.7       0.8 0.0446667 0.0570013
      0.7      0.85     0.044 0.0595368
      0.7       0.9 0.0406667 0.0628557
      0.7      0.95 0.0406667 0.0670091
      0.7         2 0.0533333  0.279213
      0.7         4     0.096  0.442658
      0.7         8      0.12  0.466689
      0.7        16     0.134  0.470215
      0.8      0.05  0.166667  0.466667
      0.8       0.1  0.155333     0.195
      0.8      0.15      0.05 0.0491915
      0.8       0.2 0.0486667 0.0481652
      0.8      0.25 0.0486667 0.0479267
      0.8       0.3     0.048 0.0481176
      0.8      0.35 0.0486667  0.048624
      0.8       0.4     0.048 0.0492994
      0.8      0.45     0.048 0.0500438
      0.8       0.5      0.05 0.0507087
      0.8      0.55 0.0493333 0.0511599
      0.8       0.6     0.048 0.0514162
      0.8      0.65 0.0453333 0.0516399
      0.8       0.7 0.0446667 0.0520906
      0.8      0.75 0.0413333 0.0530442
      0.8       0.8 0.0433333 0.0547146
      0.8      0.85 0.0426667 0.0572552
      0.8       0.9 0.0406667 0.0607954
      0.8      0.95 0.0393333 0.0654354
      0.8         2 0.0486667  0.294615
      0.8         4  0.105333  0.448308
      0.8         8  0.128667  0.469714
      0.8        16  0.137333  0.472854
      0.9      0.05  0.166667  0.466667
      0.9       0.1  0.155333     0.195
      0.9      0.15      0.05 0.0490188
      0.9       0.2 0.0473333 0.0474429
      0.9      0.25     0.046 0.0471585
      0.9       0.3 0.0466667 0.0474274
      0.9      0.35 0.0466667  0.047996
      0.9       0.4     0.048 0.0487586
      0.9      0.45      0.05 0.0494868
      0.9       0.5      0.05 0.0498376
      0.9      0.55 0.0486667 0.0498502
      0.9       0.6 0.0466667 0.0497566
      0.9      0.65 0.0446667 0.0497229
      0.9       0.7 0.0433333 0.0499971
      0.9      0.75      0.04  0.050899
      0.9       0.8 0.0393333 0.0527476
      0.9      0.85 0.0393333 0.0558414
      0.9       0.9 0.0373333 0.0604307
      0.9      0.95 0.0353333  0.066642
      0.9         2     0.054  0.316576
      0.9         4     0.164  0.456838
      0.9         8     0.166  0.475661
      0.9        16  0.167333   0.47844
        1      0.05       0.2       0.5
        1       0.1       0.2       0.5
        1      0.15       0.2       0.5
        1       0.2       0.2       0.5
        1      0.25       0.2       0.5
        1       0.3       0.2       0.5
        1      0.35       0.2       0.5
        1       0.4       0.2       0.5
        1      0.45       0.2       0.5
        1       0.5       0.2       0.5
        1      0.55       0.2       0.5
        1       0.6       0.2       0.5
        1      0.65       0.2       0.5
        1       0.7       0.2       0.5
        1      0.75       0.2       0.5
        1       0.8       0.2       0.5
        1      0.85       0.2       0.5
        1       0.9       0.2       0.5
        1      0.95       0.2       0.5
        1         2       0.2       0.5
        1         4       0.2       0.5
        1         8       0.2       0.5
        1        16       0.2       0.5
     0.99      0.05  0.166667  0.466667
     0.99       0.1  0.155333     0.194
     0.99      0.15     0.048 0.0474808
     0.99       0.2     0.046 0.0465672
     0.99      0.25 0.0473333 0.0471301
     0.99       0.3     0.048 0.0476867
     0.99      0.35 0.0473333 0.0476264
     0.99       0.4     0.048 0.0476193
     0.99      0.45 0.0466667 0.0477832
     0.99       0.5 0.0446667 0.0479252
     0.99      0.55     0.046 0.0474841
     0.99       0.6 0.0446667 0.0469985
     0.99      0.65     0.044 0.0470783
     0.99       0.7 0.0406667 0.0485551
     0.99      0.75 0.0373333  0.052565
     0.99       0.8     0.034 0.0599293
     0.99      0.85 0.0313333 0.0705333
     0.99       0.9 0.0306667 0.0834101
     0.99      0.95 0.0273333 0.0973617
     0.99         2     0.166  0.366139
     0.99         4  0.166667  0.477191
     0.99         8  0.166667  0.492742
     0.99        16  0.166667  0.495026
    0.999      0.05  0.166667  0.466667
    0.999       0.1  0.155333  0.193333
    0.999      0.15 0.0473333 0.0469941
    0.999       0.2 0.0473333 0.0473114
    0.999      0.25     0.048 0.0478044
    0.999       0.3     0.048 0.0471469
    0.999      0.35     0.046  0.046938
    0.999       0.4 0.0486667 0.0475465
    0.999      0.45 0.0453333 0.0467995
    0.999       0.5     0.044 0.0460266
    0.999      0.55     0.044 0.0457888
    0.999       0.6 0.0406667 0.0465559
    0.999      0.65 0.0366667 0.0503328
    0.999       0.7 0.0333333 0.0587139
    0.999      0.75     0.032 0.0707265
    0.999       0.8      0.03 0.0840785
    0.999      0.85     0.028 0.0966535
    0.999       0.9 0.0293333  0.107746
    0.999      0.95     0.034   0.11816
    0.999         2       0.2  0.386394
    0.999         4       0.2  0.482255
    0.999         8  0.166667  0.496817
    0.999        16  0.166667  0.498956