       0     0.05    0.492 0.493333
     0.2     0.05    0.492 0.493333
     0.4     0.05    0.492 0.493333
     0.6     0.05    0.492 0.493333
     0.8     0.05    0.492 0.493333
     0.9     0.05    0.492 0.493333
    0.95     0.05    0.492 0.493333
    0.99     0.05    0.492 0.493333
   0.999     0.05    0.492 0.493333
  0.9999     0.05    0.492 0.493333
       0      0.1    0.492 0.493333
     0.2      0.1     0.44 0.442421
     0.4      0.1     0.43 0.439768
     0.6      0.1 0.439333 0.438671
     0.8      0.1 0.437333 0.437167
     0.9      0.1    0.434 0.435635
    0.95      0.1 0.435333 0.434007
    0.99      0.1 0.426667  0.42965
   0.999      0.1 0.418667 0.425002
  0.9999      0.1    0.438 0.435895
       0     0.15    0.492 0.493333
     0.2     0.15 0.438667 0.440659
     0.4     0.15 0.440667 0.443192
     0.6     0.15 0.438667 0.442593
     0.8     0.15 0.439333 0.440622
     0.9     0.15 0.439333 0.439419
    0.95     0.15 0.445333 0.439422
    0.99     0.15    0.444 0.446696
   0.999     0.15 0.456667 0.465771
  0.9999     0.15 0.487333 0.480962
       0      0.2    0.492 0.493333
     0.2      0.2 0.422667 0.431333
     0.4      0.2    0.434 0.437675
     0.6      0.2 0.440667 0.441639
     0.8      0.2 0.438667 0.445243
     0.9      0.2 0.445333 0.448867
    0.95      0.2 0.459333 0.453471
    0.99      0.2 0.448667 0.466508
   0.999      0.2    0.486 0.480686
  0.9999      0.2 0.487333  0.48773
       0      0.3    0.492 0.493333
     0.2      0.3 0.384667 0.411797
     0.4      0.3 0.388667 0.424765
     0.6      0.3     0.39 0.437457
     0.8      0.3      0.4 0.453548
     0.9      0.3 0.409333 0.465812
    0.95      0.3 0.446667 0.475162
    0.99      0.3 0.487333 0.488663
   0.999      0.3 0.496667 0.497245
  0.9999      0.3 0.500667 0.499849
       0      0.4    0.492 0.493333
     0.2      0.4 0.363333 0.419002
     0.4      0.4    0.358 0.432146
     0.6      0.4 0.366667 0.447009
     0.8      0.4     0.37 0.465554
     0.9      0.4 0.399333 0.477743
    0.95      0.4 0.463333 0.485549
    0.99      0.4 0.492667 0.494724
   0.999      0.4    0.498 0.499235
  0.9999      0.4 0.501333 0.500034
       0      0.5    0.492 0.493333
     0.2      0.5 0.351333 0.437058
     0.4      0.5    0.348 0.448225
     0.6      0.5 0.361333 0.460752
     0.8      0.5 0.373333 0.475485
     0.9      0.5 0.403333 0.484332
    0.95      0.5 0.459333 0.489644
    0.99      0.5 0.494667 0.496061
   0.999      0.5 0.495333 0.499455
  0.9999      0.5 0.501333 0.500004
       0      0.6    0.492 0.493333
     0.2      0.6 0.352667 0.453026
     0.4      0.6    0.348 0.461712
     0.6      0.6    0.358 0.471188
     0.8      0.6     0.37 0.481821
     0.9      0.6     0.41 0.487938
    0.95      0.6 0.462667 0.491618
    0.99      0.6 0.494667 0.496575
   0.999      0.6 0.494667 0.499518
  0.9999      0.6 0.501333  0.49999
       0      0.7    0.492 0.493333
     0.2      0.7 0.347333 0.464243
     0.4      0.7 0.350667 0.470833
     0.6      0.7    0.362  0.47787
     0.8      0.7    0.378 0.485565
     0.9      0.7     0.41 0.489942
    0.95      0.7    0.468 0.492664
    0.99      0.7 0.494667 0.496815
   0.999      0.7 0.494667 0.499542
  0.9999      0.7 0.501333 0.499982
       0      0.8    0.492 0.493333
     0.2      0.8 0.352667 0.471707
     0.4      0.8 0.352667 0.476759
     0.6      0.8 0.367333 0.482084
     0.8      0.8 0.383333 0.487833
     0.9      0.8 0.416667 0.491122
    0.95      0.8    0.476 0.493264
    0.99      0.8 0.494667 0.496937
   0.999      0.8 0.494667  0.49955
  0.9999      0.8 0.501333 0.499976
       0      0.9    0.492 0.493333
     0.2      0.9    0.358 0.476734
     0.4      0.9     0.36 0.480693
     0.6      0.9    0.364 0.484831
     0.8      0.9 0.381333 0.489279
     0.9      0.9 0.423333 0.491862
    0.95      0.9 0.482667 0.493634
    0.99      0.9 0.494667 0.497005
   0.999      0.9 0.494667 0.499553
  0.9999      0.9 0.501333 0.499972
       0        1    0.492 0.493333
     0.2        1 0.357333 0.480224
     0.4        1 0.363333 0.483398
     0.6        1 0.362667   0.4867
     0.8        1 0.380667 0.490249
     0.9        1 0.428667 0.492353
    0.95        1 0.486667 0.493876
    0.99        1 0.494667 0.497045
   0.999        1 0.494667 0.499553
  0.9999        1 0.501333 0.499969
       0        2    0.492 0.493333
     0.2        2 0.359333 0.490401
     0.4        2    0.362  0.49117
     0.6        2    0.368  0.49198
     0.8        2 0.392667 0.492932
     0.9        2 0.452667 0.493688
    0.95        2    0.494 0.494516
    0.99        2 0.494667 0.497121
   0.999        2 0.494667 0.499543
  0.9999        2 0.494667 0.499956
       0        4    0.492 0.493333
     0.2        4 0.361333 0.492641
     0.4        4    0.364 0.492856
     0.6        4 0.371333 0.493107
     0.8        4 0.395333 0.493494
     0.9        4    0.462 0.493962
    0.95        4 0.494667 0.494642
    0.99        4 0.494667 0.497127
   0.999        4 0.494667 0.499537
  0.9999        4 0.494667 0.499952