       0     0.05 0.471333 0.466667
     0.2     0.05    0.474 0.472625
     0.4     0.05 0.472667 0.472897
     0.6     0.05    0.472 0.473797
     0.8     0.05 0.475333 0.476939
     0.9     0.05 0.474667 0.481839
    0.95     0.05 0.474667 0.487413
    0.99     0.05    0.482 0.496552
   0.999     0.05    0.492 0.499614
  0.9999     0.05 0.495333 0.499919
       0      0.1 0.471333 0.466667
     0.2      0.1 0.477333 0.469776
     0.4      0.1 0.477333 0.470821
     0.6      0.1    0.476 0.472589
     0.8      0.1 0.474667 0.476492
     0.9      0.1    0.472 0.481466
    0.95      0.1 0.481333 0.486886
    0.99      0.1 0.483333  0.49603
   0.999      0.1 0.484667 0.499535
  0.9999      0.1 0.495333 0.499937
       0     0.15 0.471333 0.466667
     0.2     0.15 0.474667 0.470266
     0.4     0.15 0.472667 0.471137
     0.6     0.15 0.469333 0.472612
     0.8     0.15 0.481333  0.47607
     0.9     0.15 0.482667 0.480842
    0.95     0.15    0.484 0.486316
    0.99     0.15 0.485333 0.495845
   0.999     0.15    0.486 0.499529
  0.9999     0.15 0.469333 0.499951
       0      0.2 0.471333 0.466667
     0.2      0.2 0.471333 0.470309
     0.4      0.2 0.479333 0.470994
     0.6      0.2 0.482667 0.472261
     0.8      0.2    0.484 0.475543
     0.9      0.2 0.485333 0.480363
    0.95      0.2 0.484667 0.485993
    0.99      0.2 0.483333 0.495774
   0.999      0.2 0.470667 0.499528
  0.9999      0.2 0.471333 0.499957
       0      0.3 0.471333 0.466667
     0.2      0.3 0.486667 0.469659
     0.4      0.3 0.487333 0.470215
     0.6      0.3 0.487333 0.471396
     0.8      0.3 0.489333 0.474776
     0.9      0.3 0.489333  0.47985
    0.95      0.3 0.486667 0.485713
    0.99      0.3 0.485333 0.495727
   0.999      0.3 0.471333 0.499526
  0.9999      0.3    0.502 0.499959
       0      0.4 0.471333 0.466667
     0.2      0.4 0.486667 0.468951
     0.4      0.4 0.486667  0.46953
     0.6      0.4 0.487333 0.470794
     0.8      0.4 0.490667 0.474371
     0.9      0.4    0.488 0.479621
    0.95      0.4    0.488   0.4856
    0.99      0.4 0.475333 0.495712
   0.999      0.4 0.471333 0.499525
  0.9999      0.4      0.5 0.499959
       0      0.5 0.471333 0.466667
     0.2      0.5     0.49 0.468442
     0.4      0.5     0.49 0.469081
     0.6      0.5     0.49 0.470436
     0.8      0.5 0.485333 0.474152
     0.9      0.5 0.491333 0.479495
    0.95      0.5 0.482667 0.485533
    0.99      0.5 0.470667 0.495699
   0.999      0.5 0.471333 0.499522
  0.9999      0.5    0.476 0.499957
       0      0.6 0.471333 0.466667
     0.2      0.6     0.49 0.468107
     0.4      0.6     0.49 0.468799
     0.6      0.6    0.488 0.470222
     0.8      0.6 0.488667 0.474022
     0.9      0.6 0.490667 0.479416
    0.95      0.6 0.488667 0.485484
    0.99      0.6 0.474667 0.495686
   0.999      0.6 0.471333  0.49952
  0.9999      0.6 0.471333 0.499956
       0      0.7 0.471333 0.466667
     0.2      0.7     0.49 0.467886
     0.4      0.7     0.49 0.468618
     0.6      0.7 0.487333 0.470087
     0.8      0.7 0.488667  0.47394
     0.9      0.7 0.491333 0.479362
    0.95      0.7    0.486 0.485448
    0.99      0.7 0.476667 0.495674
   0.999      0.7 0.471333 0.499518
  0.9999      0.7 0.471333 0.499955
       0      0.8 0.471333 0.466667
     0.2      0.8 0.488667 0.467736
     0.4      0.8 0.489333 0.468496
     0.6      0.8 0.486667 0.469998
     0.8      0.8 0.490667 0.473884
     0.9      0.8 0.487333 0.479324
    0.95      0.8 0.484667 0.485421
    0.99      0.8 0.474667 0.495665
   0.999      0.8 0.471333 0.499516
  0.9999      0.8 0.471333 0.499954
       0      0.9 0.471333 0.466667
     0.2      0.9 0.489333  0.46763
     0.4      0.9 0.488667 0.468412
     0.6      0.9 0.486667 0.469936
     0.8      0.9 0.491333 0.473845
     0.9      0.9 0.486667 0.479296
    0.95      0.9 0.486667   0.4854
    0.99      0.9 0.474667 0.495657
   0.999      0.9 0.471333 0.499515
  0.9999      0.9 0.471333 0.499953
       0        1 0.471333 0.466667
     0.2        1     0.49 0.467552
     0.4        1    0.488 0.468351
     0.6        1 0.487333 0.469891
     0.8        1 0.491333 0.473816
     0.9        1    0.484 0.479274
    0.95        1 0.485333 0.485384
    0.99        1    0.472 0.495651
   0.999        1 0.471333 0.499514
  0.9999        1 0.471333 0.499953
       0        2 0.471333 0.466667
     0.2        2     0.49 0.467299
     0.4        2    0.488 0.468153
     0.6        2    0.486 0.469747
     0.8        2 0.491333 0.473721
     0.9        2 0.487333   0.4792
    0.95        2 0.489333 0.485323
    0.99        2 0.471333 0.495626
   0.999        2 0.471333 0.499509
  0.9999        2 0.471333 0.499951
       0        4 0.471333 0.466667
     0.2        4 0.490667 0.467235
     0.4        4    0.488 0.468103
     0.6        4    0.486 0.469711
     0.8        4    0.492 0.473696
     0.9        4 0.488667 0.479179
    0.95        4     0.49 0.485306
    0.99        4 0.471333 0.495619
   0.999        4 0.471333 0.499508
  0.9999        4 0.471333  0.49995