        0      0.05  0.446667  0.466667
      0.2      0.05 0.0613333  0.116579
      0.4      0.05 0.0553333  0.130559
      0.6      0.05 0.0586667  0.153663
      0.8      0.05 0.0573333  0.202763
      0.9      0.05 0.0706667  0.262642
     0.95      0.05 0.0806667  0.327533
     0.99      0.05  0.152667  0.443478
    0.999      0.05  0.479333  0.492204
   0.9999      0.05      0.48  0.498072
        0       0.1  0.446667  0.466667
      0.2       0.1 0.0633333  0.212876
      0.4       0.1 0.0653333  0.236085
      0.6       0.1 0.0713333  0.270946
      0.8       0.1     0.078  0.332411
      0.9       0.1  0.106667  0.387983
     0.95       0.1  0.164667  0.430792
     0.99       0.1     0.444  0.481167
    0.999       0.1      0.48  0.496346
   0.9999       0.1      0.48  0.497989
        0      0.15  0.446667  0.466667
      0.2      0.15 0.0726667  0.292222
      0.4      0.15     0.074  0.316525
      0.6      0.15 0.0893333  0.349579
      0.8      0.15  0.120667  0.398498
      0.9      0.15  0.209333  0.434976
     0.95      0.15      0.35  0.460069
     0.99      0.15  0.446667  0.488328
    0.999      0.15      0.48  0.496862
   0.9999      0.15      0.48   0.49779
        0       0.2  0.446667  0.466667
      0.2       0.2 0.0893333  0.349702
      0.4       0.2     0.098  0.370555
      0.6       0.2  0.126667  0.396463
      0.8       0.2  0.219333  0.430791
      0.9       0.2     0.362  0.454649
     0.95       0.2     0.446  0.471135
     0.99       0.2  0.446667  0.490775
    0.999       0.2      0.48  0.497056
   0.9999       0.2      0.48  0.497749
        0       0.3  0.446667  0.466667
      0.2       0.3     0.154  0.416167
      0.4       0.3  0.198667  0.427627
      0.6       0.3  0.287333  0.440733
      0.8       0.3     0.404  0.457285
      0.9       0.3  0.446667  0.469534
     0.95       0.3  0.446667  0.479231
     0.99       0.3  0.446667  0.492721
    0.999       0.3      0.48  0.497469
   0.9999       0.3      0.48  0.498004
        0       0.4  0.446667  0.466667
      0.2       0.4  0.269333  0.444575
      0.4       0.4  0.323333  0.450346
      0.6       0.4  0.398667  0.457046
      0.8       0.4  0.446667  0.466325
      0.9       0.4  0.446667  0.474534
     0.95       0.4  0.446667  0.482072
     0.99       0.4  0.446667  0.493672
    0.999       0.4      0.48  0.497933
   0.9999       0.4      0.48  0.498417
        0       0.5  0.446667  0.466667
      0.2       0.5  0.345333  0.456164
      0.4       0.5  0.403333  0.459391
      0.6       0.5      0.44  0.463407
      0.8       0.5  0.446667  0.469844
      0.9       0.5  0.446667  0.476566
     0.95       0.5  0.446667  0.483331
     0.99       0.5  0.446667  0.494245
    0.999       0.5      0.48  0.498317
   0.9999       0.5      0.48  0.498781
        0       0.6  0.446667  0.466667
      0.2       0.6  0.402667  0.461193
      0.4       0.6  0.430667  0.463299
      0.6       0.6  0.446667  0.466161
      0.8       0.6  0.446667  0.471411
      0.9       0.6  0.446667  0.477527
     0.95       0.6  0.446667   0.48398
     0.99       0.6  0.446667  0.494609
    0.999       0.6      0.48  0.498599
   0.9999       0.6      0.48  0.499053
        0       0.7  0.446667  0.466667
      0.2       0.7  0.421333  0.463604
      0.4       0.7  0.440667   0.46518
      0.6       0.7  0.446667  0.467502
      0.8       0.7  0.446667  0.472204
      0.9       0.7  0.446667  0.478043
     0.95       0.7  0.446667  0.484354
     0.99       0.7  0.446667  0.494851
    0.999       0.7      0.48    0.4988
   0.9999       0.7      0.48   0.49925
        0       0.8  0.446667  0.466667
      0.2       0.8  0.428667  0.464876
      0.4       0.8  0.445333  0.466179
      0.6       0.8  0.446667  0.468226
      0.8       0.8  0.446667  0.472649
      0.9       0.8  0.446667  0.478349
     0.95       0.8  0.446667  0.484588
     0.99       0.8  0.446667  0.495017
    0.999       0.8      0.48  0.498945
   0.9999       0.8      0.48  0.499392
        0       0.9  0.446667  0.466667
      0.2       0.9  0.434667  0.465603
      0.4       0.9  0.446667  0.466756
      0.6       0.9  0.446667  0.468651
      0.8       0.9  0.446667  0.472921
      0.9       0.9  0.446667  0.478545
     0.95       0.9  0.446667  0.484745
     0.99       0.9  0.446667  0.495135
    0.999       0.9      0.48  0.499051
   0.9999       0.9      0.48  0.499497
        0         1  0.446667  0.466667
      0.2         1     0.438  0.466049
      0.4         1  0.446667  0.467113
      0.6         1  0.446667  0.468918
      0.8         1  0.446667  0.473099
      0.9         1  0.446667  0.478678
     0.95         1  0.446667  0.484855
     0.99         1  0.446667  0.495223
    0.999         1      0.48  0.499131
   0.9999         1      0.48  0.499576
        0         2  0.446667  0.466667
      0.2         2  0.446667  0.467036
      0.4         2  0.446667  0.467928
      0.6         2  0.446667  0.469559
      0.8         2  0.446667  0.473567
      0.9         2  0.446667   0.47906
     0.95         2  0.446667  0.485192
     0.99         2  0.446667  0.495515
    0.999         2  0.446667  0.499407
   0.9999         2      0.48   0.49985
        0         4  0.446667  0.466667
      0.2         4  0.446667  0.467176
      0.4         4  0.446667  0.468052
      0.6         4  0.446667  0.469667
      0.8         4  0.446667  0.473659
      0.9         4  0.446667  0.479145
     0.95         4  0.446667  0.485273
     0.99         4  0.446667  0.495591
    0.999         4  0.446667  0.499482
   0.9999         4  0.446667  0.499925