          0        0.05    0.466667    0.466667
        0.2        0.05   0.0213333   0.0293052
        0.4        0.05   0.0213333    0.028206
        0.6        0.05        0.02   0.0276922
        0.8        0.05        0.02   0.0274724
        0.9        0.05        0.02   0.0267583
       0.95        0.05        0.02   0.0267439
       0.99        0.05   0.0206667   0.0274094
      0.999        0.05   0.0206667   0.0274194
     0.9999        0.05   0.0206667   0.0274216
          0         0.1    0.466667    0.466667
        0.2         0.1 0.000666667 0.000709098
        0.4         0.1           0 0.000421243
        0.6         0.1 0.000666667 0.000744274
        0.8         0.1 0.000666667 0.000961723
        0.9         0.1           0 0.000983245
       0.95         0.1           0  0.00100821
       0.99         0.1           0  0.00120355
      0.999         0.1           0  0.00272523
     0.9999         0.1  0.00466667     0.01089
          0        0.15    0.466667    0.466667
        0.2        0.15       0.006  0.00675335
        0.4        0.15 0.000666667  0.00178513
        0.6        0.15 0.000666667  0.00205529
        0.8        0.15           0  0.00324628
        0.9        0.15           0  0.00515262
       0.95        0.15  0.00133333  0.00794201
       0.99        0.15  0.00333333   0.0218247
      0.999        0.15   0.0626667    0.049456
     0.9999        0.15   0.0633333   0.0584711
          0         0.2    0.466667    0.466667
        0.2         0.2       0.008   0.0138274
        0.4         0.2  0.00666667   0.0125828
        0.6         0.2 0.000666667   0.0101293
        0.8         0.2           0   0.0143309
        0.9         0.2           0   0.0216433
       0.95         0.2  0.00933333   0.0303163
       0.99         0.2   0.0493333   0.0473725
      0.999         0.2   0.0633333   0.0560713
     0.9999         0.2   0.0633333   0.0612478
          0         0.3    0.466667    0.466667
        0.2         0.3       0.036   0.0541195
        0.4         0.3        0.03   0.0461914
        0.6         0.3   0.0166667   0.0388704
        0.8         0.3   0.0333333   0.0405638
        0.9         0.3   0.0433333   0.0445771
       0.95         0.3   0.0433333   0.0490768
       0.99         0.3   0.0453333   0.0579432
      0.999         0.3   0.0453333   0.0737187
     0.9999         0.3        0.07   0.0917785
          0         0.4    0.466667    0.466667
        0.2         0.4       0.066   0.0832479
        0.4         0.4   0.0633333   0.0734877
        0.6         0.4   0.0673333   0.0669031
        0.8         0.4   0.0626667    0.063134
        0.9         0.4   0.0473333   0.0638917
       0.95         0.4   0.0473333   0.0677933
       0.99         0.4   0.0666667   0.0848377
      0.999         0.4       0.092    0.112145
     0.9999         0.4       0.092     0.13332
          0         0.5    0.466667    0.466667
        0.2         0.5   0.0993333   0.0993177
        0.4         0.5   0.0886667   0.0929271
        0.6         0.5        0.08   0.0874941
        0.8         0.5        0.07    0.084376
        0.9         0.5   0.0666667   0.0872807
       0.95         0.5   0.0673333   0.0943823
       0.99         0.5       0.092    0.117181
      0.999         0.5       0.092    0.165135
     0.9999         0.5    0.183333    0.260776
          0         0.6    0.466667    0.466667
        0.2         0.6       0.106    0.112966
        0.4         0.6   0.0953333    0.107914
        0.6         0.6       0.088    0.105476
        0.8         0.6   0.0853333     0.10705
        0.9         0.6       0.086    0.113709
       0.95         0.6   0.0886667     0.12446
       0.99         0.6       0.102    0.164013
      0.999         0.6    0.197333    0.258984
     0.9999         0.6    0.311333    0.360007
          0         0.7    0.466667    0.466667
        0.2         0.7    0.109333    0.128742
        0.4         0.7    0.103333    0.124105
        0.6         0.7       0.096    0.124573
        0.8         0.7   0.0933333    0.131899
        0.9         0.7       0.096    0.145051
       0.95         0.7    0.101333    0.163776
       0.99         0.7       0.142    0.225617
      0.999         0.7    0.218667    0.339716
     0.9999         0.7       0.404    0.426092
          0         0.8    0.466667    0.466667
        0.2         0.8    0.121333    0.147479
        0.4         0.8       0.108    0.144226
        0.6         0.8    0.105333    0.147814
        0.8         0.8       0.108    0.162326
        0.9         0.8    0.113333    0.184122
       0.95         0.8    0.117333    0.211957
       0.99         0.8    0.200667    0.292979
      0.999         0.8    0.379333    0.408847
     0.9999         0.8    0.451333    0.463575
          0         0.9    0.466667    0.466667
        0.2         0.9    0.129333    0.168798
        0.4         0.9    0.118667     0.16912
        0.6         0.9       0.116    0.176676
        0.8         0.9       0.118    0.199243
        0.9         0.9    0.122667    0.229817
       0.95         0.9       0.174    0.266266
       0.99         0.9    0.212667    0.359784
      0.999         0.9    0.417333    0.449598
     0.9999         0.9         0.5    0.481135
          0           1    0.466667    0.466667
        0.2           1    0.137333    0.192858
        0.4           1       0.132    0.197931
        0.6           1    0.124667    0.210499
        0.8           1    0.128667    0.241144
        0.9           1    0.165333    0.279153
       0.95           1    0.196667    0.320963
       0.99           1       0.298    0.408724
      0.999           1    0.450667    0.471384
     0.9999           1         0.5    0.493089
          0           2    0.466667    0.466667
        0.2           2    0.201333    0.401285
        0.4           2    0.213333    0.413331
        0.6           2    0.229333    0.428291
        0.8           2    0.259333    0.449103
        0.9           2    0.331333    0.465185
       0.95           2    0.423333    0.477535
       0.99           2    0.466667    0.493764
      0.999           2         0.5    0.499307
     0.9999           2         0.5     0.49993
          0           4    0.466667    0.466667
        0.2           4    0.370667    0.459823
        0.4           4    0.390667    0.462396
        0.6           4       0.406    0.465801
        0.8           4    0.362667    0.471697
        0.9           4    0.457333    0.478186
       0.95           4    0.466667    0.484824
       0.99           4    0.466667    0.495529
      0.999           4    0.466667    0.499499
     0.9999           4         0.5    0.499949