       0     0.05 0.816667 0.816667
       0      0.1 0.816667 0.816667
       0     0.15 0.816667 0.816667
       0      0.2 0.816667 0.816667
       0      0.3 0.816667 0.816667
       0      0.4 0.816667 0.816667
       0      0.5 0.816667 0.816667
       0      0.6 0.816667 0.816667
       0      0.7 0.816667 0.816667
       0      0.8 0.816667 0.816667
       0      0.9 0.816667 0.816667
       0        1 0.816667 0.816667
       0        2 0.816667 0.816667
       0        4 0.816667 0.816667
     0.2     0.05 0.299333 0.357467
     0.2      0.1 0.278667 0.278351
     0.2     0.15 0.283333 0.285021
     0.2      0.2 0.294667 0.296322
     0.2      0.3 0.335333 0.333374
     0.2      0.4 0.342667 0.343106
     0.2      0.5 0.361333 0.361522
     0.2      0.6    0.368 0.372285
     0.2      0.7    0.374 0.381715
     0.2      0.8    0.376 0.393695
     0.2      0.9     0.38 0.411323
     0.2        1 0.379333 0.435607
     0.2        2 0.383333 0.726455
     0.2        4 0.524667 0.805597
     0.4     0.05 0.297333 0.354668
     0.4      0.1 0.274667 0.274122
     0.4     0.15 0.290667 0.288713
     0.4      0.2 0.283333 0.284958
     0.4      0.3 0.316667 0.317258
     0.4      0.4 0.336667  0.33323
     0.4      0.5 0.342667 0.343878
     0.4      0.6     0.36 0.360368
     0.4      0.7 0.364667 0.373601
     0.4      0.8    0.368 0.389867
     0.4      0.9 0.371333  0.41286
     0.4        1 0.377333 0.443615
     0.4        2 0.384667 0.744018
     0.4        4 0.532667 0.808403
     0.6     0.05    0.294 0.354667
     0.6      0.1 0.273333 0.272937
     0.6     0.15 0.275333 0.276267
     0.6      0.2 0.289333   0.2874
     0.6      0.3 0.299333 0.295367
     0.6      0.4     0.33 0.324236
     0.6      0.5    0.338 0.332605
     0.6      0.6 0.347333 0.346164
     0.6      0.7 0.357333 0.364211
     0.6      0.8 0.364667 0.386542
     0.6      0.9 0.367333 0.418099
     0.6        1 0.377333 0.459103
     0.6        2 0.392667 0.764318
     0.6        4 0.563333 0.811414
     0.8     0.05 0.292667 0.354111
     0.8      0.1 0.273333 0.272801
     0.8     0.15 0.273333  0.27345
     0.8      0.2    0.274 0.274386
     0.8      0.3 0.285333  0.28208
     0.8      0.4      0.3 0.299836
     0.8      0.5 0.328667 0.320095
     0.8      0.6 0.334667 0.332803
     0.8      0.7    0.348 0.352842
     0.8      0.8     0.36 0.386811
     0.8      0.9 0.369333 0.436969
     0.8        1    0.378 0.497619
     0.8        2    0.412 0.788678
     0.8        4 0.679333 0.814991
     0.9     0.05     0.29    0.353
     0.9      0.1    0.272  0.27164
     0.9     0.15     0.27 0.268821
     0.9      0.2 0.268667 0.268057
     0.9      0.3    0.272 0.269491
     0.9      0.4 0.265333 0.278143
     0.9      0.5      0.3 0.303941
     0.9      0.6 0.325333 0.322981
     0.9      0.7 0.338667 0.347943
     0.9      0.8    0.354 0.397603
     0.9      0.9    0.372 0.470616
     0.9        1 0.379333  0.54921
     0.9        2 0.459333 0.803635
     0.9        4 0.755333 0.817748
    0.95     0.05 0.289333 0.350778
    0.95      0.1 0.269333 0.269068
    0.95     0.15 0.263333 0.260966
    0.95      0.2 0.259333 0.257373
    0.95      0.3 0.257333 0.252661
    0.95      0.4    0.248 0.260188
    0.95      0.5    0.274  0.28791
    0.95      0.6 0.321333 0.312528
    0.95      0.7    0.334 0.348563
    0.95      0.8 0.347333  0.42191
    0.95      0.9    0.366 0.518333
    0.95        1 0.387333 0.607125
    0.95        2 0.545333 0.813091
    0.95        4 0.784667 0.820531
    0.99     0.05 0.289333    0.348
    0.99      0.1 0.259333 0.260084
    0.99     0.15 0.256667 0.254286
    0.99      0.2 0.241333  0.24218
    0.99      0.3     0.23 0.231821
    0.99      0.4 0.226667 0.239866
    0.99      0.5 0.220667 0.266808
    0.99      0.6    0.302 0.304376
    0.99      0.7 0.320667 0.390991
    0.99      0.8 0.342667 0.530451
    0.99      0.9    0.392 0.649846
    0.99        1    0.422 0.725642
    0.99        2    0.754  0.82585
    0.99        4 0.816667 0.827604
   0.999     0.05 0.289333 0.345222
   0.999      0.1 0.259333 0.258555
   0.999     0.15 0.239333 0.240683
   0.999      0.2 0.233333 0.235548
   0.999      0.3    0.216 0.224444
   0.999      0.4 0.201333 0.237402
   0.999      0.5    0.264 0.279329
   0.999      0.6 0.313333 0.366218
   0.999      0.7 0.340667 0.559897
   0.999      0.8 0.400667  0.70756
   0.999      0.9    0.468  0.77911
   0.999        1 0.500667 0.810323
   0.999        2 0.817333 0.832312
   0.999        4 0.816667 0.832526
  0.9999     0.05    0.288 0.345778
  0.9999      0.1    0.254  0.25192
  0.9999     0.15 0.236667 0.236891
  0.9999      0.2 0.234667 0.228373
  0.9999      0.3 0.206667 0.215342
  0.9999      0.4    0.272 0.261389
  0.9999      0.5    0.272 0.308948
  0.9999      0.6    0.284 0.529054
  0.9999      0.7     0.41 0.723191
  0.9999      0.8 0.627333 0.800651
  0.9999      0.9 0.800667 0.823877
  0.9999        1 0.832667 0.830441
  0.9999        2     0.83 0.833227
  0.9999        4     0.83 0.833249