       0     0.05 0.493333 0.493333
     0.2     0.05 0.214667   0.2314
     0.4     0.05 0.203333 0.232891
     0.6     0.05 0.195333 0.243114
     0.8     0.05    0.194 0.279417
     0.9     0.05 0.213333 0.331277
    0.95     0.05    0.248 0.384314
    0.99     0.05 0.318667 0.464646
   0.999     0.05 0.325333  0.49576
  0.9999     0.05 0.499333 0.499566
       0      0.1 0.493333 0.493333
     0.2      0.1 0.268667 0.347993
     0.4      0.1 0.283333 0.367464
     0.6      0.1 0.303333 0.393881
     0.8      0.1     0.33 0.431497
     0.9      0.1    0.358 0.457686
    0.95      0.1 0.382667 0.474416
    0.99      0.1 0.400667 0.492512
   0.999      0.1 0.445333 0.499045
  0.9999      0.1 0.493333 0.499901
       0     0.15 0.493333 0.493333
     0.2     0.15 0.344667 0.422696
     0.4     0.15     0.37 0.435757
     0.6     0.15    0.406 0.450837
     0.8     0.15 0.430667    0.469
     0.9     0.15 0.440667 0.480272
    0.95     0.15 0.449333 0.487246
    0.99     0.15 0.467333 0.495495
   0.999     0.15 0.430667 0.499361
  0.9999     0.15 0.493333 0.499933
       0      0.2 0.493333 0.493333
     0.2      0.2 0.449333 0.455247
     0.4      0.2 0.458667 0.462443
     0.6      0.2    0.466  0.47057
     0.8      0.2 0.472667 0.480398
     0.9      0.2    0.478 0.486685
    0.95      0.2 0.481333 0.490749
    0.99      0.2 0.434667 0.496271
   0.999      0.2 0.493333 0.499442
  0.9999      0.2    0.494 0.499941
       0      0.3 0.493333 0.493333
     0.2      0.3 0.492667 0.475368
     0.4      0.3 0.492667 0.478691
     0.6      0.3    0.494 0.482637
     0.8      0.3 0.492667 0.487582
     0.9      0.3    0.488 0.490788
    0.95      0.3    0.466 0.492985
    0.99      0.3 0.492667 0.496763
   0.999      0.3 0.493333 0.499494
  0.9999      0.3    0.496 0.499946
       0      0.4 0.493333 0.493333
     0.2      0.4    0.496 0.482037
     0.4      0.4 0.495333 0.484356
     0.6      0.4 0.494667  0.48702
     0.8      0.4    0.492 0.490202
     0.9      0.4     0.48 0.492242
    0.95      0.4    0.454 0.493757
    0.99      0.4 0.493333 0.496933
   0.999      0.4 0.493333 0.499514
  0.9999      0.4 0.493333 0.499948
       0      0.5 0.493333 0.493333
     0.2      0.5 0.498667 0.485641
     0.4      0.5 0.496667 0.487353
     0.6      0.5 0.494667 0.489252
     0.8      0.5    0.492 0.491462
     0.9      0.5 0.470667 0.492915
    0.95      0.5    0.444 0.494106
    0.99      0.5 0.493333 0.497009
   0.999      0.5 0.493333 0.499522
  0.9999      0.5 0.493333 0.499949
       0      0.6 0.493333 0.493333
     0.2      0.6    0.498  0.48782
     0.4      0.6 0.497333 0.489112
     0.6      0.6 0.492667 0.490518
     0.8      0.6 0.490667 0.492149
     0.9      0.6 0.471333 0.493273
    0.95      0.6 0.435333 0.494291
    0.99      0.6 0.493333 0.497048
   0.999      0.6 0.493333 0.499527
  0.9999      0.6 0.493333  0.49995
       0      0.7 0.493333 0.493333
     0.2      0.7    0.498 0.489213
     0.4      0.7    0.498 0.490214
     0.6      0.7 0.493333 0.491295
     0.8      0.7 0.490667  0.49256
     0.9      0.7 0.467333 0.493485
    0.95      0.7    0.424 0.494399
    0.99      0.7 0.493333 0.497071
   0.999      0.7 0.493333 0.499529
  0.9999      0.7 0.493333  0.49995
       0      0.8 0.493333 0.493333
     0.2      0.8 0.498667 0.490149
     0.4      0.8 0.497333 0.490945
     0.6      0.8    0.494 0.491803
     0.8      0.8 0.488667 0.492825
     0.9      0.8    0.466 0.493621
    0.95      0.8    0.418 0.494467
    0.99      0.8 0.493333 0.497085
   0.999      0.8 0.493333 0.499531
  0.9999      0.8 0.493333  0.49995
       0      0.9 0.493333 0.493333
     0.2      0.9 0.498667 0.490803
     0.4      0.9 0.497333 0.491451
     0.6      0.9 0.493333 0.492152
     0.8      0.9    0.488 0.493005
     0.9      0.9 0.464667 0.493713
    0.95      0.9 0.414667 0.494513
    0.99      0.9 0.493333 0.497095
   0.999      0.9 0.493333 0.499532
  0.9999      0.9 0.493333  0.49995
       0        1 0.493333 0.493333
     0.2        1    0.498 0.491278
     0.4        1    0.498 0.491817
     0.6        1 0.493333 0.492402
     0.8        1    0.488 0.493134
     0.9        1 0.464667 0.493778
    0.95        1    0.412 0.494546
    0.99        1 0.493333 0.497101
   0.999        1 0.493333 0.499532
  0.9999        1 0.493333  0.49995
       0        2 0.493333 0.493333
     0.2        2 0.497333 0.492829
     0.4        2 0.495333 0.492996
     0.6        2 0.493333 0.493199
     0.8        2 0.487333 0.493538
     0.9        2    0.462 0.493982
    0.95        2    0.406 0.494648
    0.99        2 0.493333 0.497121
   0.999        2 0.493333 0.499534
  0.9999        2 0.493333  0.49995
       0        4 0.493333 0.493333
     0.2        4 0.496667 0.493223
     0.4        4 0.495333 0.493293
     0.6        4 0.492667 0.493398
     0.8        4 0.486667 0.493638
     0.9        4 0.460667 0.494031
    0.95        4    0.404 0.494673
    0.99        4 0.493333 0.497126
   0.999        4 0.493333 0.499535
  0.9999        4 0.493333  0.49995