       0     0.05     0.47     0.49
     0.2     0.05 0.168667  0.17905
     0.4     0.05 0.171333 0.186766
     0.6     0.05    0.172 0.201857
     0.8     0.05 0.176667 0.239522
     0.9     0.05 0.190667 0.288797
    0.95     0.05    0.238 0.342557
    0.99     0.05 0.293333 0.441735
   0.999     0.05 0.449333 0.491105
  0.9999     0.05     0.48 0.497919
       0      0.1     0.47     0.49
     0.2      0.1 0.166667 0.237946
     0.4      0.1 0.175333 0.260685
     0.6      0.1 0.190667 0.293751
     0.8      0.1 0.252667 0.349418
     0.9      0.1 0.275333 0.397754
    0.95      0.1 0.293333 0.434571
    0.99      0.1 0.378667 0.480129
   0.999      0.1     0.48 0.495872
  0.9999      0.1     0.48 0.497728
       0     0.15     0.47     0.49
     0.2     0.15 0.215333 0.311563
     0.4     0.15    0.232 0.334972
     0.6     0.15 0.258667 0.365992
     0.8     0.15 0.279333 0.410534
     0.9     0.15 0.296667 0.442758
    0.95     0.15 0.319333 0.464232
    0.99     0.15     0.47 0.488177
   0.999     0.15     0.48 0.496448
  0.9999     0.15     0.48 0.497461
       0      0.2     0.47     0.49
     0.2      0.2 0.251333 0.366631
     0.4      0.2 0.266667 0.386622
     0.6      0.2    0.274 0.411087
     0.8      0.2 0.292667  0.44274
     0.9      0.2    0.322 0.463482
    0.95      0.2 0.428667 0.476464
    0.99      0.2     0.47 0.491023
   0.999      0.2     0.48 0.496662
  0.9999      0.2     0.48 0.497396
       0      0.3     0.47     0.49
     0.2      0.3 0.259333 0.433219
     0.4      0.3    0.272 0.444394
     0.6      0.3 0.298667 0.456937
     0.8      0.3 0.374667 0.471545
     0.9      0.3 0.466667 0.480314
    0.95      0.3     0.47 0.485813
    0.99      0.3     0.47   0.4933
   0.999      0.3     0.48 0.497135
  0.9999      0.3     0.48 0.497677
       0      0.4     0.47     0.49
     0.2      0.4 0.289333 0.463824
     0.4      0.4    0.318 0.469347
     0.6      0.4 0.379333 0.475319
     0.8      0.4    0.464 0.482035
     0.9      0.4     0.47 0.486152
    0.95      0.4     0.47 0.489093
    0.99      0.4     0.47  0.49439
   0.999      0.4     0.48 0.497671
  0.9999      0.4     0.48  0.49815
       0      0.5     0.47     0.49
     0.2      0.5 0.347333 0.477021
     0.4      0.5 0.392667 0.479809
     0.6      0.5     0.45 0.482794
     0.8      0.5     0.47 0.486204
     0.9      0.5     0.47 0.488522
    0.95      0.5     0.47 0.490524
    0.99      0.5     0.47 0.495045
   0.999      0.5     0.48 0.498118
  0.9999      0.5     0.48 0.498572
       0      0.6     0.47     0.49
     0.2      0.6 0.402667 0.482931
     0.4      0.6 0.445333 0.484447
     0.6      0.6 0.468667 0.486088
     0.8      0.6     0.47 0.488069
     0.9      0.6     0.47 0.489636
    0.95      0.6     0.47 0.491255
    0.99      0.6     0.47 0.495463
   0.999      0.6    0.476 0.498448
  0.9999      0.6     0.48 0.498891
       0      0.7     0.47     0.49
     0.2      0.7 0.443333 0.485802
     0.4      0.7    0.464 0.486701
     0.6      0.7     0.47 0.487699
     0.8      0.7     0.47  0.48901
     0.9      0.7     0.47 0.490232
    0.95      0.7     0.47 0.491676
    0.99      0.7     0.47 0.495743
   0.999      0.7     0.47 0.498685
  0.9999      0.7     0.48 0.499121
       0      0.8     0.47     0.49
     0.2      0.8 0.460667 0.487322
     0.4      0.8     0.47   0.4879
     0.6      0.8     0.47 0.488567
     0.8      0.8     0.47 0.489537
     0.9      0.8     0.47 0.490584
    0.95      0.8     0.47 0.491941
    0.99      0.8     0.47 0.495936
   0.999      0.8     0.47 0.498856
  0.9999      0.8     0.48 0.499289
       0      0.9     0.47     0.49
     0.2      0.9 0.468667 0.488189
     0.4      0.9     0.47  0.48859
     0.6      0.9     0.47 0.489075
     0.8      0.9     0.47 0.489857
     0.9      0.9     0.47 0.490808
    0.95      0.9     0.47 0.492118
    0.99      0.9     0.47 0.496075
   0.999      0.9     0.47 0.498982
  0.9999      0.9     0.48 0.499413
       0        1     0.47     0.49
     0.2        1     0.47 0.488718
     0.4        1     0.47 0.489014
     0.6        1     0.47 0.489392
     0.8        1     0.47 0.490064
     0.9        1     0.47  0.49096
    0.95        1     0.47 0.492243
    0.99        1     0.47 0.496178
   0.999        1     0.47 0.499076
  0.9999        1     0.48 0.499506
       0        2     0.47     0.49
     0.2        2     0.47 0.489861
     0.4        2     0.47  0.48996
     0.6        2     0.47 0.490137
     0.8        2     0.47 0.490604
     0.9        2     0.47 0.491397
    0.95        2     0.47  0.49263
    0.99        2     0.47 0.496524
   0.999        2     0.47 0.499405
  0.9999        2     0.48 0.499832
       0        4     0.47     0.49
     0.2        4     0.47 0.490012
     0.4        4     0.47 0.490096
     0.6        4     0.47 0.490257
     0.8        4     0.47 0.490709
     0.9        4     0.47 0.491495
    0.95        4     0.47 0.492724
    0.99        4     0.47 0.496615
   0.999        4     0.47 0.499493
  0.9999        4     0.47  0.49992