        0      0.05     0.486  0.496667
      0.2      0.05     0.486  0.495667
      0.4      0.05     0.486  0.495667
      0.6      0.05     0.486  0.495667
      0.8      0.05     0.486  0.495667
      0.9      0.05     0.486  0.495667
     0.95      0.05     0.486  0.495667
     0.99      0.05     0.486  0.495667
    0.999      0.05     0.486  0.495667
   0.9999      0.05     0.486  0.495667
        0       0.1     0.486  0.496667
      0.2       0.1     0.234  0.236921
      0.4       0.1      0.23  0.230302
      0.6       0.1     0.232  0.230091
      0.8       0.1  0.218667  0.219506
      0.9       0.1     0.212  0.211868
     0.95       0.1  0.213333  0.206767
     0.99       0.1     0.182  0.193973
    0.999       0.1     0.168   0.17238
   0.9999       0.1      0.15  0.151873
        0      0.15     0.486  0.496667
      0.2      0.15     0.252  0.249839
      0.4      0.15  0.242667  0.238853
      0.6      0.15  0.228667  0.229059
      0.8      0.15  0.219333  0.211781
      0.9      0.15  0.210667  0.200014
     0.95      0.15  0.178667   0.18744
     0.99      0.15      0.15  0.158336
    0.999      0.15     0.136   0.13945
   0.9999      0.15     0.128   0.12806
        0       0.2     0.486  0.496667
      0.2       0.2  0.264667  0.258546
      0.4       0.2  0.249333  0.244457
      0.6       0.2  0.234667  0.229409
      0.8       0.2  0.215333  0.205732
      0.9       0.2      0.17  0.187297
     0.95       0.2      0.16  0.170407
     0.99       0.2  0.131333  0.145381
    0.999       0.2     0.118  0.127152
   0.9999       0.2 0.0873333  0.114855
        0       0.3     0.486  0.496667
      0.2       0.3     0.268  0.271369
      0.4       0.3  0.248667  0.254538
      0.6       0.3  0.219333  0.236717
      0.8       0.3  0.192667  0.209252
      0.9       0.3     0.164  0.185121
     0.95       0.3  0.136667    0.1652
     0.99       0.3 0.0926667   0.14117
    0.999       0.3 0.0713333  0.177175
   0.9999       0.3  0.140667  0.318341
        0       0.4     0.486  0.496667
      0.2       0.4  0.256667  0.290166
      0.4       0.4  0.227333   0.27246
      0.6       0.4     0.202   0.25441
      0.8       0.4     0.176  0.231198
      0.9       0.4     0.132  0.216621
     0.95       0.4 0.0973333  0.214086
     0.99       0.4 0.0626667  0.267684
    0.999       0.4  0.185333  0.423244
   0.9999       0.4     0.488  0.488061
        0       0.5     0.486  0.496667
      0.2       0.5     0.242  0.309818
      0.4       0.5  0.213333  0.301159
      0.6       0.5      0.19   0.29306
      0.8       0.5     0.158  0.288856
      0.9       0.5  0.124667  0.298413
     0.95       0.5 0.0946667  0.323281
     0.99       0.5 0.0926667  0.413442
    0.999       0.5  0.460667  0.485796
   0.9999       0.5  0.489333  0.497841
        0       0.6     0.486  0.496667
      0.2       0.6     0.236  0.334736
      0.4       0.6  0.208667  0.334419
      0.6       0.6  0.184667  0.337452
      0.8       0.6     0.164  0.352425
      0.9       0.6  0.127333  0.378792
     0.95       0.6     0.112  0.410947
     0.99       0.6      0.13  0.469847
    0.999       0.6  0.464667  0.495953
   0.9999       0.6  0.489333  0.499371
        0       0.7     0.486  0.496667
      0.2       0.7  0.229333  0.359954
      0.4       0.7  0.215333  0.365464
      0.6       0.7     0.192  0.376315
      0.8       0.7  0.170667  0.401441
      0.9       0.7  0.158667  0.429533
     0.95       0.7     0.148    0.4542
     0.99       0.7     0.154  0.486744
    0.999       0.7     0.426  0.498388
   0.9999       0.7  0.505333  0.499872
        0       0.8     0.486  0.496667
      0.2       0.8  0.234667  0.383226
      0.4       0.8  0.216667  0.392478
      0.6       0.8     0.204  0.407219
      0.8       0.8     0.186  0.433716
      0.9       0.8  0.184667  0.456841
     0.95       0.8  0.204667  0.473711
     0.99       0.8  0.409333  0.492703
    0.999       0.8  0.502667   0.49918
   0.9999       0.8  0.509333  0.500052
        0       0.9     0.486  0.496667
      0.2       0.9     0.232  0.403732
      0.4       0.9  0.221333  0.414579
      0.6       0.9  0.212667  0.429988
      0.8       0.9      0.21  0.453739
      0.9       0.9  0.222667  0.471507
     0.95       0.9  0.267333  0.483112
     0.99       0.9  0.457333  0.495182
    0.999       0.9  0.506667  0.499473
   0.9999       0.9      0.51  0.500102
        0         1     0.486  0.496667
      0.2         1     0.234  0.420905
      0.4         1     0.226  0.431817
      0.6         1  0.216667  0.446202
      0.8         1  0.223333  0.466239
      0.9         1  0.249333  0.479782
     0.95         1     0.322  0.488029
     0.99         1  0.485333   0.49634
    0.999         1  0.507333  0.499587
   0.9999         1      0.51  0.500105
        0         2     0.486  0.496667
      0.2         2  0.248667  0.480544
      0.4         2  0.249333  0.484247
      0.6         2  0.251333  0.488179
      0.8         2     0.272  0.492391
      0.9         2     0.334  0.494677
     0.95         2  0.432667   0.49599
     0.99         2  0.507333  0.497882
    0.999         2  0.507333  0.499623
   0.9999         2  0.507333  0.500004
        0         4     0.486  0.496667
      0.2         4  0.255333  0.492947
      0.4         4     0.254  0.493872
      0.6         4      0.26  0.494819
      0.8         4  0.289333  0.495815
      0.9         4  0.349333  0.496394
     0.95         4  0.459333  0.496823
     0.99         4  0.507333  0.497976
    0.999         4  0.507333  0.499582
   0.9999         4  0.507333  0.499965