        0      0.05  0.166667  0.466667
        0       0.1  0.166667  0.466667
        0      0.15  0.166667  0.466667
        0       0.2  0.166667  0.466667
        0      0.25  0.166667  0.466667
        0       0.3  0.166667  0.466667
        0      0.35  0.166667  0.466667
        0       0.4  0.166667  0.466667
        0      0.45  0.166667  0.466667
        0       0.5  0.166667  0.466667
        0      0.55  0.166667  0.466667
        0       0.6  0.166667  0.466667
        0      0.65  0.166667  0.466667
        0       0.7  0.166667  0.466667
        0      0.75  0.166667  0.466667
        0       0.8  0.166667  0.466667
        0      0.85  0.166667  0.466667
        0       0.9  0.166667  0.466667
        0      0.95  0.166667  0.466667
        0         2  0.166667  0.466667
        0         4  0.166667  0.466667
        0         8  0.166667  0.466667
        0        16  0.166667  0.466667
      0.1      0.05  0.166667  0.466667
      0.1       0.1     0.158     0.197
      0.1      0.15 0.0426667 0.0421869
      0.1       0.2      0.05 0.0495257
      0.1      0.25 0.0513333 0.0520907
      0.1       0.3 0.0546667 0.0540698
      0.1      0.35     0.054  0.054926
      0.1       0.4 0.0553333 0.0559106
      0.1      0.45 0.0566667 0.0571405
      0.1       0.5 0.0593333 0.0591428
      0.1      0.55 0.0613333 0.0617791
      0.1       0.6     0.064 0.0641534
      0.1      0.65 0.0626667 0.0662679
      0.1       0.7 0.0626667 0.0684244
      0.1      0.75 0.0666667 0.0707135
      0.1       0.8 0.0666667 0.0730504
      0.1      0.85 0.0673333 0.0753749
      0.1       0.9      0.07  0.077738
      0.1      0.95 0.0733333 0.0802374
      0.1         2 0.0806667  0.214708
      0.1         4  0.139333   0.41582
      0.1         8     0.196  0.457431
      0.1        16  0.206667  0.464751
      0.2      0.05  0.166667  0.466667
      0.2       0.1     0.158     0.197
      0.2      0.15     0.042  0.041458
      0.2       0.2 0.0486667 0.0488103
      0.2      0.25      0.05 0.0500038
      0.2       0.3     0.052  0.052445
      0.2      0.35 0.0546667 0.0539617
      0.2       0.4     0.054 0.0547407
      0.2      0.45 0.0546667 0.0554907
      0.2       0.5 0.0553333 0.0564889
      0.2      0.55 0.0553333 0.0580031
      0.2       0.6     0.058 0.0600405
      0.2      0.65      0.06 0.0621924
      0.2       0.7 0.0606667 0.0642769
      0.2      0.75      0.06 0.0663794
      0.2       0.8     0.062  0.068592
      0.2      0.85 0.0613333 0.0709421
      0.2       0.9 0.0633333 0.0734396
      0.2      0.95     0.064   0.07612
      0.2         2     0.078  0.220429
      0.2         4  0.136667  0.418944
      0.2         8  0.182667  0.458287
      0.2        16  0.198667   0.46518
      0.3      0.05  0.166667  0.466667
      0.3       0.1     0.158     0.197
      0.3      0.15     0.042   0.04092
      0.3       0.2 0.0486667 0.0483006
      0.3      0.25 0.0486667 0.0492421
      0.3       0.3      0.05 0.0508095
      0.3      0.35     0.054 0.0527494
      0.3       0.4 0.0553333  0.053848
      0.3      0.45     0.056 0.0545389
      0.3       0.5 0.0553333 0.0552386
      0.3      0.55 0.0553333 0.0561979
      0.3       0.6 0.0566667 0.0575715
      0.3      0.65     0.056 0.0593343
      0.3       0.7 0.0573333 0.0612965
      0.3      0.75     0.058  0.063343
      0.3       0.8     0.058 0.0654932
      0.3      0.85 0.0586667  0.067806
      0.3       0.9     0.058 0.0703319
      0.3      0.95 0.0593333 0.0731195
      0.3         2 0.0773333  0.226948
      0.3         4  0.124667  0.422203
      0.3         8  0.168667  0.459221
      0.3        16     0.182  0.465687
      0.4      0.05  0.166667  0.466667
      0.4       0.1     0.158     0.197
      0.4      0.15 0.0413333 0.0404144
      0.4       0.2     0.048 0.0477048
      0.4      0.25 0.0486667 0.0486824
      0.4       0.3 0.0493333 0.0498088
      0.4      0.35 0.0506667 0.0514089
      0.4       0.4 0.0553333 0.0527467
      0.4      0.45 0.0546667 0.0535618
      0.4       0.5 0.0553333 0.0542027
      0.4      0.55 0.0553333 0.0549342
      0.4       0.6 0.0553333 0.0559283
      0.4      0.65     0.056 0.0572621
      0.4       0.7 0.0553333  0.058918
      0.4      0.75 0.0553333 0.0608174
      0.4       0.8 0.0566667 0.0629074
      0.4      0.85     0.056  0.065202
      0.4       0.9 0.0573333 0.0677552
      0.4      0.95 0.0566667 0.0706339
      0.4         2     0.076  0.234451
      0.4         4     0.114  0.425632
      0.4         8  0.153333  0.460267
      0.4        16  0.169333  0.466307
      0.5      0.05  0.166667  0.466667
      0.5       0.1     0.158     0.197
      0.5      0.15 0.0406667 0.0399245
      0.5       0.2     0.048  0.047026
      0.5      0.25 0.0486667 0.0480638
      0.5       0.3 0.0493333  0.049081
      0.5      0.35      0.05 0.0502993
      0.5       0.4 0.0533333 0.0515221
      0.5      0.45 0.0546667 0.0524014
      0.5       0.5 0.0553333 0.0530558
      0.5      0.55 0.0553333 0.0537056
      0.5       0.6 0.0553333 0.0545119
      0.5      0.65 0.0546667 0.0555732
      0.5       0.7 0.0553333  0.056937
      0.5      0.75 0.0546667 0.0586144
      0.5       0.8     0.054  0.060588
      0.5      0.85 0.0546667 0.0628525
      0.5       0.9     0.056 0.0654456
      0.5      0.95 0.0553333 0.0684372
      0.5         2     0.076  0.243203
      0.5         4  0.105333  0.429284
      0.5         8  0.144667  0.461484
      0.5        16  0.156667  0.467099
      0.6      0.05  0.166667  0.466667
      0.6       0.1     0.158     0.197
      0.6      0.15 0.0406667 0.0395646
      0.6       0.2 0.0473333 0.0463162
      0.6      0.25 0.0486667 0.0473284
      0.6       0.3 0.0493333 0.0483786
      0.6      0.35 0.0493333  0.049407
      0.6       0.4 0.0506667 0.0503632
      0.6      0.45 0.0546667 0.0511342
      0.6       0.5     0.054 0.0517454
      0.6      0.55 0.0533333 0.0523415
      0.6       0.6 0.0533333 0.0530475
      0.6      0.65 0.0526667 0.0539517
      0.6       0.7     0.052  0.055116
      0.6      0.75 0.0526667 0.0565937
      0.6       0.8 0.0506667 0.0584252
      0.6      0.85 0.0506667  0.060641
      0.6       0.9     0.052 0.0632874
      0.6      0.95 0.0506667 0.0664371
      0.6         2 0.0746667  0.253601
      0.6         4     0.096  0.433261
      0.6         8  0.134667   0.46298
      0.6        16      0.15  0.468172
      0.7      0.05  0.166667  0.466667
      0.7       0.1     0.158     0.197
      0.7      0.15 0.0393333 0.0393028
      0.7       0.2 0.0453333 0.0457064
      0.7      0.25 0.0466667 0.0465737
      0.7       0.3 0.0473333 0.0476785
      0.7      0.35     0.048 0.0486553
      0.7       0.4 0.0513333  0.049376
      0.7      0.45     0.052 0.0498995
      0.7       0.5 0.0546667 0.0503434
      0.7      0.55     0.054 0.0508262
      0.7       0.6 0.0526667 0.0514292
      0.7      0.65 0.0526667 0.0522142
      0.7       0.7 0.0513333 0.0532377
      0.7      0.75 0.0513333 0.0545678
      0.7       0.8 0.0473333 0.0562862
      0.7      0.85 0.0486667 0.0584778
      0.7       0.9     0.048 0.0612302
      0.7      0.95 0.0486667 0.0646363
      0.7         2 0.0726667   0.26628
      0.7         4     0.106  0.437767
      0.7         8  0.128667  0.464979
      0.7        16  0.139333  0.469754
      0.8      0.05  0.166667  0.466667
      0.8       0.1     0.158     0.197
      0.8      0.15 0.0393333 0.0391439
      0.8       0.2 0.0453333 0.0453459
      0.8      0.25     0.046 0.0460453
      0.8       0.3 0.0466667 0.0471187
      0.8      0.35 0.0493333 0.0480485
      0.8       0.4 0.0506667 0.0485587
      0.8      0.45 0.0513333  0.048771
      0.8       0.5     0.052 0.0489028
      0.8      0.55 0.0513333  0.049139
      0.8       0.6     0.052 0.0495512
      0.8      0.65 0.0493333 0.0501661
      0.8       0.7 0.0486667 0.0510331
      0.8      0.75 0.0473333 0.0522408
      0.8       0.8 0.0466667 0.0539168
      0.8      0.85 0.0473333 0.0562086
      0.8       0.9 0.0473333 0.0592606
      0.8      0.95 0.0466667 0.0631943
      0.8         2 0.0673333  0.282433
      0.8         4  0.127333  0.443325
      0.8         8  0.152667  0.468041
      0.8        16     0.158  0.472407
      0.9      0.05  0.166667  0.466667
      0.9       0.1     0.158     0.197
      0.9      0.15 0.0393333 0.0391691
      0.9       0.2 0.0453333 0.0453159
      0.9      0.25     0.046 0.0459955
      0.9       0.3     0.048 0.0469282
      0.9      0.35 0.0486667 0.0475536
      0.9       0.4      0.05 0.0476892
      0.9      0.45     0.048 0.0474766
      0.9       0.5     0.048 0.0471671
      0.9      0.55 0.0466667 0.0469682
      0.9       0.6     0.044 0.0469697
      0.9      0.65 0.0446667 0.0472085
      0.9       0.7     0.044 0.0477811
      0.9      0.75 0.0433333 0.0488849
      0.9       0.8 0.0413333 0.0507685
      0.9      0.85 0.0426667 0.0536689
      0.9       0.9 0.0426667 0.0577727
      0.9      0.95 0.0413333  0.063183
      0.9         2 0.0653333  0.305294
      0.9         4  0.166667  0.451746
      0.9         8  0.166667  0.474038
      0.9        16  0.166667   0.47801
        1      0.05       0.2       0.5
        1       0.1       0.2       0.5
        1      0.15       0.2       0.5
        1       0.2       0.2       0.5
        1      0.25       0.2       0.5
        1       0.3       0.2       0.5
        1      0.35       0.2       0.5
        1       0.4       0.2       0.5
        1      0.45       0.2       0.5
        1       0.5       0.2       0.5
        1      0.55       0.2       0.5
        1       0.6       0.2       0.5
        1      0.65       0.2       0.5
        1       0.7       0.2       0.5
        1      0.75       0.2       0.5
        1       0.8       0.2       0.5
        1      0.85       0.2       0.5
        1       0.9       0.2       0.5
        1      0.95       0.2       0.5
        1         2       0.2       0.5
        1         4       0.2       0.5
        1         8       0.2       0.5
        1        16       0.2       0.5
     0.99      0.05  0.166667  0.466667
     0.99       0.1     0.158     0.197
     0.99      0.15 0.0406667 0.0399209
     0.99       0.2 0.0453333 0.0459464
     0.99      0.25     0.046 0.0469295
     0.99       0.3 0.0466667 0.0467044
     0.99      0.35     0.044 0.0457306
     0.99       0.4 0.0433333  0.044486
     0.99      0.45 0.0413333 0.0435628
     0.99       0.5 0.0413333 0.0426494
     0.99      0.55 0.0393333 0.0415843
     0.99       0.6 0.0353333 0.0406899
     0.99      0.65     0.036 0.0405016
     0.99       0.7     0.034 0.0419337
     0.99      0.75      0.03 0.0457698
     0.99       0.8 0.0273333 0.0523547
     0.99      0.85     0.026 0.0615253
     0.99       0.9 0.0253333 0.0727376
     0.99      0.95 0.0273333 0.0852891
     0.99         2     0.168  0.354757
     0.99         4  0.166667  0.471725
     0.99         8  0.166667   0.49108
     0.99        16  0.166667  0.494588
    0.999      0.05  0.166667  0.466667
    0.999       0.1     0.158     0.197
    0.999      0.15 0.0406667 0.0404617
    0.999       0.2     0.046 0.0467525
    0.999      0.25 0.0473333  0.046651
    0.999       0.3 0.0446667 0.0450936
    0.999      0.35 0.0433333 0.0432999
    0.999       0.4 0.0413333 0.0426151
    0.999      0.45      0.04 0.0415089
    0.999       0.5      0.04 0.0406288
    0.999      0.55 0.0346667 0.0392887
    0.999       0.6 0.0306667 0.0393931
    0.999      0.65 0.0293333 0.0433339
    0.999       0.7 0.0286667 0.0515424
    0.999      0.75 0.0286667 0.0627915
    0.999       0.8 0.0266667  0.075389
    0.999      0.85 0.0293333 0.0877007
    0.999       0.9 0.0313333 0.0990038
    0.999      0.95     0.036  0.109785
    0.999         2       0.2  0.373679
    0.999         4       0.2  0.476569
    0.999         8  0.166667  0.495103
    0.999        16  0.166667  0.498505