       0     0.05 0.473333 0.493333
     0.2     0.05    0.168 0.173573
     0.4     0.05 0.163333  0.18048
     0.6     0.05 0.164667 0.193668
     0.8     0.05    0.168 0.227077
     0.9     0.05    0.176 0.275082
    0.95     0.05     0.18 0.332643
    0.99     0.05 0.201333 0.442737
   0.999     0.05 0.414667 0.491844
  0.9999     0.05     0.48 0.498309
       0      0.1 0.473333 0.493333
     0.2      0.1    0.156 0.228416
     0.4      0.1 0.163333 0.248725
     0.6      0.1     0.17 0.280955
     0.8      0.1 0.182667 0.340447
     0.9      0.1    0.202  0.39489
    0.95      0.1     0.21 0.435639
    0.99      0.1    0.418 0.481403
   0.999      0.1    0.476 0.496148
  0.9999      0.1     0.48 0.497922
       0     0.15 0.473333 0.493333
     0.2     0.15 0.175333 0.298808
     0.4     0.15 0.175333 0.324189
     0.6     0.15 0.190667 0.358885
     0.8     0.15 0.193333 0.409528
     0.9     0.15     0.21  0.44495
    0.95     0.15 0.315333 0.466862
    0.99     0.15 0.473333 0.489093
   0.999     0.15 0.479333 0.496619
  0.9999     0.15     0.48 0.497593
       0      0.2 0.473333 0.493333
     0.2      0.2 0.175333 0.359694
     0.4      0.2 0.178667  0.38243
     0.6      0.2 0.178667 0.410296
     0.8      0.2     0.21 0.445312
     0.9      0.2    0.338  0.46668
    0.95      0.2    0.446 0.479056
    0.99      0.2 0.473333 0.491772
   0.999      0.2     0.48 0.496771
  0.9999      0.2     0.48  0.49748
       0      0.3 0.473333 0.493333
     0.2      0.3 0.176667 0.434986
     0.4      0.3 0.188667 0.447301
     0.6      0.3 0.237333 0.460639
     0.8      0.3 0.404667 0.475279
     0.9      0.3    0.464 0.483426
    0.95      0.3 0.473333  0.48812
    0.99      0.3 0.473333 0.493912
   0.999      0.3     0.48 0.497193
  0.9999      0.3     0.48 0.497721
       0      0.4 0.473333 0.493333
     0.2      0.4 0.221333 0.467807
     0.4      0.4 0.287333 0.473455
     0.6      0.4     0.39 0.479321
     0.8      0.4 0.465333 0.485542
     0.9      0.4 0.473333 0.489029
    0.95      0.4 0.473333 0.491239
    0.99      0.4 0.473333 0.494952
   0.999      0.4    0.478 0.497718
  0.9999      0.4     0.48 0.498186
       0      0.5 0.473333 0.493333
     0.2      0.5     0.31  0.48121
     0.4      0.5    0.376 0.483862
     0.6      0.5 0.443333 0.486592
     0.8      0.5 0.473333 0.489512
     0.9      0.5 0.473333 0.491268
    0.95      0.5 0.473333  0.49259
    0.99      0.5 0.473333 0.495581
   0.999      0.5 0.473333 0.498159
  0.9999      0.5     0.48 0.498603
       0      0.6 0.473333 0.493333
     0.2      0.6    0.352 0.486963
     0.4      0.6 0.413333  0.48831
     0.6      0.6 0.469333 0.489706
     0.8      0.6 0.473333 0.491256
     0.9      0.6 0.473333 0.492309
    0.95      0.6 0.473333 0.493277
    0.99      0.6 0.473333 0.495984
   0.999      0.6 0.473333 0.498484
  0.9999      0.6     0.48 0.498917
       0      0.7 0.473333 0.493333
     0.2      0.7    0.374 0.489668
     0.4      0.7 0.441333 0.490411
     0.6      0.7 0.473333 0.491196
     0.8      0.7 0.473333 0.492124
     0.9      0.7 0.473333 0.492861
    0.95      0.7 0.473333 0.493671
    0.99      0.7 0.473333 0.496254
   0.999      0.7 0.473333 0.498717
  0.9999      0.7     0.48 0.499143
       0      0.8 0.473333 0.493333
     0.2      0.8    0.392 0.491062
     0.4      0.8 0.456667 0.491504
     0.6      0.8 0.473333 0.491984
     0.8      0.8 0.473333 0.492604
     0.9      0.8 0.473333 0.493186
    0.95      0.8 0.473333 0.493919
    0.99      0.8 0.473333 0.496441
   0.999      0.8 0.473333 0.498884
  0.9999      0.8     0.48 0.499307
       0      0.9 0.473333 0.493333
     0.2      0.9 0.408667 0.491838
     0.4      0.9 0.460667 0.492119
     0.6      0.9 0.473333 0.492437
     0.8      0.9 0.473333 0.492892
     0.9      0.9 0.473333 0.493392
    0.95      0.9 0.473333 0.494085
    0.99      0.9 0.473333 0.496576
   0.999      0.9 0.473333 0.499007
  0.9999      0.9     0.48 0.499428
       0        1 0.473333 0.493333
     0.2        1 0.423333   0.4923
     0.4        1 0.464667 0.492489
     0.6        1 0.473333 0.492716
     0.8        1 0.473333 0.493078
     0.9        1 0.473333 0.493532
    0.95        1 0.473333 0.494202
    0.99        1 0.473333 0.496675
   0.999        1 0.473333 0.499099
  0.9999        1     0.48 0.499519
       0        2 0.473333 0.493333
     0.2        2 0.440667 0.493233
     0.4        2     0.47 0.493271
     0.6        2 0.473333 0.493345
     0.8        2 0.473333 0.493554
     0.9        2 0.473333 0.493931
    0.95        2 0.473333 0.494564
    0.99        2 0.473333 0.497009
   0.999        2 0.473333 0.499419
  0.9999        2 0.473333 0.499836
       0        4 0.473333 0.493333
     0.2        4 0.441333 0.493334
     0.4        4 0.472667 0.493369
     0.6        4 0.473333 0.493439
     0.8        4 0.473333 0.493644
     0.9        4 0.473333  0.49402
    0.95        4 0.473333 0.494652
    0.99        4 0.473333 0.497098
   0.999        4 0.473333 0.499505
  0.9999        4 0.473333 0.499921