       0     0.05 0.496667 0.496667
     0.2     0.05 0.496667 0.496667
     0.4     0.05 0.496667 0.496667
     0.6     0.05 0.496667 0.496667
     0.8     0.05 0.496667 0.496667
     0.9     0.05 0.496667 0.496667
    0.95     0.05 0.496667 0.496667
    0.99     0.05 0.496667 0.496667
   0.999     0.05 0.496667 0.496667
  0.9999     0.05 0.496667 0.496667
       0      0.1 0.496667 0.496667
     0.2      0.1 0.496667  0.49822
     0.4      0.1 0.501333 0.502385
     0.6      0.1 0.506667 0.504745
     0.8      0.1 0.509333 0.504776
     0.9      0.1 0.505333 0.503261
    0.95      0.1    0.502 0.501295
    0.99      0.1 0.492667 0.496401
   0.999      0.1    0.482 0.490193
  0.9999      0.1 0.480667 0.487033
       0     0.15 0.496667 0.496667
     0.2     0.15    0.482 0.482394
     0.4     0.15    0.484 0.489543
     0.6     0.15 0.491333 0.493918
     0.8     0.15 0.497333 0.495116
     0.9     0.15 0.498667  0.49351
    0.95     0.15    0.488 0.491514
    0.99     0.15    0.488 0.488653
   0.999     0.15 0.485333 0.486984
  0.9999     0.15    0.484 0.485247
       0      0.2 0.496667 0.496667
     0.2      0.2    0.468 0.469874
     0.4      0.2 0.470667 0.474843
     0.6      0.2    0.466 0.479815
     0.8      0.2 0.477333 0.484066
     0.9      0.2    0.476  0.48577
    0.95      0.2 0.471333 0.486495
    0.99      0.2 0.482667 0.486892
   0.999      0.2      0.5 0.489553
  0.9999      0.2 0.496667  0.49281
       0      0.3 0.496667 0.496667
     0.2      0.3    0.434  0.45331
     0.4      0.3 0.429333  0.46107
     0.6      0.3 0.436667  0.46852
     0.8      0.3    0.434 0.477428
     0.9      0.3 0.475333 0.483652
    0.95      0.3    0.488 0.488132
    0.99      0.3    0.492 0.494167
   0.999      0.3    0.496 0.497799
  0.9999      0.3 0.499333 0.499468
       0      0.4 0.496667 0.496667
     0.2      0.4    0.404 0.449268
     0.4      0.4    0.408 0.458984
     0.6      0.4 0.409333 0.468735
     0.8      0.4 0.413333 0.480154
     0.9      0.4    0.416 0.487318
    0.95      0.4    0.442 0.491701
    0.99      0.4    0.488 0.496476
   0.999      0.4 0.496667 0.499141
  0.9999      0.4 0.499333 0.499888
       0      0.5 0.496667 0.496667
     0.2      0.5 0.404667  0.45746
     0.4      0.5    0.406 0.465845
     0.6      0.5 0.399333 0.474684
     0.8      0.5    0.394 0.484622
     0.9      0.5 0.395333 0.490362
    0.95      0.5 0.404667  0.49363
    0.99      0.5     0.47 0.497158
   0.999      0.5 0.496667 0.499385
  0.9999      0.5 0.496667 0.499927
       0      0.6 0.496667 0.496667
     0.2      0.6 0.399333 0.466772
     0.4      0.6 0.395333 0.473504
     0.6      0.6    0.392 0.480578
     0.8      0.6    0.394 0.488246
     0.9      0.6 0.394667 0.492456
    0.95      0.6 0.396667  0.49479
    0.99      0.6 0.458667 0.497483
   0.999      0.6 0.496667 0.499474
  0.9999      0.6 0.496667 0.499939
       0      0.7 0.496667 0.496667
     0.2      0.7 0.399333 0.474002
     0.4      0.7    0.398 0.479293
     0.6      0.7 0.393333 0.484791
     0.8      0.7 0.385333 0.490605
     0.9      0.7 0.395333 0.493724
    0.95      0.7      0.4 0.495457
    0.99      0.7     0.47 0.497653
   0.999      0.7 0.496667 0.499513
  0.9999      0.7 0.496667 0.499945
       0      0.8 0.496667 0.496667
     0.2      0.8    0.394 0.479165
     0.4      0.8 0.394667 0.483341
     0.6      0.8 0.393333 0.487642
     0.8      0.8 0.386667 0.492129
     0.9      0.8 0.395333 0.494517
    0.95      0.8 0.397333 0.495865
    0.99      0.8     0.48  0.49775
   0.999      0.8 0.496667 0.499533
  0.9999      0.8 0.496667 0.499947
       0      0.9 0.496667 0.496667
     0.2      0.9    0.398 0.482834
     0.4      0.9 0.396667  0.48618
     0.6      0.9 0.396667 0.489606
     0.8      0.9 0.392667 0.493154
     0.9      0.9 0.390667 0.495042
    0.95      0.9 0.397333 0.496132
    0.99      0.9 0.485333 0.497811
   0.999      0.9 0.496667 0.499544
  0.9999      0.9 0.496667 0.499948
       0        1 0.496667 0.496667
     0.2        1    0.398 0.485489
     0.4        1 0.396667 0.488217
     0.6        1 0.396667    0.491
     0.8        1 0.391333 0.493872
     0.9        1 0.393333 0.495407
    0.95        1 0.399333 0.496317
    0.99        1 0.488667 0.497851
   0.999        1 0.496667  0.49955
  0.9999        1 0.496667 0.499949
       0        2 0.496667 0.496667
     0.2        2 0.397333 0.493935
     0.4        2 0.392667 0.494625
     0.6        2 0.395333 0.495326
     0.8        2      0.4 0.496065
     0.9        2 0.395333 0.496512
    0.95        2 0.412667 0.496871
    0.99        2 0.496667 0.497962
   0.999        2 0.496667 0.499563
  0.9999        2 0.496667 0.499951
       0        4 0.496667 0.496667
     0.2        4 0.396667 0.495994
     0.4        4 0.395333 0.496172
     0.6        4 0.397333  0.49636
     0.8        4    0.398 0.496583
     0.9        4 0.392667 0.496771
    0.95        4 0.416667    0.497
    0.99        4 0.496667 0.497985
   0.999        4 0.496667 0.499565
  0.9999        4 0.496667 0.499951