        0      0.05     0.456  0.466667
      0.2      0.05  0.452667  0.464667
      0.4      0.05  0.452667  0.464667
      0.6      0.05  0.452667  0.464667
      0.8      0.05  0.452667  0.464667
      0.9      0.05  0.452667  0.464667
     0.95      0.05  0.452667  0.464667
     0.99      0.05  0.452667  0.464667
    0.999      0.05  0.452667  0.464667
   0.9999      0.05  0.452667  0.464667
        0       0.1     0.456  0.466667
      0.2       0.1 0.0693333 0.0680418
      0.4       0.1     0.074 0.0693257
      0.6       0.1     0.072 0.0695769
      0.8       0.1     0.072 0.0694496
      0.9       0.1 0.0713333 0.0696336
     0.95       0.1     0.072  0.069764
     0.99       0.1 0.0713333 0.0698236
    0.999       0.1     0.068 0.0691297
   0.9999       0.1 0.0653333  0.068447
        0      0.15     0.456  0.466667
      0.2      0.15 0.0646667 0.0644533
      0.4      0.15 0.0673333 0.0650377
      0.6      0.15 0.0646667 0.0658673
      0.8      0.15 0.0646667 0.0674017
      0.9      0.15     0.066 0.0688351
     0.95      0.15 0.0653333 0.0699228
     0.99      0.15     0.064 0.0713245
    0.999      0.15 0.0653333 0.0716228
   0.9999      0.15 0.0546667 0.0722373
        0       0.2     0.456  0.466667
      0.2       0.2 0.0606667 0.0656862
      0.4       0.2 0.0586667  0.065192
      0.6       0.2 0.0586667 0.0658377
      0.8       0.2 0.0593333 0.0681929
      0.9       0.2 0.0566667 0.0709164
     0.95       0.2 0.0573333 0.0734722
     0.99       0.2 0.0613333  0.078315
    0.999       0.2     0.068 0.0875997
   0.9999       0.2 0.0653333  0.101425
        0       0.3     0.456  0.466667
      0.2       0.3 0.0633333 0.0728697
      0.4       0.3 0.0626667 0.0719737
      0.6       0.3     0.056 0.0725092
      0.8       0.3 0.0593333 0.0761041
      0.9       0.3     0.054 0.0816239
     0.95       0.3     0.054 0.0881031
     0.99       0.3 0.0653333   0.10854
    0.999       0.3     0.054  0.184226
   0.9999       0.3 0.0506667  0.333465
        0       0.4     0.456  0.466667
      0.2       0.4 0.0606667 0.0836815
      0.4       0.4     0.058 0.0826225
      0.6       0.4     0.054 0.0841913
      0.8       0.4 0.0526667 0.0916542
      0.9       0.4     0.046  0.105367
     0.95       0.4     0.038  0.127804
     0.99       0.4 0.0326667  0.228997
    0.999       0.4     0.042  0.423261
   0.9999       0.4  0.179333  0.490115
        0       0.5     0.456  0.466667
      0.2       0.5     0.056  0.104495
      0.4       0.5     0.054  0.108105
      0.6       0.5 0.0466667  0.117213
      0.8       0.5     0.038  0.143943
      0.9       0.5      0.03  0.186828
     0.95       0.5 0.0253333  0.245543
     0.99       0.5 0.0233333  0.394734
    0.999       0.5       0.1  0.485713
   0.9999       0.5  0.489333  0.498355
        0       0.6     0.456  0.466667
      0.2       0.6 0.0473333  0.139394
      0.4       0.6 0.0393333  0.152223
      0.6       0.6 0.0353333  0.175681
      0.8       0.6 0.0313333  0.229461
      0.9       0.6 0.0253333  0.295028
     0.95       0.6 0.0206667  0.360392
     0.99       0.6 0.0233333  0.459465
    0.999       0.6  0.435333  0.495278
   0.9999       0.6  0.489333  0.499365
        0       0.7     0.456  0.466667
      0.2       0.7 0.0433333   0.18633
      0.4       0.7 0.0373333  0.207711
      0.6       0.7 0.0333333  0.242225
      0.8       0.7     0.028  0.307605
      0.9       0.7     0.024  0.369892
     0.95       0.7 0.0233333  0.419306
     0.99       0.7     0.088  0.478984
    0.999       0.7  0.461333  0.497562
   0.9999       0.7  0.489333  0.499605
        0       0.8     0.456  0.466667
      0.2       0.8 0.0373333  0.238128
      0.4       0.8 0.0346667  0.264104
      0.6       0.8     0.032  0.302023
      0.8       0.8 0.0293333  0.363434
      0.9       0.8     0.022  0.412676
     0.95       0.8     0.022  0.447384
     0.99       0.8     0.208  0.486462
    0.999       0.8  0.460667  0.498395
   0.9999       0.8  0.489333  0.499707
        0       0.9     0.456  0.466667
      0.2       0.9     0.036   0.28634
      0.4       0.9     0.032  0.312738
      0.6       0.9 0.0293333  0.348243
      0.8       0.9 0.0266667  0.399576
      0.9       0.9 0.0246667  0.436725
     0.95       0.9 0.0346667  0.461746
     0.99       0.9  0.296667  0.489975
    0.999       0.9     0.458  0.498794
   0.9999       0.9  0.489333   0.49977
        0         1     0.456  0.466667
      0.2         1     0.034  0.325785
      0.4         1     0.032  0.350065
      0.6         1 0.0286667  0.380799
      0.8         1 0.0273333  0.422078
      0.9         1 0.0266667  0.450483
     0.95         1 0.0533333  0.469582
     0.99         1  0.346667  0.491845
    0.999         1     0.456  0.499014
   0.9999         1  0.489333  0.499813
        0         2     0.456  0.466667
      0.2         2     0.042  0.441065
      0.4         2     0.042  0.448012
      0.6         2     0.044  0.455955
      0.8         2 0.0433333  0.466542
      0.9         2 0.0606667  0.475433
     0.95         2 0.0973333  0.483315
     0.99         2     0.418  0.495153
    0.999         2     0.456  0.499443
   0.9999         2  0.479333  0.499928
        0         4     0.456  0.466667
      0.2         4 0.0546667  0.461276
      0.4         4 0.0546667  0.463601
      0.6         4     0.054  0.466679
      0.8         4 0.0553333  0.472147
      0.9         4 0.0673333  0.478378
     0.95         4       0.1  0.484885
     0.99         4  0.404667  0.495524
    0.999         4     0.456  0.499494
   0.9999         4     0.456  0.499946