       0     0.05 0.471333 0.466667
     0.2     0.05    0.464 0.463269
     0.4     0.05    0.468 0.464618
     0.6     0.05 0.458667 0.466632
     0.8     0.05 0.457333 0.471089
     0.9     0.05 0.461333 0.476905
    0.95     0.05    0.462 0.483326
    0.99     0.05 0.460667 0.494674
   0.999     0.05 0.469333 0.499407
  0.9999     0.05 0.504667 0.499969
       0      0.1 0.471333 0.466667
     0.2      0.1 0.464667 0.464525
     0.4      0.1     0.47 0.465937
     0.6      0.1 0.464667 0.468173
     0.8      0.1 0.463333 0.472808
     0.9      0.1 0.460667 0.478494
    0.95      0.1     0.46 0.484656
    0.99      0.1 0.461333 0.495293
   0.999      0.1    0.476 0.499512
  0.9999      0.1 0.504667 0.500003
       0     0.15 0.471333 0.466667
     0.2     0.15     0.46 0.466277
     0.4     0.15 0.460667 0.467444
     0.6     0.15 0.460667 0.469324
     0.8     0.15 0.461333 0.473435
     0.9     0.15 0.458667 0.478792
    0.95     0.15    0.456 0.484799
    0.99     0.15 0.479333 0.495337
   0.999     0.15 0.471333 0.499517
  0.9999     0.15 0.504667 0.500002
       0      0.2 0.471333 0.466667
     0.2      0.2     0.46 0.467098
     0.4      0.2     0.46 0.468057
     0.6      0.2 0.453333 0.469701
     0.8      0.2 0.456667 0.473557
     0.9      0.2 0.456667 0.478813
    0.95      0.2    0.456 0.484806
    0.99      0.2    0.474  0.49535
   0.999      0.2 0.471333 0.499515
  0.9999      0.2 0.504667 0.499997
       0      0.3 0.471333 0.466667
     0.2      0.3 0.457333 0.467367
     0.4      0.3 0.456667 0.468204
     0.6      0.3 0.454667 0.469734
     0.8      0.3    0.454 0.473528
     0.9      0.3 0.456667 0.478824
    0.95      0.3    0.476 0.484869
    0.99      0.3 0.471333 0.495402
   0.999      0.3 0.471333 0.499514
  0.9999      0.3 0.504667 0.499987
       0      0.4 0.471333 0.466667
     0.2      0.4 0.447333 0.467291
     0.4      0.4     0.45 0.468129
     0.6      0.4 0.452667 0.469677
     0.8      0.4 0.455333 0.473532
     0.9      0.4     0.46 0.478897
    0.95      0.4 0.474667  0.48498
    0.99      0.4 0.471333 0.495467
   0.999      0.4 0.471333 0.499515
  0.9999      0.4 0.504667 0.499979
       0      0.5 0.471333 0.466667
     0.2      0.5 0.450667 0.467246
     0.4      0.5 0.450667 0.468094
     0.6      0.5     0.45 0.469663
     0.8      0.5    0.458 0.473564
     0.9      0.5     0.47 0.478971
    0.95      0.5 0.470667 0.485074
    0.99      0.5 0.471333 0.495515
   0.999      0.5 0.471333 0.499515
  0.9999      0.5 0.504667 0.499972
       0      0.6 0.471333 0.466667
     0.2      0.6 0.446667 0.467228
     0.4      0.6 0.449333 0.468083
     0.6      0.6 0.451333 0.469666
     0.8      0.6 0.459333 0.473594
     0.9      0.6 0.472667 0.479025
    0.95      0.6 0.474667 0.485138
    0.99      0.6 0.471333 0.495546
   0.999      0.6 0.471333 0.499514
  0.9999      0.6 0.504667 0.499967
       0      0.7 0.471333 0.466667
     0.2      0.7    0.446  0.46722
     0.4      0.7 0.445333  0.46808
     0.6      0.7 0.448667 0.469671
     0.8      0.7     0.46 0.473616
     0.9      0.7 0.474667 0.479062
    0.95      0.7 0.473333  0.48518
    0.99      0.7 0.471333 0.495566
   0.999      0.7 0.471333 0.499513
  0.9999      0.7 0.504667 0.499963
       0      0.8 0.471333 0.466667
     0.2      0.8 0.447333 0.467217
     0.4      0.8 0.447333  0.46808
     0.6      0.8 0.446667 0.469676
     0.8      0.8     0.46 0.473632
     0.9      0.8 0.473333 0.479087
    0.95      0.8 0.473333 0.485209
    0.99      0.8 0.471333 0.495579
   0.999      0.8 0.471333 0.499512
  0.9999      0.8 0.504667 0.499961
       0      0.9 0.471333 0.466667
     0.2      0.9 0.446667 0.467216
     0.4      0.9    0.448 0.468081
     0.6      0.9    0.446  0.46968
     0.8      0.9 0.461333 0.473643
     0.9      0.9    0.476 0.479105
    0.95      0.9    0.472 0.485228
    0.99      0.9 0.471333 0.495587
   0.999      0.9 0.471333 0.499511
  0.9999      0.9 0.504667 0.499959
       0        1 0.471333 0.466667
     0.2        1 0.448667 0.467215
     0.4        1 0.448667 0.468081
     0.6        1    0.446 0.469683
     0.8        1 0.461333 0.473652
     0.9        1 0.475333 0.479118
    0.95        1 0.471333 0.485242
    0.99        1 0.471333 0.495593
   0.999        1 0.471333 0.499511
  0.9999        1 0.504667 0.499957
       0        2 0.471333 0.466667
     0.2        2 0.448667 0.467214
     0.4        2 0.449333 0.468085
     0.6        2    0.448 0.469695
     0.8        2 0.461333 0.473679
     0.9        2 0.478667 0.479159
    0.95        2     0.47 0.485286
    0.99        2 0.471333 0.495611
   0.999        2 0.471333 0.499508
  0.9999        2 0.471333 0.499952
       0        4 0.471333 0.466667
     0.2        4    0.448 0.467213
     0.4        4 0.447333 0.468086
     0.6        4 0.448667 0.469698
     0.8        4    0.464 0.473686
     0.9        4    0.478 0.479169
    0.95        4 0.471333 0.485296
    0.99        4 0.471333 0.495615
   0.999        4 0.471333 0.499508
  0.9999        4 0.471333 0.499951