        0      0.05  0.479333      0.49
      0.2      0.05  0.479333  0.488333
      0.4      0.05  0.479333  0.488333
      0.6      0.05  0.479333  0.488333
      0.8      0.05  0.479333  0.488333
      0.9      0.05  0.479333  0.488333
     0.95      0.05  0.479333  0.488333
     0.99      0.05  0.479333  0.488333
    0.999      0.05  0.479333  0.488333
   0.9999      0.05  0.479333  0.488333
        0       0.1  0.479333      0.49
      0.2       0.1 0.0953333   0.09565
      0.4       0.1 0.0966667 0.0967062
      0.6       0.1     0.096 0.0974877
      0.8       0.1  0.100667  0.100293
      0.9       0.1 0.0986667  0.103466
     0.95       0.1     0.106  0.106498
     0.99       0.1  0.110667  0.112572
    0.999       0.1  0.113333  0.114986
   0.9999       0.1  0.113333  0.115384
        0      0.15  0.479333      0.49
      0.2      0.15      0.09 0.0915488
      0.4      0.15     0.092 0.0938583
      0.6      0.15     0.098 0.0969442
      0.8      0.15 0.0973333 0.0998715
      0.9      0.15     0.106  0.103861
     0.95      0.15  0.113333  0.107656
     0.99      0.15      0.11  0.109985
    0.999      0.15  0.105333  0.107891
   0.9999      0.15     0.104  0.104362
        0       0.2  0.479333      0.49
      0.2       0.2     0.084 0.0883469
      0.4       0.2     0.084 0.0903729
      0.6       0.2 0.0866667  0.093261
      0.8       0.2 0.0946667 0.0978667
      0.9       0.2 0.0993333  0.101768
     0.95       0.2     0.102  0.104533
     0.99       0.2  0.105333  0.105585
    0.999       0.2     0.108  0.108951
   0.9999       0.2     0.118  0.126862
        0       0.3  0.479333      0.49
      0.2       0.3     0.084  0.091691
      0.4       0.3     0.082 0.0902691
      0.6       0.3 0.0786667 0.0910468
      0.8       0.3     0.082 0.0949131
      0.9       0.3 0.0846667 0.0999059
     0.95       0.3      0.09  0.106167
     0.99       0.3  0.105333   0.13062
    0.999       0.3  0.159333  0.202189
   0.9999       0.3     0.222  0.332926
        0       0.4  0.479333      0.49
      0.2       0.4     0.102  0.108371
      0.4       0.4 0.0886667  0.102813
      0.6       0.4 0.0853333  0.101975
      0.8       0.4 0.0786667  0.107686
      0.9       0.4 0.0766667  0.119591
     0.95       0.4 0.0886667  0.138442
     0.99       0.4 0.0993333  0.222087
    0.999       0.4     0.168  0.412209
   0.9999       0.4  0.489333   0.48702
        0       0.5  0.479333      0.49
      0.2       0.5     0.106  0.134821
      0.4       0.5 0.0986667  0.133164
      0.6       0.5 0.0933333     0.137
      0.8       0.5 0.0833333  0.156053
      0.9       0.5 0.0833333  0.190475
     0.95       0.5 0.0853333  0.241159
     0.99       0.5  0.104667  0.385166
    0.999       0.5  0.476667  0.482914
   0.9999       0.5  0.489333  0.497208
        0       0.6  0.479333      0.49
      0.2       0.6  0.116667  0.169551
      0.4       0.6      0.11  0.178003
      0.6       0.6  0.101333  0.195645
      0.8       0.6 0.0973333  0.240366
      0.9       0.6 0.0993333  0.298905
     0.95       0.6  0.115333  0.360109
     0.99       0.6  0.316667  0.456989
    0.999       0.6  0.487333   0.49392
   0.9999       0.6  0.489333  0.498307
        0       0.7  0.479333      0.49
      0.2       0.7  0.119333  0.211808
      0.4       0.7     0.118  0.229678
      0.6       0.7     0.114  0.259565
      0.8       0.7  0.121333   0.31853
      0.9       0.7      0.15  0.376425
     0.95       0.7  0.229333   0.42271
     0.99       0.7  0.462667  0.478305
    0.999       0.7  0.489333  0.496306
   0.9999       0.7  0.489333  0.498403
        0       0.8  0.479333      0.49
      0.2       0.8  0.124667  0.257516
      0.4       0.8  0.126667  0.281076
      0.6       0.8      0.13   0.31614
      0.8       0.8  0.160667  0.374008
      0.9       0.8  0.237333  0.420391
     0.95       0.8      0.36  0.452124
     0.99       0.8  0.477333   0.48621
    0.999       0.8  0.489333  0.497134
   0.9999       0.8  0.489333  0.498444
        0       0.9  0.479333      0.49
      0.2       0.9  0.128667  0.300878
      0.4       0.9     0.132  0.326124
      0.6       0.9     0.148  0.360485
      0.8       0.9  0.204667  0.410299
      0.9       0.9  0.312667  0.445228
     0.95       0.9  0.433333  0.467135
     0.99       0.9  0.479333  0.489896
    0.999       0.9  0.489333   0.49759
   0.9999       0.9  0.489333  0.498549
        0         1  0.479333      0.49
      0.2         1     0.136  0.337855
      0.4         1  0.147333  0.362054
      0.6         1      0.17  0.392821
      0.8         1  0.249333  0.433523
      0.9         1     0.378  0.459703
     0.95         1  0.458667  0.475396
     0.99         1  0.479333  0.491888
    0.999         1  0.489333  0.497913
   0.9999         1  0.489333  0.498689
        0         2  0.479333      0.49
      0.2         2  0.180667  0.459677
      0.4         2  0.217333   0.46676
      0.6         2  0.286667  0.474231
      0.8         2      0.42  0.482328
      0.9         2  0.478667  0.487071
     0.95         2  0.479333  0.490315
     0.99         2  0.479333  0.495834
    0.999         2  0.479333  0.499084
   0.9999         2  0.489333  0.499549
        0         4  0.479333      0.49
      0.2         4  0.198667  0.483101
      0.4         4  0.240667  0.484868
      0.6         4  0.319333   0.48673
      0.8         4     0.454    0.4889
      0.9         4  0.479333  0.490552
     0.95         4  0.479333  0.492217
     0.99         4  0.479333  0.496459
    0.999         4  0.479333  0.499412
   0.9999         4  0.489333  0.499846