       0     0.05 0.496667 0.496667
     0.2     0.05 0.399333 0.372667
     0.4     0.05 0.397333    0.376
     0.6     0.05    0.396 0.375333
     0.8     0.05 0.395333 0.376667
     0.9     0.05 0.395333    0.376
    0.95     0.05 0.395333    0.375
    0.99     0.05 0.395333    0.373
   0.999     0.05 0.395333 0.372333
  0.9999     0.05 0.395333 0.371333
       0      0.1 0.496667 0.496667
     0.2      0.1 0.432667 0.408239
     0.4      0.1 0.431333 0.406879
     0.6      0.1    0.428 0.404935
     0.8      0.1    0.426 0.402038
     0.9      0.1 0.418667 0.394625
    0.95      0.1    0.416 0.391385
    0.99      0.1 0.401333 0.379647
   0.999      0.1    0.394 0.370968
  0.9999      0.1 0.389333 0.368311
       0     0.15 0.496667 0.496667
     0.2     0.15 0.442667 0.424828
     0.4     0.15 0.431333 0.431424
     0.6     0.15 0.428667 0.427824
     0.8     0.15 0.424667 0.423897
     0.9     0.15    0.418 0.415807
    0.95     0.15    0.402 0.403171
    0.99     0.15     0.39 0.390799
   0.999     0.15     0.39 0.390014
  0.9999     0.15 0.389333 0.389358
       0      0.2 0.496667 0.496667
     0.2      0.2 0.403333 0.401505
     0.4      0.2    0.398 0.413532
     0.6      0.2 0.430667 0.430071
     0.8      0.2 0.423333 0.423728
     0.9      0.2 0.415333 0.415572
    0.95      0.2 0.395333 0.400016
    0.99      0.2     0.39 0.390154
   0.999      0.2 0.388667 0.388744
  0.9999      0.2    0.388 0.388092
       0      0.3 0.496667 0.496667
     0.2      0.3 0.437333 0.433832
     0.4      0.3 0.401333 0.405634
     0.6      0.3    0.402 0.407245
     0.8      0.3 0.434667 0.427299
     0.9      0.3     0.42 0.422226
    0.95      0.3    0.414 0.413694
    0.99      0.3 0.388667 0.397672
   0.999      0.3     0.41  0.39958
  0.9999      0.3     0.41 0.402986
       0      0.4 0.496667 0.496667
     0.2      0.4 0.444667 0.446159
     0.4      0.4 0.439333 0.435528
     0.6      0.4 0.423333 0.419724
     0.8      0.4 0.423333 0.421282
     0.9      0.4 0.435333 0.425359
    0.95      0.4 0.434667 0.420881
    0.99      0.4     0.41 0.411585
   0.999      0.4     0.41 0.399532
  0.9999      0.4 0.415333 0.399742
       0      0.5 0.496667 0.496667
     0.2      0.5 0.459333 0.459949
     0.4      0.5    0.444 0.446144
     0.6      0.5 0.437333 0.435506
     0.8      0.5 0.418667 0.425263
     0.9      0.5    0.438 0.423321
    0.95      0.5 0.434667 0.421802
    0.99      0.5 0.432667 0.419137
   0.999      0.5 0.458667 0.413175
  0.9999      0.5 0.404667 0.403615
       0      0.6 0.496667 0.496667
     0.2      0.6 0.470667  0.46748
     0.4      0.6 0.458667 0.456902
     0.6      0.6 0.444667 0.444829
     0.8      0.6    0.432 0.433075
     0.9      0.6 0.402667 0.428686
    0.95      0.6 0.442667 0.426576
    0.99      0.6    0.444 0.422312
   0.999      0.6     0.41 0.408759
  0.9999      0.6    0.412 0.431738
       0      0.7 0.496667 0.496667
     0.2      0.7 0.465333 0.466128
     0.4      0.7 0.464667 0.461007
     0.6      0.7    0.456 0.452217
     0.8      0.7 0.433333 0.441231
     0.9      0.7 0.420667 0.435911
    0.95      0.7      0.4 0.432943
    0.99      0.7 0.442667 0.421323
   0.999      0.7 0.388667 0.432175
  0.9999      0.7    0.422 0.449842
       0      0.8 0.496667 0.496667
     0.2      0.8 0.464667 0.465256
     0.4      0.8 0.461333 0.461593
     0.6      0.8 0.459333  0.45641
     0.8      0.8 0.444667 0.449628
     0.9      0.8 0.438667 0.445925
    0.95      0.8 0.409333 0.442958
    0.99      0.8 0.426667 0.442014
   0.999      0.8 0.483333 0.455589
  0.9999      0.8     0.42 0.473312
       0      0.9 0.496667 0.496667
     0.2      0.9 0.462667 0.465373
     0.4      0.9    0.462 0.463449
     0.6      0.9 0.459333 0.461033
     0.8      0.9 0.453333 0.458276
     0.9      0.9    0.454 0.456631
    0.95      0.9 0.456667 0.455577
    0.99      0.9 0.467333 0.458147
   0.999      0.9 0.494667 0.471039
  0.9999      0.9 0.454667 0.489789
       0        1 0.496667 0.496667
     0.2        1    0.466 0.465986
     0.4        1    0.464 0.465769
     0.6        1 0.461333 0.465112
     0.8        1 0.459333 0.464092
     0.9        1 0.462667 0.463007
    0.95        1    0.466 0.462466
    0.99        1 0.488667 0.466056
   0.999        1 0.451333 0.481826
  0.9999        1      0.5 0.496385
       0        2 0.496667 0.496667
     0.2        2 0.438667 0.459654
     0.4        2    0.442 0.461797
     0.6        2 0.445333 0.465424
     0.8        2 0.452667 0.473007
     0.9        2    0.438 0.480855
    0.95        2 0.479333 0.487322
    0.99        2 0.496667 0.495537
   0.999        2 0.496667 0.499242
  0.9999        2      0.5 0.499915
       0        4 0.496667 0.496667
     0.2        4 0.411333 0.484717
     0.4        4 0.403333  0.48714
     0.6        4 0.403333 0.489899
     0.8        4    0.394 0.493097
     0.9        4    0.388 0.494953
    0.95        4 0.422667 0.496066
    0.99        4 0.485333  0.49778
   0.999        4 0.496667 0.499536
  0.9999        4 0.496667 0.499948