        0      0.05  0.466667  0.466667
      0.2      0.05 0.0146667 0.0915997
      0.4      0.05     0.014  0.110007
      0.6      0.05 0.0133333  0.141538
      0.8      0.05     0.014  0.209728
      0.9      0.05 0.0146667  0.287738
     0.95      0.05     0.016  0.360594
     0.99      0.05 0.0226667  0.462131
    0.999      0.05  0.457333  0.495863
   0.9999      0.05       0.5  0.499582
        0       0.1  0.466667  0.466667
      0.2       0.1     0.032  0.295662
      0.4       0.1 0.0353333  0.324087
      0.6       0.1 0.0406667  0.360389
      0.8       0.1     0.054  0.409725
      0.9       0.1 0.0793333  0.443812
     0.95       0.1      0.12  0.466382
     0.99       0.1     0.352  0.491482
    0.999       0.1     0.476   0.49908
   0.9999       0.1       0.5  0.499907
        0      0.15  0.466667  0.466667
      0.2      0.15  0.117333  0.397013
      0.4      0.15  0.134667  0.412361
      0.6      0.15  0.170667  0.429997
      0.8      0.15     0.222  0.451982
      0.9      0.15      0.24  0.467495
     0.95      0.15     0.234  0.479067
     0.99      0.15  0.465333  0.494225
    0.999      0.15  0.466667  0.499362
   0.9999      0.15       0.5  0.499935
        0       0.2  0.466667  0.466667
      0.2       0.2  0.291333   0.43522
      0.4       0.2  0.316667  0.442783
      0.6       0.2  0.348667  0.451619
      0.8       0.2  0.374667  0.463647
      0.9       0.2  0.355333  0.473662
     0.95       0.2  0.292667  0.482291
     0.99       0.2  0.466667  0.494912
    0.999       0.2  0.466667  0.499432
   0.9999       0.2       0.5  0.499943
        0       0.3  0.466667  0.466667
      0.2       0.3  0.445333  0.455921
      0.4       0.3     0.446  0.458986
      0.6       0.3  0.447333  0.463087
      0.8       0.3  0.434667  0.469971
      0.9       0.3  0.394667  0.477108
     0.95       0.3  0.340667  0.484146
     0.99       0.3  0.466667  0.495329
    0.999       0.3  0.466667  0.499476
   0.9999       0.3       0.5  0.499947
        0       0.4  0.466667  0.466667
      0.2       0.4  0.459333  0.460817
      0.4       0.4  0.460667  0.462999
      0.6       0.4  0.457333  0.466073
      0.8       0.4     0.436  0.471703
      0.9       0.4     0.386  0.478087
     0.95       0.4     0.384  0.484696
     0.99       0.4  0.466667  0.495466
    0.999       0.4  0.466667  0.499491
   0.9999       0.4       0.5  0.499948
        0       0.5  0.466667  0.466667
      0.2       0.5  0.465333  0.462958
      0.4       0.5  0.464667  0.464756
      0.6       0.5  0.459333  0.467369
      0.8       0.5     0.438  0.472441
      0.9       0.5  0.381333  0.478501
     0.95       0.5  0.429333  0.484931
     0.99       0.5  0.466667  0.495527
    0.999       0.5  0.466667  0.499497
   0.9999       0.5       0.5  0.499949
        0       0.6  0.466667  0.466667
      0.2       0.6     0.466  0.464171
      0.4       0.6     0.466  0.465731
      0.6       0.6  0.458667  0.468072
      0.8       0.6  0.432667   0.47283
      0.9       0.6  0.382667  0.478715
     0.95       0.6  0.453333  0.485052
     0.99       0.6  0.466667  0.495558
    0.999       0.6  0.466667  0.499501
   0.9999       0.6       0.5  0.499949
        0       0.7  0.466667  0.466667
      0.2       0.7     0.468  0.464935
      0.4       0.7  0.466667  0.466335
      0.6       0.7     0.456  0.468498
      0.8       0.7      0.43  0.473061
      0.9       0.7     0.376  0.478841
     0.95       0.7  0.460667  0.485122
     0.99       0.7  0.466667  0.495575
    0.999       0.7  0.466667  0.499503
   0.9999       0.7       0.5   0.49995
        0       0.8  0.466667  0.466667
      0.2       0.8  0.466667  0.465446
      0.4       0.8     0.466  0.466734
      0.6       0.8  0.454667  0.468777
      0.8       0.8  0.431333  0.473209
      0.9       0.8  0.368667  0.478921
     0.95       0.8     0.464  0.485166
     0.99       0.8  0.466667  0.495586
    0.999       0.8  0.466667  0.499504
   0.9999       0.8       0.5   0.49995
        0       0.9  0.466667  0.466667
      0.2       0.9  0.467333  0.465804
      0.4       0.9  0.467333  0.467012
      0.6       0.9  0.454667  0.468969
      0.8       0.9     0.432  0.473311
      0.9       0.9  0.363333  0.478975
     0.95       0.9  0.464667  0.485195
     0.99       0.9  0.466667  0.495593
    0.999       0.9  0.466667  0.499505
   0.9999       0.9       0.5   0.49995
        0         1  0.466667  0.466667
      0.2         1  0.468667  0.466064
      0.4         1     0.466  0.467212
      0.6         1     0.456  0.469107
      0.8         1  0.430667  0.473383
      0.9         1  0.364667  0.479013
     0.95         1  0.464667  0.485216
     0.99         1  0.466667  0.495598
    0.999         1  0.466667  0.499505
   0.9999         1  0.491333   0.49995
        0         2  0.466667  0.466667
      0.2         2  0.469333   0.46692
      0.4         2  0.465333  0.467865
      0.6         2  0.456667   0.46955
      0.8         2  0.429333  0.473612
      0.9         2  0.361333  0.479133
     0.95         2  0.466667  0.485279
     0.99         2  0.466667  0.495612
    0.999         2  0.466667  0.499507
   0.9999         2  0.466667   0.49995
        0         4  0.466667  0.466667
      0.2         4  0.469333   0.46714
      0.4         4  0.464667   0.46803
      0.6         4  0.456667  0.469662
      0.8         4  0.428667  0.473669
      0.9         4  0.363333  0.479162
     0.95         4  0.466667  0.485295
     0.99         4  0.466667  0.495616
    0.999         4  0.466667  0.499507
   0.9999         4  0.466667   0.49995