        0      0.05  0.446667  0.466667
      0.2      0.05     0.078  0.108079
      0.4      0.05      0.08  0.121613
      0.6      0.05 0.0826667  0.143411
      0.8      0.05 0.0993333   0.18973
      0.9      0.05  0.111333  0.248267
     0.95      0.05  0.117333  0.314666
     0.99      0.05  0.128667  0.438465
    0.999      0.05  0.476667  0.491468
   0.9999      0.05      0.48  0.497955
        0       0.1  0.446667  0.466667
      0.2       0.1  0.107333  0.202827
      0.4       0.1  0.109333  0.225502
      0.6       0.1  0.111333  0.260245
      0.8       0.1  0.115333  0.323298
      0.9       0.1     0.118  0.381654
     0.95       0.1      0.15  0.426913
     0.99       0.1  0.421333  0.480026
    0.999       0.1      0.48  0.496091
   0.9999       0.1      0.48  0.497839
        0      0.15  0.446667  0.466667
      0.2      0.15  0.112667  0.282751
      0.4      0.15     0.118  0.307818
      0.6      0.15  0.119333  0.342319
      0.8      0.15     0.128  0.393876
      0.9      0.15  0.208667  0.432272
     0.95      0.15  0.375333  0.458462
     0.99      0.15  0.446667  0.487773
    0.999      0.15      0.48  0.496638
   0.9999      0.15      0.48  0.497604
        0       0.2  0.446667  0.466667
      0.2       0.2  0.115333  0.342648
      0.4       0.2  0.120667  0.364691
      0.6       0.2  0.136667   0.39215
      0.8       0.2  0.224667  0.428385
      0.9       0.2  0.380667  0.453261
     0.95       0.2     0.436  0.470266
     0.99       0.2  0.446667  0.490392
    0.999       0.2      0.48  0.496824
   0.9999       0.2      0.48  0.497535
        0       0.3  0.446667  0.466667
      0.2       0.3  0.170667    0.4136
      0.4       0.3      0.22  0.425736
      0.6       0.3  0.313333  0.439483
      0.8       0.3  0.416667  0.456595
      0.9       0.3  0.446667  0.469083
     0.95       0.3  0.446667  0.478892
     0.99       0.3  0.446667  0.492481
    0.999       0.3      0.48   0.49726
   0.9999       0.3      0.48  0.497798
        0       0.4  0.446667  0.466667
      0.2       0.4  0.319333  0.444029
      0.4       0.4  0.373333  0.449962
      0.6       0.4  0.414667  0.456783
      0.8       0.4  0.446667  0.466138
      0.9       0.4  0.446667  0.474368
     0.95       0.4  0.446667  0.481909
     0.99       0.4  0.446667  0.493508
    0.999       0.4      0.48   0.49777
   0.9999       0.4      0.48  0.498254
        0       0.5  0.446667  0.466667
      0.2       0.5  0.395333  0.456247
      0.4       0.5     0.418  0.459454
      0.6       0.5      0.44  0.463431
      0.8       0.5  0.446667  0.469812
      0.9       0.5  0.446667  0.476498
     0.95       0.5  0.446667   0.48324
     0.99       0.5  0.446667  0.494129
    0.999       0.5      0.48  0.498195
   0.9999       0.5      0.48  0.498658
        0       0.6  0.446667  0.466667
      0.2       0.6  0.418667  0.461439
      0.4       0.6  0.436667  0.463476
      0.6       0.6  0.446667  0.466262
      0.8       0.6  0.446667  0.471427
      0.9       0.6  0.446667  0.477496
     0.95       0.6  0.446667  0.483922
     0.99       0.6  0.446667  0.494524
    0.999       0.6      0.48  0.498506
   0.9999       0.6      0.48  0.498959
        0       0.7  0.446667  0.466667
      0.2       0.7     0.432  0.463871
      0.4       0.7  0.446667  0.465372
      0.6       0.7  0.446667  0.467615
      0.8       0.7  0.446667  0.472234
      0.9       0.7  0.446667  0.478028
     0.95       0.7  0.446667  0.484314
     0.99       0.7  0.446667  0.494786
    0.999       0.7      0.48  0.498728
   0.9999       0.7      0.48  0.499177
        0       0.8  0.446667  0.466667
      0.2       0.8  0.441333  0.465124
      0.4       0.8  0.446667  0.466358
      0.6       0.8  0.446667  0.468332
      0.8       0.8  0.446667  0.472681
      0.9       0.8  0.446667  0.478342
     0.95       0.8  0.446667  0.484559
     0.99       0.8  0.446667  0.494966
    0.999       0.8      0.48  0.498888
   0.9999       0.8      0.48  0.499334
        0       0.9  0.446667  0.466667
      0.2       0.9  0.446667  0.465824
      0.4       0.9  0.446667  0.466915
      0.6       0.9  0.446667  0.468746
      0.8       0.9  0.446667  0.472952
      0.9       0.9  0.446667  0.478541
     0.95       0.9  0.446667  0.484723
     0.99       0.9  0.446667  0.495095
    0.999       0.9      0.48  0.499005
   0.9999       0.9      0.48   0.49945
        0         1  0.446667  0.466667
      0.2         1  0.446667  0.466241
      0.4         1  0.446667  0.467251
      0.6         1  0.446667  0.469001
      0.8         1  0.446667  0.473126
      0.9         1  0.446667  0.478676
     0.95         1  0.446667  0.484837
     0.99         1  0.446667  0.495189
    0.999         1      0.48  0.499093
   0.9999         1      0.48  0.499537
        0         2  0.446667  0.466667
      0.2         2  0.446667  0.467095
      0.4         2  0.446667   0.46797
      0.6         2  0.446667  0.469585
      0.8         2  0.446667  0.473576
      0.9         2  0.446667   0.47906
     0.95         2  0.446667  0.485188
     0.99         2  0.446667  0.495506
    0.999         2  0.446667  0.499397
   0.9999         2      0.48   0.49984
        0         4  0.446667  0.466667
      0.2         4  0.446667  0.467192
      0.4         4  0.446667  0.468063
      0.6         4  0.446667  0.469674
      0.8         4  0.446667  0.473662
      0.9         4  0.446667  0.479145
     0.95         4  0.446667  0.485272
     0.99         4  0.446667  0.495589
    0.999         4  0.446667  0.499479
   0.9999         4  0.446667  0.499922