       0     0.05 0.473333 0.493333
     0.2     0.05    0.258 0.268882
     0.4     0.05 0.254667 0.274434
     0.6     0.05 0.250667 0.285404
     0.8     0.05     0.25 0.312745
     0.9     0.05 0.253333 0.348659
    0.95     0.05 0.279333 0.387789
    0.99     0.05 0.323333 0.458947
   0.999     0.05    0.356 0.493832
  0.9999     0.05     0.48 0.498719
       0      0.1 0.473333 0.493333
     0.2      0.1 0.240667 0.321348
     0.4      0.1 0.247333 0.336949
     0.6      0.1    0.266 0.360009
     0.8      0.1 0.295333 0.398679
     0.9      0.1 0.303333 0.431633
    0.95      0.1    0.316 0.456207
    0.99      0.1    0.342 0.486273
   0.999      0.1 0.473333 0.497234
  0.9999      0.1     0.48 0.498603
       0     0.15 0.473333 0.493333
     0.2     0.15    0.272 0.377208
     0.4     0.15    0.282 0.392627
     0.6     0.15 0.295333 0.413128
     0.8     0.15 0.310667 0.442197
     0.9     0.15 0.313333 0.462799
    0.95     0.15 0.297333 0.476361
    0.99     0.15 0.473333 0.491739
   0.999     0.15 0.475333 0.497604
  0.9999     0.15     0.48 0.498386
       0      0.2 0.473333 0.493333
     0.2      0.2    0.302 0.415298
     0.4      0.2 0.310667 0.427967
     0.6      0.2 0.316667 0.443448
     0.8      0.2 0.316667  0.46329
     0.9      0.2    0.304  0.47618
    0.95      0.2    0.368 0.484269
    0.99      0.2 0.473333 0.493613
   0.999      0.2 0.475333 0.497747
  0.9999      0.2     0.48 0.498344
       0      0.3 0.473333 0.493333
     0.2      0.3 0.328667 0.458004
     0.4      0.3 0.328667 0.464827
     0.6      0.3 0.326667 0.472468
     0.8      0.3 0.317333 0.481409
     0.9      0.3 0.395333 0.486839
    0.95      0.3    0.472 0.490255
    0.99      0.3 0.473333 0.495084
   0.999      0.3 0.473333  0.49806
  0.9999      0.3     0.48 0.498536
       0      0.4 0.473333 0.493333
     0.2      0.4    0.348 0.477101
     0.4      0.4 0.339333 0.480362
     0.6      0.4     0.33 0.483936
     0.8      0.4 0.342667 0.488043
     0.9      0.4 0.463333 0.490583
    0.95      0.4 0.473333 0.492367
    0.99      0.4 0.473333 0.495772
   0.999      0.4 0.473333 0.498402
  0.9999      0.4     0.48 0.498841
       0      0.5 0.473333 0.493333
     0.2      0.5 0.357333 0.485168
     0.4      0.5 0.342667 0.486804
     0.6      0.5 0.330667   0.4886
     0.8      0.5 0.414667 0.490702
     0.9      0.5 0.473333 0.492109
    0.95      0.5 0.473333 0.493283
    0.99      0.5 0.473333 0.496175
   0.999      0.5 0.473333 0.498681
  0.9999      0.5     0.48 0.499106
       0      0.6 0.473333 0.493333
     0.2      0.6 0.361333 0.488752
     0.4      0.6 0.347333  0.48966
     0.6      0.6 0.337333  0.49067
     0.8      0.6 0.444667 0.491899
     0.9      0.6 0.473333 0.492826
    0.95      0.6 0.473333 0.493747
    0.99      0.6 0.473333 0.496429
   0.999      0.6 0.473333 0.498884
  0.9999      0.6     0.48 0.499304
       0      0.7 0.473333 0.493333
     0.2      0.7 0.366667 0.490508
     0.4      0.7 0.348667 0.491064
     0.6      0.7 0.340667 0.491695
     0.8      0.7     0.46 0.492508
     0.9      0.7 0.473333 0.493209
    0.95      0.7 0.473333 0.494012
    0.99      0.7 0.473333 0.496596
   0.999      0.7 0.473333 0.499029
  0.9999      0.7     0.48 0.499446
       0      0.8 0.473333 0.493333
     0.2      0.8 0.370667 0.491455
     0.4      0.8 0.350667 0.491827
     0.6      0.8 0.342667 0.492258
     0.8      0.8    0.468 0.492853
     0.9      0.8 0.473333 0.493436
    0.95      0.8 0.473333 0.494177
    0.99      0.8 0.473333 0.496711
   0.999      0.8 0.473333 0.499133
  0.9999      0.8     0.48 0.499549
       0      0.9 0.473333 0.493333
     0.2      0.9    0.372 0.492009
     0.4      0.9 0.355333 0.492276
     0.6      0.9 0.348667 0.492594
     0.8      0.9    0.472 0.493064
     0.9      0.9 0.473333 0.493581
    0.95      0.9 0.473333 0.494287
    0.99      0.9 0.473333 0.496794
   0.999      0.9 0.473333 0.499209
  0.9999      0.9     0.48 0.499625
       0        1 0.473333 0.493333
     0.2        1    0.376 0.492357
     0.4        1 0.355333 0.492559
     0.6        1 0.348667 0.492807
     0.8        1 0.472667 0.493203
     0.9        1 0.473333 0.493679
    0.95        1 0.473333 0.494365
    0.99        1 0.473333 0.496854
   0.999        1 0.473333 0.499266
  0.9999        1     0.48 0.499682
       0        2 0.473333 0.493333
     0.2        2 0.379333  0.49318
     0.4        2 0.355333 0.493242
     0.6        2 0.367333 0.493339
     0.8        2 0.473333 0.493573
     0.9        2 0.473333 0.493964
    0.95        2 0.473333 0.494604
    0.99        2 0.473333 0.497057
   0.999        2 0.473333 0.499464
  0.9999        2 0.473333 0.499879
       0        4 0.473333 0.493333
     0.2        4 0.380667 0.493316
     0.4        4     0.36 0.493358
     0.6        4    0.372 0.493435
     0.8        4 0.473333 0.493648
     0.9        4 0.473333 0.494027
    0.95        4 0.473333 0.494662
    0.99        4 0.473333  0.49711
   0.999        4 0.473333 0.499517
  0.9999        4 0.473333 0.499932