       0     0.05 0.494667     0.49
     0.2     0.05 0.474667 0.474875
     0.4     0.05    0.478 0.475236
     0.6     0.05     0.47 0.476459
     0.8     0.05 0.464667  0.47941
     0.9     0.05 0.464667 0.483019
    0.95     0.05    0.466 0.486918
    0.99     0.05     0.46 0.494825
   0.999     0.05 0.493333 0.499363
  0.9999     0.05 0.504667 0.500035
       0      0.1 0.494667     0.49
     0.2      0.1 0.470667 0.479355
     0.4      0.1 0.466667  0.48051
     0.6      0.1 0.467333  0.48233
     0.8      0.1 0.465333 0.485522
     0.9      0.1 0.461333 0.488476
    0.95      0.1 0.465333 0.491099
    0.99      0.1 0.495333 0.496214
   0.999      0.1 0.494667 0.499612
  0.9999      0.1 0.504667 0.500137
       0     0.15 0.494667     0.49
     0.2     0.15 0.473333 0.482936
     0.4     0.15 0.467333 0.484255
     0.6     0.15    0.452 0.485938
     0.8     0.15    0.462 0.488351
     0.9     0.15 0.475333 0.490306
    0.95     0.15     0.49 0.492097
    0.99     0.15 0.494667 0.496399
   0.999     0.15 0.494667 0.499646
  0.9999     0.15 0.504667 0.500156
       0      0.2 0.494667     0.49
     0.2      0.2 0.457333 0.485783
     0.4      0.2    0.464 0.486789
     0.6      0.2 0.465333 0.487999
     0.8      0.2 0.477333 0.489619
     0.9      0.2 0.486667 0.490971
    0.95      0.2    0.494 0.492409
    0.99      0.2 0.494667 0.496445
   0.999      0.2 0.494667 0.499647
  0.9999      0.2 0.504667 0.500151
       0      0.3 0.494667     0.49
     0.2      0.3    0.488 0.488777
     0.4      0.3 0.487333 0.489218
     0.6      0.3 0.488667 0.489732
     0.8      0.3 0.487333 0.490503
     0.9      0.3 0.494667  0.49139
    0.95      0.3 0.494667 0.492608
    0.99      0.3 0.494667 0.496494
   0.999      0.3 0.494667  0.49963
  0.9999      0.3 0.504667 0.500121
       0      0.4 0.494667     0.49
     0.2      0.4 0.487333 0.489714
     0.4      0.4 0.492667  0.48991
     0.6      0.4 0.493333 0.490175
     0.8      0.4 0.490667 0.490706
     0.9      0.4 0.494667 0.491491
    0.95      0.4 0.494667 0.492674
    0.99      0.4 0.494667  0.49654
   0.999      0.4 0.494667 0.499611
  0.9999      0.4 0.504667 0.500085
       0      0.5 0.494667     0.49
     0.2      0.5    0.492 0.489958
     0.4      0.5 0.494667 0.490082
     0.6      0.5     0.49  0.49028
     0.8      0.5 0.496667 0.490752
     0.9      0.5 0.494667 0.491518
    0.95      0.5 0.494667 0.492704
    0.99      0.5 0.494667 0.496573
   0.999      0.5 0.494667 0.499593
  0.9999      0.5 0.504667 0.500054
       0      0.6 0.494667     0.49
     0.2      0.6 0.488667 0.490025
     0.4      0.6 0.499333 0.490127
     0.6      0.6    0.488 0.490305
     0.8      0.6    0.496 0.490761
     0.9      0.6 0.494667 0.491526
    0.95      0.6 0.494667  0.49272
    0.99      0.6 0.494667 0.496595
   0.999      0.6 0.494667 0.499578
  0.9999      0.6 0.504667  0.50003
       0      0.7 0.494667     0.49
     0.2      0.7 0.491333 0.490045
     0.4      0.7 0.492667  0.49014
     0.6      0.7 0.487333  0.49031
     0.8      0.7    0.494 0.490761
     0.9      0.7 0.494667 0.491529
    0.95      0.7 0.494667  0.49273
    0.99      0.7 0.494667 0.496609
   0.999      0.7 0.494667 0.499567
  0.9999      0.7 0.504667 0.500013
       0      0.8 0.494667     0.49
     0.2      0.8 0.494667 0.490052
     0.4      0.8 0.491333 0.490143
     0.6      0.8 0.489333  0.49031
     0.8      0.8 0.494667 0.490759
     0.9      0.8 0.494667 0.491529
    0.95      0.8 0.494667 0.492736
    0.99      0.8 0.494667 0.496618
   0.999      0.8 0.494667 0.499559
  0.9999      0.8 0.504667      0.5
       0      0.9 0.494667     0.49
     0.2      0.9 0.489333 0.490054
     0.4      0.9    0.492 0.490143
     0.6      0.9     0.49 0.490308
     0.8      0.9 0.494667 0.490756
     0.9      0.9 0.494667  0.49153
    0.95      0.9 0.494667  0.49274
    0.99      0.9 0.494667 0.496624
   0.999      0.9 0.494667 0.499552
  0.9999      0.9 0.504667 0.499991
       0        1 0.494667     0.49
     0.2        1 0.491333 0.490055
     0.4        1 0.490667 0.490142
     0.6        1    0.494 0.490306
     0.8        1 0.494667 0.490754
     0.9        1 0.494667 0.491529
    0.95        1 0.494667 0.492743
    0.99        1 0.494667 0.496628
   0.999        1 0.494667 0.499548
  0.9999        1 0.504667 0.499984
       0        2 0.494667     0.49
     0.2        2 0.491333 0.490052
     0.4        2 0.491333 0.490135
     0.6        2    0.496 0.490296
     0.8        2 0.494667 0.490745
     0.9        2 0.494667 0.491527
    0.95        2 0.494667 0.492752
    0.99        2 0.494667 0.496642
   0.999        2 0.494667  0.49953
  0.9999        2 0.494667 0.499959
       0        4 0.494667     0.49
     0.2        4 0.490667  0.49005
     0.4        4 0.493333 0.490133
     0.6        4 0.494667 0.490293
     0.8        4 0.494667 0.490742
     0.9        4 0.494667 0.491527
    0.95        4 0.494667 0.492754
    0.99        4 0.494667 0.496645
   0.999        4 0.494667 0.499525
  0.9999        4 0.494667 0.499953