        0      0.05  0.196667  0.496667
      0.2      0.05  0.196667  0.374667
      0.4      0.05  0.196667  0.373667
      0.6      0.05  0.196667     0.373
      0.8      0.05  0.196667     0.373
      0.9      0.05  0.196667  0.372333
     0.95      0.05  0.196667  0.372333
     0.99      0.05  0.196667  0.371667
    0.999      0.05  0.196667      0.37
   0.9999      0.05  0.196667      0.37
        0       0.1  0.196667  0.496667
      0.2       0.1  0.237333  0.237041
      0.4       0.1     0.238  0.237409
      0.6       0.1  0.237333  0.237419
      0.8       0.1     0.238   0.23639
      0.9       0.1  0.235333  0.235422
     0.95       0.1  0.235333  0.235257
     0.99       0.1     0.236  0.235354
    0.999       0.1  0.234667  0.233735
   0.9999       0.1  0.229333  0.231695
        0      0.15  0.196667  0.496667
      0.2      0.15  0.237333   0.23752
      0.4      0.15  0.237333  0.236938
      0.6      0.15     0.238  0.236876
      0.8      0.15  0.235333  0.235904
      0.9      0.15     0.236  0.235138
     0.95      0.15  0.234667  0.234531
     0.99      0.15      0.23  0.231908
    0.999      0.15  0.227333  0.227439
   0.9999      0.15  0.227333  0.226311
        0       0.2  0.196667  0.496667
      0.2       0.2  0.236667  0.239858
      0.4       0.2  0.235333  0.237538
      0.6       0.2  0.235333  0.236368
      0.8       0.2  0.236667  0.235161
      0.9       0.2  0.233333  0.233744
     0.95       0.2     0.232  0.232017
     0.99       0.2  0.226667  0.227364
    0.999       0.2  0.229333  0.226835
   0.9999       0.2  0.225333  0.226968
        0       0.3  0.196667  0.496667
      0.2       0.3  0.248667  0.249974
      0.4       0.3     0.238  0.243452
      0.6       0.3  0.235333   0.23935
      0.8       0.3     0.232  0.235901
      0.9       0.3  0.224667  0.234307
     0.95       0.3     0.232   0.23395
     0.99       0.3  0.239333  0.237877
    0.999       0.3     0.142  0.175216
   0.9999       0.3     0.068  0.107071
        0       0.4  0.196667  0.496667
      0.2       0.4  0.261333  0.266346
      0.4       0.4  0.258667   0.25826
      0.6       0.4  0.247333   0.25261
      0.8       0.4  0.239333  0.247872
      0.9       0.4     0.234  0.245964
     0.95       0.4  0.232667   0.24343
     0.99       0.4  0.167333  0.207032
    0.999       0.4  0.122667  0.147244
   0.9999       0.4     0.084   0.15133
        0       0.5  0.196667  0.496667
      0.2       0.5     0.282   0.28587
      0.4       0.5  0.265333  0.276245
      0.6       0.5  0.255333  0.268034
      0.8       0.5  0.238667  0.258414
      0.9       0.5     0.232  0.249762
     0.95       0.5  0.216667  0.238723
     0.99       0.5  0.129333  0.203699
    0.999       0.5 0.0886667   0.17356
   0.9999       0.5     0.194  0.198857
        0       0.6  0.196667  0.496667
      0.2       0.6  0.287333  0.301315
      0.4       0.6     0.274  0.291413
      0.6       0.6  0.255333  0.280833
      0.8       0.6     0.228  0.265969
      0.9       0.6  0.206667  0.253164
     0.95       0.6     0.148  0.240895
     0.99       0.6     0.114  0.213079
    0.999       0.6     0.184  0.215852
   0.9999       0.6  0.196667  0.238958
        0       0.7  0.196667  0.496667
      0.2       0.7  0.284667  0.316517
      0.4       0.7     0.278  0.306514
      0.6       0.7     0.252     0.295
      0.8       0.7  0.213333  0.278949
      0.9       0.7     0.148    0.2661
     0.95       0.7  0.138667  0.255596
     0.99       0.7     0.124  0.244999
    0.999       0.7  0.192667  0.264476
   0.9999       0.7  0.199333  0.276456
        0       0.8  0.196667  0.496667
      0.2       0.8  0.288667  0.333792
      0.4       0.8  0.271333  0.325493
      0.6       0.8  0.240667   0.31581
      0.8       0.8      0.18  0.302564
      0.9       0.8  0.146667  0.292821
     0.95       0.8     0.124  0.286939
     0.99       0.8     0.184  0.290352
    0.999       0.8  0.195333  0.308198
   0.9999       0.8       0.2  0.314173
        0       0.9  0.196667  0.496667
      0.2       0.9     0.288  0.351644
      0.4       0.9  0.273333  0.346453
      0.6       0.9  0.230667  0.340167
      0.8       0.9     0.176  0.331344
      0.9       0.9  0.150667  0.325718
     0.95       0.9  0.139333  0.324314
     0.99       0.9  0.189333  0.333491
    0.999       0.9     0.198  0.346343
   0.9999       0.9       0.2  0.349524
        0         1  0.196667  0.496667
      0.2         1  0.285333  0.368998
      0.4         1  0.270667  0.366797
      0.6         1  0.230667  0.363707
      0.8         1     0.176  0.359183
      0.9         1     0.148  0.357442
     0.95         1     0.176  0.359164
     0.99         1  0.193333  0.369428
    0.999         1  0.198667   0.37819
   0.9999         1       0.2  0.380054
        0         2  0.196667  0.496667
      0.2         2  0.293333  0.464346
      0.4         2  0.257333  0.467317
      0.6         2     0.226  0.470596
      0.8         2  0.205333  0.474491
      0.9         2  0.199333  0.476889
     0.95         2  0.196667  0.478364
     0.99         2  0.196667  0.480425
    0.999         2  0.196667  0.482257
   0.9999         2       0.2  0.482679
        0         4  0.196667  0.496667
      0.2         4  0.341333  0.491054
      0.4         4     0.308   0.49171
      0.6         4  0.256667  0.492381
      0.8         4  0.216667  0.493097
      0.9         4  0.202667  0.493535
     0.95         4  0.196667  0.493891
     0.99         4  0.196667  0.494982
    0.999         4  0.196667   0.49658
   0.9999         4  0.196667  0.496965