       0     0.05 0.496667 0.496667
     0.2     0.05 0.410667 0.410701
     0.4     0.05 0.410667 0.408541
     0.6     0.05    0.408 0.407152
     0.8     0.05 0.407333 0.409669
     0.9     0.05 0.407333 0.419995
    0.95     0.05 0.410667 0.436928
    0.99     0.05 0.427333 0.475898
   0.999     0.05 0.496667 0.496442
  0.9999     0.05      0.5 0.499617
       0      0.1 0.496667 0.496667
     0.2      0.1 0.417333 0.436827
     0.4      0.1 0.422667 0.442833
     0.6      0.1 0.428667 0.451921
     0.8      0.1 0.437333 0.466637
     0.9      0.1 0.462667  0.47817
    0.95      0.1 0.471333 0.486123
    0.99      0.1 0.495333 0.495279
   0.999      0.1 0.496667 0.499242
  0.9999      0.1      0.5 0.499917
       0     0.15 0.496667 0.496667
     0.2     0.15    0.422  0.46235
     0.4     0.15 0.430667 0.468886
     0.6     0.15 0.446667  0.47619
     0.8     0.15     0.47  0.48474
     0.9     0.15 0.474667  0.49005
    0.95     0.15 0.454667 0.493342
    0.99     0.15 0.496667 0.497161
   0.999     0.15 0.496667 0.499461
  0.9999     0.15      0.5 0.499939
       0      0.2 0.496667 0.496667
     0.2      0.2 0.457333 0.482839
     0.4      0.2    0.466 0.485364
     0.6      0.2 0.473333 0.488145
     0.8      0.2 0.468667 0.491667
     0.9      0.2     0.45 0.494041
    0.95      0.2    0.514  0.49556
    0.99      0.2 0.496667 0.497657
   0.999      0.2 0.496667 0.499515
  0.9999      0.2      0.5 0.499945
       0      0.3 0.496667 0.496667
     0.2      0.3 0.477333 0.495652
     0.4      0.3 0.472667 0.495406
     0.6      0.3    0.462 0.495487
     0.8      0.3 0.465333 0.495977
     0.9      0.3 0.516667 0.496435
    0.95      0.3 0.496667 0.496822
    0.99      0.3 0.496667 0.497927
   0.999      0.3 0.496667 0.499548
  0.9999      0.3      0.5 0.499949
       0      0.4 0.496667 0.496667
     0.2      0.4 0.471333 0.496752
     0.4      0.4 0.458667 0.496594
     0.6      0.4 0.447333 0.496556
     0.8      0.4 0.534667 0.496651
     0.9      0.4 0.496667   0.4968
    0.95      0.4 0.496667 0.497011
    0.99      0.4 0.496667 0.497974
   0.999      0.4 0.496667 0.499557
  0.9999      0.4      0.5  0.49995
       0      0.5 0.496667 0.496667
     0.2      0.5    0.464 0.496775
     0.4      0.5 0.457333 0.496718
     0.6      0.5    0.464 0.496704
     0.8      0.5 0.527333  0.49675
     0.9      0.5 0.496667 0.496853
    0.95      0.5 0.496667 0.497039
    0.99      0.5 0.496667 0.497984
   0.999      0.5 0.496667 0.499561
  0.9999      0.5      0.5  0.49995
       0      0.6 0.496667 0.496667
     0.2      0.6    0.458 0.496735
     0.4      0.6    0.452 0.496717
     0.6      0.6    0.478 0.496718
     0.8      0.6 0.504667 0.496762
     0.9      0.6 0.496667  0.49686
    0.95      0.6 0.496667 0.497043
    0.99      0.6 0.496667 0.497988
   0.999      0.6 0.496667 0.499562
  0.9999      0.6      0.5  0.49995
       0      0.7 0.496667 0.496667
     0.2      0.7    0.458 0.496707
     0.4      0.7 0.449333 0.496704
     0.6      0.7 0.495333 0.496714
     0.8      0.7 0.498667 0.496761
     0.9      0.7 0.496667 0.496859
    0.95      0.7 0.496667 0.497043
    0.99      0.7 0.496667 0.497989
   0.999      0.7 0.496667 0.499563
  0.9999      0.7      0.5 0.499951
       0      0.8 0.496667 0.496667
     0.2      0.8 0.458667 0.496691
     0.4      0.8 0.447333 0.496695
     0.6      0.8 0.507333 0.496709
     0.8      0.8 0.496667 0.496759
     0.9      0.8 0.496667 0.496858
    0.95      0.8 0.496667 0.497042
    0.99      0.8 0.496667  0.49799
   0.999      0.8 0.496667 0.499564
  0.9999      0.8 0.496667 0.499951
       0      0.9 0.496667 0.496667
     0.2      0.9 0.456667 0.496683
     0.4      0.9 0.447333 0.496689
     0.6      0.9 0.510667 0.496705
     0.8      0.9 0.496667 0.496757
     0.9      0.9 0.496667 0.496857
    0.95      0.9 0.496667 0.497042
    0.99      0.9 0.496667 0.497991
   0.999      0.9 0.496667 0.499564
  0.9999      0.9 0.496667 0.499951
       0        1 0.496667 0.496667
     0.2        1 0.457333 0.496677
     0.4        1 0.451333 0.496686
     0.6        1 0.521333 0.496703
     0.8        1 0.496667 0.496755
     0.9        1 0.496667 0.496856
    0.95        1 0.496667 0.497042
    0.99        1 0.496667 0.497991
   0.999        1 0.496667 0.499564
  0.9999        1 0.496667 0.499951
       0        2 0.496667 0.496667
     0.2        2 0.456667 0.496671
     0.4        2    0.458  0.49668
     0.6        2 0.534667 0.496699
     0.8        2 0.496667 0.496753
     0.9        2 0.496667 0.496855
    0.95        2 0.496667 0.497041
    0.99        2 0.496667 0.497992
   0.999        2 0.496667 0.499565
  0.9999        2 0.496667 0.499951
       0        4 0.496667 0.496667
     0.2        4 0.456667 0.496672
     0.4        4 0.456667 0.496681
     0.6        4 0.538667 0.496699
     0.8        4 0.496667 0.496753
     0.9        4 0.496667 0.496855
    0.95        4 0.496667 0.497042
    0.99        4 0.496667 0.497992
   0.999        4 0.496667 0.499565
  0.9999        4 0.496667 0.499951