        0      0.05      0.19      0.49
      0.2      0.05      0.19  0.370667
      0.4      0.05      0.19  0.370667
      0.6      0.05      0.19  0.370667
      0.8      0.05      0.19  0.370667
      0.9      0.05      0.19  0.370667
     0.95      0.05      0.19  0.370667
     0.99      0.05      0.19  0.370667
    0.999      0.05      0.19  0.370667
   0.9999      0.05      0.19  0.370667
        0       0.1      0.19      0.49
      0.2       0.1     0.182  0.181536
      0.4       0.1     0.178  0.178399
      0.6       0.1  0.177333  0.177459
      0.8       0.1  0.176667  0.176781
      0.9       0.1  0.175333  0.176455
     0.95       0.1  0.176667  0.176498
     0.99       0.1     0.176  0.176291
    0.999       0.1  0.166667  0.168708
   0.9999       0.1  0.174667    0.1719
        0      0.15      0.19      0.49
      0.2      0.15     0.192  0.192302
      0.4      0.15  0.192667  0.187318
      0.6      0.15  0.179333  0.181829
      0.8      0.15  0.176667  0.179473
      0.9      0.15  0.177333  0.179105
     0.95      0.15  0.177333  0.177289
     0.99      0.15     0.176  0.173048
    0.999      0.15  0.176667  0.176356
   0.9999      0.15  0.178667  0.179542
        0       0.2      0.19      0.49
      0.2       0.2     0.194  0.192363
      0.4       0.2     0.194  0.191886
      0.6       0.2  0.189333  0.187618
      0.8       0.2  0.182667  0.182998
      0.9       0.2  0.183333  0.179706
     0.95       0.2  0.180667  0.176456
     0.99       0.2  0.177333  0.176492
    0.999       0.2  0.181333  0.187752
   0.9999       0.2  0.219333  0.217023
        0       0.3      0.19      0.49
      0.2       0.3  0.186667  0.187223
      0.4       0.3  0.188667   0.18911
      0.6       0.3     0.186  0.188643
      0.8       0.3  0.185333  0.185004
      0.9       0.3     0.174  0.181328
     0.95       0.3     0.178  0.181624
     0.99       0.3  0.212667  0.206172
    0.999       0.3  0.222667  0.221287
   0.9999       0.3  0.223333  0.220211
        0       0.4      0.19      0.49
      0.2       0.4  0.183333  0.182093
      0.4       0.4  0.185333  0.185668
      0.6       0.4  0.181333  0.187961
      0.8       0.4  0.180667  0.190022
      0.9       0.4     0.184  0.194516
     0.95       0.4  0.192667  0.205222
     0.99       0.4  0.225333  0.225219
    0.999       0.4  0.221333   0.20789
   0.9999       0.4  0.147333  0.146444
        0       0.5      0.19      0.49
      0.2       0.5     0.174  0.183174
      0.4       0.5  0.183333  0.186387
      0.6       0.5     0.188  0.191231
      0.8       0.5  0.190667  0.199519
      0.9       0.5  0.194667  0.209379
     0.95       0.5  0.212667  0.218426
     0.99       0.5     0.224  0.214733
    0.999       0.5 0.0506667  0.159126
   0.9999       0.5     0.088  0.130893
        0       0.6      0.19      0.49
      0.2       0.6     0.184  0.195326
      0.4       0.6  0.182667  0.195892
      0.6       0.6     0.184  0.200383
      0.8       0.6  0.191333  0.209546
      0.9       0.6      0.19  0.217988
     0.95       0.6  0.201333  0.222256
     0.99       0.6     0.128  0.208134
    0.999       0.6 0.0526667  0.166787
   0.9999       0.6  0.161333  0.199666
        0       0.7      0.19      0.49
      0.2       0.7     0.194  0.211598
      0.4       0.7  0.189333  0.211049
      0.6       0.7  0.191333  0.214678
      0.8       0.7  0.191333  0.223638
      0.9       0.7  0.191333  0.231462
     0.95       0.7     0.186  0.234386
     0.99       0.7      0.08  0.217877
    0.999       0.7  0.122667  0.216909
   0.9999       0.7  0.198667  0.251934
        0       0.8      0.19      0.49
      0.2       0.8  0.211333  0.229636
      0.4       0.8  0.202667   0.23018
      0.6       0.8  0.200667  0.234843
      0.8       0.8       0.2  0.245082
      0.9       0.8      0.19  0.252398
     0.95       0.8  0.147333  0.253316
     0.99       0.8 0.0733333  0.243771
    0.999       0.8  0.189333  0.265988
   0.9999       0.8       0.2  0.282891
        0       0.9      0.19      0.49
      0.2       0.9     0.222  0.249035
      0.4       0.9  0.219333  0.251921
      0.6       0.9  0.220667  0.258448
      0.8       0.9     0.206  0.269397
      0.9       0.9  0.183333  0.275367
     0.95       0.9  0.119333  0.276022
     0.99       0.9     0.118  0.279006
    0.999       0.9  0.197333  0.300354
   0.9999       0.9       0.2  0.307637
        0         1      0.19      0.49
      0.2         1     0.234  0.269513
      0.4         1  0.236667  0.274619
      0.6         1  0.236667  0.282594
      0.8         1  0.214667  0.293725
      0.9         1  0.177333  0.299643
     0.95         1     0.108  0.302438
     0.99         1     0.164  0.312506
    0.999         1  0.198667  0.327158
   0.9999         1       0.2  0.330709
        0         2      0.19      0.49
      0.2         2  0.275333  0.420363
      0.4         2     0.262  0.426843
      0.6         2  0.252667  0.433864
      0.8         2  0.211333  0.441609
      0.9         2  0.187333   0.44614
     0.95         2  0.189333  0.449207
     0.99         2      0.19  0.454594
    0.999         2       0.2  0.458151
   0.9999         2       0.2    0.4587
        0         4      0.19      0.49
      0.2         4     0.276  0.473852
      0.4         4  0.270667  0.475834
      0.6         4  0.252667  0.477941
      0.8         4     0.218  0.480385
      0.9         4  0.190667   0.48218
     0.95         4      0.19  0.483911
     0.99         4      0.19  0.488215
    0.999         4      0.19  0.491229
   0.9999         4       0.2  0.491675