       0     0.05 0.471333 0.466667
     0.2     0.05 0.484667 0.478187
     0.4     0.05 0.486667 0.478422
     0.6     0.05 0.481333  0.47911
     0.8     0.05    0.482  0.48122
     0.9     0.05    0.478 0.484568
    0.95     0.05     0.48 0.488711
    0.99     0.05    0.486 0.496513
   0.999     0.05 0.470667 0.499561
  0.9999     0.05 0.495333 0.499893
       0      0.1 0.471333 0.466667
     0.2      0.1 0.484667 0.473427
     0.4      0.1    0.488 0.473748
     0.6      0.1 0.488667 0.474568
     0.8      0.1 0.488667 0.477192
     0.9      0.1    0.494   0.4814
    0.95      0.1 0.493333 0.486503
    0.99      0.1 0.474667 0.495736
   0.999      0.1    0.482 0.499438
  0.9999      0.1 0.495333  0.49987
       0     0.15 0.471333 0.466667
     0.2     0.15 0.481333 0.471371
     0.4     0.15 0.482667 0.471763
     0.6     0.15    0.488 0.472726
     0.8     0.15 0.490667 0.475686
     0.9     0.15    0.492 0.480271
    0.95     0.15 0.486667  0.48573
    0.99     0.15 0.465333 0.495524
   0.999     0.15 0.467333  0.49943
  0.9999     0.15 0.495333 0.499883
       0      0.2 0.471333 0.466667
     0.2      0.2    0.486 0.470249
     0.4      0.2 0.488667 0.470706
     0.6      0.2 0.491333 0.471775
     0.8      0.2 0.491333 0.474929
     0.9      0.2 0.488667  0.47972
    0.95      0.2    0.484 0.485379
    0.99      0.2 0.463333  0.49545
   0.999      0.2    0.462 0.499429
  0.9999      0.2 0.495333 0.499889
       0      0.3 0.471333 0.466667
     0.2      0.3 0.486667 0.468906
     0.4      0.3 0.489333 0.469492
     0.6      0.3 0.489333 0.470734
     0.8      0.3 0.488667 0.474181
     0.9      0.3 0.478667  0.47926
    0.95      0.3 0.475333 0.485152
    0.99      0.3    0.462 0.495438
   0.999      0.3    0.462 0.499438
  0.9999      0.3 0.495333 0.499898
       0      0.4 0.471333 0.466667
     0.2      0.4 0.489333 0.468229
     0.4      0.4 0.486667 0.468898
     0.6      0.4 0.484667 0.470258
     0.8      0.4 0.486667 0.473905
     0.9      0.4    0.474  0.47915
    0.95      0.4 0.462667  0.48515
    0.99      0.4    0.462 0.495482
   0.999      0.4    0.462 0.499454
  0.9999      0.4 0.495333 0.499908
       0      0.5 0.471333 0.466667
     0.2      0.5 0.486667 0.467867
     0.4      0.5 0.485333 0.468594
     0.6      0.5 0.485333 0.470034
     0.8      0.5 0.478667   0.4738
     0.9      0.5    0.472 0.479135
    0.95      0.5    0.462 0.485186
    0.99      0.5    0.462 0.495522
   0.999      0.5    0.462 0.499467
  0.9999      0.5 0.495333 0.499918
       0      0.6 0.471333 0.466667
     0.2      0.6 0.487333 0.467662
     0.4      0.6 0.485333 0.468429
     0.6      0.6    0.486 0.469919
     0.8      0.6     0.48 0.473755
     0.9      0.6 0.463333 0.479139
    0.95      0.6    0.462 0.485218
    0.99      0.6    0.462  0.49555
   0.999      0.6    0.462 0.499477
  0.9999      0.6 0.495333 0.499925
       0      0.7 0.471333 0.466667
     0.2      0.7 0.487333 0.467539
     0.4      0.7    0.484 0.468332
     0.6      0.7    0.486 0.469854
     0.8      0.7 0.475333 0.473732
     0.9      0.7    0.464 0.479146
    0.95      0.7    0.462  0.48524
    0.99      0.7    0.462 0.495568
   0.999      0.7    0.462 0.499484
  0.9999      0.7 0.495333 0.499931
       0      0.8 0.471333 0.466667
     0.2      0.8    0.488  0.46746
     0.4      0.8 0.483333  0.46827
     0.6      0.8 0.484667 0.469814
     0.8      0.8 0.476667  0.47372
     0.9      0.8 0.461333 0.479152
    0.95      0.8    0.462 0.485254
    0.99      0.8    0.462  0.49558
   0.999      0.8    0.462 0.499489
  0.9999      0.8 0.495333 0.499934
       0      0.9 0.471333 0.466667
     0.2      0.9    0.488 0.467407
     0.4      0.9    0.484  0.46823
     0.6      0.9 0.483333 0.469788
     0.8      0.9 0.480667 0.473712
     0.9      0.9 0.460667 0.479156
    0.95      0.9    0.462 0.485265
    0.99      0.9    0.462 0.495588
   0.999      0.9    0.462 0.499493
  0.9999      0.9 0.495333 0.499937
       0        1 0.471333 0.466667
     0.2        1 0.487333 0.467369
     0.4        1 0.484667 0.468201
     0.6        1    0.482 0.469769
     0.8        1    0.482 0.473707
     0.9        1 0.463333 0.479159
    0.95        1    0.462 0.485272
    0.99        1    0.462 0.495594
   0.999        1    0.462 0.499495
  0.9999        1 0.495333  0.49994
       0        2 0.471333 0.466667
     0.2        2 0.486667 0.467251
     0.4        2    0.486 0.468114
     0.6        2 0.477333 0.469715
     0.8        2 0.476667 0.473692
     0.9        2 0.462667 0.479169
    0.95        2    0.462 0.485293
    0.99        2    0.462 0.495611
   0.999        2    0.462 0.499504
  0.9999        2    0.462 0.499947
       0        4 0.471333 0.466667
     0.2        4 0.486667 0.467223
     0.4        4 0.485333 0.468093
     0.6        4 0.476667 0.469703
     0.8        4 0.479333 0.473689
     0.9        4 0.461333 0.479171
    0.95        4    0.462 0.485298
    0.99        4    0.462 0.495615
   0.999        4    0.462 0.499506
  0.9999        4    0.462 0.499949