       0     0.05     0.83 0.827778
       0      0.1     0.83 0.827778
       0     0.15     0.83 0.827778
       0      0.2     0.83 0.827778
       0      0.3     0.83 0.827778
       0      0.4     0.83 0.827778
       0      0.5     0.83 0.827778
       0      0.6     0.83 0.827778
       0      0.7     0.83 0.827778
       0      0.8     0.83 0.827778
       0      0.9     0.83 0.827778
       0        1     0.83 0.827778
       0        2     0.83 0.827778
       0        4     0.83 0.827778
     0.2     0.05 0.660667 0.659778
     0.2      0.1 0.704667 0.702111
     0.2     0.15 0.704667 0.704666
     0.2      0.2 0.702667 0.703028
     0.2      0.3    0.706 0.705656
     0.2      0.4     0.71 0.709125
     0.2      0.5 0.712667 0.711855
     0.2      0.6 0.710667 0.712063
     0.2      0.7    0.712 0.712274
     0.2      0.8 0.713333  0.71218
     0.2      0.9 0.713333 0.712156
     0.2        1 0.714667 0.712344
     0.2        2     0.72 0.774102
     0.2        4     0.83 0.820281
     0.4     0.05 0.660667 0.659222
     0.4      0.1 0.704667 0.702778
     0.4     0.15 0.704667 0.704667
     0.4      0.2 0.704667 0.704544
     0.4      0.3 0.711333 0.708277
     0.4      0.4    0.706 0.705627
     0.4      0.5 0.710667  0.70939
     0.4      0.6 0.711333 0.711364
     0.4      0.7 0.711333 0.710979
     0.4      0.8 0.711333  0.71048
     0.4      0.9 0.714667 0.710864
     0.4        1    0.714 0.711839
     0.4        2 0.721333 0.781817
     0.4        4     0.83 0.822175
     0.6     0.05 0.660667 0.659444
     0.6      0.1 0.704667 0.703111
     0.6     0.15 0.704667 0.704667
     0.6      0.2 0.704667 0.704665
     0.6      0.3 0.702667 0.702959
     0.6      0.4 0.707333 0.705825
     0.6      0.5    0.704 0.706381
     0.6      0.6 0.709333 0.709514
     0.6      0.7 0.711333 0.710332
     0.6      0.8 0.711333 0.709726
     0.6      0.9 0.711333 0.710383
     0.6        1 0.713333 0.712471
     0.6        2 0.757333 0.791966
     0.6        4     0.83 0.824207
     0.8     0.05 0.660667 0.659667
     0.8      0.1 0.704667 0.703667
     0.8     0.15 0.704667 0.704667
     0.8      0.2 0.704667 0.704667
     0.8      0.3 0.704667 0.704435
     0.8      0.4 0.702667 0.703276
     0.8      0.5 0.706667 0.704816
     0.8      0.6    0.706 0.706959
     0.8      0.7    0.712 0.709133
     0.8      0.8 0.711333 0.709542
     0.8      0.9 0.712667 0.711698
     0.8        1 0.714667  0.71652
     0.8        2 0.828667 0.806182
     0.8        4     0.83 0.826428
     0.9     0.05 0.660667 0.659889
     0.9      0.1 0.704667 0.703667
     0.9     0.15 0.704667 0.704667
     0.9      0.2 0.704667 0.704667
     0.9      0.3 0.704667 0.704689
     0.9      0.4 0.704667  0.70466
     0.9      0.5 0.702667 0.704545
     0.9      0.6    0.706 0.705925
     0.9      0.7 0.713333 0.708243
     0.9      0.8 0.715333 0.710213
     0.9      0.9    0.718 0.715271
     0.9        1 0.718667 0.724436
     0.9        2     0.83 0.815961
     0.9        4     0.83 0.827703
    0.95     0.05 0.660667 0.659889
    0.95      0.1 0.704667 0.703667
    0.95     0.15 0.704667 0.704667
    0.95      0.2 0.704667 0.704667
    0.95      0.3 0.704667 0.705039
    0.95      0.4 0.704667 0.706743
    0.95      0.5 0.704667 0.705399
    0.95      0.6 0.707333 0.704983
    0.95      0.7 0.716667 0.707607
    0.95      0.8 0.717333 0.712079
    0.95      0.9 0.720667 0.721755
    0.95        1    0.722 0.736501
    0.95        2     0.83 0.822065
    0.95        4     0.83 0.828544
    0.99     0.05 0.660667 0.659889
    0.99      0.1 0.704667 0.703778
    0.99     0.15 0.704667 0.704667
    0.99      0.2 0.704667 0.704658
    0.99      0.3 0.704667 0.712249
    0.99      0.4 0.704667 0.712948
    0.99      0.5 0.689333 0.700578
    0.99      0.6 0.695333 0.702877
    0.99      0.7     0.71 0.710032
    0.99      0.8 0.711333 0.725806
    0.99      0.9 0.717333 0.750656
    0.99        1    0.728 0.774384
    0.99        2     0.83 0.828745
    0.99        4     0.83 0.830346
   0.999     0.05 0.660667 0.660556
   0.999      0.1 0.704667 0.703778
   0.999     0.15 0.704667 0.704662
   0.999      0.2 0.704667 0.704872
   0.999      0.3 0.746667  0.73666
   0.999      0.4 0.720667 0.713396
   0.999      0.5    0.692 0.707268
   0.999      0.6 0.707333 0.709406
   0.999      0.7 0.712667 0.733268
   0.999      0.8 0.712667 0.772834
   0.999      0.9 0.761333 0.799184
   0.999        1 0.788667 0.815011
   0.999        2 0.833333 0.832443
   0.999        4 0.833333 0.832692
  0.9999     0.05 0.660667 0.660889
  0.9999      0.1 0.704667 0.703778
  0.9999     0.15 0.704667 0.704499
  0.9999      0.2 0.745333 0.732246
  0.9999      0.3 0.741333 0.736712
  0.9999      0.4 0.733333 0.718778
  0.9999      0.5 0.709333 0.712766
  0.9999      0.6     0.75 0.728496
  0.9999      0.7 0.753333 0.783197
  0.9999      0.8    0.786 0.810845
  0.9999      0.9 0.837333 0.824371
  0.9999        1 0.833333 0.830147
  0.9999        2 0.833333 0.833232
  0.9999        4 0.833333 0.833261