       0     0.05 0.476667 0.496667
     0.2     0.05 0.270667  0.27056
     0.4     0.05 0.270667 0.276967
     0.6     0.05 0.271333 0.288625
     0.8     0.05    0.274 0.316248
     0.9     0.05     0.28  0.35189
    0.95     0.05 0.281333  0.39107
    0.99     0.05 0.280667 0.462254
   0.999     0.05 0.456667 0.494308
  0.9999     0.05     0.48 0.498589
       0      0.1 0.476667 0.496667
     0.2      0.1    0.264 0.311972
     0.4      0.1 0.265333 0.330516
     0.6      0.1 0.273333 0.356695
     0.8      0.1 0.273333 0.399456
     0.9      0.1 0.273333 0.435055
    0.95      0.1    0.274 0.460384
    0.99      0.1 0.425333  0.48805
   0.999      0.1 0.476667 0.497172
  0.9999      0.1     0.48 0.498372
       0     0.15 0.476667 0.496667
     0.2     0.15 0.267333 0.372148
     0.4     0.15 0.268667 0.390468
     0.6     0.15 0.266667 0.413955
     0.8     0.15 0.263333 0.446032
     0.9     0.15 0.248667 0.467364
    0.95     0.15 0.247333  0.48022
    0.99     0.15 0.476667 0.492975
   0.999     0.15 0.476667 0.497545
  0.9999     0.15     0.48 0.498242
       0      0.2 0.476667 0.496667
     0.2      0.2    0.262 0.415673
     0.4      0.2 0.261333 0.430079
     0.6      0.2 0.252667 0.447267
     0.8      0.2     0.24 0.468158
     0.9      0.2    0.266  0.48055
    0.95      0.2    0.432 0.487603
    0.99      0.2 0.476667 0.494621
   0.999      0.2 0.476667 0.497664
  0.9999      0.2     0.48 0.498203
       0      0.3 0.476667 0.496667
     0.2      0.3 0.232667  0.46278
     0.4      0.3 0.224667  0.47006
     0.6      0.3    0.232 0.477745
     0.8      0.3    0.336 0.485979
     0.9      0.3     0.46 0.490493
    0.95      0.3 0.476667 0.493024
    0.99      0.3 0.476667 0.495944
   0.999      0.3 0.476667 0.497977
  0.9999      0.3     0.48 0.498413
       0      0.4 0.476667 0.496667
     0.2      0.4 0.264667 0.482763
     0.4      0.4 0.270667 0.485753
     0.6      0.4 0.309333 0.488819
     0.8      0.4 0.443333 0.492061
     0.9      0.4 0.476667 0.493855
    0.95      0.4 0.476667 0.494926
    0.99      0.4 0.476667 0.496606
   0.999      0.4 0.476667 0.498346
  0.9999      0.4     0.48  0.49875
       0      0.5 0.476667 0.496667
     0.2      0.5 0.315333 0.490489
     0.4      0.5 0.321333 0.491724
     0.6      0.5 0.372667 0.493006
     0.8      0.5    0.472 0.494392
     0.9      0.5 0.476667 0.495202
    0.95      0.5 0.476667 0.495755
    0.99      0.5 0.476667 0.497008
   0.999      0.5 0.476667 0.498648
  0.9999      0.5     0.48 0.499041
       0      0.6 0.476667 0.496667
     0.2      0.6 0.349333  0.49362
     0.4      0.6 0.340667 0.494167
     0.6      0.6 0.411333 0.494747
     0.8      0.6 0.476667 0.495402
     0.9      0.6 0.476667 0.495825
    0.95      0.6 0.476667 0.496178
    0.99      0.6 0.476667 0.497266
   0.999      0.6 0.476667 0.498868
  0.9999      0.6     0.48 0.499256
       0      0.7 0.476667 0.496667
     0.2      0.7 0.362667 0.495023
     0.4      0.7 0.350667 0.495278
     0.6      0.7 0.426667 0.495559
     0.8      0.7 0.476667 0.495898
     0.9      0.7 0.476667 0.496154
    0.95      0.7 0.476667  0.49642
    0.99      0.7 0.476667 0.497438
   0.999      0.7 0.476667 0.499024
  0.9999      0.7     0.48  0.49941
       0      0.8 0.476667 0.496667
     0.2      0.8 0.367333 0.495715
     0.4      0.8 0.362667 0.495836
     0.6      0.8 0.435333 0.495978
     0.8      0.8 0.476667 0.496169
     0.9      0.8 0.476667 0.496346
    0.95      0.8 0.476667 0.496572
    0.99      0.8 0.476667 0.497557
   0.999      0.8 0.476667 0.499135
  0.9999      0.8     0.48  0.49952
       0      0.9 0.476667 0.496667
     0.2      0.9    0.374 0.496084
     0.4      0.9 0.373333  0.49614
     0.6      0.9 0.440667 0.496213
     0.8      0.9 0.476667  0.49633
     0.9      0.9 0.476667 0.496469
    0.95      0.9 0.476667 0.496674
    0.99      0.9 0.476667 0.497642
   0.999      0.9 0.476667 0.499217
  0.9999      0.9     0.48 0.499602
       0        1 0.476667 0.496667
     0.2        1 0.376667 0.496294
     0.4        1 0.377333 0.496317
     0.6        1 0.443333 0.496354
     0.8        1 0.476667 0.496433
     0.9        1 0.476667 0.496551
    0.95        1 0.476667 0.496746
    0.99        1 0.476667 0.497705
   0.999        1 0.476667 0.499278
  0.9999        1 0.476667 0.499663
       0        2 0.476667 0.496667
     0.2        2 0.393333 0.496657
     0.4        2 0.385333  0.49665
     0.6        2 0.457333 0.496653
     0.8        2 0.476667 0.496692
     0.9        2 0.476667 0.496787
    0.95        2 0.476667 0.496969
    0.99        2 0.476667 0.497918
   0.999        2 0.476667 0.499489
  0.9999        2 0.476667 0.499874
       0        4 0.476667 0.496667
     0.2        4 0.394667 0.496673
     0.4        4 0.385333 0.496677
     0.6        4 0.460667 0.496691
     0.8        4 0.476667 0.496739
     0.9        4 0.476667 0.496839
    0.95        4 0.476667 0.497024
    0.99        4 0.476667 0.497974
   0.999        4 0.476667 0.499546
  0.9999        4 0.476667 0.499931