       0     0.05 0.488667     0.49
     0.2     0.05 0.488667     0.49
     0.4     0.05 0.488667     0.49
     0.6     0.05 0.488667     0.49
     0.8     0.05 0.488667     0.49
     0.9     0.05 0.488667     0.49
    0.95     0.05 0.488667     0.49
    0.99     0.05 0.488667     0.49
   0.999     0.05 0.488667     0.49
  0.9999     0.05 0.488667     0.49
       0      0.1 0.488667     0.49
     0.2      0.1 0.459333 0.456652
     0.4      0.1    0.454 0.454356
     0.6      0.1    0.452 0.453468
     0.8      0.1 0.456667 0.454815
     0.9      0.1    0.458 0.456937
    0.95      0.1    0.462 0.458283
    0.99      0.1 0.451333 0.455895
   0.999      0.1 0.449333 0.455186
  0.9999      0.1    0.456 0.450621
       0     0.15 0.488667     0.49
     0.2     0.15    0.456 0.450918
     0.4     0.15 0.453333 0.452707
     0.6     0.15 0.454667 0.452787
     0.8     0.15    0.444 0.452933
     0.9     0.15    0.452 0.453435
    0.95     0.15 0.448667 0.453184
    0.99     0.15    0.446 0.450471
   0.999     0.15 0.457333 0.450074
  0.9999     0.15 0.458667 0.459479
       0      0.2 0.488667     0.49
     0.2      0.2 0.430667 0.441089
     0.4      0.2 0.444667 0.446895
     0.6      0.2     0.45 0.449705
     0.8      0.2 0.447333 0.451487
     0.9      0.2    0.452 0.452636
    0.95      0.2 0.450667 0.453953
    0.99      0.2    0.456 0.459655
   0.999      0.2 0.469333  0.47356
  0.9999      0.2 0.487333 0.485444
       0      0.3 0.488667     0.49
     0.2      0.3 0.417333 0.432354
     0.4      0.3    0.428 0.442302
     0.6      0.3 0.430667 0.451142
     0.8      0.3    0.438 0.461829
     0.9      0.3    0.446 0.470402
    0.95      0.3 0.439333 0.477704
    0.99      0.3 0.447333 0.489177
   0.999      0.3    0.494 0.496538
  0.9999      0.3 0.499333 0.499492
       0      0.4 0.488667     0.49
     0.2      0.4    0.404 0.435576
     0.4      0.4      0.4 0.446522
     0.6      0.4    0.408  0.45812
     0.8      0.4 0.426667 0.472018
     0.9      0.4    0.428 0.480918
    0.95      0.4 0.405333  0.48658
    0.99      0.4 0.485333 0.493958
   0.999      0.4 0.492667  0.49889
  0.9999      0.4 0.501333  0.49993
       0      0.5 0.488667     0.49
     0.2      0.5 0.383333  0.44627
     0.4      0.5 0.378667 0.455759
     0.6      0.5 0.380667 0.466003
     0.8      0.5 0.392667 0.477634
     0.9      0.5 0.397333 0.484524
    0.95      0.5 0.410667 0.488861
    0.99      0.5 0.490667 0.495176
   0.999      0.5    0.492 0.499257
  0.9999      0.5 0.501333 0.499952
       0      0.6 0.488667     0.49
     0.2      0.6 0.361333 0.457814
     0.4      0.6 0.358667 0.465175
     0.6      0.6 0.363333  0.47303
     0.8      0.6    0.368   0.4817
     0.9      0.6 0.371333 0.486795
    0.95      0.6 0.414667 0.490174
    0.99      0.6 0.491333 0.495752
   0.999      0.6 0.491333 0.499381
  0.9999      0.6 0.501333 0.499955
       0      0.7 0.488667     0.49
     0.2      0.7 0.353333 0.466401
     0.4      0.7 0.352667 0.471993
     0.6      0.7    0.352 0.477892
     0.8      0.7 0.353333  0.48434
     0.9      0.7    0.372 0.488209
    0.95      0.7 0.420667 0.490965
    0.99      0.7 0.491333 0.496062
   0.999      0.7 0.491333 0.499438
  0.9999      0.7 0.501333 0.499955
       0      0.8 0.488667     0.49
     0.2      0.8 0.347333 0.472262
     0.4      0.8 0.348667 0.476568
     0.6      0.8 0.349333 0.481082
     0.8      0.8 0.349333 0.486025
     0.9      0.8 0.366667 0.489097
    0.95      0.8 0.416667 0.491454
    0.99      0.8 0.491333 0.496241
   0.999      0.8 0.491333 0.499468
  0.9999      0.8 0.501333 0.499954
       0      0.9 0.488667     0.49
     0.2      0.9 0.345333 0.476272
     0.4      0.9 0.341333 0.479665
     0.6      0.9 0.341333 0.483215
     0.8      0.9    0.352 0.487136
     0.9      0.9 0.365333 0.489676
    0.95      0.9    0.422  0.49177
    0.99      0.9 0.491333  0.49635
   0.999      0.9 0.491333 0.499485
  0.9999      0.9 0.501333 0.499954
       0        1 0.488667     0.49
     0.2        1    0.342 0.479087
     0.4        1 0.336667 0.481826
     0.6        1 0.343333 0.484692
     0.8        1    0.352 0.487898
     0.9        1     0.37 0.490071
    0.95        1 0.421333 0.491984
    0.99        1 0.491333 0.496421
   0.999        1 0.491333 0.499495
  0.9999        1 0.494667 0.499953
       0        2 0.488667     0.49
     0.2        2     0.34 0.487509
     0.4        2    0.342 0.488221
     0.6        2    0.342 0.489014
     0.8        2 0.342667 0.490099
     0.9        2 0.374667   0.4912
    0.95        2    0.422 0.492586
    0.99        2 0.491333 0.496603
   0.999        2 0.491333 0.499519
  0.9999        2 0.491333 0.499951
       0        4 0.488667     0.49
     0.2        4    0.344 0.489429
     0.4        4 0.342667 0.489666
     0.6        4    0.348  0.48998
     0.8        4 0.347333 0.490585
     0.9        4 0.370667 0.491447
    0.95        4 0.419333 0.492714
    0.99        4 0.491333 0.496636
   0.999        4 0.491333 0.499523
  0.9999        4 0.491333 0.499951