       0     0.05 0.476667 0.496667
     0.2     0.05 0.195333 0.215882
     0.4     0.05 0.193333 0.224284
     0.6     0.05    0.192 0.237134
     0.8     0.05 0.191333 0.265344
     0.9     0.05 0.207333 0.303399
    0.95     0.05 0.237333 0.349105
    0.99     0.05 0.282667 0.443428
   0.999     0.05 0.453333 0.491115
  0.9999     0.05     0.48  0.49788
       0      0.1 0.476667 0.496667
     0.2      0.1 0.182667 0.248368
     0.4      0.1    0.186 0.269923
     0.6      0.1    0.198 0.300552
     0.8      0.1 0.230667 0.353967
     0.9      0.1 0.253333 0.402286
    0.95      0.1 0.277333   0.4392
    0.99      0.1 0.448667 0.481884
   0.999      0.1 0.476667 0.495975
  0.9999      0.1     0.48 0.497762
       0     0.15 0.476667 0.496667
     0.2     0.15 0.178667 0.302958
     0.4     0.15    0.192 0.331147
     0.6     0.15     0.22 0.366003
     0.8     0.15    0.252   0.4145
     0.9     0.15 0.293333 0.448151
    0.95     0.15 0.332667 0.469068
    0.99     0.15 0.476667  0.48985
   0.999     0.15 0.476667 0.496593
  0.9999     0.15     0.48 0.497534
       0      0.2 0.476667 0.496667
     0.2      0.2    0.184 0.357839
     0.4      0.2    0.214 0.383571
     0.6      0.2 0.240667 0.412694
     0.8      0.2 0.293333   0.4479
     0.9      0.2    0.338 0.469079
    0.95      0.2 0.461333 0.481163
    0.99      0.2 0.476667 0.492669
   0.999      0.2 0.476667  0.49682
  0.9999      0.2     0.48 0.497485
       0      0.3 0.476667 0.496667
     0.2      0.3 0.239333 0.433966
     0.4      0.3    0.276 0.447691
     0.6      0.3    0.304 0.462119
     0.8      0.3     0.41 0.477564
     0.9      0.3 0.476667 0.485891
    0.95      0.3 0.476667 0.490381
    0.99      0.3 0.476667  0.49489
   0.999      0.3 0.476667 0.497292
  0.9999      0.3     0.48 0.497774
       0      0.4 0.476667 0.496667
     0.2      0.4 0.310667 0.468787
     0.4      0.4 0.348667 0.475106
     0.6      0.4 0.410667 0.481555
     0.8      0.4 0.476667 0.488201
     0.9      0.4 0.476667 0.491683
    0.95      0.4 0.476667 0.493587
    0.99      0.4 0.476667  0.49592
   0.999      0.4 0.476667 0.497812
  0.9999      0.4     0.48 0.498238
       0      0.5 0.476667 0.496667
     0.2      0.5 0.385333 0.483198
     0.4      0.5 0.429333 0.486219
     0.6      0.5    0.468 0.489263
     0.8      0.5 0.476667 0.492365
     0.9      0.5 0.476667 0.494004
    0.95      0.5 0.476667 0.494961
    0.99      0.5 0.476667 0.496526
   0.999      0.5 0.476667 0.498241
  0.9999      0.5     0.48 0.498645
       0      0.6 0.476667 0.496667
     0.2      0.6 0.443333 0.489455
     0.4      0.6 0.464667 0.491021
     0.6      0.6 0.476667 0.492593
     0.8      0.6 0.476667   0.4942
     0.9      0.6 0.476667 0.495078
    0.95      0.6 0.476667 0.495652
    0.99      0.6 0.476667  0.49691
   0.999      0.6 0.476667 0.498554
  0.9999      0.6     0.48 0.498949
       0      0.7 0.476667 0.496667
     0.2      0.7 0.464667 0.492431
     0.4      0.7 0.476667 0.493311
     0.6      0.7 0.476667 0.494197
     0.8      0.7 0.476667 0.495113
     0.9      0.7 0.476667 0.495646
    0.95      0.7 0.476667 0.496046
    0.99      0.7 0.476667 0.497166
   0.999      0.7 0.476667 0.498778
  0.9999      0.7     0.48 0.499169
       0      0.8 0.476667 0.496667
     0.2      0.8 0.474667 0.493982
     0.4      0.8 0.476667 0.494513
     0.6      0.8 0.476667  0.49505
     0.8      0.8 0.476667 0.495619
     0.9      0.8 0.476667 0.495978
    0.95      0.8 0.476667 0.496292
    0.99      0.8 0.476667 0.497343
   0.999      0.8 0.476667 0.498939
  0.9999      0.8     0.48 0.499328
       0      0.9 0.476667 0.496667
     0.2      0.9 0.476667 0.494857
     0.4      0.9 0.476667 0.495197
     0.6      0.9 0.476667 0.495545
     0.8      0.9 0.476667 0.495925
     0.9      0.9 0.476667 0.496189
    0.95      0.9 0.476667 0.496456
    0.99      0.9 0.476667  0.49747
   0.999      0.9 0.476667 0.499057
  0.9999      0.9     0.48 0.499445
       0        1 0.476667 0.496667
     0.2        1 0.476667 0.495385
     0.4        1 0.476667 0.495614
     0.6        1 0.476667 0.495851
     0.8        1 0.476667 0.496121
     0.9        1 0.476667 0.496331
    0.95        1 0.476667 0.496571
    0.99        1 0.476667 0.497564
   0.999        1 0.476667 0.499146
  0.9999        1     0.48 0.499533
       0        2 0.476667 0.496667
     0.2        2 0.476667 0.496499
     0.4        2 0.476667 0.496524
     0.6        2 0.476667 0.496558
     0.8        2 0.476667 0.496627
     0.9        2 0.476667 0.496737
    0.95        2 0.476667 0.496927
    0.99        2 0.476667 0.497881
   0.999        2 0.476667 0.499454
  0.9999        2 0.476667  0.49984
       0        4 0.476667 0.496667
     0.2        4 0.476667 0.496638
     0.4        4 0.476667 0.496649
     0.6        4 0.476667 0.496669
     0.8        4 0.476667 0.496724
     0.9        4 0.476667 0.496827
    0.95        4 0.476667 0.497013
    0.99        4 0.476667 0.497964
   0.999        4 0.476667 0.499537
  0.9999        4 0.476667 0.499923