        0      0.05  0.166667  0.466667
      0.2      0.05  0.166667     0.318
      0.4      0.05  0.166667     0.318
      0.6      0.05  0.166667     0.318
      0.8      0.05  0.166667     0.318
      0.9      0.05  0.166667     0.318
     0.95      0.05  0.166667     0.318
     0.99      0.05  0.166667     0.318
    0.999      0.05  0.166667     0.318
   0.9999      0.05  0.166667     0.318
        0       0.1  0.166667  0.466667
      0.2       0.1 0.0613333 0.0617384
      0.4       0.1 0.0606667 0.0625976
      0.6       0.1 0.0613333 0.0631655
      0.8       0.1 0.0633333  0.063636
      0.9       0.1 0.0633333 0.0639252
     0.95       0.1 0.0633333 0.0641493
     0.99       0.1     0.064  0.064378
    0.999       0.1 0.0626667 0.0637746
   0.9999       0.1 0.0626667 0.0649479
        0      0.15  0.166667  0.466667
      0.2      0.15 0.0586667 0.0617073
      0.4      0.15 0.0613333 0.0621868
      0.6      0.15     0.064 0.0633334
      0.8      0.15     0.064   0.06419
      0.9      0.15 0.0646667 0.0646624
     0.95      0.15     0.064 0.0649608
     0.99      0.15 0.0626667 0.0663838
    0.999      0.15 0.0626667 0.0672187
   0.9999      0.15 0.0653333 0.0673394
        0       0.2  0.166667  0.466667
      0.2       0.2     0.062 0.0670354
      0.4       0.2 0.0593333 0.0643637
      0.6       0.2 0.0606667 0.0643544
      0.8       0.2     0.064 0.0654724
      0.9       0.2 0.0626667 0.0663321
     0.95       0.2     0.062 0.0669902
     0.99       0.2 0.0613333 0.0674803
    0.999       0.2 0.0593333 0.0649655
   0.9999       0.2     0.056 0.0620476
        0       0.3  0.166667  0.466667
      0.2       0.3     0.068 0.0754768
      0.4       0.3 0.0653333 0.0727087
      0.6       0.3 0.0633333 0.0700204
      0.8       0.3     0.058 0.0681131
      0.9       0.3 0.0553333 0.0670297
     0.95       0.3 0.0553333 0.0651922
     0.99       0.3 0.0466667 0.0585487
    0.999       0.3 0.0426667 0.0507949
   0.9999       0.3 0.0386667 0.0584902
        0       0.4  0.166667  0.466667
      0.2       0.4 0.0773333 0.0820288
      0.4       0.4 0.0666667 0.0782684
      0.6       0.4     0.064 0.0745849
      0.8       0.4     0.054 0.0694014
      0.9       0.4 0.0493333 0.0645875
     0.95       0.4 0.0426667  0.060227
     0.99       0.4 0.0326667 0.0572224
    0.999       0.4 0.0313333 0.0756182
   0.9999       0.4      0.05 0.0921373
        0       0.5  0.166667  0.466667
      0.2       0.5     0.072 0.0896505
      0.4       0.5 0.0653333 0.0852311
      0.6       0.5 0.0593333 0.0807567
      0.8       0.5     0.044 0.0756473
      0.9       0.5     0.038 0.0734181
     0.95       0.5 0.0306667 0.0746734
     0.99       0.5 0.0286667 0.0908395
    0.999       0.5 0.0426667  0.116832
   0.9999       0.5 0.0873333  0.132034
        0       0.6  0.166667  0.466667
      0.2       0.6 0.0726667  0.102691
      0.4       0.6 0.0653333 0.0984737
      0.6       0.6     0.052 0.0955125
      0.8       0.6 0.0393333 0.0950628
      0.9       0.6      0.03 0.0999391
     0.95       0.6     0.028  0.109419
     0.99       0.6     0.034  0.138286
    0.999       0.6 0.0846667  0.163974
   0.9999       0.6  0.122667  0.207118
        0       0.7  0.166667  0.466667
      0.2       0.7     0.072  0.122142
      0.4       0.7 0.0606667    0.1201
      0.6       0.7     0.052  0.120745
      0.8       0.7 0.0426667  0.127741
      0.9       0.7     0.036  0.140473
     0.95       0.7     0.032  0.156246
     0.99       0.7 0.0513333  0.187784
    0.999       0.7  0.108667  0.227515
   0.9999       0.7  0.198667  0.272225
        0       0.8  0.166667  0.466667
      0.2       0.8      0.07  0.147311
      0.4       0.8 0.0646667  0.149088
      0.6       0.8 0.0566667  0.154742
      0.8       0.8 0.0446667  0.169827
      0.9       0.8      0.04  0.188311
     0.95       0.8 0.0466667  0.206199
     0.99       0.8 0.0813333  0.239374
    0.999       0.8  0.183333  0.288494
   0.9999       0.8  0.199333  0.312071
        0       0.9  0.166667  0.466667
      0.2       0.9 0.0733333  0.177036
      0.4       0.9 0.0666667   0.18293
      0.6       0.9     0.058   0.19351
      0.8       0.9 0.0473333  0.214501
      0.9       0.9 0.0546667  0.235164
     0.95       0.9 0.0566667  0.253212
     0.99       0.9  0.108667  0.290331
    0.999       0.9  0.197333  0.331325
   0.9999       0.9       0.2  0.342053
        0         1  0.166667  0.466667
      0.2         1 0.0766667  0.209379
      0.4         1 0.0706667  0.218612
      0.6         1     0.062   0.23266
      0.8         1 0.0573333  0.256468
      0.9         1 0.0633333  0.277512
     0.95         1 0.0806667  0.295876
     0.99         1     0.138  0.333328
    0.999         1  0.199333  0.361861
   0.9999         1       0.2  0.367213
        0         2  0.166667  0.466667
      0.2         2  0.121333  0.407155
      0.4         2  0.110667  0.414539
      0.6         2  0.103333  0.423181
      0.8         2  0.116667  0.434739
      0.9         2     0.158  0.444169
     0.95         2  0.166667  0.452416
     0.99         2  0.166667  0.465345
    0.999         2       0.2  0.470413
   0.9999         2       0.2  0.471005
        0         4  0.166667  0.466667
      0.2         4  0.162667  0.455638
      0.4         4     0.142  0.457862
      0.6         4     0.122  0.460836
      0.8         4     0.144  0.466179
      0.9         4  0.166667  0.472328
     0.95         4  0.166667  0.478805
     0.99         4  0.166667   0.48951
    0.999         4       0.2  0.493547
   0.9999         4       0.2  0.494007