       0     0.05    0.492 0.493333
     0.2     0.05    0.492 0.493333
     0.4     0.05    0.492 0.493333
     0.6     0.05    0.492 0.493333
     0.8     0.05    0.492 0.493333
     0.9     0.05    0.492 0.493333
    0.95     0.05    0.492 0.493333
    0.99     0.05    0.492 0.493333
   0.999     0.05    0.492 0.493333
  0.9999     0.05    0.492 0.493333
       0      0.1    0.492 0.493333
     0.2      0.1 0.386667 0.390224
     0.4      0.1 0.387333 0.390957
     0.6      0.1 0.386667 0.392748
     0.8      0.1    0.392 0.393722
     0.9      0.1     0.39 0.393817
    0.95      0.1    0.394 0.394233
    0.99      0.1 0.388667 0.396237
   0.999      0.1 0.397333 0.402332
  0.9999      0.1 0.412667 0.407183
       0     0.15    0.492 0.493333
     0.2     0.15 0.384667 0.391199
     0.4     0.15    0.386 0.393892
     0.6     0.15    0.378 0.394229
     0.8     0.15 0.390667 0.396172
     0.9     0.15 0.388667 0.399062
    0.95     0.15    0.388 0.402734
    0.99     0.15    0.394 0.410423
   0.999     0.15 0.405333 0.417678
  0.9999     0.15     0.42 0.430145
       0      0.2    0.492 0.493333
     0.2      0.2    0.372 0.383282
     0.4      0.2 0.382667 0.392965
     0.6      0.2 0.383333 0.398935
     0.8      0.2 0.374667 0.404971
     0.9      0.2 0.377333 0.410662
    0.95      0.2 0.381333 0.416292
    0.99      0.2    0.392  0.42946
   0.999      0.2 0.435333 0.454557
  0.9999      0.2 0.466667 0.474626
       0      0.3    0.492 0.493333
     0.2      0.3    0.324  0.37355
     0.4      0.3    0.326 0.390242
     0.6      0.3 0.329333 0.407071
     0.8      0.3    0.342 0.429053
     0.9      0.3 0.360667 0.446646
    0.95      0.3    0.388 0.460967
    0.99      0.3 0.461333 0.483028
   0.999      0.3     0.49 0.496098
  0.9999      0.3      0.5 0.499423
       0      0.4    0.492 0.493333
     0.2      0.4    0.302 0.387858
     0.4      0.4 0.299333 0.406625
     0.6      0.4    0.306 0.427572
     0.8      0.4 0.322667 0.453681
     0.9      0.4    0.364 0.470733
    0.95      0.4 0.420667 0.481488
    0.99      0.4 0.487333 0.493566
   0.999      0.4 0.494667  0.49899
  0.9999      0.4 0.500667 0.499947
       0      0.5    0.492 0.493333
     0.2      0.5 0.299333  0.41487
     0.4      0.5 0.295333 0.430796
     0.6      0.5    0.294 0.448322
     0.8      0.5 0.326667 0.468614
     0.9      0.5     0.37 0.480604
    0.95      0.5    0.434 0.487626
    0.99      0.5    0.492 0.495503
   0.999      0.5 0.494667 0.499349
  0.9999      0.5 0.501333 0.499978
       0      0.6    0.492 0.493333
     0.2      0.6      0.3 0.438647
     0.4      0.6    0.298 0.450671
     0.6      0.6 0.301333 0.463578
     0.8      0.6    0.334  0.47783
     0.9      0.6 0.386667 0.485857
    0.95      0.6 0.460667 0.490513
    0.99      0.6 0.494667 0.496256
   0.999      0.6 0.494667 0.499462
  0.9999      0.6 0.501333 0.499982
       0      0.7    0.492 0.493333
     0.2      0.7    0.302 0.454859
     0.4      0.7    0.308 0.463723
     0.6      0.7 0.314667 0.473058
     0.8      0.7 0.335333 0.483103
     0.9      0.7 0.415333 0.488676
    0.95      0.7 0.478667 0.491993
    0.99      0.7 0.494667 0.496612
   0.999      0.7 0.494667 0.499509
  0.9999      0.7 0.501333  0.49998
       0      0.8    0.492 0.493333
     0.2      0.8 0.306667 0.465311
     0.4      0.8 0.310667 0.471943
     0.6      0.8 0.312667 0.478851
     0.8      0.8 0.351333 0.486196
     0.9      0.8 0.437333 0.490284
    0.95      0.8    0.486 0.492818
    0.99      0.8 0.494667 0.496797
   0.999      0.8 0.494667 0.499529
  0.9999      0.8 0.501333 0.499977
       0      0.9    0.492 0.493333
     0.2      0.9 0.311333 0.472155
     0.4      0.9 0.308667 0.477254
     0.6      0.9 0.325333 0.482532
     0.8      0.9     0.36  0.48812
     0.9      0.9 0.446667  0.49127
    0.95      0.9 0.492667 0.493317
    0.99      0.9 0.494667 0.496903
   0.999      0.9 0.494667 0.499538
  0.9999      0.9 0.501333 0.499974
       0        1    0.492 0.493333
     0.2        1 0.310667   0.4768
     0.4        1 0.310667 0.480829
     0.6        1    0.332 0.484986
     0.8        1    0.372 0.489387
     0.9        1 0.458667 0.491913
    0.95        1 0.493333  0.49364
    0.99        1 0.494667 0.496967
   0.999        1 0.494667 0.499543
  0.9999        1 0.501333 0.499971
       0        2    0.492 0.493333
     0.2        2     0.33 0.489772
     0.4        2    0.336 0.490698
     0.6        2     0.35 0.491666
     0.8        2    0.408 0.492775
     0.9        2    0.482 0.493607
    0.95        2 0.494667 0.494472
    0.99        2 0.494667 0.497105
   0.999        2 0.494667 0.499541
  0.9999        2 0.494667 0.499957
       0        4    0.492 0.493333
     0.2        4 0.334667 0.492497
     0.4        4 0.341333 0.492748
     0.6        4    0.364 0.493035
     0.8        4    0.418 0.493458
     0.9        4 0.484667 0.493944
    0.95        4 0.494667 0.494632
    0.99        4 0.494667 0.497123
   0.999        4 0.494667 0.499537
  0.9999        4 0.494667 0.499952