       0     0.05     0.47     0.49
     0.2     0.05    0.126 0.153648
     0.4     0.05     0.13  0.16266
     0.6     0.05 0.128667 0.178314
     0.8     0.05 0.144667 0.215152
     0.9     0.05 0.175333 0.265627
    0.95     0.05 0.214667 0.325229
    0.99     0.05 0.328667 0.439154
   0.999     0.05     0.42 0.490857
  0.9999     0.05     0.48 0.497814
       0      0.1     0.47     0.49
     0.2      0.1 0.142667 0.213709
     0.4      0.1 0.148667 0.236713
     0.6      0.1 0.171333 0.271877
     0.8      0.1 0.240667 0.334791
     0.9      0.1    0.306  0.39099
    0.95      0.1 0.334667 0.432552
    0.99      0.1 0.332667 0.480111
   0.999      0.1     0.48 0.495972
  0.9999      0.1     0.48 0.497853
       0     0.15     0.47     0.49
     0.2     0.15 0.191333 0.289602
     0.4     0.15 0.221333 0.317343
     0.6     0.15    0.276  0.35429
     0.8     0.15 0.315333 0.406552
     0.9     0.15 0.346667 0.442246
    0.95     0.15 0.340667 0.464486
    0.99     0.15     0.47  0.48834
   0.999     0.15     0.48 0.496545
  0.9999     0.15     0.48 0.497544
       0      0.2     0.47     0.49
     0.2      0.2 0.270667 0.354556
     0.4      0.2    0.296 0.378808
     0.6      0.2     0.32 0.407693
     0.8      0.2    0.346 0.442865
     0.9      0.2    0.336 0.464145
    0.95      0.2     0.37 0.476914
    0.99      0.2     0.47 0.491182
   0.999      0.2     0.48 0.496696
  0.9999      0.2     0.48 0.497404
       0      0.3     0.47     0.49
     0.2      0.3 0.342667  0.43477
     0.4      0.3 0.344667 0.446616
     0.6      0.3 0.347333 0.459199
     0.8      0.3    0.342 0.473005
     0.9      0.3    0.434 0.481082
    0.95      0.3     0.47 0.486225
    0.99      0.3     0.47 0.493442
   0.999      0.3     0.48 0.497133
  0.9999      0.3     0.48 0.497648
       0      0.4     0.47     0.49
     0.2      0.4 0.352667 0.467516
     0.4      0.4 0.349333 0.472354
     0.6      0.4 0.341333  0.47743
     0.8      0.4 0.392667 0.483098
     0.9      0.4     0.47 0.486692
    0.95      0.4     0.47   0.4894
    0.99      0.4     0.47 0.494517
   0.999      0.4     0.48 0.497685
  0.9999      0.4     0.48 0.498143
       0      0.5     0.47     0.49
     0.2      0.5 0.354667 0.479857
     0.4      0.5 0.348667  0.48195
     0.6      0.5 0.350667 0.484207
     0.8      0.5    0.466 0.486898
     0.9      0.5     0.47 0.488887
    0.95      0.5     0.47 0.490746
    0.99      0.5     0.47 0.495151
   0.999      0.5     0.48 0.498141
  0.9999      0.5     0.48 0.498579
       0      0.6     0.47     0.49
     0.2      0.6 0.358667 0.484878
     0.4      0.6    0.352 0.485887
     0.6      0.6 0.354667 0.487028
     0.8      0.6     0.47 0.488536
     0.9      0.6     0.47  0.48989
    0.95      0.6     0.47 0.491418
    0.99      0.6     0.47 0.495549
   0.999      0.6 0.475333 0.498473
  0.9999      0.6     0.48 0.498903
       0      0.7     0.47     0.49
     0.2      0.7    0.362 0.487159
     0.4      0.7 0.350667   0.4877
     0.6      0.7     0.38 0.488353
     0.8      0.7     0.47  0.48934
     0.9      0.7     0.47 0.490416
    0.95      0.7     0.47 0.491799
    0.99      0.7     0.47 0.495812
   0.999      0.7     0.47 0.498708
  0.9999      0.7     0.48 0.499135
       0      0.8     0.47     0.49
     0.2      0.8    0.362 0.488304
     0.4      0.8    0.354 0.488624
     0.6      0.8 0.402667 0.489043
     0.8      0.8     0.47  0.48978
     0.9      0.8     0.47 0.490723
    0.95      0.8     0.47 0.492036
    0.99      0.8     0.47 0.495993
   0.999      0.8     0.47 0.498876
  0.9999      0.8     0.48 0.499302
       0      0.9     0.47     0.49
     0.2      0.9 0.363333 0.488928
     0.4      0.9 0.356667 0.489135
     0.6      0.9 0.418667 0.489436
     0.8      0.9     0.47 0.490044
     0.9      0.9     0.47 0.490917
    0.95      0.9     0.47 0.492194
    0.99      0.9     0.47 0.496122
   0.999      0.9     0.47 0.498999
  0.9999      0.9     0.48 0.499425
       0        1     0.47     0.49
     0.2        1 0.366667 0.489292
     0.4        1    0.358 0.489439
     0.6        1 0.429333 0.489675
     0.8        1     0.47 0.490212
     0.9        1     0.47 0.491048
    0.95        1     0.47 0.492305
    0.99        1     0.47 0.496217
   0.999        1     0.47 0.499091
  0.9999        1     0.48 0.499517
       0        2     0.47     0.49
     0.2        2    0.368 0.489982
     0.4        2 0.366667 0.490051
     0.6        2 0.469333 0.490199
     0.8        2     0.47 0.490638
     0.9        2     0.47 0.491419
    0.95        2     0.47 0.492646
    0.99        2     0.47 0.496535
   0.999        2     0.47 0.499409
  0.9999        2     0.48 0.499835
       0        4     0.47     0.49
     0.2        4 0.370667 0.490041
     0.4        4 0.366667 0.490117
     0.6        4     0.47 0.490272
     0.8        4     0.47 0.490717
     0.9        4     0.47   0.4915
    0.95        4     0.47 0.492728
    0.99        4     0.47 0.496618
   0.999        4     0.47 0.499495
  0.9999        4     0.47 0.499921