       0     0.05 0.476667 0.496667
     0.2     0.05    0.284 0.287078
     0.4     0.05    0.282 0.290121
     0.6     0.05 0.280667 0.296915
     0.8     0.05    0.276 0.316104
     0.9     0.05 0.268667 0.344921
    0.95     0.05 0.278667 0.380343
    0.99     0.05 0.320667 0.452873
   0.999     0.05 0.476667 0.490999
  0.9999     0.05     0.48 0.496817
       0      0.1 0.476667 0.496667
     0.2      0.1 0.274667 0.310252
     0.4      0.1 0.271333 0.323454
     0.6      0.1 0.277333 0.344964
     0.8      0.1 0.287333 0.385003
     0.9      0.1    0.308 0.421796
    0.95      0.1 0.319333 0.449808
    0.99      0.1 0.470667 0.483108
   0.999      0.1 0.476667 0.495163
  0.9999      0.1     0.48 0.496809
       0     0.15 0.476667 0.496667
     0.2     0.15 0.276667 0.354082
     0.4     0.15 0.283333 0.372552
     0.6     0.15    0.296 0.397486
     0.8     0.15 0.317333  0.43299
     0.9     0.15    0.336 0.457651
    0.95     0.15 0.353333 0.473309
    0.99     0.15 0.476667 0.489968
   0.999     0.15 0.476667 0.496005
  0.9999     0.15     0.48 0.496913
       0      0.2 0.476667 0.496667
     0.2      0.2 0.285333 0.397777
     0.4      0.2 0.288667 0.414214
     0.6      0.2 0.301333 0.433903
     0.8      0.2 0.336667 0.458323
     0.9      0.2 0.348667 0.473589
    0.95      0.2 0.440667 0.482855
    0.99      0.2 0.476667 0.492528
   0.999      0.2 0.476667 0.496421
  0.9999      0.2     0.48 0.497083
       0      0.3 0.476667 0.496667
     0.2      0.3    0.302 0.453944
     0.4      0.3 0.315333 0.461503
     0.6      0.3 0.332667 0.470153
     0.8      0.3 0.365333  0.48046
     0.9      0.3     0.45 0.486773
    0.95      0.3 0.476667 0.490548
    0.99      0.3 0.476667 0.494708
   0.999      0.3 0.476667 0.497088
  0.9999      0.3     0.48 0.497579
       0      0.4 0.476667 0.496667
     0.2      0.4 0.335333 0.477634
     0.4      0.4 0.343333 0.480738
     0.6      0.4     0.36 0.484427
     0.8      0.4 0.430667 0.488979
     0.9      0.4 0.476667 0.491804
    0.95      0.4 0.476667  0.49352
    0.99      0.4 0.476667 0.495785
   0.999      0.4 0.476667 0.497687
  0.9999      0.4     0.48  0.49812
       0      0.5 0.476667 0.496667
     0.2      0.5 0.360667 0.487161
     0.4      0.5    0.366 0.488588
     0.6      0.5 0.377333 0.490347
     0.8      0.5    0.456 0.492571
     0.9      0.5 0.476667 0.493974
    0.95      0.5 0.476667 0.494878
    0.99      0.5 0.476667  0.49643
   0.999      0.5 0.476667 0.498155
  0.9999      0.5     0.48 0.498565
       0      0.6 0.476667 0.496667
     0.2      0.6    0.372 0.491339
     0.4      0.6 0.377333 0.492085
     0.6      0.6 0.388667 0.493027
     0.8      0.6 0.473333 0.494236
     0.9      0.6 0.476667 0.495023
    0.95      0.6 0.476667 0.495582
    0.99      0.6 0.476667  0.49684
   0.999      0.6 0.476667 0.498493
  0.9999      0.6     0.48 0.498892
       0      0.7 0.476667 0.496667
     0.2      0.7 0.382667 0.493383
     0.4      0.7 0.381333 0.493817
     0.6      0.7 0.403333 0.494373
     0.8      0.7 0.476667 0.495097
     0.9      0.7 0.476667 0.495592
    0.95      0.7 0.476667  0.49599
    0.99      0.7 0.476667 0.497113
   0.999      0.7 0.476667 0.498732
  0.9999      0.7     0.48 0.499126
       0      0.8 0.476667 0.496667
     0.2      0.8 0.391333 0.494486
     0.4      0.8 0.382667 0.494761
     0.6      0.8    0.412 0.495116
     0.8      0.8 0.476667 0.495586
     0.9      0.8 0.476667 0.495931
    0.95      0.8 0.476667 0.496247
    0.99      0.8 0.476667 0.497302
   0.999      0.8 0.476667 0.498903
  0.9999      0.8     0.48 0.499294
       0      0.9 0.476667 0.496667
     0.2      0.9 0.394667  0.49513
     0.4      0.9 0.385333 0.495317
     0.6      0.9    0.422 0.495559
     0.8      0.9 0.476667 0.495888
     0.9      0.9 0.476667 0.496149
    0.95      0.9 0.476667 0.496419
    0.99      0.9 0.476667 0.497437
   0.999      0.9 0.476667 0.499029
  0.9999      0.9     0.48 0.499418
       0        1 0.476667 0.496667
     0.2        1 0.394667 0.495534
     0.4        1 0.385333 0.495668
     0.6        1 0.430667 0.495842
     0.8        1 0.476667 0.496086
     0.9        1 0.476667 0.496297
    0.95        1 0.476667 0.496541
    0.99        1 0.476667 0.497537
   0.999        1 0.476667 0.499123
  0.9999        1     0.48 0.499511
       0        2 0.476667 0.496667
     0.2        2 0.401333 0.496479
     0.4        2 0.382667 0.496504
     0.6        2 0.444667  0.49654
     0.8        2 0.476667 0.496614
     0.9        2 0.476667 0.496727
    0.95        2 0.476667 0.496919
    0.99        2 0.476667 0.497874
   0.999        2 0.476667 0.499448
  0.9999        2 0.476667 0.499834
       0        4 0.476667 0.496667
     0.2        4 0.403333  0.49663
     0.4        4 0.382667 0.496642
     0.6        4 0.450667 0.496663
     0.8        4 0.476667  0.49672
     0.9        4 0.476667 0.496824
    0.95        4 0.476667 0.497011
    0.99        4 0.476667 0.497963
   0.999        4 0.476667 0.499535
  0.9999        4 0.476667 0.499921