       0     0.05 0.473333 0.493333
     0.2     0.05 0.284667 0.286364
     0.4     0.05 0.285333  0.28843
     0.6     0.05 0.284667 0.292799
     0.8     0.05 0.282667 0.306871
     0.9     0.05 0.284667 0.332564
    0.95     0.05 0.296667 0.368179
    0.99     0.05 0.357333  0.44677
   0.999     0.05    0.344 0.491349
  0.9999     0.05     0.48 0.498047
       0      0.1 0.473333 0.493333
     0.2      0.1 0.275333 0.304376
     0.4      0.1 0.274667 0.314919
     0.6      0.1    0.276 0.333609
     0.8      0.1    0.286 0.371934
     0.9      0.1 0.293333 0.409911
    0.95      0.1    0.336 0.440773
    0.99      0.1 0.320667 0.480963
   0.999      0.1 0.476667 0.495916
  0.9999      0.1     0.48 0.497776
       0     0.15 0.473333 0.493333
     0.2     0.15 0.270667 0.342511
     0.4     0.15 0.278667 0.359639
     0.6     0.15 0.284667 0.383757
     0.8     0.15 0.303333  0.42049
     0.9     0.15 0.338667  0.44823
    0.95     0.15 0.335333 0.467193
    0.99     0.15 0.473333 0.488761
   0.999     0.15 0.478667 0.496553
  0.9999     0.15     0.48 0.497567
       0      0.2 0.473333 0.493333
     0.2      0.2 0.282667 0.383304
     0.4      0.2     0.29 0.399942
     0.6      0.2    0.314 0.420757
     0.8      0.2 0.337333 0.448323
     0.9      0.2    0.328 0.466817
    0.95      0.2    0.324 0.478567
    0.99      0.2 0.473333 0.491571
   0.999      0.2     0.48 0.496765
  0.9999      0.2     0.48 0.497495
       0      0.3 0.473333 0.493333
     0.2      0.3 0.338667 0.440712
     0.4      0.3 0.339333 0.450489
     0.6      0.3 0.343333 0.461525
     0.8      0.3 0.321333 0.474643
     0.9      0.3 0.352667 0.482698
    0.95      0.3 0.471333 0.487642
    0.99      0.3 0.473333 0.493841
   0.999      0.3     0.48 0.497217
  0.9999      0.3     0.48  0.49775
       0      0.4 0.473333 0.493333
     0.2      0.4    0.358 0.468434
     0.4      0.4    0.348 0.473198
     0.6      0.4 0.340667 0.478483
     0.8      0.4    0.332 0.484659
     0.9      0.4 0.456667 0.488445
    0.95      0.4 0.473333 0.490922
    0.99      0.4 0.473333 0.494921
   0.999      0.4    0.478 0.497739
  0.9999      0.4     0.48 0.498208
       0      0.5 0.473333 0.493333
     0.2      0.5    0.366 0.480436
     0.4      0.5 0.351333 0.482855
     0.6      0.5 0.344667 0.485569
     0.8      0.5 0.361333 0.488784
     0.9      0.5 0.473333 0.490846
    0.95      0.5 0.473333 0.492374
    0.99      0.5 0.473333 0.495563
   0.999      0.5 0.473333 0.498173
  0.9999      0.5     0.48 0.498617
       0      0.6 0.473333 0.493333
     0.2      0.6    0.372 0.485871
     0.4      0.6 0.356667 0.487241
     0.6      0.6 0.349333   0.4888
     0.8      0.6 0.400667 0.490692
     0.9      0.6 0.473333    0.492
    0.95      0.6 0.473333 0.493123
    0.99      0.6 0.473333 0.495972
   0.999      0.6 0.473333 0.498493
  0.9999      0.6     0.48 0.498925
       0      0.7 0.473333 0.493333
     0.2      0.7 0.373333 0.488591
     0.4      0.7     0.36 0.489452
     0.6      0.7 0.351333 0.490444
     0.8      0.7    0.424 0.491686
     0.9      0.7 0.473333 0.492629
    0.95      0.7 0.473333 0.493558
    0.99      0.7 0.473333 0.496245
   0.999      0.7 0.473333 0.498722
  0.9999      0.7     0.48 0.499148
       0      0.8 0.473333 0.493333
     0.2      0.8 0.376667  0.49009
     0.4      0.8 0.365333  0.49068
     0.6      0.8 0.352667 0.491366
     0.8      0.8    0.442 0.492258
     0.9      0.8 0.473333 0.493006
    0.95      0.8 0.473333 0.493831
    0.99      0.8 0.473333 0.496434
   0.999      0.8 0.473333 0.498888
  0.9999      0.8     0.48 0.499311
       0      0.9 0.473333 0.493333
     0.2      0.9 0.381333 0.490989
     0.4      0.9 0.367333 0.491419
     0.6      0.9 0.356667 0.491927
     0.8      0.9     0.45 0.492614
     0.9      0.9 0.473333 0.493249
    0.95      0.9 0.473333 0.494016
    0.99      0.9 0.473333  0.49657
   0.999      0.9 0.473333  0.49901
  0.9999      0.9     0.48  0.49943
       0        1 0.473333 0.493333
     0.2        1 0.384667 0.491563
     0.4        1 0.368667 0.491895
     0.6        1     0.36  0.49229
     0.8        1 0.457333  0.49285
     0.9        1 0.473333 0.493415
    0.95        1 0.473333 0.494145
    0.99        1 0.473333  0.49667
   0.999        1 0.473333 0.499101
  0.9999        1     0.48 0.499521
       0        2 0.473333 0.493333
     0.2        2 0.390667 0.493009
     0.4        2 0.372667 0.493101
     0.6        2     0.36 0.493229
     0.8        2 0.469333 0.493495
     0.9        2 0.473333 0.493902
    0.95        2 0.473333  0.49455
    0.99        2 0.473333 0.497008
   0.999        2 0.473333 0.499419
  0.9999        2 0.473333 0.499836
       0        4 0.473333 0.493333
     0.2        4    0.392 0.493275
     0.4        4 0.374667 0.493324
     0.6        4 0.361333 0.493409
     0.8        4 0.471333 0.493629
     0.9        4 0.473333 0.494012
    0.95        4 0.473333 0.494649
    0.99        4 0.473333 0.497097
   0.999        4 0.473333 0.499505
  0.9999        4 0.473333 0.499921