        0      0.05  0.482667  0.493333
      0.2      0.05  0.481333  0.492667
      0.4      0.05  0.481333  0.492667
      0.6      0.05  0.481333  0.492667
      0.8      0.05  0.481333  0.492667
      0.9      0.05  0.481333  0.492667
     0.95      0.05  0.481333  0.492667
     0.99      0.05  0.481333  0.492667
    0.999      0.05  0.481333  0.492667
   0.9999      0.05  0.481333  0.492667
        0       0.1  0.482667  0.493333
      0.2       0.1 0.0753333 0.0766346
      0.4       0.1 0.0793333 0.0797641
      0.6       0.1 0.0806667 0.0817832
      0.8       0.1     0.086 0.0853325
      0.9       0.1     0.088 0.0876411
     0.95       0.1 0.0886667 0.0885547
     0.99       0.1 0.0893333 0.0889781
    0.999       0.1 0.0866667 0.0880818
   0.9999       0.1 0.0853333 0.0864571
        0      0.15  0.482667  0.493333
      0.2      0.15     0.066 0.0696689
      0.4      0.15 0.0753333 0.0763182
      0.6      0.15 0.0793333 0.0807485
      0.8      0.15 0.0866667 0.0862999
      0.9      0.15 0.0886667 0.0888253
     0.95      0.15 0.0866667 0.0895766
     0.99      0.15 0.0846667 0.0888425
    0.999      0.15 0.0886667 0.0896561
   0.9999      0.15 0.0853333 0.0933317
        0       0.2  0.482667  0.493333
      0.2       0.2 0.0606667 0.0699079
      0.4       0.2 0.0633333 0.0715801
      0.6       0.2     0.078  0.078083
      0.8       0.2     0.084 0.0847551
      0.9       0.2 0.0893333 0.0882742
     0.95       0.2     0.088 0.0897926
     0.99       0.2 0.0873333 0.0949034
    0.999       0.2      0.09  0.110813
   0.9999       0.2 0.0886667  0.110809
        0       0.3  0.482667  0.493333
      0.2       0.3 0.0733333 0.0884827
      0.4       0.3 0.0653333 0.0813688
      0.6       0.3     0.056 0.0795295
      0.8       0.3 0.0653333 0.0844667
      0.9       0.3 0.0746667 0.0919693
     0.95       0.3 0.0733333 0.0998524
     0.99       0.3     0.074  0.120879
    0.999       0.3 0.0893333  0.196079
   0.9999       0.3  0.184667  0.346864
        0       0.4  0.482667  0.493333
      0.2       0.4      0.09  0.115967
      0.4       0.4 0.0653333  0.104993
      0.6       0.4 0.0513333 0.0990439
      0.8       0.4 0.0386667  0.100514
      0.9       0.4 0.0333333  0.111451
     0.95       0.4     0.032  0.130927
     0.99       0.4     0.022  0.221997
    0.999       0.4     0.032  0.417879
   0.9999       0.4  0.448667  0.489144
        0       0.5  0.482667  0.493333
      0.2       0.5     0.084  0.150323
      0.4       0.5 0.0653333  0.146226
      0.6       0.5 0.0513333  0.147362
      0.8       0.5 0.0386667  0.163793
      0.9       0.5     0.032  0.197657
     0.95       0.5 0.0293333  0.248667
     0.99       0.5 0.0646667  0.390501
    0.999       0.5  0.473333   0.48374
   0.9999       0.5  0.489333  0.497339
        0       0.6  0.482667  0.493333
      0.2       0.6 0.0886667   0.18982
      0.4       0.6 0.0713333  0.197065
      0.6       0.6     0.062  0.213063
      0.8       0.6 0.0473333  0.255229
      0.9       0.6 0.0493333  0.311001
     0.95       0.6     0.074  0.368966
     0.99       0.6     0.398  0.459563
    0.999       0.6     0.486  0.494171
   0.9999       0.6  0.489333  0.498365
        0       0.7  0.482667  0.493333
      0.2       0.7     0.096  0.233978
      0.4       0.7 0.0866667  0.250675
      0.6       0.7     0.076  0.278549
      0.8       0.7     0.074  0.333456
      0.9       0.7     0.116  0.386997
     0.95       0.7  0.215333  0.429468
     0.99       0.7     0.464  0.480117
    0.999       0.7  0.486667  0.496674
   0.9999       0.7  0.489333  0.498659
        0       0.8  0.482667  0.493333
      0.2       0.8 0.0973333  0.278766
      0.4       0.8     0.092  0.300813
      0.6       0.8      0.09  0.333334
      0.8       0.8  0.120667  0.386495
      0.9       0.8  0.208667  0.428708
     0.95       0.8  0.362667  0.457373
     0.99       0.8     0.476  0.487782
    0.999       0.8  0.486667  0.497587
   0.9999       0.8  0.489333  0.498812
        0       0.9  0.482667  0.493333
      0.2       0.9     0.096  0.319791
      0.4       0.9     0.096  0.343258
      0.6       0.9     0.108  0.374898
      0.8       0.9      0.17  0.420316
      0.9       0.9     0.292  0.451878
     0.95       0.9  0.429333  0.471463
     0.99       0.9      0.48  0.491297
    0.999       0.9     0.486  0.498044
   0.9999       0.9  0.489333  0.498934
        0         1  0.482667  0.493333
      0.2         1 0.0993333  0.354271
      0.4         1  0.107333  0.376612
      0.6         1      0.13  0.404787
      0.8         1  0.215333  0.441747
      0.9         1      0.36  0.465283
     0.95         1  0.457333  0.479145
     0.99         1  0.482667  0.493134
    0.999         1     0.486  0.498329
   0.9999         1  0.489333   0.49905
        0         2  0.482667  0.493333
      0.2         2  0.147333  0.466258
      0.4         2  0.179333   0.47257
      0.6         2  0.238667   0.47919
      0.8         2     0.392  0.486237
      0.9         2      0.48  0.490153
     0.95         2  0.482667   0.49259
     0.99         2  0.482667  0.496493
    0.999         2  0.482667  0.499218
   0.9999         2  0.489333  0.499664
        0         4  0.482667  0.493333
      0.2         4     0.174  0.487205
      0.4         4      0.21  0.488739
      0.6         4  0.276667  0.490322
      0.8         4  0.430667  0.492056
      0.9         4  0.482667  0.493203
     0.95         4  0.482667  0.494225
     0.99         4  0.482667  0.496982
    0.999         4  0.482667  0.499454
   0.9999         4  0.482667  0.499875