       0     0.05    0.375    0.375
       0      0.1    0.375    0.375
       0     0.15    0.375    0.375
       0      0.2    0.375    0.375
       0      0.3    0.375    0.375
       0      0.4    0.375    0.375
       0      0.5    0.375    0.375
       0      0.6    0.375    0.375
       0      0.7    0.375    0.375
       0      0.8    0.375    0.375
       0      0.9    0.375    0.375
       0        1    0.375    0.375
       0        2    0.375    0.375
       0        4    0.375    0.375
     0.2     0.05    0.325 0.328546
     0.2      0.1     0.32 0.326448
     0.2     0.15    0.315 0.329461
     0.2      0.2    0.305 0.332329
     0.2      0.3   0.3025 0.339755
     0.2      0.4   0.3025 0.348502
     0.2      0.5   0.2925 0.355106
     0.2      0.6   0.2975 0.360027
     0.2      0.7    0.305 0.364387
     0.2      0.8    0.315 0.367977
     0.2      0.9   0.3175 0.370854
     0.2        1   0.3325 0.373147
     0.2        2   0.3225 0.380692
     0.2        4    0.335 0.382016
     0.4     0.05   0.3275 0.332927
     0.4      0.1   0.3225 0.331547
     0.4     0.15    0.315 0.337461
     0.4      0.2      0.3 0.342569
     0.4      0.3   0.2975 0.352973
     0.4      0.4   0.3075 0.361652
     0.4      0.5   0.2975 0.367729
     0.4      0.6    0.295 0.372215
     0.4      0.7   0.3125 0.376135
     0.4      0.8    0.325 0.379392
     0.4      0.9   0.3325 0.382019
     0.4        1   0.3325  0.38411
     0.4        2    0.335 0.391055
     0.4        4     0.32 0.392475
     0.6     0.05     0.33 0.336039
     0.6      0.1   0.3275 0.336316
     0.6     0.15    0.315 0.344777
     0.6      0.2   0.3225 0.352305
     0.6      0.3    0.305 0.368265
     0.6      0.4    0.305 0.378731
     0.6      0.5    0.305 0.385089
     0.6      0.6   0.3075 0.389543
     0.6      0.7   0.3075 0.393176
     0.6      0.8   0.3275  0.39617
     0.6      0.9   0.3375  0.39858
     0.6        1     0.34 0.400489
     0.6        2    0.335 0.407028
     0.6        4   0.3375 0.408644
     0.8     0.05   0.3275  0.33804
     0.8      0.1    0.325 0.341269
     0.8     0.15    0.325 0.353461
     0.8      0.2    0.325 0.365644
     0.8      0.3     0.31 0.390985
     0.8      0.4    0.305 0.405822
     0.8      0.5   0.3125 0.413797
     0.8      0.6   0.3075 0.418592
     0.8      0.7   0.3275 0.422132
     0.8      0.8    0.335 0.424957
     0.8      0.9    0.335  0.42718
     0.8        1    0.345 0.428914
     0.8        2     0.33  0.43519
     0.8        4    0.365 0.437016
     0.9     0.05   0.3275 0.338345
     0.9      0.1   0.3275 0.345014
     0.9     0.15   0.3275 0.360831
     0.9      0.2   0.3425 0.378626
     0.9      0.3     0.33 0.411665
     0.9      0.4    0.325 0.430462
     0.9      0.5    0.315 0.439343
     0.9      0.6    0.325  0.44421
     0.9      0.7    0.335 0.447675
     0.9      0.8    0.345 0.450316
     0.9      0.9   0.3425 0.452315
     0.9        1   0.3475 0.453834
     0.9        2   0.3725 0.459488
     0.9        4    0.375 0.461135
    0.95     0.05   0.3275 0.337847
    0.95      0.1     0.33 0.348868
    0.95     0.15   0.3375 0.368618
    0.95      0.2    0.355 0.391789
    0.95      0.3     0.34 0.430983
    0.95      0.4   0.3425  0.45123
    0.95      0.5    0.335 0.459621
    0.95      0.6   0.3275 0.464127
    0.95      0.7    0.335 0.467253
    0.95      0.8     0.34 0.469496
    0.95      0.9     0.35 0.471109
    0.95        1    0.355 0.472297
    0.95        2    0.375 0.476785
    0.95        4    0.375 0.477987
    0.99     0.05   0.3225 0.336221
    0.99      0.1    0.335 0.359389
    0.99     0.15   0.3725 0.388238
    0.99      0.2   0.3775 0.421287
    0.99      0.3     0.37 0.466201
    0.99      0.4    0.365 0.481077
    0.99      0.5   0.3375 0.486194
    0.99      0.6     0.34 0.489063
    0.99      0.7    0.355 0.490797
    0.99      0.8    0.365 0.491838
    0.99      0.9     0.34 0.492508
    0.99        1     0.32 0.492986
    0.99        2    0.375 0.494725
    0.99        4    0.375 0.495074
   0.999     0.05     0.33 0.338225
   0.999      0.1     0.37  0.37455
   0.999     0.15    0.395 0.413781
   0.999      0.2   0.4125 0.453668
   0.999      0.3     0.45  0.48854
   0.999      0.4     0.44 0.494499
   0.999      0.5     0.42  0.49729
   0.999      0.6   0.3975 0.498414
   0.999      0.7     0.36 0.498837
   0.999      0.8   0.3525 0.499033
   0.999      0.9    0.365 0.499145
   0.999        1    0.375  0.49922
   0.999        2     0.45 0.499455
   0.999        4    0.375 0.499494
  0.9999     0.05   0.3275 0.343016
  0.9999      0.1   0.3825 0.387645
  0.9999     0.15   0.4275 0.440465
  0.9999      0.2    0.435 0.472872
  0.9999      0.3   0.4975 0.494442
  0.9999      0.4      0.5 0.498253
  0.9999      0.5      0.5 0.499622
  0.9999      0.6      0.5 0.499824
  0.9999      0.7      0.5 0.499878
  0.9999      0.8    0.495   0.4999
  0.9999      0.9     0.36 0.499913
  0.9999        1    0.495 0.499921
  0.9999        2      0.5 0.499945
  0.9999        4      0.5 0.499949