        0      0.05      0.78  0.777778
      0.2      0.05     0.132  0.151447
      0.4      0.05  0.131333  0.151001
      0.6      0.05  0.129333  0.148889
      0.8      0.05  0.126667  0.147778
      0.9      0.05  0.126667  0.147778
     0.95      0.05  0.126667  0.145556
     0.99      0.05     0.124  0.143335
    0.999      0.05  0.123333  0.142239
   0.9999      0.05  0.123333   0.14125
        0       0.1      0.78  0.777778
      0.2       0.1  0.102667  0.102198
      0.4       0.1  0.101333  0.101488
      0.6       0.1  0.101333  0.101352
      0.8       0.1  0.101333  0.101804
      0.9       0.1  0.102667  0.102418
     0.95       0.1  0.103333  0.102685
     0.99       0.1  0.103333   0.10289
    0.999       0.1       0.1  0.100812
   0.9999       0.1       0.1 0.0993393
        0      0.15      0.78  0.777778
      0.2      0.15  0.103333  0.103428
      0.4      0.15  0.102667  0.102872
      0.6      0.15  0.101333  0.102528
      0.8      0.15     0.102  0.102706
      0.9      0.15  0.102667  0.102784
     0.95      0.15  0.102667  0.102346
     0.99      0.15 0.0993333  0.100292
    0.999      0.15  0.101333  0.100906
   0.9999      0.15  0.102667  0.101743
        0       0.2      0.78  0.777778
      0.2       0.2     0.116   0.11727
      0.4       0.2  0.103333  0.104082
      0.6       0.2  0.103333  0.103801
      0.8       0.2  0.103333  0.103903
      0.9       0.2     0.104  0.103304
     0.95       0.2  0.100667   0.10227
     0.99       0.2 0.0993333  0.101653
    0.999       0.2  0.102667  0.102236
   0.9999       0.2     0.102  0.102658
        0       0.3      0.78  0.777778
      0.2       0.3     0.138  0.137774
      0.4       0.3  0.122667  0.123628
      0.6       0.3  0.115333  0.114801
      0.8       0.3  0.105333  0.104841
      0.9       0.3  0.105333  0.103727
     0.95       0.3     0.102  0.102963
     0.99       0.3     0.102  0.102475
    0.999       0.3  0.101333  0.101862
   0.9999       0.3 0.0986667 0.0998805
        0       0.4      0.78  0.777778
      0.2       0.4  0.149333  0.148764
      0.4       0.4  0.140667  0.139372
      0.6       0.4  0.124667  0.126895
      0.8       0.4     0.112  0.114354
      0.9       0.4  0.105333  0.107415
     0.95       0.4  0.101333  0.104851
     0.99       0.4  0.103333  0.103586
    0.999       0.4 0.0993333  0.107578
   0.9999       0.4 0.0993333  0.130495
        0       0.5      0.78  0.777778
      0.2       0.5  0.154667  0.156465
      0.4       0.5  0.146667  0.147078
      0.6       0.5  0.137333  0.138266
      0.8       0.5  0.119333  0.125814
      0.9       0.5     0.112  0.118756
     0.95       0.5      0.11  0.116238
     0.99       0.5  0.106667  0.121797
    0.999       0.5  0.127333  0.154187
   0.9999       0.5  0.161333   0.20691
        0       0.6      0.78  0.777778
      0.2       0.6  0.157333   0.16442
      0.4       0.6  0.147333  0.155809
      0.6       0.6  0.141333  0.148328
      0.8       0.6  0.131333  0.140811
      0.9       0.6  0.126667  0.138164
     0.95       0.6  0.122667  0.140765
     0.99       0.6  0.127333  0.168857
    0.999       0.6  0.157333  0.288205
   0.9999       0.6  0.261333   0.50404
        0       0.7      0.78  0.777778
      0.2       0.7  0.162667  0.177247
      0.4       0.7     0.154  0.171548
      0.6       0.7  0.146667  0.167193
      0.8       0.7  0.138667  0.168099
      0.9       0.7  0.134667  0.178133
     0.95       0.7  0.135333  0.198996
     0.99       0.7     0.148  0.300314
    0.999       0.7  0.284667  0.533159
   0.9999       0.7     0.484  0.716765
        0       0.8      0.78  0.777778
      0.2       0.8  0.166667  0.200352
      0.4       0.8  0.159333  0.199495
      0.6       0.8     0.152  0.203298
      0.8       0.8  0.151333  0.222084
      0.9       0.8     0.148  0.257371
     0.95       0.8     0.158  0.309559
     0.99       0.8      0.22  0.476605
    0.999       0.8      0.35  0.691956
   0.9999       0.8  0.680667  0.799611
        0       0.9      0.78  0.777778
      0.2       0.9  0.172667   0.23594
      0.4       0.9  0.170667  0.242684
      0.6       0.9  0.164667  0.258878
      0.8       0.9  0.165333  0.302258
      0.9       0.9  0.178667  0.363679
     0.95       0.9  0.199333  0.438114
     0.99       0.9     0.292  0.615043
    0.999       0.9  0.513333  0.773139
   0.9999       0.9      0.78  0.824632
        0         1      0.78  0.777778
      0.2         1     0.178  0.283255
      0.4         1  0.177333  0.298802
      0.6         1  0.178667  0.328024
      0.8         1      0.19  0.392833
      0.9         1  0.212667      0.47
     0.95         1  0.263333  0.550332
     0.99         1  0.333333   0.70464
    0.999         1  0.683333  0.809335
   0.9999         1  0.828667  0.830579
        0         2      0.78  0.777778
      0.2         2     0.346  0.689064
      0.4         2      0.36  0.707888
      0.6         2     0.378  0.730301
      0.8         2  0.398667  0.759923
      0.9         2  0.459333  0.782234
     0.95         2  0.586667  0.799669
     0.99         2  0.773333  0.823671
    0.999         2  0.809333  0.832245
   0.9999         2  0.833333  0.833223
        0         4      0.78  0.777778
      0.2         4  0.667333  0.767898
      0.4         4     0.696  0.771908
      0.6         4  0.757333  0.777233
      0.8         4      0.78  0.786604
      0.9         4      0.78  0.797132
     0.95         4      0.78  0.808047
     0.99         4      0.78  0.825844
    0.999         4  0.833333  0.832492
   0.9999         4  0.833333  0.833248