       0     0.05    0.498 0.493333
     0.2     0.05 0.479333 0.486855
     0.4     0.05 0.476667  0.48748
     0.6     0.05     0.48  0.48783
     0.8     0.05    0.482 0.487977
     0.9     0.05    0.482 0.488455
    0.95     0.05 0.486667 0.489786
    0.99     0.05    0.488 0.494789
   0.999     0.05    0.488 0.499158
  0.9999     0.05 0.482667 0.499921
       0      0.1    0.498 0.493333
     0.2      0.1    0.482 0.490284
     0.4      0.1    0.484 0.489782
     0.6      0.1 0.486667 0.489498
     0.8      0.1 0.491333 0.490017
     0.9      0.1 0.495333 0.491324
    0.95      0.1 0.488667 0.492903
    0.99      0.1 0.487333 0.496664
   0.999      0.1    0.498 0.499575
  0.9999      0.1 0.504667 0.500053
       0     0.15    0.498 0.493333
     0.2     0.15     0.49 0.489871
     0.4     0.15     0.49 0.489949
     0.6     0.15    0.496 0.490388
     0.8     0.15 0.490667 0.491529
     0.9     0.15 0.488667 0.492746
    0.95     0.15 0.487333 0.493971
    0.99     0.15 0.486667 0.497065
   0.999     0.15    0.498 0.499677
  0.9999     0.15 0.504667 0.500117
       0      0.2    0.498 0.493333
     0.2      0.2    0.494 0.490082
     0.4      0.2 0.496667 0.490585
     0.6      0.2 0.493333 0.491296
     0.8      0.2    0.488 0.492396
     0.9      0.2 0.484667 0.493377
    0.95      0.2 0.488667 0.494382
    0.99      0.2 0.501333 0.497193
   0.999      0.2    0.498 0.499719
  0.9999      0.2 0.504667 0.500151
       0      0.3    0.498 0.493333
     0.2      0.3 0.482667 0.491674
     0.4      0.3    0.484 0.492058
     0.6      0.3 0.484667 0.492528
     0.8      0.3    0.486 0.493215
     0.9      0.3 0.482667 0.493878
    0.95      0.3 0.493333 0.494672
    0.99      0.3    0.498 0.497258
   0.999      0.3    0.498 0.499725
  0.9999      0.3 0.504667 0.500153
       0      0.4    0.498 0.493333
     0.2      0.4 0.484667 0.492477
     0.4      0.4    0.486 0.492715
     0.6      0.4    0.484 0.493018
     0.8      0.4    0.484 0.493494
     0.9      0.4 0.489333 0.494024
    0.95      0.4 0.499333 0.494739
    0.99      0.4    0.498 0.497253
   0.999      0.4    0.498 0.499693
  0.9999      0.4 0.504667 0.500116
       0      0.5    0.498 0.493333
     0.2      0.5    0.484 0.492822
     0.4      0.5 0.484667 0.492994
     0.6      0.5 0.483333 0.493217
     0.8      0.5    0.482 0.493595
     0.9      0.5    0.508 0.494066
    0.95      0.5    0.498 0.494748
    0.99      0.5    0.498 0.497233
   0.999      0.5    0.498 0.499659
  0.9999      0.5 0.504667 0.500079
       0      0.6    0.498 0.493333
     0.2      0.6 0.484667 0.492997
     0.4      0.6 0.482667 0.493132
     0.6      0.6     0.48 0.493311
     0.8      0.6 0.481333 0.493636
     0.9      0.6 0.500667 0.494076
    0.95      0.6    0.498 0.494741
    0.99      0.6    0.498 0.497214
   0.999      0.6    0.498 0.499632
  0.9999      0.6 0.504667  0.50005
       0      0.7    0.498 0.493333
     0.2      0.7 0.483333 0.493098
     0.4      0.7 0.485333 0.493209
     0.6      0.7    0.482 0.493361
     0.8      0.7 0.486667 0.493654
     0.9      0.7    0.504 0.494076
    0.95      0.7    0.498 0.494733
    0.99      0.7    0.498 0.497198
   0.999      0.7    0.498 0.499611
  0.9999      0.7 0.504667 0.500028
       0      0.8    0.498 0.493333
     0.2      0.8 0.483333 0.493162
     0.4      0.8 0.483333 0.493257
     0.6      0.8 0.482667 0.493391
     0.8      0.8    0.482 0.493662
     0.9      0.8 0.501333 0.494073
    0.95      0.8    0.498 0.494724
    0.99      0.8    0.498 0.497185
   0.999      0.8    0.498 0.499596
  0.9999      0.8 0.504667 0.500013
       0      0.9    0.498 0.493333
     0.2      0.9 0.482667 0.493205
     0.4      0.9    0.484 0.493288
     0.6      0.9 0.482667 0.493409
     0.8      0.9 0.490667 0.493667
     0.9      0.9    0.498  0.49407
    0.95      0.9    0.498 0.494718
    0.99      0.9    0.498 0.497175
   0.999      0.9    0.498 0.499585
  0.9999      0.9 0.504667 0.500001
       0        1    0.498 0.493333
     0.2        1 0.482667 0.493235
     0.4        1 0.484667  0.49331
     0.6        1 0.482667 0.493421
     0.8        1    0.488 0.493669
     0.9        1    0.498 0.494068
    0.95        1    0.498 0.494712
    0.99        1    0.498 0.497167
   0.999        1    0.498 0.499576
  0.9999        1 0.504667 0.499992
       0        2    0.498 0.493333
     0.2        2 0.482667 0.493327
     0.4        2 0.484667 0.493373
     0.6        2 0.483333 0.493455
     0.8        2 0.506667 0.493672
     0.9        2    0.498 0.494054
    0.95        2    0.498  0.49469
    0.99        2    0.498 0.497139
   0.999        2    0.498 0.499546
  0.9999        2    0.498 0.499962
       0        4    0.498 0.493333
     0.2        4 0.482667 0.493348
     0.4        4 0.484667 0.493387
     0.6        4    0.482 0.493462
     0.8        4    0.508 0.493671
     0.9        4    0.498  0.49405
    0.95        4    0.498 0.494684
    0.99        4    0.498  0.49713
   0.999        4    0.498 0.499538
  0.9999        4    0.498 0.499953