       0     0.05 0.494667     0.49
     0.2     0.05    0.502 0.496619
     0.4     0.05 0.498667  0.49572
     0.6     0.05 0.493333 0.494627
     0.8     0.05 0.491333 0.493113
     0.9     0.05     0.49 0.492448
    0.95     0.05 0.484667 0.492842
    0.99     0.05 0.487333 0.496327
   0.999     0.05 0.486667 0.499459
  0.9999     0.05 0.492667 0.499951
       0      0.1 0.494667     0.49
     0.2      0.1 0.503333 0.491475
     0.4      0.1 0.504667 0.491076
     0.6      0.1    0.496  0.49072
     0.8      0.1 0.498667 0.490718
     0.9      0.1 0.498667 0.491382
    0.95      0.1    0.492 0.492602
    0.99      0.1 0.504667 0.496552
   0.999      0.1 0.494667 0.499591
  0.9999      0.1 0.504667 0.500055
       0     0.15 0.494667     0.49
     0.2     0.15 0.494667 0.489813
     0.4     0.15 0.497333 0.489874
     0.6     0.15 0.498667 0.490047
     0.8     0.15 0.493333 0.490572
     0.9     0.15 0.505333 0.491423
    0.95     0.15 0.505333 0.492677
    0.99     0.15 0.494667 0.496601
   0.999     0.15 0.494667  0.49964
  0.9999     0.15 0.504667 0.500106
       0      0.2 0.494667     0.49
     0.2      0.2 0.503333  0.48977
     0.4      0.2 0.502667 0.489898
     0.6      0.2 0.493333 0.490127
     0.8      0.2 0.515333 0.490672
     0.9      0.2 0.494667   0.4915
    0.95      0.2 0.495333 0.492726
    0.99      0.2 0.494667 0.496616
   0.999      0.2 0.494667 0.499653
  0.9999      0.2 0.504667  0.50012
       0      0.3 0.494667     0.49
     0.2      0.3    0.498  0.48997
     0.4      0.3 0.505333 0.490092
     0.6      0.3 0.495333 0.490296
     0.8      0.3    0.494 0.490784
     0.9      0.3 0.494667 0.491566
    0.95      0.3 0.494667 0.492763
    0.99      0.3 0.494667 0.496631
   0.999      0.3 0.494667 0.499644
  0.9999      0.3 0.504667 0.500106
       0      0.4 0.494667     0.49
     0.2      0.4    0.498 0.490067
     0.4      0.4 0.492667  0.49017
     0.6      0.4 0.494667 0.490349
     0.8      0.4    0.494 0.490807
     0.9      0.4 0.494667 0.491576
    0.95      0.4 0.494667 0.492773
    0.99      0.4 0.494667 0.496643
   0.999      0.4 0.494667 0.499622
  0.9999      0.4 0.504667 0.500074
       0      0.5 0.494667     0.49
     0.2      0.5 0.497333 0.490102
     0.4      0.5    0.496 0.490192
     0.6      0.5    0.494 0.490358
     0.8      0.5 0.494667 0.490804
     0.9      0.5 0.494667 0.491571
    0.95      0.5 0.494667 0.492774
    0.99      0.5 0.494667 0.496649
   0.999      0.5 0.494667   0.4996
  0.9999      0.5 0.504667 0.500045
       0      0.6 0.494667     0.49
     0.2      0.6 0.494667 0.490109
     0.4      0.6 0.494667 0.490193
     0.6      0.6 0.494667 0.490352
     0.8      0.6 0.494667 0.490794
     0.9      0.6 0.494667 0.491564
    0.95      0.6 0.494667 0.492772
    0.99      0.6 0.494667 0.496652
   0.999      0.6 0.494667 0.499583
  0.9999      0.6 0.504667 0.500023
       0      0.7 0.494667     0.49
     0.2      0.7    0.494 0.490105
     0.4      0.7 0.494667 0.490186
     0.6      0.7 0.494667 0.490344
     0.8      0.7 0.494667 0.490785
     0.9      0.7 0.494667 0.491557
    0.95      0.7 0.494667  0.49277
    0.99      0.7 0.494667 0.496653
   0.999      0.7 0.494667 0.499571
  0.9999      0.7 0.504667 0.500007
       0      0.8 0.494667     0.49
     0.2      0.8 0.494667 0.490099
     0.4      0.8 0.494667 0.490179
     0.6      0.8 0.494667 0.490336
     0.8      0.8 0.494667 0.490778
     0.9      0.8 0.494667 0.491552
    0.95      0.8 0.494667 0.492768
    0.99      0.8 0.494667 0.496652
   0.999      0.8 0.494667 0.499561
  0.9999      0.8 0.504667 0.499996
       0      0.9 0.494667     0.49
     0.2      0.9 0.494667 0.490093
     0.4      0.9 0.494667 0.490173
     0.6      0.9 0.494667 0.490329
     0.8      0.9 0.494667 0.490772
     0.9      0.9 0.494667 0.491547
    0.95      0.9 0.494667 0.492766
    0.99      0.9 0.494667 0.496652
   0.999      0.9 0.494667 0.499555
  0.9999      0.9 0.504667 0.499987
       0        1 0.494667     0.49
     0.2        1 0.494667 0.490087
     0.4        1 0.494667 0.490167
     0.6        1 0.494667 0.490323
     0.8        1 0.494667 0.490767
     0.9        1 0.494667 0.491544
    0.95        1 0.494667 0.492764
    0.99        1 0.494667 0.496651
   0.999        1 0.494667 0.499549
  0.9999        1 0.504667 0.499981
       0        2 0.494667     0.49
     0.2        2 0.494667 0.490061
     0.4        2 0.494667 0.490142
     0.6        2 0.494667 0.490301
     0.8        2 0.494667 0.490748
     0.9        2 0.494667 0.491531
    0.95        2 0.494667 0.492758
    0.99        2 0.494667 0.496648
   0.999        2 0.494667 0.499531
  0.9999        2 0.494667 0.499958
       0        4 0.494667     0.49
     0.2        4 0.494667 0.490053
     0.4        4 0.494667 0.490134
     0.6        4 0.494667 0.490294
     0.8        4 0.494667 0.490743
     0.9        4 0.494667 0.491528
    0.95        4 0.494667 0.492756
    0.99        4 0.494667 0.496646
   0.999        4 0.494667 0.499525
  0.9999        4 0.494667 0.499952