       0     0.05     0.49     0.49
     0.2     0.05     0.19 0.200667
     0.4     0.05 0.191333 0.200333
     0.6     0.05    0.194 0.200333
     0.8     0.05 0.194667 0.200667
     0.9     0.05 0.195333 0.201333
    0.95     0.05    0.196 0.201333
    0.99     0.05    0.202    0.202
   0.999     0.05 0.207333    0.203
  0.9999     0.05    0.212    0.204
       0      0.1     0.49     0.49
     0.2      0.1 0.195333 0.192229
     0.4      0.1 0.190667 0.187271
     0.6      0.1 0.183333 0.185602
     0.8      0.1 0.183333 0.184049
     0.9      0.1 0.183333  0.18354
    0.95      0.1 0.183333 0.183388
    0.99      0.1 0.183333 0.183191
   0.999      0.1 0.182667 0.184075
  0.9999      0.1    0.182 0.191666
       0     0.15     0.49     0.49
     0.2     0.15 0.211333 0.209862
     0.4     0.15 0.206667 0.201089
     0.6     0.15 0.183333 0.189174
     0.8     0.15 0.183333 0.186574
     0.9     0.15 0.183333 0.187218
    0.95     0.15 0.182667 0.189597
    0.99     0.15 0.182667 0.199245
   0.999     0.15    0.228 0.206732
  0.9999     0.15    0.228 0.208563
       0      0.2     0.49     0.49
     0.2      0.2 0.214667 0.215332
     0.4      0.2    0.212 0.214221
     0.6      0.2 0.206667  0.20649
     0.8      0.2 0.183333 0.198696
     0.9      0.2 0.183333 0.199706
    0.95      0.2 0.182667 0.202054
    0.99      0.2 0.227333 0.203122
   0.999      0.2 0.180667 0.206299
  0.9999      0.2 0.200667 0.218899
       0      0.3     0.49     0.49
     0.2      0.3 0.210667 0.221788
     0.4      0.3 0.211333 0.221992
     0.6      0.3 0.218667 0.221675
     0.8      0.3 0.249333 0.219534
     0.9      0.3    0.232 0.215241
    0.95      0.3 0.186667 0.213591
    0.99      0.3 0.180667 0.218958
   0.999      0.3 0.241333 0.218674
  0.9999      0.3 0.253333 0.220447
       0      0.4     0.49     0.49
     0.2      0.4 0.212667 0.216125
     0.4      0.4 0.238667 0.218821
     0.6      0.4 0.237333 0.219457
     0.8      0.4 0.210667 0.222403
     0.9      0.4 0.215333 0.224311
    0.95      0.4 0.216667  0.22754
    0.99      0.4 0.268667 0.231257
   0.999      0.4    0.254 0.231144
  0.9999      0.4 0.270667 0.242716
       0      0.5     0.49     0.49
     0.2      0.5 0.194667 0.214515
     0.4      0.5    0.196 0.214791
     0.6      0.5    0.198 0.217709
     0.8      0.5 0.211333 0.220986
     0.9      0.5 0.214667 0.222927
    0.95      0.5 0.264667 0.224378
    0.99      0.5 0.274667  0.23029
   0.999      0.5    0.268 0.272391
  0.9999      0.5     0.38 0.352513
       0      0.6     0.49     0.49
     0.2      0.6    0.188 0.222759
     0.4      0.6 0.183333 0.219308
     0.6      0.6 0.187333 0.220409
     0.8      0.6 0.190667 0.223064
     0.9      0.6 0.211333 0.227055
    0.95      0.6 0.214667 0.233322
    0.99      0.6 0.256667 0.265761
   0.999      0.6     0.32 0.338747
  0.9999      0.6 0.320667 0.399166
       0      0.7     0.49     0.49
     0.2      0.7 0.190667 0.234469
     0.4      0.7 0.176667 0.233299
     0.6      0.7 0.169333 0.234271
     0.8      0.7 0.151333 0.240261
     0.9      0.7 0.173333    0.251
    0.95      0.7    0.176 0.266704
    0.99      0.7    0.254 0.314676
   0.999      0.7     0.28 0.389766
  0.9999      0.7 0.407333 0.437016
       0      0.8     0.49     0.49
     0.2      0.8 0.178667  0.25063
     0.4      0.8    0.174 0.253196
     0.6      0.8 0.173333 0.257563
     0.8      0.8 0.168667 0.269782
     0.9      0.8 0.182667 0.287324
    0.95      0.8 0.194667 0.308512
    0.99      0.8 0.271333 0.364857
   0.999      0.8 0.403333 0.431508
  0.9999      0.8    0.414 0.464478
       0      0.9     0.49     0.49
     0.2      0.9    0.204 0.271312
     0.4      0.9    0.204 0.277074
     0.6      0.9 0.192667 0.285856
     0.8      0.9 0.178667 0.304371
     0.9      0.9 0.224667 0.326961
    0.95      0.9 0.254667 0.352041
    0.99      0.9 0.426667 0.408384
   0.999      0.9 0.410667 0.456972
  0.9999      0.9 0.498667 0.479366
       0        1     0.49     0.49
     0.2        1     0.21 0.294522
     0.4        1     0.21 0.302855
     0.6        1     0.21 0.315277
     0.8        1 0.240667 0.338906
     0.9        1 0.278667 0.364452
    0.95        1 0.371333 0.389572
    0.99        1 0.459333  0.43605
   0.999        1 0.426667 0.472438
  0.9999        1      0.5 0.491456
       0        2     0.49     0.49
     0.2        2    0.426 0.440984
     0.4        2    0.432 0.448096
     0.6        2 0.436667 0.457095
     0.8        2    0.448 0.469793
     0.9        2    0.464 0.479231
    0.95        2    0.438 0.485931
    0.99        2     0.49  0.49504
   0.999        2    0.494 0.499338
  0.9999        2      0.5 0.499931
       0        4     0.49     0.49
     0.2        4 0.444667 0.483116
     0.4        4    0.446  0.48472
     0.6        4     0.45 0.486527
     0.8        4 0.458667 0.488774
     0.9        4    0.474 0.490527
    0.95        4    0.446 0.492263
    0.99        4     0.49 0.496564
   0.999        4     0.49 0.499517
  0.9999        4 0.498667  0.49995