       0     0.05 0.476667 0.496667
     0.2     0.05 0.263333 0.283735
     0.4     0.05 0.261333 0.291453
     0.6     0.05    0.262  0.30169
     0.8     0.05 0.267333 0.322414
     0.9     0.05    0.274 0.350222
    0.95     0.05 0.291333 0.384357
    0.99     0.05 0.335333 0.457427
   0.999     0.05 0.241333 0.494325
  0.9999     0.05    0.478 0.499093
       0      0.1 0.476667 0.496667
     0.2      0.1     0.26 0.314682
     0.4      0.1 0.257333 0.329265
     0.6      0.1 0.271333 0.350344
     0.8      0.1    0.294 0.388298
     0.9      0.1 0.309333 0.424405
    0.95      0.1 0.324667   0.4533
    0.99      0.1 0.278667 0.487324
   0.999      0.1 0.476667    0.498
  0.9999      0.1     0.48 0.499332
       0     0.15 0.476667 0.496667
     0.2     0.15 0.281333  0.36078
     0.4     0.15 0.291333 0.377417
     0.6     0.15    0.298 0.400223
     0.8     0.15     0.31 0.434901
     0.9     0.15 0.307333 0.460767
    0.95     0.15    0.282 0.477261
    0.99     0.15     0.43  0.49317
   0.999     0.15 0.476667 0.498287
  0.9999     0.15     0.48 0.499028
       0      0.2 0.476667 0.496667
     0.2      0.2 0.300667 0.399737
     0.4      0.2 0.304667 0.415143
     0.6      0.2 0.308667 0.434805
     0.8      0.2 0.297333 0.460889
     0.9      0.2 0.247333 0.477291
    0.95      0.2     0.26 0.486514
    0.99      0.2 0.476667 0.494977
   0.999      0.2 0.476667 0.498244
  0.9999      0.2     0.48 0.498799
       0      0.3 0.476667 0.496667
     0.2      0.3 0.293333 0.450366
     0.4      0.3 0.285333 0.460434
     0.6      0.3 0.272667 0.471469
     0.8      0.3    0.242 0.483426
     0.9      0.3 0.369333 0.489668
    0.95      0.3    0.474 0.492898
    0.99      0.3 0.476667 0.496232
   0.999      0.3 0.476667 0.498328
  0.9999      0.3     0.48 0.498766
       0      0.4 0.476667 0.496667
     0.2      0.4 0.301333 0.475464
     0.4      0.4 0.298667 0.480589
     0.6      0.4    0.284 0.485787
     0.8      0.4 0.311333 0.490969
     0.9      0.4    0.474 0.493546
    0.95      0.4 0.476667 0.494927
    0.99      0.4 0.476667 0.496806
   0.999      0.4 0.476667  0.49858
  0.9999      0.4     0.48 0.498984
       0      0.5 0.476667 0.496667
     0.2      0.5    0.328  0.48616
     0.4      0.5 0.318667 0.488756
     0.6      0.5    0.298 0.491305
     0.8      0.5 0.414667 0.493781
     0.9      0.5 0.476667 0.495031
    0.95      0.5 0.476667 0.495769
    0.99      0.5 0.476667 0.497152
   0.999      0.5 0.476667 0.498815
  0.9999      0.5     0.48 0.499207
       0      0.6 0.476667 0.496667
     0.2      0.6 0.346667 0.490855
     0.4      0.6 0.331333 0.492279
     0.6      0.6    0.306 0.493659
     0.8      0.6    0.462    0.495
     0.9      0.6 0.476667  0.49571
    0.95      0.6 0.476667  0.49619
    0.99      0.6 0.476667 0.497372
   0.999      0.6 0.476667 0.498991
  0.9999      0.6     0.48 0.499379
       0      0.7 0.476667 0.496667
     0.2      0.7    0.358 0.493125
     0.4      0.7 0.336667 0.493974
     0.6      0.7 0.315333 0.494797
     0.8      0.7    0.468 0.495609
     0.9      0.7 0.476667 0.496069
    0.95      0.7 0.476667  0.49643
    0.99      0.7 0.476667  0.49752
   0.999      0.7 0.476667 0.499118
  0.9999      0.7     0.48 0.499504
       0      0.8 0.476667 0.496667
     0.2      0.8 0.366667 0.494333
     0.4      0.8     0.34  0.49488
     0.6      0.8    0.326 0.495411
     0.8      0.8 0.472667 0.495949
     0.9      0.8 0.476667 0.496281
    0.95      0.8 0.476667  0.49658
    0.99      0.8 0.476667 0.497621
   0.999      0.8 0.476667  0.49921
  0.9999      0.8     0.48 0.499595
       0      0.9 0.476667 0.496667
     0.2      0.9    0.372 0.495032
     0.4      0.9 0.343333 0.495407
     0.6      0.9 0.336667 0.495774
     0.8      0.9 0.474667 0.496157
     0.9      0.9 0.476667 0.496417
    0.95      0.9 0.476667  0.49668
    0.99      0.9 0.476667 0.497694
   0.999      0.9 0.476667 0.499277
  0.9999      0.9 0.476667 0.499662
       0        1 0.476667 0.496667
     0.2        1    0.372 0.495466
     0.4        1    0.346 0.495736
     0.6        1 0.338667 0.496003
     0.8        1    0.476 0.496293
     0.9        1 0.476667 0.496509
    0.95        1 0.476667 0.496751
    0.99        1 0.476667 0.497748
   0.999        1 0.476667 0.499327
  0.9999        1 0.476667 0.499712
       0        2 0.476667 0.496667
     0.2        2 0.389333 0.496469
     0.4        2 0.359333 0.496515
     0.6        2 0.354667 0.496568
     0.8        2 0.476667 0.496656
     0.9        2 0.476667 0.496776
    0.95        2 0.476667  0.49697
    0.99        2 0.476667 0.497929
   0.999        2 0.476667 0.499502
  0.9999        2 0.476667 0.499887
       0        4 0.476667 0.496667
     0.2        4 0.392667 0.496628
     0.4        4 0.360667 0.496644
     0.6        4 0.357333 0.496669
     0.8        4 0.476667  0.49673
     0.9        4 0.476667 0.496836
    0.95        4 0.476667 0.497024
    0.99        4 0.476667 0.497976
   0.999        4 0.476667 0.499549
  0.9999        4 0.476667 0.499935