       0     0.05 0.493333 0.493333
     0.2     0.05 0.493333 0.493333
     0.4     0.05 0.493333 0.493333
     0.6     0.05 0.493333 0.493333
     0.8     0.05 0.493333 0.493333
     0.9     0.05 0.493333 0.493333
    0.95     0.05 0.493333 0.493333
    0.99     0.05 0.493333 0.493333
   0.999     0.05 0.493333 0.493333
  0.9999     0.05 0.493333 0.493333
       0      0.1 0.493333 0.493333
     0.2      0.1 0.453333  0.45351
     0.4      0.1 0.457333 0.456604
     0.6      0.1    0.454 0.459555
     0.8      0.1     0.46 0.463145
     0.9      0.1     0.46 0.465794
    0.95      0.1     0.46 0.467312
    0.99      0.1 0.465333 0.469303
   0.999      0.1    0.476  0.47429
  0.9999      0.1 0.481333 0.476833
       0     0.15 0.493333 0.493333
     0.2     0.15 0.435333 0.450774
     0.4     0.15 0.452667 0.455856
     0.6     0.15 0.456667 0.460282
     0.8     0.15 0.461333 0.465628
     0.9     0.15 0.470667 0.469682
    0.95     0.15    0.468 0.472478
    0.99     0.15 0.474667  0.47463
   0.999     0.15 0.467333  0.47281
  0.9999     0.15 0.473333 0.472242
       0      0.2 0.493333 0.493333
     0.2      0.2 0.440667 0.454344
     0.4      0.2    0.442  0.45898
     0.6      0.2 0.446667 0.463839
     0.8      0.2    0.458 0.469089
     0.9      0.2 0.455333 0.471942
    0.95      0.2 0.459333  0.47337
    0.99      0.2    0.462 0.474995
   0.999      0.2 0.498667 0.480761
  0.9999      0.2 0.496667 0.492706
       0      0.3 0.493333 0.493333
     0.2      0.3 0.396667 0.445244
     0.4      0.3 0.405333 0.453945
     0.6      0.3    0.402 0.460826
     0.8      0.3 0.401333 0.468377
     0.9      0.3    0.432 0.474315
    0.95      0.3    0.478 0.479899
    0.99      0.3 0.490667 0.490924
   0.999      0.3      0.5   0.4982
  0.9999      0.3      0.5 0.499775
       0      0.4 0.493333 0.493333
     0.2      0.4 0.386667 0.447652
     0.4      0.4    0.382 0.455835
     0.6      0.4 0.378667 0.464999
     0.8      0.4    0.406 0.476452
     0.9      0.4 0.451333 0.484063
    0.95      0.4 0.481333 0.489057
    0.99      0.4 0.491333 0.495561
   0.999      0.4 0.497333 0.499258
  0.9999      0.4      0.5 0.499918
       0      0.5 0.493333 0.493333
     0.2      0.5 0.394667 0.460215
     0.4      0.5    0.386 0.466987
     0.6      0.5 0.384667 0.474553
     0.8      0.5    0.394 0.483346
     0.9      0.5    0.416 0.488608
    0.95      0.5 0.462667 0.491889
    0.99      0.5 0.492667 0.496531
   0.999      0.5 0.493333 0.499453
  0.9999      0.5      0.5 0.499941
       0      0.6 0.493333 0.493333
     0.2      0.6 0.391333  0.46949
     0.4      0.6    0.394 0.474799
     0.6      0.6 0.389333 0.480533
     0.8      0.6 0.394667 0.486907
     0.9      0.6 0.401333 0.490614
    0.95      0.6    0.454    0.493
    0.99      0.6 0.493333 0.496868
   0.999      0.6 0.493333 0.499516
  0.9999      0.6      0.5 0.499949
       0      0.7 0.493333 0.493333
     0.2      0.7 0.388667 0.475715
     0.4      0.7    0.388  0.47981
     0.6      0.7 0.384667 0.484154
     0.8      0.7 0.389333 0.488893
     0.9      0.7 0.397333 0.491664
    0.95      0.7 0.452667 0.493547
    0.99      0.7 0.493333 0.497008
   0.999      0.7 0.493333 0.499538
  0.9999      0.7      0.5 0.499951
       0      0.8 0.493333 0.493333
     0.2      0.8    0.388 0.479879
     0.4      0.8 0.387333 0.483087
     0.6      0.8 0.383333 0.486456
     0.8      0.8 0.384667 0.490111
     0.9      0.8 0.401333 0.492289
    0.95      0.8 0.453333 0.493862
    0.99      0.8 0.493333 0.497072
   0.999      0.8 0.493333 0.499547
  0.9999      0.8      0.5 0.499952
       0      0.9 0.493333 0.493333
     0.2      0.9 0.390667 0.482746
     0.4      0.9 0.387333 0.485315
     0.6      0.9 0.386667 0.487998
     0.8      0.9 0.386667 0.490912
     0.9      0.9 0.401333 0.492694
    0.95      0.9 0.448667  0.49406
    0.99      0.9 0.493333 0.497104
   0.999      0.9 0.493333 0.499549
  0.9999      0.9    0.494 0.499952
       0        1 0.493333 0.493333
     0.2        1 0.390667 0.484791
     0.4        1 0.388667 0.486892
     0.6        1 0.386667  0.48908
     0.8        1 0.384667 0.491467
     0.9        1 0.398667 0.492972
    0.95        1    0.446 0.494193
    0.99        1 0.493333 0.497121
   0.999        1 0.493333  0.49955
  0.9999        1 0.493333 0.499952
       0        2 0.493333 0.493333
     0.2        2 0.385333 0.491245
     0.4        2    0.386 0.491805
     0.6        2    0.388 0.492405
     0.8        2    0.386 0.493145
     0.9        2    0.398 0.493795
    0.95        2 0.440667 0.494571
    0.99        2 0.493333 0.497136
   0.999        2 0.493333 0.499541
  0.9999        2 0.493333 0.499951
       0        4 0.493333 0.493333
     0.2        4 0.389333  0.49283
     0.4        4 0.384667 0.492998
     0.6        4 0.385333 0.493202
     0.8        4 0.382667 0.493541
     0.9        4    0.398 0.493986
    0.95        4 0.440667 0.494655
    0.99        4 0.493333  0.49713
   0.999        4 0.493333 0.499537
  0.9999        4 0.493333 0.499951