       0     0.05 0.495333 0.496667
     0.2     0.05 0.495333 0.496667
     0.4     0.05 0.495333 0.496667
     0.6     0.05 0.495333 0.496667
     0.8     0.05 0.495333 0.496667
     0.9     0.05 0.495333 0.496667
    0.95     0.05 0.495333 0.496667
    0.99     0.05 0.495333 0.496667
   0.999     0.05 0.495333 0.496667
  0.9999     0.05 0.495333 0.496667
       0      0.1 0.495333 0.496667
     0.2      0.1 0.477333  0.47811
     0.4      0.1    0.474 0.479863
     0.6      0.1    0.476 0.479453
     0.8      0.1 0.476667  0.47928
     0.9      0.1 0.479333 0.479664
    0.95      0.1 0.481333 0.480395
    0.99      0.1    0.482 0.481268
   0.999      0.1 0.480667 0.482425
  0.9999      0.1 0.478667  0.47955
       0     0.15 0.495333 0.496667
     0.2     0.15 0.462667 0.468887
     0.4     0.15 0.470667 0.473205
     0.6     0.15 0.474667  0.47554
     0.8     0.15 0.469333  0.47642
     0.9     0.15    0.472 0.476569
    0.95     0.15 0.472667 0.476945
    0.99     0.15 0.470667 0.477318
   0.999     0.15 0.468667 0.479944
  0.9999     0.15 0.498667 0.496387
       0      0.2 0.495333 0.496667
     0.2      0.2 0.452667 0.463155
     0.4      0.2     0.46 0.466956
     0.6      0.2    0.458 0.469726
     0.8      0.2 0.469333  0.47217
     0.9      0.2 0.460667 0.473985
    0.95      0.2    0.454 0.475942
    0.99      0.2 0.471333 0.482721
   0.999      0.2 0.497333 0.494789
  0.9999      0.2      0.5 0.497696
       0      0.3 0.495333 0.496667
     0.2      0.3     0.45  0.45882
     0.4      0.3 0.445333 0.463399
     0.6      0.3 0.445333 0.467841
     0.8      0.3 0.437333 0.474257
     0.9      0.3 0.432667 0.480176
    0.95      0.3 0.437333 0.485291
    0.99      0.3 0.495333 0.493033
   0.999      0.3    0.498 0.497722
  0.9999      0.3      0.5 0.499674
       0      0.4 0.495333 0.496667
     0.2      0.4 0.436667 0.458413
     0.4      0.4    0.432 0.464006
     0.6      0.4 0.426667 0.470506
     0.8      0.4 0.411333 0.479161
     0.9      0.4    0.418 0.485568
    0.95      0.4 0.475333 0.490146
    0.99      0.4 0.497333 0.495854
   0.999      0.4 0.498667 0.499012
  0.9999      0.4 0.500667  0.50006
       0      0.5 0.495333 0.496667
     0.2      0.5 0.435333 0.465331
     0.4      0.5 0.428667 0.470359
     0.6      0.5 0.419333 0.476391
     0.8      0.5 0.413333 0.484243
     0.9      0.5 0.442667 0.489581
    0.95      0.5    0.486 0.493011
    0.99      0.5    0.498 0.496916
   0.999      0.5    0.498 0.499357
  0.9999      0.5 0.501333 0.500069
       0      0.6 0.495333 0.496667
     0.2      0.6 0.433333 0.472651
     0.4      0.6 0.430667 0.477011
     0.6      0.6    0.424 0.482079
     0.8      0.6    0.412 0.488344
     0.9      0.6 0.460667 0.492275
    0.95      0.6 0.494667 0.494634
    0.99      0.6    0.498 0.497394
   0.999      0.6    0.498 0.499491
  0.9999      0.6 0.501333 0.500059
       0      0.7 0.495333 0.496667
     0.2      0.7 0.433333 0.478545
     0.4      0.7    0.424 0.482125
     0.6      0.7 0.411333 0.486181
     0.8      0.7    0.418 0.490968
     0.9      0.7    0.476 0.493814
    0.95      0.7 0.496667 0.495486
    0.99      0.7    0.498 0.497626
   0.999      0.7    0.498 0.499547
  0.9999      0.7 0.501333 0.500047
       0      0.8 0.495333 0.496667
     0.2      0.8    0.424 0.482796
     0.4      0.8    0.422 0.485695
     0.6      0.8 0.406667 0.488911
     0.8      0.8 0.426667 0.492588
     0.9      0.8    0.486  0.49471
    0.95      0.8    0.498 0.495962
    0.99      0.8    0.498 0.497751
   0.999      0.8    0.498 0.499571
  0.9999      0.8 0.501333 0.500034
       0      0.9 0.495333 0.496667
     0.2      0.9 0.424667 0.485797
     0.4      0.9    0.414 0.488159
     0.6      0.9 0.400667 0.490738
     0.8      0.9 0.433333 0.493623
     0.9      0.9 0.492667 0.495265
    0.95      0.9    0.498  0.49625
    0.99      0.9    0.498 0.497824
   0.999      0.9    0.498 0.499581
  0.9999      0.9 0.501333 0.500022
       0        1 0.495333 0.496667
     0.2        1 0.420667 0.487946
     0.4        1 0.413333 0.489896
     0.6        1      0.4 0.491999
     0.8        1 0.436667 0.494316
     0.9        1 0.494667 0.495629
    0.95        1    0.498 0.496437
    0.99        1    0.498 0.497869
   0.999        1    0.498 0.499585
  0.9999        1 0.501333 0.500012
       0        2 0.495333 0.496667
     0.2        2 0.417333  0.49459
     0.4        2    0.406 0.495108
     0.6        2     0.41 0.495645
     0.8        2 0.467333 0.496229
     0.9        2    0.498 0.496599
    0.95        2    0.498  0.49692
    0.99        2    0.498 0.497973
   0.999        2    0.498 0.499576
  0.9999        2 0.498667  0.49997
       0        4 0.495333 0.496667
     0.2        4 0.421333 0.496159
     0.4        4    0.402 0.496297
     0.6        4 0.411333 0.496444
     0.8        4 0.472667 0.496628
     0.9        4    0.498 0.496795
    0.95        4    0.498 0.497013
    0.99        4    0.498 0.497988
   0.999        4    0.498 0.499568
  0.9999        4    0.498 0.499956