       0     0.05 0.496667 0.496667
     0.2     0.05 0.496667 0.496667
     0.4     0.05 0.496667 0.496667
     0.6     0.05 0.496667 0.496667
     0.8     0.05 0.496667 0.496667
     0.9     0.05 0.496667 0.496667
    0.95     0.05 0.496667 0.496667
    0.99     0.05 0.496667 0.496667
   0.999     0.05 0.496667 0.496667
  0.9999     0.05 0.496667 0.496667
       0      0.1 0.496667 0.496667
     0.2      0.1    0.454 0.455987
     0.4      0.1    0.468  0.46283
     0.6      0.1 0.468667 0.467244
     0.8      0.1 0.474667 0.472887
     0.9      0.1    0.476 0.477156
    0.95      0.1    0.484 0.480182
    0.99      0.1 0.481333 0.483193
   0.999      0.1    0.488 0.487947
  0.9999      0.1 0.490667 0.491092
       0     0.15 0.496667 0.496667
     0.2     0.15    0.444 0.442791
     0.4     0.15 0.449333  0.45279
     0.6     0.15 0.461333 0.461392
     0.8     0.15 0.472667 0.470785
     0.9     0.15 0.478667 0.476872
    0.95     0.15 0.485333 0.481193
    0.99     0.15 0.490667  0.48647
   0.999     0.15 0.482667 0.484424
  0.9999     0.15 0.499333 0.485208
       0      0.2 0.496667 0.496667
     0.2      0.2    0.418 0.425749
     0.4      0.2    0.432  0.43989
     0.6      0.2 0.449333 0.451022
     0.8      0.2     0.47 0.462867
     0.9      0.2 0.470667 0.470062
    0.95      0.2     0.47 0.474411
    0.99      0.2 0.484667 0.480468
   0.999      0.2 0.493333 0.488542
  0.9999      0.2 0.493333 0.492689
       0      0.3 0.496667 0.496667
     0.2      0.3    0.386 0.415984
     0.4      0.3 0.419333 0.430467
     0.6      0.3 0.441333 0.444804
     0.8      0.3 0.477333 0.462264
     0.9      0.3 0.487333  0.47443
    0.95      0.3 0.494667 0.482846
    0.99      0.3    0.496  0.49316
   0.999      0.3 0.497333 0.498114
  0.9999      0.3      0.5 0.499698
       0      0.4 0.496667 0.496667
     0.2      0.4 0.378667 0.422681
     0.4      0.4 0.396667 0.437173
     0.6      0.4 0.434667 0.452574
     0.8      0.4 0.473333 0.470942
     0.9      0.4 0.491333 0.482429
    0.95      0.4 0.493333 0.489313
    0.99      0.4 0.496667 0.496311
   0.999      0.4      0.5 0.499345
  0.9999      0.4      0.5 0.499926
       0      0.5 0.496667 0.496667
     0.2      0.5 0.369333  0.43536
     0.4      0.5 0.382667 0.448246
     0.6      0.5 0.417333 0.462091
     0.8      0.5     0.47 0.477824
     0.9      0.5 0.489333 0.486886
    0.95      0.5    0.496 0.491954
    0.99      0.5 0.496667 0.497051
   0.999      0.5      0.5 0.499496
  0.9999      0.5      0.5 0.499944
       0      0.6 0.496667 0.496667
     0.2      0.6 0.360667 0.448531
     0.4      0.6 0.369333 0.459214
     0.6      0.6 0.410667  0.47058
     0.8      0.6 0.468667 0.482994
     0.9      0.6 0.493333 0.489795
    0.95      0.6 0.496667 0.493503
    0.99      0.6 0.496667 0.497397
   0.999      0.6 0.497333 0.499544
  0.9999      0.6      0.5  0.49995
       0      0.7 0.496667 0.496667
     0.2      0.7 0.357333 0.459287
     0.4      0.7 0.359333 0.467889
     0.6      0.7 0.402667 0.476915
     0.8      0.7    0.472 0.486526
     0.9      0.7 0.495333 0.491669
    0.95      0.7 0.496667 0.494465
    0.99      0.7 0.496667 0.497587
   0.999      0.7 0.496667 0.499563
  0.9999      0.7      0.5 0.499952
       0      0.8 0.496667 0.496667
     0.2      0.8 0.357333 0.467278
     0.4      0.8 0.359333 0.474197
     0.6      0.8    0.398  0.48138
     0.8      0.8 0.470667 0.488916
     0.9      0.8    0.496 0.492906
    0.95      0.8 0.496667  0.49509
    0.99      0.8 0.496667 0.497701
   0.999      0.8 0.496667 0.499571
  0.9999      0.8      0.5 0.499953
       0      0.9 0.496667 0.496667
     0.2      0.9 0.355333 0.473123
     0.4      0.9 0.360667 0.478749
     0.6      0.9    0.398 0.484547
     0.8      0.9    0.472 0.490575
     0.9      0.9 0.496667 0.493754
    0.95      0.9 0.496667 0.495514
    0.99      0.9 0.496667 0.497773
   0.999      0.9 0.496667 0.499575
  0.9999      0.9      0.5 0.499953
       0        1 0.496667 0.496667
     0.2        1 0.351333 0.477449
     0.4        1    0.356 0.482089
     0.6        1 0.394667 0.486846
     0.8        1 0.472667 0.491765
     0.9        1 0.496667 0.494358
    0.95        1 0.496667 0.495814
    0.99        1 0.496667 0.497821
   0.999        1 0.496667 0.499576
  0.9999        1      0.5 0.499953
       0        2 0.496667 0.496667
     0.2        2    0.354 0.491803
     0.4        2 0.361333 0.493019
     0.6        2 0.391333 0.494252
     0.8        2 0.473333 0.495528
     0.9        2 0.496667 0.496246
    0.95        2 0.496667 0.496744
    0.99        2 0.496667 0.497955
   0.999        2 0.496667  0.49957
  0.9999        2 0.496667 0.499952
       0        4 0.496667 0.496667
     0.2        4    0.352 0.495454
     0.4        4 0.362667 0.495767
     0.6        4 0.392667  0.49609
     0.8        4 0.471333 0.496449
     0.9        4 0.496667 0.496704
    0.95        4 0.496667 0.496968
    0.99        4 0.496667 0.497984
   0.999        4 0.496667 0.499567
  0.9999        4 0.496667 0.499951