       0     0.05   0.4875   0.4875
       0      0.1   0.4875   0.4875
       0     0.15   0.4875   0.4875
       0      0.2   0.4875   0.4875
       0      0.3   0.4875   0.4875
       0      0.4   0.4875   0.4875
       0      0.5   0.4875   0.4875
       0      0.6   0.4875   0.4875
       0      0.7   0.4875   0.4875
       0      0.8   0.4875   0.4875
       0      0.9   0.4875   0.4875
       0        1   0.4875   0.4875
       0        2   0.4875   0.4875
       0        4   0.4875   0.4875
     0.2     0.05   0.4625 0.461914
     0.2      0.1    0.465 0.458279
     0.2     0.15     0.45 0.450306
     0.2      0.2     0.45 0.453917
     0.2      0.3     0.47 0.459521
     0.2      0.4   0.4675 0.452503
     0.2      0.5   0.4425 0.454013
     0.2      0.6   0.4525 0.459924
     0.2      0.7   0.4475  0.46631
     0.2      0.8   0.4425 0.471546
     0.2      0.9   0.4375 0.475501
     0.2        1     0.45  0.47845
     0.2        2      0.5 0.486643
     0.2        4    0.495 0.487463
     0.4     0.05     0.46 0.461345
     0.4      0.1    0.445 0.455237
     0.4     0.15    0.455 0.455279
     0.4      0.2     0.45 0.456737
     0.4      0.3   0.4725 0.460126
     0.4      0.4   0.4625  0.45669
     0.4      0.5    0.455 0.458692
     0.4      0.6     0.44 0.463997
     0.4      0.7    0.445 0.469656
     0.4      0.8   0.4375 0.474301
     0.4      0.9   0.4425 0.477763
     0.4        1    0.455 0.480287
     0.4        2   0.5075 0.486977
     0.4        4   0.4975 0.487618
     0.6     0.05     0.46 0.461064
     0.6      0.1     0.46 0.457089
     0.6     0.15   0.4525 0.456781
     0.6      0.2    0.455 0.459564
     0.6      0.3   0.4675 0.460718
     0.6      0.4   0.4775  0.46005
     0.6      0.5   0.4575 0.463346
     0.6      0.6    0.445 0.468402
     0.6      0.7   0.4475 0.473446
     0.6      0.8   0.4375 0.477456
     0.6      0.9   0.4375 0.480336
     0.6        1    0.465 0.482351
     0.6        2   0.4925 0.487415
     0.6        4   0.4925 0.487885
     0.8     0.05     0.46 0.461298
     0.8      0.1     0.46 0.458946
     0.8     0.15   0.4725 0.458655
     0.8      0.2     0.46 0.461691
     0.8      0.3    0.465 0.462898
     0.8      0.4     0.47 0.465149
     0.8      0.5    0.455 0.469527
     0.8      0.6    0.445 0.474188
     0.8      0.7   0.4425 0.478455
     0.8      0.8     0.45  0.48157
     0.8      0.9     0.46 0.483624
     0.8        1     0.49 0.484961
     0.8        2   0.4925 0.488255
     0.8        4   0.4875 0.488576
     0.9     0.05   0.4625   0.4617
     0.9      0.1   0.4575 0.458071
     0.9     0.15   0.4725 0.459555
     0.9      0.2   0.4625  0.46269
     0.9      0.3     0.46 0.466442
     0.9      0.4   0.4625 0.470264
     0.9      0.5   0.4425 0.474711
     0.9      0.6    0.435 0.478933
     0.9      0.7   0.4325 0.482446
     0.9      0.8   0.4525 0.484767
     0.9      0.9   0.4925 0.486187
     0.9        1   0.4975 0.487081
     0.9        2   0.4825 0.489438
     0.9        4   0.4875 0.489718
    0.95     0.05   0.4625 0.461995
    0.95      0.1   0.4525 0.457089
    0.95     0.15   0.4675 0.459808
    0.95      0.2   0.4575 0.463629
    0.95      0.3    0.445 0.470489
    0.95      0.4     0.45 0.475323
    0.95      0.5   0.4275 0.479493
    0.95      0.6   0.4225 0.483203
    0.95      0.7    0.435 0.485938
    0.95      0.8   0.4575 0.487622
    0.95      0.9     0.49 0.488628
    0.95        1   0.4975 0.489274
    0.95        2   0.4875 0.491119
    0.95        4   0.4875 0.491421
    0.99     0.05   0.4625 0.460995
    0.99      0.1   0.4625 0.459058
    0.99     0.15   0.4625 0.459992
    0.99      0.2   0.4575 0.468724
    0.99      0.3     0.49 0.480146
    0.99      0.4    0.435 0.486048
    0.99      0.5   0.4625 0.489195
    0.99      0.6   0.4775 0.491465
    0.99      0.7     0.46 0.492993
    0.99      0.8     0.49 0.493924
    0.99      0.9   0.4925 0.494473
    0.99        1   0.4875 0.494804
    0.99        2   0.4875  0.49599
    0.99        4   0.4875 0.496302
   0.999     0.05    0.455 0.453601
   0.999      0.1   0.4625 0.461665
   0.999     0.15    0.455   0.4615
   0.999      0.2     0.48 0.479279
   0.999      0.3    0.485 0.491272
   0.999      0.4    0.455 0.493972
   0.999      0.5    0.485 0.496124
   0.999      0.6   0.4875  0.49767
   0.999      0.7   0.4875 0.498439
   0.999      0.8   0.4875  0.49878
   0.999      0.9   0.4825 0.498943
   0.999        1   0.4875 0.499045
   0.999        2   0.4975 0.499427
   0.999        4   0.4875   0.4995
  0.9999     0.05    0.455  0.45296
  0.9999      0.1   0.4625 0.460716
  0.9999     0.15    0.455 0.468968
  0.9999      0.2   0.4875 0.485945
  0.9999      0.3     0.49 0.494294
  0.9999      0.4   0.4975 0.496708
  0.9999      0.5      0.5 0.498956
  0.9999      0.6      0.5 0.499613
  0.9999      0.7      0.5 0.499789
  0.9999      0.8   0.4875 0.499849
  0.9999      0.9    0.495 0.499875
  0.9999        1   0.4975  0.49989
  0.9999        2      0.5  0.49994
  0.9999        4      0.5 0.499948