       0     0.05 0.473333 0.493333
     0.2     0.05 0.130667 0.154552
     0.4     0.05 0.128667 0.164615
     0.6     0.05    0.134 0.179898
     0.8     0.05 0.139333 0.212759
     0.9     0.05 0.153333 0.258401
    0.95     0.05 0.172667 0.316573
    0.99     0.05    0.244 0.435543
   0.999     0.05 0.475333 0.490168
  0.9999     0.05     0.48 0.497155
       0      0.1 0.473333 0.493333
     0.2      0.1 0.142667 0.206879
     0.4      0.1    0.144 0.227217
     0.6      0.1 0.151333 0.259039
     0.8      0.1    0.174 0.321159
     0.9      0.1 0.204667 0.381228
    0.95      0.1 0.236667  0.42713
    0.99      0.1 0.452667 0.479176
   0.999      0.1 0.479333 0.495544
  0.9999      0.1     0.48 0.497462
       0     0.15 0.473333 0.493333
     0.2     0.15 0.150667 0.270754
     0.4     0.15     0.16 0.298647
     0.6     0.15 0.183333 0.337912
     0.8     0.15 0.211333 0.396336
     0.9     0.15 0.244667 0.437362
    0.95     0.15 0.311333 0.462764
    0.99     0.15 0.473333 0.488111
   0.999     0.15     0.48 0.496255
  0.9999     0.15     0.48 0.497278
       0      0.2 0.473333 0.493333
     0.2      0.2 0.173333 0.335205
     0.4      0.2 0.189333 0.362575
     0.6      0.2    0.206 0.395907
     0.8      0.2 0.236667 0.437359
     0.9      0.2 0.330667 0.462487
    0.95      0.2 0.470667 0.476904
    0.99      0.2 0.473333 0.491229
   0.999      0.2     0.48 0.496501
  0.9999      0.2     0.48 0.497224
       0      0.3 0.473333 0.493333
     0.2      0.3    0.218 0.424522
     0.4      0.3    0.236  0.43921
     0.6      0.3 0.265333 0.455054
     0.8      0.3 0.418667 0.472389
     0.9      0.3 0.473333  0.48194
    0.95      0.3 0.473333 0.487331
    0.99      0.3 0.473333 0.493662
   0.999      0.3     0.48    0.497
  0.9999      0.3     0.48 0.497522
       0      0.4 0.473333 0.493333
     0.2      0.4    0.276 0.463147
     0.4      0.4 0.319333 0.469871
     0.6      0.4    0.408 0.476871
     0.8      0.4 0.473333 0.484269
     0.9      0.4 0.473333 0.488345
    0.95      0.4 0.473333 0.490851
    0.99      0.4 0.473333 0.494801
   0.999      0.4 0.479333 0.497573
  0.9999      0.4     0.48 0.498032
       0      0.5 0.473333 0.493333
     0.2      0.5 0.340667 0.478701
     0.4      0.5    0.402 0.481948
     0.6      0.5 0.464667 0.485287
     0.8      0.5 0.473333  0.48882
     0.9      0.5 0.473333  0.49088
    0.95      0.5 0.473333 0.492358
    0.99      0.5 0.473333 0.495478
   0.999      0.5 0.473333  0.49805
  0.9999      0.5     0.48 0.498486
       0      0.6 0.473333 0.493333
     0.2      0.6 0.397333 0.485423
     0.4      0.6 0.450667 0.487138
     0.6      0.6 0.473333 0.488905
     0.8      0.6 0.473333 0.490822
     0.9      0.6 0.473333 0.492058
    0.95      0.6 0.473333 0.493122
    0.99      0.6 0.473333  0.49591
   0.999      0.6 0.473333 0.498401
  0.9999      0.6     0.48 0.498827
       0      0.7 0.473333 0.493333
     0.2      0.7 0.440667 0.488634
     0.4      0.7 0.469333 0.489624
     0.6      0.7 0.473333 0.490655
     0.8      0.7 0.473333 0.491825
     0.9      0.7 0.473333 0.492685
    0.95      0.7 0.473333  0.49356
    0.99      0.7 0.473333 0.496198
   0.999      0.7 0.473333 0.498651
  0.9999      0.7     0.48 0.499073
       0      0.8 0.473333 0.493333
     0.2      0.8 0.459333  0.49032
     0.4      0.8 0.472667 0.490938
     0.6      0.8 0.473333 0.491594
     0.8      0.8 0.473333 0.492385
     0.9      0.8 0.473333 0.493055
    0.95      0.8 0.473333 0.493835
    0.99      0.8 0.473333 0.496397
   0.999      0.8 0.473333 0.498832
  0.9999      0.8     0.48 0.499251
       0      0.9 0.473333 0.493333
     0.2      0.9    0.468  0.49128
     0.4      0.9 0.473333 0.491693
     0.6      0.9 0.473333 0.492141
     0.8      0.9 0.473333 0.492726
     0.9      0.9 0.473333 0.493291
    0.95      0.9 0.473333 0.494019
    0.99      0.9 0.473333  0.49654
   0.999      0.9 0.473333 0.498965
  0.9999      0.9     0.48 0.499382
       0        1 0.473333 0.493333
     0.2        1    0.472 0.491865
     0.4        1 0.473333 0.492157
     0.6        1 0.473333 0.492484
     0.8        1 0.473333 0.492946
     0.9        1 0.473333 0.493451
    0.95        1 0.473333 0.494149
    0.99        1 0.473333 0.496646
   0.999        1 0.473333 0.499064
  0.9999        1     0.48 0.499481
       0        2 0.473333 0.493333
     0.2        2 0.473333 0.493139
     0.4        2 0.473333 0.493198
     0.6        2 0.473333 0.493293
     0.8        2 0.473333 0.493523
     0.9        2 0.473333 0.493912
    0.95        2 0.473333 0.494551
    0.99        2 0.473333 0.497002
   0.999        2 0.473333  0.49941
  0.9999        2 0.473333 0.499825
       0        4 0.473333 0.493333
     0.2        4 0.473333 0.493311
     0.4        4 0.473333 0.493351
     0.6        4 0.473333 0.493426
     0.8        4 0.473333 0.493636
     0.9        4 0.473333 0.494015
    0.95        4 0.473333 0.494649
    0.99        4 0.473333 0.497096
   0.999        4 0.473333 0.499503
  0.9999        4 0.473333 0.499919