       0     0.05     0.49     0.49
     0.2     0.05 0.206667 0.179667
     0.4     0.05 0.206667     0.18
     0.6     0.05 0.206667 0.179338
     0.8     0.05 0.206667 0.179368
     0.9     0.05 0.206667 0.179742
    0.95     0.05 0.207333 0.179775
    0.99     0.05 0.207333 0.179812
   0.999     0.05 0.207333 0.178856
  0.9999     0.05 0.207333 0.179253
       0      0.1     0.49     0.49
     0.2      0.1 0.177333 0.177292
     0.4      0.1 0.176667 0.176431
     0.6      0.1 0.175333 0.175078
     0.8      0.1    0.174  0.17484
     0.9      0.1    0.174 0.175513
    0.95      0.1    0.174 0.173465
    0.99      0.1 0.168667 0.168235
   0.999      0.1 0.168667 0.168598
  0.9999      0.1 0.168667 0.168634
       0     0.15     0.49     0.49
     0.2     0.15    0.172  0.17339
     0.4     0.15    0.178 0.177161
     0.6     0.15 0.176667  0.17664
     0.8     0.15    0.174 0.174899
     0.9     0.15 0.174667 0.173752
    0.95     0.15 0.168667 0.168533
    0.99     0.15 0.168667  0.16763
   0.999     0.15 0.169333  0.16768
  0.9999     0.15 0.169333 0.163624
       0      0.2     0.49     0.49
     0.2      0.2 0.193333 0.191667
     0.4      0.2    0.172 0.175247
     0.6      0.2 0.177333 0.176132
     0.8      0.2 0.172667 0.174392
     0.9      0.2     0.17 0.171241
    0.95      0.2 0.168667 0.166035
    0.99      0.2 0.169333 0.165753
   0.999      0.2 0.159333 0.162326
  0.9999      0.2 0.155333 0.160598
       0      0.3     0.49     0.49
     0.2      0.3 0.212667 0.213759
     0.4      0.3 0.206667 0.206774
     0.6      0.3 0.190667 0.188745
     0.8      0.3 0.169333 0.172359
     0.9      0.3 0.162667 0.167207
    0.95      0.3    0.162 0.165058
    0.99      0.3 0.169333 0.165709
   0.999      0.3     0.17 0.172191
  0.9999      0.3     0.17 0.189874
       0      0.4     0.49     0.49
     0.2      0.4 0.215333 0.218135
     0.4      0.4 0.208667 0.212872
     0.6      0.4 0.206667 0.207269
     0.8      0.4 0.187333 0.190547
     0.9      0.4    0.174 0.179353
    0.95      0.4 0.166667 0.176665
    0.99      0.4     0.17 0.183912
   0.999      0.4    0.198 0.202694
  0.9999      0.4 0.180667  0.20878
       0      0.5     0.49     0.49
     0.2      0.5 0.223333 0.227573
     0.4      0.5 0.213333  0.21905
     0.6      0.5    0.212 0.213409
     0.8      0.5 0.211333  0.20586
     0.9      0.5    0.208 0.199134
    0.95      0.5 0.197333 0.196093
    0.99      0.5 0.191333 0.198867
   0.999      0.5 0.149333 0.217577
  0.9999      0.5 0.222667 0.308013
       0      0.6     0.49     0.49
     0.2      0.6 0.237333 0.240545
     0.4      0.6     0.22 0.227376
     0.6      0.6 0.215333 0.220126
     0.8      0.6 0.216667   0.2133
     0.9      0.6 0.215333 0.208996
    0.95      0.6    0.218 0.207656
    0.99      0.6 0.173333 0.222574
   0.999      0.6    0.196 0.305681
  0.9999      0.6 0.401333 0.389015
       0      0.7     0.49     0.49
     0.2      0.7     0.25 0.251367
     0.4      0.7    0.234 0.240893
     0.6      0.7 0.217333 0.231483
     0.8      0.7     0.22 0.226364
     0.9      0.7 0.207333 0.227984
    0.95      0.7 0.178667 0.236291
    0.99      0.7 0.191333 0.282387
   0.999      0.7    0.362 0.372666
  0.9999      0.7 0.383333 0.430023
       0      0.8     0.49     0.49
     0.2      0.8     0.26 0.262638
     0.4      0.8    0.248 0.256676
     0.6      0.8    0.228 0.251737
     0.8      0.8 0.186667  0.25247
     0.9      0.8     0.18   0.2633
    0.95      0.8    0.186 0.281833
    0.99      0.8    0.242 0.341552
   0.999      0.8 0.365333 0.419526
  0.9999      0.8    0.444  0.45744
       0      0.9     0.49     0.49
     0.2      0.9 0.258667 0.275969
     0.4      0.9 0.252667 0.274363
     0.6      0.9 0.224667  0.27545
     0.8      0.9    0.192 0.285445
     0.9      0.9    0.198 0.304151
    0.95      0.9 0.233333 0.328479
    0.99      0.9 0.319333 0.389533
   0.999      0.9 0.424667 0.448111
  0.9999      0.9    0.454 0.474194
       0        1     0.49     0.49
     0.2        1 0.259333 0.291536
     0.4        1    0.242 0.293923
     0.6        1 0.229333 0.300332
     0.8        1 0.236667  0.31824
     0.9        1 0.256667 0.342086
    0.95        1    0.288 0.368181
    0.99        1     0.33  0.42182
   0.999        1 0.445333 0.465073
  0.9999        1      0.5 0.486926
       0        2     0.49     0.49
     0.2        2    0.374 0.423127
     0.4        2 0.389333  0.43125
     0.6        2 0.391333 0.441869
     0.8        2 0.372667  0.45779
     0.9        2    0.376 0.470682
    0.95        2 0.426667 0.480404
    0.99        2     0.49 0.493391
   0.999        2 0.492667 0.499124
  0.9999        2      0.5 0.499909
       0        4     0.49     0.49
     0.2        4    0.442 0.477324
     0.4        4 0.442667 0.480107
     0.6        4 0.442667 0.483243
     0.8        4 0.440667 0.486996
     0.9        4 0.435333 0.489569
    0.95        4 0.416667 0.491724
    0.99        4 0.445333 0.496387
   0.999        4     0.49 0.499491
  0.9999        4     0.49 0.499947