       0     0.05 0.493333 0.493333
     0.2     0.05    0.186 0.233193
     0.4     0.05 0.176667 0.239249
     0.6     0.05 0.163333 0.253278
     0.8     0.05 0.143333 0.292616
     0.9     0.05 0.134667 0.344909
    0.95     0.05 0.131333 0.395972
    0.99     0.05    0.198 0.468724
   0.999     0.05 0.289333  0.49618
  0.9999     0.05    0.456 0.499607
       0      0.1 0.493333 0.493333
     0.2      0.1 0.184667 0.370237
     0.4      0.1 0.197333 0.388928
     0.6      0.1     0.23 0.413278
     0.8      0.1 0.288667 0.445818
     0.9      0.1 0.339333 0.466885
    0.95      0.1 0.356667 0.479754
    0.99      0.1 0.414667 0.493729
   0.999      0.1 0.493333 0.499169
  0.9999      0.1      0.5 0.499913
       0     0.15 0.493333 0.493333
     0.2     0.15    0.354 0.443905
     0.4     0.15    0.372 0.453886
     0.6     0.15 0.391333  0.46497
     0.8     0.15 0.416667 0.477657
     0.9     0.15     0.45 0.485242
    0.95     0.15 0.446667 0.489963
    0.99     0.15 0.393333 0.496093
   0.999     0.15 0.493333 0.499423
  0.9999     0.15      0.5 0.499939
       0      0.2 0.493333 0.493333
     0.2      0.2 0.450667 0.470032
     0.4      0.2 0.467333 0.474776
     0.6      0.2 0.472667  0.47997
     0.8      0.2 0.478667 0.486037
     0.9      0.2 0.472667 0.489874
    0.95      0.2 0.452667 0.492474
    0.99      0.2 0.488667 0.496655
   0.999      0.2 0.493333 0.499483
  0.9999      0.2      0.5 0.499945
       0      0.3 0.493333 0.493333
     0.2      0.3 0.500667 0.484324
     0.4      0.3      0.5   0.4861
     0.6      0.3 0.499333 0.488159
     0.8      0.3 0.494667 0.490724
     0.9      0.3 0.472667 0.492483
    0.95      0.3 0.412667 0.493877
    0.99      0.3 0.493333 0.496966
   0.999      0.3 0.493333 0.499518
  0.9999      0.3 0.498667 0.499949
       0      0.4 0.493333 0.493333
     0.2      0.4 0.497333 0.488232
     0.4      0.4 0.496667 0.489317
     0.6      0.4 0.496667 0.490567
     0.8      0.4    0.496 0.492117
     0.9      0.4 0.462667 0.493244
    0.95      0.4 0.385333 0.494276
    0.99      0.4 0.493333 0.497053
   0.999      0.4 0.493333 0.499528
  0.9999      0.4 0.493333  0.49995
       0      0.5 0.493333 0.493333
     0.2      0.5    0.498 0.489996
     0.4      0.5 0.499333 0.490763
     0.6      0.5    0.498 0.491631
     0.8      0.5    0.492 0.492711
     0.9      0.5    0.452 0.493559
    0.95      0.5 0.419333 0.494438
    0.99      0.5 0.493333 0.497086
   0.999      0.5 0.493333 0.499532
  0.9999      0.5 0.493333  0.49995
       0      0.6 0.493333 0.493333
     0.2      0.6 0.500667 0.490982
     0.4      0.6      0.5 0.491556
     0.6      0.6    0.498   0.4922
     0.8      0.6    0.494 0.493019
     0.9      0.6 0.443333 0.493719
    0.95      0.6 0.451333 0.494519
    0.99      0.6 0.493333 0.497101
   0.999      0.6 0.493333 0.499533
  0.9999      0.6 0.493333  0.49995
       0      0.7 0.493333 0.493333
     0.2      0.7    0.498 0.491592
     0.4      0.7      0.5 0.492038
     0.6      0.7 0.498667  0.49254
     0.8      0.7 0.495333 0.493198
     0.9      0.7 0.431333 0.493811
    0.95      0.7 0.475333 0.494565
    0.99      0.7 0.493333  0.49711
   0.999      0.7 0.493333 0.499534
  0.9999      0.7 0.493333  0.49995
       0      0.8 0.493333 0.493333
     0.2      0.8    0.498 0.491995
     0.4      0.8 0.500667 0.492353
     0.6      0.8 0.499333 0.492759
     0.8      0.8    0.494 0.493313
     0.9      0.8 0.424667 0.493869
    0.95      0.8 0.485333 0.494594
    0.99      0.8 0.493333 0.497115
   0.999      0.8 0.493333 0.499534
  0.9999      0.8 0.493333  0.49995
       0      0.9 0.493333 0.493333
     0.2      0.9    0.498 0.492275
     0.4      0.9 0.501333  0.49257
     0.6      0.9      0.5 0.492908
     0.8      0.9 0.492667  0.49339
     0.9      0.9 0.419333 0.493908
    0.95      0.9 0.488667 0.494613
    0.99      0.9 0.493333 0.497118
   0.999      0.9 0.493333 0.499534
  0.9999      0.9 0.493333  0.49995
       0        1 0.493333 0.493333
     0.2        1    0.498 0.492477
     0.4        1    0.502 0.492726
     0.6        1 0.499333 0.493015
     0.8        1 0.492667 0.493444
     0.9        1    0.414 0.493935
    0.95        1 0.491333 0.494627
    0.99        1 0.493333  0.49712
   0.999        1 0.493333 0.499535
  0.9999        1 0.493333  0.49995
       0        2 0.493333 0.493333
     0.2        2    0.498 0.493134
     0.4        2    0.498 0.493225
     0.6        2    0.502 0.493353
     0.8        2 0.491333 0.493615
     0.9        2    0.402  0.49402
    0.95        2 0.493333 0.494668
    0.99        2 0.493333 0.497126
   0.999        2 0.493333 0.499535
  0.9999        2 0.493333  0.49995
       0        4 0.493333 0.493333
     0.2        4    0.498   0.4933
     0.4        4 0.496667  0.49335
     0.6        4 0.500667 0.493436
     0.8        4     0.49 0.493657
     0.9        4 0.398667 0.494041
    0.95        4 0.493333 0.494678
    0.99        4 0.493333 0.497127
   0.999        4 0.493333 0.499535
  0.9999        4 0.493333  0.49995