       0     0.05 0.493333 0.493333
       0      0.1 0.493333 0.493333
       0     0.15 0.493333 0.493333
       0      0.2 0.493333 0.493333
       0      0.3 0.493333 0.493333
       0      0.4 0.493333 0.493333
       0      0.5 0.493333 0.493333
       0      0.6 0.493333 0.493333
       0      0.7 0.493333 0.493333
       0      0.8 0.493333 0.493333
       0      0.9 0.493333 0.493333
       0        1 0.493333 0.493333
       0        2 0.493333 0.493333
       0        4 0.493333 0.493333
     0.2     0.05 0.493333 0.493333
     0.2      0.1 0.421333 0.422903
     0.2     0.15 0.415333 0.421096
     0.2      0.2 0.424667 0.428229
     0.2      0.3 0.414667 0.437132
     0.2      0.4 0.398667 0.441959
     0.2      0.5 0.381333 0.451561
     0.2      0.6     0.38 0.461279
     0.2      0.7 0.370667 0.468764
     0.2      0.8 0.359333 0.474138
     0.2      0.9 0.351333 0.478003
     0.2        1 0.349333  0.48084
     0.2        2    0.346 0.490186
     0.2        4 0.350667 0.492562
     0.4     0.05 0.493333 0.493333
     0.4      0.1    0.416  0.42601
     0.4     0.15 0.408667 0.423446
     0.4      0.2     0.42 0.428038
     0.4      0.3 0.413333 0.443831
     0.4      0.4    0.388 0.451133
     0.4      0.5 0.379333  0.46016
     0.4      0.6 0.376667  0.46844
     0.4      0.7 0.367333 0.474488
     0.4      0.8 0.357333 0.478717
     0.4      0.9 0.348667 0.481718
     0.4        1 0.348667 0.483902
     0.4        2    0.346 0.491009
     0.4        4 0.351333 0.492797
     0.6     0.05 0.493333 0.493333
     0.6      0.1 0.430667   0.4293
     0.6     0.15 0.412667 0.426275
     0.6      0.2     0.41   0.4303
     0.6      0.3     0.42 0.451243
     0.6      0.4    0.392  0.46141
     0.6      0.5 0.369333 0.469653
     0.6      0.6    0.374 0.476114
     0.6      0.7    0.362 0.480509
     0.6      0.8    0.356 0.483487
     0.6      0.9    0.348 0.485565
     0.6        1 0.348667 0.487063
     0.6        2 0.345333 0.491871
     0.6        4 0.350667 0.493067
     0.8     0.05 0.493333 0.493333
     0.8      0.1 0.430667 0.433948
     0.8     0.15 0.424667 0.430762
     0.8      0.2 0.408667 0.435156
     0.8      0.3    0.424 0.462099
     0.8      0.4 0.402667 0.474284
     0.8      0.5    0.366 0.480626
     0.8      0.6 0.361333 0.484551
     0.8      0.7 0.361333 0.486985
     0.8      0.8 0.353333  0.48857
     0.8      0.9 0.348667 0.489655
     0.8        1    0.346 0.490428
     0.8        2 0.346667 0.492872
     0.8        4    0.348 0.493472
     0.9     0.05 0.493333 0.493333
     0.9      0.1 0.438667 0.437549
     0.9     0.15 0.420667  0.43448
     0.9      0.2    0.418 0.440923
     0.9      0.3 0.440667  0.47107
     0.9      0.4    0.424 0.482801
     0.9      0.5 0.382667 0.487094
     0.9      0.6 0.359333 0.489324
     0.9      0.7    0.358 0.490627
     0.9      0.8 0.353333 0.491456
     0.9      0.9 0.351333 0.492015
     0.9        1    0.346 0.492411
     0.9        2    0.348 0.493648
     0.9        4 0.349333 0.493949
    0.95     0.05 0.493333 0.493333
    0.95      0.1 0.446667 0.439292
    0.95     0.15 0.433333 0.437961
    0.95      0.2 0.440667  0.44769
    0.95      0.3 0.459333 0.478191
    0.95      0.4 0.459333 0.488263
    0.95      0.5 0.407333 0.490961
    0.95      0.6 0.364667 0.492213
    0.95      0.7    0.346 0.492916
    0.95      0.8 0.353333 0.493355
    0.95      0.9 0.352667 0.493647
    0.95        1 0.349333 0.493852
    0.95        2 0.344667 0.494482
    0.95        4     0.35 0.494632
    0.99     0.05 0.493333 0.493333
    0.99      0.1 0.426667 0.438099
    0.99     0.15 0.457333  0.44873
    0.99      0.2 0.457333 0.462864
    0.99      0.3 0.480667 0.489064
    0.99      0.4 0.486667   0.4949
    0.99      0.5 0.485333 0.495982
    0.99      0.6 0.470667 0.496433
    0.99      0.7 0.431333 0.496665
    0.99      0.8 0.373333 0.496799
    0.99      0.9 0.342667 0.496883
    0.99        1 0.354667 0.496938
    0.99        2 0.359333 0.497088
    0.99        4 0.369333 0.497118
   0.999     0.05 0.493333 0.493333
   0.999      0.1    0.446 0.443913
   0.999     0.15 0.461333 0.462416
   0.999      0.2    0.474 0.472944
   0.999      0.3    0.494 0.496523
   0.999      0.4 0.493333 0.498979
   0.999      0.5 0.493333   0.4993
   0.999      0.6 0.493333 0.499409
   0.999      0.7 0.493333 0.499459
   0.999      0.8 0.493333 0.499485
   0.999      0.9 0.493333   0.4995
   0.999        1     0.45 0.499509
   0.999        2 0.492667 0.499531
   0.999        4 0.493333 0.499534
  0.9999     0.05 0.493333 0.493333
  0.9999      0.1    0.458  0.45861
  0.9999     0.15    0.474 0.473487
  0.9999      0.2 0.478667 0.477749
  0.9999      0.3 0.499333 0.499335
  0.9999      0.4      0.5 0.499882
  0.9999      0.5 0.499333 0.499923
  0.9999      0.6 0.494667 0.499936
  0.9999      0.7 0.493333 0.499942
  0.9999      0.8 0.493333 0.499945
  0.9999      0.9 0.493333 0.499947
  0.9999        1 0.493333 0.499948
  0.9999        2 0.493333  0.49995
  0.9999        4 0.493333  0.49995