       0     0.05   0.4625   0.4625
       0      0.1   0.4625   0.4625
       0     0.15   0.4625   0.4625
       0      0.2   0.4625   0.4625
       0      0.3   0.4625   0.4625
       0      0.4   0.4625   0.4625
       0      0.5   0.4625   0.4625
       0      0.6   0.4625   0.4625
       0      0.7   0.4625   0.4625
       0      0.8   0.4625   0.4625
       0      0.9   0.4625   0.4625
       0        1   0.4625   0.4625
       0        2   0.4625   0.4625
       0        4   0.4625   0.4625
     0.2     0.05   0.4625 0.458388
     0.2      0.1    0.445 0.448075
     0.2     0.15     0.44 0.441663
     0.2      0.2    0.435 0.443822
     0.2      0.3   0.4425 0.457126
     0.2      0.4   0.4625  0.46311
     0.2      0.5    0.465 0.463542
     0.2      0.6   0.4625 0.463282
     0.2      0.7   0.4675 0.462778
     0.2      0.8   0.4675 0.462286
     0.2      0.9     0.47  0.46198
     0.2        1     0.49 0.461886
     0.2        2   0.4925 0.463448
     0.2        4   0.4825  0.46339
     0.4     0.05     0.46 0.460896
     0.4      0.1     0.45 0.452192
     0.4     0.15    0.435 0.446878
     0.4      0.2   0.4375 0.447831
     0.4      0.3   0.4425 0.457158
     0.4      0.4   0.4625 0.463902
     0.4      0.5   0.4675 0.464447
     0.4      0.6   0.4675  0.46398
     0.4      0.7   0.4675 0.463424
     0.4      0.8    0.475 0.462999
     0.4      0.9   0.4725 0.462803
     0.4        1   0.4925 0.462815
     0.4        2    0.485 0.464489
     0.4        4   0.4875 0.464433
     0.6     0.05     0.46 0.460448
     0.6      0.1    0.445 0.452807
     0.6     0.15   0.4375 0.448995
     0.6      0.2   0.4375 0.452083
     0.6      0.3   0.4425 0.460567
     0.6      0.4     0.45 0.465628
     0.6      0.5    0.465 0.465722
     0.6      0.6     0.47  0.46507
     0.6      0.7   0.4675 0.464595
     0.6      0.8    0.475 0.464366
     0.6      0.9   0.4775 0.464369
     0.6        1     0.48 0.464537
     0.6        2     0.49 0.466381
     0.6        4   0.4925  0.46638
     0.8     0.05   0.4575 0.459864
     0.8      0.1    0.455 0.454858
     0.8     0.15   0.4325 0.450513
     0.8      0.2     0.45 0.456926
     0.8      0.3     0.45 0.467651
     0.8      0.4   0.4675 0.468983
     0.8      0.5   0.4775 0.468321
     0.8      0.6   0.4775 0.467856
     0.8      0.7    0.475 0.467838
     0.8      0.8   0.4775 0.468071
     0.8      0.9    0.485 0.468438
     0.8        1   0.4875 0.468857
     0.8        2   0.4975 0.471017
     0.8        4   0.4875 0.471168
     0.9     0.05   0.4575 0.459762
     0.9      0.1    0.455 0.455917
     0.9     0.15    0.435 0.452151
     0.9      0.2   0.4525 0.461833
     0.9      0.3   0.4475 0.473824
     0.9      0.4   0.4725  0.47255
     0.9      0.5    0.485 0.472066
     0.9      0.6   0.4775 0.472277
     0.9      0.7   0.4675  0.47289
     0.9      0.8     0.47 0.473601
     0.9      0.9   0.4875 0.474293
     0.9        1     0.48 0.474915
     0.9        2   0.4825 0.477293
     0.9        4     0.48 0.477582
    0.95     0.05   0.4575 0.460012
    0.95      0.1   0.4575 0.456679
    0.95     0.15     0.44 0.453453
    0.95      0.2    0.455 0.467982
    0.95      0.3   0.4825 0.478503
    0.95      0.4   0.4875 0.476531
    0.95      0.5   0.4775  0.47697
    0.95      0.6     0.46 0.478008
    0.95      0.7   0.4725 0.479193
    0.95      0.8     0.47 0.480259
    0.95      0.9   0.4775 0.481146
    0.95        1     0.47 0.481855
    0.95        2   0.4675 0.484149
    0.95        4   0.4625  0.48449
    0.99     0.05     0.46 0.461126
    0.99      0.1   0.4575   0.4574
    0.99     0.15     0.44 0.460776
    0.99      0.2     0.49 0.483876
    0.99      0.3   0.5025 0.485261
    0.99      0.4     0.47 0.486202
    0.99      0.5   0.4475  0.48862
    0.99      0.6   0.4575 0.490667
    0.99      0.7   0.4525 0.492178
    0.99      0.8    0.455 0.493166
    0.99      0.9    0.455 0.493799
    0.99        1    0.455  0.49422
    0.99        2   0.4625 0.495349
    0.99        4   0.4625 0.495524
   0.999     0.05     0.46 0.462747
   0.999      0.1   0.4575  0.45738
   0.999     0.15   0.4675  0.47717
   0.999      0.2    0.515 0.495675
   0.999      0.3    0.495 0.490607
   0.999      0.4   0.4775 0.494141
   0.999      0.5     0.49 0.497142
   0.999      0.6     0.49  0.49846
   0.999      0.7   0.4925  0.49894
   0.999      0.8    0.495 0.499149
   0.999      0.9   0.4975 0.499257
   0.999        1   0.4975 0.499321
   0.999        2   0.4625  0.49948
   0.999        4   0.4625 0.499503
  0.9999     0.05     0.46 0.462836
  0.9999      0.1     0.46 0.462324
  0.9999     0.15   0.4825 0.494859
  0.9999      0.2   0.5175 0.495058
  0.9999      0.3   0.4875 0.493698
  0.9999      0.4     0.49 0.497959
  0.9999      0.5   0.4925 0.499605
  0.9999      0.6      0.5  0.49983
  0.9999      0.7      0.5 0.499889
  0.9999      0.8      0.5 0.499912
  0.9999      0.9      0.5 0.499924
  0.9999        1      0.5 0.499931
  0.9999        2      0.5 0.499947
  0.9999        4      0.5  0.49995