       0     0.05 0.476667 0.496667
     0.2     0.05 0.326667 0.364105
     0.4     0.05     0.33 0.371471
     0.6     0.05 0.335333 0.380721
     0.8     0.05    0.342 0.397846
     0.9     0.05    0.352  0.41834
    0.95     0.05    0.364 0.440634
    0.99     0.05 0.395333 0.475731
   0.999     0.05    0.454 0.493061
  0.9999     0.05     0.48  0.49702
       0      0.1 0.476667 0.496667
     0.2      0.1    0.346 0.396623
     0.4      0.1    0.348 0.405674
     0.6      0.1 0.354667  0.41887
     0.8      0.1 0.363333 0.442146
     0.9      0.1 0.393333 0.461331
    0.95      0.1 0.394667 0.473453
    0.99      0.1 0.411333 0.487716
   0.999      0.1 0.476667 0.495484
  0.9999      0.1     0.48 0.496804
       0     0.15 0.476667 0.496667
     0.2     0.15 0.354667 0.425007
     0.4     0.15 0.363333 0.435389
     0.6     0.15 0.370667   0.4492
     0.8     0.15    0.398 0.466917
     0.9     0.15 0.396667 0.476885
    0.95     0.15 0.400667 0.482939
    0.99     0.15 0.470667 0.491483
   0.999     0.15 0.476667 0.496036
  0.9999     0.15     0.48 0.496828
       0      0.2 0.476667 0.496667
     0.2      0.2    0.372 0.451385
     0.4      0.2 0.376667 0.459881
     0.6      0.2 0.386667 0.469132
     0.8      0.2 0.398667  0.47835
     0.9      0.2 0.398667 0.483608
    0.95      0.2 0.402667 0.487495
    0.99      0.2 0.476667 0.493229
   0.999      0.2 0.476667 0.496419
  0.9999      0.2     0.48 0.497027
       0      0.3 0.476667 0.496667
     0.2      0.3 0.399333 0.484162
     0.4      0.3     0.41 0.484987
     0.6      0.3 0.411333 0.485899
     0.8      0.3 0.397333 0.487837
     0.9      0.3 0.400667 0.490064
    0.95      0.3 0.463333 0.491999
    0.99      0.3 0.476667 0.494914
   0.999      0.3 0.476667 0.497065
  0.9999      0.3     0.48 0.497541
       0      0.4 0.476667 0.496667
     0.2      0.4    0.422 0.493504
     0.4      0.4 0.420667 0.492131
     0.6      0.4 0.415333 0.491462
     0.8      0.4 0.390667 0.492002
     0.9      0.4 0.448667   0.4931
    0.95      0.4 0.476667 0.494081
    0.99      0.4 0.476667 0.495842
   0.999      0.4 0.476667 0.497649
  0.9999      0.4     0.48 0.498079
       0      0.5 0.476667 0.496667
     0.2      0.5 0.429333  0.49562
     0.4      0.5 0.423333 0.494439
     0.6      0.5    0.408  0.49383
     0.8      0.5 0.394667 0.494019
     0.9      0.5 0.469333 0.494587
    0.95      0.5 0.476667 0.495135
    0.99      0.5 0.476667 0.496436
   0.999      0.5 0.476667 0.498115
  0.9999      0.5     0.48 0.498525
       0      0.6 0.476667 0.496667
     0.2      0.6 0.433333 0.496205
     0.4      0.6 0.426667 0.495404
     0.6      0.6    0.404 0.494979
     0.8      0.6 0.417333 0.495043
     0.9      0.6 0.476667 0.495363
    0.95      0.6 0.476667 0.495719
    0.99      0.6 0.476667  0.49683
   0.999      0.6 0.476667 0.498456
  0.9999      0.6     0.48 0.498856
       0      0.7 0.476667 0.496667
     0.2      0.7 0.436667  0.49642
     0.4      0.7    0.426 0.495883
     0.6      0.7    0.402 0.495588
     0.8      0.7 0.430667 0.495602
     0.9      0.7 0.476667 0.495804
    0.95      0.7 0.476667 0.496072
    0.99      0.7 0.476667 0.497098
   0.999      0.7 0.476667 0.498699
  0.9999      0.7     0.48 0.499095
       0      0.8 0.476667 0.496667
     0.2      0.8 0.437333 0.496518
     0.4      0.8 0.426667 0.496148
     0.6      0.8 0.396667 0.495936
     0.8      0.8 0.443333 0.495931
     0.9      0.8 0.476667 0.496075
    0.95      0.8 0.476667   0.4963
    0.99      0.8 0.476667 0.497287
   0.999      0.8 0.476667 0.498876
  0.9999      0.8     0.48 0.499268
       0      0.9 0.476667 0.496667
     0.2      0.9 0.437333  0.49657
     0.4      0.9 0.426667 0.496305
     0.6      0.9 0.397333 0.496149
     0.8      0.9 0.451333 0.496138
     0.9      0.9 0.476667 0.496253
    0.95      0.9 0.476667 0.496457
    0.99      0.9 0.476667 0.497423
   0.999      0.9 0.476667 0.499005
  0.9999      0.9     0.48 0.499396
       0        1 0.476667 0.496667
     0.2        1 0.437333 0.496601
     0.4        1    0.426 0.496404
     0.6        1 0.398667 0.496285
     0.8        1 0.454667 0.496276
     0.9        1 0.476667 0.496376
    0.95        1 0.476667 0.496568
    0.99        1 0.476667 0.497524
   0.999        1 0.476667 0.499103
  0.9999        1     0.48 0.499492
       0        2 0.476667 0.496667
     0.2        2 0.441333 0.496664
     0.4        2 0.427333 0.496637
     0.6        2 0.395333 0.496624
     0.8        2 0.469333 0.496652
     0.9        2 0.476667 0.496743
    0.95        2 0.476667 0.496924
    0.99        2 0.476667 0.497869
   0.999        2 0.476667 0.499442
  0.9999        2 0.476667 0.499828
       0        4 0.476667 0.496667
     0.2        4     0.44 0.496671
     0.4        4 0.427333 0.496672
     0.6        4 0.393333 0.496683
     0.8        4 0.470667 0.496729
     0.9        4 0.476667 0.496828
    0.95        4 0.476667 0.497012
    0.99        4 0.476667 0.497961
   0.999        4 0.476667 0.499534
  0.9999        4 0.476667  0.49992