       0     0.05 0.816667 0.816667
       0      0.1 0.816667 0.816667
       0     0.15 0.816667 0.816667
       0      0.2 0.816667 0.816667
       0      0.3 0.816667 0.816667
       0      0.4 0.816667 0.816667
       0      0.5 0.816667 0.816667
       0      0.6 0.816667 0.816667
       0      0.7 0.816667 0.816667
       0      0.8 0.816667 0.816667
       0      0.9 0.816667 0.816667
       0        1 0.816667 0.816667
       0        2 0.816667 0.816667
       0        4 0.816667 0.816667
     0.2     0.05 0.319333 0.340333
     0.2      0.1 0.287333   0.2871
     0.2     0.15    0.298 0.298579
     0.2      0.2 0.303333 0.303471
     0.2      0.3 0.320667  0.32151
     0.2      0.4 0.338667 0.342801
     0.2      0.5 0.359333 0.366834
     0.2      0.6 0.377333 0.385104
     0.2      0.7 0.386667 0.400305
     0.2      0.8 0.392667 0.417538
     0.2      0.9 0.398667 0.439777
     0.2        1 0.401333 0.467831
     0.2        2 0.554667 0.741244
     0.2        4 0.699333 0.807676
     0.4     0.05 0.319333 0.336444
     0.4      0.1    0.288 0.286953
     0.4     0.15 0.297333 0.295307
     0.4      0.2      0.3 0.300244
     0.4      0.3 0.301333 0.302518
     0.4      0.4 0.319333 0.321018
     0.4      0.5     0.33 0.342129
     0.4      0.6    0.348  0.36428
     0.4      0.7 0.371333 0.385294
     0.4      0.8 0.386667 0.409095
     0.4      0.9    0.388  0.43843
     0.4        1    0.396 0.474033
     0.4        2    0.568  0.75576
     0.4        4 0.707333 0.809969
     0.6     0.05 0.319333 0.336111
     0.6      0.1 0.286667  0.28747
     0.6     0.15 0.285333 0.286075
     0.6      0.2 0.296667 0.294597
     0.6      0.3 0.300667 0.297822
     0.6      0.4 0.303333 0.306595
     0.6      0.5 0.308667 0.322424
     0.6      0.6 0.324667 0.345842
     0.6      0.7    0.348 0.371248
     0.6      0.8 0.364667 0.402109
     0.6      0.9     0.38 0.441842
     0.6        1     0.39 0.488376
     0.6        2 0.582667  0.77259
     0.6        4 0.711333 0.812456
     0.8     0.05 0.319333 0.336111
     0.8      0.1 0.285333 0.287712
     0.8     0.15 0.285333 0.284724
     0.8      0.2 0.283333 0.282451
     0.8      0.3 0.286667 0.290727
     0.8      0.4 0.286667 0.293467
     0.8      0.5 0.294667 0.305785
     0.8      0.6    0.312 0.328534
     0.8      0.7 0.324667 0.360407
     0.8      0.8     0.35 0.403854
     0.8      0.9 0.364667 0.461789
     0.8        1 0.389333 0.526071
     0.8        2 0.655333 0.792982
     0.8        4    0.726 0.815491
     0.9     0.05 0.319333 0.336111
     0.9      0.1 0.283333 0.286482
     0.9     0.15 0.282667 0.283178
     0.9      0.2     0.28 0.278136
     0.9      0.3 0.269333 0.278637
     0.9      0.4 0.282667 0.286813
     0.9      0.5 0.282667 0.296444
     0.9      0.6    0.302 0.321435
     0.9      0.7 0.319333 0.360548
     0.9      0.8    0.346 0.420365
     0.9      0.9 0.365333 0.497943
     0.9        1 0.381333 0.575494
     0.9        2    0.684 0.805742
     0.9        4 0.694667 0.817957
    0.95     0.05 0.319333 0.336111
    0.95      0.1 0.283333 0.285934
    0.95     0.15 0.283333 0.283521
    0.95      0.2     0.27 0.276257
    0.95      0.3 0.269333 0.274275
    0.95      0.4 0.273333 0.281277
    0.95      0.5 0.273333 0.291389
    0.95      0.6     0.29 0.320178
    0.95      0.7 0.310667 0.369628
    0.95      0.8 0.342667 0.450931
    0.95      0.9 0.364667 0.546231
    0.95        1 0.378667 0.629059
    0.95        2 0.720667 0.814034
    0.95        4 0.783333 0.820576
    0.99     0.05 0.319333 0.336222
    0.99      0.1    0.294  0.28853
    0.99     0.15 0.283333 0.286497
    0.99      0.2 0.269333 0.275925
    0.99      0.3 0.257333 0.270538
    0.99      0.4 0.251333 0.271455
    0.99      0.5 0.256667 0.294868
    0.99      0.6    0.274 0.337917
    0.99      0.7 0.299333 0.431697
    0.99      0.8    0.352  0.56547
    0.99      0.9 0.360667 0.668323
    0.99        1     0.53 0.736391
    0.99        2 0.685333 0.825843
    0.99        4 0.816667 0.827527
   0.999     0.05 0.319333 0.336556
   0.999      0.1 0.302667  0.29844
   0.999     0.15 0.269333 0.283053
   0.999      0.2    0.264  0.27603
   0.999      0.3 0.248667 0.268715
   0.999      0.4 0.248667 0.283128
   0.999      0.5 0.263333 0.325945
   0.999      0.6 0.297333 0.419569
   0.999      0.7 0.322667  0.60395
   0.999      0.8    0.536  0.72154
   0.999      0.9 0.581333 0.785473
   0.999        1 0.681333 0.813776
   0.999        2 0.779333 0.832265
   0.999        4 0.816667 0.832506
  0.9999     0.05 0.319333 0.336556
  0.9999      0.1    0.304 0.301108
  0.9999     0.15 0.269333  0.27867
  0.9999      0.2 0.295333 0.283583
  0.9999      0.3 0.248667  0.27194
  0.9999      0.4 0.259333 0.305033
  0.9999      0.5    0.276  0.36342
  0.9999      0.6     0.32 0.584224
  0.9999      0.7     0.57 0.737934
  0.9999      0.8    0.686 0.805699
  0.9999      0.9     0.81 0.825256
  0.9999        1 0.831333 0.830302
  0.9999        2 0.829333 0.833221
  0.9999        4     0.83 0.833247