       0     0.05 0.496667 0.496667
     0.2     0.05 0.496667 0.496667
     0.4     0.05 0.496667 0.496667
     0.6     0.05 0.496667 0.496667
     0.8     0.05 0.496667 0.496667
     0.9     0.05 0.496667 0.496667
    0.95     0.05 0.496667 0.496667
    0.99     0.05 0.496667 0.496667
   0.999     0.05 0.496667 0.496667
  0.9999     0.05 0.496667 0.496667
       0      0.1 0.496667 0.496667
     0.2      0.1 0.431333 0.426978
     0.4      0.1 0.440667  0.43362
     0.6      0.1 0.441333  0.43747
     0.8      0.1 0.445333 0.437875
     0.9      0.1 0.434667 0.435947
    0.95      0.1 0.434667 0.434781
    0.99      0.1    0.434 0.435283
   0.999      0.1 0.440667 0.441376
  0.9999      0.1 0.450667 0.449647
       0     0.15 0.496667 0.496667
     0.2     0.15    0.416 0.421833
     0.4     0.15 0.417333 0.425917
     0.6     0.15 0.422667 0.429954
     0.8     0.15 0.433333 0.434338
     0.9     0.15 0.429333   0.4378
    0.95     0.15 0.437333 0.441297
    0.99     0.15    0.444  0.45005
   0.999     0.15 0.451333 0.458921
  0.9999     0.15 0.455333 0.462896
       0      0.2 0.496667 0.496667
     0.2      0.2 0.404667 0.422632
     0.4      0.2 0.414667 0.427937
     0.6      0.2 0.416667 0.433439
     0.8      0.2 0.417333  0.44086
     0.9      0.2 0.443333 0.447427
    0.95      0.2 0.445333 0.453357
    0.99      0.2    0.464  0.46424
   0.999      0.2 0.490667 0.476425
  0.9999      0.2 0.490667 0.485897
       0      0.3 0.496667 0.496667
     0.2      0.3 0.401333  0.42337
     0.4      0.3 0.405333 0.435672
     0.6      0.3 0.412667 0.447381
     0.8      0.3 0.434667 0.462188
     0.9      0.3 0.467333 0.473257
    0.95      0.3 0.481333 0.481294
    0.99      0.3 0.495333 0.491476
   0.999      0.3 0.495333 0.496966
  0.9999      0.3 0.499333 0.499305
       0      0.4 0.496667 0.496667
     0.2      0.4    0.376 0.429103
     0.4      0.4 0.378667 0.442479
     0.6      0.4 0.397333 0.456493
     0.8      0.4 0.441333 0.473026
     0.9      0.4 0.475333 0.483275
    0.95      0.4     0.49 0.489412
    0.99      0.4 0.495333 0.495784
   0.999      0.4 0.497333 0.498975
  0.9999      0.4      0.5 0.499867
       0      0.5 0.496667 0.496667
     0.2      0.5 0.372667 0.440655
     0.4      0.5 0.370667 0.452361
     0.6      0.5 0.385333 0.464941
     0.8      0.5 0.429333 0.479221
     0.9      0.5 0.474667 0.487457
    0.95      0.5 0.492667 0.492082
    0.99      0.5 0.496667 0.496724
   0.999      0.5 0.497333 0.499287
  0.9999      0.5      0.5 0.499915
       0      0.6 0.496667 0.496667
     0.2      0.6 0.373333 0.453265
     0.4      0.6    0.364 0.462845
     0.6      0.6    0.376  0.47305
     0.8      0.6 0.425333 0.484214
     0.9      0.6 0.476667 0.490347
    0.95      0.6 0.495333 0.493686
    0.99      0.6 0.496667 0.497177
   0.999      0.6 0.496667 0.499408
  0.9999      0.6      0.5 0.499932
       0      0.7 0.496667 0.496667
     0.2      0.7 0.366667 0.463369
     0.4      0.7    0.362 0.471017
     0.6      0.7    0.372 0.479042
     0.8      0.7    0.422 0.487592
     0.9      0.7 0.481333 0.492168
    0.95      0.7 0.496667 0.494648
    0.99      0.7 0.496667 0.497429
   0.999      0.7 0.496667 0.499466
  0.9999      0.7      0.5 0.499939
       0      0.8 0.496667 0.496667
     0.2      0.8 0.363333 0.470728
     0.4      0.8 0.361333 0.476837
     0.6      0.8 0.371333 0.483175
     0.8      0.8 0.421333 0.489818
     0.9      0.8 0.487333 0.493332
    0.95      0.8 0.496667 0.495252
    0.99      0.8 0.496667 0.497581
   0.999      0.8 0.496667 0.499498
  0.9999      0.8      0.5 0.499943
       0      0.9 0.496667 0.496667
     0.2      0.9 0.363333 0.476027
     0.4      0.9 0.361333 0.480967
     0.6      0.9 0.371333 0.486051
     0.8      0.9    0.426 0.491331
     0.9      0.9     0.49 0.494112
    0.95      0.9 0.496667 0.495652
    0.99      0.9 0.496667 0.497679
   0.999      0.9 0.496667 0.499516
  0.9999      0.9      0.5 0.499945
       0        1 0.496667 0.496667
     0.2        1 0.361333 0.479902
     0.4        1 0.362667 0.483959
     0.6        1 0.373333 0.488111
     0.8        1 0.430667 0.492399
     0.9        1 0.492667 0.494658
    0.95        1 0.496667 0.495931
    0.99        1 0.496667 0.497745
   0.999        1 0.496667 0.499528
  0.9999        1      0.5 0.499947
       0        2 0.496667 0.496667
     0.2        2 0.373333 0.492489
     0.4        2     0.37 0.493537
     0.6        2     0.38 0.494598
     0.8        2 0.441333 0.495699
     0.9        2    0.494 0.496327
    0.95        2 0.496667 0.496776
    0.99        2 0.496667 0.497936
   0.999        2 0.496667 0.499558
  0.9999        2 0.496667  0.49995
       0        4 0.496667 0.496667
     0.2        4 0.375333  0.49563
     0.4        4    0.372 0.495899
     0.6        4 0.382667 0.496178
     0.8        4    0.442 0.496492
     0.9        4    0.494 0.496725
    0.95        4 0.496667 0.496976
    0.99        4 0.496667 0.497979
   0.999        4 0.496667 0.499563
  0.9999        4 0.496667 0.499951