       0     0.05     0.49     0.49
     0.2     0.05     0.49     0.49
     0.4     0.05     0.49     0.49
     0.6     0.05     0.49     0.49
     0.8     0.05     0.49     0.49
     0.9     0.05     0.49     0.49
    0.95     0.05     0.49     0.49
    0.99     0.05     0.49     0.49
   0.999     0.05     0.49     0.49
  0.9999     0.05     0.49     0.49
       0      0.1     0.49     0.49
     0.2      0.1 0.465333 0.468873
     0.4      0.1 0.470667 0.471914
     0.6      0.1 0.468667 0.473462
     0.8      0.1 0.475333 0.475078
     0.9      0.1 0.473333 0.475825
    0.95      0.1 0.475333 0.476056
    0.99      0.1     0.47 0.476289
   0.999      0.1 0.479333 0.480224
  0.9999      0.1     0.48 0.484057
       0     0.15     0.49     0.49
     0.2     0.15 0.463333 0.458789
     0.4     0.15 0.465333 0.464636
     0.6     0.15    0.462 0.467984
     0.8     0.15 0.471333 0.471597
     0.9     0.15 0.471333 0.474541
    0.95     0.15 0.472667 0.477059
    0.99     0.15 0.483333 0.481745
   0.999     0.15 0.487333 0.484729
  0.9999     0.15    0.476 0.484738
       0      0.2     0.49     0.49
     0.2      0.2    0.446 0.442842
     0.4      0.2 0.460667 0.452385
     0.6      0.2 0.465333 0.459435
     0.8      0.2    0.462 0.466528
     0.9      0.2 0.467333 0.471554
    0.95      0.2    0.472 0.475329
    0.99      0.2 0.479333 0.480245
   0.999      0.2    0.488 0.485625
  0.9999      0.2    0.484 0.490152
       0      0.3     0.49     0.49
     0.2      0.3 0.395333 0.422859
     0.4      0.3 0.406667 0.435052
     0.6      0.3 0.412667 0.446661
     0.8      0.3    0.412 0.461015
     0.9      0.3    0.412 0.471401
    0.95      0.3 0.403333  0.47892
    0.99      0.3 0.455333 0.489534
   0.999      0.3 0.487333 0.497262
  0.9999      0.3 0.497333 0.499628
       0      0.4     0.49     0.49
     0.2      0.4 0.348667 0.427117
     0.4      0.4 0.337333 0.439739
     0.6      0.4 0.335333 0.453371
     0.8      0.4    0.334 0.469641
     0.9      0.4 0.335333 0.479927
    0.95      0.4 0.351333 0.486492
    0.99      0.4    0.436 0.494926
   0.999      0.4     0.49 0.499255
  0.9999      0.4 0.496667 0.499921
       0      0.5     0.49     0.49
     0.2      0.5 0.330667 0.442232
     0.4      0.5 0.327333 0.452618
     0.6      0.5 0.317333 0.463896
     0.8      0.5 0.312667 0.476714
     0.9      0.5 0.307333 0.484341
    0.95      0.5 0.309333 0.489189
    0.99      0.5 0.317333 0.495957
   0.999      0.5 0.466667 0.499446
  0.9999      0.5     0.49 0.499942
       0      0.6     0.49     0.49
     0.2      0.6    0.314    0.455
     0.4      0.6 0.307333 0.463012
     0.6      0.6 0.307333 0.471587
     0.8      0.6    0.304 0.481085
     0.9      0.6 0.322667 0.486715
    0.95      0.6 0.345333 0.490475
    0.99      0.6 0.485333 0.496337
   0.999      0.6     0.49 0.499505
  0.9999      0.6      0.5 0.499949
       0      0.7     0.49     0.49
     0.2      0.7 0.305333 0.463863
     0.4      0.7 0.301333 0.470045
     0.6      0.7 0.300667 0.476587
     0.8      0.7 0.312667 0.483771
     0.9      0.7 0.334667 0.488108
    0.95      0.7 0.395333 0.491188
    0.99      0.7     0.49 0.496504
   0.999      0.7     0.49 0.499527
  0.9999      0.7      0.5 0.499951
       0      0.8     0.49     0.49
     0.2      0.8 0.301333 0.469902
     0.4      0.8    0.298 0.474765
     0.6      0.8 0.298667 0.479877
     0.8      0.8    0.314 0.485492
     0.9      0.8 0.350667 0.488978
    0.95      0.8 0.444667 0.491615
    0.99      0.8     0.49 0.496584
   0.999      0.8     0.49 0.499535
  0.9999      0.8      0.5 0.499952
       0      0.9     0.49     0.49
     0.2      0.9 0.293333 0.474119
     0.4      0.9    0.294 0.478028
     0.6      0.9    0.298 0.482125
     0.8      0.9    0.322 0.486648
     0.9      0.9    0.372 0.489554
    0.95      0.9     0.46 0.491889
    0.99      0.9     0.49 0.496623
   0.999      0.9     0.49 0.499538
  0.9999      0.9      0.5 0.499952
       0        1     0.49     0.49
     0.2        1 0.289333 0.477155
     0.4        1 0.292667 0.480361
     0.6        1 0.302667 0.483719
     0.8        1 0.321333 0.487461
     0.9        1 0.384667 0.489954
    0.95        1 0.468667 0.492074
    0.99        1     0.49 0.496644
   0.999        1     0.49 0.499539
  0.9999        1      0.5 0.499952
       0        2     0.49     0.49
     0.2        2 0.299333 0.486855
     0.4        2 0.297333 0.487731
     0.6        2 0.306667 0.488692
     0.8        2 0.349333 0.489952
     0.9        2 0.427333 0.491155
    0.95        2    0.488 0.492602
    0.99        2     0.49 0.496659
   0.999        2     0.49  0.49953
  0.9999        2     0.49 0.499951
       0        4     0.49     0.49
     0.2        4 0.301333 0.489254
     0.4        4 0.302667 0.489535
     0.6        4 0.315333 0.489895
     0.8        4    0.356 0.490546
     0.9        4 0.442667 0.491435
    0.95        4 0.489333 0.492718
    0.99        4     0.49  0.49665
   0.999        4     0.49 0.499526
  0.9999        4     0.49  0.49995