       0     0.05 0.471333 0.466667
     0.2     0.05 0.469333 0.464476
     0.4     0.05 0.471333 0.466127
     0.6     0.05 0.475333 0.468549
     0.8     0.05 0.468667 0.473317
     0.9     0.05 0.466667 0.478978
    0.95     0.05    0.472 0.484992
    0.99     0.05    0.466  0.49526
   0.999     0.05 0.467333 0.499444
  0.9999     0.05 0.475333 0.499948
       0      0.1 0.471333 0.466667
     0.2      0.1 0.471333 0.466495
     0.4      0.1    0.474 0.467483
     0.6      0.1 0.474667 0.469235
     0.8      0.1 0.469333 0.473389
     0.9      0.1 0.462667 0.478945
    0.95      0.1    0.454  0.48509
    0.99      0.1 0.467333 0.495476
   0.999      0.1    0.462 0.499445
  0.9999      0.1 0.495333 0.499899
       0     0.15 0.471333 0.466667
     0.2     0.15 0.472667 0.466351
     0.4     0.15 0.463333  0.46734
     0.6     0.15    0.464   0.4691
     0.8     0.15 0.450667 0.473283
     0.9     0.15 0.451333 0.478882
    0.95     0.15 0.454667 0.485068
    0.99     0.15 0.456667 0.495487
   0.999     0.15    0.462 0.499451
  0.9999     0.15 0.495333 0.499904
       0      0.2 0.471333 0.466667
     0.2      0.2 0.460667 0.466453
     0.4      0.2 0.455333 0.467431
     0.6      0.2     0.45 0.469173
     0.8      0.2 0.451333 0.473324
     0.9      0.2    0.452 0.478895
    0.95      0.2 0.457333 0.485065
    0.99      0.2 0.460667 0.495488
   0.999      0.2    0.462 0.499462
  0.9999      0.2 0.495333 0.499916
       0      0.3 0.471333 0.466667
     0.2      0.3    0.452 0.466714
     0.4      0.3 0.452667 0.467661
     0.6      0.3 0.449333 0.469361
     0.8      0.3 0.451333 0.473446
     0.9      0.3 0.454667 0.478967
    0.95      0.3 0.461333 0.485111
    0.99      0.3    0.462 0.495515
   0.999      0.3    0.462 0.499479
  0.9999      0.3 0.495333 0.499932
       0      0.4 0.471333 0.466667
     0.2      0.4 0.454667 0.466873
     0.4      0.4    0.456 0.467804
     0.6      0.4 0.457333 0.469482
     0.8      0.4     0.45 0.473537
     0.9      0.4    0.456 0.479045
    0.95      0.4    0.464 0.485183
    0.99      0.4    0.462 0.495553
   0.999      0.4    0.462 0.499489
  0.9999      0.4 0.495333 0.499938
       0      0.5 0.471333 0.466667
     0.2      0.5 0.458667 0.466976
     0.4      0.5     0.46 0.467894
     0.6      0.5     0.46 0.469556
     0.8      0.5 0.450667 0.473594
     0.9      0.5 0.456667 0.479098
    0.95      0.5 0.464667 0.485233
    0.99      0.5    0.462  0.49558
   0.999      0.5    0.462 0.499495
  0.9999      0.5 0.495333 0.499941
       0      0.6 0.471333 0.466667
     0.2      0.6 0.456667 0.467043
     0.4      0.6 0.457333  0.46795
     0.6      0.6 0.458667 0.469601
     0.8      0.6    0.452 0.473628
     0.9      0.6 0.458667 0.479128
    0.95      0.6 0.462667 0.485263
    0.99      0.6    0.462 0.495595
   0.999      0.6    0.462 0.499498
  0.9999      0.6    0.476 0.499943
       0      0.7 0.471333 0.466667
     0.2      0.7    0.456 0.467086
     0.4      0.7    0.456 0.467986
     0.6      0.7 0.461333 0.469628
     0.8      0.7    0.454 0.473647
     0.9      0.7 0.458667 0.479145
    0.95      0.7 0.460667 0.485279
    0.99      0.7    0.462 0.495604
   0.999      0.7    0.462 0.499501
  0.9999      0.7    0.462 0.499944
       0      0.8 0.471333 0.466667
     0.2      0.8 0.453333 0.467115
     0.4      0.8 0.458667  0.46801
     0.6      0.8     0.46 0.469646
     0.8      0.8 0.452667 0.473659
     0.9      0.8    0.462 0.479155
    0.95      0.8    0.454 0.485287
    0.99      0.8    0.462 0.495609
   0.999      0.8    0.462 0.499502
  0.9999      0.8    0.462 0.499946
       0      0.9 0.471333 0.466667
     0.2      0.9    0.452 0.467135
     0.4      0.9 0.457333 0.468026
     0.6      0.9    0.458 0.469658
     0.8      0.9 0.451333 0.473667
     0.9      0.9 0.462667 0.479161
    0.95      0.9    0.456 0.485293
    0.99      0.9    0.462 0.495612
   0.999      0.9    0.462 0.499503
  0.9999      0.9    0.462 0.499946
       0        1 0.471333 0.466667
     0.2        1 0.451333  0.46715
     0.4        1 0.455333 0.468037
     0.6        1 0.458667 0.469666
     0.8        1 0.451333 0.473672
     0.9        1 0.463333 0.479164
    0.95        1    0.456 0.485296
    0.99        1    0.462 0.495614
   0.999        1    0.462 0.499504
  0.9999        1    0.462 0.499947
       0        2 0.471333 0.466667
     0.2        2    0.448 0.467198
     0.4        2 0.452667 0.468074
     0.6        2    0.458 0.469691
     0.8        2 0.452667 0.473685
     0.9        2    0.464 0.479171
    0.95        2 0.460667   0.4853
    0.99        2    0.462 0.495617
   0.999        2    0.462 0.499507
  0.9999        2    0.462 0.499949
       0        4 0.471333 0.466667
     0.2        4 0.447333  0.46721
     0.4        4    0.454 0.468083
     0.6        4 0.457333 0.469697
     0.8        4 0.454667 0.473687
     0.9        4 0.464667 0.479172
    0.95        4    0.462   0.4853
    0.99        4    0.462 0.495617
   0.999        4    0.462 0.499507
  0.9999        4    0.462  0.49995