       0     0.05 0.471333 0.466667
     0.2     0.05 0.471333 0.465433
     0.4     0.05 0.474667 0.466517
     0.6     0.05 0.471333 0.468426
     0.8     0.05    0.466 0.472746
     0.9     0.05 0.466667 0.478298
    0.95     0.05    0.466 0.484391
    0.99     0.05 0.473333 0.495019
   0.999     0.05 0.475333 0.499404
  0.9999     0.05 0.482667  0.49994
       0      0.1 0.471333 0.466667
     0.2      0.1 0.465333 0.465889
     0.4      0.1    0.472 0.466966
     0.6      0.1 0.476667 0.468836
     0.8      0.1    0.474 0.473137
     0.9      0.1 0.477333 0.478759
    0.95      0.1    0.472 0.484936
    0.99      0.1    0.476 0.495427
   0.999      0.1 0.466667 0.499486
  0.9999      0.1 0.482667 0.499954
       0     0.15 0.471333 0.466667
     0.2     0.15     0.48   0.4662
     0.4     0.15 0.478667 0.467267
     0.6     0.15 0.474667 0.469099
     0.8     0.15 0.479333 0.473313
     0.9     0.15 0.475333 0.478889
    0.95     0.15 0.476667 0.485061
    0.99     0.15 0.462667 0.495519
   0.999     0.15 0.471333 0.499525
  0.9999     0.15 0.504667 0.499984
       0      0.2 0.471333 0.466667
     0.2      0.2    0.474 0.466599
     0.4      0.2 0.480667 0.467599
     0.6      0.2 0.482667 0.469339
     0.8      0.2    0.472 0.473445
     0.9      0.2 0.475333 0.478969
    0.95      0.2 0.467333 0.485117
    0.99      0.2 0.469333 0.495549
   0.999      0.2 0.471333 0.499541
  0.9999      0.2 0.504667 0.499999
       0      0.3 0.471333 0.466667
     0.2      0.3    0.472 0.467015
     0.4      0.3    0.468 0.467922
     0.6      0.3 0.465333 0.469568
     0.8      0.3    0.464 0.473585
     0.9      0.3 0.471333 0.479066
    0.95      0.3 0.456667  0.48519
    0.99      0.3 0.471333 0.495581
   0.999      0.3 0.471333 0.499548
  0.9999      0.3 0.504667 0.500002
       0      0.4 0.471333 0.466667
     0.2      0.4    0.464 0.467123
     0.4      0.4 0.465333 0.468012
     0.6      0.4 0.462667 0.469644
     0.8      0.4 0.454667 0.473648
     0.9      0.4 0.462667 0.479128
    0.95      0.4 0.471333  0.48525
    0.99      0.4 0.471333 0.495608
   0.999      0.4 0.471333 0.499543
  0.9999      0.4 0.504667 0.499992
       0      0.5 0.471333 0.466667
     0.2      0.5 0.461333 0.467156
     0.4      0.5 0.462667 0.468043
     0.6      0.5 0.460667 0.469672
     0.8      0.5 0.449333 0.473676
     0.9      0.5 0.469333 0.479161
    0.95      0.5 0.471333 0.485286
    0.99      0.5 0.471333 0.495623
   0.999      0.5 0.471333 0.499536
  0.9999      0.5 0.504667 0.499983
       0      0.6 0.471333 0.466667
     0.2      0.6    0.458  0.46717
     0.4      0.6 0.460667 0.468056
     0.6      0.6 0.461333 0.469684
     0.8      0.6    0.446 0.473688
     0.9      0.6 0.472667 0.479176
    0.95      0.6 0.471333 0.485303
    0.99      0.6 0.471333 0.495629
   0.999      0.6 0.471333 0.499531
  0.9999      0.6 0.504667 0.499975
       0      0.7 0.471333 0.466667
     0.2      0.7     0.46  0.46718
     0.4      0.7 0.458667 0.468064
     0.6      0.7    0.462  0.46969
     0.8      0.7 0.448667 0.473693
     0.9      0.7    0.472 0.479182
    0.95      0.7 0.471333  0.48531
    0.99      0.7 0.471333  0.49563
   0.999      0.7 0.471333 0.499526
  0.9999      0.7 0.504667  0.49997
       0      0.8 0.471333 0.466667
     0.2      0.8 0.456667 0.467186
     0.4      0.8    0.456 0.468069
     0.6      0.8     0.46 0.469693
     0.8      0.8     0.45 0.473695
     0.9      0.8    0.472 0.479184
    0.95      0.8 0.471333 0.485312
    0.99      0.8 0.471333  0.49563
   0.999      0.8 0.471333 0.499522
  0.9999      0.8 0.504667 0.499966
       0      0.9 0.471333 0.466667
     0.2      0.9 0.456667 0.467191
     0.4      0.9 0.456667 0.468072
     0.6      0.9 0.460667 0.469695
     0.8      0.9    0.454 0.473695
     0.9      0.9 0.471333 0.479184
    0.95      0.9 0.471333 0.485313
    0.99      0.9 0.471333 0.495629
   0.999      0.9 0.471333  0.49952
  0.9999      0.9 0.504667 0.499963
       0        1 0.471333 0.466667
     0.2        1 0.455333 0.467194
     0.4        1 0.457333 0.468075
     0.6        1     0.46 0.469696
     0.8        1 0.455333 0.473695
     0.9        1 0.471333 0.479183
    0.95        1 0.471333 0.485312
    0.99        1 0.471333 0.495628
   0.999        1 0.471333 0.499518
  0.9999        1 0.504667 0.499961
       0        2 0.471333 0.466667
     0.2        2 0.458667 0.467208
     0.4        2 0.460667 0.468083
     0.6        2 0.457333 0.469698
     0.8        2    0.462 0.473691
     0.9        2 0.471333 0.479176
    0.95        2 0.471333 0.485304
    0.99        2 0.471333  0.49562
   0.999        2 0.471333  0.49951
  0.9999        2 0.471333 0.499953
       0        4 0.471333 0.466667
     0.2        4 0.457333 0.467212
     0.4        4     0.46 0.468085
     0.6        4 0.456667 0.469699
     0.8        4    0.464 0.473689
     0.9        4 0.471333 0.479173
    0.95        4 0.471333 0.485301
    0.99        4 0.471333 0.495618
   0.999        4 0.471333 0.499508
  0.9999        4 0.471333 0.499951