        0      0.05  0.446667  0.466667
      0.2      0.05     0.072  0.111302
      0.4      0.05 0.0713333   0.12518
      0.6      0.05 0.0706667  0.148737
      0.8      0.05 0.0666667  0.199924
      0.9      0.05 0.0633333  0.262619
     0.95      0.05 0.0566667  0.329578
     0.99      0.05       0.1  0.445536
    0.999      0.05      0.48  0.492585
   0.9999      0.05      0.48  0.498181
        0       0.1  0.446667  0.466667
      0.2       0.1 0.0586667  0.211533
      0.4       0.1      0.06  0.236584
      0.6       0.1 0.0593333  0.273454
      0.8       0.1      0.05  0.336546
      0.9       0.1 0.0553333   0.39198
     0.95       0.1  0.137333  0.433826
     0.99       0.1  0.446667  0.482146
    0.999       0.1      0.48  0.496532
   0.9999       0.1      0.48  0.498086
        0      0.15  0.446667  0.466667
      0.2      0.15     0.054   0.29668
      0.4      0.15 0.0506667  0.321413
      0.6      0.15 0.0433333  0.354479
      0.8      0.15 0.0846667  0.402539
      0.9      0.15  0.217333  0.437835
     0.95      0.15  0.396667  0.461899
     0.99      0.15  0.446667  0.488876
    0.999      0.15      0.48  0.497013
   0.9999      0.15      0.48  0.497898
        0       0.2  0.446667  0.466667
      0.2       0.2 0.0426667   0.35472
      0.4       0.2     0.046  0.375169
      0.6       0.2      0.09  0.400395
      0.8       0.2     0.232  0.433542
      0.9       0.2  0.399333  0.456439
     0.95       0.2  0.446667  0.472256
     0.99       0.2  0.446667  0.491144
    0.999       0.2      0.48  0.497187
   0.9999       0.2      0.48  0.497854
        0       0.3  0.446667  0.466667
      0.2       0.3  0.161333  0.419087
      0.4       0.3     0.232  0.430119
      0.6       0.3  0.315333  0.442688
      0.8       0.3  0.435333  0.458541
      0.9       0.3  0.446667  0.470353
     0.95       0.3  0.446667  0.479784
     0.99       0.3  0.446667  0.492952
    0.999       0.3      0.48  0.497577
   0.9999       0.3      0.48  0.498098
        0       0.4  0.446667  0.466667
      0.2       0.4  0.320667  0.446285
      0.4       0.4  0.373333   0.45176
      0.6       0.4  0.432667   0.45812
      0.8       0.4  0.446667  0.467011
      0.9       0.4  0.446667  0.475007
     0.95       0.4  0.446667  0.482416
     0.99       0.4  0.446667  0.493838
    0.999       0.4      0.48  0.498021
   0.9999       0.4      0.48  0.498495
        0       0.5  0.446667  0.466667
      0.2       0.5  0.409333  0.457249
      0.4       0.5     0.438  0.460273
      0.6       0.5  0.446667  0.464069
      0.8       0.5  0.446667  0.470274
      0.9       0.5  0.446667  0.476877
     0.95       0.5  0.446667  0.483569
     0.99       0.5  0.446667  0.494368
    0.999       0.5      0.48  0.498386
   0.9999       0.5      0.48  0.498843
        0       0.6  0.446667  0.466667
      0.2       0.6  0.440667  0.461927
      0.4       0.6  0.446667  0.463891
      0.6       0.6  0.446667  0.466605
      0.8       0.6  0.446667  0.471705
      0.9       0.6  0.446667  0.477747
     0.95       0.6  0.446667  0.484153
     0.99       0.6  0.446667  0.494703
    0.999       0.6      0.48  0.498653
   0.9999       0.6      0.48  0.499102
        0       0.7  0.446667  0.466667
      0.2       0.7  0.446667  0.464128
      0.4       0.7  0.446667  0.465601
      0.6       0.7  0.446667  0.467819
      0.8       0.7  0.446667  0.472417
      0.9       0.7  0.446667  0.478206
     0.95       0.7  0.446667  0.484485
     0.99       0.7  0.446667  0.494923
    0.999       0.7      0.48  0.498843
   0.9999       0.7      0.48  0.499289
        0       0.8  0.446667  0.466667
      0.2       0.8  0.446667  0.465267
      0.4       0.8  0.446667  0.466493
      0.6       0.8  0.446667  0.468462
      0.8       0.8  0.446667   0.47281
      0.9       0.8  0.446667  0.478475
     0.95       0.8  0.446667  0.484691
     0.99       0.8  0.446667  0.495075
    0.999       0.8      0.48  0.498979
   0.9999       0.8      0.48  0.499424
        0       0.9  0.446667  0.466667
      0.2       0.9  0.446667  0.465907
      0.4       0.9  0.446667  0.466999
      0.6       0.9  0.446667  0.468834
      0.8       0.9  0.446667  0.473048
      0.9       0.9  0.446667  0.478645
     0.95       0.9  0.446667  0.484827
     0.99       0.9  0.446667  0.495182
    0.999       0.9      0.48  0.499079
   0.9999       0.9      0.48  0.499523
        0         1  0.446667  0.466667
      0.2         1  0.446667  0.466291
      0.4         1  0.446667  0.467307
      0.6         1  0.446667  0.469064
      0.8         1  0.446667    0.4732
      0.9         1  0.446667  0.478759
     0.95         1  0.446667  0.484922
     0.99         1  0.446667  0.495261
    0.999         1      0.48  0.499154
   0.9999         1      0.48  0.499597
        0         2  0.446667  0.466667
      0.2         2  0.446667  0.467093
      0.4         2  0.446667  0.467973
      0.6         2  0.446667  0.469594
      0.8         2  0.446667  0.473591
      0.9         2  0.446667   0.47908
     0.95         2  0.446667  0.485209
     0.99         2  0.446667  0.495525
    0.999         2  0.446667  0.499414
   0.9999         2      0.48  0.499856
        0         4  0.446667  0.466667
      0.2         4  0.446667   0.46719
      0.4         4  0.446667  0.468063
      0.6         4  0.446667  0.469676
      0.8         4  0.446667  0.473665
      0.9         4  0.446667   0.47915
     0.95         4  0.446667  0.485277
     0.99         4  0.446667  0.495593
    0.999         4  0.446667  0.499484
   0.9999         4  0.446667  0.499926