       0     0.05 0.501333 0.496667
     0.2     0.05    0.478 0.481483
     0.4     0.05 0.476667  0.48363
     0.6     0.05 0.477333 0.486044
     0.8     0.05 0.479333 0.489272
     0.9     0.05 0.484667 0.491391
    0.95     0.05    0.486 0.492729
    0.99     0.05 0.487333 0.495614
   0.999     0.05     0.49 0.499096
  0.9999     0.05    0.492 0.499912
       0      0.1 0.501333 0.496667
     0.2      0.1     0.49 0.489829
     0.4      0.1    0.488 0.491017
     0.6      0.1    0.488 0.492034
     0.8      0.1 0.487333 0.493045
     0.9      0.1 0.488667 0.493908
    0.95      0.1 0.488667   0.4949
    0.99      0.1 0.490667  0.49736
   0.999      0.1 0.487333 0.499544
  0.9999      0.1 0.501333  0.49999
       0     0.15 0.501333 0.496667
     0.2     0.15    0.486 0.492549
     0.4     0.15 0.485333 0.493054
     0.6     0.15 0.489333 0.493504
     0.8     0.15 0.489333 0.494236
     0.9     0.15 0.491333 0.495083
    0.95     0.15 0.488667 0.495959
    0.99     0.15 0.484667 0.497854
   0.999     0.15 0.501333  0.49964
  0.9999     0.15 0.502667 0.500014
       0      0.2 0.501333 0.496667
     0.2      0.2 0.489333 0.493738
     0.4      0.2    0.486 0.493929
     0.6      0.2    0.486 0.494263
     0.8      0.2 0.485333 0.494984
     0.9      0.2 0.483333 0.495748
    0.95      0.2    0.484 0.496457
    0.99      0.2    0.488 0.498023
   0.999      0.2 0.501333 0.499665
  0.9999      0.2 0.503333 0.500016
       0      0.3 0.501333 0.496667
     0.2      0.3    0.486 0.494614
     0.4      0.3     0.49 0.494813
     0.6      0.3    0.488 0.495179
     0.8      0.3 0.487333 0.495817
     0.9      0.3 0.485333 0.496362
    0.95      0.3 0.485333  0.49684
    0.99      0.3 0.496667  0.49811
   0.999      0.3 0.501333 0.499662
  0.9999      0.3 0.501333 0.500002
       0      0.4 0.501333 0.496667
     0.2      0.4 0.491333 0.495178
     0.4      0.4 0.493333 0.495415
     0.6      0.4 0.490667 0.495745
     0.8      0.4 0.491333 0.496224
     0.9      0.4 0.486667 0.496604
    0.95      0.4    0.486 0.496962
    0.99      0.4 0.501333 0.498106
   0.999      0.4 0.501333 0.499643
  0.9999      0.4 0.501333 0.499987
       0      0.5 0.501333 0.496667
     0.2      0.5 0.494667 0.495603
     0.4      0.5    0.494 0.495813
     0.6      0.5 0.493333 0.496075
     0.8      0.5 0.491333 0.496427
     0.9      0.5     0.49  0.49671
    0.95      0.5 0.487333 0.497007
    0.99      0.5 0.501333 0.498086
   0.999      0.5 0.501333 0.499625
  0.9999      0.5 0.501333 0.499977
       0      0.6 0.501333 0.496667
     0.2      0.6    0.496 0.495891
     0.4      0.6 0.494667 0.496063
     0.6      0.6    0.492 0.496267
     0.8      0.6     0.49 0.496535
     0.9      0.6 0.489333 0.496763
    0.95      0.6 0.490667 0.497025
    0.99      0.6 0.501333 0.498067
   0.999      0.6 0.501333 0.499611
  0.9999      0.6 0.501333  0.49997
       0      0.7 0.501333 0.496667
     0.2      0.7 0.497333 0.496083
     0.4      0.7 0.497333 0.496222
     0.6      0.7 0.491333 0.496384
     0.8      0.7 0.491333 0.496598
     0.9      0.7 0.491333 0.496792
    0.95      0.7 0.489333 0.497033
    0.99      0.7 0.501333 0.498052
   0.999      0.7 0.501333 0.499602
  0.9999      0.7 0.501333 0.499965
       0      0.8 0.501333 0.496667
     0.2      0.8 0.498667 0.496214
     0.4      0.8 0.496667 0.496328
     0.6      0.8    0.492  0.49646
     0.8      0.8 0.491333 0.496637
     0.9      0.8 0.490667 0.496809
    0.95      0.8 0.489333 0.497037
    0.99      0.8 0.501333 0.498041
   0.999      0.8 0.501333 0.499594
  0.9999      0.8 0.501333 0.499962
       0      0.9 0.501333 0.496667
     0.2      0.9 0.498667 0.496307
     0.4      0.9 0.498667 0.496402
     0.6      0.9    0.492 0.496511
     0.8      0.9    0.492 0.496663
     0.9      0.9    0.488  0.49682
    0.95      0.9 0.488667 0.497039
    0.99      0.9 0.501333 0.498032
   0.999      0.9 0.501333 0.499589
  0.9999      0.9 0.501333  0.49996
       0        1 0.501333 0.496667
     0.2        1 0.498667 0.496375
     0.4        1    0.498 0.496455
     0.6        1    0.492 0.496548
     0.8        1    0.492 0.496681
     0.9        1 0.488667 0.496827
    0.95        1 0.485333  0.49704
    0.99        1 0.501333 0.498026
   0.999        1 0.501333 0.499585
  0.9999        1 0.501333 0.499958
       0        2 0.501333 0.496667
     0.2        2    0.496 0.496597
     0.4        2    0.496 0.496625
     0.6        2    0.496 0.496663
     0.8        2 0.490667 0.496736
     0.9        2    0.492 0.496849
    0.95        2    0.486 0.497042
    0.99        2 0.501333 0.498002
   0.999        2 0.501333  0.49957
  0.9999        2 0.501333 0.499953
       0        4 0.501333 0.496667
     0.2        4    0.496 0.496653
     0.4        4    0.496 0.496667
     0.6        4 0.495333  0.49669
     0.8        4    0.492 0.496749
     0.9        4    0.492 0.496854
    0.95        4 0.486667 0.497042
    0.99        4 0.501333 0.497995
   0.999        4 0.501333 0.499566
  0.9999        4 0.501333 0.499951