       0     0.05 0.466667 0.466667
     0.2     0.05 0.466667 0.466667
     0.4     0.05 0.466667 0.466667
     0.6     0.05 0.466667 0.466667
     0.8     0.05 0.466667 0.466667
     0.9     0.05 0.466667 0.466667
    0.95     0.05 0.466667 0.466667
    0.99     0.05 0.466667 0.466667
   0.999     0.05 0.466667 0.466667
  0.9999     0.05 0.466667 0.466667
       0      0.1 0.466667 0.466667
     0.2      0.1    0.424 0.424536
     0.4      0.1 0.425333 0.426055
     0.6      0.1    0.424 0.426154
     0.8      0.1 0.424667  0.42573
     0.9      0.1 0.422667  0.42553
    0.95      0.1 0.419333  0.42584
    0.99      0.1    0.424 0.428865
   0.999      0.1 0.433333 0.433487
  0.9999      0.1 0.431333 0.433443
       0     0.15 0.466667 0.466667
     0.2     0.15 0.413333 0.414449
     0.4     0.15 0.416667 0.419956
     0.6     0.15 0.420667 0.423245
     0.8     0.15 0.422667 0.425605
     0.9     0.15 0.424667 0.427365
    0.95     0.15 0.425333 0.429052
    0.99     0.15 0.430667 0.431976
   0.999     0.15 0.438667 0.436034
  0.9999     0.15 0.439333 0.436166
       0      0.2 0.466667 0.466667
     0.2      0.2    0.392  0.40329
     0.4      0.2 0.392667 0.409913
     0.6      0.2    0.404 0.415273
     0.8      0.2 0.404667 0.420291
     0.9      0.2    0.412 0.423762
    0.95      0.2 0.412667 0.426835
    0.99      0.2 0.426667 0.432948
   0.999      0.2    0.404  0.44245
  0.9999      0.2    0.464 0.462997
       0      0.3 0.466667 0.466667
     0.2      0.3     0.36 0.400025
     0.4      0.3 0.358667 0.407848
     0.6      0.3 0.361333 0.417358
     0.8      0.3 0.368667 0.431518
     0.9      0.3 0.384667 0.443881
    0.95      0.3 0.383333   0.4548
    0.99      0.3    0.454 0.475418
   0.999      0.3 0.485333 0.493002
  0.9999      0.3 0.496667 0.498805
       0      0.4 0.466667 0.466667
     0.2      0.4 0.326667 0.412065
     0.4      0.4    0.322 0.422402
     0.6      0.4    0.328 0.434818
     0.8      0.4 0.328667 0.451377
     0.9      0.4    0.368 0.463662
    0.95      0.4    0.424 0.473368
    0.99      0.4    0.466 0.489534
   0.999      0.4    0.486 0.498475
  0.9999      0.4      0.5 0.499838
       0      0.5 0.466667 0.466667
     0.2      0.5 0.304667 0.426921
     0.4      0.5 0.296667 0.436095
     0.6      0.5 0.299333 0.446637
     0.8      0.5 0.322667  0.46007
     0.9      0.5    0.394  0.47022
    0.95      0.5 0.457333 0.478743
    0.99      0.5 0.466667 0.492783
   0.999      0.5 0.493333  0.49911
  0.9999      0.5      0.5 0.499909
       0      0.6 0.466667 0.466667
     0.2      0.6 0.279333 0.437742
     0.4      0.6 0.280667 0.445097
     0.6      0.6 0.289333  0.45349
     0.8      0.6    0.314 0.464426
     0.9      0.6    0.396 0.473291
    0.95      0.6 0.463333 0.481173
    0.99      0.6 0.466667 0.494017
   0.999      0.6 0.493333 0.499298
  0.9999      0.6      0.5 0.499929
       0      0.7 0.466667 0.466667
     0.2      0.7 0.260667 0.445054
     0.4      0.7 0.265333 0.450958
     0.6      0.7    0.272 0.457758
     0.8      0.7    0.306 0.466989
     0.9      0.7    0.396 0.475023
    0.95      0.7    0.466 0.482483
    0.99      0.7 0.466667   0.4946
   0.999      0.7 0.481333 0.499379
  0.9999      0.7      0.5 0.499937
       0      0.8 0.466667 0.466667
     0.2      0.8 0.249333 0.450045
     0.4      0.8    0.254 0.454891
     0.6      0.8 0.265333 0.460563
     0.8      0.8 0.310667 0.468625
     0.9      0.8 0.399333 0.476093
    0.95      0.8 0.465333  0.48326
    0.99      0.8 0.466667 0.494917
   0.999      0.8    0.468 0.499421
  0.9999      0.8      0.5 0.499941
       0      0.9 0.466667 0.466667
     0.2      0.9 0.250667 0.453556
     0.4      0.9    0.248  0.45763
     0.6      0.9    0.264 0.462493
     0.8      0.9 0.311333  0.46973
     0.9      0.9 0.398667 0.476797
    0.95      0.9 0.465333 0.483756
    0.99      0.9 0.466667 0.495106
   0.999      0.9 0.466667 0.499445
  0.9999      0.9      0.5 0.499944
       0        1 0.466667 0.466667
     0.2        1    0.246 0.456105
     0.4        1    0.246 0.459605
     0.6        1 0.252667 0.463874
     0.8        1 0.306667 0.470509
     0.9        1 0.399333 0.477284
    0.95        1 0.465333 0.484091
    0.99        1 0.466667 0.495228
   0.999        1 0.466667 0.499461
  0.9999        1      0.5 0.499945
       0        2 0.466667 0.466667
     0.2        2 0.232667  0.46441
     0.4        2     0.24 0.465964
     0.6        2 0.249333 0.468258
     0.8        2 0.300667 0.472918
     0.9        2    0.394 0.478732
    0.95        2 0.465333 0.485033
    0.99        2 0.466667 0.495539
   0.999        2 0.466667 0.499498
  0.9999        2      0.5 0.499949
       0        4 0.466667 0.466667
     0.2        4    0.232 0.466511
     0.4        4     0.24 0.467556
     0.6        4     0.25  0.46934
     0.8        4 0.297333 0.473497
     0.9        4 0.392667 0.479064
    0.95        4 0.464667 0.485235
    0.99        4 0.466667 0.495599
   0.999        4 0.466667 0.499505
  0.9999        4 0.466667  0.49995