       0     0.05 0.465333 0.466667
       0      0.1 0.465333 0.466667
       0     0.15 0.465333 0.466667
       0      0.2 0.465333 0.466667
       0      0.3 0.465333 0.466667
       0      0.4 0.465333 0.466667
       0      0.5 0.465333 0.466667
       0      0.6 0.465333 0.466667
       0      0.7 0.465333 0.466667
       0      0.8 0.465333 0.466667
       0      0.9 0.465333 0.466667
       0        1 0.465333 0.466667
       0        2 0.465333 0.466667
       0        4 0.465333 0.466667
     0.2     0.05 0.465333 0.466667
     0.2      0.1 0.401333 0.407871
     0.2     0.15 0.388667 0.393274
     0.2      0.2 0.369333 0.377432
     0.2      0.3    0.324  0.36489
     0.2      0.4 0.290667 0.384151
     0.2      0.5    0.274 0.409264
     0.2      0.6 0.288667 0.427898
     0.2      0.7 0.292667 0.439634
     0.2      0.8 0.302667 0.447007
     0.2      0.9 0.318667 0.451826
     0.2        1 0.323333 0.455116
     0.2        2    0.352 0.464518
     0.2        4 0.358667 0.466562
     0.4     0.05 0.465333 0.466667
     0.4      0.1    0.414 0.414664
     0.4     0.15 0.399333 0.402565
     0.4      0.2 0.377333 0.389019
     0.4      0.3 0.327333 0.380275
     0.4      0.4 0.310667 0.400257
     0.4      0.5    0.314 0.422225
     0.4      0.6 0.321333 0.437507
     0.4      0.7 0.339333 0.446844
     0.4      0.8 0.356667 0.452617
     0.4      0.9 0.368667 0.456353
     0.4        1    0.378 0.458888
     0.4        2 0.402667 0.466055
     0.4        4 0.409333 0.467596
     0.6     0.05 0.465333 0.466667
     0.6      0.1 0.418667 0.418748
     0.6     0.15    0.408 0.409456
     0.6      0.2 0.385333 0.397993
     0.6      0.3 0.348667 0.396805
     0.6      0.4 0.348667  0.41882
     0.6      0.5 0.371333 0.436895
     0.6      0.6 0.391333 0.448312
     0.6      0.7 0.409333 0.455019
     0.6      0.8 0.427333 0.459087
     0.6      0.9 0.435333 0.461691
     0.6        1 0.438667 0.463444
     0.6        2 0.451333 0.468334
     0.6        4 0.454667 0.469371
     0.8     0.05 0.465333 0.466667
     0.8      0.1 0.426667 0.422261
     0.8     0.15 0.414667 0.415491
     0.8      0.2 0.395333 0.407218
     0.8      0.3    0.384  0.41909
     0.8      0.4 0.420667  0.44241
     0.8      0.5    0.444 0.454999
     0.8      0.6    0.456 0.461894
     0.8      0.7    0.462 0.465738
     0.8      0.8 0.466667 0.468012
     0.8      0.9 0.466667 0.469443
     0.8        1 0.466667 0.470395
     0.8        2    0.468 0.472988
     0.8        4    0.468 0.473521
     0.9     0.05 0.465333 0.466667
     0.9      0.1 0.429333 0.424679
     0.9     0.15 0.417333 0.418899
     0.9      0.2 0.393333 0.413711
     0.9      0.3    0.418 0.436917
     0.9      0.4    0.458 0.458878
     0.9      0.5    0.464 0.467813
     0.9      0.6    0.468 0.472222
     0.9      0.7    0.468 0.474586
     0.9      0.8    0.468 0.475951
     0.9      0.9    0.468 0.476796
     0.9        1    0.468 0.477349
     0.9        2    0.468 0.478803
     0.9        4    0.468 0.479085
    0.95     0.05 0.465333 0.466667
    0.95      0.1     0.43 0.426365
    0.95     0.15 0.423333 0.421316
    0.95      0.2 0.399333  0.41948
    0.95      0.3    0.446 0.451204
    0.95      0.4 0.464667 0.471006
    0.95      0.5    0.468 0.477787
    0.95      0.6    0.468 0.480869
    0.95      0.7    0.468 0.482456
    0.95      0.8    0.468 0.483348
    0.95      0.9    0.468 0.483888
    0.95        1    0.468 0.484234
    0.95        2    0.468   0.4851
    0.95        4    0.468 0.485254
    0.99     0.05 0.465333 0.466667
    0.99      0.1    0.426 0.428801
    0.99     0.15    0.434 0.426007
    0.99      0.2    0.412 0.433811
    0.99      0.3 0.464667 0.474566
    0.99      0.4 0.473333 0.489472
    0.99      0.5    0.472 0.492937
    0.99      0.6 0.468667 0.494193
    0.99      0.7    0.468 0.494768
    0.99      0.8    0.468 0.495068
    0.99      0.9    0.468 0.495239
    0.99        1    0.468 0.495344
    0.99        2    0.468 0.495577
    0.99        4    0.468 0.495608
   0.999     0.05 0.465333 0.466667
   0.999      0.1    0.428 0.431101
   0.999     0.15    0.422 0.430317
   0.999      0.2 0.452667 0.456276
   0.999      0.3 0.488667 0.493516
   0.999      0.4 0.501333 0.498788
   0.999      0.5 0.501333 0.499312
   0.999      0.6 0.501333 0.499446
   0.999      0.7 0.501333 0.499494
   0.999      0.8 0.501333 0.499513
   0.999      0.9 0.501333  0.49952
   0.999        1 0.501333 0.499523
   0.999        2    0.468 0.499515
   0.999        4    0.468  0.49951
  0.9999     0.05 0.465333 0.466667
  0.9999      0.1 0.428667 0.433556
  0.9999     0.15 0.440667 0.442749
  0.9999      0.2 0.469333 0.469327
  0.9999      0.3 0.501333 0.499402
  0.9999      0.4 0.501333 0.500106
  0.9999      0.5 0.501333 0.500093
  0.9999      0.6 0.501333 0.500064
  0.9999      0.7 0.501333 0.500041
  0.9999      0.8 0.501333 0.500023
  0.9999      0.9 0.501333  0.50001
  0.9999        1 0.501333      0.5
  0.9999        2 0.501333 0.499964
  0.9999        4 0.501333 0.499954