        0      0.05      0.19      0.49
      0.2      0.05      0.19     0.345
      0.4      0.05      0.19     0.345
      0.6      0.05      0.19     0.345
      0.8      0.05      0.19     0.345
      0.9      0.05      0.19     0.345
     0.95      0.05      0.19     0.345
     0.99      0.05      0.19     0.345
    0.999      0.05      0.19     0.345
   0.9999      0.05      0.19     0.345
        0       0.1      0.19      0.49
      0.2       0.1  0.129333  0.129983
      0.4       0.1  0.129333  0.129619
      0.6       0.1  0.128667  0.128678
      0.8       0.1  0.126667  0.126667
      0.9       0.1  0.124667  0.125158
     0.95       0.1     0.124  0.124263
     0.99       0.1     0.118  0.119255
    0.999       0.1  0.115333  0.112092
   0.9999       0.1  0.100667   0.10151
        0      0.15      0.19      0.49
      0.2      0.15  0.135333  0.135079
      0.4      0.15     0.132  0.132632
      0.6      0.15  0.132667  0.131222
      0.8      0.15     0.128  0.128164
      0.9      0.15     0.126  0.124506
     0.95      0.15      0.12  0.119144
     0.99      0.15  0.104667  0.106199
    0.999      0.15 0.0946667 0.0972709
   0.9999      0.15     0.094 0.0950906
        0       0.2      0.19      0.49
      0.2       0.2  0.136667  0.137062
      0.4       0.2  0.134667  0.134293
      0.6       0.2  0.131333  0.130732
      0.8       0.2  0.125333  0.125926
      0.9       0.2  0.118667  0.118641
     0.95       0.2  0.105333  0.110709
     0.99       0.2 0.0986667  0.101513
    0.999       0.2     0.094  0.097741
   0.9999       0.2     0.092 0.0971231
        0       0.3      0.19      0.49
      0.2       0.3  0.143333  0.142752
      0.4       0.3  0.139333  0.138546
      0.6       0.3  0.132667  0.134365
      0.8       0.3  0.127333  0.127387
      0.9       0.3  0.116667  0.120753
     0.95       0.3  0.108667  0.117028
     0.99       0.3     0.106  0.116561
    0.999       0.3  0.117333  0.109166
   0.9999       0.3     0.048 0.0970475
        0       0.4      0.19      0.49
      0.2       0.4      0.15  0.151797
      0.4       0.4     0.144  0.145923
      0.6       0.4     0.138  0.140531
      0.8       0.4     0.132  0.132807
      0.9       0.4  0.120667  0.125518
     0.95       0.4     0.114  0.120627
     0.99       0.4  0.114667  0.114927
    0.999       0.4     0.042  0.114024
   0.9999       0.4 0.0666667  0.107426
        0       0.5      0.19      0.49
      0.2       0.5  0.150667  0.167402
      0.4       0.5  0.145333  0.159085
      0.6       0.5      0.14  0.152072
      0.8       0.5  0.132667  0.143256
      0.9       0.5  0.119333  0.136742
     0.95       0.5  0.116667  0.132844
     0.99       0.5 0.0746667  0.127502
    0.999       0.5      0.07  0.119872
   0.9999       0.5       0.1  0.131502
        0       0.6      0.19      0.49
      0.2       0.6  0.154667  0.186683
      0.4       0.6  0.142667  0.178611
      0.6       0.6  0.136667  0.171428
      0.8       0.6  0.129333  0.163092
      0.9       0.6     0.118  0.157433
     0.95       0.6  0.109333  0.153722
     0.99       0.6     0.052  0.149457
    0.999       0.6 0.0946667  0.153114
   0.9999       0.6     0.182   0.19661
        0       0.7      0.19      0.49
      0.2       0.7  0.158667  0.206137
      0.4       0.7  0.147333  0.199332
      0.6       0.7  0.138667  0.193072
      0.8       0.7  0.124667  0.186087
      0.9       0.7     0.112  0.182535
     0.95       0.7     0.088  0.181608
     0.99       0.7 0.0766667  0.183521
    0.999       0.7  0.150667  0.212062
   0.9999       0.7  0.199333  0.245729
        0       0.8      0.19      0.49
      0.2       0.8     0.164  0.224979
      0.4       0.8  0.146667  0.219851
      0.6       0.8  0.136667  0.215729
      0.8       0.8  0.118667  0.213025
      0.9       0.8  0.103333  0.214027
     0.95       0.8 0.0733333  0.216893
     0.99       0.8  0.102667  0.229496
    0.999       0.8  0.190667  0.264192
   0.9999       0.8  0.199333  0.279967
        0       0.9      0.19      0.49
      0.2       0.9     0.166  0.244121
      0.4       0.9  0.153333  0.241514
      0.6       0.9      0.14  0.240719
      0.8       0.9     0.114  0.243453
      0.9       0.9 0.0966667  0.248735
     0.95       0.9     0.086  0.255088
     0.99       0.9  0.141333  0.275319
    0.999       0.9     0.196  0.301697
   0.9999       0.9  0.199333  0.309055
        0         1      0.19      0.49
      0.2         1  0.166667  0.264122
      0.4         1     0.154  0.264374
      0.6         1  0.130667  0.266993
      0.8         1  0.111333  0.274239
      0.9         1 0.0966667  0.282612
     0.95         1  0.110667  0.291425
     0.99         1  0.173333  0.312756
    0.999         1  0.199333  0.330458
   0.9999         1       0.2  0.334371
        0         2      0.19      0.49
      0.2         2      0.18  0.418327
      0.4         2     0.164  0.423735
      0.6         2  0.145333  0.429849
      0.8         2     0.158  0.437064
      0.9         2     0.186    0.4416
     0.95         2      0.19  0.444776
     0.99         2      0.19  0.450258
    0.999         2       0.2  0.453797
   0.9999         2       0.2  0.454349
        0         4      0.19      0.49
      0.2         4     0.224  0.473543
      0.4         4     0.206  0.475142
      0.6         4  0.189333  0.476866
      0.8         4  0.184667  0.478929
      0.9         4      0.19  0.480536
     0.95         4      0.19  0.482176
     0.99         4      0.19  0.486399
    0.999         4      0.19  0.489384
   0.9999         4       0.2  0.489825