       0     0.05 0.466667 0.466667
       0      0.1 0.466667 0.466667
       0     0.15 0.466667 0.466667
       0      0.2 0.466667 0.466667
       0      0.3 0.466667 0.466667
       0      0.4 0.466667 0.466667
       0      0.5 0.466667 0.466667
       0      0.6 0.466667 0.466667
       0      0.7 0.466667 0.466667
       0      0.8 0.466667 0.466667
       0      0.9 0.466667 0.466667
       0        1 0.466667 0.466667
       0        2 0.466667 0.466667
       0        4 0.466667 0.466667
     0.2     0.05 0.466667 0.466667
     0.2      0.1 0.414667 0.416499
     0.2     0.15 0.392667 0.402573
     0.2      0.2 0.391333 0.399486
     0.2      0.3    0.352 0.397048
     0.2      0.4    0.318 0.406481
     0.2      0.5     0.27 0.422299
     0.2      0.6    0.256 0.434616
     0.2      0.7 0.243333 0.442872
     0.2      0.8    0.238 0.448446
     0.2      0.9    0.242 0.452337
     0.2        1 0.237333 0.455145
     0.2        2    0.238 0.464195
     0.2        4 0.237333  0.46646
     0.4     0.05 0.466667 0.466667
     0.4      0.1 0.425333 0.426081
     0.4     0.15 0.408667 0.411274
     0.4      0.2    0.392 0.406735
     0.4      0.3    0.356 0.408445
     0.4      0.4 0.318667 0.419057
     0.4      0.5 0.278667 0.432787
     0.4      0.6 0.263333 0.442844
     0.4      0.7 0.255333 0.449404
     0.4      0.8 0.254667 0.453766
     0.4      0.9 0.253333  0.45678
     0.4        1 0.253333 0.458941
     0.4        2    0.262  0.46582
     0.4        4 0.267333 0.467522
     0.6     0.05 0.466667 0.466667
     0.6      0.1 0.430667 0.431246
     0.6     0.15 0.412667 0.417017
     0.6      0.2 0.391333 0.412943
     0.6      0.3    0.354 0.420151
     0.6      0.4 0.320667 0.433443
     0.6      0.5    0.296  0.44475
     0.6      0.6 0.284667 0.452223
     0.6      0.7 0.285333 0.456917
     0.6      0.8 0.286667 0.459976
     0.6      0.9    0.292 0.462064
     0.6        1 0.297333 0.463547
     0.6        2 0.296667 0.468194
     0.6        4 0.297333 0.469325
     0.8     0.05 0.466667 0.466667
     0.8      0.1    0.434 0.433957
     0.8     0.15 0.423333 0.420039
     0.8      0.2    0.406 0.419313
     0.8      0.3 0.364667 0.436006
     0.8      0.4 0.371333 0.451886
     0.8      0.5 0.361333 0.459894
     0.8      0.6 0.380667 0.464395
     0.8      0.7 0.391333 0.467053
     0.8      0.8    0.402 0.468724
     0.8      0.9 0.409333 0.469836
     0.8        1     0.41 0.470612
     0.8        2 0.421333 0.472958
     0.8        4 0.421333 0.473508
     0.9     0.05 0.466667 0.466667
     0.9      0.1 0.429333 0.433569
     0.9     0.15 0.424667 0.420011
     0.9      0.2    0.414 0.424501
     0.9      0.3 0.398667 0.448994
     0.9      0.4 0.427333 0.465241
     0.9      0.5 0.449333 0.471167
     0.9      0.6 0.459333 0.474074
     0.9      0.7 0.463333 0.475677
     0.9      0.8 0.465333 0.476635
     0.9      0.9    0.466 0.477249
     0.9        1    0.466 0.477664
     0.9        2    0.466 0.478838
     0.9        4    0.466 0.479091
    0.95     0.05 0.466667 0.466667
    0.95      0.1 0.433333  0.43119
    0.95     0.15 0.411333 0.419959
    0.95      0.2 0.405333 0.430082
    0.95      0.3 0.427333 0.459699
    0.95      0.4 0.461333 0.475557
    0.95      0.5 0.466667 0.480274
    0.95      0.6 0.466667 0.482331
    0.95      0.7 0.466667 0.483383
    0.95      0.8 0.466667 0.483975
    0.95      0.9 0.466667 0.484335
    0.95        1 0.466667 0.484568
    0.95        2 0.466667 0.485159
    0.95        4 0.466667 0.485267
    0.99     0.05 0.466667 0.466667
    0.99      0.1 0.410667 0.421688
    0.99     0.15    0.414  0.42519
    0.99      0.2    0.422 0.442199
    0.99      0.3 0.466667 0.478142
    0.99      0.4    0.468 0.491491
    0.99      0.5 0.466667 0.493911
    0.99      0.6 0.466667 0.494744
    0.99      0.7 0.466667 0.495116
    0.99      0.8 0.466667 0.495306
    0.99      0.9 0.466667 0.495411
    0.99        1 0.466667 0.495475
    0.99        2 0.466667 0.495602
    0.99        4 0.466667 0.495614
   0.999     0.05 0.466667 0.466667
   0.999      0.1    0.408 0.414499
   0.999     0.15 0.441333 0.438097
   0.999      0.2 0.436667 0.454037
   0.999      0.3    0.486 0.494247
   0.999      0.4 0.499333 0.498908
   0.999      0.5      0.5 0.499291
   0.999      0.6      0.5 0.499403
   0.999      0.7      0.5  0.49945
   0.999      0.8      0.5 0.499473
   0.999      0.9      0.5 0.499486
   0.999        1 0.491333 0.499493
   0.999        2 0.466667 0.499506
   0.999        4 0.466667 0.499507
  0.9999     0.05 0.466667 0.466667
  0.9999      0.1 0.416667  0.42075
  0.9999     0.15    0.444   0.4454
  0.9999      0.2 0.457333 0.463273
  0.9999      0.3      0.5 0.499218
  0.9999      0.4      0.5 0.499887
  0.9999      0.5      0.5 0.499928
  0.9999      0.6      0.5 0.499939
  0.9999      0.7      0.5 0.499944
  0.9999      0.8      0.5 0.499947
  0.9999      0.9      0.5 0.499948
  0.9999        1      0.5 0.499949
  0.9999        2      0.5  0.49995
  0.9999        4 0.466667  0.49995