       0     0.05   0.4625   0.4625
       0      0.1   0.4625   0.4625
       0     0.15   0.4625   0.4625
       0      0.2   0.4625   0.4625
       0      0.3   0.4625   0.4625
       0      0.4   0.4625   0.4625
       0      0.5   0.4625   0.4625
       0      0.6   0.4625   0.4625
       0      0.7   0.4625   0.4625
       0      0.8   0.4625   0.4625
       0      0.9   0.4625   0.4625
       0        1   0.4625   0.4625
       0        2   0.4625   0.4625
       0        4   0.4625   0.4625
     0.2     0.05   0.4225 0.423646
     0.2      0.1   0.4275 0.433878
     0.2     0.15    0.445 0.442103
     0.2      0.2   0.4425 0.442333
     0.2      0.3     0.43 0.442049
     0.2      0.4     0.43 0.445207
     0.2      0.5   0.4275 0.448254
     0.2      0.6    0.435 0.450258
     0.2      0.7   0.4475 0.452001
     0.2      0.8    0.455 0.453423
     0.2      0.9    0.465 0.454685
     0.2        1     0.46 0.455908
     0.2        2     0.41 0.461993
     0.2        4     0.44 0.463004
     0.4     0.05   0.4175 0.422116
     0.4      0.1   0.4275 0.432444
     0.4     0.15   0.4375 0.438646
     0.4      0.2     0.43 0.441541
     0.4      0.3    0.425 0.442942
     0.4      0.4    0.425 0.446177
     0.4      0.5   0.4175 0.449872
     0.4      0.6   0.4425 0.452635
     0.4      0.7   0.4525 0.454654
     0.4      0.8     0.45 0.456159
     0.4      0.9   0.4625 0.457429
     0.4        1   0.4575 0.458579
     0.4        2   0.4125 0.463448
     0.4        4     0.43 0.464168
     0.6     0.05   0.4175 0.421703
     0.6      0.1    0.425 0.431464
     0.6     0.15     0.43 0.437987
     0.6      0.2   0.4225 0.441798
     0.6      0.3   0.4225 0.445411
     0.6      0.4   0.4125 0.449307
     0.6      0.5    0.415 0.453576
     0.6      0.6    0.435 0.456804
     0.6      0.7    0.445 0.458898
     0.6      0.8     0.45 0.460317
     0.6      0.9    0.465  0.46144
     0.6        1   0.4475 0.462391
     0.6        2   0.4075 0.465829
     0.6        4   0.4275 0.466253
     0.8     0.05     0.42 0.423318
     0.8      0.1    0.425 0.431335
     0.8     0.15   0.4325 0.438706
     0.8      0.2   0.4325 0.443392
     0.8      0.3   0.4075 0.451104
     0.8      0.4   0.4125 0.457187
     0.8      0.5   0.4175  0.46201
     0.8      0.6   0.4325 0.465112
     0.8      0.7   0.4375 0.466838
     0.8      0.8   0.4525  0.46789
     0.8      0.9   0.4425 0.468662
     0.8        1   0.4525 0.469269
     0.8        2   0.4375 0.471104
     0.8        4   0.4525 0.471214
     0.9     0.05    0.425 0.425576
     0.9      0.1     0.43 0.432924
     0.9     0.15     0.44 0.440449
     0.9      0.2   0.4225 0.445754
     0.9      0.3     0.41 0.458357
     0.9      0.4     0.41 0.466761
     0.9      0.5   0.4125 0.471474
     0.9      0.6   0.4225 0.473917
     0.9      0.7    0.445  0.47513
     0.9      0.8   0.4375 0.475848
     0.9      0.9   0.4675 0.476361
     0.9        1   0.4625 0.476749
     0.9        2   0.4625 0.477777
     0.9        4   0.4625  0.47773
    0.95     0.05    0.425 0.428027
    0.95      0.1   0.4375 0.435179
    0.95     0.15   0.4425 0.442352
    0.95      0.2   0.4325 0.448953
    0.95      0.3    0.425 0.466661
    0.95      0.4   0.4175 0.476425
    0.95      0.5     0.41 0.480414
    0.95      0.6   0.4225 0.482138
    0.95      0.7   0.4575 0.482976
    0.95      0.8   0.4625 0.483485
    0.95      0.9    0.455 0.483847
    0.95        1     0.43 0.484114
    0.95        2   0.4625  0.48476
    0.95        4   0.4625 0.484664
    0.99     0.05   0.4325 0.432498
    0.99      0.1   0.4475 0.441401
    0.99     0.15   0.4325 0.443658
    0.99      0.2   0.4375 0.458959
    0.99      0.3   0.4325 0.485237
    0.99      0.4    0.435 0.492433
    0.99      0.5    0.425 0.494034
    0.99      0.6    0.445 0.494666
    0.99      0.7     0.44 0.494987
    0.99      0.8    0.435 0.495188
    0.99      0.9    0.455 0.495328
    0.99        1   0.4625 0.495428
    0.99        2   0.4625 0.495653
    0.99        4   0.4625 0.495605
   0.999     0.05   0.4325 0.434494
   0.999      0.1   0.4425 0.444205
   0.999     0.15   0.4325  0.45172
   0.999      0.2   0.4475 0.474706
   0.999      0.3   0.4925 0.497923
   0.999      0.4    0.465 0.499088
   0.999      0.5   0.4525 0.499305
   0.999      0.6     0.44 0.499391
   0.999      0.7   0.4625 0.499434
   0.999      0.8   0.4725  0.49946
   0.999      0.9   0.4775 0.499478
   0.999        1   0.4825 0.499491
   0.999        2   0.4625 0.499519
   0.999        4   0.4625 0.499513
  0.9999     0.05    0.435 0.434437
  0.9999      0.1    0.435 0.439168
  0.9999     0.15   0.4325 0.462107
  0.9999      0.2   0.4775 0.489796
  0.9999      0.3      0.5 0.499794
  0.9999      0.4      0.5 0.499907
  0.9999      0.5    0.435 0.499929
  0.9999      0.6      0.5 0.499938
  0.9999      0.7      0.5 0.499943
  0.9999      0.8      0.5 0.499945
  0.9999      0.9      0.5 0.499947
  0.9999        1      0.5 0.499948
  0.9999        2      0.5 0.499951
  0.9999        4      0.5 0.499951