       0     0.05 0.495333 0.496667
     0.2     0.05 0.495333 0.496667
     0.4     0.05 0.495333 0.496667
     0.6     0.05 0.495333 0.496667
     0.8     0.05 0.495333 0.496667
     0.9     0.05 0.495333 0.496667
    0.95     0.05 0.495333 0.496667
    0.99     0.05 0.495333 0.496667
   0.999     0.05 0.495333 0.496667
  0.9999     0.05 0.495333 0.496667
       0      0.1 0.495333 0.496667
     0.2      0.1 0.465333  0.46579
     0.4      0.1 0.477333 0.470876
     0.6      0.1 0.476667 0.472074
     0.8      0.1 0.473333 0.470854
     0.9      0.1    0.468  0.46831
    0.95      0.1 0.461333 0.465357
    0.99      0.1 0.454667 0.460061
   0.999      0.1    0.456 0.460562
  0.9999      0.1    0.478 0.468838
       0     0.15 0.495333 0.496667
     0.2     0.15    0.458  0.46526
     0.4     0.15 0.465333 0.465104
     0.6     0.15     0.47 0.465723
     0.8     0.15 0.460667 0.464724
     0.9     0.15    0.462 0.462605
    0.95     0.15 0.455333 0.461774
    0.99     0.15    0.466 0.465109
   0.999     0.15 0.472667  0.47361
  0.9999     0.15 0.494667 0.489243
       0      0.2 0.495333 0.496667
     0.2      0.2 0.463333 0.467412
     0.4      0.2 0.457333 0.468412
     0.6      0.2 0.447333 0.467664
     0.8      0.2 0.450667 0.466173
     0.9      0.2 0.466667 0.465663
    0.95      0.2 0.468667 0.466357
    0.99      0.2    0.472  0.47289
   0.999      0.2    0.494 0.488157
  0.9999      0.2 0.497333 0.494503
       0      0.3 0.495333 0.496667
     0.2      0.3 0.459333 0.464073
     0.4      0.3    0.472 0.470908
     0.6      0.3 0.463333 0.475527
     0.8      0.3 0.456667  0.48018
     0.9      0.3    0.444 0.484112
    0.95      0.3 0.463333 0.487818
    0.99      0.3 0.498667 0.494038
   0.999      0.3 0.498667 0.497925
  0.9999      0.3      0.5 0.499693
       0      0.4 0.495333 0.496667
     0.2      0.4 0.439333 0.457752
     0.4      0.4 0.449333 0.466544
     0.6      0.4    0.456 0.474442
     0.8      0.4 0.459333 0.482924
     0.9      0.4    0.438 0.488356
    0.95      0.4 0.443333 0.491992
    0.99      0.4      0.5 0.496374
   0.999      0.4    0.498 0.499097
  0.9999      0.4 0.500667 0.499974
       0      0.5 0.495333 0.496667
     0.2      0.5 0.438667 0.464545
     0.4      0.5 0.444667 0.471162
     0.6      0.5 0.446667 0.477983
     0.8      0.5 0.439333 0.485834
     0.9      0.5 0.430667 0.490716
    0.95      0.5 0.444667 0.493699
    0.99      0.5 0.498667 0.497087
   0.999      0.5    0.498 0.499388
  0.9999      0.5 0.501333 0.499993
       0      0.6 0.495333 0.496667
     0.2      0.6 0.444667 0.473043
     0.4      0.6    0.444   0.4779
     0.6      0.6    0.442 0.483151
     0.8      0.6 0.435333 0.489211
     0.9      0.6     0.44 0.492814
    0.95      0.6    0.464 0.494927
    0.99      0.6    0.498 0.497469
   0.999      0.6    0.498 0.499495
  0.9999      0.6 0.501333 0.499996
       0      0.7 0.495333 0.496667
     0.2      0.7 0.444667  0.47949
     0.4      0.7    0.446 0.483126
     0.6      0.7 0.442667 0.487081
     0.8      0.7 0.436667 0.491562
     0.9      0.7 0.447333 0.494145
    0.95      0.7    0.474 0.495651
    0.99      0.7    0.498 0.497672
   0.999      0.7    0.498 0.499539
  0.9999      0.7 0.501333 0.499992
       0      0.8 0.495333 0.496667
     0.2      0.8     0.44  0.48391
     0.4      0.8 0.440667 0.486691
     0.6      0.8    0.444 0.489699
     0.8      0.8 0.441333 0.493049
     0.9      0.8    0.448  0.49495
    0.95      0.8    0.482 0.496077
    0.99      0.8    0.498 0.497783
   0.999      0.8    0.498 0.499558
  0.9999      0.8 0.501333 0.499987
       0      0.9 0.495333 0.496667
     0.2      0.9 0.444667 0.486913
     0.4      0.9 0.447333 0.489092
     0.6      0.9 0.447333 0.491431
     0.8      0.9 0.440667 0.494003
     0.9      0.9 0.448667 0.495455
    0.95      0.9 0.490667 0.496339
    0.99      0.9    0.498 0.497848
   0.999      0.9    0.498 0.499567
  0.9999      0.9 0.501333 0.499982
       0        1 0.495333 0.496667
     0.2        1     0.45 0.488998
     0.4        1 0.450667 0.490745
     0.6        1 0.449333 0.492608
     0.8        1    0.448 0.494637
     0.9        1    0.456 0.495785
    0.95        1 0.495333 0.496509
    0.99        1    0.498 0.497888
   0.999        1    0.498 0.499571
  0.9999        1 0.501333 0.499977
       0        2 0.495333 0.496667
     0.2        2 0.457333 0.494986
     0.4        2 0.458667 0.495406
     0.6        2    0.458 0.495844
     0.8        2 0.452667 0.496325
     0.9        2 0.463333 0.496644
    0.95        2 0.497333 0.496939
    0.99        2    0.498 0.497977
   0.999        2    0.498  0.49957
  0.9999        2    0.498 0.499959
       0        4 0.495333 0.496667
     0.2        4 0.458667 0.496267
     0.4        4    0.456 0.496378
     0.6        4     0.46 0.496497
     0.8        4 0.452667 0.496653
     0.9        4 0.468667 0.496806
    0.95        4    0.498 0.497018
    0.99        4    0.498 0.497989
   0.999        4    0.498 0.499567
  0.9999        4    0.498 0.499953