       0     0.05 0.488667     0.49
     0.2     0.05 0.488667     0.49
     0.4     0.05 0.488667     0.49
     0.6     0.05 0.488667     0.49
     0.8     0.05 0.488667     0.49
     0.9     0.05 0.488667     0.49
    0.95     0.05 0.488667     0.49
    0.99     0.05 0.488667     0.49
   0.999     0.05 0.488667     0.49
  0.9999     0.05 0.488667     0.49
       0      0.1 0.488667     0.49
     0.2      0.1 0.474667 0.468916
     0.4      0.1 0.472667 0.471264
     0.6      0.1 0.475333 0.472836
     0.8      0.1 0.477333 0.474861
     0.9      0.1 0.475333 0.476188
    0.95      0.1 0.474667 0.476219
    0.99      0.1     0.48 0.475148
   0.999      0.1 0.468667 0.470241
  0.9999      0.1 0.468667 0.463852
       0     0.15 0.488667     0.49
     0.2     0.15     0.45 0.451158
     0.4     0.15 0.464667  0.46133
     0.6     0.15 0.469333 0.466816
     0.8     0.15 0.472667 0.470171
     0.9     0.15 0.475333 0.470466
    0.95     0.15 0.472667 0.468876
    0.99     0.15 0.470667 0.461148
   0.999     0.15     0.45 0.454994
  0.9999     0.15 0.456667 0.458796
       0      0.2 0.488667     0.49
     0.2      0.2 0.419333 0.433942
     0.4      0.2 0.435333 0.445652
     0.6      0.2 0.453333 0.453923
     0.8      0.2 0.456667 0.459014
     0.9      0.2 0.456667  0.45938
    0.95      0.2    0.454 0.458221
    0.99      0.2 0.439333 0.458706
   0.999      0.2 0.454667  0.46711
  0.9999      0.2 0.482667 0.480279
       0      0.3 0.488667     0.49
     0.2      0.3 0.384667 0.415496
     0.4      0.3 0.384667 0.427989
     0.6      0.3 0.393333  0.43997
     0.8      0.3 0.416667 0.454385
     0.9      0.3 0.447333 0.465154
    0.95      0.3 0.459333 0.473768
    0.99      0.3 0.469333  0.48754
   0.999      0.3 0.487333 0.496656
  0.9999      0.3 0.495333 0.499403
       0      0.4 0.488667     0.49
     0.2      0.4 0.370667 0.421876
     0.4      0.4     0.38 0.435312
     0.6      0.4    0.386 0.449667
     0.8      0.4    0.416 0.466782
     0.9      0.4    0.432 0.477715
    0.95      0.4 0.447333 0.484816
    0.99      0.4    0.454  0.49397
   0.999      0.4     0.48 0.498961
  0.9999      0.4 0.490667  0.49988
       0      0.5 0.488667     0.49
     0.2      0.5 0.376667 0.438694
     0.4      0.5    0.388 0.449732
     0.6      0.5 0.391333 0.461599
     0.8      0.5 0.410667 0.475068
     0.9      0.5     0.43 0.483148
    0.95      0.5 0.433333  0.48828
    0.99      0.5 0.462667 0.495354
   0.999      0.5 0.488667 0.499289
  0.9999      0.5    0.496 0.499913
       0      0.6 0.488667     0.49
     0.2      0.6 0.379333 0.453584
     0.4      0.6    0.388 0.461869
     0.6      0.6 0.393333 0.470682
     0.8      0.6 0.416667 0.480426
     0.9      0.6    0.428 0.486187
    0.95      0.6 0.428667 0.489989
    0.99      0.6    0.486 0.495918
   0.999      0.6 0.488667 0.499399
  0.9999      0.6 0.497333 0.499924
       0      0.7 0.488667     0.49
     0.2      0.7 0.388667 0.463969
     0.4      0.7 0.397333 0.470114
     0.6      0.7 0.414667 0.476585
     0.8      0.7 0.424667 0.483665
     0.9      0.7 0.434667 0.487918
    0.95      0.7 0.418667 0.490916
    0.99      0.7 0.488667 0.496197
   0.999      0.7 0.488667 0.499449
  0.9999      0.7 0.498667 0.499931
       0      0.8 0.488667     0.49
     0.2      0.8    0.406 0.470808
     0.4      0.8 0.412667 0.475455
     0.6      0.8 0.420667 0.480319
     0.8      0.8    0.434 0.485646
     0.9      0.8 0.437333 0.488949
    0.95      0.8    0.424 0.491456
    0.99      0.8 0.488667 0.496349
   0.999      0.8 0.488667 0.499475
  0.9999      0.8 0.498667 0.499936
       0      0.9 0.488667     0.49
     0.2      0.9 0.410667  0.47537
     0.4      0.9 0.416667  0.47898
     0.6      0.9    0.426  0.48275
     0.8      0.9 0.440667 0.486912
     0.9      0.9 0.430667   0.4896
    0.95      0.9 0.429333 0.491793
    0.99      0.9 0.488667 0.496439
   0.999      0.9 0.488667 0.499491
  0.9999      0.9 0.497333 0.499939
       0        1 0.488667     0.49
     0.2        1 0.419333 0.478513
     0.4        1 0.426667 0.481391
     0.6        1    0.432   0.4844
     0.8        1 0.438667 0.487762
     0.9        1    0.432 0.490033
    0.95        1    0.428 0.492014
    0.99        1 0.488667 0.496495
   0.999        1 0.488667   0.4995
  0.9999        1 0.495333 0.499941
       0        2 0.488667     0.49
     0.2        2    0.438 0.487508
     0.4        2     0.44 0.488221
     0.6        2 0.443333 0.489015
     0.8        2     0.45 0.490102
     0.9        2    0.434  0.49121
    0.95        2    0.434 0.492602
    0.99        2 0.488667 0.496622
   0.999        2 0.488667  0.49952
  0.9999        2 0.488667 0.499948
       0        4 0.488667     0.49
     0.2        4 0.441333 0.489439
     0.4        4 0.442667 0.489673
     0.6        4    0.444 0.489986
     0.8        4     0.45 0.490588
     0.9        4    0.436 0.491451
    0.95        4    0.436 0.492719
    0.99        4 0.488667 0.496641
   0.999        4 0.488667 0.499523
  0.9999        4 0.488667  0.49995