       0     0.05 0.493333 0.493333
       0      0.1 0.493333 0.493333
       0     0.15 0.493333 0.493333
       0      0.2 0.493333 0.493333
       0      0.3 0.493333 0.493333
       0      0.4 0.493333 0.493333
       0      0.5 0.493333 0.493333
       0      0.6 0.493333 0.493333
       0      0.7 0.493333 0.493333
       0      0.8 0.493333 0.493333
       0      0.9 0.493333 0.493333
       0        1 0.493333 0.493333
       0        2 0.493333 0.493333
       0        4 0.493333 0.493333
     0.2     0.05 0.279333 0.292667
     0.2      0.1 0.379333 0.353696
     0.2     0.15 0.333333 0.335352
     0.2      0.2 0.319333 0.321962
     0.2      0.3    0.302 0.303176
     0.2      0.4    0.304 0.305729
     0.2      0.5    0.308 0.312336
     0.2      0.6 0.308667  0.31975
     0.2      0.7    0.312 0.325226
     0.2      0.8     0.31 0.331587
     0.2      0.9 0.311333 0.341187
     0.2        1 0.337333  0.35399
     0.2        2    0.406  0.46182
     0.2        4    0.452 0.489605
     0.4     0.05     0.28 0.292667
     0.4      0.1 0.380667 0.361528
     0.4     0.15    0.326 0.332401
     0.4      0.2    0.334 0.333947
     0.4      0.3    0.318 0.316853
     0.4      0.4 0.299333 0.304508
     0.4      0.5    0.304 0.307964
     0.4      0.6 0.301333 0.315305
     0.4      0.7 0.306667 0.322972
     0.4      0.8 0.306667 0.331038
     0.4      0.9 0.320667 0.342549
     0.4        1 0.328667  0.35746
     0.4        2 0.419333 0.466552
     0.4        4 0.460667 0.490465
     0.6     0.05     0.28 0.292667
     0.6      0.1 0.386667 0.363082
     0.6     0.15 0.324667 0.334573
     0.6      0.2 0.325333 0.331167
     0.6      0.3 0.328667 0.324462
     0.6      0.4 0.319333 0.313325
     0.6      0.5 0.300667 0.307142
     0.6      0.6 0.299333 0.312247
     0.6      0.7 0.299333 0.320563
     0.6      0.8 0.303333 0.331269
     0.6      0.9 0.338667 0.346107
     0.6        1 0.304667 0.363836
     0.6        2     0.43 0.472247
     0.6        4    0.472 0.491428
     0.8     0.05    0.282 0.292667
     0.8      0.1 0.384667 0.361351
     0.8     0.15 0.328667 0.333424
     0.8      0.2    0.336 0.330952
     0.8      0.3    0.324 0.325988
     0.8      0.4 0.320667 0.320408
     0.8      0.5    0.318 0.311573
     0.8      0.6 0.290667 0.310218
     0.8      0.7 0.290667 0.318705
     0.8      0.8 0.296667 0.334134
     0.8      0.9 0.299333 0.355392
     0.8        1 0.305333 0.377452
     0.8        2 0.457333 0.479835
     0.8        4 0.442667 0.492607
     0.9     0.05 0.282667 0.292667
     0.9      0.1    0.374 0.357521
     0.9     0.15    0.326 0.325988
     0.9      0.2 0.328667 0.323933
     0.9      0.3 0.316667 0.320821
     0.9      0.4     0.32 0.320538
     0.9      0.5 0.321333  0.31855
     0.9      0.6 0.278667 0.312433
     0.9      0.7 0.280667 0.319189
     0.9      0.8    0.286 0.341066
     0.9      0.9    0.292 0.368442
     0.9        1 0.307333 0.393718
     0.9        2    0.486 0.485476
     0.9        4     0.45 0.493508
    0.95     0.05 0.282667    0.293
    0.95      0.1    0.372 0.351083
    0.95     0.15 0.322667 0.317357
    0.95      0.2 0.292667  0.31439
    0.95      0.3 0.320667 0.315337
    0.95      0.4 0.312667    0.317
    0.95      0.5 0.322667 0.321487
    0.95      0.6 0.285333 0.315147
    0.95      0.7    0.264 0.322682
    0.95      0.8 0.280667 0.352315
    0.95      0.9 0.291333 0.384633
    0.95        1 0.310667 0.411979
    0.95        2 0.482667 0.489702
    0.95        4 0.493333 0.494417
    0.99     0.05 0.282667    0.294
    0.99      0.1 0.342667 0.331965
    0.99     0.15 0.281333 0.298411
    0.99      0.2 0.288667 0.308119
    0.99      0.3 0.311333 0.305355
    0.99      0.4 0.304667 0.311593
    0.99      0.5 0.304667 0.318829
    0.99      0.6 0.250667 0.317883
    0.99      0.7 0.239333  0.34718
    0.99      0.8 0.282667 0.393478
    0.99      0.9 0.333333 0.427949
    0.99        1 0.425333 0.452927
    0.99        2     0.45 0.495945
    0.99        4 0.493333 0.497088
   0.999     0.05 0.282667 0.295666
   0.999      0.1    0.328 0.309201
   0.999     0.15    0.278 0.294973
   0.999      0.2 0.306667 0.307422
   0.999      0.3 0.303333 0.307933
   0.999      0.4 0.299333 0.310238
   0.999      0.5 0.189333 0.310563
   0.999      0.6    0.232 0.357191
   0.999      0.7    0.286  0.41688
   0.999      0.8    0.458 0.451497
   0.999      0.9 0.457333 0.472502
   0.999        1 0.410667 0.485263
   0.999        2 0.493333 0.499401
   0.999        4 0.493333 0.499533
  0.9999     0.05 0.283333 0.296995
  0.9999      0.1 0.326667 0.303412
  0.9999     0.15 0.286667 0.301253
  0.9999      0.2 0.294667 0.302653
  0.9999      0.3 0.307333 0.310505
  0.9999      0.4 0.189333 0.298093
  0.9999      0.5 0.189333 0.346375
  0.9999      0.6    0.322 0.426261
  0.9999      0.7     0.46  0.46205
  0.9999      0.8 0.460667   0.4797
  0.9999      0.9 0.495333 0.491926
  0.9999        1 0.499333 0.497198
  0.9999        2      0.5 0.499937
  0.9999        4      0.5  0.49995