       0     0.05    0.475    0.475
       0      0.1    0.475    0.475
       0     0.15    0.475    0.475
       0      0.2    0.475    0.475
       0      0.3    0.475    0.475
       0      0.4    0.475    0.475
       0      0.5    0.475    0.475
       0      0.6    0.475    0.475
       0      0.7    0.475    0.475
       0      0.8    0.475    0.475
       0      0.9    0.475    0.475
       0        1    0.475    0.475
       0        2    0.475    0.475
       0        4    0.475    0.475
     0.2     0.05   0.4775  0.47914
     0.2      0.1   0.4825 0.486626
     0.2     0.15   0.4825 0.485267
     0.2      0.2     0.48 0.486099
     0.2      0.3     0.51 0.485656
     0.2      0.4   0.4925 0.476542
     0.2      0.5   0.4875 0.472285
     0.2      0.6   0.4825 0.469759
     0.2      0.7   0.4725 0.468311
     0.2      0.8   0.4725 0.467731
     0.2      0.9   0.4625 0.467688
     0.2        1    0.465 0.467927
     0.2        2   0.4775 0.472458
     0.2        4    0.465 0.474817
     0.4     0.05   0.4775 0.479781
     0.4      0.1     0.49  0.48662
     0.4     0.15     0.49  0.48704
     0.4      0.2     0.49 0.487824
     0.4      0.3     0.49 0.483781
     0.4      0.4    0.505 0.475237
     0.4      0.5   0.4825 0.471022
     0.4      0.6     0.48 0.468989
     0.4      0.7   0.4725 0.468083
     0.4      0.8    0.465  0.46793
     0.4      0.9    0.465 0.468185
     0.4        1   0.4625 0.468639
     0.4        2    0.465 0.473512
     0.4        4   0.4525 0.475431
     0.6     0.05   0.4775 0.481128
     0.6      0.1   0.4875 0.487122
     0.6     0.15     0.49 0.489769
     0.6      0.2     0.49 0.490596
     0.6      0.3   0.4875 0.483256
     0.6      0.4      0.5 0.473968
     0.6      0.5   0.4825 0.469948
     0.6      0.6    0.475 0.468498
     0.6      0.7    0.475 0.468337
     0.6      0.8     0.47 0.468763
     0.6      0.9     0.47 0.469396
     0.6        1   0.4725 0.470097
     0.6        2    0.455 0.475072
     0.6        4     0.47 0.476485
     0.8     0.05   0.4875 0.483809
     0.8      0.1   0.4875 0.489174
     0.8     0.15   0.4975 0.492794
     0.8      0.2     0.49 0.493026
     0.8      0.3   0.4875 0.482426
     0.8      0.4   0.4825 0.472889
     0.8      0.5   0.4775 0.469597
     0.8      0.6    0.485 0.469478
     0.8      0.7   0.4725 0.470543
     0.8      0.8     0.47 0.471725
     0.8      0.9    0.465 0.472788
     0.8        1   0.4575 0.473733
     0.8        2   0.4725 0.478176
     0.8        4   0.4725 0.479019
     0.9     0.05   0.4875 0.485537
     0.9      0.1     0.49  0.49143
     0.9     0.15   0.4925 0.494661
     0.9      0.2      0.5 0.493467
     0.9      0.3     0.48 0.481472
     0.9      0.4    0.475 0.473031
     0.9      0.5   0.4825 0.471447
     0.9      0.6    0.475 0.472897
     0.9      0.7   0.4575 0.474815
     0.9      0.8    0.455 0.476369
     0.9      0.9     0.46 0.477591
     0.9        1    0.455 0.478578
     0.9        2     0.47  0.48211
     0.9        4    0.475 0.482662
    0.95     0.05   0.4875 0.486164
    0.95      0.1    0.495 0.493687
    0.95     0.15      0.5 0.496136
    0.95      0.2   0.5025 0.492454
    0.95      0.3     0.48 0.481315
    0.95      0.4     0.47 0.474843
    0.95      0.5     0.48 0.475611
    0.95      0.6     0.45 0.478224
    0.95      0.7   0.4475 0.480449
    0.95      0.8   0.4575 0.482039
    0.95      0.9   0.4625 0.483201
    0.95        1     0.47 0.484074
    0.95        2    0.475 0.486702
    0.95        4    0.475 0.487108
    0.99     0.05   0.4875 0.486289
    0.99      0.1    0.495 0.495591
    0.99     0.15   0.5025 0.498174
    0.99      0.2   0.4925 0.488639
    0.99      0.3     0.48 0.483994
    0.99      0.4    0.455 0.485315
    0.99      0.5   0.4625  0.48896
    0.99      0.6   0.4675  0.49129
    0.99      0.7     0.47 0.492696
    0.99      0.8    0.465 0.493572
    0.99      0.9     0.47 0.494145
    0.99        1    0.475 0.494534
    0.99        2    0.475 0.495587
    0.99        4    0.475 0.495768
   0.999     0.05     0.49 0.490184
   0.999      0.1   0.5025 0.500087
   0.999     0.15    0.495 0.490779
   0.999      0.2   0.4875 0.492874
   0.999      0.3   0.4775  0.49356
   0.999      0.4      0.5 0.497417
   0.999      0.5      0.5 0.498414
   0.999      0.6      0.5  0.49884
   0.999      0.7      0.5 0.499066
   0.999      0.8      0.5 0.499197
   0.999      0.9      0.5 0.499279
   0.999        1      0.5 0.499334
   0.999        2      0.5  0.49948
   0.999        4    0.485 0.499505
  0.9999     0.05    0.495 0.493845
  0.9999      0.1   0.5025 0.502238
  0.9999     0.15   0.4925 0.492241
  0.9999      0.2    0.505 0.497051
  0.9999      0.3      0.5 0.498837
  0.9999      0.4      0.5 0.499719
  0.9999      0.5      0.5 0.499834
  0.9999      0.6      0.5  0.49988
  0.9999      0.7      0.5 0.499904
  0.9999      0.8      0.5 0.499918
  0.9999      0.9      0.5 0.499926
  0.9999        1      0.5 0.499932
  0.9999        2      0.5 0.499947
  0.9999        4      0.5  0.49995