       0     0.05     0.49     0.49
     0.2     0.05     0.49     0.49
     0.4     0.05     0.49     0.49
     0.6     0.05     0.49     0.49
     0.8     0.05     0.49     0.49
     0.9     0.05     0.49     0.49
    0.95     0.05     0.49     0.49
    0.99     0.05     0.49     0.49
   0.999     0.05     0.49     0.49
  0.9999     0.05     0.49     0.49
       0      0.1     0.49     0.49
     0.2      0.1 0.449333 0.442394
     0.4      0.1    0.454 0.448515
     0.6      0.1 0.449333 0.450579
     0.8      0.1 0.448667 0.451639
     0.9      0.1 0.449333 0.452547
    0.95      0.1     0.45  0.45323
    0.99      0.1 0.451333 0.453838
   0.999      0.1    0.458 0.456087
  0.9999      0.1    0.458 0.459344
       0     0.15     0.49     0.49
     0.2     0.15    0.414 0.421051
     0.4     0.15     0.43 0.429748
     0.6     0.15    0.434 0.437947
     0.8     0.15 0.444667 0.445121
     0.9     0.15 0.440667 0.448542
    0.95     0.15    0.452 0.450625
    0.99     0.15 0.460667 0.456538
   0.999     0.15     0.47 0.471547
  0.9999     0.15 0.482667 0.480265
       0      0.2     0.49     0.49
     0.2      0.2 0.407333 0.418031
     0.4      0.2 0.407333 0.423218
     0.6      0.2 0.416667 0.429671
     0.8      0.2     0.42 0.438318
     0.9      0.2    0.432 0.445169
    0.95      0.2 0.451333 0.451758
    0.99      0.2 0.475333 0.466214
   0.999      0.2    0.482 0.476054
  0.9999      0.2    0.484 0.480756
       0      0.3     0.49     0.49
     0.2      0.3 0.387333 0.418021
     0.4      0.3 0.391333  0.42795
     0.6      0.3 0.397333 0.438795
     0.8      0.3 0.418667 0.453733
     0.9      0.3    0.456 0.465244
    0.95      0.3 0.470667 0.473817
    0.99      0.3 0.484667 0.485912
   0.999      0.3 0.490667 0.494801
  0.9999      0.3      0.5 0.498983
       0      0.4     0.49     0.49
     0.2      0.4 0.373333 0.430487
     0.4      0.4 0.379333 0.441921
     0.6      0.4    0.394  0.45431
     0.8      0.4 0.440667 0.469353
     0.9      0.4 0.470667 0.478996
    0.95      0.4 0.483333 0.485157
    0.99      0.4 0.488667 0.493265
   0.999      0.4 0.496667 0.498717
  0.9999      0.4      0.5 0.499855
       0      0.5     0.49     0.49
     0.2      0.5 0.366667 0.447007
     0.4      0.5    0.366 0.456307
     0.6      0.5    0.386 0.466336
     0.8      0.5 0.436667 0.477702
     0.9      0.5    0.478 0.484434
    0.95      0.5    0.488 0.488685
    0.99      0.5     0.49 0.495009
   0.999      0.5 0.496667 0.499203
  0.9999      0.5      0.5 0.499915
       0      0.6     0.49     0.49
     0.2      0.6 0.365333 0.459966
     0.4      0.6 0.362667 0.466887
     0.6      0.6 0.376667 0.474235
     0.8      0.6 0.435333  0.48231
     0.9      0.6 0.484667 0.487057
    0.95      0.6 0.489333 0.490241
    0.99      0.6     0.49   0.4957
   0.999      0.6    0.494 0.499355
  0.9999      0.6      0.5 0.499932
       0      0.7     0.49     0.49
     0.2      0.7    0.356 0.468328
     0.4      0.7 0.362667   0.4735
     0.6      0.7    0.374 0.478935
     0.8      0.7 0.436667 0.484866
     0.9      0.7 0.485333 0.488445
    0.95      0.7     0.49 0.491043
    0.99      0.7     0.49 0.496037
   0.999      0.7 0.490667 0.499421
  0.9999      0.7      0.5 0.499939
       0      0.8     0.49     0.49
     0.2      0.8 0.349333 0.473697
     0.4      0.8 0.355333 0.477675
     0.6      0.8 0.385333 0.481838
     0.8      0.8    0.432 0.486401
     0.9      0.8    0.486 0.489264
    0.95      0.8     0.49  0.49151
    0.99      0.8     0.49 0.496223
   0.999      0.8     0.49 0.499455
  0.9999      0.8      0.5 0.499943
       0      0.9     0.49     0.49
     0.2      0.9 0.355333 0.477297
     0.4      0.9    0.362 0.480449
     0.6      0.9 0.383333 0.483746
     0.8      0.9 0.429333 0.487396
     0.9      0.9 0.486667  0.48979
    0.95      0.9     0.49 0.491807
    0.99      0.9     0.49 0.496336
   0.999      0.9     0.49 0.499475
  0.9999      0.9      0.5 0.499945
       0        1     0.49     0.49
     0.2        1 0.355333  0.47982
     0.4        1 0.362667 0.482383
     0.6        1    0.384 0.485066
     0.8        1    0.428 0.488079
     0.9        1 0.484667 0.490149
    0.95        1     0.49 0.492008
    0.99        1     0.49 0.496409
   0.999        1     0.49 0.499488
  0.9999        1      0.5 0.499946
       0        2     0.49     0.49
     0.2        2     0.36 0.487574
     0.4        2     0.37  0.48827
     0.6        2 0.380667 0.489046
     0.8        2 0.423333 0.490113
     0.9        2 0.482667 0.491205
    0.95        2     0.49 0.492585
    0.99        2     0.49 0.496599
   0.999        2     0.49 0.499517
  0.9999        2     0.49  0.49995
       0        4     0.49     0.49
     0.2        4    0.362 0.489436
     0.4        4    0.368 0.489671
     0.6        4 0.381333 0.489984
     0.8        4 0.425333 0.490586
     0.9        4    0.482 0.491447
    0.95        4     0.49 0.492713
    0.99        4     0.49 0.496635
   0.999        4     0.49 0.499522
  0.9999        4     0.49  0.49995