       0     0.05 0.493333 0.493333
     0.2     0.05    0.238 0.263343
     0.4     0.05 0.233333 0.268079
     0.6     0.05 0.234667   0.2811
     0.8     0.05 0.247333 0.316731
     0.9     0.05    0.276  0.36096
    0.95     0.05 0.323333 0.402816
    0.99     0.05    0.412 0.466229
   0.999     0.05 0.444667 0.495414
  0.9999     0.05      0.5  0.49952
       0      0.1 0.493333 0.493333
     0.2      0.1 0.291333 0.369891
     0.4      0.1    0.314 0.388782
     0.6      0.1 0.345333 0.412726
     0.8      0.1    0.422 0.444193
     0.9      0.1 0.439333 0.464767
    0.95      0.1 0.450667 0.477805
    0.99      0.1 0.458667 0.492845
   0.999      0.1 0.493333 0.499028
  0.9999      0.1      0.5 0.499898
       0     0.15 0.493333 0.493333
     0.2     0.15    0.416 0.444557
     0.4     0.15 0.431333 0.454962
     0.6     0.15 0.441333 0.466109
     0.8     0.15 0.453333 0.478324
     0.9     0.15 0.461333 0.485429
    0.95     0.15 0.462667 0.489887
    0.99     0.15 0.451333 0.495905
   0.999     0.15 0.493333 0.499375
  0.9999     0.15      0.5 0.499934
       0      0.2 0.493333 0.493333
     0.2      0.2 0.450667 0.476248
     0.4      0.2 0.457333 0.479978
     0.6      0.2 0.462667 0.483761
     0.8      0.2 0.466667  0.48796
     0.9      0.2    0.476 0.490726
    0.95      0.2 0.491333 0.492793
    0.99      0.2 0.493333 0.496596
   0.999      0.2 0.493333 0.499455
  0.9999      0.2      0.5 0.499942
       0      0.3 0.493333 0.493333
     0.2      0.3 0.484667 0.489278
     0.4      0.3    0.486 0.489718
     0.6      0.3 0.487333 0.490437
     0.8      0.3 0.492667 0.491719
     0.9      0.3 0.510667 0.492899
    0.95      0.3    0.474 0.494024
    0.99      0.3 0.493333 0.496912
   0.999      0.3 0.493333 0.499497
  0.9999      0.3      0.5 0.499946
       0      0.4 0.493333 0.493333
     0.2      0.4 0.493333 0.490281
     0.4      0.4    0.492 0.490761
     0.6      0.4    0.494 0.491443
     0.8      0.4     0.51 0.492487
     0.9      0.4 0.515333 0.493389
    0.95      0.4    0.426 0.494312
    0.99      0.4 0.493333    0.497
   0.999      0.4 0.493333 0.499511
  0.9999      0.4      0.5 0.499948
       0      0.5 0.493333 0.493333
     0.2      0.5 0.494667 0.490866
     0.4      0.5 0.497333 0.491371
     0.6      0.5    0.496 0.491997
     0.8      0.5 0.510667 0.492863
     0.9      0.5 0.492667 0.493613
    0.95      0.5 0.442667  0.49444
    0.99      0.5 0.493333 0.497043
   0.999      0.5 0.493333 0.499519
  0.9999      0.5      0.5 0.499949
       0      0.6 0.493333 0.493333
     0.2      0.6 0.494667 0.491397
     0.4      0.6    0.498 0.491846
     0.6      0.6 0.498667 0.492375
     0.8      0.6    0.518  0.49309
     0.9      0.6    0.476  0.49374
    0.95      0.6 0.481333 0.494512
    0.99      0.6 0.493333 0.497067
   0.999      0.6 0.493333 0.499524
  0.9999      0.6      0.5 0.499949
       0      0.7 0.493333 0.493333
     0.2      0.7 0.496667 0.491814
     0.4      0.7 0.497333 0.492193
     0.6      0.7 0.498667 0.492633
     0.8      0.7 0.515333 0.493235
     0.9      0.7 0.454667 0.493819
    0.95      0.7    0.492 0.494555
    0.99      0.7 0.493333 0.497083
   0.999      0.7 0.493333 0.499526
  0.9999      0.7 0.493333 0.499949
       0      0.8 0.493333 0.493333
     0.2      0.8    0.496 0.492125
     0.4      0.8 0.496667 0.492444
     0.6      0.8 0.499333 0.492814
     0.8      0.8 0.516667 0.493333
     0.9      0.8 0.443333 0.493871
    0.95      0.8 0.493333 0.494584
    0.99      0.8 0.493333 0.497093
   0.999      0.8 0.493333 0.499528
  0.9999      0.8 0.493333  0.49995
       0      0.9 0.493333 0.493333
     0.2      0.9    0.498 0.492357
     0.4      0.9    0.496 0.492627
     0.6      0.9    0.502 0.492943
     0.8      0.9 0.519333 0.493402
     0.9      0.9 0.440667 0.493908
    0.95      0.9 0.493333 0.494605
    0.99      0.9 0.493333   0.4971
   0.999      0.9 0.493333  0.49953
  0.9999      0.9 0.493333  0.49995
       0        1 0.493333 0.493333
     0.2        1 0.497333 0.492532
     0.4        1    0.496 0.492764
     0.6        1 0.505333 0.493037
     0.8        1 0.519333 0.493452
     0.9        1 0.435333 0.493934
    0.95        1 0.493333 0.494619
    0.99        1 0.493333 0.497105
   0.999        1 0.493333 0.499531
  0.9999        1 0.493333  0.49995
       0        2 0.493333 0.493333
     0.2        2 0.496667 0.493138
     0.4        2 0.496667 0.493228
     0.6        2    0.508 0.493354
     0.8        2 0.522667 0.493615
     0.9        2 0.423333 0.494019
    0.95        2 0.493333 0.494666
    0.99        2 0.493333 0.497122
   0.999        2 0.493333 0.499534
  0.9999        2 0.493333  0.49995
       0        4 0.493333 0.493333
     0.2        4 0.496667 0.493301
     0.4        4 0.495333 0.493351
     0.6        4 0.507333 0.493437
     0.8        4 0.520667 0.493657
     0.9        4    0.422 0.494041
    0.95        4 0.493333 0.494678
    0.99        4 0.493333 0.497126
   0.999        4 0.493333 0.499534
  0.9999        4 0.493333  0.49995