       0     0.05 0.493333 0.493333
     0.2     0.05 0.214667 0.239333
     0.4     0.05    0.216     0.24
     0.6     0.05    0.216 0.240026
     0.8     0.05 0.218667 0.240599
     0.9     0.05 0.218667 0.240969
    0.95     0.05     0.22 0.241663
    0.99     0.05     0.22 0.241667
   0.999     0.05 0.220667 0.242333
  0.9999     0.05 0.221333    0.243
       0      0.1 0.493333 0.493333
     0.2      0.1 0.276667 0.275998
     0.4      0.1    0.274 0.274133
     0.6      0.1    0.274 0.273724
     0.8      0.1    0.272 0.271304
     0.9      0.1 0.271333 0.271095
    0.95      0.1 0.271333 0.271056
    0.99      0.1     0.27  0.26852
   0.999      0.1     0.27 0.267685
  0.9999      0.1     0.27 0.270062
       0     0.15 0.493333 0.493333
     0.2     0.15 0.297333 0.296039
     0.4     0.15 0.278667 0.278954
     0.6     0.15    0.272 0.273106
     0.8     0.15     0.27 0.270705
     0.9     0.15     0.27 0.270957
    0.95     0.15 0.272667 0.271529
    0.99     0.15    0.272 0.271117
   0.999     0.15     0.27 0.270624
  0.9999     0.15 0.270667 0.270619
       0      0.2 0.493333 0.493333
     0.2      0.2 0.288667 0.286324
     0.4      0.2    0.296 0.294025
     0.6      0.2 0.276667 0.281062
     0.8      0.2    0.272 0.272602
     0.9      0.2 0.274667 0.272546
    0.95      0.2 0.273333  0.27218
    0.99      0.2 0.270667 0.270406
   0.999      0.2 0.270667 0.270252
  0.9999      0.2     0.26  0.26299
       0      0.3 0.493333 0.493333
     0.2      0.3    0.274 0.275785
     0.4      0.3 0.280667 0.282241
     0.6      0.3 0.292667 0.280957
     0.8      0.3 0.288667 0.280976
     0.9      0.3 0.273333 0.273312
    0.95      0.3 0.271333 0.269831
    0.99      0.3     0.27 0.268879
   0.999      0.3    0.282 0.278158
  0.9999      0.3    0.286 0.276354
       0      0.4 0.493333 0.493333
     0.2      0.4 0.276667 0.282453
     0.4      0.4 0.277333 0.280181
     0.6      0.4 0.273333 0.276444
     0.8      0.4    0.286 0.272855
     0.9      0.4 0.278667 0.270012
    0.95      0.4    0.282 0.269518
    0.99      0.4 0.280667 0.274647
   0.999      0.4    0.252 0.277175
  0.9999      0.4    0.252 0.294558
       0      0.5 0.493333 0.493333
     0.2      0.5 0.284667 0.295421
     0.4      0.5 0.274667 0.290471
     0.6      0.5 0.271333 0.285605
     0.8      0.5    0.282 0.274863
     0.9      0.5 0.260667 0.267713
    0.95      0.5    0.268 0.267744
    0.99      0.5    0.248 0.275508
   0.999      0.5    0.248 0.310986
  0.9999      0.5 0.323333 0.371629
       0      0.6 0.493333 0.493333
     0.2      0.6 0.293333 0.302527
     0.4      0.6    0.306 0.298237
     0.6      0.6    0.296 0.293193
     0.8      0.6 0.291333 0.283788
     0.9      0.6 0.291333 0.277722
    0.95      0.6 0.257333 0.279521
    0.99      0.6 0.259333 0.304429
   0.999      0.6 0.303333 0.364682
  0.9999      0.6 0.393333  0.41755
       0      0.7 0.493333 0.493333
     0.2      0.7 0.310667 0.309761
     0.4      0.7 0.292667 0.301079
     0.6      0.7     0.31 0.297852
     0.8      0.7 0.297333 0.293905
     0.9      0.7    0.288 0.295604
    0.95      0.7 0.278667 0.304796
    0.99      0.7 0.289333 0.345336
   0.999      0.7 0.357333 0.410176
  0.9999      0.7 0.366667 0.456046
       0      0.8 0.493333 0.493333
     0.2      0.8 0.330667 0.315232
     0.4      0.8    0.336 0.308105
     0.6      0.8 0.299333 0.305455
     0.8      0.8 0.298667 0.308917
     0.9      0.8    0.296 0.320043
    0.95      0.8 0.299333 0.337473
    0.99      0.8 0.314667 0.387495
   0.999      0.8 0.377333 0.446838
  0.9999      0.8 0.473333 0.473326
       0      0.9 0.493333 0.493333
     0.2      0.9 0.344667 0.321744
     0.4      0.9 0.308667 0.319226
     0.6      0.9 0.298667 0.320459
     0.8      0.9    0.296 0.331563
     0.9      0.9 0.303333 0.349722
    0.95      0.9 0.304667 0.371395
    0.99      0.9     0.33 0.421591
   0.999      0.9 0.466667  0.46521
  0.9999      0.9 0.499333 0.482664
       0        1 0.493333 0.493333
     0.2        1 0.319333 0.330666
     0.4        1    0.316 0.332791
     0.6        1    0.312 0.339104
     0.8        1 0.313333 0.356264
     0.9        1 0.315333 0.377608
    0.95        1 0.317333 0.399949
    0.99        1     0.35  0.44365
   0.999        1 0.481333  0.47687
  0.9999        1      0.5 0.493551
       0        2 0.493333 0.493333
     0.2        2 0.332667 0.445619
     0.4        2 0.333333 0.453348
     0.6        2    0.334 0.462862
     0.8        2 0.335333 0.475391
     0.9        2 0.366667 0.483802
    0.95        2 0.471333 0.489235
    0.99        2 0.493333 0.496037
   0.999        2 0.493333 0.499431
  0.9999        2      0.5  0.49994
       0        4 0.493333 0.493333
     0.2        4 0.322667 0.488201
     0.4        4 0.312667  0.48943
     0.6        4    0.316 0.490756
     0.8        4 0.377333 0.492292
     0.9        4 0.491333 0.493375
    0.95        4 0.493333 0.494385
    0.99        4 0.493333 0.497144
   0.999        4 0.493333  0.49955
  0.9999        4      0.5 0.499952