       0     0.05 0.496667 0.496667
     0.2     0.05 0.337333 0.329333
     0.4     0.05 0.340667 0.330333
     0.6     0.05 0.342667 0.331333
     0.8     0.05    0.342 0.334333
     0.9     0.05    0.342 0.335333
    0.95     0.05    0.342 0.335333
    0.99     0.05    0.342    0.337
   0.999     0.05    0.342    0.339
  0.9999     0.05    0.342 0.341667
       0      0.1 0.496667 0.496667
     0.2      0.1     0.43 0.404379
     0.4      0.1    0.422 0.399604
     0.6      0.1    0.422 0.397355
     0.8      0.1 0.414667 0.391236
     0.9      0.1 0.414667  0.39184
    0.95      0.1    0.414 0.391139
    0.99      0.1 0.413333 0.389495
   0.999      0.1     0.41 0.386812
  0.9999      0.1 0.406667 0.384114
       0     0.15 0.496667 0.496667
     0.2     0.15 0.430667  0.43145
     0.4     0.15     0.43 0.427493
     0.6     0.15 0.421333  0.42346
     0.8     0.15 0.420667  0.41832
     0.9     0.15 0.412667 0.412683
    0.95     0.15 0.408667 0.410356
    0.99     0.15 0.407333 0.408687
   0.999     0.15    0.408 0.407013
  0.9999     0.15 0.402667 0.399927
       0      0.2 0.496667 0.496667
     0.2      0.2 0.429333 0.427879
     0.4      0.2 0.430667 0.429907
     0.6      0.2 0.429333  0.42704
     0.8      0.2 0.421333 0.423083
     0.9      0.2    0.412 0.416887
    0.95      0.2     0.41 0.413117
    0.99      0.2    0.408 0.409021
   0.999      0.2 0.403333 0.402698
  0.9999      0.2    0.392 0.399518
       0      0.3 0.496667 0.496667
     0.2      0.3    0.438 0.437565
     0.4      0.3 0.432667  0.42823
     0.6      0.3 0.429333  0.42478
     0.8      0.3    0.428 0.426631
     0.9      0.3    0.432 0.424861
    0.95      0.3 0.417333 0.424313
    0.99      0.3    0.418 0.423374
   0.999      0.3 0.443333 0.433994
  0.9999      0.3 0.443333  0.44018
       0      0.4 0.496667 0.496667
     0.2      0.4    0.446 0.446057
     0.4      0.4 0.443333 0.439477
     0.6      0.4 0.432667 0.429121
     0.8      0.4 0.433333 0.424529
     0.9      0.4    0.434 0.425467
    0.95      0.4 0.440667 0.428391
    0.99      0.4 0.436667 0.433622
   0.999      0.4    0.442 0.437066
  0.9999      0.4 0.445333 0.429498
       0      0.5 0.496667 0.496667
     0.2      0.5 0.458667 0.454131
     0.4      0.5 0.450667 0.446008
     0.6      0.5 0.442667 0.438073
     0.8      0.5    0.434 0.423442
     0.9      0.5 0.432667 0.418583
    0.95      0.5 0.434667 0.420599
    0.99      0.5 0.436667 0.428627
   0.999      0.5 0.490667 0.424643
  0.9999      0.5 0.442667 0.424488
       0      0.6 0.496667 0.496667
     0.2      0.6 0.464667 0.457847
     0.4      0.6 0.455333 0.450891
     0.6      0.6    0.454 0.442263
     0.8      0.6    0.434  0.42997
     0.9      0.6 0.426667 0.421045
    0.95      0.6 0.425333 0.419724
    0.99      0.6 0.475333 0.417093
   0.999      0.6 0.424667 0.410545
  0.9999      0.6     0.42 0.435054
       0      0.7 0.496667 0.496667
     0.2      0.7    0.464 0.456903
     0.4      0.7    0.464 0.452056
     0.6      0.7    0.458 0.445043
     0.8      0.7     0.44 0.436087
     0.9      0.7     0.43 0.429396
    0.95      0.7     0.47  0.42218
    0.99      0.7 0.414667 0.407501
   0.999      0.7 0.413333 0.419286
  0.9999      0.7 0.365333 0.449232
       0      0.8 0.496667 0.496667
     0.2      0.8 0.466667   0.4536
     0.4      0.8    0.466 0.449512
     0.6      0.8 0.462667 0.444168
     0.8      0.8 0.452667 0.436644
     0.9      0.8    0.478 0.429342
    0.95      0.8    0.424 0.421902
    0.99      0.8 0.412667 0.417118
   0.999      0.8    0.404 0.444751
  0.9999      0.8 0.439333 0.474343
       0      0.9 0.496667 0.496667
     0.2      0.9 0.466667 0.448838
     0.4      0.9 0.464667 0.445651
     0.6      0.9     0.46 0.441269
     0.8      0.9 0.451333 0.434758
     0.9      0.9     0.45  0.42933
    0.95      0.9 0.433333 0.426584
    0.99      0.9 0.436667 0.436223
   0.999      0.9    0.456 0.468659
  0.9999      0.9     0.45  0.48994
       0        1 0.496667 0.496667
     0.2        1    0.464 0.444404
     0.4        1    0.462 0.442074
     0.6        1 0.459333  0.43906
     0.8        1     0.45 0.435087
     0.9        1 0.447333 0.433717
    0.95        1 0.451333 0.436085
    0.99        1    0.422  0.45437
   0.999        1 0.438667  0.48221
  0.9999        1 0.496667  0.49604
       0        2 0.496667 0.496667
     0.2        2 0.429333 0.453852
     0.4        2 0.427333  0.45797
     0.6        2    0.404 0.464144
     0.8        2 0.415333  0.47422
     0.9        2 0.429333  0.48234
    0.95        2 0.462667  0.48822
    0.99        2 0.494667 0.495447
   0.999        2 0.496667 0.499059
  0.9999        2      0.5 0.499885
       0        4 0.496667 0.496667
     0.2        4 0.392667 0.486033
     0.4        4 0.401333  0.48825
     0.6        4 0.434667 0.490714
     0.8        4 0.460667 0.493526
     0.9        4     0.48 0.495155
    0.95        4 0.495333 0.496139
    0.99        4 0.496667 0.497699
   0.999        4 0.496667 0.499484
  0.9999        4      0.5 0.499941