       0     0.05     0.47     0.49
     0.2     0.05 0.177333 0.189923
     0.4     0.05    0.176 0.196326
     0.6     0.05 0.173333 0.209333
     0.8     0.05    0.166 0.243398
     0.9     0.05 0.174667 0.291328
    0.95     0.05 0.183333 0.345864
    0.99     0.05 0.241333 0.446084
   0.999     0.05    0.472 0.492246
  0.9999     0.05     0.48 0.498173
       0      0.1     0.47     0.49
     0.2      0.1 0.166667 0.246854
     0.4      0.1 0.166667 0.268013
     0.6      0.1 0.175333 0.300092
     0.8      0.1 0.207333 0.355699
     0.9      0.1    0.242 0.403969
    0.95      0.1 0.263333 0.439928
    0.99      0.1    0.392 0.482344
   0.999      0.1     0.48 0.496381
  0.9999      0.1     0.48 0.498021
       0     0.15     0.47     0.49
     0.2     0.15    0.198 0.319776
     0.4     0.15 0.213333 0.343141
     0.6     0.15    0.236 0.373947
     0.8     0.15 0.265333 0.417537
     0.9     0.15 0.291333 0.448228
    0.95     0.15    0.336 0.468032
    0.99     0.15     0.47 0.489524
   0.999     0.15     0.48 0.496972
  0.9999     0.15     0.48  0.49789
       0      0.2     0.47     0.49
     0.2      0.2 0.240667 0.374638
     0.4      0.2    0.254 0.394156
     0.6      0.2 0.275333 0.417855
     0.8      0.2 0.296667 0.447993
     0.9      0.2 0.335333 0.467172
    0.95      0.2 0.418667 0.478879
    0.99      0.2     0.47 0.491979
   0.999      0.2     0.48 0.497186
  0.9999      0.2     0.48 0.497868
       0      0.3     0.47     0.49
     0.2      0.3    0.288 0.437628
     0.4      0.3 0.298667 0.448415
     0.6      0.3 0.306667 0.460376
     0.8      0.3 0.351333 0.473984
     0.9      0.3 0.450667 0.481946
    0.95      0.3     0.47 0.486916
    0.99      0.3     0.47 0.493897
   0.999      0.3     0.48 0.497582
  0.9999      0.3     0.48 0.498105
       0      0.4     0.47     0.49
     0.2      0.4 0.309333 0.465959
     0.4      0.4 0.315333 0.471305
     0.6      0.4 0.344667 0.476979
     0.8      0.4 0.434667 0.483203
     0.9      0.4     0.47 0.486964
    0.95      0.4     0.47 0.489692
    0.99      0.4     0.47 0.494798
   0.999      0.4     0.48 0.498016
  0.9999      0.4     0.48 0.498487
       0      0.5     0.47     0.49
     0.2      0.5 0.320667 0.478102
     0.4      0.5 0.333333  0.48081
     0.6      0.5    0.386  0.48365
     0.8      0.5    0.468 0.486827
     0.9      0.5     0.47 0.488985
    0.95      0.5     0.47 0.490895
    0.99      0.5     0.47 0.495336
   0.999      0.5    0.478 0.498379
  0.9999      0.5     0.48 0.498828
       0      0.6     0.47     0.49
     0.2      0.6 0.326667 0.483511
     0.4      0.6    0.352 0.484995
     0.6      0.6 0.428667 0.486568
     0.8      0.6     0.47 0.488438
     0.9      0.6     0.47  0.48993
    0.95      0.6     0.47 0.491507
    0.99      0.6     0.47 0.495679
   0.999      0.6     0.47 0.498647
  0.9999      0.6     0.48 0.499087
       0      0.7     0.47     0.49
     0.2      0.7 0.331333 0.486132
     0.4      0.7     0.38 0.487022
     0.6      0.7 0.453333 0.487991
     0.8      0.7     0.47 0.489249
     0.9      0.7     0.47 0.490434
    0.95      0.7     0.47 0.491858
    0.99      0.7     0.47 0.495908
   0.999      0.7     0.47  0.49884
  0.9999      0.7     0.48 0.499275
       0      0.8     0.47     0.49
     0.2      0.8    0.342  0.48752
     0.4      0.8 0.402667   0.4881
     0.6      0.8    0.462 0.488757
     0.8      0.8     0.47 0.489702
     0.9      0.8     0.47 0.490731
    0.95      0.8     0.47 0.492079
    0.99      0.8     0.47 0.496066
   0.999      0.8     0.47 0.498979
  0.9999      0.8     0.48 0.499411
       0      0.9     0.47     0.49
     0.2      0.9 0.351333 0.488315
     0.4      0.9 0.420667 0.488722
     0.6      0.9     0.47 0.489206
     0.8      0.9     0.47 0.489977
     0.9      0.9     0.47 0.490921
    0.95      0.9     0.47 0.492226
    0.99      0.9     0.47  0.49618
   0.999      0.9     0.47 0.499082
  0.9999      0.9     0.48 0.499512
       0        1     0.47     0.49
     0.2        1 0.360667   0.4888
     0.4        1    0.436 0.489105
     0.6        1     0.47 0.489486
     0.8        1     0.47 0.490156
     0.9        1     0.47 0.491049
    0.95        1     0.47  0.49233
    0.99        1     0.47 0.496263
   0.999        1     0.47 0.499159
  0.9999        1     0.48 0.499588
       0        2     0.47     0.49
     0.2        2 0.403333 0.489865
     0.4        2     0.47 0.489969
     0.6        2     0.47 0.490151
     0.8        2     0.47 0.490622
     0.9        2     0.47 0.491418
    0.95        2     0.47 0.492651
    0.99        2     0.47 0.496546
   0.999        2     0.47 0.499427
  0.9999        2     0.47 0.499854
       0        4     0.47     0.49
     0.2        4     0.42 0.490012
     0.4        4     0.47 0.490097
     0.6        4     0.47  0.49026
     0.8        4     0.47 0.490713
     0.9        4     0.47   0.4915
    0.95        4     0.47 0.492729
    0.99        4     0.47 0.496621
   0.999        4     0.47 0.499499
  0.9999        4     0.47 0.499926