       0     0.05    0.498 0.493333
     0.2     0.05 0.496667 0.494062
     0.4     0.05 0.493333 0.494792
     0.6     0.05 0.486667 0.495509
     0.8     0.05     0.49 0.496231
     0.9     0.05 0.487333 0.496383
    0.95     0.05 0.491333 0.496329
    0.99     0.05    0.486  0.49732
   0.999     0.05    0.472 0.499468
  0.9999     0.05 0.500667 0.499958
       0      0.1    0.498 0.493333
     0.2      0.1    0.492 0.495539
     0.4      0.1    0.488 0.495835
     0.6      0.1 0.489333 0.495816
     0.8      0.1 0.494667 0.495373
     0.9      0.1    0.494 0.495026
    0.95      0.1 0.486667 0.495097
    0.99      0.1 0.485333 0.497013
   0.999      0.1 0.488667 0.499439
  0.9999      0.1 0.495333 0.499885
       0     0.15    0.498 0.493333
     0.2     0.15 0.497333 0.495532
     0.4     0.15 0.494667 0.495247
     0.6     0.15 0.492667 0.494863
     0.8     0.15    0.486 0.494391
     0.9     0.15    0.476 0.494299
    0.95     0.15    0.476 0.494678
    0.99     0.15 0.494667 0.496958
   0.999     0.15 0.488667 0.499444
  0.9999     0.15 0.495333 0.499893
       0      0.2    0.498 0.493333
     0.2      0.2 0.499333 0.494637
     0.4      0.2 0.494667 0.494379
     0.6      0.2 0.483333 0.494093
     0.8      0.2    0.476 0.493867
     0.9      0.2    0.478 0.494023
    0.95      0.2 0.477333 0.494563
    0.99      0.2    0.502  0.49695
   0.999      0.2 0.488667 0.499456
  0.9999      0.2 0.491333 0.499908
       0      0.3    0.498 0.493333
     0.2      0.3     0.48 0.493571
     0.4      0.3 0.476667 0.493472
     0.6      0.3 0.477333 0.493418
     0.8      0.3 0.479333  0.49354
     0.9      0.3    0.482 0.493909
    0.95      0.3 0.483333 0.494541
    0.99      0.3      0.5 0.496974
   0.999      0.3 0.488667 0.499474
  0.9999      0.3 0.488667 0.499922
       0      0.4    0.498 0.493333
     0.2      0.4 0.476667 0.493202
     0.4      0.4 0.477333  0.49321
     0.6      0.4 0.480667 0.493278
     0.8      0.4    0.478 0.493518
     0.9      0.4    0.476 0.493927
    0.95      0.4 0.483333  0.49457
    0.99      0.4 0.493333  0.49701
   0.999      0.4 0.488667 0.499487
  0.9999      0.4 0.488667 0.499927
       0      0.5    0.498 0.493333
     0.2      0.5 0.473333 0.493119
     0.4      0.5 0.476667 0.493174
     0.6      0.5 0.478667 0.493282
     0.8      0.5    0.482 0.493546
     0.9      0.5 0.487333 0.493956
    0.95      0.5 0.494667 0.494599
    0.99      0.5 0.488667 0.497042
   0.999      0.5 0.488667 0.499499
  0.9999      0.5 0.488667 0.499931
       0      0.6    0.498 0.493333
     0.2      0.6    0.476 0.493128
     0.4      0.6 0.479333 0.493198
     0.6      0.6    0.478 0.493313
     0.8      0.6 0.479333 0.493574
     0.9      0.6 0.486667 0.493978
    0.95      0.6 0.498667 0.494619
    0.99      0.6 0.488667 0.497064
   0.999      0.6 0.488667 0.499507
  0.9999      0.6 0.488667 0.499935
       0      0.7    0.498 0.493333
     0.2      0.7 0.474667 0.493159
     0.4      0.7 0.477333  0.49323
     0.6      0.7     0.48 0.493342
     0.8      0.7 0.480667 0.493595
     0.9      0.7 0.486667 0.493994
    0.95      0.7 0.497333 0.494634
    0.99      0.7 0.488667 0.497079
   0.999      0.7 0.488667 0.499513
  0.9999      0.7 0.488667 0.499938
       0      0.8    0.498 0.493333
     0.2      0.8 0.475333  0.49319
     0.4      0.8     0.48 0.493258
     0.6      0.8 0.481333 0.493366
     0.8      0.8    0.482 0.493611
     0.9      0.8 0.490667 0.494005
    0.95      0.8    0.496 0.494644
    0.99      0.8 0.488667 0.497089
   0.999      0.8 0.488667 0.499518
  0.9999      0.8 0.488667  0.49994
       0      0.9    0.498 0.493333
     0.2      0.9 0.475333 0.493217
     0.4      0.9     0.48 0.493281
     0.6      0.9     0.48 0.493384
     0.8      0.9 0.481333 0.493622
     0.9      0.9    0.492 0.494014
    0.95      0.9    0.496 0.494651
    0.99      0.9 0.488667 0.497097
   0.999      0.9 0.488667 0.499521
  0.9999      0.9 0.488667 0.499942
       0        1    0.498 0.493333
     0.2        1 0.475333 0.493238
     0.4        1     0.48 0.493299
     0.6        1 0.478667 0.493397
     0.8        1 0.479333 0.493631
     0.9        1 0.492667  0.49402
    0.95        1 0.491333 0.494657
    0.99        1 0.488667 0.497103
   0.999        1 0.488667 0.499523
  0.9999        1 0.488667 0.499943
       0        2    0.498 0.493333
     0.2        2 0.477333 0.493323
     0.4        2 0.480667 0.493367
     0.6        2 0.480667 0.493446
     0.8        2     0.48 0.493661
     0.9        2     0.49 0.494041
    0.95        2 0.495333 0.494675
    0.99        2 0.488667 0.497121
   0.999        2 0.488667 0.499532
  0.9999        2 0.488667 0.499948
       0        4    0.498 0.493333
     0.2        4 0.477333 0.493347
     0.4        4 0.480667 0.493386
     0.6        4 0.480667  0.49346
     0.8        4     0.48 0.493668
     0.9        4 0.488667 0.494046
    0.95        4    0.494  0.49468
    0.99        4 0.488667 0.497126
   0.999        4 0.488667 0.499534
  0.9999        4 0.488667  0.49995