        0      0.05  0.193333  0.493333
      0.2      0.05  0.193333  0.378667
      0.4      0.05  0.193333     0.378
      0.6      0.05  0.193333     0.378
      0.8      0.05  0.193333     0.378
      0.9      0.05  0.193333     0.378
     0.95      0.05  0.193333     0.378
     0.99      0.05  0.193333     0.378
    0.999      0.05  0.193333  0.377667
   0.9999      0.05  0.193333     0.377
        0       0.1  0.193333  0.493333
      0.2       0.1  0.244667   0.24357
      0.4       0.1  0.235333  0.233558
      0.6       0.1  0.226667  0.225381
      0.8       0.1     0.218  0.213288
      0.9       0.1      0.21  0.204531
     0.95       0.1  0.208667  0.197632
     0.99       0.1  0.178667  0.188178
    0.999       0.1  0.172667   0.18023
   0.9999       0.1  0.166667  0.170902
        0      0.15  0.193333  0.493333
      0.2      0.15  0.254667  0.254117
      0.4      0.15  0.248667  0.246609
      0.6      0.15  0.236667  0.235399
      0.8      0.15  0.219333  0.222307
      0.9      0.15  0.209333  0.210965
     0.95      0.15     0.204  0.200445
     0.99      0.15  0.169333  0.176846
    0.999      0.15  0.158667   0.15723
   0.9999      0.15  0.148667  0.115763
        0       0.2  0.193333  0.493333
      0.2       0.2     0.264   0.25686
      0.4       0.2  0.253333  0.251265
      0.6       0.2  0.246667  0.241458
      0.8       0.2  0.219333  0.223553
      0.9       0.2  0.209333  0.205481
     0.95       0.2  0.179333  0.187579
     0.99       0.2     0.162  0.160098
    0.999       0.2  0.146667  0.112543
   0.9999       0.2 0.0593333 0.0916447
        0       0.3  0.193333  0.493333
      0.2       0.3  0.256667   0.25651
      0.4       0.3  0.256667  0.252863
      0.6       0.3  0.249333  0.242501
      0.8       0.3  0.225333  0.221258
      0.9       0.3  0.188667  0.198215
     0.95       0.3  0.174667  0.176572
     0.99       0.3  0.141333  0.131815
    0.999       0.3      0.06 0.0958391
   0.9999       0.3 0.0633333 0.0804192
        0       0.4  0.193333  0.493333
      0.2       0.4  0.256667  0.260217
      0.4       0.4  0.245333  0.243939
      0.6       0.4      0.24  0.231589
      0.8       0.4     0.216  0.209311
      0.9       0.4  0.185333  0.187335
     0.95       0.4  0.160667     0.167
     0.99       0.4     0.138  0.134454
    0.999       0.4 0.0606667   0.11688
   0.9999       0.4     0.078  0.107741
        0       0.5  0.193333  0.493333
      0.2       0.5     0.272   0.27777
      0.4       0.5  0.244667  0.253848
      0.6       0.5  0.207333  0.230715
      0.8       0.5  0.177333  0.205109
      0.9       0.5      0.18  0.185939
     0.95       0.5  0.150667  0.170019
     0.99       0.5 0.0553333  0.145307
    0.999       0.5 0.0726667  0.120951
   0.9999       0.5  0.103333  0.127724
        0       0.6  0.193333  0.493333
      0.2       0.6     0.278  0.287823
      0.4       0.6  0.254667  0.265781
      0.6       0.6  0.209333  0.241647
      0.8       0.6     0.168  0.213561
      0.9       0.6     0.126  0.195156
     0.95       0.6 0.0733333  0.182462
     0.99       0.6 0.0626667  0.162569
    0.999       0.6     0.098  0.149337
   0.9999       0.6  0.170667  0.189596
        0       0.7  0.193333  0.493333
      0.2       0.7  0.269333  0.291401
      0.4       0.7     0.244  0.272877
      0.6       0.7  0.220667   0.25229
      0.8       0.7  0.156667   0.22869
      0.9       0.7       0.1  0.215106
     0.95       0.7 0.0706667  0.206358
     0.99       0.7 0.0766667  0.188694
    0.999       0.7  0.129333   0.20351
   0.9999       0.7  0.199333  0.239831
        0       0.8  0.193333  0.493333
      0.2       0.8     0.262  0.294211
      0.4       0.8      0.24   0.28005
      0.6       0.8  0.217333  0.264999
      0.8       0.8  0.172667  0.249038
      0.9       0.8 0.0926667  0.240103
     0.95       0.8     0.074  0.233156
     0.99       0.8     0.098  0.225829
    0.999       0.8  0.190667  0.254925
   0.9999       0.8       0.2  0.272514
        0       0.9  0.193333  0.493333
      0.2       0.9  0.254667  0.300096
      0.4       0.9  0.234667  0.290437
      0.6       0.9  0.212667  0.280918
      0.8       0.9     0.172  0.271572
      0.9       0.9 0.0933333  0.266052
     0.95       0.9 0.0853333  0.262228
     0.99       0.9  0.136667  0.267845
    0.999       0.9  0.195333  0.292219
   0.9999       0.9       0.2  0.300112
        0         1  0.193333  0.493333
      0.2         1     0.246  0.309586
      0.4         1     0.228  0.304031
      0.6         1  0.210667  0.299135
      0.8         1  0.172667  0.294988
      0.9         1     0.098  0.293135
     0.95         1     0.102  0.293524
     0.99         1     0.172  0.305414
    0.999         1  0.198667  0.321645
   0.9999         1       0.2    0.3256
        0         2  0.193333  0.493333
      0.2         2     0.232  0.425509
      0.4         2     0.226  0.430561
      0.6         2  0.211333  0.436274
      0.8         2  0.179333  0.442908
      0.9         2  0.187333  0.446848
     0.95         2  0.193333   0.44933
     0.99         2  0.193333  0.453244
    0.999         2       0.2  0.456254
   0.9999         2       0.2    0.4568
        0         4  0.193333  0.493333
      0.2         4  0.241333  0.476662
      0.4         4  0.238667  0.478471
      0.6         4  0.221333  0.480367
      0.8         4  0.197333  0.482449
      0.9         4  0.193333   0.48378
     0.95         4  0.193333  0.484889
     0.99         4  0.193333  0.487712
    0.999         4  0.193333   0.49024
   0.9999         4       0.2  0.490675