        0      0.05  0.166667  0.466667
        0       0.1  0.166667  0.466667
        0      0.15  0.166667  0.466667
        0       0.2  0.166667  0.466667
        0      0.25  0.166667  0.466667
        0       0.3  0.166667  0.466667
        0      0.35  0.166667  0.466667
        0       0.4  0.166667  0.466667
        0      0.45  0.166667  0.466667
        0       0.5  0.166667  0.466667
        0      0.55  0.166667  0.466667
        0       0.6  0.166667  0.466667
        0      0.65  0.166667  0.466667
        0       0.7  0.166667  0.466667
        0      0.75  0.166667  0.466667
        0       0.8  0.166667  0.466667
        0      0.85  0.166667  0.466667
        0       0.9  0.166667  0.466667
        0      0.95  0.166667  0.466667
        0         2  0.166667  0.466667
        0         4  0.166667  0.466667
        0         8  0.166667  0.466667
        0        16  0.166667  0.466667
      0.1      0.05  0.166667  0.466667
      0.1       0.1  0.161333  0.218333
      0.1      0.15 0.0566667 0.0572537
      0.1       0.2 0.0553333 0.0559759
      0.1      0.25 0.0586667 0.0555612
      0.1       0.3 0.0553333 0.0563812
      0.1      0.35 0.0573333 0.0594042
      0.1       0.4 0.0613333 0.0637035
      0.1      0.45 0.0646667  0.067953
      0.1       0.5      0.07 0.0713911
      0.1      0.55      0.07 0.0748735
      0.1       0.6     0.072 0.0793188
      0.1      0.65     0.076 0.0844997
      0.1       0.7     0.078 0.0899048
      0.1      0.75     0.084 0.0952188
      0.1       0.8 0.0893333  0.100267
      0.1      0.85 0.0933333  0.105045
      0.1       0.9 0.0953333  0.109686
      0.1      0.95     0.096   0.11431
      0.1         2  0.142667  0.236215
      0.1         4     0.236  0.412991
      0.1         8  0.269333    0.4559
      0.1        16  0.267333  0.464315
      0.2      0.05  0.166667  0.466667
      0.2       0.1  0.161333  0.218333
      0.2      0.15 0.0566667 0.0568325
      0.2       0.2 0.0546667 0.0560553
      0.2      0.25     0.058  0.055743
      0.2       0.3 0.0566667 0.0554953
      0.2      0.35 0.0573333 0.0565196
      0.2       0.4     0.056 0.0592454
      0.2      0.45     0.062 0.0630016
      0.2       0.5 0.0626667 0.0668101
      0.2      0.55     0.068 0.0704349
      0.2       0.6     0.068 0.0741426
      0.2      0.65 0.0673333 0.0783425
      0.2       0.7     0.072  0.083013
      0.2      0.75     0.076 0.0879259
      0.2       0.8     0.078 0.0929176
      0.2      0.85     0.082 0.0979322
      0.2       0.9     0.086  0.102985
      0.2      0.95 0.0886667  0.108111
      0.2         2  0.141333  0.240264
      0.2         4  0.227333  0.415897
      0.2         8  0.261333  0.456833
      0.2        16     0.264  0.464776
      0.3      0.05  0.166667  0.466667
      0.3       0.1  0.161333  0.218333
      0.3      0.15 0.0553333 0.0561881
      0.3       0.2 0.0573333 0.0564373
      0.3      0.25 0.0546667 0.0556012
      0.3       0.3 0.0573333 0.0554222
      0.3      0.35 0.0566667 0.0556063
      0.3       0.4 0.0553333 0.0569611
      0.3      0.45     0.052 0.0597187
      0.3       0.5 0.0586667 0.0631818
      0.3      0.55 0.0613333 0.0668194
      0.3       0.6     0.064 0.0705521
      0.3      0.65     0.066 0.0744578
      0.3       0.7      0.07 0.0787051
      0.3      0.75 0.0693333 0.0832882
      0.3       0.8 0.0733333 0.0881138
      0.3      0.85     0.076 0.0931241
      0.3       0.9 0.0786667 0.0983197
      0.3      0.95 0.0813333  0.103723
      0.3         2  0.132667  0.244886
      0.3         4  0.220667  0.418957
      0.3         8     0.252  0.457849
      0.3        16     0.258  0.465315
      0.4      0.05  0.166667  0.466667
      0.4       0.1  0.161333  0.218333
      0.4      0.15     0.056 0.0559925
      0.4       0.2 0.0566667 0.0562536
      0.4      0.25 0.0566667  0.055663
      0.4       0.3     0.054 0.0551073
      0.4      0.35 0.0566667 0.0551356
      0.4       0.4     0.056 0.0557724
      0.4      0.45 0.0553333 0.0575302
      0.4       0.5 0.0513333 0.0603629
      0.4      0.55 0.0566667 0.0637381
      0.4       0.6 0.0586667 0.0673998
      0.4      0.65 0.0606667  0.071258
      0.4       0.7     0.066 0.0753283
      0.4      0.75     0.066 0.0797081
      0.4       0.8 0.0653333 0.0844214
      0.4      0.85 0.0693333 0.0894461
      0.4       0.9 0.0746667 0.0947704
      0.4      0.95     0.074  0.100396
      0.4         2  0.126667  0.250213
      0.4         4  0.203333  0.422206
      0.4         8      0.24  0.458981
      0.4        16  0.245333  0.465967
      0.5      0.05  0.166667  0.466667
      0.5       0.1  0.161333  0.218333
      0.5      0.15     0.056  0.055803
      0.5       0.2 0.0553333 0.0556702
      0.5      0.25 0.0573333 0.0554971
      0.5       0.3     0.054 0.0547593
      0.5      0.35 0.0533333 0.0545091
      0.5       0.4 0.0553333 0.0548581
      0.5      0.45 0.0546667 0.0560124
      0.5       0.5     0.054 0.0581698
      0.5      0.55 0.0506667 0.0611389
      0.5       0.6 0.0546667 0.0646077
      0.5      0.65 0.0553333 0.0683912
      0.5       0.7 0.0586667 0.0724126
      0.5      0.75 0.0613333 0.0767126
      0.5       0.8     0.062 0.0813763
      0.5      0.85 0.0626667 0.0864506
      0.5       0.9 0.0653333 0.0919424
      0.5      0.95 0.0693333 0.0978313
      0.5         2  0.116667  0.256438
      0.5         4  0.187333  0.425703
      0.5         8  0.226667  0.460288
      0.5        16     0.236  0.466792
      0.6      0.05  0.166667  0.466667
      0.6       0.1  0.161333  0.218333
      0.6      0.15     0.056 0.0554394
      0.6       0.2     0.056 0.0549196
      0.6      0.25 0.0573333 0.0548884
      0.6       0.3 0.0573333 0.0542591
      0.6      0.35 0.0533333 0.0538014
      0.6       0.4     0.056 0.0539027
      0.6      0.45 0.0553333 0.0547355
      0.6       0.5     0.056 0.0564195
      0.6      0.55     0.054 0.0589421
      0.6       0.6 0.0506667 0.0621435
      0.6      0.65     0.054 0.0658042
      0.6       0.7     0.054 0.0697975
      0.6      0.75 0.0526667 0.0741198
      0.6       0.8 0.0553333  0.078841
      0.6      0.85 0.0573333 0.0840403
      0.6       0.9      0.06  0.089759
      0.6      0.95 0.0613333 0.0959744
      0.6         2  0.104667  0.263854
      0.6         4      0.16   0.42955
      0.6         8     0.212  0.461878
      0.6        16      0.22  0.467898
      0.7      0.05  0.166667  0.466667
      0.7       0.1  0.161333  0.218333
      0.7      0.15     0.056 0.0548112
      0.7       0.2 0.0533333 0.0540666
      0.7      0.25 0.0533333 0.0539258
      0.7       0.3 0.0546667 0.0534283
      0.7      0.35     0.052 0.0529985
      0.7       0.4 0.0513333 0.0529672
      0.7      0.45 0.0533333 0.0535943
      0.7       0.5 0.0546667 0.0549858
      0.7      0.55 0.0533333 0.0571569
      0.7       0.6 0.0493333 0.0600731
      0.7      0.65 0.0466667 0.0635834
      0.7       0.7     0.048 0.0675485
      0.7      0.75     0.048 0.0719448
      0.7       0.8      0.05 0.0768321
      0.7      0.85 0.0526667  0.082292
      0.7       0.9 0.0546667 0.0883727
      0.7      0.95 0.0606667 0.0950375
      0.7         2 0.0873333  0.272963
      0.7         4  0.138667  0.433957
      0.7         8  0.176667  0.463977
      0.7        16  0.185333  0.469513
      0.8      0.05  0.166667  0.466667
      0.8       0.1  0.161333  0.218333
      0.8      0.15 0.0513333 0.0538845
      0.8       0.2 0.0513333 0.0531543
      0.8      0.25     0.052 0.0528989
      0.8       0.3 0.0533333 0.0524263
      0.8      0.35     0.052 0.0520799
      0.8       0.4 0.0493333 0.0520926
      0.8      0.45     0.052 0.0526856
      0.8       0.5 0.0513333  0.053945
      0.8      0.55     0.052 0.0559412
      0.8       0.6 0.0486667 0.0586948
      0.8      0.65 0.0486667  0.062107
      0.8       0.7 0.0433333 0.0660736
      0.8      0.75 0.0433333  0.070596
      0.8       0.8 0.0466667 0.0757664
      0.8      0.85     0.052  0.081686
      0.8       0.9 0.0533333 0.0883775
      0.8      0.95 0.0533333 0.0957317
      0.8         2 0.0726667  0.284793
      0.8         4  0.118667  0.439452
      0.8         8  0.158667  0.467143
      0.8        16  0.170667  0.472201
      0.9      0.05  0.166667  0.466667
      0.9       0.1  0.161333  0.218333
      0.9      0.15     0.052 0.0529298
      0.9       0.2 0.0526667 0.0524483
      0.9      0.25 0.0526667 0.0520475
      0.9       0.3 0.0506667 0.0515571
      0.9      0.35 0.0513333 0.0513011
      0.9       0.4 0.0486667 0.0515421
      0.9      0.45 0.0513333 0.0523645
      0.9       0.5 0.0513333 0.0538137
      0.9      0.55 0.0513333 0.0559975
      0.9       0.6 0.0473333 0.0588848
      0.9      0.65 0.0453333 0.0623767
      0.9       0.7     0.046  0.066465
      0.9      0.75     0.044 0.0713163
      0.9       0.8     0.046   0.07718
      0.9      0.85 0.0453333 0.0841768
      0.9       0.9 0.0533333 0.0921492
      0.9      0.95 0.0533333  0.100721
      0.9         2     0.062  0.302493
      0.9         4  0.162667  0.447867
      0.9         8  0.166667  0.473256
      0.9        16  0.166667  0.477839
        1      0.05       0.2       0.5
        1       0.1       0.2       0.5
        1      0.15       0.2       0.5
        1       0.2       0.2       0.5
        1      0.25       0.2       0.5
        1       0.3       0.2       0.5
        1      0.35       0.2       0.5
        1       0.4       0.2       0.5
        1      0.45       0.2       0.5
        1       0.5       0.2       0.5
        1      0.55       0.2       0.5
        1       0.6       0.2       0.5
        1      0.65       0.2       0.5
        1       0.7       0.2       0.5
        1      0.75       0.2       0.5
        1       0.8       0.2       0.5
        1      0.85       0.2       0.5
        1       0.9       0.2       0.5
        1      0.95       0.2       0.5
        1         2       0.2       0.5
        1         4       0.2       0.5
        1         8       0.2       0.5
        1        16       0.2       0.5
     0.99      0.05  0.166667  0.466667
     0.99       0.1  0.161333     0.218
     0.99      0.15     0.052 0.0525364
     0.99       0.2     0.052 0.0517045
     0.99      0.25      0.05 0.0512804
     0.99       0.3 0.0526667 0.0516548
     0.99      0.35     0.054 0.0525348
     0.99       0.4     0.056 0.0547575
     0.99      0.45     0.062  0.058007
     0.99       0.5     0.054 0.0606629
     0.99      0.55 0.0546667 0.0636723
     0.99       0.6 0.0546667 0.0676087
     0.99      0.65 0.0513333 0.0733249
     0.99       0.7 0.0486667 0.0815629
     0.99      0.75 0.0513333 0.0920576
     0.99       0.8 0.0626667  0.103058
     0.99      0.85 0.0633333  0.112951
     0.99       0.9 0.0553333    0.1215
     0.99      0.95 0.0486667  0.129255
     0.99         2  0.170667  0.346589
     0.99         4  0.166667  0.467916
     0.99         8  0.166667   0.49043
     0.99        16  0.166667  0.494457
    0.999      0.05  0.166667  0.466667
    0.999       0.1  0.161333     0.218
    0.999      0.15     0.052 0.0522747
    0.999       0.2      0.05 0.0511703
    0.999      0.25     0.052 0.0521572
    0.999       0.3     0.052  0.053132
    0.999      0.35 0.0633333 0.0582475
    0.999       0.4 0.0626667 0.0615261
    0.999      0.45     0.054 0.0642224
    0.999       0.5 0.0586667 0.0690946
    0.999      0.55      0.06 0.0782884
    0.999       0.6     0.086 0.0934178
    0.999      0.65     0.112  0.110095
    0.999       0.7     0.112  0.123707
    0.999      0.75  0.110667   0.13042
    0.999       0.8  0.101333  0.132103
    0.999      0.85 0.0433333  0.132232
    0.999       0.9 0.0273333  0.133037
    0.999      0.95 0.0266667  0.135887
    0.999         2       0.2  0.364221
    0.999         4       0.2  0.472758
    0.999         8  0.197333  0.494471
    0.999        16  0.166667   0.49838