        0      0.05  0.493333  0.493333
      0.2      0.05  0.111333  0.150262
      0.4      0.05 0.0993333  0.157123
      0.6      0.05     0.088  0.176428
      0.8      0.05     0.078  0.230329
      0.9      0.05 0.0953333   0.30047
     0.95      0.05     0.134  0.368831
     0.99      0.05     0.314  0.463927
    0.999      0.05  0.493333  0.495909
   0.9999      0.05       0.5  0.499584
        0       0.1  0.493333  0.493333
      0.2       0.1  0.127333  0.303262
      0.4       0.1      0.14  0.333398
      0.6       0.1  0.161333  0.372602
      0.8       0.1      0.21  0.424673
      0.9       0.1  0.272667  0.457336
     0.95       0.1     0.322  0.475869
     0.99       0.1      0.34  0.493248
    0.999       0.1  0.493333  0.499123
   0.9999       0.1       0.5  0.499909
        0      0.15  0.493333  0.493333
      0.2      0.15  0.190667  0.418028
      0.4      0.15     0.224  0.435451
      0.6      0.15  0.264667  0.454155
      0.8      0.15      0.33  0.474044
      0.9      0.15  0.349333  0.484411
     0.95      0.15  0.338667  0.489942
     0.99      0.15  0.493333  0.496152
    0.999      0.15  0.493333  0.499424
   0.9999      0.15       0.5  0.499939
        0       0.2  0.493333  0.493333
      0.2       0.2     0.324  0.465585
      0.4       0.2  0.351333  0.472741
      0.6       0.2  0.374667  0.479921
      0.8       0.2  0.386667  0.487112
      0.9       0.2  0.405333  0.490856
     0.95       0.2  0.408667   0.49311
     0.99       0.2  0.493333  0.496794
    0.999       0.2  0.493333  0.499494
   0.9999       0.2       0.5  0.499946
        0       0.3  0.493333  0.493333
      0.2       0.3  0.444667  0.488267
      0.4       0.3     0.446   0.48956
      0.6       0.3  0.447333  0.490898
      0.8       0.3  0.435333  0.492384
      0.9       0.3     0.462  0.493406
     0.95       0.3  0.493333  0.494362
     0.99       0.3  0.493333  0.497059
    0.999       0.3  0.493333  0.499526
   0.9999       0.3       0.5  0.499949
        0       0.4  0.493333  0.493333
      0.2       0.4  0.465333  0.491356
      0.4       0.4     0.468  0.491853
      0.6       0.4  0.460667  0.492409
      0.8       0.4  0.424667  0.493129
      0.9       0.4  0.502667  0.493775
     0.95       0.4  0.493333  0.494547
     0.99       0.4  0.493333  0.497103
    0.999       0.4  0.493333  0.499532
   0.9999       0.4  0.499333   0.49995
        0       0.5  0.493333  0.493333
      0.2       0.5  0.477333   0.49211
      0.4       0.5     0.474  0.492433
      0.6       0.5     0.456  0.492807
      0.8       0.5  0.426667  0.493334
      0.9       0.5  0.493333  0.493879
     0.95       0.5  0.493333    0.4946
     0.99       0.5  0.493333  0.497116
    0.999       0.5  0.493333  0.499534
   0.9999       0.5  0.493333   0.49995
        0       0.6  0.493333  0.493333
      0.2       0.6  0.481333  0.492451
      0.4       0.6  0.475333  0.492699
      0.6       0.6  0.455333  0.492992
      0.8       0.6     0.434  0.493431
      0.9       0.6  0.493333  0.493929
     0.95       0.6  0.493333  0.494624
     0.99       0.6  0.493333  0.497121
    0.999       0.6  0.493333  0.499535
   0.9999       0.6  0.493333   0.49995
        0       0.7  0.493333  0.493333
      0.2       0.7     0.484   0.49266
      0.4       0.7  0.481333  0.492861
      0.6       0.7     0.452  0.493104
      0.8       0.7     0.438  0.493489
      0.9       0.7  0.493333  0.493958
     0.95       0.7  0.493333  0.494639
     0.99       0.7  0.493333  0.497123
    0.999       0.7  0.493333  0.499535
   0.9999       0.7  0.493333   0.49995
        0       0.8  0.493333  0.493333
      0.2       0.8  0.482667  0.492803
      0.4       0.8     0.482  0.492972
      0.6       0.8  0.447333  0.493181
      0.8       0.8  0.434667  0.493528
      0.9       0.8  0.493333  0.493978
     0.95       0.8  0.493333  0.494648
     0.99       0.8  0.493333  0.497124
    0.999       0.8  0.493333  0.499535
   0.9999       0.8  0.493333   0.49995
        0       0.9  0.493333  0.493333
      0.2       0.9     0.484  0.492907
      0.4       0.9  0.481333  0.493052
      0.6       0.9  0.444667  0.493235
      0.8       0.9  0.437333  0.493556
      0.9       0.9  0.493333  0.493991
     0.95       0.9  0.493333  0.494655
     0.99       0.9  0.493333  0.497125
    0.999       0.9  0.493333  0.499535
   0.9999       0.9  0.493333   0.49995
        0         1  0.493333  0.493333
      0.2         1     0.488  0.492984
      0.4         1     0.482  0.493111
      0.6         1  0.444667  0.493276
      0.8         1  0.436667  0.493577
      0.9         1  0.493333  0.494002
     0.95         1  0.493333   0.49466
     0.99         1  0.493333  0.497126
    0.999         1  0.493333  0.499535
   0.9999         1  0.493333   0.49995
        0         2  0.493333  0.493333
      0.2         2      0.49  0.493256
      0.4         2      0.48  0.493317
      0.6         2  0.441333  0.493414
      0.8         2  0.439333  0.493646
      0.9         2  0.493333  0.494036
     0.95         2  0.493333  0.494676
     0.99         2  0.493333  0.497127
    0.999         2  0.493333  0.499535
   0.9999         2  0.493333   0.49995
        0         4  0.493333  0.493333
      0.2         4  0.487333   0.49333
      0.4         4  0.480667  0.493373
      0.6         4  0.441333  0.493451
      0.8         4      0.44  0.493665
      0.9         4  0.493333  0.494045
     0.95         4  0.493333   0.49468
     0.99         4  0.493333  0.497127
    0.999         4  0.493333  0.499535
   0.9999         4  0.493333   0.49995