       0     0.05 0.496667 0.496667
     0.2     0.05 0.307333 0.331232
     0.4     0.05    0.304 0.334956
     0.6     0.05 0.299333 0.343055
     0.8     0.05    0.298 0.364218
     0.9     0.05 0.297333  0.39119
    0.95     0.05 0.299333 0.418583
    0.99     0.05 0.302667 0.468647
   0.999     0.05    0.496 0.495305
  0.9999     0.05      0.5 0.499493
       0      0.1 0.496667 0.496667
     0.2      0.1    0.322 0.397734
     0.4      0.1 0.329333 0.411005
     0.6      0.1 0.344667 0.426904
     0.8      0.1    0.368 0.448286
     0.9      0.1 0.372667 0.465143
    0.95      0.1     0.37  0.47781
    0.99      0.1 0.471333 0.492973
   0.999      0.1 0.496667 0.498974
  0.9999      0.1      0.5 0.499889
       0     0.15 0.496667 0.496667
     0.2     0.15 0.364667  0.44386
     0.4     0.15    0.374 0.451236
     0.6     0.15 0.377333 0.460217
     0.8     0.15 0.369333 0.473279
     0.9     0.15 0.385333 0.482865
    0.95     0.15 0.414667 0.489108
    0.99     0.15 0.496667 0.496103
   0.999     0.15 0.496667 0.499339
  0.9999     0.15      0.5 0.499927
       0      0.2 0.496667 0.496667
     0.2      0.2 0.374667 0.467103
     0.4      0.2 0.373333 0.470585
     0.6      0.2 0.376667 0.475936
     0.8      0.2 0.393333 0.483934
     0.9      0.2 0.407333 0.489453
    0.95      0.2 0.474667 0.492958
    0.99      0.2 0.496667 0.497041
   0.999      0.2 0.496667 0.499441
  0.9999      0.2      0.5 0.499937
       0      0.3 0.496667 0.496667
     0.2      0.3 0.383333 0.482299
     0.4      0.3    0.394  0.48475
     0.6      0.3 0.405333 0.487776
     0.8      0.3 0.397333 0.491601
     0.9      0.3    0.486 0.494028
    0.95      0.3 0.496667 0.495539
    0.99      0.3 0.496667 0.497636
   0.999      0.3 0.496667 0.499509
  0.9999      0.3      0.5 0.499944
       0      0.4 0.496667 0.496667
     0.2      0.4 0.405333 0.487824
     0.4      0.4 0.388667  0.48964
     0.6      0.4 0.363333 0.491663
     0.8      0.4 0.442667 0.494006
     0.9      0.4 0.496667 0.495405
    0.95      0.4 0.496667 0.496287
    0.99      0.4 0.496667 0.497809
   0.999      0.4 0.496667 0.499533
  0.9999      0.4      0.5 0.499947
       0      0.5 0.496667 0.496667
     0.2      0.5 0.413333 0.490744
     0.4      0.5    0.392 0.492056
     0.6      0.5 0.366667 0.493471
     0.8      0.5    0.488 0.495048
     0.9      0.5 0.496667 0.495974
    0.95      0.5 0.496667 0.496587
    0.99      0.5 0.496667  0.49788
   0.999      0.5 0.496667 0.499545
  0.9999      0.5      0.5 0.499948
       0      0.6 0.496667 0.496667
     0.2      0.6 0.424667 0.492459
     0.4      0.6 0.401333 0.493431
     0.6      0.6 0.368667 0.494463
     0.8      0.6    0.496 0.495593
     0.9      0.6 0.496667 0.496261
    0.95      0.6 0.496667 0.496737
    0.99      0.6 0.496667 0.497917
   0.999      0.6 0.496667 0.499551
  0.9999      0.6      0.5 0.499949
       0      0.7 0.496667 0.496667
     0.2      0.7    0.432 0.493538
     0.4      0.7 0.406667  0.49428
     0.6      0.7 0.372667 0.495061
     0.8      0.7    0.496 0.495912
     0.9      0.7 0.496667 0.496427
    0.95      0.7 0.496667 0.496823
    0.99      0.7 0.496667 0.497938
   0.999      0.7 0.496667 0.499555
  0.9999      0.7      0.5  0.49995
       0      0.8 0.496667 0.496667
     0.2      0.8 0.436667 0.494254
     0.4      0.8    0.412 0.494838
     0.6      0.8 0.375333 0.495449
     0.8      0.8    0.496 0.496115
     0.9      0.8 0.496667 0.496532
    0.95      0.8 0.496667 0.496877
    0.99      0.8 0.496667 0.497951
   0.999      0.8 0.496667 0.499557
  0.9999      0.8 0.496667  0.49995
       0      0.9 0.496667 0.496667
     0.2      0.9     0.44 0.494753
     0.4      0.9    0.414 0.495223
     0.6      0.9 0.375333 0.495714
     0.8      0.9 0.496667 0.496253
     0.9      0.9 0.496667 0.496602
    0.95      0.9 0.496667 0.496912
    0.99      0.9 0.496667  0.49796
   0.999      0.9 0.496667 0.499559
  0.9999      0.9 0.496667  0.49995
       0        1 0.496667 0.496667
     0.2        1 0.442667 0.495113
     0.4        1 0.414667 0.495499
     0.6        1 0.378667 0.495903
     0.8        1 0.496667  0.49635
     0.9        1 0.496667 0.496652
    0.95        1 0.496667 0.496938
    0.99        1 0.496667 0.497966
   0.999        1 0.496667  0.49956
  0.9999        1 0.496667  0.49995
       0        2 0.496667 0.496667
     0.2        2 0.447333 0.496279
     0.4        2 0.417333 0.496386
     0.6        2 0.385333 0.496502
     0.8        2 0.496667 0.496654
     0.9        2 0.496667 0.496806
    0.95        2 0.496667 0.497016
    0.99        2 0.496667 0.497986
   0.999        2 0.496667 0.499564
  0.9999        2 0.496667 0.499951
       0        4 0.496667 0.496667
     0.2        4 0.450667 0.496574
     0.4        4 0.417333 0.496608
     0.6        4    0.388  0.49665
     0.8        4 0.496667 0.496729
     0.9        4 0.496667 0.496843
    0.95        4 0.496667 0.497035
    0.99        4 0.496667 0.497991
   0.999        4 0.496667 0.499565
  0.9999        4 0.496667 0.499951