       0     0.05     0.49     0.49
     0.2     0.05     0.49     0.49
     0.4     0.05     0.49     0.49
     0.6     0.05     0.49     0.49
     0.8     0.05     0.49     0.49
     0.9     0.05     0.49     0.49
    0.95     0.05     0.49     0.49
    0.99     0.05     0.49     0.49
   0.999     0.05     0.49     0.49
  0.9999     0.05     0.49     0.49
       0      0.1     0.49     0.49
     0.2      0.1     0.42 0.422396
     0.4      0.1 0.424667 0.426369
     0.6      0.1 0.423333 0.428201
     0.8      0.1 0.425333 0.429881
     0.9      0.1 0.433333 0.431252
    0.95      0.1    0.436 0.431857
    0.99      0.1 0.428667 0.430368
   0.999      0.1 0.413333 0.422878
  0.9999      0.1 0.422667 0.422427
       0     0.15     0.49     0.49
     0.2     0.15    0.412 0.417875
     0.4     0.15    0.414 0.421883
     0.6     0.15 0.420667 0.425225
     0.8     0.15 0.431333 0.427931
     0.9     0.15    0.426 0.428723
    0.95     0.15 0.427333 0.428406
    0.99     0.15 0.417333 0.426558
   0.999     0.15 0.412667 0.429607
  0.9999     0.15     0.43 0.435167
       0      0.2     0.49     0.49
     0.2      0.2 0.412667 0.414587
     0.4      0.2     0.41 0.419249
     0.6      0.2    0.412 0.423221
     0.8      0.2 0.414667 0.427858
     0.9      0.2 0.420667  0.43099
    0.95      0.2 0.421333 0.433688
    0.99      0.2    0.416 0.440902
   0.999      0.2 0.430667 0.451246
  0.9999      0.2 0.451333 0.460452
       0      0.3     0.49     0.49
     0.2      0.3 0.376667 0.417219
     0.4      0.3 0.385333  0.42546
     0.6      0.3 0.386667 0.434907
     0.8      0.3    0.384 0.448604
     0.9      0.3 0.382667 0.460171
    0.95      0.3 0.389333 0.469571
    0.99      0.3 0.447333 0.483888
   0.999      0.3    0.486 0.494069
  0.9999      0.3    0.494 0.498557
       0      0.4     0.49     0.49
     0.2      0.4 0.368667 0.428926
     0.4      0.4 0.363333 0.439442
     0.6      0.4    0.356 0.451663
     0.8      0.4 0.365333 0.467302
     0.9      0.4 0.402667 0.477687
    0.95      0.4    0.448  0.48439
    0.99      0.4 0.487333 0.493003
   0.999      0.4 0.490667  0.49855
  0.9999      0.4 0.499333 0.499822
       0      0.5     0.49     0.49
     0.2      0.5 0.352667 0.442462
     0.4      0.5    0.352 0.452324
     0.6      0.5 0.361333 0.463264
     0.8      0.5    0.386 0.475921
     0.9      0.5 0.454667 0.483463
    0.95      0.5 0.483333 0.488161
    0.99      0.5     0.49 0.494835
   0.999      0.5 0.493333 0.499143
  0.9999      0.5      0.5 0.499906
       0      0.6     0.49     0.49
     0.2      0.6    0.342 0.454381
     0.4      0.6 0.344667 0.462396
     0.6      0.6 0.359333 0.471019
     0.8      0.6    0.408 0.480572
     0.9      0.6 0.479333 0.486141
    0.95      0.6     0.49 0.489755
    0.99      0.6     0.49 0.495554
   0.999      0.6    0.494 0.499323
  0.9999      0.6      0.5 0.499928
       0      0.7     0.49     0.49
     0.2      0.7    0.338 0.462973
     0.4      0.7    0.338 0.469308
     0.6      0.7 0.369333 0.476012
     0.8      0.7 0.426667  0.48333
     0.9      0.7 0.486667 0.487648
    0.95      0.7     0.49 0.490624
    0.99      0.7     0.49 0.495918
   0.999      0.7 0.493333   0.4994
  0.9999      0.7      0.5 0.499937
       0      0.8     0.49     0.49
     0.2      0.8 0.330667 0.468959
     0.4      0.8 0.342667 0.474014
     0.6      0.8    0.368 0.479321
     0.8      0.8 0.446667 0.485097
     0.9      0.8 0.489333 0.488593
    0.95      0.8     0.49 0.491158
    0.99      0.8     0.49 0.496127
   0.999      0.8     0.49  0.49944
  0.9999      0.8      0.5 0.499941
       0      0.9     0.49     0.49
     0.2      0.9 0.326667  0.47321
     0.4      0.9 0.339333 0.477316
     0.6      0.9    0.372 0.481609
     0.8      0.9    0.454 0.486298
     0.9      0.9     0.49 0.489228
    0.95      0.9     0.49 0.491513
    0.99      0.9     0.49 0.496257
   0.999      0.9     0.49 0.499463
  0.9999      0.9      0.5 0.499944
       0        1     0.49     0.49
     0.2        1 0.328667 0.476316
     0.4        1    0.342  0.47971
     0.6        1    0.376 0.483252
     0.8        1     0.46 0.487153
     0.9        1     0.49 0.489676
    0.95        1     0.49  0.49176
    0.99        1     0.49 0.496344
   0.999        1     0.49 0.499478
  0.9999        1      0.5 0.499945
       0        2     0.49     0.49
     0.2        2 0.326667 0.486552
     0.4        2 0.343333   0.4875
     0.6        2     0.39  0.48853
     0.8        2    0.476 0.489853
     0.9        2     0.49 0.491073
    0.95        2     0.49 0.492516
    0.99        2     0.49 0.496581
   0.999        2     0.49 0.499515
  0.9999        2      0.5 0.499949
       0        4     0.49     0.49
     0.2        4 0.329333 0.489172
     0.4        4 0.347333 0.489473
     0.6        4 0.392667 0.489851
     0.8        4 0.476667  0.49052
     0.9        4     0.49 0.491414
    0.95        4     0.49 0.492696
    0.99        4     0.49  0.49663
   0.999        4     0.49 0.499522
  0.9999        4     0.49  0.49995