       0     0.05     0.47     0.49
     0.2     0.05    0.146 0.183874
     0.4     0.05    0.142 0.193924
     0.6     0.05 0.136667 0.211598
     0.8     0.05 0.139333 0.251347
     0.9     0.05    0.138 0.301272
    0.95     0.05 0.160667 0.355171
    0.99     0.05 0.246667 0.450854
   0.999     0.05 0.464667 0.492768
  0.9999     0.05     0.48 0.497996
       0      0.1     0.47     0.49
     0.2      0.1 0.141333 0.254653
     0.4      0.1    0.144 0.277482
     0.6      0.1 0.153333 0.310434
     0.8      0.1 0.167333 0.365107
     0.9      0.1    0.182  0.41126
    0.95      0.1 0.249333 0.445073
    0.99      0.1 0.411333  0.48407
   0.999      0.1 0.479333 0.496726
  0.9999      0.1     0.48 0.498195
       0     0.15     0.47     0.49
     0.2     0.15 0.147333 0.329928
     0.4     0.15 0.150667 0.352779
     0.6     0.15 0.157333 0.382369
     0.8     0.15 0.210667  0.42366
     0.9     0.15 0.293333 0.452364
    0.95     0.15    0.332 0.470638
    0.99     0.15     0.47  0.49034
   0.999     0.15     0.48 0.497212
  0.9999     0.15     0.48  0.49806
       0      0.2     0.47     0.49
     0.2      0.2    0.162 0.384701
     0.4      0.2 0.183333 0.402841
     0.6      0.2 0.220667 0.424796
     0.8      0.2 0.303333 0.452512
     0.9      0.2 0.332667 0.469913
    0.95      0.2 0.420667 0.480466
    0.99      0.2     0.47  0.49245
   0.999      0.2     0.48  0.49734
  0.9999      0.2     0.48 0.497985
       0      0.3     0.47     0.49
     0.2      0.3 0.289333  0.44479
     0.4      0.3 0.317333 0.454307
     0.6      0.3 0.324667 0.464743
     0.8      0.3 0.350667 0.476451
     0.9      0.3    0.442 0.483284
    0.95      0.3     0.47 0.487643
    0.99      0.3     0.47 0.494111
   0.999      0.3     0.48 0.497669
  0.9999      0.3     0.48 0.498177
       0      0.4     0.47     0.49
     0.2      0.4    0.334 0.470439
     0.4      0.4 0.337333 0.474842
     0.6      0.4 0.328667 0.479466
     0.8      0.4 0.429333 0.484528
     0.9      0.4     0.47 0.487669
    0.95      0.4     0.47  0.49008
    0.99      0.4     0.47  0.49493
   0.999      0.4     0.48 0.498088
  0.9999      0.4     0.48 0.498552
       0      0.5     0.47     0.49
     0.2      0.5    0.352 0.480852
     0.4      0.5 0.340667 0.482929
     0.6      0.5 0.359333 0.485106
     0.8      0.5 0.459333 0.487592
     0.9      0.5     0.47 0.489397
    0.95      0.5     0.47  0.49113
    0.99      0.5     0.47  0.49543
   0.999      0.5 0.473333  0.49844
  0.9999      0.5     0.48 0.498886
       0      0.6     0.47     0.49
     0.2      0.6 0.355333 0.485269
     0.4      0.6    0.346 0.486336
     0.6      0.6 0.396667 0.487484
     0.8      0.6 0.469333 0.488921
     0.9      0.6     0.47 0.490196
    0.95      0.6     0.47 0.491664
    0.99      0.6     0.47 0.495749
   0.999      0.6     0.47 0.498698
  0.9999      0.6     0.48 0.499136
       0      0.7     0.47     0.49
     0.2      0.7 0.354667 0.487322
     0.4      0.7 0.347333 0.487927
     0.6      0.7 0.412667 0.488609
     0.8      0.7     0.47 0.489577
     0.9      0.7     0.47 0.490618
    0.95      0.7     0.47  0.49197
    0.99      0.7     0.47 0.495963
   0.999      0.7     0.47 0.498882
  0.9999      0.7     0.48 0.499315
       0      0.8     0.47     0.49
     0.2      0.8 0.355333  0.48837
     0.4      0.8 0.355333 0.488746
     0.6      0.8    0.428 0.489199
     0.8      0.8     0.47 0.489939
     0.9      0.8     0.47 0.490866
    0.95      0.8     0.47 0.492163
    0.99      0.8     0.47  0.49611
   0.999      0.8     0.47 0.499014
  0.9999      0.8     0.48 0.499445
       0      0.9     0.47     0.49
     0.2      0.9 0.356667 0.488948
     0.4      0.9    0.362 0.489204
     0.6      0.9    0.436 0.489536
     0.8      0.9     0.47 0.490156
     0.9      0.9     0.47 0.491024
    0.95      0.9     0.47 0.492292
    0.99      0.9     0.47 0.496215
   0.999      0.9     0.47 0.499111
  0.9999      0.9     0.48  0.49954
       0        1     0.47     0.49
     0.2        1 0.358667  0.48929
     0.4        1 0.366667 0.489478
     0.6        1 0.441333 0.489742
     0.8        1     0.47 0.490295
     0.9        1     0.47  0.49113
    0.95        1     0.47 0.492382
    0.99        1     0.47 0.496293
   0.999        1     0.47 0.499183
  0.9999        1     0.48 0.499612
       0        2     0.47     0.49
     0.2        2     0.37 0.489967
     0.4        2 0.378667 0.490047
     0.6        2    0.464 0.490205
     0.8        2     0.47 0.490653
     0.9        2     0.47 0.491436
    0.95        2     0.47 0.492664
    0.99        2     0.47 0.496554
   0.999        2     0.47 0.499433
  0.9999        2     0.47  0.49986
       0        4     0.47     0.49
     0.2        4 0.371333 0.490036
     0.4        4    0.384 0.490116
     0.6        4 0.467333 0.490273
     0.8        4     0.47  0.49072
     0.9        4     0.47 0.491504
    0.95        4     0.47 0.492732
    0.99        4     0.47 0.496623
   0.999        4     0.47 0.499501
  0.9999        4     0.47 0.499927