       0     0.05     0.49     0.49
     0.2     0.05 0.189333    0.241
     0.4     0.05 0.191333    0.241
     0.6     0.05 0.193333 0.241333
     0.8     0.05    0.194 0.241333
     0.9     0.05 0.195333 0.241333
    0.95     0.05 0.195333 0.241333
    0.99     0.05 0.199333 0.242667
   0.999     0.05 0.200667 0.244667
  0.9999     0.05    0.202 0.245667
       0      0.1     0.49     0.49
     0.2      0.1    0.162 0.183794
     0.4      0.1    0.162 0.184664
     0.6      0.1    0.162 0.182589
     0.8      0.1    0.158 0.179233
     0.9      0.1 0.156667 0.174307
    0.95      0.1 0.156667 0.166728
    0.99      0.1 0.156667 0.156756
   0.999      0.1 0.156667 0.156961
  0.9999      0.1 0.155333 0.161368
       0     0.15     0.49     0.49
     0.2     0.15 0.160667 0.159827
     0.4     0.15 0.155333 0.158132
     0.6     0.15    0.162 0.161969
     0.8     0.15 0.159333 0.162436
     0.9     0.15 0.156667  0.16106
    0.95     0.15 0.156667 0.162399
    0.99     0.15 0.156667 0.170276
   0.999     0.15    0.154 0.182682
  0.9999     0.15 0.174667  0.18495
       0      0.2     0.49     0.49
     0.2      0.2 0.169333 0.175961
     0.4      0.2 0.160667 0.166187
     0.6      0.2 0.153333 0.165557
     0.8      0.2 0.157333 0.170612
     0.9      0.2 0.157333 0.174232
    0.95      0.2 0.156667  0.17837
    0.99      0.2    0.154 0.184423
   0.999      0.2 0.149333 0.184684
  0.9999      0.2 0.141333 0.180832
       0      0.3     0.49     0.49
     0.2      0.3     0.18 0.199951
     0.4      0.3    0.176 0.193831
     0.6      0.3 0.150667 0.182665
     0.8      0.3 0.156667 0.185407
     0.9      0.3    0.194 0.187788
    0.95      0.3    0.188 0.187331
    0.99      0.3 0.176667 0.182487
   0.999      0.3 0.186667 0.190071
  0.9999      0.3 0.222667 0.220623
       0      0.4     0.49     0.49
     0.2      0.4 0.185333 0.216854
     0.4      0.4 0.176667 0.208711
     0.6      0.4    0.188 0.201357
     0.8      0.4 0.191333 0.191386
     0.9      0.4 0.191333 0.191472
    0.95      0.4 0.182667 0.190817
    0.99      0.4 0.167333 0.201374
   0.999      0.4 0.222667 0.226945
  0.9999      0.4 0.272667 0.247063
       0      0.5     0.49     0.49
     0.2      0.5    0.192 0.235106
     0.4      0.5 0.195333 0.222252
     0.6      0.5     0.21 0.213384
     0.8      0.5 0.183333 0.203294
     0.9      0.5 0.175333 0.202569
    0.95      0.5     0.16 0.206761
    0.99      0.5 0.209333 0.221229
   0.999      0.5 0.219333 0.264303
  0.9999      0.5    0.364 0.349901
       0      0.6     0.49     0.49
     0.2      0.6 0.196667 0.256525
     0.4      0.6    0.194 0.240949
     0.6      0.6 0.188667 0.229762
     0.8      0.6 0.168667 0.221119
     0.9      0.6 0.137333 0.222149
    0.95      0.6 0.129333 0.228358
    0.99      0.6 0.191333 0.258731
   0.999      0.6 0.368667 0.349258
  0.9999      0.6 0.320667 0.429495
       0      0.7     0.49     0.49
     0.2      0.7 0.209333 0.278075
     0.4      0.7 0.181333 0.263229
     0.6      0.7 0.170667 0.253628
     0.8      0.7 0.178667 0.249271
     0.9      0.7     0.17 0.255511
    0.95      0.7 0.165333  0.26906
    0.99      0.7 0.264667 0.322195
   0.999      0.7 0.291333  0.41576
  0.9999      0.7 0.490667 0.467769
       0      0.8     0.49     0.49
     0.2      0.8    0.236 0.297641
     0.4      0.8     0.22 0.288293
     0.6      0.8    0.216 0.282508
     0.8      0.8      0.2 0.285593
     0.9      0.8 0.201333 0.299066
    0.95      0.8 0.212667 0.319009
    0.99      0.8 0.285333 0.379753
   0.999      0.8 0.347333 0.456341
  0.9999      0.8      0.5  0.47735
       0      0.9     0.49     0.49
     0.2      0.9 0.262667 0.314078
     0.4      0.9 0.244667 0.310853
     0.6      0.9 0.231333 0.310941
     0.8      0.9 0.221333 0.321213
     0.9      0.9    0.222 0.339802
    0.95      0.9    0.226 0.363533
    0.99      0.9 0.306667 0.424561
   0.999      0.9    0.488 0.471693
  0.9999      0.9      0.5 0.486496
       0        1     0.49     0.49
     0.2        1 0.263333 0.329543
     0.4        1 0.255333 0.331157
     0.6        1 0.244667 0.336612
     0.8        1 0.239333 0.353064
     0.9        1 0.235333 0.375401
    0.95        1 0.238667 0.400414
    0.99        1 0.350667 0.450363
   0.999        1 0.492667 0.482048
  0.9999        1      0.5 0.496067
       0        2     0.49     0.49
     0.2        2    0.272 0.451273
     0.4        2    0.282 0.457905
     0.6        2 0.328667 0.466115
     0.8        2    0.404 0.476854
     0.9        2 0.449333 0.484067
    0.95        2 0.469333 0.488983
    0.99        2     0.49 0.496011
   0.999        2    0.492 0.499473
  0.9999        2      0.5 0.499945
       0        4     0.49     0.49
     0.2        4 0.375333 0.486213
     0.4        4 0.405333 0.487199
     0.6        4    0.436 0.488301
     0.8        4 0.492667 0.489744
     0.9        4     0.48 0.491056
    0.95        4     0.49 0.492565
    0.99        4     0.49 0.496664
   0.999        4     0.49 0.499532
  0.9999        4      0.5 0.499951