       0     0.05 0.816667 0.816667
     0.2     0.05 0.437333 0.446333
     0.4     0.05 0.437333 0.446444
     0.6     0.05 0.438667 0.444889
     0.8     0.05 0.441333 0.443778
     0.9     0.05 0.441333 0.442778
    0.95     0.05 0.439333 0.442778
    0.99     0.05 0.438667 0.442222
   0.999     0.05 0.438667 0.442667
  0.9999     0.05    0.442 0.441778
       0      0.1 0.816667 0.816667
     0.2      0.1 0.378667 0.377758
     0.4      0.1 0.378667 0.379299
     0.6      0.1 0.390667 0.385848
     0.8      0.1 0.389333 0.388217
     0.9      0.1 0.388667  0.38812
    0.95      0.1 0.388667 0.387127
    0.99      0.1 0.383333 0.381415
   0.999      0.1    0.374 0.374018
  0.9999      0.1 0.363333 0.363128
       0     0.15 0.816667 0.816667
     0.2     0.15    0.378 0.378913
     0.4     0.15 0.380667 0.378888
     0.6     0.15     0.38 0.379164
     0.8     0.15 0.380667 0.382189
     0.9     0.15 0.379333 0.380226
    0.95     0.15    0.364 0.373354
    0.99     0.15 0.370667 0.363417
   0.999     0.15 0.316667 0.328618
  0.9999     0.15    0.314  0.31711
       0      0.2 0.816667 0.816667
     0.2      0.2 0.387333 0.386231
     0.4      0.2 0.377333  0.37939
     0.6      0.2 0.378667 0.377888
     0.8      0.2 0.378667 0.376408
     0.9      0.2    0.376 0.369113
    0.95      0.2 0.359333 0.357429
    0.99      0.2 0.317333 0.332265
   0.999      0.2 0.312667  0.32032
  0.9999      0.2    0.294 0.309592
       0      0.3 0.816667 0.816667
     0.2      0.3 0.403333 0.402303
     0.4      0.3    0.392 0.389903
     0.6      0.3 0.381333  0.37887
     0.8      0.3 0.374667 0.372738
     0.9      0.3 0.360667  0.36528
    0.95      0.3    0.342 0.353134
    0.99      0.3 0.319333 0.335931
   0.999      0.3 0.329333  0.33207
  0.9999      0.3 0.328667 0.339463
       0      0.4 0.816667 0.816667
     0.2      0.4 0.429333 0.426166
     0.4      0.4 0.408667 0.408242
     0.6      0.4 0.385333 0.391341
     0.8      0.4 0.368667 0.376182
     0.9      0.4     0.37 0.371854
    0.95      0.4 0.355333 0.364824
    0.99      0.4 0.326667 0.349597
   0.999      0.4 0.358667 0.350849
  0.9999      0.4 0.360667 0.358658
       0      0.5 0.816667 0.816667
     0.2      0.5 0.444667  0.44793
     0.4      0.5 0.422667 0.428025
     0.6      0.5 0.406667 0.411786
     0.8      0.5    0.382 0.392379
     0.9      0.5    0.374 0.382512
    0.95      0.5    0.374 0.377947
    0.99      0.5 0.360667  0.36665
   0.999      0.5 0.309333 0.373152
  0.9999      0.5 0.333333 0.403137
       0      0.6 0.816667 0.816667
     0.2      0.6 0.459333 0.464708
     0.4      0.6 0.437333 0.447715
     0.6      0.6     0.42 0.432162
     0.8      0.6 0.403333 0.414284
     0.9      0.6    0.384 0.402374
    0.95      0.6 0.375333  0.39541
    0.99      0.6 0.357333 0.394191
   0.999      0.6 0.305333 0.443948
  0.9999      0.6 0.406667 0.556237
       0      0.7 0.816667 0.816667
     0.2      0.7 0.468667    0.478
     0.4      0.7 0.454667 0.465105
     0.6      0.7     0.44 0.453835
     0.8      0.7     0.42 0.441518
     0.9      0.7 0.407333 0.435256
    0.95      0.7 0.393333 0.434372
    0.99      0.7 0.381333 0.462471
   0.999      0.7 0.424667 0.576233
  0.9999      0.7 0.567333 0.719637
       0      0.8 0.816667 0.816667
     0.2      0.8 0.474667 0.489887
     0.4      0.8    0.466 0.482824
     0.6      0.8 0.456667 0.476708
     0.8      0.8 0.447333 0.474809
     0.9      0.8 0.439333 0.480485
    0.95      0.8 0.435333  0.49396
    0.99      0.8 0.429333 0.559566
   0.999      0.8 0.536667 0.701436
  0.9999      0.8    0.728 0.801204
       0      0.9 0.816667 0.816667
     0.2      0.9     0.48 0.505308
     0.4      0.9 0.472667 0.503757
     0.6      0.9    0.464 0.504812
     0.8      0.9     0.46 0.515033
     0.9      0.9 0.451333 0.535108
    0.95      0.9 0.450667 0.564127
    0.99      0.9 0.480667 0.655845
   0.999      0.9 0.632667 0.777233
  0.9999      0.9    0.762 0.824883
       0        1 0.816667 0.816667
     0.2        1 0.482667 0.524874
     0.4        1 0.477333  0.52872
     0.6        1 0.473333 0.537814
     0.8        1 0.466667 0.561653
     0.9        1 0.469333 0.594433
    0.95        1 0.482667 0.633222
    0.99        1 0.556667  0.72599
   0.999        1 0.671333 0.810417
  0.9999        1 0.757333 0.830462
       0        2 0.816667 0.816667
     0.2        2 0.476667 0.741019
     0.4        2     0.47 0.754755
     0.6        2 0.459333 0.771084
     0.8        2 0.452667  0.79152
     0.9        2 0.500667 0.804655
    0.95        2 0.666667 0.813247
    0.99        2 0.815333 0.825397
   0.999        2    0.816 0.832169
  0.9999        2 0.832667  0.83321
       0        4 0.816667 0.816667
     0.2        4    0.602  0.80715
     0.4        4    0.622 0.809555
     0.6        4 0.677333 0.812163
     0.8        4 0.734667 0.815326
     0.9        4 0.810667 0.817851
    0.95        4 0.816667  0.82049
    0.99        4 0.816667 0.827461
   0.999        4 0.816667 0.832493
  0.9999        4 0.832667 0.833245