       0     0.05    0.475    0.475
       0      0.1    0.475    0.475
       0     0.15    0.475    0.475
       0      0.2    0.475    0.475
       0      0.3    0.475    0.475
       0      0.4    0.475    0.475
       0      0.5    0.475    0.475
       0      0.6    0.475    0.475
       0      0.7    0.475    0.475
       0      0.8    0.475    0.475
       0      0.9    0.475    0.475
       0        1    0.475    0.475
       0        2    0.475    0.475
       0        4    0.475    0.475
     0.2     0.05   0.4725 0.472217
     0.2      0.1   0.4675 0.457728
     0.2     0.15     0.44  0.45037
     0.2      0.2   0.4425 0.451388
     0.2      0.3     0.42 0.454941
     0.2      0.4    0.415 0.457655
     0.2      0.5   0.4275 0.461257
     0.2      0.6    0.415 0.465831
     0.2      0.7     0.41 0.469424
     0.2      0.8     0.42 0.471604
     0.2      0.9    0.425  0.47276
     0.2        1    0.435 0.473332
     0.2        2   0.4725 0.474521
     0.2        4     0.48 0.475119
     0.4     0.05    0.475 0.472982
     0.4      0.1     0.46 0.459084
     0.4     0.15   0.4725 0.456755
     0.4      0.2     0.44 0.456751
     0.4      0.3   0.4475 0.458145
     0.4      0.4    0.415 0.461886
     0.4      0.5    0.415 0.465647
     0.4      0.6    0.415 0.468704
     0.4      0.7   0.4125 0.471109
     0.4      0.8   0.4125 0.472651
     0.4      0.9   0.4275 0.473509
     0.4        1    0.445  0.47395
     0.4        2     0.48 0.475149
     0.4        4     0.48 0.475657
     0.6     0.05    0.475 0.472776
     0.6      0.1     0.46 0.459634
     0.6     0.15   0.4725 0.459997
     0.6      0.2   0.4475  0.46171
     0.6      0.3    0.435 0.462014
     0.6      0.4   0.4225 0.466181
     0.6      0.5     0.42 0.469788
     0.6      0.6   0.4175  0.47157
     0.6      0.7   0.4175 0.473002
     0.6      0.8   0.4275 0.474021
     0.6      0.9     0.44 0.474624
     0.6        1     0.46 0.474952
     0.6        2    0.485 0.476217
     0.6        4   0.4825  0.47663
     0.8     0.05     0.47 0.472356
     0.8      0.1   0.4625 0.460187
     0.8     0.15     0.46  0.46023
     0.8      0.2   0.4675 0.466539
     0.8      0.3    0.445 0.466252
     0.8      0.4   0.4275 0.471532
     0.8      0.5     0.43 0.474352
     0.8      0.6    0.435  0.47506
     0.8      0.7   0.4425 0.475846
     0.8      0.8   0.4375 0.476542
     0.8      0.9   0.4425 0.477002
     0.8        1    0.445 0.477293
     0.8        2     0.48 0.478738
     0.8        4    0.475 0.479072
     0.9     0.05     0.47 0.471862
     0.9      0.1     0.46 0.460395
     0.9     0.15   0.4575 0.462397
     0.9      0.2    0.455 0.469031
     0.9      0.3     0.45  0.46894
     0.9      0.4    0.435 0.475769
     0.9      0.5   0.4375 0.478008
     0.9      0.6     0.44 0.478543
     0.9      0.7    0.445 0.479279
     0.9      0.8    0.445 0.479943
     0.9      0.9    0.455  0.48041
     0.9        1     0.45 0.480737
     0.9        2     0.47 0.482317
     0.9        4    0.475 0.482657
    0.95     0.05   0.4725 0.471798
    0.95      0.1   0.4625 0.460448
    0.95     0.15    0.455 0.465385
    0.95      0.2     0.44 0.469841
    0.95      0.3   0.4475 0.471543
    0.95      0.4   0.4425 0.479877
    0.95      0.5    0.445 0.481951
    0.95      0.6   0.4575 0.482716
    0.95      0.7   0.4475 0.483559
    0.95      0.8   0.4675 0.484248
    0.95      0.9    0.445 0.484734
    0.95        1   0.4475 0.485084
    0.95        2    0.475 0.486696
    0.95        4    0.475 0.487071
    0.99     0.05   0.4725 0.471747
    0.99      0.1     0.46 0.461243
    0.99     0.15   0.4625 0.470233
    0.99      0.2   0.4325 0.467002
    0.99      0.3     0.44 0.481254
    0.99      0.4    0.475 0.489629
    0.99      0.5   0.4825  0.49138
    0.99      0.6   0.4775 0.492456
    0.99      0.7    0.475 0.493203
    0.99      0.8     0.48 0.493691
    0.99      0.9     0.48 0.494022
    0.99        1   0.4725 0.494275
    0.99        2    0.475 0.495459
    0.99        4    0.475 0.495736
   0.999     0.05   0.4675 0.467044
   0.999      0.1   0.4425 0.463935
   0.999     0.15    0.485 0.468309
   0.999      0.2   0.4475  0.47042
   0.999      0.3   0.4725 0.494572
   0.999      0.4    0.465  0.49705
   0.999      0.5     0.47 0.498084
   0.999      0.6   0.4775  0.49859
   0.999      0.7    0.475 0.498842
   0.999      0.8    0.475 0.498986
   0.999      0.9    0.475  0.49908
   0.999        1     0.47 0.499152
   0.999        2   0.4775 0.499453
   0.999        4    0.475   0.4995
  0.9999     0.05    0.465 0.464812
  0.9999      0.1   0.4725 0.470814
  0.9999     0.15     0.43 0.459249
  0.9999      0.2   0.4775 0.485865
  0.9999      0.3      0.5 0.498186
  0.9999      0.4   0.4975 0.499213
  0.9999      0.5      0.5 0.499704
  0.9999      0.6      0.5 0.499821
  0.9999      0.7      0.5 0.499864
  0.9999      0.8      0.5 0.499885
  0.9999      0.9      0.5 0.499898
  0.9999        1     0.47 0.499908
  0.9999        2      0.5 0.499944
  0.9999        4      0.5 0.499949