       0     0.05 0.496667 0.496667
     0.2     0.05 0.291333 0.319251
     0.4     0.05    0.288 0.321386
     0.6     0.05 0.289333 0.329122
     0.8     0.05 0.311333 0.353504
     0.9     0.05    0.274  0.38536
    0.95     0.05 0.339333 0.416383
    0.99     0.05    0.384 0.467883
   0.999     0.05 0.408667 0.495209
  0.9999     0.05      0.5 0.499487
       0      0.1 0.496667 0.496667
     0.2      0.1 0.354667 0.395351
     0.4      0.1    0.368 0.406435
     0.6      0.1 0.350667 0.422349
     0.8      0.1 0.401333 0.445345
     0.9      0.1    0.406 0.462978
    0.95      0.1     0.41 0.475963
    0.99      0.1 0.399333 0.492317
   0.999      0.1 0.496667 0.498891
  0.9999      0.1      0.5 0.499881
       0     0.15 0.496667 0.496667
     0.2     0.15 0.416667 0.442176
     0.4     0.15    0.412 0.448374
     0.6     0.15 0.412667 0.457195
     0.8     0.15 0.451333 0.470254
     0.9     0.15     0.45 0.480263
    0.95     0.15 0.430667 0.487338
    0.99     0.15 0.459333  0.49563
   0.999     0.15 0.496667 0.499278
  0.9999     0.15      0.5  0.49992
       0      0.2 0.496667 0.496667
     0.2      0.2    0.476 0.462076
     0.4      0.2 0.481333 0.465786
     0.6      0.2 0.477333 0.471366
     0.8      0.2 0.465333 0.480138
     0.9      0.2 0.447333 0.486901
    0.95      0.2 0.373333 0.491471
    0.99      0.2 0.496667  0.49668
   0.999      0.2 0.496667 0.499392
  0.9999      0.2      0.5 0.499932
       0      0.3 0.496667 0.496667
     0.2      0.3 0.486667 0.475906
     0.4      0.3     0.48 0.478955
     0.6      0.3 0.474667  0.48306
     0.8      0.3    0.448 0.488716
     0.9      0.3 0.399333 0.492436
    0.95      0.3 0.400667 0.494699
    0.99      0.3 0.496667  0.49744
   0.999      0.3 0.496667  0.49948
  0.9999      0.3      0.5 0.499941
       0      0.4 0.496667 0.496667
     0.2      0.4 0.479333 0.482675
     0.4      0.4    0.476  0.48535
     0.6      0.4 0.465333 0.488498
     0.8      0.4 0.441333 0.492264
     0.9      0.4    0.368 0.494492
    0.95      0.4    0.496 0.495816
    0.99      0.4 0.496667 0.497698
   0.999      0.4 0.496667 0.499516
  0.9999      0.4      0.5 0.499945
       0      0.5 0.496667 0.496667
     0.2      0.5    0.478 0.487016
     0.4      0.5 0.472667 0.489085
     0.6      0.5 0.463333 0.491372
     0.8      0.5 0.431333  0.49394
     0.9      0.5 0.368667 0.495403
    0.95      0.5 0.496667 0.496295
    0.99      0.5 0.496667 0.497811
   0.999      0.5 0.496667 0.499534
  0.9999      0.5    0.498 0.499947
       0      0.6 0.496667 0.496667
     0.2      0.6     0.48 0.489742
     0.4      0.6 0.474667 0.491313
     0.6      0.6 0.465333 0.492997
     0.8      0.6 0.420667 0.494833
     0.9      0.6    0.394 0.495874
    0.95      0.6 0.496667 0.496539
    0.99      0.6 0.496667 0.497869
   0.999      0.6 0.496667 0.499544
  0.9999      0.6 0.496667 0.499948
       0      0.7 0.496667 0.496667
     0.2      0.7 0.479333 0.491497
     0.4      0.7    0.474 0.492709
     0.6      0.7 0.463333 0.493986
     0.8      0.7 0.418667 0.495361
     0.9      0.7 0.404667 0.496147
    0.95      0.7 0.496667  0.49668
    0.99      0.7 0.496667 0.497903
   0.999      0.7 0.496667 0.499549
  0.9999      0.7 0.496667 0.499949
       0      0.8 0.496667 0.496667
     0.2      0.8 0.477333 0.492675
     0.4      0.8    0.476  0.49363
     0.6      0.8 0.462667 0.494628
     0.8      0.8 0.419333 0.495697
     0.9      0.8 0.418667  0.49632
    0.95      0.8 0.496667 0.496768
    0.99      0.8 0.496667 0.497925
   0.999      0.8 0.496667 0.499553
  0.9999      0.8 0.496667 0.499949
       0      0.9 0.496667 0.496667
     0.2      0.9 0.479333 0.493497
     0.4      0.9 0.477333 0.494267
     0.6      0.9 0.463333 0.495067
     0.8      0.9    0.422 0.495924
     0.9      0.9 0.435333 0.496436
    0.95      0.9 0.496667 0.496828
    0.99      0.9 0.496667  0.49794
   0.999      0.9 0.496667 0.499556
  0.9999      0.9 0.496667  0.49995
       0        1 0.496667 0.496667
     0.2        1 0.481333 0.494092
     0.4        1 0.476667 0.494725
     0.6        1 0.465333  0.49538
     0.8        1    0.422 0.496085
     0.9        1 0.446667 0.496518
    0.95        1 0.496667  0.49687
    0.99        1 0.496667  0.49795
   0.999        1 0.496667 0.499557
  0.9999        1 0.496667  0.49995
       0        2 0.496667 0.496667
     0.2        2 0.483333 0.496022
     0.4        2    0.476 0.496192
     0.6        2 0.464667 0.496373
     0.8        2 0.416667 0.496589
     0.9        2    0.466 0.496773
    0.95        2 0.496667    0.497
    0.99        2 0.496667 0.497982
   0.999        2 0.496667 0.499563
  0.9999        2 0.496667 0.499951
       0        4 0.496667 0.496667
     0.2        4 0.483333 0.496509
     0.4        4 0.476667 0.496559
     0.6        4 0.463333 0.496618
     0.8        4    0.416 0.496712
     0.9        4 0.472667 0.496835
    0.95        4 0.496667 0.497031
    0.99        4 0.496667  0.49799
   0.999        4 0.496667 0.499565
  0.9999        4 0.496667 0.499951