       0     0.05 0.466667 0.466667
     0.2     0.05 0.466667 0.466667
     0.4     0.05 0.466667 0.466667
     0.6     0.05 0.466667 0.466667
     0.8     0.05 0.466667 0.466667
     0.9     0.05 0.466667 0.466667
    0.95     0.05 0.466667 0.466667
    0.99     0.05 0.466667 0.466667
   0.999     0.05 0.466667 0.466667
  0.9999     0.05 0.466667 0.466667
       0      0.1 0.466667 0.466667
     0.2      0.1 0.430667 0.426022
     0.4      0.1 0.428667 0.427989
     0.6      0.1 0.429333 0.428059
     0.8      0.1    0.434 0.427037
     0.9      0.1 0.432667 0.425643
    0.95      0.1 0.424667 0.424798
    0.99      0.1 0.426667 0.423294
   0.999      0.1 0.421333 0.423055
  0.9999      0.1 0.422667 0.423313
       0     0.15 0.466667 0.466667
     0.2     0.15    0.418 0.417633
     0.4     0.15    0.416 0.419823
     0.6     0.15 0.416667 0.421322
     0.8     0.15 0.417333 0.421803
     0.9     0.15    0.418 0.421957
    0.95     0.15    0.416 0.422545
    0.99     0.15 0.415333 0.425515
   0.999     0.15 0.430667 0.430385
  0.9999     0.15 0.427333  0.43339
       0      0.2 0.466667 0.466667
     0.2      0.2 0.399333 0.409495
     0.4      0.2 0.400667 0.414246
     0.6      0.2    0.404 0.417819
     0.8      0.2    0.406 0.422116
     0.9      0.2 0.403333 0.425764
    0.95      0.2      0.4  0.42917
    0.99      0.2 0.406667 0.436117
   0.999      0.2 0.409333 0.443172
  0.9999      0.2    0.422 0.449545
       0      0.3 0.466667 0.466667
     0.2      0.3 0.360667 0.397529
     0.4      0.3    0.352 0.408385
     0.6      0.3 0.354667 0.419322
     0.8      0.3 0.351333 0.433855
     0.9      0.3 0.355333 0.445687
    0.95      0.3    0.368 0.455572
    0.99      0.3 0.405333 0.473647
   0.999      0.3 0.462667 0.492011
  0.9999      0.3 0.481333 0.498778
       0      0.4 0.466667 0.466667
     0.2      0.4 0.321333 0.405553
     0.4      0.4    0.318 0.417866
     0.6      0.4    0.324 0.431865
     0.8      0.4    0.336  0.44974
     0.9      0.4    0.372 0.462669
    0.95      0.4 0.427333 0.472793
    0.99      0.4 0.464667 0.489595
   0.999      0.4    0.488 0.498561
  0.9999      0.4      0.5 0.499849
       0      0.5 0.466667 0.466667
     0.2      0.5 0.283333 0.421364
     0.4      0.5 0.283333 0.431818
     0.6      0.5 0.287333 0.443688
     0.8      0.5 0.326667 0.458536
     0.9      0.5    0.388 0.469453
    0.95      0.5 0.453333 0.478407
    0.99      0.5 0.466667 0.492831
   0.999      0.5    0.494 0.499131
  0.9999      0.5      0.5 0.499911
       0      0.6 0.466667 0.466667
     0.2      0.6    0.254  0.43419
     0.4      0.6 0.256667 0.442378
     0.6      0.6    0.262 0.451641
     0.8      0.6    0.322 0.463493
     0.9      0.6 0.401333 0.472845
    0.95      0.6    0.464 0.480992
    0.99      0.6 0.466667 0.494039
   0.999      0.6 0.493333 0.499306
  0.9999      0.6      0.5 0.499929
       0      0.7 0.466667 0.466667
     0.2      0.7 0.241333 0.442688
     0.4      0.7 0.244667 0.449158
     0.6      0.7    0.252 0.456545
     0.8      0.7    0.312 0.466389
     0.9      0.7 0.407333 0.474746
    0.95      0.7 0.466667 0.482379
    0.99      0.7 0.466667 0.494614
   0.999      0.7    0.486 0.499383
  0.9999      0.7      0.5 0.499937
       0      0.8 0.466667 0.466667
     0.2      0.8    0.234 0.448346
     0.4      0.8    0.238 0.453605
     0.6      0.8    0.246 0.459702
     0.8      0.8 0.310667 0.468206
     0.9      0.8 0.410667 0.475906
    0.95      0.8 0.466667 0.483195
    0.99      0.8 0.466667 0.494927
   0.999      0.8 0.473333 0.499424
  0.9999      0.8      0.5 0.499942
       0      0.9 0.466667 0.466667
     0.2      0.9 0.230667 0.452266
     0.4      0.9    0.232 0.456656
     0.6      0.9    0.244 0.461845
     0.8      0.9 0.307333 0.469418
     0.9      0.9    0.416 0.476662
    0.95      0.9 0.466667 0.483712
    0.99      0.9 0.466667 0.495114
   0.999      0.9 0.466667 0.499447
  0.9999      0.9      0.5 0.499944
       0        1 0.466667 0.466667
     0.2        1 0.228667 0.455086
     0.4        1 0.227333 0.458837
     0.6        1 0.246667 0.463365
     0.8        1 0.306667 0.470266
     0.9        1 0.417333 0.477181
    0.95        1 0.466667 0.484059
    0.99        1 0.466667 0.495234
   0.999        1 0.466667 0.499462
  0.9999        1      0.5 0.499945
       0        2 0.466667 0.466667
     0.2        2    0.222 0.464167
     0.4        2     0.23 0.465784
     0.6        2 0.241333 0.468139
     0.8        2 0.300667 0.472864
     0.9        2 0.423333 0.478711
    0.95        2 0.466667 0.485028
    0.99        2 0.466667 0.495541
   0.999        2 0.466667 0.499499
  0.9999        2      0.5 0.499949
       0        4 0.466667 0.466667
     0.2        4 0.222667 0.466451
     0.4        4    0.226 0.467511
     0.6        4     0.24 0.469311
     0.8        4 0.297333 0.473484
     0.9        4    0.424 0.479059
    0.95        4 0.466667 0.485234
    0.99        4 0.466667 0.495599
   0.999        4 0.466667 0.499505
  0.9999        4 0.466667  0.49995