        0      0.05      0.19      0.49
      0.2      0.05      0.19  0.353667
      0.4      0.05      0.19  0.353667
      0.6      0.05      0.19     0.353
      0.8      0.05      0.19     0.353
      0.9      0.05      0.19     0.353
     0.95      0.05      0.19     0.353
     0.99      0.05      0.19     0.353
    0.999      0.05      0.19     0.353
   0.9999      0.05      0.19     0.353
        0       0.1      0.19      0.49
      0.2       0.1 0.0726667 0.0734092
      0.4       0.1     0.072 0.0721172
      0.6       0.1     0.068 0.0686395
      0.8       0.1 0.0653333 0.0666229
      0.9       0.1 0.0646667 0.0659023
     0.95       0.1 0.0646667 0.0661369
     0.99       0.1 0.0673333 0.0677096
    0.999       0.1 0.0693333 0.0687681
   0.9999       0.1 0.0673333 0.0674044
        0      0.15      0.19      0.49
      0.2      0.15 0.0926667 0.0912638
      0.4      0.15 0.0766667 0.0781923
      0.6      0.15 0.0726667 0.0733056
      0.8      0.15 0.0673333 0.0691604
      0.9      0.15 0.0673333 0.0689826
     0.95      0.15 0.0686667 0.0696195
     0.99      0.15 0.0693333 0.0696066
    0.999      0.15     0.066 0.0695746
   0.9999      0.15 0.0646667 0.0694033
        0       0.2      0.19      0.49
      0.2       0.2 0.0993333  0.102491
      0.4       0.2 0.0933333 0.0925611
      0.6       0.2     0.082 0.0821587
      0.8       0.2      0.07 0.0733742
      0.9       0.2 0.0686667 0.0720232
     0.95       0.2     0.072 0.0728136
     0.99       0.2 0.0666667 0.0742228
    0.999       0.2 0.0706667 0.0813122
   0.9999       0.2  0.147333  0.126301
        0       0.3      0.19      0.49
      0.2       0.3  0.132667  0.134945
      0.4       0.3  0.121333  0.121722
      0.6       0.3 0.0973333  0.109048
      0.8       0.3 0.0833333  0.101762
      0.9       0.3 0.0826667  0.104677
     0.95       0.3  0.141333  0.113416
     0.99       0.3     0.142  0.141905
    0.999       0.3  0.212667  0.186976
   0.9999       0.3  0.215333  0.201614
        0       0.4      0.19      0.49
      0.2       0.4  0.156667  0.158888
      0.4       0.4  0.142667  0.147274
      0.6       0.4     0.132  0.137204
      0.8       0.4     0.122  0.127841
      0.9       0.4     0.138  0.128294
     0.95       0.4     0.138  0.134942
     0.99       0.4  0.152667   0.15199
    0.999       0.4  0.152667  0.148633
   0.9999       0.4 0.0346667  0.128728
        0       0.5      0.19      0.49
      0.2       0.5  0.166667  0.174135
      0.4       0.5  0.163333  0.166519
      0.6       0.5      0.15  0.157917
      0.8       0.5      0.14  0.145332
      0.9       0.5  0.135333   0.13732
     0.95       0.5  0.130667  0.134335
     0.99       0.5 0.0426667  0.129162
    0.999       0.5 0.0353333  0.126742
   0.9999       0.5 0.0966667  0.132761
        0       0.6      0.19      0.49
      0.2       0.6  0.173333  0.185471
      0.4       0.6     0.164  0.179635
      0.6       0.6  0.160667   0.17288
      0.8       0.6     0.146   0.16128
      0.9       0.6  0.126667  0.151536
     0.95       0.6     0.076  0.146243
     0.99       0.6     0.042  0.148441
    0.999       0.6 0.0766667  0.157861
   0.9999       0.6  0.159333  0.198461
        0       0.7      0.19      0.49
      0.2       0.7  0.181333  0.198744
      0.4       0.7     0.172  0.194672
      0.6       0.7  0.164667  0.189999
      0.8       0.7     0.148  0.182526
      0.9       0.7     0.122  0.177698
     0.95       0.7 0.0773333  0.177633
     0.99       0.7 0.0506667   0.18613
    0.999       0.7      0.12  0.212617
   0.9999       0.7       0.2   0.25115
        0       0.8      0.19      0.49
      0.2       0.8  0.188667  0.215465
      0.4       0.8  0.175333  0.213835
      0.6       0.8  0.162667  0.212348
      0.8       0.8  0.150667  0.211209
      0.9       0.8  0.129333  0.212856
     0.95       0.8     0.078  0.216995
     0.99       0.8     0.086  0.230208
    0.999       0.8  0.187333  0.265066
   0.9999       0.8       0.2  0.283849
        0       0.9      0.19      0.49
      0.2       0.9     0.188  0.236018
      0.4       0.9  0.178667  0.237252
      0.6       0.9  0.170667  0.239574
      0.8       0.9     0.154  0.244708
      0.9       0.9  0.122667  0.250973
     0.95       0.9 0.0753333  0.257638
     0.99       0.9  0.133333  0.276283
    0.999       0.9     0.196  0.303499
   0.9999       0.9       0.2   0.31153
        0         1      0.19      0.49
      0.2         1  0.191333  0.259989
      0.4         1  0.181333  0.263986
      0.6         1  0.176667  0.269774
      0.8         1  0.149333    0.2796
      0.9         1  0.119333  0.288741
     0.95         1 0.0873333  0.297227
     0.99         1  0.172667  0.316773
    0.999         1       0.2  0.334096
   0.9999         1       0.2  0.337918
        0         2      0.19      0.49
      0.2         2  0.195333  0.427969
      0.4         2  0.188667  0.433797
      0.6         2  0.174667  0.440155
      0.8         2     0.164  0.447321
      0.9         2  0.187333  0.451656
     0.95         2      0.19  0.454675
     0.99         2      0.19  0.460031
    0.999         2       0.2  0.463487
   0.9999         2       0.2   0.46401
        0         4      0.19      0.49
      0.2         4     0.202  0.476177
      0.4         4  0.185333  0.477783
      0.6         4  0.173333  0.479495
      0.8         4      0.18  0.481527
      0.9         4      0.19  0.483114
     0.95         4      0.19  0.484746
     0.99         4      0.19  0.488961
    0.999         4      0.19   0.49192
   0.9999         4       0.2  0.492356