        0      0.05  0.193333  0.493333
      0.2      0.05  0.193333     0.386
      0.4      0.05  0.193333  0.385333
      0.6      0.05  0.193333  0.385333
      0.8      0.05  0.193333  0.384667
      0.9      0.05  0.193333     0.384
     0.95      0.05  0.193333  0.383333
     0.99      0.05  0.193333     0.383
    0.999      0.05  0.193333     0.383
   0.9999      0.05  0.193333  0.381667
        0       0.1  0.193333  0.493333
      0.2       0.1 0.0573333 0.0582711
      0.4       0.1     0.058 0.0589979
      0.6       0.1 0.0593333 0.0596824
      0.8       0.1      0.06 0.0596943
      0.9       0.1 0.0586667 0.0599834
     0.95       0.1 0.0586667 0.0599723
     0.99       0.1 0.0573333 0.0585411
    0.999       0.1 0.0573333 0.0571241
   0.9999       0.1 0.0573333 0.0570525
        0      0.15  0.193333  0.493333
      0.2      0.15      0.06 0.0614298
      0.4      0.15 0.0606667 0.0608795
      0.6      0.15 0.0593333 0.0612647
      0.8      0.15 0.0613333  0.061453
      0.9      0.15 0.0633333 0.0610503
     0.95      0.15 0.0593333 0.0598622
     0.99      0.15     0.058 0.0575507
    0.999      0.15     0.056  0.057057
   0.9999      0.15     0.056 0.0549731
        0       0.2  0.193333  0.493333
      0.2       0.2     0.064 0.0649245
      0.4       0.2     0.062 0.0623109
      0.6       0.2 0.0606667 0.0619609
      0.8       0.2 0.0606667 0.0610496
      0.9       0.2 0.0573333 0.0592543
     0.95       0.2 0.0566667  0.057365
     0.99       0.2 0.0566667 0.0556923
    0.999       0.2 0.0466667 0.0483158
   0.9999       0.2     0.046 0.0462974
        0       0.3  0.193333  0.493333
      0.2       0.3 0.0813333 0.0804399
      0.4       0.3 0.0646667 0.0707458
      0.6       0.3     0.058 0.0640834
      0.8       0.3     0.054 0.0591406
      0.9       0.3 0.0533333  0.054844
     0.95       0.3 0.0513333 0.0511926
     0.99       0.3     0.042 0.0445726
    0.999       0.3 0.0413333  0.050074
   0.9999       0.3 0.0513333 0.0592605
        0       0.4  0.193333  0.493333
      0.2       0.4 0.0893333 0.0913133
      0.4       0.4     0.076 0.0831758
      0.6       0.4 0.0633333 0.0738469
      0.8       0.4 0.0526667 0.0629664
      0.9       0.4     0.042 0.0560214
     0.95       0.4 0.0326667 0.0514742
     0.99       0.4      0.03 0.0532029
    0.999       0.4 0.0406667 0.0743504
   0.9999       0.4 0.0453333 0.0837167
        0       0.5  0.193333  0.493333
      0.2       0.5 0.0886667  0.102985
      0.4       0.5 0.0793333  0.094187
      0.6       0.5 0.0686667 0.0856684
      0.8       0.5 0.0493333 0.0755652
      0.9       0.5 0.0406667 0.0713738
     0.95       0.5 0.0313333 0.0730125
     0.99       0.5 0.0313333 0.0942135
    0.999       0.5 0.0433333   0.11498
   0.9999       0.5 0.0833333  0.126978
        0       0.6  0.193333  0.493333
      0.2       0.6      0.09  0.118437
      0.4       0.6 0.0746667  0.110819
      0.6       0.6     0.068  0.104383
      0.8       0.6 0.0486667  0.100617
      0.9       0.6 0.0393333  0.104951
     0.95       0.6 0.0326667  0.115935
     0.99       0.6 0.0346667   0.14668
    0.999       0.6 0.0733333  0.165308
   0.9999       0.6     0.128  0.206209
        0       0.7  0.193333  0.493333
      0.2       0.7 0.0926667  0.141893
      0.4       0.7     0.078  0.137203
      0.6       0.7 0.0626667  0.135435
      0.8       0.7 0.0486667  0.140752
      0.9       0.7 0.0446667  0.153713
     0.95       0.7 0.0366667  0.170063
     0.99       0.7 0.0533333  0.199038
    0.999       0.7  0.111333  0.232735
   0.9999       0.7     0.198   0.27642
        0       0.8  0.193333  0.493333
      0.2       0.8     0.096  0.172721
      0.4       0.8 0.0793333  0.171928
      0.6       0.8     0.066  0.175754
      0.8       0.8 0.0533333  0.189181
      0.9       0.8 0.0493333  0.206513
     0.95       0.8      0.05     0.223
     0.99       0.8 0.0813333  0.251817
    0.999       0.8      0.16  0.296733
   0.9999       0.8  0.199333  0.320853
        0       0.9  0.193333  0.493333
      0.2       0.9     0.104  0.206649
      0.4       0.9 0.0873333  0.209874
      0.6       0.9 0.0713333  0.218226
      0.8       0.9      0.06  0.236371
      0.9       0.9     0.058  0.254622
     0.95       0.9     0.068  0.270551
     0.99       0.9  0.110667  0.303837
    0.999       0.9     0.194  0.342271
   0.9999       0.9       0.2  0.353321
        0         1  0.193333  0.493333
      0.2         1  0.116667  0.240168
      0.4         1 0.0946667  0.246791
      0.6         1 0.0753333  0.258216
      0.8         1 0.0686667  0.278599
      0.9         1     0.074  0.297139
     0.95         1 0.0886667  0.313677
     0.99         1  0.138667  0.347963
    0.999         1     0.196  0.374116
   0.9999         1       0.2   0.37965
        0         2  0.193333  0.493333
      0.2         2  0.158667  0.432901
      0.4         2     0.132  0.440414
      0.6         2  0.109333   0.44899
      0.8         2  0.122667  0.459196
      0.9         2     0.156  0.465367
     0.95         2  0.192667  0.469121
     0.99         2  0.193333  0.474127
    0.999         2  0.193333  0.477475
   0.9999         2       0.2  0.478081
        0         4  0.193333  0.493333
      0.2         4  0.221333  0.483758
      0.4         4     0.192  0.485273
      0.6         4  0.148667  0.486853
      0.8         4      0.13  0.488597
      0.9         4     0.178  0.489747
     0.95         4  0.193333  0.490757
     0.99         4  0.193333  0.493493
    0.999         4  0.193333  0.496028
   0.9999         4       0.2  0.496471