       0     0.05 0.465333 0.466667
     0.2     0.05 0.465333 0.466667
     0.4     0.05 0.465333 0.466667
     0.6     0.05 0.465333 0.466667
     0.8     0.05 0.465333 0.466667
     0.9     0.05 0.465333 0.466667
    0.95     0.05 0.465333 0.466667
    0.99     0.05 0.465333 0.466667
   0.999     0.05 0.465333 0.466667
  0.9999     0.05 0.465333 0.466667
       0      0.1 0.465333 0.466667
     0.2      0.1    0.372 0.374406
     0.4      0.1 0.379333 0.378581
     0.6      0.1 0.382667 0.381315
     0.8      0.1 0.376667 0.383644
     0.9      0.1    0.378 0.385875
    0.95      0.1 0.387333 0.389246
    0.99      0.1    0.402 0.398307
   0.999      0.1 0.413333 0.405206
  0.9999      0.1    0.408 0.410513
       0     0.15 0.465333 0.466667
     0.2     0.15    0.354 0.365854
     0.4     0.15    0.364  0.37338
     0.6     0.15 0.361333 0.379448
     0.8     0.15    0.374 0.387765
     0.9     0.15 0.379333 0.394957
    0.95     0.15 0.385333 0.401685
    0.99     0.15    0.404 0.413565
   0.999     0.15 0.416667 0.426439
  0.9999     0.15 0.412667 0.429572
       0      0.2 0.465333 0.466667
     0.2      0.2    0.344 0.358721
     0.4      0.2 0.354667 0.369999
     0.6      0.2 0.356667 0.379894
     0.8      0.2     0.36 0.391748
     0.9      0.2 0.379333 0.401261
    0.95      0.2 0.392667 0.409272
    0.99      0.2 0.396667 0.422596
   0.999      0.2 0.422667 0.442844
  0.9999      0.2     0.45 0.469127
       0      0.3 0.465333 0.466667
     0.2      0.3 0.301333 0.359844
     0.4      0.3 0.316667 0.376103
     0.6      0.3    0.326 0.393477
     0.8      0.3    0.344 0.416863
     0.9      0.3 0.362667 0.435857
    0.95      0.3 0.399333  0.45163
    0.99      0.3 0.431333 0.477597
   0.999      0.3 0.470667 0.494852
  0.9999      0.3 0.496667 0.499216
       0      0.4 0.465333 0.466667
     0.2      0.4 0.275333 0.384627
     0.4      0.4    0.274 0.401028
     0.6      0.4 0.285333 0.419922
     0.8      0.4 0.303333 0.443938
     0.9      0.4     0.32 0.460669
    0.95      0.4 0.363333 0.472865
    0.99      0.4 0.466667 0.490544
   0.999      0.4     0.49 0.498775
  0.9999      0.4 0.501333 0.499918
       0      0.5 0.465333 0.466667
     0.2      0.5 0.249333  0.41131
     0.4      0.5 0.249333  0.42402
     0.6      0.5    0.254 0.438434
     0.8      0.5 0.293333 0.456281
     0.9      0.5 0.371333  0.46898
    0.95      0.5 0.447333 0.478831
    0.99      0.5    0.468 0.493364
   0.999      0.5 0.496667 0.499257
  0.9999      0.5 0.501333 0.499972
       0      0.6 0.465333 0.466667
     0.2      0.6 0.237333 0.429688
     0.4      0.6 0.240667 0.438989
     0.6      0.6    0.256 0.449481
     0.8      0.6     0.32 0.462772
     0.9      0.6    0.426 0.472979
    0.95      0.6    0.468 0.481517
    0.99      0.6    0.468 0.494425
   0.999      0.6 0.500667   0.4994
  0.9999      0.6 0.501333 0.499982
       0      0.7 0.465333 0.466667
     0.2      0.7 0.229333 0.440957
     0.4      0.7 0.236667 0.447918
     0.6      0.7 0.264667 0.455845
     0.8      0.7    0.364 0.466344
     0.9      0.7 0.456667 0.475103
    0.95      0.7    0.468 0.482894
    0.99      0.7    0.468 0.494916
   0.999      0.7 0.501333 0.499459
  0.9999      0.7 0.501333 0.499982
       0      0.8 0.465333 0.466667
     0.2      0.8 0.229333 0.447971
     0.4      0.8    0.244 0.453391
     0.6      0.8    0.288 0.459677
     0.8      0.8    0.392 0.468442
     0.9      0.8 0.464667 0.476322
    0.95      0.8    0.468 0.483662
    0.99      0.8    0.468 0.495171
   0.999      0.8 0.501333 0.499485
  0.9999      0.8 0.501333 0.499979
       0      0.9 0.465333 0.466667
     0.2      0.9 0.235333 0.452539
     0.4      0.9    0.258 0.456923
     0.6      0.9 0.298667 0.462122
     0.8      0.9 0.410667  0.46976
     0.9      0.9    0.466 0.477072
    0.95      0.9    0.468 0.484123
    0.99      0.9    0.468 0.495316
   0.999      0.9 0.500667 0.499498
  0.9999      0.9 0.501333 0.499975
       0        1 0.465333 0.466667
     0.2        1 0.242667 0.455656
     0.4        1 0.263333 0.459318
     0.6        1 0.312667 0.463769
     0.8        1 0.425333 0.470636
     0.9        1 0.467333 0.477563
    0.95        1    0.468 0.484418
    0.99        1    0.468 0.495404
   0.999        1    0.496 0.499505
  0.9999        1 0.501333 0.499972
       0        2 0.465333 0.466667
     0.2        2 0.266667  0.46461
     0.4        2 0.290667 0.466129
     0.6        2 0.353333 0.468391
     0.8        2    0.454 0.473034
     0.9        2    0.468 0.478847
    0.95        2    0.468  0.48514
    0.99        2    0.468 0.495589
   0.999        2    0.468 0.499511
  0.9999        2 0.501333 0.499957
       0        4 0.465333 0.466667
     0.2        4 0.273333 0.466581
     0.4        4      0.3 0.467612
     0.6        4    0.368 0.469383
     0.8        4 0.459333 0.473531
     0.9        4    0.468 0.479096
    0.95        4    0.468 0.485264
    0.99        4    0.468 0.495612
   0.999        4    0.468 0.499508
  0.9999        4    0.468 0.499952