       0     0.05 0.823333 0.822222
     0.2     0.05 0.369333 0.410444
     0.4     0.05 0.360667 0.407111
     0.6     0.05    0.356 0.404889
     0.8     0.05    0.352 0.401556
     0.9     0.05 0.350667 0.400556
    0.95     0.05 0.349333 0.397222
    0.99     0.05 0.345333    0.395
   0.999     0.05    0.342 0.387889
  0.9999     0.05 0.338667 0.384556
       0      0.1 0.823333 0.822222
     0.2      0.1 0.306667  0.30634
     0.4      0.1    0.304 0.302971
     0.6      0.1 0.301333 0.300581
     0.8      0.1 0.300667 0.300155
     0.9      0.1 0.300667 0.300013
    0.95      0.1 0.298667 0.298308
    0.99      0.1 0.290667 0.290142
   0.999      0.1 0.281333 0.281208
  0.9999      0.1 0.274667 0.274451
       0     0.15 0.823333 0.822222
     0.2     0.15 0.315333 0.314984
     0.4     0.15 0.315333 0.310787
     0.6     0.15    0.302 0.303761
     0.8     0.15      0.3  0.30009
     0.9     0.15    0.298 0.297877
    0.95     0.15    0.288 0.288641
    0.99     0.15 0.277333 0.277421
   0.999     0.15 0.271333 0.271545
  0.9999     0.15    0.264 0.265962
       0      0.2 0.823333 0.822222
     0.2      0.2 0.319333 0.322803
     0.4      0.2 0.314667 0.314689
     0.6      0.2    0.314 0.311034
     0.8      0.2      0.3 0.302137
     0.9      0.2 0.295333 0.295352
    0.95      0.2 0.283333  0.28378
    0.99      0.2 0.272667 0.272221
   0.999      0.2    0.264 0.264588
  0.9999      0.2 0.263333 0.263537
       0      0.3 0.823333 0.822222
     0.2      0.3     0.37 0.369576
     0.4      0.3 0.340667 0.339298
     0.6      0.3     0.32 0.317828
     0.8      0.3 0.311333 0.308204
     0.9      0.3 0.294667 0.297567
    0.95      0.3     0.28 0.283669
    0.99      0.3 0.269333 0.269743
   0.999      0.3 0.263333 0.264503
  0.9999      0.3 0.260667 0.268949
       0      0.4 0.823333 0.822222
     0.2      0.4 0.387333 0.391685
     0.4      0.4 0.373333 0.372843
     0.6      0.4    0.354 0.351984
     0.8      0.4    0.316 0.321269
     0.9      0.4 0.309333 0.307201
    0.95      0.4 0.289333 0.295852
    0.99      0.4 0.270667 0.280109
   0.999      0.4 0.275333 0.289726
  0.9999      0.4 0.285333 0.326593
       0      0.5 0.823333 0.822222
     0.2      0.5    0.424  0.42314
     0.4      0.5 0.385333 0.394406
     0.6      0.5 0.374667 0.375164
     0.8      0.5 0.352667  0.35067
     0.9      0.5    0.332 0.333283
    0.95      0.5 0.314667 0.323522
    0.99      0.5 0.285333 0.320063
   0.999      0.5     0.28  0.35256
  0.9999      0.5 0.345333 0.379703
       0      0.6 0.823333 0.822222
     0.2      0.6 0.441333 0.441207
     0.4      0.6 0.414667 0.418665
     0.6      0.6    0.384 0.398227
     0.8      0.6 0.372667 0.378583
     0.9      0.6 0.358667 0.364938
    0.95      0.6 0.348667 0.358812
    0.99      0.6    0.308  0.36754
   0.999      0.6     0.33 0.416893
  0.9999      0.6 0.345333 0.530105
       0      0.7 0.823333 0.822222
     0.2      0.7 0.449333 0.452416
     0.4      0.7    0.436 0.436378
     0.6      0.7 0.417333 0.421287
     0.8      0.7 0.388667 0.407117
     0.9      0.7 0.386667 0.401205
    0.95      0.7 0.376667 0.401168
    0.99      0.7    0.348 0.431634
   0.999      0.7 0.343333 0.555179
  0.9999      0.7 0.488667 0.702975
       0      0.8 0.823333 0.822222
     0.2      0.8 0.458667 0.461925
     0.4      0.8 0.444667 0.451686
     0.6      0.8 0.434667 0.442544
     0.8      0.8 0.426667 0.437041
     0.9      0.8 0.416667 0.441336
    0.95      0.8    0.402 0.455716
    0.99      0.8 0.374667  0.53231
   0.999      0.8     0.43 0.685453
  0.9999      0.8 0.664667 0.786009
       0      0.9 0.823333 0.822222
     0.2      0.9 0.462667  0.47422
     0.4      0.9    0.448 0.469058
     0.6      0.9    0.448 0.467144
     0.8      0.9    0.434 0.474834
     0.9      0.9 0.431333 0.495556
    0.95      0.9 0.429333 0.528909
    0.99      0.9 0.413333 0.635565
   0.999      0.9 0.607333 0.762029
  0.9999      0.9 0.740667 0.819217
       0        1 0.823333 0.822222
     0.2        1     0.46 0.491388
     0.4        1    0.448 0.491975
     0.6        1     0.45 0.498424
     0.8        1 0.447333 0.522068
     0.9        1    0.438 0.559252
    0.95        1 0.437333 0.605302
    0.99        1 0.462667 0.710733
   0.999        1 0.662667 0.801748
  0.9999        1 0.828667 0.828946
       0        2 0.823333 0.822222
     0.2        2 0.509333 0.736255
     0.4        2 0.526667 0.751669
     0.6        2    0.542 0.769884
     0.8        2    0.564 0.792493
     0.9        2 0.575333 0.806705
    0.95        2    0.586  0.81543
    0.99        2 0.793333 0.826132
   0.999        2    0.822 0.832178
  0.9999        2 0.831333 0.833209
       0        4 0.823333 0.822222
     0.2        4 0.808667 0.812021
     0.4        4 0.820667 0.814489
     0.6        4 0.823333 0.817116
     0.8        4 0.823333 0.820074
     0.9        4 0.823333 0.822039
    0.95        4 0.823333  0.82375
    0.99        4 0.823333 0.828315
   0.999        4    0.824 0.832515
  0.9999        4 0.833333 0.833246