       0     0.05 0.496667 0.496667
     0.2     0.05 0.327333 0.341333
     0.4     0.05 0.325333    0.341
     0.6     0.05 0.325333    0.341
     0.8     0.05 0.322667 0.340333
     0.9     0.05    0.322 0.340333
    0.95     0.05    0.322 0.340333
    0.99     0.05 0.319333    0.339
   0.999     0.05 0.317333 0.339333
  0.9999     0.05 0.317333 0.338667
       0      0.1 0.496667 0.496667
     0.2      0.1    0.358 0.357355
     0.4      0.1    0.358 0.358546
     0.6      0.1 0.359333 0.359145
     0.8      0.1    0.362 0.358812
     0.9      0.1 0.360667 0.354666
    0.95      0.1 0.360667 0.347266
    0.99      0.1     0.36 0.337027
   0.999      0.1 0.385333  0.36228
  0.9999      0.1    0.404 0.380548
       0     0.15 0.496667 0.496667
     0.2     0.15    0.358 0.357609
     0.4     0.15    0.358  0.35782
     0.6     0.15    0.358  0.35835
     0.8     0.15 0.361333 0.360076
     0.9     0.15 0.360667 0.359758
    0.95     0.15 0.360667 0.359633
    0.99     0.15 0.359333 0.371004
   0.999     0.15 0.362667  0.37696
  0.9999     0.15    0.356  0.36014
       0      0.2 0.496667 0.496667
     0.2      0.2 0.358667 0.356935
     0.4      0.2    0.358 0.356985
     0.6      0.2    0.358 0.356962
     0.8      0.2 0.359333 0.358395
     0.9      0.2     0.36  0.35828
    0.95      0.2     0.36 0.359455
    0.99      0.2 0.364667  0.37396
   0.999      0.2    0.356 0.363185
  0.9999      0.2     0.36 0.362893
       0      0.3 0.496667 0.496667
     0.2      0.3 0.359333 0.360544
     0.4      0.3    0.354 0.356602
     0.6      0.3 0.353333  0.35641
     0.8      0.3 0.356667 0.357319
     0.9      0.3    0.356 0.362481
    0.95      0.3    0.352 0.368846
    0.99      0.3 0.363333  0.37772
   0.999      0.3 0.386667 0.374869
  0.9999      0.3 0.373333 0.372684
       0      0.4 0.496667 0.496667
     0.2      0.4    0.374   0.3806
     0.4      0.4 0.359333 0.365213
     0.6      0.4    0.354 0.360655
     0.8      0.4 0.352667 0.363684
     0.9      0.4 0.349333  0.37105
    0.95      0.4    0.376 0.378634
    0.99      0.4 0.393333  0.38252
   0.999      0.4 0.368667 0.373389
  0.9999      0.4    0.368 0.375301
       0      0.5 0.496667 0.496667
     0.2      0.5     0.41 0.399351
     0.4      0.5 0.377333 0.383608
     0.6      0.5    0.366 0.375051
     0.8      0.5 0.366667 0.376868
     0.9      0.5 0.396667 0.382904
    0.95      0.5 0.395333 0.387703
    0.99      0.5 0.398667 0.389123
   0.999      0.5 0.366667 0.393162
  0.9999      0.5 0.409333 0.421113
       0      0.6 0.496667 0.496667
     0.2      0.6 0.390667 0.391106
     0.4      0.6 0.418667 0.392259
     0.6      0.6 0.406667 0.387092
     0.8      0.6 0.400667 0.387652
     0.9      0.6 0.395333 0.392132
    0.95      0.6    0.394 0.395678
    0.99      0.6     0.41 0.399532
   0.999      0.6    0.368 0.418869
  0.9999      0.6 0.463333 0.463301
       0      0.7 0.496667 0.496667
     0.2      0.7 0.392667 0.389745
     0.4      0.7 0.382667  0.38871
     0.6      0.7      0.4 0.388765
     0.8      0.7 0.404667 0.388734
     0.9      0.7 0.402667 0.390632
    0.95      0.7     0.41 0.392794
    0.99      0.7 0.368667 0.403659
   0.999      0.7 0.410667 0.442084
  0.9999      0.7 0.453333 0.479559
       0      0.8 0.496667 0.496667
     0.2      0.8 0.398667 0.393313
     0.4      0.8    0.386 0.390587
     0.6      0.8 0.375333  0.38974
     0.8      0.8    0.368 0.390291
     0.9      0.8 0.366667 0.392848
    0.95      0.8    0.372  0.39806
    0.99      0.8     0.38 0.421439
   0.999      0.8     0.46  0.46892
  0.9999      0.8      0.5 0.493218
       0      0.9 0.496667 0.496667
     0.2      0.9 0.401333 0.398652
     0.4      0.9    0.394 0.396762
     0.6      0.9 0.383333 0.396345
     0.8      0.9    0.374  0.39876
     0.9      0.9    0.376 0.404365
    0.95      0.9 0.379333 0.413413
    0.99      0.9    0.396 0.446077
   0.999      0.9 0.485333 0.485581
  0.9999      0.9      0.5  0.49774
       0        1 0.496667 0.496667
     0.2        1 0.402667 0.404586
     0.4        1 0.400667 0.404269
     0.6        1 0.390667 0.405313
     0.8        1     0.38 0.410374
     0.9        1 0.382667 0.419316
    0.95        1 0.388667 0.432014
    0.99        1    0.392 0.466283
   0.999        1 0.496667 0.492957
  0.9999        1      0.5 0.499114
       0        2 0.496667 0.496667
     0.2        2    0.412 0.462946
     0.4        2    0.414 0.467547
     0.6        2 0.417333 0.473638
     0.8        2    0.446 0.482344
     0.9        2 0.432667 0.488525
    0.95        2 0.471333 0.492505
    0.99        2 0.496667 0.497034
   0.999        2 0.496667 0.499472
  0.9999        2      0.5 0.499941
       0        4 0.496667 0.496667
     0.2        4    0.364 0.491134
     0.4        4    0.352 0.492337
     0.6        4 0.361333 0.493659
     0.8        4     0.42 0.495151
     0.9        4 0.423333 0.496035
    0.95        4 0.496667 0.496634
    0.99        4 0.496667 0.497935
   0.999        4 0.496667 0.499569
  0.9999        4 0.496667 0.499951