        0      0.05  0.166667  0.466667
        0       0.1  0.166667  0.466667
        0      0.15  0.166667  0.466667
        0       0.2  0.166667  0.466667
        0      0.25  0.166667  0.466667
        0       0.3  0.166667  0.466667
        0      0.35  0.166667  0.466667
        0       0.4  0.166667  0.466667
        0      0.45  0.166667  0.466667
        0       0.5  0.166667  0.466667
        0      0.55  0.166667  0.466667
        0       0.6  0.166667  0.466667
        0      0.65  0.166667  0.466667
        0       0.7  0.166667  0.466667
        0      0.75  0.166667  0.466667
        0       0.8  0.166667  0.466667
        0      0.85  0.166667  0.466667
        0       0.9  0.166667  0.466667
        0      0.95  0.166667  0.466667
        0         2  0.166667  0.466667
        0         4  0.166667  0.466667
        0         8  0.166667  0.466667
        0        16  0.166667  0.466667
      0.1      0.05  0.166667  0.466667
      0.1       0.1  0.191333  0.230663
      0.1      0.15 0.0726667 0.0707907
      0.1       0.2 0.0653333 0.0675888
      0.1      0.25 0.0686667 0.0679502
      0.1       0.3 0.0693333 0.0696823
      0.1      0.35 0.0706667 0.0696067
      0.1       0.4 0.0693333 0.0688463
      0.1      0.45 0.0673333 0.0691642
      0.1       0.5 0.0706667 0.0714268
      0.1      0.55     0.074  0.074428
      0.1       0.6 0.0753333 0.0778339
      0.1      0.65 0.0766667 0.0816447
      0.1       0.7     0.082  0.085559
      0.1      0.75 0.0853333 0.0892389
      0.1       0.8     0.088 0.0926843
      0.1      0.85 0.0906667 0.0960855
      0.1       0.9     0.092 0.0995892
      0.1      0.95 0.0933333  0.103329
      0.1         2  0.132667  0.241766
      0.1         4      0.21   0.41997
      0.1         8  0.280667  0.458566
      0.1        16      0.28  0.465024
      0.2      0.05  0.166667  0.466667
      0.2       0.1  0.191333  0.230661
      0.2      0.15 0.0733333 0.0715848
      0.2       0.2      0.07 0.0688986
      0.2      0.25 0.0653333  0.067734
      0.2       0.3 0.0673333  0.068335
      0.2      0.35      0.07 0.0693157
      0.2       0.4      0.07 0.0691059
      0.2      0.45 0.0673333 0.0687217
      0.2       0.5 0.0693333 0.0692075
      0.2      0.55      0.07 0.0710105
      0.2       0.6 0.0706667 0.0736918
      0.2      0.65 0.0706667 0.0768371
      0.2       0.7 0.0726667 0.0802544
      0.2      0.75     0.076  0.083786
      0.2       0.8 0.0786667 0.0873248
      0.2      0.85 0.0826667 0.0909076
      0.2       0.9     0.084 0.0946856
      0.2      0.95 0.0853333 0.0987885
      0.2         2      0.13  0.246807
      0.2         4  0.204667  0.423291
      0.2         8  0.272667  0.459485
      0.2        16  0.274667  0.465472
      0.3      0.05  0.166667  0.466667
      0.3       0.1  0.191333  0.230656
      0.3      0.15 0.0733333 0.0717038
      0.3       0.2 0.0706667 0.0693624
      0.3      0.25     0.066 0.0678953
      0.3       0.3 0.0653333 0.0679252
      0.3      0.35 0.0673333 0.0682808
      0.3       0.4 0.0706667  0.068694
      0.3      0.45 0.0686667 0.0685189
      0.3       0.5 0.0666667 0.0686214
      0.3      0.55      0.07 0.0695433
      0.3       0.6 0.0693333 0.0714438
      0.3      0.65 0.0693333 0.0740493
      0.3       0.7      0.07 0.0770723
      0.3      0.75     0.072 0.0803439
      0.3       0.8 0.0746667 0.0837957
      0.3      0.85 0.0766667 0.0874458
      0.3       0.9 0.0786667 0.0913889
      0.3      0.95 0.0826667 0.0957425
      0.3         2  0.126667  0.252548
      0.3         4  0.191333  0.426766
      0.3         8  0.256667  0.460485
      0.3        16  0.266667  0.465997
      0.4      0.05  0.166667  0.466667
      0.4       0.1  0.191333  0.230649
      0.4      0.15 0.0733333 0.0714736
      0.4       0.2 0.0693333 0.0692089
      0.4      0.25     0.068 0.0680035
      0.4       0.3 0.0653333 0.0674325
      0.4      0.35 0.0666667 0.0674876
      0.4       0.4 0.0673333 0.0676962
      0.4      0.45 0.0686667 0.0678929
      0.4       0.5 0.0673333   0.06805
      0.4      0.55 0.0673333 0.0686605
      0.4       0.6     0.068 0.0700103
      0.4      0.65 0.0673333 0.0721051
      0.4       0.7     0.068 0.0747491
      0.4      0.75 0.0693333 0.0777762
      0.4       0.8 0.0706667 0.0811232
      0.4      0.85 0.0726667  0.084816
      0.4       0.9     0.076 0.0889326
      0.4      0.95 0.0753333   0.09356
      0.4         2  0.120667   0.25915
      0.4         4     0.178  0.430433
      0.4         8     0.248  0.461599
      0.4        16  0.260667  0.466636
      0.5      0.05  0.166667  0.466667
      0.5       0.1  0.191333   0.23064
      0.5      0.15     0.072 0.0710955
      0.5       0.2      0.07 0.0688911
      0.5      0.25 0.0693333 0.0677302
      0.5       0.3 0.0653333 0.0668017
      0.5      0.35 0.0646667 0.0664921
      0.5       0.4     0.064 0.0664843
      0.5      0.45 0.0653333  0.066736
      0.5       0.5 0.0686667 0.0670937
      0.5      0.55 0.0673333 0.0676869
      0.5       0.6     0.068 0.0687685
      0.5      0.65 0.0666667 0.0704873
      0.5       0.7     0.066 0.0728048
      0.5      0.75 0.0666667 0.0756247
      0.5       0.8     0.068 0.0789096
      0.5      0.85 0.0706667 0.0826934
      0.5       0.9 0.0713333 0.0870454
      0.5      0.95 0.0706667 0.0920277
      0.5         2  0.117333  0.266848
      0.5         4     0.162  0.434347
      0.5         8  0.236667  0.462887
      0.5        16  0.247333  0.467448
      0.6      0.05  0.166667  0.466667
      0.6       0.1  0.191333  0.230628
      0.6      0.15     0.072  0.070746
      0.6       0.2 0.0686667 0.0684121
      0.6      0.25 0.0693333  0.067187
      0.6       0.3 0.0646667 0.0658754
      0.6      0.35 0.0626667 0.0650697
      0.6       0.4 0.0613333  0.064854
      0.6      0.45 0.0606667 0.0650763
      0.6       0.5 0.0613333 0.0655692
      0.6      0.55 0.0653333 0.0662666
      0.6       0.6     0.068  0.067283
      0.6      0.65     0.066 0.0687929
      0.6       0.7 0.0633333 0.0708961
      0.6      0.75 0.0633333 0.0736051
      0.6       0.8 0.0653333 0.0769357
      0.6      0.85 0.0673333 0.0809365
      0.6       0.9 0.0666667 0.0856663
      0.6      0.95 0.0666667 0.0911578
      0.6         2  0.111333  0.276008
      0.6         4  0.137333  0.438616
      0.6         8  0.211333  0.464458
      0.6        16     0.232  0.468541
      0.7      0.05  0.166667  0.466667
      0.7       0.1  0.191333  0.230612
      0.7      0.15     0.072 0.0704725
      0.7       0.2 0.0686667 0.0677588
      0.7      0.25 0.0686667 0.0663252
      0.7       0.3 0.0633333 0.0645137
      0.7      0.35 0.0606667 0.0631174
      0.7       0.4 0.0593333 0.0625664
      0.7      0.45     0.058  0.062761
      0.7       0.5 0.0566667 0.0633637
      0.7      0.55 0.0566667 0.0641631
      0.7       0.6 0.0613333 0.0652047
      0.7      0.65     0.062 0.0666577
      0.7       0.7     0.062 0.0687127
      0.7      0.75 0.0613333 0.0714983
      0.7       0.8     0.062 0.0750962
      0.7      0.85 0.0613333 0.0795693
      0.7       0.9 0.0593333 0.0849552
      0.7      0.95 0.0613333 0.0912397
      0.7         2  0.101333  0.287236
      0.7         4     0.116  0.443455
      0.7         8  0.172667  0.466539
      0.7        16     0.198  0.470144
      0.8      0.05  0.166667  0.466667
      0.8       0.1  0.191333  0.230591
      0.8      0.15     0.072 0.0701915
      0.8       0.2     0.068 0.0668356
      0.8      0.25     0.068 0.0647169
      0.8       0.3 0.0613333 0.0620975
      0.8      0.35 0.0586667 0.0600948
      0.8       0.4 0.0566667 0.0592802
      0.8      0.45 0.0566667 0.0594869
      0.8       0.5 0.0566667 0.0602586
      0.8      0.55 0.0566667 0.0611869
      0.8       0.6 0.0546667 0.0622563
      0.8      0.65 0.0573333 0.0637599
      0.8       0.7 0.0553333 0.0660142
      0.8      0.75 0.0553333 0.0692437
      0.8       0.8 0.0526667 0.0735743
      0.8      0.85 0.0513333 0.0790552
      0.8       0.9     0.054 0.0856617
      0.8      0.95 0.0566667 0.0932768
      0.8         2 0.0766667  0.301738
      0.8         4  0.100667  0.449403
      0.8         8  0.130667   0.46969
      0.8        16  0.150667  0.472821
      0.9      0.05  0.166667  0.466667
      0.9       0.1  0.191333  0.230539
      0.9      0.15     0.072 0.0695898
      0.9       0.2 0.0653333  0.064716
      0.9      0.25     0.064 0.0611846
      0.9       0.3 0.0546667 0.0573159
      0.9      0.35 0.0533333 0.0548056
      0.9       0.4 0.0526667 0.0540599
      0.9      0.45 0.0513333  0.054568
      0.9       0.5 0.0486667 0.0556557
      0.9      0.55 0.0506667 0.0567971
      0.9       0.6 0.0506667 0.0580078
      0.9      0.65 0.0466667 0.0598869
      0.9       0.7 0.0446667 0.0630508
      0.9      0.75 0.0446667 0.0677978
      0.9       0.8     0.046 0.0741823
      0.9      0.85     0.048 0.0820963
      0.9       0.9     0.054 0.0912633
      0.9      0.95 0.0553333  0.101275
      0.9         2 0.0573333  0.323008
      0.9         4     0.148  0.458308
      0.9         8      0.16  0.475791
      0.9        16  0.160667   0.47845
        1      0.05       0.2       0.5
        1       0.1       0.2       0.5
        1      0.15       0.2       0.5
        1       0.2       0.2       0.5
        1      0.25       0.2       0.5
        1       0.3       0.2       0.5
        1      0.35       0.2       0.5
        1       0.4       0.2       0.5
        1      0.45       0.2       0.5
        1       0.5       0.2       0.5
        1      0.55       0.2       0.5
        1       0.6       0.2       0.5
        1      0.65       0.2       0.5
        1       0.7       0.2       0.5
        1      0.75       0.2       0.5
        1       0.8       0.2       0.5
        1      0.85       0.2       0.5
        1       0.9       0.2       0.5
        1      0.95       0.2       0.5
        1         2       0.2       0.5
        1         4       0.2       0.5
        1         8       0.2       0.5
        1        16       0.2       0.5
     0.99      0.05  0.166667  0.466667
     0.99       0.1      0.19  0.229524
     0.99      0.15 0.0686667 0.0665903
     0.99       0.2 0.0546667 0.0575505
     0.99      0.25     0.046 0.0489451
     0.99       0.3 0.0453333 0.0465404
     0.99      0.35 0.0433333 0.0469811
     0.99       0.4 0.0486667 0.0479614
     0.99      0.45 0.0486667 0.0485532
     0.99       0.5 0.0413333 0.0495274
     0.99      0.55 0.0373333  0.052223
     0.99       0.6 0.0366667 0.0581127
     0.99      0.65 0.0393333 0.0672605
     0.99       0.7     0.046 0.0787517
     0.99      0.75 0.0513333 0.0918059
     0.99       0.8     0.054  0.105476
     0.99      0.85 0.0586667  0.118656
     0.99       0.9 0.0666667  0.130604
     0.99      0.95 0.0693333  0.141145
     0.99         2  0.166667  0.372651
     0.99         4  0.166667  0.478537
     0.99         8  0.166667  0.492873
     0.99        16  0.166667  0.495039
    0.999      0.05  0.166667  0.466667
    0.999       0.1      0.19  0.229237
    0.999      0.15 0.0653333 0.0630603
    0.999       0.2 0.0466667 0.0475027
    0.999      0.25 0.0446667 0.0452993
    0.999       0.3 0.0473333 0.0468155
    0.999      0.35 0.0506667 0.0473706
    0.999       0.4     0.044 0.0462038
    0.999      0.45 0.0386667 0.0497384
    0.999       0.5     0.042 0.0596002
    0.999      0.55     0.058 0.0744563
    0.999       0.6 0.0806667 0.0884856
    0.999      0.65  0.115333  0.101767
    0.999       0.7  0.116667  0.115219
    0.999      0.75     0.116  0.127164
    0.999       0.8  0.112667  0.135853
    0.999      0.85 0.0546667  0.140946
    0.999       0.9 0.0386667    0.1441
    0.999      0.95 0.0346667   0.14765
    0.999         2       0.2    0.3905
    0.999         4       0.2  0.483221
    0.999         8  0.166667  0.496868
    0.999        16  0.166667   0.49895