       0     0.05 0.465333 0.466667
     0.2     0.05 0.465333 0.466667
     0.4     0.05 0.465333 0.466667
     0.6     0.05 0.465333 0.466667
     0.8     0.05 0.465333 0.466667
     0.9     0.05 0.465333 0.466667
    0.95     0.05 0.465333 0.466667
    0.99     0.05 0.465333 0.466667
   0.999     0.05 0.465333 0.466667
  0.9999     0.05 0.465333 0.466667
       0      0.1 0.465333 0.466667
     0.2      0.1 0.371333 0.369791
     0.4      0.1 0.376667 0.374719
     0.6      0.1    0.384 0.378121
     0.8      0.1     0.38 0.379643
     0.9      0.1 0.381333 0.379229
    0.95      0.1 0.381333 0.378485
    0.99      0.1 0.377333 0.380002
   0.999      0.1 0.391333  0.38934
  0.9999      0.1 0.389333 0.392448
       0     0.15 0.465333 0.466667
     0.2     0.15     0.35 0.358513
     0.4     0.15 0.360667 0.365627
     0.6     0.15    0.372 0.372087
     0.8     0.15 0.377333  0.37831
     0.9     0.15    0.382 0.382307
    0.95     0.15    0.378 0.386237
    0.99     0.15 0.378667 0.396072
   0.999     0.15    0.402 0.413318
  0.9999     0.15    0.428 0.430457
       0      0.2 0.465333 0.466667
     0.2      0.2     0.34 0.354131
     0.4      0.2    0.344  0.36139
     0.6      0.2 0.345333 0.369652
     0.8      0.2    0.356 0.381141
     0.9      0.2 0.367333 0.390954
    0.95      0.2 0.373333 0.400021
    0.99      0.2 0.397333 0.420587
   0.999      0.2    0.442 0.446877
  0.9999      0.2 0.462667 0.469714
       0      0.3 0.465333 0.466667
     0.2      0.3    0.298 0.356354
     0.4      0.3    0.298   0.3711
     0.6      0.3    0.304 0.387945
     0.8      0.3 0.308667 0.412238
     0.9      0.3 0.328667 0.432468
    0.95      0.3     0.34 0.449175
    0.99      0.3 0.417333 0.476801
   0.999      0.3 0.478667 0.495277
  0.9999      0.3    0.498  0.49934
       0      0.4 0.465333 0.466667
     0.2      0.4    0.252 0.376396
     0.4      0.4 0.245333 0.394121
     0.6      0.4 0.240667 0.414458
     0.8      0.4 0.243333 0.440407
     0.9      0.4 0.254667 0.458531
    0.95      0.4 0.259333 0.471724
    0.99      0.4    0.266 0.490567
   0.999      0.4    0.302  0.49881
  0.9999      0.4 0.460667 0.499878
       0      0.5 0.465333 0.466667
     0.2      0.5 0.231333 0.404864
     0.4      0.5     0.23 0.418906
     0.6      0.5 0.231333 0.434763
     0.8      0.5 0.234667 0.454241
     0.9      0.5 0.239333 0.467915
    0.95      0.5 0.271333 0.478369
    0.99      0.5    0.452 0.493406
   0.999      0.5 0.468667 0.499244
  0.9999      0.5 0.501333 0.499934
       0      0.6 0.465333 0.466667
     0.2      0.6 0.212667 0.425723
     0.4      0.6    0.212 0.435917
     0.6      0.6 0.218667 0.447349
     0.8      0.6     0.23 0.461666
     0.9      0.6 0.264667 0.472467
    0.95      0.6     0.35 0.481351
    0.99      0.6    0.468 0.494473
   0.999      0.6 0.468667 0.499385
  0.9999      0.6 0.501333 0.499951
       0      0.7 0.465333 0.466667
     0.2      0.7 0.217333 0.438476
     0.4      0.7 0.219333 0.446018
     0.6      0.7    0.224 0.454552
     0.8      0.7     0.25 0.465709
     0.9      0.7 0.307333 0.474847
    0.95      0.7     0.42 0.482849
    0.99      0.7    0.468 0.494962
   0.999      0.7 0.468667 0.499446
  0.9999      0.7 0.501333 0.499958
       0      0.8 0.465333 0.466667
     0.2      0.8 0.216667 0.446323
     0.4      0.8    0.224 0.452139
     0.6      0.8 0.233333 0.458838
     0.8      0.8    0.258 0.468052
     0.9      0.8 0.347333  0.47619
    0.95      0.8    0.446 0.483667
    0.99      0.8    0.468 0.495212
   0.999      0.8 0.468667 0.499474
  0.9999      0.8 0.501333  0.49996
       0      0.9 0.465333 0.466667
     0.2      0.9 0.226667 0.451383
     0.4      0.9 0.232667  0.45605
     0.6      0.9 0.240667 0.461545
     0.8      0.9 0.281333 0.469506
     0.9      0.9 0.374667 0.477003
    0.95      0.9    0.458 0.484148
    0.99      0.9    0.468 0.495351
   0.999      0.9    0.468 0.499489
  0.9999      0.9 0.501333  0.49996
       0        1 0.465333 0.466667
     0.2        1 0.231333 0.454805
     0.4        1 0.237333 0.458679
     0.6        1 0.244667 0.463351
     0.8        1 0.294667 0.470462
     0.9        1 0.397333 0.477527
    0.95        1    0.462  0.48445
    0.99        1    0.468 0.495434
   0.999        1    0.468 0.499498
  0.9999        1 0.501333 0.499959
       0        2 0.465333 0.466667
     0.2        2 0.253333 0.464466
     0.4        2 0.258667 0.466023
     0.6        2    0.278 0.468326
     0.8        2 0.344667 0.473014
     0.9        2 0.444667 0.478854
    0.95        2    0.468 0.485157
    0.99        2    0.468 0.495598
   0.999        2    0.468 0.499509
  0.9999        2 0.501333 0.499954
       0        4 0.465333 0.466667
     0.2        4     0.26  0.46655
     0.4        4 0.263333 0.467589
     0.6        4 0.284667 0.469369
     0.8        4    0.356 0.473528
     0.9        4    0.448 0.479098
    0.95        4    0.468 0.485269
    0.99        4    0.468 0.495614
   0.999        4    0.468 0.499508
  0.9999        4    0.468 0.499951