       0     0.05    0.486 0.496667
       0      0.1    0.486 0.496667
       0     0.15    0.486 0.496667
       0      0.2    0.486 0.496667
       0      0.3    0.486 0.496667
       0      0.4    0.486 0.496667
       0      0.5    0.486 0.496667
       0      0.6    0.486 0.496667
       0      0.7    0.486 0.496667
       0      0.8    0.486 0.496667
       0      0.9    0.486 0.496667
       0        1    0.486 0.496667
       0        2    0.486 0.496667
       0        4    0.486 0.496667
     0.2     0.05    0.486 0.496333
     0.2      0.1 0.163333 0.162619
     0.2     0.15 0.157333 0.161759
     0.2      0.2 0.169333 0.171352
     0.2      0.3 0.198667 0.200255
     0.2      0.4 0.222667 0.228757
     0.2      0.5 0.232667 0.235522
     0.2      0.6     0.23 0.239233
     0.2      0.7    0.218 0.256395
     0.2      0.8    0.214  0.28598
     0.2      0.9 0.217333  0.31949
     0.2        1    0.222 0.350563
     0.2        2    0.264 0.466276
     0.2        4    0.284 0.489809
     0.4     0.05    0.486 0.496333
     0.4      0.1 0.160667 0.160615
     0.4     0.15 0.163333 0.164987
     0.4      0.2    0.164 0.167628
     0.4      0.3 0.179333 0.181744
     0.4      0.4 0.199333 0.203271
     0.4      0.5 0.212667 0.222404
     0.4      0.6    0.214 0.240135
     0.4      0.7 0.217333 0.268089
     0.4      0.8 0.219333 0.304633
     0.4      0.9     0.23 0.341042
     0.4        1    0.242 0.372161
     0.4        2    0.314 0.473191
     0.4        4     0.34 0.491466
     0.6     0.05    0.486 0.496333
     0.6      0.1 0.163333 0.163107
     0.6     0.15 0.163333 0.167157
     0.6      0.2 0.168667 0.171293
     0.6      0.3 0.167333 0.174746
     0.6      0.4 0.172667 0.186581
     0.6      0.5    0.188 0.213419
     0.6      0.6 0.204667 0.248704
     0.6      0.7    0.222 0.290805
     0.6      0.8    0.248 0.334121
     0.6      0.9 0.271333 0.371381
     0.6        1 0.289333 0.400293
     0.6        2 0.386667 0.480449
     0.6        4 0.413333  0.49315
     0.8     0.05    0.486 0.496333
     0.8      0.1 0.165333 0.165593
     0.8     0.15 0.167333 0.172386
     0.8      0.2 0.175333 0.177531
     0.8      0.3    0.168 0.176207
     0.8      0.4 0.155333 0.180555
     0.8      0.5 0.153333  0.21828
     0.8      0.6 0.198667 0.280817
     0.8      0.7 0.259333 0.339584
     0.8      0.8 0.307333 0.384799
     0.8      0.9     0.35  0.41672
     0.8        1 0.381333  0.43848
     0.8        2 0.480667 0.488102
     0.8        4 0.484667 0.494887
     0.9     0.05    0.486 0.496333
     0.9      0.1    0.166 0.167659
     0.9     0.15     0.17 0.175688
     0.9      0.2    0.176 0.181227
     0.9      0.3 0.181333 0.181369
     0.9      0.4    0.154 0.186814
     0.9      0.5 0.144667 0.242866
     0.9      0.6    0.222 0.328035
     0.9      0.7 0.318667  0.38922
     0.9      0.8 0.394667 0.426472
     0.9      0.9    0.432 0.449267
     0.9        1 0.451333 0.463456
     0.9        2    0.486 0.492147
     0.9        4    0.486 0.495837
    0.95     0.05    0.486 0.496333
    0.95      0.1 0.170667  0.16953
    0.95     0.15 0.171333 0.177357
    0.95      0.2 0.176667 0.181961
    0.95      0.3 0.181333 0.188018
    0.95      0.4 0.152667 0.200676
    0.95      0.5 0.138667 0.284159
    0.95      0.6 0.277333 0.378752
    0.95      0.7    0.404 0.429545
    0.95      0.8    0.444 0.455375
    0.95      0.9    0.466 0.469755
    0.95        1     0.48 0.478195
    0.95        2    0.486 0.494339
    0.95        4    0.486 0.496447
    0.99     0.05    0.486 0.496333
    0.99      0.1    0.172  0.17258
    0.99     0.15 0.173333 0.177351
    0.99      0.2    0.174 0.180899
    0.99      0.3 0.180667 0.210974
    0.99      0.4 0.134667 0.272327
    0.99      0.5 0.224667 0.402842
    0.99      0.6 0.445333 0.460272
    0.99      0.7     0.48 0.478492
    0.99      0.8 0.483333 0.485962
    0.99      0.9    0.486 0.489823
    0.99        1    0.486 0.492057
    0.99        2    0.486 0.496899
    0.99        4    0.486 0.497736
   0.999     0.05    0.486 0.496333
   0.999      0.1    0.168 0.170677
   0.999     0.15 0.167333 0.172324
   0.999      0.2 0.177333 0.187222
   0.999      0.3    0.166 0.266537
   0.999      0.4     0.18 0.431461
   0.999      0.5 0.474667 0.483941
   0.999      0.6    0.486 0.492881
   0.999      0.7 0.487333 0.494849
   0.999      0.8 0.487333 0.495683
   0.999      0.9 0.487333 0.496305
   0.999        1 0.487333 0.496827
   0.999        2    0.486 0.498855
   0.999        4    0.486 0.499389
  0.9999     0.05    0.486 0.496333
  0.9999      0.1 0.172667 0.170168
  0.9999     0.15 0.176667 0.177528
  0.9999      0.2      0.2 0.208763
  0.9999      0.3 0.164667 0.385312
  0.9999      0.4 0.472667 0.489673
  0.9999      0.5 0.489333  0.49684
  0.9999      0.6 0.489333   0.4972
  0.9999      0.7 0.489333 0.497033
  0.9999      0.8 0.489333 0.497072
  0.9999      0.9 0.489333 0.497313
  0.9999        1 0.489333  0.49763
  0.9999        2 0.489333 0.499292
  0.9999        4    0.488 0.499785