        0      0.05  0.482667  0.493333
      0.2      0.05  0.482667  0.493333
      0.4      0.05  0.482667  0.493333
      0.6      0.05  0.482667  0.493333
      0.8      0.05  0.482667  0.493333
      0.9      0.05  0.482667  0.493333
     0.95      0.05  0.482667  0.493333
     0.99      0.05  0.482667  0.493333
    0.999      0.05  0.482667  0.493333
   0.9999      0.05  0.482667  0.493333
        0       0.1  0.482667  0.493333
      0.2       0.1  0.173333  0.173336
      0.4       0.1  0.174667    0.1751
      0.6       0.1     0.174  0.176397
      0.8       0.1  0.181333  0.180315
      0.9       0.1  0.181333  0.181736
     0.95       0.1  0.180667  0.181577
     0.99       0.1  0.177333  0.178403
    0.999       0.1  0.174667  0.174587
   0.9999       0.1     0.166  0.167543
        0      0.15  0.482667  0.493333
      0.2      0.15  0.161333  0.162095
      0.4      0.15  0.170667  0.169699
      0.6      0.15     0.174  0.173491
      0.8      0.15     0.176  0.175819
      0.9      0.15  0.179333   0.17632
     0.95      0.15  0.174667  0.174601
     0.99      0.15  0.167333  0.168279
    0.999      0.15     0.152  0.157721
   0.9999      0.15  0.155333  0.154034
        0       0.2  0.482667  0.493333
      0.2       0.2  0.150667  0.159129
      0.4       0.2  0.158667   0.16206
      0.6       0.2  0.167333  0.166964
      0.8       0.2      0.17  0.170315
      0.9       0.2  0.171333  0.170001
     0.95       0.2     0.168  0.168434
     0.99       0.2      0.16  0.163812
    0.999       0.2  0.161333   0.16424
   0.9999       0.2  0.165333   0.16704
        0       0.3  0.482667  0.493333
      0.2       0.3  0.144667  0.158447
      0.4       0.3  0.151333  0.159306
      0.6       0.3     0.152  0.161569
      0.8       0.3  0.153333  0.165059
      0.9       0.3  0.157333  0.168282
     0.95       0.3  0.166667  0.171094
     0.99       0.3  0.154667  0.178125
    0.999       0.3      0.12   0.22207
   0.9999       0.3  0.125333  0.331885
        0       0.4  0.482667  0.493333
      0.2       0.4  0.150667  0.175797
      0.4       0.4  0.143333  0.170956
      0.6       0.4     0.134  0.169291
      0.8       0.4  0.129333  0.172454
      0.9       0.4  0.118667  0.180689
     0.95       0.4  0.111333  0.194994
     0.99       0.4       0.1   0.26446
    0.999       0.4  0.133333  0.424665
   0.9999       0.4     0.508  0.490672
        0       0.5  0.482667  0.493333
      0.2       0.5  0.148667  0.202491
      0.4       0.5  0.137333  0.201858
      0.6       0.5  0.121333  0.205274
      0.8       0.5  0.107333  0.220556
      0.9       0.5 0.0966667  0.248359
     0.95       0.5     0.096  0.289345
     0.99       0.5 0.0893333  0.405702
    0.999       0.5  0.480667  0.486717
   0.9999       0.5      0.51    0.4991
        0       0.6  0.482667  0.493333
      0.2       0.6     0.146  0.234085
      0.4       0.6  0.134667  0.241483
      0.6       0.6  0.122667  0.256374
      0.8       0.6  0.108667  0.292751
      0.9       0.6  0.104667  0.339515
     0.95       0.6  0.104667  0.388207
     0.99       0.6  0.243333   0.46581
    0.999       0.6     0.504  0.496276
   0.9999       0.6  0.510667  0.500069
        0       0.7  0.482667  0.493333
      0.2       0.7     0.146  0.270458
      0.4       0.7  0.135333  0.285285
      0.6       0.7  0.124667  0.309752
      0.8       0.7     0.118   0.35716
      0.9       0.7  0.121333   0.40318
     0.95       0.7  0.158667  0.439843
     0.99       0.7  0.423333  0.483857
    0.999       0.7     0.504  0.498496
   0.9999       0.7  0.510667    0.5003
        0       0.8  0.482667  0.493333
      0.2       0.8      0.15  0.308965
      0.4       0.8  0.138667  0.328139
      0.6       0.8     0.134   0.35638
      0.8       0.8     0.134   0.40246
      0.9       0.8     0.162  0.439094
     0.95       0.8  0.246667  0.464001
     0.99       0.8  0.484667  0.490481
    0.999       0.8     0.504  0.499231
   0.9999       0.8  0.510667  0.500355
        0       0.9  0.482667  0.493333
      0.2       0.9  0.151333  0.344767
      0.4       0.9  0.149333  0.364996
      0.6       0.9      0.15  0.392337
      0.8       0.9  0.152667  0.431682
      0.9       0.9  0.209333  0.459065
     0.95       0.9     0.322  0.476059
     0.99       0.9       0.5  0.493399
    0.999       0.9     0.504   0.49952
   0.9999       0.9  0.510667  0.500349
        0         1  0.482667  0.493333
      0.2         1  0.155333  0.374682
      0.4         1  0.154667  0.393852
      0.6         1  0.152667  0.418121
      0.8         1     0.176  0.450068
      0.9         1  0.252667  0.470452
     0.95         1  0.375333  0.482489
     0.99         1     0.502  0.494842
    0.999         1     0.504   0.49964
   0.9999         1  0.510667   0.50032
        0         2  0.482667  0.493333
      0.2         2     0.156  0.469894
      0.4         2      0.17  0.475426
      0.6         2  0.204667   0.48125
      0.8         2  0.278667  0.487484
      0.9         2     0.412  0.490988
     0.95         2  0.501333  0.493218
     0.99         2     0.504  0.496956
    0.999         2     0.504  0.499637
   0.9999         2  0.510667  0.500077
        0         4  0.482667  0.493333
      0.2         4  0.165333  0.487966
      0.4         4  0.185333  0.489338
      0.6         4      0.22  0.490758
      0.8         4     0.312  0.492329
      0.9         4  0.457333  0.493395
     0.95         4     0.504  0.494375
     0.99         4     0.504  0.497101
    0.999         4     0.504  0.499564
   0.9999         4     0.504  0.499984