        0      0.05  0.479333      0.49
      0.2      0.05  0.479333      0.49
      0.4      0.05  0.479333      0.49
      0.6      0.05  0.479333      0.49
      0.8      0.05  0.479333      0.49
      0.9      0.05  0.479333      0.49
     0.95      0.05  0.479333      0.49
     0.99      0.05  0.479333      0.49
    0.999      0.05  0.479333      0.49
   0.9999      0.05  0.479333      0.49
        0       0.1  0.479333      0.49
      0.2       0.1     0.084 0.0846379
      0.4       0.1 0.0826667 0.0852098
      0.6       0.1 0.0873333 0.0868701
      0.8       0.1 0.0853333 0.0880852
      0.9       0.1     0.092 0.0892757
     0.95       0.1 0.0913333 0.0904132
     0.99       0.1 0.0913333 0.0908895
    0.999       0.1     0.084   0.08793
   0.9999       0.1 0.0833333 0.0849243
        0      0.15  0.479333      0.49
      0.2      0.15 0.0906667 0.0895262
      0.4      0.15 0.0826667 0.0883242
      0.6      0.15 0.0813333 0.0881734
      0.8      0.15 0.0846667 0.0891515
      0.9      0.15     0.092 0.0897095
     0.95      0.15 0.0913333 0.0898238
     0.99      0.15 0.0813333 0.0887075
    0.999      0.15 0.0866667 0.0859989
   0.9999      0.15 0.0926667 0.0920359
        0       0.2  0.479333      0.49
      0.2       0.2     0.086 0.0895837
      0.4       0.2      0.09 0.0919681
      0.6       0.2      0.09   0.09292
      0.8       0.2     0.084  0.092807
      0.9       0.2 0.0853333 0.0925698
     0.95       0.2     0.088 0.0928018
     0.99       0.2     0.092 0.0943705
    0.999       0.2     0.106  0.113216
   0.9999       0.2  0.152667  0.150331
        0       0.3  0.479333      0.49
      0.2       0.3 0.0813333 0.0896339
      0.4       0.3 0.0846667 0.0930308
      0.6       0.3 0.0853333 0.0969892
      0.8       0.3 0.0866667  0.102282
      0.9       0.3     0.092  0.107488
     0.95       0.3     0.086  0.115006
     0.99       0.3  0.120667  0.146552
    0.999       0.3  0.162667  0.223305
   0.9999       0.3  0.174667  0.367154
        0       0.4  0.479333      0.49
      0.2       0.4 0.0793333  0.108905
      0.4       0.4     0.074  0.106971
      0.6       0.4 0.0733333  0.110001
      0.8       0.4 0.0746667  0.120375
      0.9       0.4     0.074   0.13713
     0.95       0.4 0.0686667  0.161818
     0.99       0.4      0.07  0.259461
    0.999       0.4     0.124  0.435042
   0.9999       0.4  0.507333  0.492433
        0       0.5  0.479333      0.49
      0.2       0.5 0.0833333  0.141882
      0.4       0.5     0.076  0.142726
      0.6       0.5     0.068  0.150907
      0.8       0.5 0.0626667  0.176898
      0.9       0.5 0.0573333  0.217304
     0.95       0.5      0.05  0.271085
     0.99       0.5 0.0266667   0.40497
    0.999       0.5  0.311333  0.487168
   0.9999       0.5      0.51  0.498903
        0       0.6  0.479333      0.49
      0.2       0.6 0.0766667  0.177134
      0.4       0.6 0.0673333  0.188183
      0.6       0.6 0.0613333  0.209405
      0.8       0.6 0.0533333   0.25819
      0.9       0.6 0.0433333  0.316982
     0.95       0.6 0.0386667  0.375078
     0.99       0.6 0.0333333  0.462875
    0.999       0.6  0.390667  0.495725
   0.9999       0.6     0.508  0.499654
        0       0.7  0.479333      0.49
      0.2       0.7 0.0726667  0.218123
      0.4       0.7 0.0653333  0.237985
      0.6       0.7 0.0566667   0.26983
      0.8       0.7 0.0493333   0.32957
      0.9       0.7 0.0413333  0.385759
     0.95       0.7     0.038  0.429486
     0.99       0.7      0.04  0.481054
    0.999       0.7  0.428667   0.49784
   0.9999       0.7     0.502  0.499827
        0       0.8  0.479333      0.49
      0.2       0.8     0.068  0.264411
      0.4       0.8 0.0626667  0.289087
      0.6       0.8     0.056  0.324769
      0.8       0.8 0.0493333  0.381821
      0.9       0.8     0.044  0.426344
     0.95       0.8 0.0393333  0.456292
     0.99       0.8     0.064  0.488198
    0.999       0.8  0.472667  0.498622
   0.9999       0.8  0.501333  0.499895
        0       0.9  0.479333      0.49
      0.2       0.9     0.066  0.309116
      0.4       0.9     0.062  0.334629
      0.6       0.9     0.058  0.368605
      0.8       0.9     0.052  0.416709
      0.9       0.9 0.0453333  0.449766
     0.95       0.9      0.04  0.470256
     0.99       0.9     0.102  0.491566
    0.999       0.9  0.490667  0.498987
   0.9999       0.9  0.501333  0.499929
        0         1  0.479333      0.49
      0.2         1 0.0666667  0.346901
      0.4         1 0.0633333  0.370678
      0.6         1 0.0593333  0.400378
      0.8         1 0.0506667   0.43893
      0.9         1     0.046   0.46335
     0.95         1 0.0433333  0.477891
     0.99         1     0.138  0.493328
    0.999         1  0.499333  0.499178
   0.9999         1  0.500667  0.499945
        0         2  0.479333      0.49
      0.2         2 0.0793333  0.463584
      0.4         2 0.0786667  0.469871
      0.6         2     0.076  0.476496
      0.8         2 0.0766667  0.483687
      0.9         2 0.0753333  0.487951
     0.95         2 0.0826667  0.490944
     0.99         2     0.348  0.496265
    0.999         2  0.500667  0.499491
   0.9999         2  0.500667  0.499956
        0         4  0.479333      0.49
      0.2         4     0.094   0.48412
      0.4         4 0.0933333  0.485663
      0.6         4     0.092  0.487298
      0.8         4     0.092  0.489237
      0.9         4 0.0893333  0.490772
     0.95         4     0.096  0.492376
     0.99         4     0.378  0.496569
    0.999         4  0.500667  0.499518
   0.9999         4  0.500667  0.499952