        0      0.05      0.49      0.49
      0.2      0.05  0.112667  0.161922
      0.4      0.05  0.102667  0.172404
      0.6      0.05     0.088    0.1947
      0.8      0.05 0.0786667  0.248135
      0.9      0.05 0.0826667  0.312181
     0.95      0.05  0.100667  0.373395
     0.99      0.05      0.25   0.46292
    0.999      0.05  0.329333   0.49573
   0.9999      0.05       0.5  0.499566
        0       0.1      0.49      0.49
      0.2       0.1  0.157333  0.333476
      0.4       0.1  0.162667  0.356621
      0.6       0.1     0.176  0.386978
      0.8       0.1  0.207333  0.428686
      0.9       0.1     0.238  0.456782
     0.95       0.1  0.268667  0.474205
     0.99       0.1  0.390667  0.492622
    0.999       0.1      0.49  0.499096
   0.9999       0.1       0.5  0.499907
        0      0.15      0.49      0.49
      0.2      0.15  0.232667  0.423865
      0.4      0.15     0.244  0.437392
      0.6      0.15  0.257333  0.452753
      0.8      0.15     0.288  0.470605
      0.9      0.15     0.316  0.481082
     0.95      0.15      0.35  0.487408
     0.99      0.15  0.478667  0.495487
    0.999      0.15      0.49  0.499394
   0.9999      0.15       0.5  0.499937
        0       0.2      0.49      0.49
      0.2       0.2  0.280667  0.461447
      0.4       0.2  0.283333  0.467985
      0.6       0.2     0.296  0.475001
      0.8       0.2  0.309333  0.482778
      0.9       0.2  0.326667  0.487431
     0.95       0.2      0.39  0.490646
     0.99       0.2      0.49  0.496159
    0.999       0.2      0.49  0.499465
   0.9999       0.2       0.5  0.499944
        0       0.3      0.49      0.49
      0.2       0.3  0.380667  0.482923
      0.4       0.3  0.386667  0.484535
      0.6       0.3  0.398667  0.486346
      0.8       0.3  0.388667  0.488621
      0.9       0.3  0.369333  0.490407
     0.95       0.3  0.447333  0.492158
     0.99       0.3      0.49  0.496484
    0.999       0.3      0.49  0.499501
   0.9999       0.3       0.5  0.499948
        0       0.4      0.49      0.49
      0.2       0.4     0.464  0.486621
      0.4       0.4  0.460667  0.487414
      0.6       0.4  0.447333  0.488366
      0.8       0.4  0.417333  0.489707
      0.9       0.4  0.378667   0.49098
     0.95       0.4     0.484  0.492461
     0.99       0.4      0.49   0.49656
    0.999       0.4      0.49  0.499511
   0.9999       0.4       0.5  0.499949
        0       0.5      0.49      0.49
      0.2       0.5  0.474667  0.487777
      0.4       0.5  0.469333  0.488352
      0.6       0.5     0.464  0.489048
      0.8       0.5      0.43  0.490085
      0.9       0.5  0.392667  0.491183
     0.95       0.5      0.49   0.49257
     0.99       0.5      0.49  0.496592
    0.999       0.5      0.49  0.499516
   0.9999       0.5  0.495333  0.499949
        0       0.6      0.49      0.49
      0.2       0.6  0.484667  0.488388
      0.4       0.6  0.478667  0.488844
      0.6       0.6  0.465333  0.489403
      0.8       0.6  0.430667  0.490279
      0.9       0.6  0.406667  0.491286
     0.95       0.6      0.49  0.492626
     0.99       0.6      0.49  0.496609
    0.999       0.6      0.49  0.499518
   0.9999       0.6      0.49   0.49995
        0       0.7      0.49      0.49
      0.2       0.7     0.486  0.488779
      0.4       0.7  0.480667  0.489155
      0.6       0.7  0.468667  0.489624
      0.8       0.7      0.43  0.490397
      0.9       0.7  0.424667  0.491348
     0.95       0.7      0.49   0.49266
     0.99       0.7      0.49  0.496619
    0.999       0.7      0.49   0.49952
   0.9999       0.7      0.49   0.49995
        0       0.8      0.49      0.49
      0.2       0.8  0.489333  0.489048
      0.4       0.8  0.482667  0.489366
      0.6       0.8  0.469333  0.489771
      0.8       0.8     0.428  0.490474
      0.9       0.8  0.433333  0.491389
     0.95       0.8      0.49  0.492682
     0.99       0.8      0.49  0.496625
    0.999       0.8      0.49  0.499521
   0.9999       0.8      0.49   0.49995
        0       0.9      0.49      0.49
      0.2       0.9     0.492  0.489242
      0.4       0.9     0.484  0.489517
      0.6       0.9  0.471333  0.489875
      0.8       0.9  0.426667  0.490529
      0.9       0.9  0.441333  0.491417
     0.95       0.9      0.49  0.492697
     0.99       0.9      0.49  0.496629
    0.999       0.9      0.49  0.499521
   0.9999       0.9      0.49   0.49995
        0         1      0.49      0.49
      0.2         1  0.493333  0.489385
      0.4         1     0.486  0.489627
      0.6         1  0.473333  0.489951
      0.8         1     0.426  0.490568
      0.9         1  0.450667  0.491437
     0.95         1      0.49  0.492708
     0.99         1      0.49  0.496633
    0.999         1      0.49  0.499522
   0.9999         1      0.49   0.49995
        0         2      0.49      0.49
      0.2         2  0.492667  0.489875
      0.4         2      0.49      0.49
      0.6         2  0.473333  0.490204
      0.8         2  0.416667  0.490697
      0.9         2  0.470667  0.491504
     0.95         2      0.49  0.492743
     0.99         2      0.49  0.496643
    0.999         2      0.49  0.499523
   0.9999         2      0.49   0.49995
        0         4      0.49      0.49
      0.2         4  0.492667  0.490006
      0.4         4      0.49  0.490098
      0.6         4  0.473333  0.490269
      0.8         4  0.412667   0.49073
      0.9         4  0.477333  0.491521
     0.95         4      0.49  0.492752
     0.99         4      0.49  0.496645
    0.999         4      0.49  0.499524
   0.9999         4      0.49   0.49995