       0     0.05 0.496667 0.496667
     0.2     0.05    0.374 0.367667
     0.4     0.05 0.375333    0.368
     0.6     0.05 0.376667 0.368667
     0.8     0.05    0.378 0.368667
     0.9     0.05    0.378 0.369333
    0.95     0.05 0.378667 0.369667
    0.99     0.05 0.378667 0.370333
   0.999     0.05 0.379333    0.371
  0.9999     0.05 0.379333 0.371667
       0      0.1 0.496667 0.496667
     0.2      0.1 0.431333 0.409132
     0.4      0.1 0.431333 0.410032
     0.6      0.1 0.433333 0.411066
     0.8      0.1 0.434667 0.411007
     0.9      0.1 0.434667 0.411251
    0.95      0.1    0.436 0.412291
    0.99      0.1 0.434667 0.411051
   0.999      0.1 0.434667 0.411864
  0.9999      0.1 0.433333 0.410486
       0     0.15 0.496667 0.496667
     0.2     0.15 0.429333 0.428953
     0.4     0.15 0.430667 0.430765
     0.6     0.15 0.432667 0.432062
     0.8     0.15 0.433333 0.433523
     0.9     0.15 0.433333 0.433444
    0.95     0.15 0.433333 0.433465
    0.99     0.15 0.433333 0.433262
   0.999     0.15 0.431333 0.432131
  0.9999     0.15    0.434 0.434169
       0      0.2 0.496667 0.496667
     0.2      0.2 0.427333 0.428242
     0.4      0.2 0.429333 0.428765
     0.6      0.2 0.431333 0.431162
     0.8      0.2 0.433333 0.433603
     0.9      0.2 0.433333 0.433208
    0.95      0.2 0.433333 0.433421
    0.99      0.2 0.431333 0.432192
   0.999      0.2 0.434667  0.43487
  0.9999      0.2    0.438 0.437591
       0      0.3 0.496667 0.496667
     0.2      0.3 0.424667 0.425798
     0.4      0.3 0.429333 0.427486
     0.6      0.3    0.428  0.42862
     0.8      0.3    0.434  0.43316
     0.9      0.3 0.432667 0.432558
    0.95      0.3 0.432667 0.432298
    0.99      0.3 0.435333  0.43442
   0.999      0.3    0.438 0.435649
  0.9999      0.3 0.449333 0.448027
       0      0.4 0.496667 0.496667
     0.2      0.4 0.425333 0.425509
     0.4      0.4 0.427333  0.42684
     0.6      0.4 0.428667 0.428594
     0.8      0.4    0.432 0.432032
     0.9      0.4    0.432 0.432337
    0.95      0.4 0.431333 0.431061
    0.99      0.4 0.435333 0.434502
   0.999      0.4    0.456 0.448637
  0.9999      0.4 0.483333 0.475686
       0      0.5 0.496667 0.496667
     0.2      0.5 0.424667 0.424791
     0.4      0.5 0.427333 0.426736
     0.6      0.5 0.429333 0.428486
     0.8      0.5 0.432667 0.431368
     0.9      0.5 0.434667 0.432468
    0.95      0.5     0.43 0.430926
    0.99      0.5    0.436 0.434932
   0.999      0.5 0.460667 0.460215
  0.9999      0.5 0.487333 0.483214
       0      0.6 0.496667 0.496667
     0.2      0.6    0.424 0.423558
     0.4      0.6    0.426 0.425407
     0.6      0.6 0.428667 0.427385
     0.8      0.6    0.432 0.430243
     0.9      0.6 0.436667 0.431694
    0.95      0.6 0.435333 0.430738
    0.99      0.6 0.435333 0.434391
   0.999      0.6 0.467333 0.463546
  0.9999      0.6 0.488667 0.475549
       0      0.7 0.496667 0.496667
     0.2      0.7    0.424 0.423765
     0.4      0.7    0.424 0.424492
     0.6      0.7 0.427333 0.425641
     0.8      0.7 0.430667 0.427587
     0.9      0.7 0.434667 0.428453
    0.95      0.7 0.436667 0.428631
    0.99      0.7 0.437333 0.435669
   0.999      0.7 0.456667 0.458047
  0.9999      0.7 0.496667 0.485719
       0      0.8 0.496667 0.496667
     0.2      0.8 0.423333  0.42442
     0.4      0.8    0.424 0.424873
     0.6      0.8 0.425333 0.425176
     0.8      0.8    0.428  0.42611
     0.9      0.8 0.429333 0.427575
    0.95      0.8    0.434 0.430661
    0.99      0.8 0.442667 0.446461
   0.999      0.8    0.446 0.475491
  0.9999      0.8    0.498 0.494006
       0      0.9 0.496667 0.496667
     0.2      0.9 0.424667 0.426175
     0.4      0.9 0.425333 0.426859
     0.6      0.9 0.423333 0.427502
     0.8      0.9    0.424 0.429711
     0.9      0.9 0.427333 0.434457
    0.95      0.9 0.433333 0.442119
    0.99      0.9 0.491333 0.462989
   0.999      0.9    0.502 0.486242
  0.9999      0.9    0.498 0.497238
       0        1 0.496667 0.496667
     0.2        1    0.426 0.429418
     0.4        1 0.425333 0.430787
     0.6        1 0.424667 0.432741
     0.8        1 0.425333 0.437862
     0.9        1     0.43 0.445589
    0.95        1 0.436667  0.45449
    0.99        1 0.524667  0.47262
   0.999        1 0.493333 0.491683
  0.9999        1 0.499333 0.498588
       0        2 0.496667 0.496667
     0.2        2 0.435333 0.459915
     0.4        2 0.431333  0.46195
     0.6        2 0.437333 0.466112
     0.8        2    0.466 0.474846
     0.9        2    0.506 0.482993
    0.95        2 0.462667 0.489028
    0.99        2 0.496667 0.496053
   0.999        2 0.499333 0.499294
  0.9999        2      0.5  0.49992
       0        4 0.496667 0.496667
     0.2        4 0.430667 0.485036
     0.4        4 0.451333 0.487275
     0.6        4    0.466 0.489914
     0.8        4    0.484 0.493065
     0.9        4 0.468667 0.494929
    0.95        4    0.496 0.496057
    0.99        4 0.496667 0.497795
   0.999        4 0.496667 0.499546
  0.9999        4      0.5 0.499949