       0     0.05    0.498 0.493333
     0.2     0.05 0.484667 0.486356
     0.4     0.05 0.485333  0.48621
     0.6     0.05 0.486667 0.486635
     0.8     0.05 0.490667 0.488232
     0.9     0.05     0.49 0.490314
    0.95     0.05 0.490667 0.492372
    0.99     0.05 0.483333 0.496195
   0.999     0.05 0.488667 0.499312
  0.9999     0.05 0.491333 0.499927
       0      0.1    0.498 0.493333
     0.2      0.1    0.492 0.488973
     0.4      0.1    0.494 0.489628
     0.6      0.1 0.488667 0.490595
     0.8      0.1    0.488 0.492075
     0.9      0.1 0.481333 0.493215
    0.95      0.1    0.486 0.494221
    0.99      0.1     0.49 0.497029
   0.999      0.1    0.496 0.499582
  0.9999      0.1 0.504667 0.500014
       0     0.15    0.498 0.493333
     0.2     0.15 0.490667 0.490944
     0.4     0.15 0.488667 0.491631
     0.6     0.15 0.487333 0.492336
     0.8     0.15 0.484667 0.493127
     0.9     0.15     0.49 0.493754
    0.95     0.15 0.489333 0.494534
    0.99     0.15 0.491333 0.497191
   0.999     0.15    0.498 0.499602
  0.9999     0.15 0.504667 0.500005
       0      0.2    0.498 0.493333
     0.2      0.2 0.486667 0.492264
     0.4      0.2 0.491333 0.492659
     0.6      0.2 0.491333 0.493022
     0.8      0.2     0.49  0.49344
     0.9      0.2    0.488 0.493919
    0.95      0.2    0.488 0.494647
    0.99      0.2 0.492667 0.497232
   0.999      0.2    0.498 0.499595
  0.9999      0.2    0.504 0.499991
       0      0.3    0.498 0.493333
     0.2      0.3 0.485333  0.49313
     0.4      0.3 0.486667 0.493223
     0.6      0.3 0.486667 0.493332
     0.8      0.3     0.49 0.493583
     0.9      0.3 0.488667 0.494018
    0.95      0.3    0.494 0.494716
    0.99      0.3 0.486667 0.497239
   0.999      0.3    0.498  0.49958
  0.9999      0.3    0.498 0.499973
       0      0.4    0.498 0.493333
     0.2      0.4 0.489333 0.493261
     0.4      0.4 0.489333 0.493302
     0.6      0.4 0.489333 0.493384
     0.8      0.4 0.490667 0.493627
     0.9      0.4 0.493333 0.494049
    0.95      0.4 0.496667 0.494728
    0.99      0.4 0.493333 0.497226
   0.999      0.4    0.498  0.49957
  0.9999      0.4    0.498 0.499966
       0      0.5    0.498 0.493333
     0.2      0.5 0.490667 0.493291
     0.4      0.5    0.492  0.49333
     0.6      0.5    0.492 0.493413
     0.8      0.5 0.493333 0.493649
     0.9      0.5 0.496667  0.49406
    0.95      0.5 0.491333 0.494726
    0.99      0.5 0.484667  0.49721
   0.999      0.5    0.498 0.499563
  0.9999      0.5    0.498 0.499962
       0      0.6    0.498 0.493333
     0.2      0.6    0.492 0.493308
     0.4      0.6 0.491333 0.493348
     0.6      0.6    0.494 0.493431
     0.8      0.6    0.496 0.493661
     0.9      0.6 0.494667 0.494062
    0.95      0.6 0.494667  0.49472
    0.99      0.6    0.486 0.497195
   0.999      0.6    0.498 0.499558
  0.9999      0.6    0.498 0.499959
       0      0.7    0.498 0.493333
     0.2      0.7 0.492667 0.493319
     0.4      0.7 0.493333  0.49336
     0.6      0.7 0.494667 0.493441
     0.8      0.7 0.496667 0.493666
     0.9      0.7 0.493333 0.494062
    0.95      0.7 0.495333 0.494714
    0.99      0.7 0.485333 0.497182
   0.999      0.7    0.498 0.499553
  0.9999      0.7    0.498 0.499958
       0      0.8    0.498 0.493333
     0.2      0.8 0.493333 0.493327
     0.4      0.8    0.494 0.493368
     0.6      0.8 0.496667 0.493448
     0.8      0.8 0.497333 0.493669
     0.9      0.8 0.493333  0.49406
    0.95      0.8 0.494667 0.494709
    0.99      0.8 0.485333 0.497172
   0.999      0.8    0.498  0.49955
  0.9999      0.8    0.498 0.499956
       0      0.9    0.498 0.493333
     0.2      0.9 0.493333 0.493333
     0.4      0.9 0.494667 0.493374
     0.6      0.9 0.496667 0.493452
     0.8      0.9 0.496667 0.493671
     0.9      0.9 0.491333 0.494059
    0.95      0.9 0.494667 0.494704
    0.99      0.9    0.492 0.497165
   0.999      0.9    0.498 0.499547
  0.9999      0.9    0.498 0.499955
       0        1    0.498 0.493333
     0.2        1    0.494 0.493337
     0.4        1 0.495333 0.493378
     0.6        1 0.496667 0.493455
     0.8        1 0.496667 0.493671
     0.9        1 0.493333 0.494057
    0.95        1 0.494667 0.494701
    0.99        1 0.494667 0.497159
   0.999        1    0.498 0.499545
  0.9999        1    0.498 0.499954
       0        2    0.498 0.493333
     0.2        2 0.494667 0.493351
     0.4        2 0.495333 0.493389
     0.6        2    0.496 0.493462
     0.8        2 0.499333 0.493672
     0.9        2    0.496 0.494051
    0.95        2 0.491333 0.494687
    0.99        2 0.500667 0.497136
   0.999        2    0.498 0.499538
  0.9999        2    0.498 0.499952
       0        4    0.498 0.493333
     0.2        4 0.494667 0.493354
     0.4        4 0.495333 0.493391
     0.6        4 0.495333 0.493464
     0.8        4 0.497333 0.493671
     0.9        4    0.496 0.494049
    0.95        4 0.489333 0.494683
    0.99        4 0.496667  0.49713
   0.999        4    0.498 0.499536
  0.9999        4    0.498 0.499951