       0     0.05 0.823333 0.822222
       0      0.1 0.823333 0.822222
       0     0.15 0.823333 0.822222
       0      0.2 0.823333 0.822222
       0      0.3 0.823333 0.822222
       0      0.4 0.823333 0.822222
       0      0.5 0.823333 0.822222
       0      0.6 0.823333 0.822222
       0      0.7 0.823333 0.822222
       0      0.8 0.823333 0.822222
       0      0.9 0.823333 0.822222
       0        1 0.823333 0.822222
       0        2 0.823333 0.822222
       0        4 0.823333 0.822222
     0.2     0.05    0.472 0.466444
     0.2      0.1 0.382667 0.382397
     0.2     0.15    0.396 0.395655
     0.2      0.2 0.395333 0.395677
     0.2      0.3 0.404667  0.40543
     0.2      0.4 0.430667 0.431307
     0.2      0.5 0.464667 0.464687
     0.2      0.6    0.474 0.482191
     0.2      0.7    0.482 0.495118
     0.2      0.8 0.480667 0.508364
     0.2      0.9 0.492667 0.524889
     0.2        1    0.504 0.545246
     0.2        2 0.572667 0.751427
     0.2        4 0.820667 0.812066
     0.4     0.05 0.470667 0.462556
     0.4      0.1 0.381333 0.379788
     0.4     0.15 0.382667 0.386574
     0.4      0.2 0.395333 0.395004
     0.4      0.3 0.399333 0.398608
     0.4      0.4    0.406   0.4091
     0.4      0.5 0.426667 0.431161
     0.4      0.6 0.454667 0.457573
     0.4      0.7    0.466  0.47802
     0.4      0.8    0.472  0.49746
     0.4      0.9 0.474667  0.51993
     0.4        1    0.482 0.546343
     0.4        2 0.579333 0.764234
     0.4        4 0.823333 0.814532
     0.6     0.05 0.470667 0.462556
     0.6      0.1 0.363333 0.364256
     0.6     0.15 0.383333 0.380664
     0.6      0.2    0.382 0.386925
     0.6      0.3 0.396667  0.39499
     0.6      0.4    0.398 0.400522
     0.6      0.5 0.408667   0.4117
     0.6      0.6 0.429333 0.430808
     0.6      0.7 0.446667 0.456785
     0.6      0.8 0.452667 0.485117
     0.6      0.9 0.456667 0.516172
     0.6        1 0.467333 0.551439
     0.6        2 0.582667 0.779405
     0.6        4 0.823333 0.817163
     0.8     0.05    0.468 0.461444
     0.8      0.1 0.354667 0.356249
     0.8     0.15     0.36 0.362255
     0.8      0.2 0.370667 0.370865
     0.8      0.3    0.388 0.385286
     0.8      0.4    0.388 0.390527
     0.8      0.5 0.397333 0.397871
     0.8      0.6 0.404667 0.409247
     0.8      0.7    0.424 0.433596
     0.8      0.8    0.432 0.472146
     0.8      0.9    0.452 0.518774
     0.8        1 0.458667 0.570465
     0.8        2    0.764 0.798292
     0.8        4 0.823333 0.820141
     0.9     0.05 0.465333 0.458667
     0.9      0.1     0.36 0.357795
     0.9     0.15 0.359333 0.359253
     0.9      0.2 0.352667 0.362581
     0.9      0.3 0.385333 0.378982
     0.9      0.4    0.386 0.382178
     0.9      0.5    0.386  0.38609
     0.9      0.6 0.394667 0.395278
     0.9      0.7 0.402667 0.422453
     0.9      0.8    0.408 0.472752
     0.9      0.9 0.436667  0.53579
     0.9        1    0.484 0.602393
     0.9        2    0.822 0.810185
     0.9        4 0.823333 0.822141
    0.95     0.05 0.464667 0.458111
    0.95      0.1 0.360667 0.359106
    0.95     0.15 0.359333 0.359031
    0.95      0.2 0.351333 0.359938
    0.95      0.3 0.379333 0.373377
    0.95      0.4     0.38 0.376351
    0.95      0.5 0.382667 0.378367
    0.95      0.6    0.388 0.385739
    0.95      0.7    0.374 0.420243
    0.95      0.8 0.395333 0.486936
    0.95      0.9 0.452667 0.566997
    0.95        1 0.472667 0.643007
    0.95        2 0.823333 0.817583
    0.95        4 0.823333 0.823901
    0.99     0.05    0.464 0.455889
    0.99      0.1 0.360667 0.360102
    0.99     0.15 0.357333 0.357115
    0.99      0.2 0.350667 0.363131
    0.99      0.3 0.352667 0.370583
    0.99      0.4    0.352 0.365412
    0.99      0.5    0.354 0.363849
    0.99      0.6 0.356667 0.380229
    0.99      0.7    0.368 0.455718
    0.99      0.8 0.444667  0.56723
    0.99      0.9     0.48 0.666707
    0.99        1    0.638 0.738702
    0.99        2 0.823333 0.827101
    0.99        4 0.823333 0.828521
   0.999     0.05 0.462667 0.455444
   0.999      0.1 0.358667 0.358109
   0.999     0.15 0.357333  0.36039
   0.999      0.2 0.358667 0.371466
   0.999      0.3    0.358 0.367567
   0.999      0.4 0.355333 0.356013
   0.999      0.5     0.34 0.351383
   0.999      0.6    0.358 0.430232
   0.999      0.7 0.440667  0.59223
   0.999      0.8 0.629333 0.714541
   0.999      0.9 0.741333 0.787078
   0.999        1 0.812667 0.815546
   0.999        2 0.832667 0.832391
   0.999        4 0.833333 0.832569
  0.9999     0.05 0.461333 0.454333
  0.9999      0.1 0.358667 0.358154
  0.9999     0.15     0.36 0.362333
  0.9999      0.2    0.362 0.380758
  0.9999      0.3 0.355333 0.359189
  0.9999      0.4     0.34 0.344793
  0.9999      0.5     0.34 0.371638
  0.9999      0.6 0.441333  0.57344
  0.9999      0.7 0.631333 0.737353
  0.9999      0.8 0.806667 0.809555
  0.9999      0.9 0.833333 0.827236
  0.9999        1 0.833333  0.83129
  0.9999        2 0.833333 0.833233
  0.9999        4 0.833333 0.833252