        0      0.05  0.166667  0.466667
      0.2      0.05     0.166  0.321667
      0.4      0.05     0.166  0.321667
      0.6      0.05     0.166  0.321667
      0.8      0.05     0.166  0.321667
      0.9      0.05     0.166  0.321667
     0.95      0.05     0.166  0.321667
     0.99      0.05     0.166  0.321667
    0.999      0.05     0.166  0.321667
   0.9999      0.05     0.166  0.321667
        0       0.1  0.166667  0.466667
      0.2       0.1     0.056 0.0557249
      0.4       0.1 0.0553333 0.0558596
      0.6       0.1     0.056 0.0559228
      0.8       0.1 0.0553333 0.0559838
      0.9       0.1 0.0553333  0.056078
     0.95       0.1 0.0553333  0.056291
     0.99       0.1 0.0586667 0.0576203
    0.999       0.1 0.0573333 0.0573436
   0.9999       0.1 0.0553333 0.0560112
        0      0.15  0.166667  0.466667
      0.2      0.15 0.0553333 0.0560752
      0.4      0.15 0.0566667 0.0564587
      0.6      0.15 0.0573333 0.0569349
      0.8      0.15     0.056 0.0573261
      0.9      0.15     0.058 0.0577867
     0.95      0.15 0.0593333 0.0581027
     0.99      0.15 0.0573333 0.0570997
    0.999      0.15 0.0526667 0.0538425
   0.9999      0.15 0.0486667 0.0517056
        0       0.2  0.166667  0.466667
      0.2       0.2 0.0566667 0.0592068
      0.4       0.2 0.0553333 0.0570091
      0.6       0.2 0.0566667 0.0573478
      0.8       0.2 0.0586667 0.0581455
      0.9       0.2 0.0586667 0.0583459
     0.95       0.2 0.0586667  0.057784
     0.99       0.2     0.052 0.0539918
    0.999       0.2      0.05 0.0526887
   0.9999       0.2 0.0446667 0.0506878
        0       0.3  0.166667  0.466667
      0.2       0.3     0.068 0.0691393
      0.4       0.3 0.0606667 0.0638631
      0.6       0.3 0.0553333 0.0601796
      0.8       0.3     0.058 0.0578185
      0.9       0.3     0.052 0.0561405
     0.95       0.3 0.0506667 0.0545945
     0.99       0.3     0.048 0.0517959
    0.999       0.3      0.03 0.0455926
   0.9999       0.3 0.0366667 0.0491021
        0       0.4  0.166667  0.466667
      0.2       0.4 0.0766667 0.0813501
      0.4       0.4 0.0653333 0.0732893
      0.6       0.4 0.0573333 0.0676435
      0.8       0.4 0.0486667  0.062141
      0.9       0.4 0.0473333 0.0589249
     0.95       0.4 0.0406667  0.056379
     0.99       0.4 0.0286667 0.0542965
    0.999       0.4 0.0273333 0.0724771
   0.9999       0.4 0.0326667 0.0856458
        0       0.5  0.166667  0.466667
      0.2       0.5 0.0826667 0.0940967
      0.4       0.5 0.0693333  0.086479
      0.6       0.5 0.0626667 0.0810234
      0.8       0.5      0.05 0.0766294
      0.9       0.5 0.0433333 0.0752021
     0.95       0.5 0.0353333 0.0764653
     0.99       0.5 0.0233333 0.0903705
    0.999       0.5 0.0293333  0.110294
   0.9999       0.5     0.066  0.123242
        0       0.6  0.166667  0.466667
      0.2       0.6      0.08  0.109841
      0.4       0.6 0.0753333  0.104731
      0.6       0.6 0.0673333  0.101876
      0.8       0.6 0.0546667   0.10254
      0.9       0.6 0.0466667  0.107553
     0.95       0.6 0.0346667  0.116154
     0.99       0.6     0.028  0.140576
    0.999       0.6     0.054  0.157949
   0.9999       0.6  0.161333  0.204813
        0       0.7  0.166667  0.466667
      0.2       0.7 0.0893333  0.130976
      0.4       0.7 0.0753333  0.129655
      0.6       0.7 0.0713333  0.131277
      0.8       0.7 0.0626667  0.139489
      0.9       0.7 0.0533333  0.152272
     0.95       0.7 0.0466667  0.166981
     0.99       0.7 0.0393333  0.192373
    0.999       0.7  0.107333  0.225691
   0.9999       0.7       0.2  0.267856
        0       0.8  0.166667  0.466667
      0.2       0.8 0.0953333  0.157105
      0.4       0.8 0.0846667  0.160217
      0.6       0.8 0.0766667  0.167329
      0.8       0.8     0.068  0.183737
      0.9       0.8 0.0633333   0.20203
     0.95       0.8 0.0533333   0.21836
     0.99       0.8      0.06  0.244839
    0.999       0.8  0.193333  0.287293
   0.9999       0.8       0.2  0.306864
        0       0.9  0.166667  0.466667
      0.2       0.9  0.101333  0.187378
      0.4       0.9 0.0926667  0.194691
      0.6       0.9 0.0866667  0.206682
      0.8       0.9     0.076  0.228689
      0.9       0.9     0.066  0.248806
     0.95       0.9     0.054  0.264988
     0.99       0.9 0.0953333  0.295492
    0.999       0.9  0.199333  0.329206
   0.9999       0.9       0.2  0.337509
        0         1  0.166667  0.466667
      0.2         1  0.117333  0.219841
      0.4         1  0.107333  0.230333
      0.6         1 0.0993333   0.24553
      0.8         1 0.0826667  0.269955
      0.9         1 0.0713333  0.290089
     0.95         1 0.0646667  0.306253
     0.99         1  0.146667  0.336765
    0.999         1       0.2  0.359447
   0.9999         1       0.2  0.363485
        0         2  0.166667  0.466667
      0.2         2  0.200667  0.410147
      0.4         2  0.188667  0.417145
      0.6         2  0.162667  0.425195
      0.8         2     0.128  0.435829
      0.9         2  0.159333  0.444615
     0.95         2  0.166667  0.452453
     0.99         2  0.166667  0.464774
    0.999         2       0.2  0.469521
   0.9999         2       0.2  0.470071
        0         4  0.166667  0.466667
      0.2         4     0.226  0.455297
      0.4         4      0.21  0.457586
      0.6         4  0.189333  0.460633
      0.8         4  0.161333  0.466074
      0.9         4  0.166667   0.47229
     0.95         4  0.166667  0.478792
     0.99         4  0.166667  0.489443
    0.999         4       0.2  0.493427
   0.9999         4       0.2   0.49388