       0     0.05 0.476667 0.496667
     0.2     0.05 0.276667 0.288858
     0.4     0.05    0.278 0.294466
     0.6     0.05 0.275333 0.304274
     0.8     0.05    0.278 0.327385
     0.9     0.05 0.283333 0.358045
    0.95     0.05 0.291333  0.39248
    0.99     0.05      0.3 0.457787
   0.999     0.05 0.476667 0.492009
  0.9999     0.05     0.48   0.4972
       0      0.1 0.476667 0.496667
     0.2      0.1     0.27  0.31884
     0.4      0.1 0.269333 0.334267
     0.6      0.1    0.274 0.356769
     0.8      0.1 0.278667 0.394978
     0.9      0.1    0.282 0.428185
    0.95      0.1 0.292667  0.45334
    0.99      0.1 0.456667 0.484326
   0.999      0.1 0.476667 0.495684
  0.9999      0.1     0.48 0.497231
       0     0.15 0.476667 0.496667
     0.2     0.15    0.262 0.364166
     0.4     0.15 0.269333 0.381696
     0.6     0.15 0.272667 0.404556
     0.8     0.15 0.283333 0.436557
     0.9     0.15 0.302667 0.459211
    0.95     0.15 0.319333 0.474188
    0.99     0.15 0.476667 0.490452
   0.999     0.15 0.476667 0.496312
  0.9999     0.15     0.48  0.49721
       0      0.2 0.476667 0.496667
     0.2      0.2    0.276 0.403585
     0.4      0.2 0.278667 0.418772
     0.6      0.2 0.284667 0.436782
     0.8      0.2 0.300667 0.459396
     0.9      0.2 0.317333 0.474137
    0.95      0.2 0.441333 0.483322
    0.99      0.2 0.476667 0.492839
   0.999      0.2 0.476667 0.496664
  0.9999      0.2     0.48 0.497339
       0      0.3 0.476667 0.496667
     0.2      0.3    0.282 0.454162
     0.4      0.3 0.286667 0.461743
     0.6      0.3    0.294 0.470335
     0.8      0.3 0.317333 0.480712
     0.9      0.3    0.468 0.487095
    0.95      0.3 0.476667  0.49085
    0.99      0.3 0.476667 0.494895
   0.999      0.3 0.476667 0.497264
  0.9999      0.3     0.48 0.497773
       0      0.4 0.476667 0.496667
     0.2      0.4 0.299333 0.476507
     0.4      0.4 0.302667  0.48008
     0.6      0.4 0.323333 0.484188
     0.8      0.4 0.409333 0.489075
     0.9      0.4 0.476667 0.491982
    0.95      0.4 0.476667  0.49369
    0.99      0.4 0.476667 0.495899
   0.999      0.4 0.476667 0.497807
  0.9999      0.4     0.48 0.498257
       0      0.5 0.476667 0.496667
     0.2      0.5    0.324 0.486172
     0.4      0.5 0.338667 0.488029
     0.6      0.5    0.342 0.490145
     0.8      0.5 0.472667 0.492613
     0.9      0.5 0.476667 0.494071
    0.95      0.5 0.476667 0.494975
    0.99      0.5 0.476667   0.4965
   0.999      0.5 0.476667 0.498237
  0.9999      0.5     0.48  0.49866
       0      0.6 0.476667 0.496667
     0.2      0.6 0.350667 0.490692
     0.4      0.6 0.347333 0.491731
     0.6      0.6     0.36 0.492904
     0.8      0.6 0.476667 0.494263
     0.9      0.6 0.476667 0.495083
    0.95      0.6 0.476667 0.495643
    0.99      0.6 0.476667 0.496886
   0.999      0.6 0.476667 0.498549
  0.9999      0.6     0.48 0.498959
       0      0.7 0.476667 0.496667
     0.2      0.7    0.364 0.492982
     0.4      0.7 0.356667 0.493604
     0.6      0.7    0.388 0.494303
     0.8      0.7 0.476667 0.495118
     0.9      0.7 0.476667 0.495633
    0.95      0.7 0.476667 0.496032
    0.99      0.7 0.476667 0.497145
   0.999      0.7 0.476667 0.498773
  0.9999      0.7     0.48 0.499175
       0      0.8 0.476667 0.496667
     0.2      0.8     0.37 0.494235
     0.4      0.8    0.364 0.494631
     0.6      0.8 0.411333 0.495077
     0.8      0.8 0.476667 0.495604
     0.9      0.8 0.476667 0.495962
    0.95      0.8 0.476667 0.496278
    0.99      0.8 0.476667 0.497325
   0.999      0.8 0.476667 0.498934
  0.9999      0.8     0.48 0.499332
       0      0.9 0.476667 0.496667
     0.2      0.9 0.375333 0.494971
     0.4      0.9    0.374 0.495237
     0.6      0.9 0.419333 0.495539
     0.8      0.9 0.476667 0.495904
     0.9      0.9 0.476667 0.496173
    0.95      0.9 0.476667 0.496443
    0.99      0.9 0.476667 0.497455
   0.999      0.9 0.476667 0.499053
  0.9999      0.9     0.48 0.499447
       0        1 0.476667 0.496667
     0.2        1     0.38 0.495429
     0.4        1     0.38 0.495617
     0.6        1 0.422667 0.495832
     0.8        1 0.476667   0.4961
     0.9        1 0.476667 0.496316
    0.95        1 0.476667 0.496559
    0.99        1 0.476667 0.497551
   0.999        1 0.476667 0.499142
  0.9999        1     0.48 0.499535
       0        2 0.476667 0.496667
     0.2        2 0.399333 0.496475
     0.4        2 0.384667 0.496504
     0.6        2    0.442 0.496543
     0.8        2 0.476667 0.496619
     0.9        2 0.476667 0.496732
    0.95        2 0.476667 0.496923
    0.99        2 0.476667 0.497877
   0.999        2 0.476667 0.499452
  0.9999        2 0.476667  0.49984
       0        4 0.476667 0.496667
     0.2        4    0.402  0.49663
     0.4        4    0.386 0.496643
     0.6        4 0.444667 0.496665
     0.8        4 0.476667 0.496722
     0.9        4 0.476667 0.496825
    0.95        4 0.476667 0.497012
    0.99        4 0.476667 0.497963
   0.999        4 0.476667 0.499536
  0.9999        4 0.476667 0.499923