        0      0.05  0.446667  0.466667
      0.2      0.05     0.064  0.109424
      0.4      0.05 0.0653333  0.123121
      0.6      0.05 0.0653333  0.145912
      0.8      0.05 0.0686667  0.195357
      0.9      0.05 0.0793333  0.256766
     0.95      0.05 0.0913333  0.323304
     0.99      0.05     0.188  0.441429
    0.999      0.05  0.478667  0.491965
   0.9999      0.05      0.48  0.498162
        0       0.1  0.446667  0.466667
      0.2       0.1 0.0733333  0.206287
      0.4       0.1     0.078  0.230102
      0.6       0.1     0.088  0.265904
      0.8       0.1     0.112  0.328639
      0.9       0.1      0.15  0.384963
     0.95       0.1  0.188667  0.428412
     0.99       0.1     0.444  0.480226
    0.999       0.1      0.48  0.496114
   0.9999       0.1      0.48  0.497843
        0      0.15  0.446667  0.466667
      0.2      0.15  0.102667   0.28736
      0.4      0.15      0.11  0.312266
      0.6      0.15     0.128  0.345932
      0.8      0.15     0.172  0.395594
      0.9      0.15  0.227333   0.43275
     0.95      0.15     0.336   0.45848
     0.99      0.15  0.446667  0.487721
    0.999      0.15      0.48  0.496644
   0.9999      0.15      0.48  0.497618
        0       0.2  0.446667  0.466667
      0.2       0.2     0.128  0.346034
      0.4       0.2     0.148  0.367189
      0.6       0.2  0.175333  0.393517
      0.8       0.2  0.232667  0.428584
      0.9       0.2     0.346  0.453086
     0.95       0.2  0.446667  0.470049
     0.99       0.2  0.446667  0.490322
    0.999       0.2      0.48  0.496853
   0.9999       0.2      0.48  0.497577
        0       0.3  0.446667  0.466667
      0.2       0.3  0.209333  0.413561
      0.4       0.3      0.23   0.42541
      0.6       0.3     0.272     0.439
      0.8       0.3     0.404  0.456152
      0.9       0.3  0.446667  0.468748
     0.95       0.3  0.446667  0.478652
     0.99       0.3  0.446667  0.492431
    0.999       0.3      0.48  0.497307
   0.9999       0.3      0.48  0.497859
        0       0.4  0.446667  0.466667
      0.2       0.4  0.269333  0.443103
      0.4       0.4     0.308  0.449157
      0.6       0.4  0.385333  0.456157
      0.8       0.4  0.446667  0.465739
      0.9       0.4  0.446667  0.474095
     0.95       0.4  0.446667  0.481719
     0.99       0.4  0.446667  0.493471
    0.999       0.4      0.48   0.49781
   0.9999       0.4      0.48  0.498304
        0       0.5  0.446667  0.466667
      0.2       0.5  0.321333  0.455403
      0.4       0.5  0.372667   0.45878
      0.6       0.5  0.435333  0.462943
      0.8       0.5  0.446667  0.469515
      0.9       0.5  0.446667  0.476295
     0.95       0.5  0.446667  0.483097
     0.99       0.5  0.446667  0.494101
    0.999       0.5      0.48  0.498224
   0.9999       0.5      0.48  0.498694
        0       0.6  0.446667  0.466667
      0.2       0.6  0.359333  0.460787
      0.4       0.6     0.424  0.462968
      0.6       0.6  0.446667  0.465901
      0.8       0.6  0.446667  0.471209
      0.9       0.6  0.446667  0.477345
     0.95       0.6  0.446667  0.483814
     0.99       0.6  0.446667  0.494502
    0.999       0.6      0.48  0.498528
   0.9999       0.6      0.48  0.498987
        0       0.7  0.446667  0.466667
      0.2       0.7  0.397333  0.463374
      0.4       0.7      0.44  0.464987
      0.6       0.7  0.446667  0.467343
      0.8       0.7  0.446667  0.472068
      0.9       0.7  0.446667  0.477913
     0.95       0.7  0.446667  0.484231
     0.99       0.7  0.446667  0.494768
    0.999       0.7      0.48  0.498744
   0.9999       0.7      0.48  0.499198
        0       0.8  0.446667  0.466667
      0.2       0.8  0.422667  0.464737
      0.4       0.8  0.446667   0.46606
      0.6       0.8  0.446667  0.468122
      0.8       0.8  0.446667  0.472553
      0.9       0.8  0.446667  0.478251
     0.95       0.8  0.446667  0.484493
     0.99       0.8  0.446667  0.494952
    0.999       0.8      0.48  0.498901
   0.9999       0.8      0.48   0.49935
        0       0.9  0.446667  0.466667
      0.2       0.9  0.435333  0.465516
      0.4       0.9  0.446667  0.466678
      0.6       0.9  0.446667  0.468579
      0.8       0.9  0.446667  0.472849
      0.9       0.9  0.446667  0.478469
     0.95       0.9  0.446667   0.48467
     0.99       0.9  0.446667  0.495083
    0.999       0.9      0.48  0.499015
   0.9999       0.9      0.48  0.499463
        0         1  0.446667  0.466667
      0.2         1  0.442667  0.465991
      0.4         1  0.446667  0.467059
      0.6         1  0.446667  0.468866
      0.8         1  0.446667  0.473043
      0.9         1  0.446667  0.478616
     0.95         1  0.446667  0.484793
     0.99         1  0.446667   0.49518
    0.999         1      0.48  0.499101
   0.9999         1      0.48  0.499548
        0         2  0.446667  0.466667
      0.2         2  0.446667  0.467033
      0.4         2  0.446667  0.467922
      0.6         2  0.446667  0.469551
      0.8         2  0.446667  0.473555
      0.9         2  0.446667  0.479045
     0.95         2  0.446667  0.485177
     0.99         2  0.446667  0.495503
    0.999         2  0.446667  0.499399
   0.9999         2      0.48  0.499843
        0         4  0.446667  0.466667
      0.2         4  0.446667  0.467176
      0.4         4  0.446667  0.468051
      0.6         4  0.446667  0.469666
      0.8         4  0.446667  0.473656
      0.9         4  0.446667  0.479141
     0.95         4  0.446667  0.485269
     0.99         4  0.446667  0.495588
    0.999         4  0.446667   0.49948
   0.9999         4  0.446667  0.499923