       0     0.05 0.493333 0.493333
     0.2     0.05 0.238667 0.246333
     0.4     0.05    0.238 0.245667
     0.6     0.05    0.238 0.245333
     0.8     0.05 0.238667    0.246
     0.9     0.05 0.238667 0.245667
    0.95     0.05 0.238667 0.245333
    0.99     0.05 0.237333    0.247
   0.999     0.05    0.238 0.247667
  0.9999     0.05    0.238    0.249
       0      0.1 0.493333 0.493333
     0.2      0.1 0.252667 0.252826
     0.4      0.1    0.254 0.253856
     0.6      0.1    0.254 0.254905
     0.8      0.1 0.258667 0.258482
     0.9      0.1 0.260667 0.259825
    0.95      0.1 0.259333 0.259577
    0.99      0.1 0.260667 0.257739
   0.999      0.1 0.243333 0.245308
  0.9999      0.1    0.242 0.242031
       0     0.15 0.493333 0.493333
     0.2     0.15    0.252 0.251431
     0.4     0.15 0.252667  0.25253
     0.6     0.15    0.254 0.253763
     0.8     0.15 0.257333 0.257721
     0.9     0.15 0.257333 0.257326
    0.95     0.15 0.246667 0.249926
    0.99     0.15    0.242 0.241968
   0.999     0.15     0.24 0.240309
  0.9999     0.15 0.239333 0.239335
       0      0.2 0.493333 0.493333
     0.2      0.2 0.239333 0.239078
     0.4      0.2 0.250667 0.249742
     0.6      0.2    0.252 0.252611
     0.8      0.2 0.256667 0.255816
     0.9      0.2 0.258667 0.252769
    0.95      0.2 0.242667  0.24406
    0.99      0.2     0.24 0.239165
   0.999      0.2 0.239333 0.237848
  0.9999      0.2 0.238667  0.23585
       0      0.3 0.493333 0.493333
     0.2      0.3 0.206667  0.21252
     0.4      0.3    0.236 0.236701
     0.6      0.3    0.248 0.245732
     0.8      0.3    0.252 0.249656
     0.9      0.3 0.252667 0.247782
    0.95      0.3 0.242667 0.238649
    0.99      0.3    0.218 0.224538
   0.999      0.3 0.214667 0.237613
  0.9999      0.3 0.258667  0.24954
       0      0.4 0.493333 0.493333
     0.2      0.4 0.209333 0.216883
     0.4      0.4    0.226 0.227871
     0.6      0.4 0.246667 0.241828
     0.8      0.4 0.245333 0.244407
     0.9      0.4    0.246 0.241646
    0.95      0.4 0.236667 0.235477
    0.99      0.4 0.240667 0.236733
   0.999      0.4 0.284667 0.263198
  0.9999      0.4 0.307333 0.283568
       0      0.5 0.493333 0.493333
     0.2      0.5 0.220667  0.22499
     0.4      0.5 0.248667 0.231791
     0.6      0.5 0.256667 0.240401
     0.8      0.5 0.256667 0.242659
     0.9      0.5 0.256667 0.239929
    0.95      0.5 0.261333 0.238651
    0.99      0.5    0.254 0.250452
   0.999      0.5 0.301333 0.275011
  0.9999      0.5 0.301333 0.296605
       0      0.6 0.493333 0.493333
     0.2      0.6 0.244667 0.239189
     0.4      0.6    0.248 0.236968
     0.6      0.6 0.246667 0.240729
     0.8      0.6 0.255333 0.243962
     0.9      0.6 0.260667  0.24349
    0.95      0.6 0.255333  0.24467
    0.99      0.6 0.265333 0.256187
   0.999      0.6    0.298 0.288892
  0.9999      0.6    0.302 0.360318
       0      0.7 0.493333 0.493333
     0.2      0.7     0.26 0.251533
     0.4      0.7 0.252667 0.245859
     0.6      0.7     0.25 0.245479
     0.8      0.7 0.246667 0.247899
     0.9      0.7    0.246 0.250522
    0.95      0.7 0.246667 0.253578
    0.99      0.7 0.257333  0.26954
   0.999      0.7 0.238667 0.343934
  0.9999      0.7    0.404 0.422224
       0      0.8 0.493333 0.493333
     0.2      0.8 0.266667 0.261615
     0.4      0.8    0.256 0.257684
     0.6      0.8 0.252667 0.256473
     0.8      0.8 0.249333  0.25888
     0.9      0.8    0.244  0.26373
    0.95      0.8 0.241333 0.271522
    0.99      0.8 0.292667 0.313556
   0.999      0.8 0.281333 0.405392
  0.9999      0.8 0.448667  0.45779
       0      0.9 0.493333 0.493333
     0.2      0.9 0.264667 0.272608
     0.4      0.9    0.264 0.271367
     0.6      0.9 0.255333 0.272333
     0.8      0.9 0.250667 0.278348
     0.9      0.9 0.243333 0.289318
    0.95      0.9    0.242 0.306624
    0.99      0.9 0.247333 0.368167
   0.999      0.9    0.404 0.443764
  0.9999      0.9    0.496 0.477223
       0        1 0.493333 0.493333
     0.2        1    0.264  0.28551
     0.4        1 0.264667 0.286864
     0.6        1    0.262 0.291055
     0.8        1    0.264 0.303275
     0.9        1 0.262667 0.322113
    0.95        1 0.261333 0.347011
    0.99        1 0.288667 0.409877
   0.999        1 0.443333 0.465917
  0.9999        1 0.499333 0.489511
       0        2 0.493333 0.493333
     0.2        2 0.367333 0.420183
     0.4        2 0.409333 0.429459
     0.6        2    0.428 0.441489
     0.8        2 0.444667 0.459142
     0.9        2 0.422667  0.47281
    0.95        2 0.398667 0.482469
    0.99        2 0.492667 0.494099
   0.999        2 0.493333 0.499153
  0.9999        2      0.5  0.49991
       0        4 0.493333 0.493333
     0.2        4 0.456667 0.478954
     0.4        4 0.460667    0.482
     0.6        4    0.466 0.485419
     0.8        4 0.466667  0.48938
     0.9        4 0.455333 0.491808
    0.95        4 0.402667 0.493508
    0.99        4 0.489333 0.496823
   0.999        4 0.493333  0.49949
  0.9999        4 0.493333 0.499946