       0     0.05 0.495333 0.496667
       0      0.1 0.495333 0.496667
       0     0.15 0.495333 0.496667
       0      0.2 0.495333 0.496667
       0      0.3 0.495333 0.496667
       0      0.4 0.495333 0.496667
       0      0.5 0.495333 0.496667
       0      0.6 0.495333 0.496667
       0      0.7 0.495333 0.496667
       0      0.8 0.495333 0.496667
       0      0.9 0.495333 0.496667
       0        1 0.495333 0.496667
       0        2 0.495333 0.496667
       0        4 0.495333 0.496667
     0.2     0.05 0.495333 0.496667
     0.2      0.1     0.48 0.480256
     0.2     0.15    0.466 0.473654
     0.2      0.2    0.458 0.464651
     0.2      0.3 0.410667  0.43685
     0.2      0.4 0.384667 0.431016
     0.2      0.5 0.377333 0.441493
     0.2      0.6 0.382667 0.455172
     0.2      0.7 0.382667 0.466233
     0.2      0.8 0.388667 0.474109
     0.2      0.9 0.384667 0.479558
     0.2        1    0.384 0.483359
     0.2        2 0.409333 0.493968
     0.2        4    0.416 0.496045
     0.4     0.05 0.495333 0.496667
     0.4      0.1 0.480667 0.484108
     0.4     0.15 0.471333 0.479067
     0.4      0.2    0.464 0.474563
     0.4      0.3 0.421333 0.453087
     0.4      0.4 0.381333 0.445824
     0.4      0.5 0.375333 0.453438
     0.4      0.6    0.384 0.464404
     0.4      0.7     0.38 0.473228
     0.4      0.8 0.384667  0.47942
     0.4      0.9 0.384667 0.483654
     0.4        1 0.383333 0.486582
     0.4        2 0.401333  0.49465
     0.4        4 0.412667 0.496211
     0.6     0.05 0.495333 0.496667
     0.6      0.1    0.482 0.488417
     0.6     0.15 0.473333  0.48526
     0.6      0.2 0.470667 0.482888
     0.6      0.3 0.443333 0.466625
     0.6      0.4    0.388 0.460283
     0.6      0.5 0.378667 0.465973
     0.6      0.6 0.375333 0.474158
     0.6      0.7 0.380667  0.48055
     0.6      0.8    0.376 0.484928
     0.6      0.9 0.379333 0.487871
     0.6        1 0.386667 0.489885
     0.6        2    0.408 0.495344
     0.6        4 0.413333 0.496386
     0.8     0.05 0.495333 0.496667
     0.8      0.1 0.490667  0.49382
     0.8     0.15 0.488667 0.494285
     0.8      0.2 0.481333 0.493954
     0.8      0.3 0.473333 0.480088
     0.8      0.4    0.406 0.475938
     0.8      0.5 0.379333 0.479872
     0.8      0.6 0.367333 0.484775
     0.8      0.7 0.372667 0.488355
     0.8      0.8 0.377333 0.490712
     0.8      0.9 0.378667  0.49226
     0.8        1    0.388 0.493303
     0.8        2 0.429333 0.496077
     0.8        4    0.442 0.496597
     0.9     0.05 0.495333 0.496667
     0.9      0.1    0.498 0.497881
     0.9     0.15 0.508667 0.501684
     0.9      0.2      0.5 0.501977
     0.9      0.3 0.488667  0.48726
     0.9      0.4    0.428  0.48498
     0.9      0.5     0.38 0.487776
     0.9      0.6 0.370667  0.49061
     0.9      0.7 0.381333 0.492549
     0.9      0.8 0.416667 0.493786
     0.9      0.9    0.432 0.494585
     0.9        1    0.446 0.495119
     0.9        2 0.487333 0.496519
     0.9        4 0.490667 0.496778
    0.95     0.05 0.495333 0.496667
    0.95      0.1 0.493333 0.501445
    0.95     0.15 0.506667 0.507054
    0.95      0.2 0.504667 0.507014
    0.95      0.3 0.495333 0.490982
    0.95      0.4    0.434 0.490286
    0.95      0.5 0.379333 0.492207
    0.95      0.6 0.391333   0.4938
    0.95      0.7 0.442667 0.494834
    0.95      0.8     0.47 0.495479
    0.95      0.9 0.487333 0.495891
    0.95        1 0.493333 0.496165
    0.95        2    0.498 0.496874
    0.95        4    0.498 0.497003
    0.99     0.05 0.495333 0.496667
    0.99      0.1    0.516 0.510399
    0.99     0.15     0.51 0.514002
    0.99      0.2 0.524667 0.511439
    0.99      0.3    0.502 0.494655
    0.99      0.4 0.463333 0.495827
    0.99      0.5     0.38 0.496657
    0.99      0.6    0.494 0.497149
    0.99      0.7    0.498 0.497437
    0.99      0.8    0.498 0.497608
    0.99      0.9    0.498 0.497714
    0.99        1    0.498 0.497784
    0.99        2    0.498 0.497955
    0.99        4    0.498 0.497984
   0.999     0.05 0.495333 0.496667
   0.999      0.1 0.509333 0.513214
   0.999     0.15    0.518 0.517352
   0.999      0.2 0.531333 0.508048
   0.999      0.3    0.516 0.497298
   0.999      0.4 0.494667 0.498797
   0.999      0.5 0.431333 0.499216
   0.999      0.6    0.498 0.499383
   0.999      0.7    0.498 0.499463
   0.999      0.8    0.498 0.499504
   0.999      0.9    0.498 0.499527
   0.999        1    0.498  0.49954
   0.999        2    0.498 0.499564
   0.999        4    0.498 0.499565
  0.9999     0.05 0.495333 0.496667
  0.9999      0.1 0.519333 0.517694
  0.9999     0.15 0.518667  0.51545
  0.9999      0.2    0.496 0.501002
  0.9999      0.3 0.493333 0.499098
  0.9999      0.4 0.495333 0.499812
  0.9999      0.5 0.497333 0.499905
  0.9999      0.6 0.498667 0.499943
  0.9999      0.7 0.499333 0.499959
  0.9999      0.8 0.499333 0.499965
  0.9999      0.9      0.5 0.499967
  0.9999        1 0.499333 0.499967
  0.9999        2    0.498 0.499958
  0.9999        4    0.498 0.499953