       0     0.05 0.816667 0.816667
     0.2     0.05 0.372667 0.388444
     0.4     0.05    0.368    0.384
     0.6     0.05 0.367333 0.382444
     0.8     0.05 0.365333 0.380889
     0.9     0.05    0.364 0.380889
    0.95     0.05    0.364 0.380889
    0.99     0.05    0.362 0.379778
   0.999     0.05    0.362 0.377222
  0.9999     0.05 0.359333 0.373889
       0      0.1 0.816667 0.816667
     0.2      0.1    0.368 0.367586
     0.4      0.1    0.368 0.367445
     0.6      0.1    0.368 0.367444
     0.8      0.1    0.368 0.367444
     0.9      0.1    0.368 0.367445
    0.95      0.1    0.368 0.367445
    0.99      0.1    0.368 0.367445
   0.999      0.1    0.368 0.367445
  0.9999      0.1    0.368 0.367445
       0     0.15 0.816667 0.816667
     0.2     0.15 0.371333 0.369401
     0.4     0.15 0.375333 0.373846
     0.6     0.15 0.366667 0.366689
     0.8     0.15 0.366667 0.366668
     0.9     0.15 0.366667 0.366669
    0.95     0.15 0.366667 0.366671
    0.99     0.15 0.366667 0.366671
   0.999     0.15 0.366667 0.366564
  0.9999     0.15    0.366    0.366
       0      0.2 0.816667 0.816667
     0.2      0.2 0.363333 0.364897
     0.4      0.2 0.365333  0.36838
     0.6      0.2 0.375333 0.372476
     0.8      0.2 0.366667 0.366688
     0.9      0.2 0.366667 0.366681
    0.95      0.2 0.366667 0.366683
    0.99      0.2 0.366667 0.366496
   0.999      0.2    0.366 0.365422
  0.9999      0.2    0.362 0.361705
       0      0.3 0.816667 0.816667
     0.2      0.3    0.374 0.376007
     0.4      0.3 0.363333  0.36497
     0.6      0.3    0.368 0.368273
     0.8      0.3 0.375333 0.369808
     0.9      0.3 0.366667 0.365603
    0.95      0.3 0.366667 0.365298
    0.99      0.3    0.366 0.361296
   0.999      0.3 0.341333 0.344571
  0.9999      0.3 0.318667 0.328625
       0      0.4 0.816667 0.816667
     0.2      0.4 0.398667 0.397106
     0.4      0.4    0.376 0.380673
     0.6      0.4 0.362667 0.370493
     0.8      0.4 0.367333 0.369232
     0.9      0.4 0.374667 0.366541
    0.95      0.4 0.366667  0.36091
    0.99      0.4    0.344 0.350597
   0.999      0.4 0.318667 0.344619
  0.9999      0.4 0.362667 0.365216
       0      0.5 0.816667 0.816667
     0.2      0.5 0.415333  0.42153
     0.4      0.5    0.394 0.399223
     0.6      0.5 0.375333  0.38503
     0.8      0.5 0.360667 0.375049
     0.9      0.5    0.362 0.372144
    0.95      0.5 0.357333 0.366808
    0.99      0.5 0.322667 0.360447
   0.999      0.5 0.341333 0.386094
  0.9999      0.5 0.372667 0.419222
       0      0.6 0.816667 0.816667
     0.2      0.6 0.431333 0.440999
     0.4      0.6 0.410667 0.421139
     0.6      0.6 0.384667 0.403173
     0.8      0.6 0.365333 0.390418
     0.9      0.6     0.36 0.386907
    0.95      0.6 0.356667 0.385753
    0.99      0.6 0.341333 0.397456
   0.999      0.6 0.353333 0.462281
  0.9999      0.6 0.424667 0.598785
       0      0.7 0.816667 0.816667
     0.2      0.7 0.433333 0.456999
     0.4      0.7 0.421333  0.44179
     0.6      0.7 0.399333 0.426663
     0.8      0.7    0.378 0.414915
     0.9      0.7 0.362667 0.415885
    0.95      0.7    0.358 0.425354
    0.99      0.7    0.362 0.476403
   0.999      0.7 0.389333 0.619801
  0.9999      0.7 0.610667 0.758346
       0      0.8 0.816667 0.816667
     0.2      0.8 0.441333 0.473635
     0.4      0.8 0.428667 0.463739
     0.6      0.8 0.416667  0.45523
     0.8      0.8    0.388 0.453373
     0.9      0.8 0.376667 0.466501
    0.95      0.8 0.367333 0.492233
    0.99      0.8 0.393333 0.587154
   0.999      0.8    0.564 0.735731
  0.9999      0.8 0.795333 0.811237
       0      0.9 0.816667 0.816667
     0.2      0.9    0.444  0.49358
     0.4      0.9    0.434 0.490148
     0.6      0.9 0.424667 0.490667
     0.8      0.9 0.420667 0.504717
     0.9      0.9 0.410667 0.533773
    0.95      0.9    0.416 0.573847
    0.99      0.9 0.473333 0.681079
   0.999      0.9 0.754667 0.791491
  0.9999      0.9 0.831333 0.827063
       0        1 0.816667 0.816667
     0.2        1 0.448667 0.518184
     0.4        1 0.443333 0.521647
     0.6        1 0.442667 0.531806
     0.8        1 0.447333 0.561152
     0.9        1    0.454 0.601393
    0.95        1 0.452667 0.646614
    0.99        1    0.592 0.743665
   0.999        1 0.813333 0.815594
  0.9999        1 0.833333 0.831218
       0        2 0.816667 0.816667
     0.2        2 0.554667  0.74437
     0.4        2 0.582667 0.757567
     0.6        2 0.600667 0.773261
     0.8        2 0.597333 0.792903
     0.9        2 0.647333 0.805564
    0.95        2 0.742667 0.813918
    0.99        2 0.816667 0.825846
   0.999        2 0.819333 0.832279
  0.9999        2 0.833333 0.833223
       0        4 0.816667 0.816667
     0.2        4 0.670667 0.806493
     0.4        4 0.664667  0.80904
     0.6        4 0.688667 0.811809
     0.8        4 0.747333  0.81516
     0.9        4 0.752667 0.817803
    0.95        4 0.774667  0.82052
    0.99        4 0.816667 0.827547
   0.999        4 0.816667 0.832513
  0.9999        4     0.83 0.833248