        0      0.05  0.193333  0.493333
      0.2      0.05  0.192667  0.372333
      0.4      0.05  0.192667  0.372333
      0.6      0.05  0.192667  0.372333
      0.8      0.05  0.192667     0.371
      0.9      0.05  0.192667     0.371
     0.95      0.05  0.192667     0.371
     0.99      0.05  0.192667     0.371
    0.999      0.05  0.192667     0.371
   0.9999      0.05  0.192667  0.370667
        0       0.1  0.193333  0.493333
      0.2       0.1     0.086 0.0859567
      0.4       0.1     0.088 0.0872472
      0.6       0.1 0.0866667 0.0872737
      0.8       0.1 0.0866667 0.0917724
      0.9       0.1  0.107333 0.0985824
     0.95       0.1  0.107333  0.102238
     0.99       0.1  0.105333  0.104552
    0.999       0.1  0.105333  0.103902
   0.9999       0.1  0.102667  0.102262
        0      0.15  0.193333  0.493333
      0.2      0.15 0.0846667 0.0846117
      0.4      0.15 0.0853333 0.0863016
      0.6      0.15 0.0886667  0.088014
      0.8      0.15 0.0893333 0.0922952
      0.9      0.15  0.106667 0.0972018
     0.95      0.15     0.106 0.0996753
     0.99      0.15  0.102667   0.10074
    0.999      0.15  0.104667  0.100402
   0.9999      0.15     0.102  0.103776
        0       0.2  0.193333  0.493333
      0.2       0.2     0.074 0.0813829
      0.4       0.2     0.084 0.0853473
      0.6       0.2 0.0846667 0.0877125
      0.8       0.2 0.0886667 0.0913682
      0.9       0.2 0.0893333 0.0953686
     0.95       0.2  0.103333 0.0975505
     0.99       0.2  0.102667  0.101343
    0.999       0.2  0.113333  0.110736
   0.9999       0.2  0.117333  0.115554
        0       0.3  0.193333  0.493333
      0.2       0.3 0.0786667 0.0827651
      0.4       0.3      0.08 0.0835091
      0.6       0.3     0.086 0.0855225
      0.8       0.3     0.082 0.0888455
      0.9       0.3 0.0913333 0.0926927
     0.95       0.3     0.096 0.0971859
     0.99       0.3  0.114667  0.106084
    0.999       0.3  0.116667  0.114214
   0.9999       0.3  0.121333   0.13883
        0       0.4  0.193333  0.493333
      0.2       0.4 0.0833333 0.0921479
      0.4       0.4 0.0733333 0.0885704
      0.6       0.4 0.0733333 0.0880016
      0.8       0.4     0.076 0.0902033
      0.9       0.4 0.0846667 0.0942891
     0.95       0.4 0.0893333 0.0992176
     0.99       0.4  0.114667  0.119436
    0.999       0.4  0.121333  0.170916
   0.9999       0.4  0.121333  0.170325
        0       0.5  0.193333  0.493333
      0.2       0.5     0.084   0.10639
      0.4       0.5 0.0773333  0.102255
      0.6       0.5 0.0713333  0.100992
      0.8       0.5     0.076  0.104979
      0.9       0.5 0.0833333  0.113767
     0.95       0.5     0.094  0.126202
     0.99       0.5     0.116  0.158981
    0.999       0.5     0.084  0.168013
   0.9999       0.5 0.0653333  0.150101
        0       0.6  0.193333  0.493333
      0.2       0.6       0.1  0.131156
      0.4       0.6 0.0833333  0.126023
      0.6       0.6 0.0733333  0.125784
      0.8       0.6 0.0706667   0.13322
      0.9       0.6     0.078  0.145436
     0.95       0.6 0.0893333  0.158909
     0.99       0.6 0.0713333  0.180675
    0.999       0.6 0.0646667  0.178734
   0.9999       0.6  0.141333  0.216787
        0       0.7  0.193333  0.493333
      0.2       0.7     0.116   0.16177
      0.4       0.7 0.0953333  0.157674
      0.6       0.7     0.084  0.158344
      0.8       0.7 0.0753333  0.166959
      0.9       0.7 0.0646667  0.179301
     0.95       0.7 0.0613333  0.191152
     0.99       0.7 0.0526667  0.204696
    0.999       0.7     0.112  0.230179
   0.9999       0.7       0.2  0.268622
        0       0.8  0.193333  0.493333
      0.2       0.8  0.126667  0.193495
      0.4       0.8  0.114667  0.192039
      0.6       0.8     0.096  0.194762
      0.8       0.8 0.0693333  0.204984
      0.9       0.8 0.0613333  0.216838
     0.95       0.8 0.0546667  0.226664
     0.99       0.8 0.0893333  0.243855
    0.999       0.8  0.192667  0.281893
   0.9999       0.8       0.2  0.299088
        0       0.9  0.193333  0.493333
      0.2       0.9     0.138  0.226001
      0.4       0.9  0.122667  0.227325
      0.6       0.9  0.102667  0.232404
      0.8       0.9 0.0693333  0.244188
      0.9       0.9 0.0633333  0.255792
     0.95       0.9     0.072  0.265821
     0.99       0.9  0.124667  0.290185
    0.999       0.9  0.197333  0.318707
   0.9999       0.9       0.2  0.325628
        0         1  0.193333  0.493333
      0.2         1  0.154667  0.257934
      0.4         1  0.135333  0.261644
      0.6         1     0.106  0.268768
      0.8         1 0.0773333  0.282122
      0.9         1 0.0726667  0.294582
     0.95         1  0.102667  0.306116
     0.99         1     0.182  0.330724
    0.999         1  0.199333  0.348033
   0.9999         1       0.2  0.351264
        0         2  0.193333  0.493333
      0.2         2  0.196667  0.437327
      0.4         2  0.173333  0.443572
      0.6         2  0.156667  0.450448
      0.8         2  0.140667  0.458178
      0.9         2  0.186667  0.462634
     0.95         2  0.193333  0.465392
     0.99         2  0.193333  0.469563
    0.999         2  0.198667  0.472403
   0.9999         2       0.2  0.472877
        0         4  0.193333  0.493333
      0.2         4  0.252667  0.483574
      0.4         4  0.226667  0.484913
      0.6         4  0.186667  0.486319
      0.8         4     0.168  0.487893
      0.9         4  0.193333   0.48897
     0.95         4  0.193333  0.489962
     0.99         4  0.193333  0.492698
    0.999         4  0.193333   0.49515
   0.9999         4       0.2  0.495566