       0     0.05 0.471333 0.466667
     0.2     0.05    0.506 0.493034
     0.4     0.05 0.508667 0.492252
     0.6     0.05    0.504 0.491429
     0.8     0.05 0.514667 0.490907
     0.9     0.05 0.506667 0.491642
    0.95     0.05 0.508667   0.4933
    0.99     0.05 0.497333 0.497396
   0.999     0.05 0.490667 0.499663
  0.9999     0.05    0.496 0.499978
       0      0.1 0.471333 0.466667
     0.2      0.1 0.506667 0.483781
     0.4      0.1    0.504 0.482875
     0.6      0.1 0.502667 0.481953
     0.8      0.1 0.498667 0.481733
     0.9      0.1 0.492667 0.483705
    0.95      0.1 0.492667 0.487476
    0.99      0.1 0.489333 0.495866
   0.999      0.1 0.483333 0.499511
  0.9999      0.1 0.493333 0.499941
       0     0.15 0.471333 0.466667
     0.2     0.15 0.498667 0.477179
     0.4     0.15 0.496667  0.47649
     0.6     0.15 0.489333 0.476032
     0.8     0.15    0.494 0.477132
     0.9     0.15    0.494 0.480719
    0.95     0.15 0.485333 0.485807
    0.99     0.15 0.487333 0.495525
   0.999     0.15    0.462 0.499457
  0.9999     0.15 0.495333 0.499913
       0      0.2 0.471333 0.466667
     0.2      0.2 0.492667 0.472987
     0.4      0.2 0.493333 0.472665
     0.6      0.2 0.495333 0.472861
     0.8      0.2 0.481333  0.47514
     0.9      0.2 0.486667 0.479625
    0.95      0.2 0.483333 0.485248
    0.99      0.2 0.469333 0.495413
   0.999      0.2    0.462 0.499436
  0.9999      0.2 0.495333 0.499901
       0      0.3 0.471333 0.466667
     0.2      0.3 0.486667  0.46888
     0.4      0.3 0.492667 0.469294
     0.6      0.3 0.486667 0.470418
     0.8      0.3 0.477333 0.473857
     0.9      0.3 0.477333 0.479012
    0.95      0.3    0.464 0.484984
    0.99      0.3    0.462 0.495389
   0.999      0.3    0.462 0.499435
  0.9999      0.3 0.495333   0.4999
       0      0.4 0.471333 0.466667
     0.2      0.4 0.480667 0.467623
     0.4      0.4    0.482 0.468352
     0.6      0.4    0.474 0.469809
     0.8      0.4 0.475333 0.473603
     0.9      0.4 0.468667 0.478953
    0.95      0.4    0.462 0.485021
    0.99      0.4    0.462 0.495443
   0.999      0.4    0.462  0.49945
  0.9999      0.4 0.495333  0.49991
       0      0.5 0.471333 0.466667
     0.2      0.5    0.474 0.467282
     0.4      0.5 0.477333 0.468109
     0.6      0.5 0.474667 0.469668
     0.8      0.5 0.474667 0.473575
     0.9      0.5 0.458667 0.478992
    0.95      0.5    0.462 0.485093
    0.99      0.5    0.462 0.495494
   0.999      0.5    0.462 0.499465
  0.9999      0.5 0.495333 0.499919
       0      0.6 0.471333 0.466667
     0.2      0.6     0.47  0.46719
     0.4      0.6 0.470667 0.468049
     0.6      0.6 0.476667 0.469642
     0.8      0.6    0.474  0.47359
     0.9      0.6    0.464 0.479036
    0.95      0.6    0.462  0.48515
    0.99      0.6    0.462 0.495529
   0.999      0.6    0.462 0.499476
  0.9999      0.6 0.495333 0.499927
       0      0.7 0.471333 0.466667
     0.2      0.7    0.468 0.467168
     0.4      0.7 0.471333 0.468038
     0.6      0.7 0.475333 0.469643
     0.8      0.7 0.464667 0.473609
     0.9      0.7 0.464667 0.479068
    0.95      0.7    0.462 0.485188
    0.99      0.7    0.462 0.495552
   0.999      0.7    0.462 0.499483
  0.9999      0.7 0.495333 0.499932
       0      0.8 0.471333 0.466667
     0.2      0.8 0.464667 0.467166
     0.4      0.8 0.473333  0.46804
     0.6      0.8    0.474  0.46965
     0.8      0.8 0.467333 0.473624
     0.9      0.8 0.464667 0.479091
    0.95      0.8    0.462 0.485215
    0.99      0.8    0.462 0.495568
   0.999      0.8    0.462 0.499489
  0.9999      0.8 0.495333 0.499936
       0      0.9 0.471333 0.466667
     0.2      0.9 0.464667 0.467169
     0.4      0.9 0.473333 0.468045
     0.6      0.9    0.474 0.469657
     0.8      0.9 0.462667 0.473636
     0.9      0.9 0.464667 0.479108
    0.95      0.9    0.462 0.485233
    0.99      0.9    0.462 0.495579
   0.999      0.9    0.462 0.499492
  0.9999      0.9 0.495333 0.499938
       0        1 0.471333 0.466667
     0.2        1 0.468667 0.467174
     0.4        1 0.473333  0.46805
     0.6        1 0.475333 0.469663
     0.8        1    0.462 0.473645
     0.9        1    0.462  0.47912
    0.95        1    0.462 0.485246
    0.99        1    0.462 0.495586
   0.999        1    0.462 0.499495
  0.9999        1 0.495333  0.49994
       0        2 0.471333 0.466667
     0.2        2    0.468 0.467201
     0.4        2 0.468667 0.468075
     0.6        2    0.472 0.469689
     0.8        2 0.465333 0.473677
     0.9        2    0.462 0.479159
    0.95        2    0.462 0.485287
    0.99        2    0.462 0.495609
   0.999        2    0.462 0.499504
  0.9999        2    0.462 0.499948
       0        4 0.471333 0.466667
     0.2        4    0.468  0.46721
     0.4        4 0.470667 0.468083
     0.6        4 0.469333 0.469696
     0.8        4 0.466667 0.473685
     0.9        4    0.462 0.479169
    0.95        4    0.462 0.485296
    0.99        4    0.462 0.495615
   0.999        4    0.462 0.499506
  0.9999        4    0.462 0.499949