       0     0.05    0.498 0.493333
     0.2     0.05 0.482667 0.489136
     0.4     0.05 0.482667 0.489214
     0.6     0.05 0.487333 0.489538
     0.8     0.05 0.495333 0.490965
     0.9     0.05      0.5 0.493157
    0.95     0.05 0.501333 0.495339
    0.99     0.05 0.502667 0.498314
   0.999     0.05 0.499333 0.499655
  0.9999     0.05    0.494 0.499899
       0      0.1    0.498 0.493333
     0.2      0.1     0.49 0.490734
     0.4      0.1 0.491333 0.491723
     0.6      0.1    0.496 0.493052
     0.8      0.1    0.502 0.494821
     0.9      0.1 0.502667 0.495797
    0.95      0.1 0.506667 0.496243
    0.99      0.1 0.507333 0.497529
   0.999      0.1    0.494  0.49948
  0.9999      0.1 0.495333 0.499862
       0     0.15    0.498 0.493333
     0.2     0.15 0.498667 0.493034
     0.4     0.15 0.498667 0.493945
     0.6     0.15 0.500667 0.494791
     0.8     0.15 0.504667 0.495422
     0.9     0.15 0.507333   0.4955
    0.95     0.15 0.511333 0.495593
    0.99     0.15 0.500667 0.497209
   0.999     0.15 0.488667 0.499442
  0.9999     0.15 0.495333 0.499856
       0      0.2    0.498 0.493333
     0.2      0.2 0.501333 0.494836
     0.4      0.2 0.500667 0.495205
     0.6      0.2    0.504 0.495415
     0.8      0.2    0.506 0.495298
     0.9      0.2     0.51 0.495096
    0.95      0.2    0.506 0.495222
    0.99      0.2 0.489333 0.497101
   0.999      0.2 0.488667 0.499435
  0.9999      0.2 0.495333 0.499859
       0      0.3    0.498 0.493333
     0.2      0.3 0.505333 0.495804
     0.4      0.3 0.507333 0.495568
     0.6      0.3 0.507333 0.495204
     0.8      0.3     0.51  0.49471
     0.9      0.3    0.506 0.494578
    0.95      0.3 0.505333 0.494895
    0.99      0.3    0.494 0.497049
   0.999      0.3 0.488667 0.499447
  0.9999      0.3 0.495333 0.499875
       0      0.4    0.498 0.493333
     0.2      0.4 0.510667 0.495288
     0.4      0.4 0.509333 0.494973
     0.6      0.4 0.507333 0.494613
     0.8      0.4 0.507333 0.494278
     0.9      0.4 0.507333 0.494327
    0.95      0.4      0.5 0.494774
    0.99      0.4 0.488667 0.497057
   0.999      0.4 0.488667 0.499468
  0.9999      0.4 0.495333 0.499893
       0      0.5    0.498 0.493333
     0.2      0.5 0.513333 0.494711
     0.4      0.5    0.514 0.494461
     0.6      0.5    0.514 0.494208
     0.8      0.5 0.505333 0.494042
     0.9      0.5 0.511333 0.494209
    0.95      0.5 0.492667 0.494727
    0.99      0.5 0.488667 0.497073
   0.999      0.5 0.488667 0.499485
  0.9999      0.5 0.495333 0.499908
       0      0.6    0.498 0.493333
     0.2      0.6 0.517333 0.494317
     0.4      0.6 0.516667 0.494135
     0.6      0.6 0.518667  0.49397
     0.8      0.6 0.507333 0.493915
     0.9      0.6     0.51  0.49415
    0.95      0.6    0.494 0.494706
    0.99      0.6 0.488667 0.497086
   0.999      0.6 0.488667 0.499498
  0.9999      0.6 0.488667 0.499918
       0      0.7    0.498 0.493333
     0.2      0.7 0.521333 0.494061
     0.4      0.7    0.518 0.493932
     0.6      0.7    0.518 0.493826
     0.8      0.7    0.508 0.493842
     0.9      0.7 0.507333 0.494117
    0.95      0.7 0.490667 0.494696
    0.99      0.7 0.488667 0.497096
   0.999      0.7 0.488667 0.499506
  0.9999      0.7 0.488667 0.499925
       0      0.8    0.498 0.493333
     0.2      0.8     0.52 0.493893
     0.4      0.8 0.520667   0.4938
     0.6      0.8 0.516667 0.493735
     0.8      0.8    0.508 0.493798
     0.9      0.8    0.508 0.494098
    0.95      0.8 0.489333 0.494691
    0.99      0.8 0.488667 0.497103
   0.999      0.8 0.488667 0.499513
  0.9999      0.8 0.488667 0.499931
       0      0.9    0.498 0.493333
     0.2      0.9 0.520667 0.493777
     0.4      0.9 0.521333  0.49371
     0.6      0.9 0.518667 0.493674
     0.8      0.9 0.508667 0.493768
     0.9      0.9 0.506667 0.494086
    0.95      0.9 0.486667 0.494688
    0.99      0.9 0.488667 0.497108
   0.999      0.9 0.488667 0.499517
  0.9999      0.9 0.488667 0.499934
       0        1    0.498 0.493333
     0.2        1    0.524 0.493695
     0.4        1 0.522667 0.493647
     0.6        1    0.522 0.493632
     0.8        1 0.507333 0.493748
     0.9        1 0.508667 0.494078
    0.95        1    0.488 0.494686
    0.99        1 0.488667 0.497111
   0.999        1 0.488667  0.49952
  0.9999        1 0.488667 0.499937
       0        2    0.498 0.493333
     0.2        2 0.522667 0.493438
     0.4        2 0.523333 0.493453
     0.6        2    0.522 0.493504
     0.8        2 0.511333 0.493689
     0.9        2 0.498667 0.494055
    0.95        2 0.493333 0.494682
    0.99        2 0.488667 0.497123
   0.999        2 0.488667 0.499531
  0.9999        2 0.488667 0.499947
       0        4    0.498 0.493333
     0.2        4 0.522667 0.493376
     0.4        4 0.521333 0.493407
     0.6        4 0.522667 0.493474
     0.8        4 0.511333 0.493675
     0.9        4 0.499333  0.49405
    0.95        4 0.493333 0.494682
    0.99        4 0.488667 0.497127
   0.999        4 0.488667 0.499534
  0.9999        4 0.488667  0.49995