        0      0.05  0.166667  0.466667
      0.2      0.05     0.166  0.329333
      0.4      0.05     0.166  0.329333
      0.6      0.05     0.166  0.329333
      0.8      0.05     0.166  0.329333
      0.9      0.05     0.166  0.328667
     0.95      0.05     0.166  0.328667
     0.99      0.05     0.166  0.328667
    0.999      0.05     0.166  0.328667
   0.9999      0.05     0.166  0.328667
        0       0.1  0.166667  0.466667
      0.2       0.1     0.056 0.0561259
      0.4       0.1     0.056 0.0561102
      0.6       0.1     0.056 0.0562955
      0.8       0.1 0.0573333 0.0568014
      0.9       0.1     0.056 0.0569467
     0.95       0.1     0.056 0.0567994
     0.99       0.1 0.0566667 0.0559347
    0.999       0.1 0.0513333 0.0538074
   0.9999       0.1 0.0553333 0.0535377
        0      0.15  0.166667  0.466667
      0.2      0.15 0.0586667 0.0588196
      0.4      0.15 0.0566667 0.0571553
      0.6      0.15     0.056 0.0569166
      0.8      0.15 0.0566667 0.0571253
      0.9      0.15 0.0553333 0.0567666
     0.95      0.15 0.0546667 0.0556058
     0.99      0.15     0.054 0.0537873
    0.999      0.15 0.0513333 0.0525456
   0.9999      0.15 0.0526667 0.0529221
        0       0.2  0.166667  0.466667
      0.2       0.2      0.06 0.0605015
      0.4       0.2 0.0566667 0.0584048
      0.6       0.2 0.0533333 0.0569149
      0.8       0.2 0.0533333 0.0562478
      0.9       0.2 0.0533333  0.055032
     0.95       0.2 0.0546667 0.0538654
     0.99       0.2     0.052 0.0524106
    0.999       0.2     0.052 0.0533303
   0.9999       0.2 0.0606667 0.0575323
        0       0.3  0.166667  0.466667
      0.2       0.3 0.0606667 0.0622973
      0.4       0.3 0.0593333 0.0607495
      0.6       0.3     0.054 0.0584232
      0.8       0.3 0.0526667 0.0556691
      0.9       0.3 0.0493333 0.0535914
     0.95       0.3 0.0486667 0.0524254
     0.99       0.3 0.0493333 0.0520724
    0.999       0.3 0.0466667 0.0505415
   0.9999       0.3 0.0353333 0.0554501
        0       0.4  0.166667  0.466667
      0.2       0.4     0.058 0.0667248
      0.4       0.4 0.0573333 0.0636424
      0.6       0.4     0.054 0.0610467
      0.8       0.4 0.0473333 0.0572284
      0.9       0.4 0.0473333 0.0549682
     0.95       0.4     0.044 0.0542702
     0.99       0.4      0.04 0.0583313
    0.999       0.4      0.03 0.0818722
   0.9999       0.4 0.0293333 0.0951585
        0       0.5  0.166667  0.466667
      0.2       0.5 0.0673333 0.0779786
      0.4       0.5 0.0573333 0.0724831
      0.6       0.5 0.0546667 0.0689524
      0.8       0.5 0.0453333 0.0665675
      0.9       0.5 0.0406667 0.0678467
     0.95       0.5 0.0366667 0.0725072
     0.99       0.5     0.028 0.0921292
    0.999       0.5 0.0306667   0.11345
   0.9999       0.5     0.074   0.12438
        0       0.6  0.166667  0.466667
      0.2       0.6 0.0726667 0.0927625
      0.4       0.6 0.0613333 0.0883789
      0.6       0.6     0.056 0.0862687
      0.8       0.6     0.048 0.0887836
      0.9       0.6     0.042 0.0965484
     0.95       0.6     0.036  0.107705
     0.99       0.6 0.0313333  0.135134
    0.999       0.6     0.062  0.155656
   0.9999       0.6     0.152  0.200902
        0       0.7  0.166667  0.466667
      0.2       0.7     0.076   0.11258
      0.4       0.7     0.066  0.111031
      0.6       0.7     0.062  0.112861
      0.8       0.7     0.054  0.122345
      0.9       0.7 0.0493333  0.136806
     0.95       0.7 0.0413333  0.152928
     0.99       0.7 0.0426667   0.18177
    0.999       0.7  0.112667  0.218269
   0.9999       0.7  0.199333  0.260535
        0       0.8  0.166667  0.466667
      0.2       0.8 0.0786667   0.13772
      0.4       0.8     0.072  0.140123
      0.6       0.8 0.0686667  0.146932
      0.8       0.8     0.062  0.163794
      0.9       0.8 0.0533333   0.18316
     0.95       0.8 0.0486667  0.200969
     0.99       0.8 0.0733333  0.231633
    0.999       0.8     0.186  0.275727
   0.9999       0.8       0.2  0.296607
        0       0.9  0.166667  0.466667
      0.2       0.9 0.0866667  0.167511
      0.4       0.9      0.08  0.174039
      0.6       0.9 0.0753333  0.185587
      0.8       0.9 0.0646667  0.207947
      0.9       0.9 0.0573333  0.229314
     0.95       0.9     0.056  0.247244
     0.99       0.9  0.110667   0.28107
    0.999       0.9  0.197333  0.316383
   0.9999       0.9       0.2  0.325833
        0         1  0.166667  0.466667
      0.2         1      0.09  0.200154
      0.4         1     0.088  0.210097
      0.6         1 0.0826667  0.225147
      0.8         1 0.0673333  0.250397
      0.9         1 0.0653333  0.272071
     0.95         1 0.0726667  0.289897
     0.99         1  0.154667  0.322766
    0.999         1       0.2  0.347192
   0.9999         1       0.2  0.351989
        0         2  0.166667  0.466667
      0.2         2  0.178667  0.405793
      0.4         2  0.166667  0.413069
      0.6         2     0.144  0.421383
      0.8         2  0.127333   0.43221
      0.9         2     0.164  0.441019
     0.95         2  0.166667  0.448888
     0.99         2  0.166667  0.461611
    0.999         2       0.2  0.466719
   0.9999         2       0.2   0.46732
        0         4  0.166667  0.466667
      0.2         4  0.217333  0.454544
      0.4         4  0.196667  0.456833
      0.6         4  0.179333  0.459869
      0.8         4  0.162667  0.465269
      0.9         4  0.166667  0.471443
     0.95         4  0.166667   0.47794
     0.99         4  0.166667    0.4887
    0.999         4       0.2  0.492767
   0.9999         4       0.2  0.493231