       0     0.05 0.488667     0.49
     0.2     0.05 0.488667     0.49
     0.4     0.05 0.488667     0.49
     0.6     0.05 0.488667     0.49
     0.8     0.05 0.488667     0.49
     0.9     0.05 0.488667     0.49
    0.95     0.05 0.488667     0.49
    0.99     0.05 0.488667     0.49
   0.999     0.05 0.488667     0.49
  0.9999     0.05 0.488667     0.49
       0      0.1 0.488667     0.49
     0.2      0.1 0.459333 0.458344
     0.4      0.1 0.469333 0.463204
     0.6      0.1 0.464667 0.466335
     0.8      0.1 0.462667 0.469418
     0.9      0.1 0.467333 0.471837
    0.95      0.1 0.471333 0.474355
    0.99      0.1    0.474 0.477442
   0.999      0.1    0.474 0.478176
  0.9999      0.1 0.478667 0.483386
       0     0.15 0.488667     0.49
     0.2     0.15 0.447333  0.44334
     0.4     0.15    0.452 0.454871
     0.6     0.15 0.458667 0.463089
     0.8     0.15 0.466667 0.470859
     0.9     0.15    0.468 0.476081
    0.95     0.15    0.474 0.480075
    0.99     0.15     0.48 0.486997
   0.999     0.15    0.488 0.492108
  0.9999     0.15    0.498 0.495221
       0      0.2 0.488667     0.49
     0.2      0.2     0.41 0.424986
     0.4      0.2 0.431333  0.44141
     0.6      0.2 0.448667 0.454554
     0.8      0.2 0.453333 0.468417
     0.9      0.2 0.462667 0.477822
    0.95      0.2     0.48 0.484363
    0.99      0.2 0.494667 0.491762
   0.999      0.2    0.492 0.491892
  0.9999      0.2     0.49 0.491548
       0      0.3 0.488667     0.49
     0.2      0.3 0.350667  0.40921
     0.4      0.3 0.361333 0.425881
     0.6      0.3 0.387333 0.442744
     0.8      0.3 0.425333 0.462201
     0.9      0.3 0.450667 0.474148
    0.95      0.3    0.482 0.481277
    0.99      0.3 0.486667  0.48977
   0.999      0.3    0.494 0.496336
  0.9999      0.3    0.498 0.498862
       0      0.4 0.488667     0.49
     0.2      0.4 0.341333 0.417326
     0.4      0.4 0.340667 0.432274
     0.6      0.4 0.340667 0.448152
     0.8      0.4 0.363333 0.466476
     0.9      0.4 0.426667 0.477647
    0.95      0.4 0.465333 0.484691
    0.99      0.4 0.487333 0.493663
   0.999      0.4 0.493333 0.498724
  0.9999      0.4 0.498667 0.499773
       0      0.5 0.488667     0.49
     0.2      0.5 0.321333 0.435327
     0.4      0.5 0.319333 0.446963
     0.6      0.5     0.32 0.459509
     0.8      0.5    0.322 0.473777
     0.9      0.5    0.332 0.482338
    0.95      0.5 0.332667 0.487741
    0.99      0.5     0.41 0.495059
   0.999      0.5 0.488667 0.499215
  0.9999      0.5 0.491333 0.499911
       0      0.6 0.488667     0.49
     0.2      0.6    0.326   0.4517
     0.4      0.6 0.323333 0.460219
     0.6      0.6 0.316667 0.469345
     0.8      0.6    0.324 0.479551
     0.9      0.6 0.333333 0.485637
    0.95      0.6 0.375333 0.489624
    0.99      0.6 0.490667 0.495727
   0.999      0.6 0.491333 0.499381
  0.9999      0.6 0.500667  0.49995
       0      0.7 0.488667     0.49
     0.2      0.7 0.325333 0.462946
     0.4      0.7 0.328667 0.469166
     0.6      0.7    0.324 0.475785
     0.8      0.7    0.336 0.483137
     0.9      0.7 0.368667 0.487587
    0.95      0.7 0.446667 0.490689
    0.99      0.7 0.491333 0.496071
   0.999      0.7 0.491333 0.499451
  0.9999      0.7 0.501333 0.499963
       0      0.8 0.488667     0.49
     0.2      0.8    0.332 0.470226
     0.4      0.8 0.332667 0.474887
     0.6      0.8 0.337333  0.47983
     0.8      0.8 0.356667 0.485324
     0.9      0.8     0.41 0.488747
    0.95      0.8    0.478 0.491311
    0.99      0.8 0.491333 0.496262
   0.999      0.8 0.491333 0.499485
  0.9999      0.8 0.501333 0.499967
       0      0.9 0.488667     0.49
     0.2      0.9    0.338 0.475017
     0.4      0.9    0.336 0.478623
     0.6      0.9    0.342  0.48244
     0.8      0.9 0.366667  0.48671
     0.9      0.9 0.438667 0.489471
    0.95      0.9     0.49 0.491695
    0.99      0.9 0.491333 0.496375
   0.999      0.9 0.491333 0.499502
  0.9999      0.9 0.501333 0.499967
       0        1 0.488667     0.49
     0.2        1 0.343333 0.478284
     0.4        1    0.338 0.481156
     0.6        1 0.343333 0.484195
     0.8        1    0.372  0.48763
     0.9        1 0.453333 0.489947
    0.95        1     0.49 0.491945
    0.99        1 0.491333 0.496446
   0.999        1 0.491333 0.499512
  0.9999        1 0.501333 0.499966
       0        2 0.488667     0.49
     0.2        2 0.355333 0.487489
     0.4        2 0.359333 0.488203
     0.6        2    0.374 0.489001
     0.8        2 0.409333 0.490095
     0.9        2    0.486 0.491203
    0.95        2 0.491333 0.492593
    0.99        2 0.491333 0.496612
   0.999        2 0.491333 0.499525
  0.9999        2    0.492 0.499956
       0        4 0.488667     0.49
     0.2        4 0.358667 0.489436
     0.4        4    0.362 0.489671
     0.6        4 0.379333 0.489984
     0.8        4 0.418667 0.490588
     0.9        4     0.49  0.49145
    0.95        4 0.491333 0.492717
    0.99        4 0.491333 0.496638
   0.999        4 0.491333 0.499524
  0.9999        4 0.491333 0.499952