        0      0.05      0.49      0.49
      0.2      0.05     0.086  0.155863
      0.4      0.05 0.0813333  0.169345
      0.6      0.05 0.0753333  0.193837
      0.8      0.05 0.0713333  0.249709
      0.9      0.05 0.0813333  0.316288
     0.95      0.05  0.100667  0.379581
     0.99      0.05  0.195333  0.467233
    0.999      0.05  0.315333  0.496336
   0.9999      0.05       0.5  0.499628
        0       0.1      0.49      0.49
      0.2       0.1  0.128667  0.337472
      0.4       0.1     0.132  0.361362
      0.6       0.1      0.14  0.392236
      0.8       0.1     0.156  0.433901
      0.9       0.1      0.18  0.460915
     0.95       0.1     0.208  0.476921
     0.99       0.1  0.349333   0.49338
    0.999       0.1      0.49   0.49919
   0.9999       0.1       0.5  0.499917
        0      0.15      0.49      0.49
      0.2      0.15     0.176  0.427693
      0.4      0.15  0.185333  0.441122
      0.6      0.15  0.202667  0.456119
      0.8      0.15     0.222  0.472983
      0.9      0.15  0.232667  0.482516
     0.95      0.15     0.252  0.488231
     0.99      0.15      0.49  0.495744
    0.999      0.15      0.49  0.499432
   0.9999      0.15       0.5  0.499941
        0       0.2      0.49      0.49
      0.2       0.2     0.248  0.463269
      0.4       0.2  0.257333  0.469629
      0.6       0.2  0.265333  0.476324
      0.8       0.2  0.271333  0.483575
      0.9       0.2  0.275333  0.487891
     0.95       0.2  0.314667  0.490935
     0.99       0.2      0.49  0.496291
    0.999       0.2      0.49  0.499488
   0.9999       0.2  0.498667  0.499947
        0       0.3      0.49      0.49
      0.2       0.3  0.383333  0.482888
      0.4       0.3  0.393333  0.484553
      0.6       0.3  0.402667  0.486401
      0.8       0.3     0.412  0.488693
      0.9       0.3  0.382667  0.490483
     0.95       0.3  0.366667  0.492243
     0.99       0.3      0.49   0.49656
    0.999       0.3      0.49  0.499516
   0.9999       0.3      0.49   0.49995
        0       0.4      0.49      0.49
      0.2       0.4  0.460667  0.486589
      0.4       0.4  0.459333  0.487422
      0.6       0.4  0.463333    0.4884
      0.8       0.4  0.459333  0.489754
      0.9       0.4  0.402667  0.491032
     0.95       0.4     0.416  0.492521
     0.99       0.4      0.49  0.496617
    0.999       0.4      0.49  0.499523
   0.9999       0.4      0.49   0.49995
        0       0.5      0.49      0.49
      0.2       0.5  0.477333  0.487834
      0.4       0.5     0.476  0.488413
      0.6       0.5  0.477333  0.489106
      0.8       0.5  0.460667  0.490132
      0.9       0.5     0.384  0.491227
     0.95       0.5  0.464667  0.492618
     0.99       0.5      0.49  0.496635
    0.999       0.5      0.49  0.499524
   0.9999       0.5      0.49   0.49995
        0       0.6      0.49      0.49
      0.2       0.6  0.485333  0.488471
      0.4       0.6  0.484667  0.488917
      0.6       0.6     0.482  0.489462
      0.8       0.6  0.455333   0.49032
      0.9       0.6  0.368667  0.491322
     0.95       0.6     0.482  0.492663
     0.99       0.6      0.49  0.496641
    0.999       0.6      0.49  0.499525
   0.9999       0.6      0.49   0.49995
        0       0.7      0.49      0.49
      0.2       0.7  0.487333  0.488861
      0.4       0.7  0.486667  0.489224
      0.6       0.7  0.483333  0.489676
      0.8       0.7  0.451333  0.490431
      0.9       0.7  0.365333  0.491377
     0.95       0.7  0.486667  0.492689
     0.99       0.7      0.49  0.496644
    0.999       0.7      0.49  0.499525
   0.9999       0.7      0.49   0.49995
        0       0.8      0.49      0.49
      0.2       0.8  0.488667  0.489123
      0.4       0.8     0.488  0.489427
      0.6       0.8     0.484  0.489815
      0.8       0.8  0.450667  0.490503
      0.9       0.8  0.363333  0.491412
     0.95       0.8      0.49  0.492705
     0.99       0.8      0.49  0.496645
    0.999       0.8      0.49  0.499525
   0.9999       0.8      0.49   0.49995
        0       0.9      0.49      0.49
      0.2       0.9  0.488667  0.489307
      0.4       0.9  0.488667  0.489568
      0.6       0.9  0.483333  0.489913
      0.8       0.9  0.449333  0.490552
      0.9       0.9     0.364  0.491436
     0.95       0.9      0.49  0.492716
     0.99       0.9      0.49  0.496646
    0.999       0.9      0.49  0.499525
   0.9999       0.9      0.49   0.49995
        0         1      0.49      0.49
      0.2         1  0.488667  0.489442
      0.4         1  0.488667  0.489672
      0.6         1  0.483333  0.489983
      0.8         1  0.449333  0.490588
      0.9         1  0.365333  0.491453
     0.95         1      0.49  0.492723
     0.99         1      0.49  0.496646
    0.999         1      0.49  0.499524
   0.9999         1      0.49   0.49995
        0         2      0.49      0.49
      0.2         2      0.49  0.489892
      0.4         2      0.49  0.490013
      0.6         2  0.480667  0.490213
      0.8         2  0.447333  0.490702
      0.9         2  0.372667  0.491508
     0.95         2      0.49  0.492747
     0.99         2      0.49  0.496646
    0.999         2      0.49  0.499524
   0.9999         2      0.49   0.49995
        0         4      0.49      0.49
      0.2         4      0.49   0.49001
      0.4         4      0.49  0.490102
      0.6         4  0.481333  0.490272
      0.8         4  0.442667  0.490731
      0.9         4  0.376667  0.491522
     0.95         4      0.49  0.492753
     0.99         4      0.49  0.496646
    0.999         4      0.49  0.499524
   0.9999         4      0.49   0.49995