       0     0.05 0.494667     0.49
     0.2     0.05    0.466 0.471642
     0.4     0.05 0.464667 0.472801
     0.6     0.05 0.467333 0.474504
     0.8     0.05 0.464667 0.477821
     0.9     0.05 0.464667 0.481562
    0.95     0.05 0.479333 0.485535
    0.99     0.05 0.474667 0.493983
   0.999     0.05 0.481333 0.499236
  0.9999     0.05 0.504667 0.500016
       0      0.1 0.494667     0.49
     0.2      0.1 0.465333 0.477961
     0.4      0.1 0.463333 0.479387
     0.6      0.1    0.466 0.481327
     0.8      0.1 0.470667  0.48449
     0.9      0.1 0.478667 0.487465
    0.95      0.1    0.482 0.490276
    0.99      0.1    0.478 0.495974
   0.999      0.1 0.494667 0.499496
  0.9999      0.1 0.504667 0.500009
       0     0.15 0.494667     0.49
     0.2     0.15    0.472 0.482419
     0.4     0.15 0.470667 0.483535
     0.6     0.15 0.470667 0.485038
     0.8     0.15    0.478  0.48739
     0.9     0.15 0.482667 0.489515
    0.95     0.15 0.478667 0.491578
    0.99     0.15 0.479333 0.496288
   0.999     0.15 0.494667  0.49949
  0.9999     0.15 0.496667 0.499966
       0      0.2 0.494667     0.49
     0.2      0.2 0.467333 0.485051
     0.4      0.2     0.47 0.485932
     0.6      0.2 0.481333 0.487078
     0.8      0.2 0.480667 0.488804
     0.9      0.2 0.481333 0.490391
    0.95      0.2     0.48 0.492067
    0.99      0.2 0.479333 0.496372
   0.999      0.2    0.482 0.499473
  0.9999      0.2 0.485333 0.499939
       0      0.3 0.494667     0.49
     0.2      0.3 0.479333 0.487821
     0.4      0.3     0.48 0.488326
     0.6      0.3 0.478667 0.488967
     0.8      0.3 0.476667 0.489972
     0.9      0.3    0.478 0.491057
    0.95      0.3    0.488 0.492426
    0.99      0.3 0.481333 0.496447
   0.999      0.3 0.485333 0.499466
  0.9999      0.3 0.491333 0.499922
       0      0.4 0.494667     0.49
     0.2      0.4 0.475333 0.488977
     0.4      0.4 0.474667 0.489273
     0.6      0.4    0.478 0.489668
     0.8      0.4     0.48 0.490375
     0.9      0.4 0.484667 0.491287
    0.95      0.4 0.480667 0.492567
    0.99      0.4 0.485333 0.496509
   0.999      0.4 0.485333 0.499478
  0.9999      0.4 0.487333 0.499925
       0      0.5 0.494667     0.49
     0.2      0.5 0.474667 0.489445
     0.4      0.5    0.478 0.489651
     0.6      0.5 0.479333 0.489944
     0.8      0.5    0.486 0.490535
     0.9      0.5    0.488 0.491385
    0.95      0.5 0.489333 0.492636
    0.99      0.5 0.485333 0.496552
   0.999      0.5 0.485333  0.49949
  0.9999      0.5 0.485333  0.49993
       0      0.6 0.494667     0.49
     0.2      0.6    0.476  0.48966
     0.4      0.6 0.479333 0.489824
     0.6      0.6 0.481333  0.49007
     0.8      0.6 0.491333 0.490609
     0.9      0.6 0.488667 0.491433
    0.95      0.6    0.484 0.492673
    0.99      0.6 0.485333 0.496579
   0.999      0.6 0.485333 0.499499
  0.9999      0.6 0.485333 0.499935
       0      0.7 0.494667     0.49
     0.2      0.7 0.477333 0.489775
     0.4      0.7 0.478667 0.489916
     0.6      0.7 0.481333 0.490137
     0.8      0.7 0.489333 0.490648
     0.9      0.7    0.482  0.49146
    0.95      0.7 0.481333 0.492696
    0.99      0.7 0.485333 0.496597
   0.999      0.7 0.485333 0.499505
  0.9999      0.7 0.485333 0.499938
       0      0.8 0.494667     0.49
     0.2      0.8 0.478667 0.489845
     0.4      0.8    0.478 0.489971
     0.6      0.8 0.485333 0.490177
     0.8      0.8 0.488667 0.490672
     0.9      0.8    0.488 0.491476
    0.95      0.8 0.489333  0.49271
    0.99      0.8 0.485333 0.496609
   0.999      0.8 0.485333 0.499509
  0.9999      0.8 0.485333 0.499941
       0      0.9 0.494667     0.49
     0.2      0.9    0.478  0.48989
     0.4      0.9 0.479333 0.490007
     0.6      0.9 0.485333 0.490203
     0.8      0.9 0.487333 0.490688
     0.9      0.9 0.492667 0.491487
    0.95      0.9    0.488  0.49272
    0.99      0.9 0.485333 0.496617
   0.999      0.9 0.485333 0.499512
  0.9999      0.9 0.485333 0.499943
       0        1 0.494667     0.49
     0.2        1 0.479333 0.489922
     0.4        1 0.479333 0.490032
     0.6        1 0.485333 0.490221
     0.8        1    0.488 0.490699
     0.9        1 0.493333 0.491495
    0.95        1 0.486667 0.492727
    0.99        1 0.485333 0.496622
   0.999        1 0.485333 0.499514
  0.9999        1 0.485333 0.499944
       0        2 0.494667     0.49
     0.2        2 0.480667 0.490019
     0.4        2 0.482667 0.490108
     0.6        2 0.488667 0.490274
     0.8        2 0.489333 0.490731
     0.9        2 0.489333 0.491519
    0.95        2    0.488 0.492748
    0.99        2 0.485333  0.49664
   0.999        2 0.485333 0.499521
  0.9999        2 0.485333 0.499949
       0        4 0.494667     0.49
     0.2        4 0.481333 0.490042
     0.4        4    0.486 0.490126
     0.6        4 0.488667 0.490287
     0.8        4    0.488 0.490739
     0.9        4    0.488 0.491524
    0.95        4 0.487333 0.492753
    0.99        4 0.485333 0.496644
   0.999        4 0.485333 0.499523
  0.9999        4 0.485333  0.49995