       0     0.05 0.495333 0.496667
     0.2     0.05 0.495333 0.496667
     0.4     0.05 0.495333 0.496667
     0.6     0.05 0.495333 0.496667
     0.8     0.05 0.495333 0.496667
     0.9     0.05 0.495333 0.496667
    0.95     0.05 0.495333 0.496667
    0.99     0.05 0.495333 0.496667
   0.999     0.05 0.495333 0.496667
  0.9999     0.05 0.495333 0.496667
       0      0.1 0.495333 0.496667
     0.2      0.1 0.504667 0.504501
     0.4      0.1 0.508667 0.508064
     0.6      0.1 0.510667 0.509726
     0.8      0.1     0.51 0.510005
     0.9      0.1    0.508 0.508851
    0.95      0.1 0.504667 0.507051
    0.99      0.1    0.504 0.503465
   0.999      0.1 0.497333 0.494758
  0.9999      0.1    0.488 0.489665
       0     0.15 0.495333 0.496667
     0.2     0.15 0.494667 0.491274
     0.4     0.15 0.501333  0.49763
     0.6     0.15 0.503333 0.501162
     0.8     0.15    0.506  0.50189
     0.9     0.15    0.502 0.499548
    0.95     0.15 0.503333 0.496712
    0.99     0.15 0.499333 0.492881
   0.999     0.15    0.492 0.495773
  0.9999     0.15 0.499333 0.499449
       0      0.2 0.495333 0.496667
     0.2      0.2     0.48 0.473521
     0.4      0.2    0.486 0.482555
     0.6      0.2 0.490667 0.487869
     0.8      0.2 0.495333 0.491138
     0.9      0.2    0.498 0.492517
    0.95      0.2 0.497333 0.494085
    0.99      0.2 0.497333 0.498547
   0.999      0.2 0.496667 0.499235
  0.9999      0.2 0.499333 0.499165
       0      0.3 0.495333 0.496667
     0.2      0.3 0.435333 0.440818
     0.4      0.3 0.446667 0.452984
     0.6      0.3 0.462667 0.464273
     0.8      0.3 0.489333 0.476713
     0.9      0.3    0.494 0.484682
    0.95      0.3      0.5 0.489993
    0.99      0.3 0.498667 0.496435
   0.999      0.3      0.5 0.499517
  0.9999      0.3 0.501333 0.500504
       0      0.4 0.495333 0.496667
     0.2      0.4 0.406667 0.433725
     0.4      0.4 0.418667 0.446271
     0.6      0.4     0.45 0.459444
     0.8      0.4    0.478  0.47508
     0.9      0.4 0.495333  0.48477
    0.95      0.4 0.496667 0.490649
    0.99      0.4 0.498667 0.496975
   0.999      0.4      0.5 0.499748
  0.9999      0.4 0.501333 0.500368
       0      0.5 0.495333 0.496667
     0.2      0.5    0.398 0.444736
     0.4      0.5    0.408 0.455219
     0.6      0.5    0.436 0.466679
     0.8      0.5    0.478  0.48003
     0.9      0.5 0.496667 0.487969
    0.95      0.5    0.498 0.492577
    0.99      0.5    0.498 0.497422
   0.999      0.5      0.5 0.499781
  0.9999      0.5 0.501333 0.500253
       0      0.6 0.495333 0.496667
     0.2      0.6 0.398667 0.457531
     0.4      0.6 0.414667 0.465857
     0.6      0.6 0.432667 0.474911
     0.8      0.6    0.484 0.485109
     0.9      0.6    0.498 0.490898
    0.95      0.6    0.498 0.494156
    0.99      0.6    0.498 0.497722
   0.999      0.6      0.5 0.499775
  0.9999      0.6 0.501333 0.500185
       0      0.7 0.495333 0.496667
     0.2      0.7 0.404667 0.467576
     0.4      0.7 0.414667 0.474042
     0.6      0.7    0.432 0.480976
     0.8      0.7    0.486  0.48857
     0.9      0.7 0.497333 0.492759
    0.95      0.7    0.498 0.495101
    0.99      0.7    0.498  0.49787
   0.999      0.7      0.5 0.499751
  0.9999      0.7 0.501333 0.500136
       0      0.8 0.495333 0.496667
     0.2      0.8 0.411333 0.474666
     0.4      0.8     0.42 0.479706
     0.6      0.8 0.432667 0.485045
     0.8      0.8 0.490667 0.490784
     0.9      0.8    0.498 0.493904
    0.95      0.8    0.498 0.495664
    0.99      0.8    0.498 0.497941
   0.999      0.8    0.498 0.499725
  0.9999      0.8 0.501333   0.5001
       0      0.9 0.495333 0.496667
     0.2      0.9    0.418 0.479595
     0.4      0.9 0.422667 0.483589
     0.6      0.9 0.431333  0.48778
     0.8      0.9 0.490667 0.492231
     0.9      0.9    0.498 0.494638
    0.95      0.9    0.498 0.496018
    0.99      0.9    0.498 0.497976
   0.999      0.9    0.498 0.499701
  0.9999      0.9 0.501333 0.500073
       0        1 0.495333 0.496667
     0.2        1 0.424667 0.483082
     0.4        1 0.423333  0.48631
     0.6        1 0.432667 0.489671
     0.8        1    0.492 0.493214
     0.9        1    0.498  0.49513
    0.95        1    0.498 0.496252
    0.99        1    0.498 0.497994
   0.999        1    0.498 0.499682
  0.9999        1 0.501333 0.500052
       0        2 0.495333 0.496667
     0.2        2    0.418 0.493543
     0.4        2    0.428  0.49433
     0.6        2    0.444 0.495133
     0.8        2    0.496 0.495981
     0.9        2    0.498 0.496486
    0.95        2    0.498 0.496878
    0.99        2    0.498 0.498005
   0.999        2    0.498   0.4996
  0.9999        2 0.501333 0.499978
       0        4 0.495333 0.496667
     0.2        4 0.418667  0.49591
     0.4        4     0.43 0.496111
     0.6        4 0.445333 0.496321
     0.8        4    0.496 0.496568
     0.9        4    0.498 0.496767
    0.95        4    0.498 0.497003
    0.99        4    0.498 0.497997
   0.999        4    0.498 0.499574
  0.9999        4    0.498 0.499958