       0     0.05 0.196667 0.496667
     0.2     0.05 0.196667 0.377333
     0.4     0.05 0.196667 0.377333
     0.6     0.05 0.196667 0.377333
     0.8     0.05 0.196667 0.377333
     0.9     0.05 0.196667 0.377333
    0.95     0.05 0.196667 0.377333
    0.99     0.05 0.196667 0.377333
   0.999     0.05 0.196667 0.377333
  0.9999     0.05 0.196667 0.377333
       0      0.1 0.196667 0.496667
     0.2      0.1 0.173333  0.17189
     0.4      0.1    0.166 0.160386
     0.6      0.1 0.145333 0.149147
     0.8      0.1 0.147333 0.147231
     0.9      0.1 0.147333 0.147643
    0.95      0.1 0.148667  0.14788
    0.99      0.1    0.148 0.147983
   0.999      0.1 0.147333 0.146973
  0.9999      0.1    0.146 0.145865
       0     0.15 0.196667 0.496667
     0.2     0.15    0.178 0.179389
     0.4     0.15    0.174 0.172596
     0.6     0.15 0.165333 0.160429
     0.8     0.15 0.147333 0.149177
     0.9     0.15 0.147333 0.147848
    0.95     0.15    0.148 0.147517
    0.99     0.15 0.147333 0.146674
   0.999     0.15 0.135333 0.139588
  0.9999     0.15    0.134 0.134005
       0      0.2 0.196667 0.496667
     0.2      0.2    0.196 0.198332
     0.4      0.2    0.174 0.181741
     0.6      0.2    0.174  0.16964
     0.8      0.2 0.149333 0.153268
     0.9      0.2    0.146 0.148417
    0.95      0.2 0.146667 0.146448
    0.99      0.2 0.135333 0.137036
   0.999      0.2 0.131333 0.130661
  0.9999      0.2 0.127333 0.127312
       0      0.3 0.196667 0.496667
     0.2      0.3    0.232  0.22728
     0.4      0.3    0.212 0.209628
     0.6      0.3 0.176667 0.186555
     0.8      0.3    0.148 0.159921
     0.9      0.3 0.132667 0.144983
    0.95      0.3 0.130667 0.137569
    0.99      0.3 0.126667 0.128986
   0.999      0.3 0.119333 0.119968
  0.9999      0.3 0.113333 0.114779
       0      0.4 0.196667 0.496667
     0.2      0.4     0.25 0.249958
     0.4      0.4 0.234667 0.232665
     0.6      0.4 0.206667 0.209091
     0.8      0.4    0.166 0.176924
     0.9      0.4    0.138 0.156516
    0.95      0.4 0.132667 0.145136
    0.99      0.4    0.124 0.132805
   0.999      0.4    0.112 0.129918
  0.9999      0.4 0.112667 0.132146
       0      0.5 0.196667 0.496667
     0.2      0.5    0.268 0.271607
     0.4      0.5 0.245333 0.253858
     0.6      0.5 0.220667 0.232508
     0.8      0.5 0.181333 0.201584
     0.9      0.5 0.137333 0.179057
    0.95      0.5 0.130667 0.165796
    0.99      0.5 0.118667 0.155097
   0.999      0.5 0.111333 0.153135
  0.9999      0.5 0.112667 0.146236
       0      0.6 0.196667 0.496667
     0.2      0.6 0.287333 0.293797
     0.4      0.6 0.264667 0.276068
     0.6      0.6 0.231333 0.255479
     0.8      0.6 0.187333 0.227118
     0.9      0.6 0.148667 0.208209
    0.95      0.6 0.136667 0.197514
    0.99      0.6 0.115333  0.18591
   0.999      0.6 0.112667 0.171295
  0.9999      0.6 0.134667 0.193177
       0      0.7 0.196667 0.496667
     0.2      0.7     0.31 0.312771
     0.4      0.7 0.288667 0.295995
     0.6      0.7    0.252 0.276702
     0.8      0.7 0.201333 0.251838
     0.9      0.7 0.154667 0.236143
    0.95      0.7    0.138 0.225793
    0.99      0.7 0.111333 0.206901
   0.999      0.7 0.124667 0.210341
  0.9999      0.7 0.199333 0.243962
       0      0.8 0.196667 0.496667
     0.2      0.8 0.324667 0.327715
     0.4      0.8     0.31 0.313163
     0.6      0.8    0.276  0.29623
     0.8      0.8 0.213333 0.274391
     0.9      0.8 0.149333 0.259175
    0.95      0.8     0.13 0.247597
    0.99      0.8 0.114667 0.234922
   0.999      0.8 0.174667 0.258528
  0.9999      0.8      0.2 0.277804
       0      0.9 0.196667 0.496667
     0.2      0.9    0.332  0.34049
     0.4      0.9 0.316667 0.328595
     0.6      0.9    0.296 0.314427
     0.8      0.9    0.214 0.295537
     0.9      0.9 0.141333  0.28188
    0.95      0.9    0.124 0.273116
    0.99      0.9 0.129333 0.274827
   0.999      0.9 0.196667 0.299407
  0.9999      0.9      0.2 0.307748
       0        1 0.196667 0.496667
     0.2        1 0.335333 0.352475
     0.4        1    0.316 0.343259
     0.6        1 0.297333 0.332159
     0.8        1 0.197333 0.317478
     0.9        1 0.137333 0.308344
    0.95        1 0.124667 0.305461
    0.99        1    0.154 0.317177
   0.999        1    0.198 0.334301
  0.9999        1      0.2 0.338118
       0        2 0.196667 0.496667
     0.2        2    0.318 0.444385
     0.4        2 0.297333 0.448457
     0.6        2     0.26 0.453846
     0.8        2 0.155333 0.461265
     0.9        2 0.139333  0.46615
    0.95        2 0.187333 0.469091
    0.99        2 0.196667 0.472433
   0.999        2 0.196667 0.474609
  0.9999        2      0.2 0.475083
       0        4 0.196667 0.496667
     0.2        4 0.299333 0.484105
     0.4        4 0.287333 0.486056
     0.6        4 0.252667 0.488135
     0.8        4 0.176667 0.490379
     0.9        4 0.147333  0.49163
    0.95        4 0.195333 0.492404
    0.99        4 0.196667 0.493834
   0.999        4 0.196667 0.495514
  0.9999        4 0.196667 0.495909