        0      0.05     0.456  0.466667
      0.2      0.05  0.451333  0.461667
      0.4      0.05  0.451333  0.461667
      0.6      0.05  0.451333  0.461667
      0.8      0.05  0.451333  0.461667
      0.9      0.05  0.451333  0.461667
     0.95      0.05  0.451333  0.461667
     0.99      0.05  0.451333  0.461667
    0.999      0.05  0.451333  0.461667
   0.9999      0.05  0.451333  0.461667
        0       0.1     0.456  0.466667
      0.2       0.1 0.0366667 0.0377258
      0.4       0.1     0.038 0.0409148
      0.6       0.1 0.0393333 0.0441639
      0.8       0.1      0.04 0.0471437
      0.9       0.1     0.042 0.0487451
     0.95       0.1     0.042 0.0495215
     0.99       0.1 0.0413333 0.0498973
    0.999       0.1     0.052 0.0496687
   0.9999       0.1 0.0526667 0.0510417
        0      0.15     0.456  0.466667
      0.2      0.15 0.0353333 0.0361893
      0.4      0.15 0.0333333 0.0385847
      0.6      0.15     0.036 0.0417397
      0.8      0.15 0.0406667 0.0459928
      0.9      0.15 0.0413333 0.0482637
     0.95      0.15 0.0386667 0.0495442
     0.99      0.15     0.052 0.0518211
    0.999      0.15 0.0533333 0.0538702
   0.9999      0.15 0.0566667 0.0568211
        0       0.2     0.456  0.466667
      0.2       0.2 0.0306667 0.0348822
      0.4       0.2 0.0313333 0.0378602
      0.6       0.2 0.0313333 0.0408773
      0.8       0.2 0.0333333 0.0452683
      0.9       0.2 0.0373333 0.0484802
     0.95       0.2 0.0486667 0.0508939
     0.99       0.2 0.0506667 0.0555209
    0.999       0.2 0.0513333 0.0654149
   0.9999       0.2     0.068 0.0774891
        0       0.3     0.456  0.466667
      0.2       0.3 0.0286667 0.0373822
      0.4       0.3 0.0286667 0.0394364
      0.6       0.3     0.028 0.0431433
      0.8       0.3 0.0293333 0.0497692
      0.9       0.3 0.0306667 0.0568958
     0.95       0.3     0.032 0.0647797
     0.99       0.3 0.0453333 0.0879862
    0.999       0.3      0.08   0.16018
   0.9999       0.3 0.0986667  0.314569
        0       0.4     0.456  0.466667
      0.2       0.4 0.0293333 0.0490324
      0.4       0.4     0.026 0.0510579
      0.6       0.4     0.026 0.0561029
      0.8       0.4     0.026  0.068548
      0.9       0.4 0.0293333 0.0861883
     0.95       0.4 0.0306667  0.111372
     0.99       0.4     0.044  0.215781
    0.999       0.4 0.0713333  0.419328
   0.9999       0.4  0.489333  0.489332
        0       0.5     0.456  0.466667
      0.2       0.5 0.0306667 0.0741205
      0.4       0.5     0.028 0.0810531
      0.6       0.5 0.0266667 0.0941258
      0.8       0.5 0.0273333   0.12641
      0.9       0.5 0.0293333  0.173566
     0.95       0.5 0.0306667  0.235991
     0.99       0.5      0.04  0.392271
    0.999       0.5  0.416667  0.485371
   0.9999       0.5  0.489333  0.498054
        0       0.6     0.456  0.466667
      0.2       0.6 0.0333333  0.116781
      0.4       0.6 0.0313333   0.13319
      0.6       0.6     0.028  0.161017
      0.8       0.6 0.0273333   0.22101
      0.9       0.6     0.026  0.291264
     0.95       0.6 0.0293333  0.359695
     0.99       0.6 0.0726667  0.460341
    0.999       0.6  0.486667  0.495246
   0.9999       0.6  0.489333   0.49915
        0       0.7     0.456  0.466667
      0.2       0.7 0.0346667  0.173159
      0.4       0.7 0.0333333  0.198007
      0.6       0.7     0.032   0.23658
      0.8       0.7 0.0293333  0.306754
      0.9       0.7 0.0293333  0.371468
     0.95       0.7 0.0386667  0.421611
     0.99       0.7     0.234  0.480165
    0.999       0.7  0.487333  0.497568
   0.9999       0.7  0.489333  0.499443
        0       0.8     0.456  0.466667
      0.2       0.8     0.034  0.232772
      0.4       0.8     0.034  0.261325
      0.6       0.8 0.0326667  0.301871
      0.8       0.8 0.0333333  0.365576
      0.9       0.8      0.04  0.415395
     0.95       0.8 0.0506667   0.44986
     0.99       0.8       0.4  0.487451
    0.999       0.8  0.487333  0.498394
   0.9999       0.8  0.489333  0.499573
        0       0.9     0.456  0.466667
      0.2       0.9 0.0366667   0.28556
      0.4       0.9 0.0373333  0.313424
      0.6       0.9 0.0346667  0.350153
      0.8       0.9 0.0366667  0.402143
      0.9       0.9 0.0426667  0.439169
     0.95       0.9  0.100667   0.46379
     0.99       0.9  0.440667  0.490746
    0.999       0.9  0.485333  0.498778
   0.9999       0.9  0.489333   0.49965
        0         1     0.456  0.466667
      0.2         1 0.0426667  0.327062
      0.4         1     0.042  0.351994
      0.6         1 0.0393333  0.383105
      0.8         1      0.04  0.424327
      0.9         1 0.0606667   0.45246
     0.95         1      0.15  0.471213
     0.99         1     0.452  0.492448
    0.999         1     0.484  0.498987
   0.9999         1  0.489333  0.499703
        0         2     0.456  0.466667
      0.2         2     0.066  0.442137
      0.4         2 0.0666667   0.44888
      0.6         2 0.0706667   0.45662
      0.8         2     0.098  0.467038
      0.9         2     0.194   0.47587
     0.95         2  0.362667   0.48369
     0.99         2     0.456  0.495282
    0.999         2     0.456  0.499419
   0.9999         2  0.489333  0.499885
        0         4     0.456  0.466667
      0.2         4     0.078  0.461558
      0.4         4 0.0793333  0.463821
      0.6         4 0.0826667  0.466843
      0.8         4     0.126  0.472268
      0.9         4  0.236667  0.478485
     0.95         4      0.41  0.484978
     0.99         4     0.456  0.495555
    0.999         4     0.456  0.499487
   0.9999         4  0.482667  0.499933