        0      0.05  0.166667  0.466667
      0.2      0.05  0.166667  0.325333
      0.4      0.05  0.166667  0.325333
      0.6      0.05  0.166667  0.325333
      0.8      0.05  0.166667  0.325333
      0.9      0.05  0.166667  0.325333
     0.95      0.05  0.166667  0.325333
     0.99      0.05  0.166667  0.325333
    0.999      0.05  0.166667  0.324667
   0.9999      0.05  0.166667  0.324667
        0       0.1  0.166667  0.466667
      0.2       0.1 0.0646667 0.0679964
      0.4       0.1 0.0653333 0.0754623
      0.6       0.1 0.0866667 0.0813443
      0.8       0.1 0.0873333 0.0850324
      0.9       0.1     0.088 0.0869296
     0.95       0.1 0.0886667 0.0882518
     0.99       0.1 0.0893333 0.0900269
    0.999       0.1 0.0946667 0.0937112
   0.9999       0.1 0.0953333 0.0957667
        0      0.15  0.166667  0.466667
      0.2      0.15 0.0666667 0.0675587
      0.4      0.15 0.0646667  0.070934
      0.6      0.15 0.0833333 0.0770187
      0.8      0.15     0.086 0.0831905
      0.9      0.15 0.0886667 0.0867758
     0.95      0.15      0.09 0.0893143
     0.99      0.15     0.094 0.0936051
    0.999      0.15 0.0993333 0.0974371
   0.9999      0.15     0.102  0.100342
        0       0.2  0.166667  0.466667
      0.2       0.2     0.066 0.0672746
      0.4       0.2     0.064 0.0697305
      0.6       0.2     0.076 0.0740078
      0.8       0.2     0.084 0.0806807
      0.9       0.2 0.0853333 0.0856604
     0.95       0.2     0.094 0.0894773
     0.99       0.2 0.0966667 0.0951795
    0.999       0.2 0.0973333 0.0994086
   0.9999       0.2 0.0993333  0.103997
        0       0.3  0.166667  0.466667
      0.2       0.3 0.0646667 0.0672796
      0.4       0.3     0.064 0.0682039
      0.6       0.3 0.0626667 0.0709795
      0.8       0.3 0.0746667 0.0765059
      0.9       0.3 0.0773333 0.0822295
     0.95       0.3 0.0813333 0.0871688
     0.99       0.3     0.088 0.0949647
    0.999       0.3     0.108   0.10435
   0.9999       0.3     0.106  0.104147
        0       0.4  0.166667  0.466667
      0.2       0.4     0.064 0.0726714
      0.4       0.4 0.0613333 0.0704719
      0.6       0.4 0.0606667 0.0699759
      0.8       0.4     0.062 0.0714125
      0.9       0.4 0.0673333 0.0741378
     0.95       0.4 0.0686667  0.077765
     0.99       0.4 0.0613333 0.0890623
    0.999       0.4 0.0306667  0.102235
   0.9999       0.4 0.0313333  0.100251
        0       0.5  0.166667  0.466667
      0.2       0.5 0.0686667 0.0840831
      0.4       0.5 0.0626667  0.079886
      0.6       0.5 0.0573333 0.0775843
      0.8       0.5 0.0573333 0.0774921
      0.9       0.5      0.05 0.0812315
     0.95       0.5 0.0413333 0.0882585
     0.99       0.5 0.0273333  0.108023
    0.999       0.5 0.0346667  0.118409
   0.9999       0.5 0.0833333   0.12661
        0       0.6  0.166667  0.466667
      0.2       0.6     0.074  0.101741
      0.4       0.6 0.0666667 0.0971655
      0.6       0.6     0.058 0.0962269
      0.8       0.6     0.048  0.100732
      0.9       0.6     0.036  0.110362
     0.95       0.6 0.0313333  0.122409
     0.99       0.6 0.0326667  0.145572
    0.999       0.6      0.07  0.157461
   0.9999       0.6  0.161333  0.201495
        0       0.7  0.166667  0.466667
      0.2       0.7 0.0793333  0.126111
      0.4       0.7     0.068  0.123911
      0.6       0.7 0.0593333  0.126527
      0.8       0.7     0.046  0.137799
      0.9       0.7 0.0353333  0.152985
     0.95       0.7     0.036  0.168033
     0.99       0.7 0.0386667  0.189261
    0.999       0.7  0.120667   0.21914
   0.9999       0.7       0.2  0.257514
        0       0.8  0.166667  0.466667
      0.2       0.8 0.0873333  0.155245
      0.4       0.8     0.076   0.15737
      0.6       0.8 0.0653333  0.164843
      0.8       0.8 0.0466667  0.182486
      0.9       0.8 0.0413333  0.200662
     0.95       0.8      0.04   0.21538
     0.99       0.8 0.0726667  0.237286
    0.999       0.8  0.195333  0.275834
   0.9999       0.8       0.2  0.293225
        0       0.9  0.166667  0.466667
      0.2       0.9     0.096  0.187824
      0.4       0.9     0.088  0.194313
      0.6       0.9 0.0726667  0.206053
      0.8       0.9     0.054  0.227358
      0.9       0.9 0.0473333  0.245611
     0.95       0.9 0.0473333  0.259387
     0.99       0.9     0.118  0.285594
    0.999       0.9       0.2  0.315752
   0.9999       0.9       0.2  0.323034
        0         1  0.166667  0.466667
      0.2         1     0.106  0.221757
      0.4         1 0.0993333  0.231424
      0.6         1 0.0926667  0.245715
      0.8         1      0.06   0.26805
      0.9         1     0.048  0.285569
     0.95         1 0.0713333  0.299289
     0.99         1  0.160667  0.325976
    0.999         1       0.2  0.346021
   0.9999         1       0.2  0.349555
        0         2  0.166667  0.466667
      0.2         2     0.204  0.409451
      0.4         2  0.190667  0.415529
      0.6         2  0.163333  0.422548
      0.8         2     0.138  0.432049
      0.9         2  0.166667  0.440243
     0.95         2  0.166667  0.447757
     0.99         2  0.166667  0.459689
    0.999         2       0.2  0.464283
   0.9999         2       0.2  0.464814
        0         4  0.166667  0.466667
      0.2         4     0.218  0.454192
      0.4         4  0.204667  0.456366
      0.6         4  0.183333  0.459306
      0.8         4  0.170667  0.464649
      0.9         4  0.166667  0.470821
     0.95         4  0.166667  0.477298
     0.99         4  0.166667  0.487908
    0.999         4       0.2  0.491873
   0.9999         4       0.2  0.492324