        0      0.05  0.196667  0.496667
      0.2      0.05  0.196667  0.394333
      0.4      0.05  0.196667  0.393333
      0.6      0.05  0.196667  0.392333
      0.8      0.05  0.196667  0.391667
      0.9      0.05  0.196667  0.391667
     0.95      0.05  0.196667  0.391667
     0.99      0.05  0.196667     0.391
    0.999      0.05  0.196667  0.390333
   0.9999      0.05  0.196667     0.389
        0       0.1  0.196667  0.496667
      0.2       0.1  0.238667  0.239152
      0.4       0.1  0.237333  0.237247
      0.6       0.1  0.237333  0.236429
      0.8       0.1  0.236667   0.23668
      0.9       0.1     0.236  0.236672
     0.95       0.1  0.236667  0.236632
     0.99       0.1     0.238  0.236511
    0.999       0.1  0.235333  0.232512
   0.9999       0.1      0.23  0.228122
        0      0.15  0.196667  0.496667
      0.2      0.15  0.239333  0.238267
      0.4      0.15  0.239333  0.238301
      0.6      0.15  0.236667  0.237316
      0.8      0.15     0.238  0.237008
      0.9      0.15     0.238  0.236468
     0.95      0.15     0.236  0.234492
     0.99      0.15     0.228   0.22808
    0.999      0.15  0.222667  0.224218
   0.9999      0.15     0.224  0.224335
        0       0.2  0.196667  0.496667
      0.2       0.2     0.236  0.236442
      0.4       0.2     0.236  0.237788
      0.6       0.2      0.24   0.23798
      0.8       0.2     0.238  0.237304
      0.9       0.2     0.236  0.234872
     0.95       0.2  0.230667  0.232264
     0.99       0.2     0.228  0.229981
    0.999       0.2  0.231333  0.233371
   0.9999       0.2     0.234  0.239725
        0       0.3  0.196667  0.496667
      0.2       0.3  0.247333  0.245918
      0.4       0.3      0.23  0.240587
      0.6       0.3  0.236667  0.238931
      0.8       0.3      0.24  0.239613
      0.9       0.3  0.239333  0.241127
     0.95       0.3  0.241333  0.243454
     0.99       0.3  0.250667  0.249675
    0.999       0.3  0.239333  0.257568
   0.9999       0.3  0.224667  0.236726
        0       0.4  0.196667  0.496667
      0.2       0.4  0.259333   0.26137
      0.4       0.4  0.250667  0.251779
      0.6       0.4  0.239333  0.247042
      0.8       0.4      0.24  0.246549
      0.9       0.4  0.244667  0.250172
     0.95       0.4  0.255333  0.256357
     0.99       0.4  0.300667  0.269764
    0.999       0.4     0.312  0.239316
   0.9999       0.4 0.0986667  0.156397
        0       0.5  0.196667  0.496667
      0.2       0.5  0.274667   0.27705
      0.4       0.5  0.260667  0.265887
      0.6       0.5  0.253333  0.258899
      0.8       0.5     0.246  0.256975
      0.9       0.5     0.262  0.260662
     0.95       0.5  0.291333  0.265306
     0.99       0.5  0.299333  0.260694
    0.999       0.5 0.0926667  0.191469
   0.9999       0.5  0.113333  0.159654
        0       0.6  0.196667  0.496667
      0.2       0.6  0.280667  0.292327
      0.4       0.6     0.274  0.280698
      0.6       0.6  0.264667   0.27315
      0.8       0.6  0.264667  0.270007
      0.9       0.6  0.284667   0.27143
     0.95       0.6  0.294667  0.272215
     0.99       0.6  0.221333  0.253316
    0.999       0.6  0.109333  0.199643
   0.9999       0.6  0.191333  0.218327
        0       0.7  0.196667  0.496667
      0.2       0.7  0.290667  0.306292
      0.4       0.7  0.276667  0.296544
      0.6       0.7  0.273333  0.290303
      0.8       0.7      0.28  0.288375
      0.9       0.7  0.289333  0.289938
     0.95       0.7  0.285333  0.289574
     0.99       0.7     0.092  0.268359
    0.999       0.7  0.141333  0.254943
   0.9999       0.7  0.199333   0.27537
        0       0.8  0.196667  0.496667
      0.2       0.8     0.288  0.317079
      0.4       0.8     0.284  0.311718
      0.6       0.8     0.278  0.309279
      0.8       0.8      0.28  0.311678
      0.9       0.8  0.287333  0.315559
     0.95       0.8  0.273333  0.316021
     0.99       0.8  0.109333  0.305999
    0.999       0.8     0.192  0.315544
   0.9999       0.8  0.199333  0.325301
        0       0.9  0.196667  0.496667
      0.2       0.9  0.286667  0.326712
      0.4       0.9  0.280667  0.326517
      0.6       0.9  0.281333  0.329232
      0.8       0.9     0.282  0.337358
      0.9       0.9  0.275333   0.34441
     0.95       0.9  0.205333  0.347717
     0.99       0.9  0.130667  0.351583
    0.999       0.9  0.196667  0.364466
   0.9999       0.9  0.199333  0.369129
        0         1  0.196667  0.496667
      0.2         1     0.284  0.337497
      0.4         1  0.277333  0.342116
      0.6         1  0.280667  0.349843
      0.8         1     0.278  0.363223
      0.9         1  0.248667  0.373338
     0.95         1  0.134667  0.379858
     0.99         1  0.154667  0.391041
    0.999         1  0.196667  0.401307
   0.9999         1       0.2  0.403958
        0         2  0.196667  0.496667
      0.2         2  0.308667  0.447862
      0.4         2  0.305333  0.456352
      0.6         2     0.296  0.465287
      0.8         2  0.254667  0.474819
      0.9         2  0.179333   0.47994
     0.95         2  0.170667  0.482716
     0.99         2  0.196667  0.485718
    0.999         2  0.196667  0.487852
   0.9999         2       0.2  0.488372
        0         4  0.196667  0.496667
      0.2         4  0.346667  0.486004
      0.4         4  0.332667  0.488055
      0.6         4  0.312667  0.490127
      0.8         4  0.257333  0.492246
      0.9         4  0.195333  0.493384
     0.95         4  0.187333  0.494086
     0.99         4  0.196667  0.495438
    0.999         4  0.196667  0.497119
   0.9999         4  0.196667  0.497525