       0     0.05 0.482667 0.493333
     0.2     0.05    0.482    0.492
     0.4     0.05    0.482    0.492
     0.6     0.05    0.482    0.492
     0.8     0.05    0.482    0.492
     0.9     0.05    0.482    0.492
    0.95     0.05    0.482    0.492
    0.99     0.05    0.482    0.492
   0.999     0.05    0.482    0.492
  0.9999     0.05    0.482    0.492
       0      0.1 0.482667 0.493333
     0.2      0.1 0.203333 0.201734
     0.4      0.1 0.202667 0.200588
     0.6      0.1 0.203333 0.200693
     0.8      0.1    0.202 0.200299
     0.9      0.1 0.200667 0.200266
    0.95      0.1 0.202667 0.200387
    0.99      0.1 0.199333 0.196704
   0.999      0.1 0.187333   0.1895
  0.9999      0.1 0.190667 0.190497
       0     0.15 0.482667 0.493333
     0.2     0.15 0.210667  0.21205
     0.4     0.15 0.203333 0.205401
     0.6     0.15    0.202  0.20228
     0.8     0.15 0.201333  0.20117
     0.9     0.15      0.2 0.200035
    0.95     0.15 0.197333 0.198084
    0.99     0.15 0.201333  0.19613
   0.999     0.15 0.203333 0.201838
  0.9999     0.15    0.182 0.182214
       0      0.2 0.482667 0.493333
     0.2      0.2    0.218 0.222008
     0.4      0.2    0.208 0.216562
     0.6      0.2 0.203333  0.21056
     0.8      0.2 0.203333 0.207125
     0.9      0.2    0.208 0.205208
    0.95      0.2 0.203333 0.203784
    0.99      0.2 0.206667 0.202395
   0.999      0.2 0.179333 0.183344
  0.9999      0.2 0.167333 0.181471
       0      0.3 0.482667 0.493333
     0.2      0.3 0.220667 0.234254
     0.4      0.3 0.215333 0.226821
     0.6      0.3    0.208 0.220352
     0.8      0.3      0.2 0.213455
     0.9      0.3 0.200667 0.208941
    0.95      0.3      0.2 0.205342
    0.99      0.3 0.186667 0.211282
   0.999      0.3    0.194 0.269332
  0.9999      0.3 0.197333 0.379366
       0      0.4 0.482667 0.493333
     0.2      0.4    0.212 0.244703
     0.4      0.4 0.203333 0.237557
     0.6      0.4 0.197333  0.23079
     0.8      0.4 0.189333 0.224468
     0.9      0.4    0.184 0.225257
    0.95      0.4    0.174 0.234095
    0.99      0.4    0.146 0.297238
   0.999      0.4 0.241333 0.440605
  0.9999      0.4 0.489333 0.490603
       0      0.5 0.482667 0.493333
     0.2      0.5 0.209333 0.253681
     0.4      0.5 0.196667 0.249725
     0.6      0.5 0.180667 0.248824
     0.8      0.5 0.169333  0.25687
     0.9      0.5 0.157333  0.27753
    0.95      0.5 0.138667 0.311842
    0.99      0.5 0.116667 0.414954
   0.999      0.5 0.477333 0.486769
  0.9999      0.5 0.489333 0.497706
       0      0.6 0.482667 0.493333
     0.2      0.6 0.202667 0.266518
     0.4      0.6 0.187333 0.269494
     0.6      0.6 0.175333 0.278845
     0.8      0.6 0.162667 0.306954
     0.9      0.6 0.146667 0.347192
    0.95      0.6 0.131333 0.391446
    0.99      0.6    0.146 0.465366
   0.999      0.6 0.460667  0.49553
  0.9999      0.6 0.489333 0.499317
       0      0.7 0.482667 0.493333
     0.2      0.7 0.200667 0.288894
     0.4      0.7    0.186 0.298522
     0.6      0.7     0.18 0.317121
     0.8      0.7 0.165333 0.357875
     0.9      0.7 0.152667   0.4009
    0.95      0.7 0.152667 0.437015
    0.99      0.7 0.261333 0.482508
   0.999      0.7    0.498 0.498073
  0.9999      0.7 0.510667 0.499984
       0      0.8 0.482667 0.493333
     0.2      0.8      0.2 0.316771
     0.4      0.8 0.191333 0.331376
     0.6      0.8    0.182 0.355206
     0.8      0.8 0.177333 0.397977
     0.9      0.8 0.180667 0.434598
    0.95      0.8 0.224667   0.4607
    0.99      0.8 0.443333 0.489465
   0.999      0.8 0.503333 0.499041
  0.9999      0.8 0.510667  0.50026
       0      0.9 0.482667 0.493333
     0.2      0.9 0.202667 0.345118
     0.4      0.9 0.194667  0.36226
     0.6      0.9    0.186 0.387244
     0.8      0.9 0.187333 0.426082
     0.9      0.9 0.212667 0.454866
    0.95      0.9 0.297333 0.473413
    0.99      0.9    0.486 0.492708
   0.999      0.9    0.504 0.499433
  0.9999      0.9 0.510667 0.500336
       0        1 0.482667 0.493333
     0.2        1 0.207333 0.370673
     0.4        1      0.2 0.388231
     0.6        1 0.196667 0.411816
     0.8        1 0.197333 0.444868
     0.9        1    0.242 0.467055
    0.95        1 0.341333  0.48051
    0.99        1    0.502 0.494355
   0.999        1    0.504  0.49959
  0.9999        1 0.510667 0.500328
       0        2 0.482667 0.493333
     0.2        2 0.219333 0.466309
     0.4        2 0.217333 0.472563
     0.6        2    0.216 0.479214
     0.8        2    0.242 0.486391
     0.9        2 0.337333  0.49041
    0.95        2     0.47 0.492906
    0.99        2    0.504 0.496861
   0.999        2    0.504 0.499614
  0.9999        2 0.510667 0.500067
       0        4 0.482667 0.493333
     0.2        4    0.224 0.487047
     0.4        4     0.22 0.488638
     0.6        4 0.221333 0.490283
     0.8        4    0.254 0.492085
     0.9        4 0.364667 0.493267
    0.95        4    0.486 0.494306
    0.99        4    0.504 0.497077
   0.999        4    0.504 0.499557
  0.9999        4    0.504 0.499979