       0     0.05 0.493333 0.493333
     0.2     0.05 0.493333 0.493333
     0.4     0.05 0.493333 0.493333
     0.6     0.05 0.493333 0.493333
     0.8     0.05 0.493333 0.493333
     0.9     0.05 0.493333 0.493333
    0.95     0.05 0.493333 0.493333
    0.99     0.05 0.493333 0.493333
   0.999     0.05 0.493333 0.493333
  0.9999     0.05 0.493333 0.493333
       0      0.1 0.493333 0.493333
     0.2      0.1 0.429333 0.425585
     0.4      0.1    0.424 0.424962
     0.6      0.1    0.416 0.424001
     0.8      0.1 0.420667 0.424639
     0.9      0.1     0.43 0.426477
    0.95      0.1     0.43 0.428373
    0.99      0.1    0.426 0.429619
   0.999      0.1 0.427333 0.431272
  0.9999      0.1    0.422 0.434856
       0     0.15 0.493333 0.493333
     0.2     0.15 0.431333 0.431117
     0.4     0.15    0.424 0.430092
     0.6     0.15 0.425333 0.428691
     0.8     0.15 0.426667 0.428607
     0.9     0.15    0.424 0.430097
    0.95     0.15 0.423333 0.432119
    0.99     0.15 0.424667 0.437976
   0.999     0.15    0.432 0.444077
  0.9999     0.15 0.436667 0.450011
       0      0.2 0.493333 0.493333
     0.2      0.2     0.42 0.427811
     0.4      0.2 0.418667 0.430475
     0.6      0.2    0.418 0.431356
     0.8      0.2 0.420667 0.432894
     0.9      0.2 0.421333 0.436026
    0.95      0.2    0.418  0.44004
    0.99      0.2    0.428  0.44973
   0.999      0.2     0.45 0.460342
  0.9999      0.2    0.464 0.468379
       0      0.3 0.493333 0.493333
     0.2      0.3 0.380667 0.415771
     0.4      0.3 0.373333 0.426399
     0.6      0.3    0.374 0.436685
     0.8      0.3    0.378  0.45031
     0.9      0.3 0.399333 0.461821
    0.95      0.3 0.435333 0.471339
    0.99      0.3     0.48 0.485777
   0.999      0.3 0.491333  0.49525
  0.9999      0.3    0.498 0.499004
       0      0.4 0.493333 0.493333
     0.2      0.4 0.341333 0.418862
     0.4      0.4 0.338667 0.432948
     0.6      0.4 0.335333  0.44806
     0.8      0.4 0.327333 0.466408
     0.9      0.4 0.336667 0.478176
    0.95      0.4 0.339333 0.485506
    0.99      0.4 0.376667 0.493906
   0.999      0.4 0.482667 0.498741
  0.9999      0.4 0.493333 0.499851
       0      0.5 0.493333 0.493333
     0.2      0.5    0.332  0.43418
     0.4      0.5    0.322 0.446611
     0.6      0.5 0.320667 0.460094
     0.8      0.5 0.332667 0.475419
     0.9      0.5 0.366667 0.484278
    0.95      0.5    0.418 0.489402
    0.99      0.5    0.492 0.495465
   0.999      0.5 0.493333 0.499203
  0.9999      0.5      0.5 0.499912
       0      0.6 0.493333 0.493333
     0.2      0.6     0.32 0.448965
     0.4      0.6 0.318667 0.458921
     0.6      0.6 0.316667 0.469527
     0.8      0.6    0.316 0.481089
     0.9      0.6 0.371333 0.487505
    0.95      0.6    0.442 0.491223
    0.99      0.6 0.493333 0.496112
   0.999      0.6 0.493333 0.499354
  0.9999      0.6      0.5  0.49993
       0      0.7 0.493333 0.493333
     0.2      0.7    0.316  0.45981
     0.4      0.7 0.313333 0.467618
     0.6      0.7 0.308667  0.47581
     0.8      0.7    0.316 0.484554
     0.9      0.7    0.372 0.489363
    0.95      0.7 0.461333 0.492232
    0.99      0.7 0.493333 0.496445
   0.999      0.7 0.493333 0.499422
  0.9999      0.7      0.5 0.499938
       0      0.8 0.493333 0.493333
     0.2      0.8 0.303333 0.467375
     0.4      0.8 0.302667 0.473557
     0.6      0.8    0.302 0.479981
     0.8      0.8 0.313333 0.486771
     0.9      0.8     0.37 0.490524
    0.95      0.8 0.468667 0.492852
    0.99      0.8 0.493333 0.496638
   0.999      0.8 0.493333 0.499459
  0.9999      0.8      0.5 0.499942
       0      0.9 0.493333 0.493333
     0.2      0.9      0.3  0.47272
     0.4      0.9 0.297333 0.477701
     0.6      0.9 0.302667 0.482847
     0.8      0.9 0.313333 0.488267
     0.9      0.9 0.374667 0.491299
    0.95      0.9 0.469333 0.493261
    0.99      0.9 0.493333 0.496759
   0.999      0.9 0.493333  0.49948
  0.9999      0.9      0.5 0.499944
       0        1 0.493333 0.493333
     0.2        1      0.3 0.476597
     0.4        1 0.300667 0.480685
     0.6        1 0.304667 0.484892
     0.8        1 0.314667 0.489324
     0.9        1    0.376 0.491843
    0.95        1 0.471333 0.493546
    0.99        1 0.493333  0.49684
   0.999        1 0.493333 0.499493
  0.9999        1      0.5 0.499946
       0        2 0.493333 0.493333
     0.2        2      0.3 0.489154
     0.4        2 0.296667 0.490232
     0.6        2    0.304 0.491352
     0.8        2    0.318 0.492611
     0.9        2 0.390667 0.493514
    0.95        2    0.478  0.49441
    0.99        2 0.493333 0.497065
   0.999        2 0.493333 0.499527
  0.9999        2 0.493333  0.49995
       0        4 0.493333 0.493333
     0.2        4 0.295333 0.492306
     0.4        4 0.297333 0.492604
     0.6        4    0.306 0.492938
     0.8        4 0.318667 0.493408
     0.9        4 0.393333 0.493916
    0.95        4 0.481333 0.494615
    0.99        4 0.493333 0.497112
   0.999        4 0.493333 0.499533
  0.9999        4 0.493333  0.49995