       0     0.05 0.465333 0.466667
     0.2     0.05 0.465333 0.466667
     0.4     0.05 0.465333 0.466667
     0.6     0.05 0.465333 0.466667
     0.8     0.05 0.465333 0.466667
     0.9     0.05 0.465333 0.466667
    0.95     0.05 0.465333 0.466667
    0.99     0.05 0.465333 0.466667
   0.999     0.05 0.465333 0.466667
  0.9999     0.05 0.465333 0.466667
       0      0.1 0.465333 0.466667
     0.2      0.1 0.420667 0.421246
     0.4      0.1 0.422667 0.428764
     0.6      0.1 0.426667 0.432926
     0.8      0.1 0.436667 0.437005
     0.9      0.1    0.438 0.439333
    0.95      0.1 0.436667 0.440529
    0.99      0.1 0.439333 0.440695
   0.999      0.1 0.432667 0.438998
  0.9999      0.1 0.438667 0.442508
       0     0.15 0.465333 0.466667
     0.2     0.15 0.403333 0.406838
     0.4     0.15 0.406667 0.415414
     0.6     0.15    0.422 0.422629
     0.8     0.15 0.433333 0.429579
     0.9     0.15 0.428667 0.432984
    0.95     0.15 0.432667 0.434893
    0.99     0.15 0.439333   0.4379
   0.999     0.15 0.428667 0.443184
  0.9999     0.15 0.455333 0.454912
       0      0.2 0.465333 0.466667
     0.2      0.2 0.372667 0.395396
     0.4      0.2 0.382667 0.404798
     0.6      0.2 0.400667 0.412534
     0.8      0.2 0.415333 0.420709
     0.9      0.2 0.423333 0.426388
    0.95      0.2    0.412 0.431233
    0.99      0.2 0.419333 0.442785
   0.999      0.2 0.451333 0.461273
  0.9999      0.2    0.472 0.475902
       0      0.3 0.465333 0.466667
     0.2      0.3 0.318667 0.377524
     0.4      0.3 0.316667 0.392099
     0.6      0.3 0.328667 0.406491
     0.8      0.3 0.341333 0.425255
     0.9      0.3 0.374667 0.440622
    0.95      0.3 0.398667 0.453731
    0.99      0.3 0.454667 0.477178
   0.999      0.3 0.490667 0.495225
  0.9999      0.3 0.501333 0.499607
       0      0.4 0.465333 0.466667
     0.2      0.4 0.277333 0.386199
     0.4      0.4    0.276 0.401734
     0.6      0.4 0.269333 0.419794
     0.8      0.4    0.286  0.44319
     0.9      0.4    0.314 0.459894
    0.95      0.4    0.376 0.472324
    0.99      0.4 0.464667 0.490607
   0.999      0.4 0.492667  0.49885
  0.9999      0.4 0.501333 0.499929
       0      0.5 0.465333 0.466667
     0.2      0.5    0.232  0.40837
     0.4      0.5    0.234 0.421359
     0.6      0.5 0.242667 0.436269
     0.8      0.5 0.255333 0.454927
     0.9      0.5    0.286 0.468236
    0.95      0.5    0.346 0.478509
    0.99      0.5 0.467333  0.49342
   0.999      0.5 0.481333 0.499254
  0.9999      0.5 0.501333 0.499946
       0      0.6 0.465333 0.466667
     0.2      0.6 0.224667   0.4266
     0.4      0.6    0.226 0.436429
     0.6      0.6    0.234 0.447583
     0.8      0.6 0.259333 0.461719
     0.9      0.6    0.296 0.472463
    0.95      0.6 0.356667 0.481324
    0.99      0.6    0.468 0.494451
   0.999      0.6 0.474667 0.499384
  0.9999      0.6 0.501333 0.499953
       0      0.7 0.465333 0.466667
     0.2      0.7 0.231333  0.43844
     0.4      0.7     0.24 0.445896
     0.6      0.7 0.249333 0.454398
     0.8      0.7 0.273333 0.465579
     0.9      0.7 0.308667 0.474748
    0.95      0.7 0.388667 0.482771
    0.99      0.7    0.468 0.494929
   0.999      0.7 0.469333 0.499441
  0.9999      0.7 0.501333 0.499957
       0      0.8 0.465333 0.466667
     0.2      0.8 0.245333 0.445998
     0.4      0.8 0.248667 0.451833
     0.6      0.8 0.263333 0.458582
     0.8      0.8 0.282667 0.467881
     0.9      0.8 0.332667 0.476071
    0.95      0.8 0.419333  0.48358
    0.99      0.8    0.468 0.495179
   0.999      0.8    0.468 0.499469
  0.9999      0.8 0.501333 0.499958
       0      0.9 0.465333 0.466667
     0.2      0.9    0.254 0.450984
     0.4      0.9    0.254 0.455709
     0.6      0.9 0.270667  0.46128
     0.8      0.9 0.289333 0.469337
     0.9      0.9    0.344 0.476888
    0.95      0.9 0.438667 0.484066
    0.99      0.9    0.468 0.495321
   0.999      0.9    0.468 0.499485
  0.9999      0.9 0.501333 0.499958
       0        1 0.465333 0.466667
     0.2        1 0.259333 0.454412
     0.4        1 0.264667 0.458353
     0.6        1 0.280667 0.463106
     0.8        1 0.297333 0.470308
     0.9        1    0.366 0.477423
    0.95        1 0.449333 0.484376
    0.99        1    0.468 0.495407
   0.999        1    0.468 0.499494
  0.9999        1 0.501333 0.499958
       0        2 0.465333 0.466667
     0.2        2 0.282667 0.464328
     0.4        2 0.292667 0.465914
     0.6        2 0.295333 0.468248
     0.8        2 0.332667 0.472966
     0.9        2 0.408667 0.478821
    0.95        2 0.466667 0.485134
    0.99        2    0.468  0.49559
   0.999        2    0.468 0.499508
  0.9999        2 0.501333 0.499953
       0        4 0.465333 0.466667
     0.2        4    0.286 0.466514
     0.4        4 0.297333 0.467561
     0.6        4    0.302 0.469349
     0.8        4 0.341333 0.473516
     0.9        4 0.420667  0.47909
    0.95        4 0.467333 0.485262
    0.99        4    0.468 0.495612
   0.999        4    0.468 0.499508
  0.9999        4    0.468 0.499951