        0      0.05  0.193333  0.493333
      0.2      0.05  0.192667     0.357
      0.4      0.05  0.192667     0.357
      0.6      0.05  0.192667     0.357
      0.8      0.05  0.192667  0.356333
      0.9      0.05  0.192667  0.356333
     0.95      0.05  0.192667  0.356333
     0.99      0.05  0.192667  0.356333
    0.999      0.05  0.192667  0.355667
   0.9999      0.05  0.192667  0.355667
        0       0.1  0.193333  0.493333
      0.2       0.1     0.108  0.106485
      0.4       0.1 0.0993333  0.100054
      0.6       0.1 0.0953333 0.0957173
      0.8       0.1      0.09 0.0923095
      0.9       0.1     0.086  0.090488
     0.95       0.1 0.0893333 0.0901834
     0.99       0.1 0.0893333  0.095603
    0.999       0.1  0.103333  0.103497
   0.9999       0.1  0.102667  0.103141
        0      0.15  0.193333  0.493333
      0.2      0.15  0.113333  0.113326
      0.4      0.15  0.109333  0.107086
      0.6      0.15       0.1  0.101241
      0.8      0.15     0.092 0.0978865
      0.9      0.15 0.0926667 0.0992414
     0.95      0.15     0.104  0.102195
     0.99      0.15  0.103333  0.103784
    0.999      0.15  0.105333  0.105056
   0.9999      0.15  0.112667  0.112181
        0       0.2  0.193333  0.493333
      0.2       0.2  0.121333  0.120306
      0.4       0.2  0.114667  0.113911
      0.6       0.2 0.0993333  0.108181
      0.8       0.2     0.106  0.105379
      0.9       0.2  0.102667  0.105566
     0.95       0.2     0.104  0.106187
     0.99       0.2  0.109333  0.110362
    0.999       0.2  0.121333  0.118232
   0.9999       0.2  0.122667  0.121514
        0       0.3  0.193333  0.493333
      0.2       0.3  0.137333  0.139844
      0.4       0.3     0.132  0.129742
      0.6       0.3  0.126667  0.122056
      0.8       0.3  0.117333  0.116646
      0.9       0.3  0.117333  0.115529
     0.95       0.3  0.119333  0.117231
     0.99       0.3  0.119333  0.120259
    0.999       0.3  0.116667  0.122495
   0.9999       0.3  0.126667  0.142794
        0       0.4  0.193333  0.493333
      0.2       0.4  0.154667  0.163089
      0.4       0.4  0.141333  0.147736
      0.6       0.4  0.129333  0.136584
      0.8       0.4  0.122667  0.128329
      0.9       0.4  0.120667  0.126438
     0.95       0.4  0.117333   0.12716
     0.99       0.4  0.118667  0.139532
    0.999       0.4     0.124  0.172558
   0.9999       0.4      0.12   0.16794
        0       0.5  0.193333  0.493333
      0.2       0.5  0.172667  0.185149
      0.4       0.5      0.15  0.170446
      0.6       0.5  0.137333  0.158907
      0.8       0.5     0.124  0.150313
      0.9       0.5     0.118  0.149513
     0.95       0.5  0.114667  0.153363
     0.99       0.5  0.115333  0.166008
    0.999       0.5     0.044  0.163577
   0.9999       0.5       0.1   0.16418
        0       0.6  0.193333  0.493333
      0.2       0.6      0.18   0.20358
      0.4       0.6  0.159333  0.192254
      0.6       0.6     0.142   0.18343
      0.8       0.6  0.126667  0.177394
      0.9       0.6  0.120667  0.177269
     0.95       0.6  0.115333   0.17975
     0.99       0.6 0.0706667  0.185289
    0.999       0.6     0.086  0.191103
   0.9999       0.6  0.157333  0.234899
        0       0.7  0.193333  0.493333
      0.2       0.7  0.185333  0.221692
      0.4       0.7     0.168  0.213559
      0.6       0.7  0.146667  0.207852
      0.8       0.7     0.128  0.205334
      0.9       0.7  0.116667  0.207474
     0.95       0.7 0.0906667  0.211479
     0.99       0.7 0.0686667  0.220382
    0.999       0.7  0.132667  0.253643
   0.9999       0.7       0.2  0.289934
        0       0.8  0.193333  0.493333
      0.2       0.8  0.185333  0.241779
      0.4       0.8  0.170667  0.236764
      0.6       0.8      0.15  0.234616
      0.8       0.8  0.127333  0.237126
      0.9       0.8       0.1  0.243093
     0.95       0.8 0.0813333   0.24993
     0.99       0.8 0.0973333  0.269544
    0.999       0.8     0.194  0.309522
   0.9999       0.8       0.2  0.324826
        0       0.9  0.193333  0.493333
      0.2       0.9  0.180667  0.264467
      0.4       0.9     0.166  0.262767
      0.6       0.9  0.149333  0.264374
      0.8       0.9      0.12  0.271948
      0.9       0.9 0.0933333  0.281717
     0.95       0.9 0.0806667  0.292168
     0.99       0.9  0.140667  0.320055
    0.999       0.9     0.196  0.347966
   0.9999       0.9       0.2  0.354164
        0         1  0.193333  0.493333
      0.2         1  0.179333  0.288991
      0.4         1  0.162667  0.290524
      0.6         1  0.145333  0.295605
      0.8         1      0.11  0.307603
      0.9         1 0.0906667  0.320744
     0.95         1 0.0993333  0.333934
     0.99         1  0.178667  0.360755
    0.999         1     0.198  0.377474
   0.9999         1       0.2  0.380509
        0         2  0.193333  0.493333
      0.2         2  0.167333  0.449755
      0.4         2      0.14   0.45578
      0.6         2  0.118667  0.462435
      0.8         2     0.122  0.469922
      0.9         2  0.168667  0.474231
     0.95         2  0.193333  0.476893
     0.99         2  0.193333  0.480965
    0.999         2  0.193333  0.483861
   0.9999         2       0.2  0.484359
        0         4  0.193333  0.493333
      0.2         4  0.207333   0.48666
      0.4         4  0.184667  0.487856
      0.6         4  0.167333  0.489108
      0.8         4  0.126667  0.490515
      0.9         4     0.164  0.491499
     0.95         4  0.193333  0.492438
     0.99         4  0.193333  0.495127
    0.999         4  0.193333  0.497594
   0.9999         4  0.193333  0.498017