       0     0.05 0.816667 0.816667
     0.2     0.05 0.352667 0.391556
     0.4     0.05 0.350667 0.390778
     0.6     0.05 0.348667 0.390222
     0.8     0.05    0.348 0.389222
     0.9     0.05    0.348 0.388111
    0.95     0.05    0.348 0.388111
    0.99     0.05 0.346667 0.386667
   0.999     0.05    0.344 0.386111
  0.9999     0.05    0.344 0.386667
       0      0.1 0.816667 0.816667
     0.2      0.1 0.369333 0.369074
     0.4      0.1 0.369333  0.36859
     0.6      0.1    0.368 0.367649
     0.8      0.1    0.368  0.36746
     0.9      0.1    0.368 0.367474
    0.95      0.1    0.368 0.367575
    0.99      0.1 0.368667 0.367993
   0.999      0.1 0.368667 0.368098
  0.9999      0.1 0.368667 0.368112
       0     0.15 0.816667 0.816667
     0.2     0.15 0.371333 0.371306
     0.4     0.15 0.370667 0.370503
     0.6     0.15 0.368667 0.368612
     0.8     0.15 0.367333 0.367874
     0.9     0.15 0.367333 0.367676
    0.95     0.15    0.368 0.367811
    0.99     0.15    0.368 0.368038
   0.999     0.15 0.367333 0.366277
  0.9999     0.15 0.367333 0.366376
       0      0.2 0.816667 0.816667
     0.2      0.2 0.380667 0.377199
     0.4      0.2 0.370667 0.371119
     0.6      0.2 0.370667 0.370207
     0.8      0.2 0.368667 0.368471
     0.9      0.2 0.367333   0.3682
    0.95      0.2    0.368 0.368213
    0.99      0.2 0.365333 0.366339
   0.999      0.2 0.367333  0.36596
  0.9999      0.2 0.367333 0.365001
       0      0.3 0.816667 0.816667
     0.2      0.3 0.396667 0.396321
     0.4      0.3 0.383333 0.381946
     0.6      0.3     0.37 0.371263
     0.8      0.3     0.37 0.369535
     0.9      0.3 0.368667 0.368811
    0.95      0.3 0.369333 0.368688
    0.99      0.3 0.367333  0.36663
   0.999      0.3    0.368 0.363868
  0.9999      0.3 0.355333 0.352812
       0      0.4 0.816667 0.816667
     0.2      0.4    0.426 0.426181
     0.4      0.4 0.396667 0.401352
     0.6      0.4     0.38 0.385999
     0.8      0.4 0.370667 0.372037
     0.9      0.4 0.368667 0.370366
    0.95      0.4 0.371333 0.370514
    0.99      0.4 0.367333 0.367494
   0.999      0.4    0.348 0.363402
  0.9999      0.4 0.368667 0.391664
       0      0.5 0.816667 0.816667
     0.2      0.5 0.445333   0.4468
     0.4      0.5 0.421333 0.427316
     0.6      0.5      0.4  0.40751
     0.8      0.5    0.384 0.390515
     0.9      0.5    0.372 0.383437
    0.95      0.5 0.371333 0.382374
    0.99      0.5    0.352 0.381822
   0.999      0.5 0.368667 0.400493
  0.9999      0.5 0.410667 0.427543
       0      0.6 0.816667 0.816667
     0.2      0.6 0.451333 0.459659
     0.4      0.6     0.44 0.446302
     0.6      0.6 0.415333  0.43174
     0.8      0.6    0.394 0.415523
     0.9      0.6 0.379333 0.408185
    0.95      0.6 0.371333 0.405813
    0.99      0.6 0.358667 0.412151
   0.999      0.6 0.398667 0.459456
  0.9999      0.6    0.456 0.570553
       0      0.7 0.816667 0.816667
     0.2      0.7 0.454667 0.473045
     0.4      0.7 0.445333 0.460938
     0.6      0.7 0.433333 0.451648
     0.8      0.7 0.410667  0.44122
     0.9      0.7    0.394 0.437376
    0.95      0.7 0.388667  0.44024
    0.99      0.7 0.396667 0.474611
   0.999      0.7 0.458667 0.594193
  0.9999      0.7 0.560667 0.737896
       0      0.8 0.816667 0.816667
     0.2      0.8 0.456667 0.489265
     0.4      0.8    0.448 0.478793
     0.6      0.8 0.436667 0.472584
     0.8      0.8 0.420667 0.471401
     0.9      0.8 0.413333 0.479233
    0.95      0.8    0.416 0.497007
    0.99      0.8 0.472667 0.575303
   0.999      0.8 0.532667 0.722893
  0.9999      0.8    0.714 0.805133
       0      0.9 0.816667 0.816667
     0.2      0.9 0.461333 0.506943
     0.4      0.9 0.453333 0.501069
     0.6      0.9 0.448667 0.500172
     0.8      0.9 0.437333 0.511273
     0.9      0.9 0.437333 0.535177
    0.95      0.9 0.481333 0.570132
    0.99      0.9 0.500667 0.673685
   0.999      0.9    0.664 0.786111
  0.9999      0.9    0.818 0.825007
       0        1 0.816667 0.816667
     0.2        1    0.468 0.526459
     0.4        1 0.457333 0.526968
     0.6        1    0.452 0.534156
     0.8        1 0.460667 0.559682
     0.9        1 0.492667 0.597522
    0.95        1    0.504 0.642085
    0.99        1     0.59  0.73971
   0.999        1 0.802667 0.812766
  0.9999        1 0.833333 0.830706
       0        2 0.816667 0.816667
     0.2        2 0.577333 0.744682
     0.4        2 0.589333 0.758339
     0.6        2    0.608 0.774198
     0.8        2 0.626667 0.793583
     0.9        2 0.637333 0.805963
    0.95        2 0.659333 0.814181
    0.99        2    0.816 0.826022
   0.999        2 0.817333 0.832321
  0.9999        2 0.833333 0.833228
       0        4 0.816667 0.816667
     0.2        4    0.648 0.806843
     0.4        4    0.658 0.809309
     0.6        4 0.663333 0.811996
     0.8        4    0.704 0.815271
     0.9        4 0.713333  0.81789
    0.95        4    0.742  0.82061
    0.99        4 0.776667  0.82763
   0.999        4 0.816667  0.83253
  0.9999        4 0.824667  0.83325