        0      0.05      0.19      0.49
      0.2      0.05  0.189333     0.368
      0.4      0.05  0.189333  0.367667
      0.6      0.05  0.189333  0.367667
      0.8      0.05  0.189333  0.367667
      0.9      0.05  0.189333  0.367667
     0.95      0.05  0.189333  0.367667
     0.99      0.05  0.189333  0.367667
    0.999      0.05  0.189333     0.367
   0.9999      0.05  0.189333     0.367
        0       0.1      0.19      0.49
      0.2       0.1 0.0786667 0.0801851
      0.4       0.1 0.0773333 0.0742471
      0.6       0.1 0.0673333 0.0688206
      0.8       0.1     0.066 0.0671037
      0.9       0.1 0.0646667 0.0652898
     0.95       0.1     0.064 0.0646279
     0.99       0.1 0.0646667 0.0639663
    0.999       0.1     0.064 0.0641609
   0.9999       0.1     0.064 0.0646978
        0      0.15      0.19      0.49
      0.2      0.15 0.0873333 0.0927283
      0.4      0.15 0.0833333 0.0862458
      0.6      0.15 0.0786667 0.0782548
      0.8      0.15 0.0693333 0.0705666
      0.9      0.15 0.0666667 0.0678022
     0.95      0.15     0.066 0.0665671
     0.99      0.15     0.064 0.0659151
    0.999      0.15 0.0666667  0.066075
   0.9999      0.15 0.0653333 0.0761643
        0       0.2      0.19      0.49
      0.2       0.2  0.101333  0.100626
      0.4       0.2  0.100667 0.0947466
      0.6       0.2 0.0853333 0.0890597
      0.8       0.2 0.0706667 0.0788305
      0.9       0.2 0.0653333  0.073743
     0.95       0.2 0.0626667 0.0718337
     0.99       0.2 0.0646667 0.0755253
    0.999       0.2     0.098 0.0968893
   0.9999       0.2  0.108667  0.108369
        0       0.3      0.19      0.49
      0.2       0.3  0.108667   0.11769
      0.4       0.3  0.107333  0.109969
      0.6       0.3  0.101333  0.103674
      0.8       0.3 0.0953333 0.0981136
      0.9       0.3 0.0933333 0.0955992
     0.95       0.3     0.094 0.0962245
     0.99       0.3  0.105333  0.108116
    0.999       0.3  0.119333  0.142422
   0.9999       0.3  0.198667  0.184384
        0       0.4      0.19      0.49
      0.2       0.4      0.13  0.139508
      0.4       0.4  0.116667  0.130638
      0.6       0.4  0.108667  0.123506
      0.8       0.4  0.106667  0.117338
      0.9       0.4     0.108  0.116373
     0.95       0.4     0.104  0.121205
     0.99       0.4  0.154667  0.153529
    0.999       0.4  0.197333  0.197671
   0.9999       0.4     0.118   0.16419
        0       0.5      0.19      0.49
      0.2       0.5     0.142  0.163713
      0.4       0.5     0.126  0.154271
      0.6       0.5  0.117333  0.148631
      0.8       0.5  0.120667  0.146893
      0.9       0.5  0.120667  0.151752
     0.95       0.5  0.124667   0.16107
     0.99       0.5  0.120667  0.178025
    0.999       0.5 0.0346667  0.153438
   0.9999       0.5  0.103333  0.156397
        0       0.6      0.19      0.49
      0.2       0.6      0.16  0.191337
      0.4       0.6  0.143333  0.183768
      0.6       0.6  0.130667  0.180146
      0.8       0.6  0.125333  0.181584
      0.9       0.6  0.124667  0.186448
     0.95       0.6      0.12  0.190823
     0.99       0.6     0.082  0.187252
    0.999       0.6     0.072  0.177971
   0.9999       0.6  0.193333  0.221054
        0       0.7      0.19      0.49
      0.2       0.7  0.170667  0.218625
      0.4       0.7     0.162  0.213826
      0.6       0.7     0.146   0.21192
      0.8       0.7  0.132667  0.213713
      0.9       0.7  0.121333  0.217229
     0.95       0.7      0.11  0.219347
     0.99       0.7 0.0613333  0.215262
    0.999       0.7  0.174667  0.238375
   0.9999       0.7       0.2  0.267637
        0       0.8      0.19      0.49
      0.2       0.8     0.186  0.244397
      0.4       0.8  0.172667  0.242249
      0.6       0.8  0.159333  0.242576
      0.8       0.8  0.137333  0.246587
      0.9       0.8  0.113333  0.251176
     0.95       0.8 0.0973333  0.253964
     0.99       0.8 0.0746667  0.261225
    0.999       0.8  0.193333  0.291845
   0.9999       0.8       0.2   0.30566
        0       0.9      0.19      0.49
      0.2       0.9     0.202  0.269588
      0.4       0.9     0.184  0.270158
      0.6       0.9  0.167333  0.273293
      0.8       0.9     0.138  0.280691
      0.9       0.9     0.104  0.287494
     0.95       0.9 0.0886667  0.293041
     0.99       0.9     0.136  0.309864
    0.999       0.9  0.195333  0.333291
   0.9999       0.9       0.2  0.340195
        0         1      0.19      0.49
      0.2         1  0.209333  0.294106
      0.4         1     0.194  0.297415
      0.6         1     0.174  0.303424
      0.8         1     0.134  0.314188
      0.9         1  0.100667   0.32353
     0.95         1 0.0893333  0.331814
     0.99         1      0.18  0.350655
    0.999         1     0.196  0.366871
   0.9999         1       0.2  0.370808
        0         2      0.19      0.49
      0.2         2  0.265333  0.445038
      0.4         2  0.248667  0.451721
      0.6         2  0.217333  0.459138
      0.8         2  0.166667  0.467697
      0.9         2  0.155333  0.472954
     0.95         2  0.183333  0.476513
     0.99         2      0.19  0.482369
    0.999         2      0.19  0.486217
   0.9999         2       0.2  0.486836
        0         4      0.19      0.49
      0.2         4  0.318667  0.484435
      0.4         4  0.319333  0.485909
      0.6         4      0.32   0.48747
      0.8         4  0.320667  0.489319
      0.9         4  0.323333  0.490787
     0.95         4  0.328667  0.492336
     0.99         4     0.398  0.496492
    0.999         4      0.79  0.499531
   0.9999         4      0.79  0.499987