       0     0.05 0.495333 0.496667
       0      0.1 0.495333 0.496667
       0     0.15 0.495333 0.496667
       0      0.2 0.495333 0.496667
       0      0.3 0.495333 0.496667
       0      0.4 0.495333 0.496667
       0      0.5 0.495333 0.496667
       0      0.6 0.495333 0.496667
       0      0.7 0.495333 0.496667
       0      0.8 0.495333 0.496667
       0      0.9 0.495333 0.496667
       0        1 0.495333 0.496667
       0        2 0.495333 0.496667
       0        4 0.495333 0.496667
     0.2     0.05 0.495333 0.496667
     0.2      0.1 0.446667 0.448366
     0.2     0.15 0.440667 0.444678
     0.2      0.2 0.436667 0.440572
     0.2      0.3 0.422667  0.43653
     0.2      0.4    0.418 0.438944
     0.2      0.5    0.406 0.448457
     0.2      0.6    0.406 0.459247
     0.2      0.7 0.409333 0.468022
     0.2      0.8    0.408 0.474455
     0.2      0.9 0.404667 0.479082
     0.2        1    0.404 0.482451
     0.2        2 0.407333   0.4932
     0.2        4    0.408 0.495813
     0.4     0.05 0.495333 0.496667
     0.4      0.1    0.452 0.449658
     0.4     0.15    0.448 0.450699
     0.4      0.2    0.444 0.447757
     0.4      0.3 0.435333 0.444658
     0.4      0.4 0.433333 0.448895
     0.4      0.5 0.413333 0.457725
     0.4      0.6 0.413333 0.466912
     0.4      0.7    0.408 0.474202
     0.4      0.8 0.405333 0.479429
     0.4      0.9 0.405333 0.483123
     0.4        1    0.406 0.485779
     0.4        2 0.410667 0.494064
     0.4        4    0.408 0.496036
     0.6     0.05 0.495333 0.496667
     0.6      0.1 0.445333 0.450677
     0.6     0.15    0.444 0.453487
     0.6      0.2 0.448667 0.453437
     0.6      0.3 0.450667 0.452415
     0.6      0.4     0.45 0.458853
     0.6      0.5    0.426 0.467456
     0.6      0.6 0.418667 0.475156
     0.6      0.7 0.413333 0.480829
     0.6      0.8 0.405333 0.484711
     0.6      0.9 0.405333 0.487374
     0.6        1 0.407333 0.489253
     0.6        2    0.408 0.494947
     0.6        4 0.411333 0.496269
     0.8     0.05 0.495333 0.496667
     0.8      0.1 0.452667  0.45314
     0.8     0.15     0.45 0.456549
     0.8      0.2 0.446667 0.457472
     0.8      0.3 0.447333 0.461283
     0.8      0.4 0.449333 0.471252
     0.8      0.5 0.432667 0.479091
     0.8      0.6    0.414  0.48467
     0.8      0.7 0.411333 0.488221
     0.8      0.8 0.406667 0.490459
     0.8      0.9     0.41 0.491926
     0.8        1 0.406667 0.492933
     0.8        2    0.406 0.495874
     0.8        4 0.405333 0.496538
     0.9     0.05 0.495333 0.496667
     0.9      0.1 0.454667 0.455993
     0.9     0.15 0.456667 0.458341
     0.9      0.2 0.444667 0.458694
     0.9      0.3 0.428667 0.468224
     0.9      0.4 0.427333 0.480301
     0.9      0.5 0.408667  0.48668
     0.9      0.6      0.4  0.49035
     0.9      0.7 0.400667 0.492411
     0.9      0.8 0.402667 0.493631
     0.9      0.9    0.404 0.494406
     0.9        1    0.402 0.494929
     0.9        2 0.404667 0.496419
     0.9        4 0.406667 0.496749
    0.95     0.05 0.495333 0.496667
    0.95      0.1 0.457333 0.457787
    0.95     0.15    0.454  0.45791
    0.95      0.2 0.436667 0.458851
    0.95      0.3    0.404 0.474857
    0.95      0.4 0.384667 0.486902
    0.95      0.5 0.395333 0.491471
    0.95      0.6 0.396667 0.493664
    0.95      0.7    0.394 0.494789
    0.95      0.8    0.398 0.495429
    0.95      0.9      0.4 0.495826
    0.95        1 0.401333  0.49609
    0.95        2 0.409333 0.496829
    0.95        4     0.41  0.49699
    0.99     0.05 0.495333 0.496667
    0.99      0.1 0.452667 0.457652
    0.99     0.15 0.438667 0.454623
    0.99      0.2 0.457333 0.461334
    0.99      0.3 0.477333 0.488087
    0.99      0.4 0.485333 0.495267
    0.99      0.5 0.489333 0.496777
    0.99      0.6 0.495333  0.49734
    0.99      0.7 0.497333 0.497595
    0.99      0.8    0.498 0.497728
    0.99      0.9    0.498 0.497804
    0.99        1    0.498 0.497852
    0.99        2    0.498 0.497967
    0.99        4    0.498 0.497987
   0.999     0.05 0.495333 0.496667
   0.999      0.1 0.445333 0.449861
   0.999     0.15     0.46 0.458601
   0.999      0.2 0.469333 0.470028
   0.999      0.3 0.496667 0.497418
   0.999      0.4    0.498 0.499248
   0.999      0.5    0.498 0.499464
   0.999      0.6    0.498 0.499536
   0.999      0.7    0.498 0.499563
   0.999      0.8    0.498 0.499573
   0.999      0.9    0.498 0.499577
   0.999        1    0.498 0.499578
   0.999        2    0.498 0.499571
   0.999        4    0.498 0.499567
  0.9999     0.05 0.495333 0.496667
  0.9999      0.1     0.44 0.448205
  0.9999     0.15 0.469333 0.466725
  0.9999      0.2 0.481333 0.480698
  0.9999      0.3 0.501333 0.500004
  0.9999      0.4 0.501333 0.500024
  0.9999      0.5 0.501333 0.499989
  0.9999      0.6 0.501333  0.49998
  0.9999      0.7 0.501333 0.499975
  0.9999      0.8 0.500667  0.49997
  0.9999      0.9    0.498 0.499967
  0.9999        1    0.498 0.499964
  0.9999        2    0.498 0.499954
  0.9999        4    0.498 0.499952