        0      0.05  0.446667  0.466667
      0.2      0.05 0.0833333  0.125914
      0.4      0.05 0.0826667  0.140279
      0.6      0.05 0.0853333  0.163309
      0.8      0.05 0.0946667  0.211054
      0.9      0.05     0.106  0.268849
     0.95      0.05     0.116  0.331712
     0.99      0.05  0.187333  0.444668
    0.999      0.05  0.477333  0.492204
   0.9999      0.05      0.48  0.497896
        0       0.1  0.446667  0.466667
      0.2       0.1  0.107333  0.223382
      0.4       0.1  0.112667  0.245985
      0.6       0.1  0.122667  0.279738
      0.8       0.1  0.137333   0.33887
      0.9       0.1  0.159333  0.392128
     0.95       0.1     0.222  0.433164
     0.99       0.1  0.435333  0.481599
    0.999       0.1      0.48   0.49626
   0.9999       0.1      0.48  0.497849
        0      0.15  0.446667  0.466667
      0.2      0.15  0.132667  0.299535
      0.4      0.15  0.138667   0.32311
      0.6      0.15  0.147333  0.355006
      0.8      0.15  0.183333  0.402025
      0.9      0.15      0.26  0.437032
     0.95      0.15  0.349333   0.46113
     0.99      0.15  0.446667  0.488465
    0.999      0.15      0.48  0.496825
   0.9999      0.15      0.48  0.497738
        0       0.2  0.446667  0.466667
      0.2       0.2     0.152  0.354592
      0.4       0.2  0.166667  0.374741
      0.6       0.2     0.192  0.399736
      0.8       0.2  0.265333  0.432801
      0.9       0.2  0.342667  0.455744
     0.95       0.2  0.436667  0.471646
     0.99       0.2  0.446667  0.490827
    0.999       0.2      0.48  0.497053
   0.9999       0.2      0.48  0.497744
        0       0.3  0.446667  0.466667
      0.2       0.3     0.246   0.41849
      0.4       0.3  0.277333  0.429559
      0.6       0.3     0.298  0.442184
      0.8       0.3  0.382667  0.458086
      0.9       0.3     0.442  0.469906
     0.95       0.3  0.446667  0.479369
     0.99       0.3  0.446667  0.492732
    0.999       0.3      0.48  0.497487
   0.9999       0.3      0.48  0.498024
        0       0.4  0.446667  0.466667
      0.2       0.4  0.306667  0.445907
      0.4       0.4  0.313333  0.451419
      0.6       0.4  0.344667  0.457808
      0.8       0.4     0.438  0.466701
      0.9       0.4  0.446667  0.474683
     0.95       0.4  0.446667  0.482109
     0.99       0.4  0.446667   0.49367
    0.999       0.4      0.48  0.497949
   0.9999       0.4      0.48  0.498436
        0       0.5  0.446667  0.466667
      0.2       0.5  0.322667  0.457023
      0.4       0.5  0.335333  0.460061
      0.6       0.5  0.406667  0.463863
      0.8       0.5  0.446667  0.470053
      0.9       0.5  0.446667  0.476638
     0.95       0.5  0.446667  0.483338
     0.99       0.5  0.446667   0.49424
    0.999       0.5      0.48  0.498329
   0.9999       0.5      0.48  0.498795
        0       0.6  0.446667  0.466667
      0.2       0.6  0.331333  0.461783
      0.4       0.6     0.368   0.46375
      0.6       0.6  0.432667  0.466461
      0.8       0.6  0.446667  0.471542
      0.9       0.6  0.446667  0.477567
     0.95       0.6  0.446667  0.483978
     0.99       0.6  0.446667  0.494604
    0.999       0.6      0.48  0.498608
   0.9999       0.6      0.48  0.499064
        0       0.7  0.446667  0.466667
      0.2       0.7     0.354   0.46403
      0.4       0.7  0.390667  0.465502
      0.6       0.7     0.438  0.467713
      0.8       0.7  0.446667  0.472294
      0.9       0.7  0.446667  0.478067
     0.95       0.7  0.446667  0.484349
     0.99       0.7  0.446667  0.494846
    0.999       0.7      0.48  0.498807
   0.9999       0.7      0.48  0.499258
        0       0.8  0.446667  0.466667
      0.2       0.8  0.353333  0.465196
      0.4       0.8     0.404   0.46642
      0.6       0.8  0.441333  0.468382
      0.8       0.8  0.446667  0.472714
      0.9       0.8  0.446667  0.478365
     0.95       0.8  0.446667  0.484583
     0.99       0.8  0.446667  0.495013
    0.999       0.8      0.48   0.49895
   0.9999       0.8      0.48  0.499399
        0       0.9  0.446667  0.466667
      0.2       0.9  0.362667  0.465853
      0.4       0.9  0.417333  0.466942
      0.6       0.9     0.444  0.468771
      0.8       0.9  0.446667  0.472971
      0.9       0.9  0.446667  0.478556
     0.95       0.9  0.446667   0.48474
     0.99       0.9  0.446667  0.495132
    0.999       0.9      0.48  0.499056
   0.9999       0.9      0.48  0.499502
        0         1  0.446667  0.466667
      0.2         1     0.366  0.466248
      0.4         1  0.424667  0.467261
      0.6         1  0.446667  0.469014
      0.8         1  0.446667  0.473138
      0.9         1  0.446667  0.478686
     0.95         1  0.446667   0.48485
     0.99         1  0.446667   0.49522
    0.999         1      0.48  0.499134
   0.9999         1      0.48   0.49958
        0         2  0.446667  0.466667
      0.2         2  0.393333  0.467083
      0.4         2  0.439333  0.467962
      0.6         2  0.446667  0.469581
      0.8         2  0.446667  0.473575
      0.9         2  0.446667  0.479061
     0.95         2  0.446667   0.48519
     0.99         2  0.446667  0.495514
    0.999         2  0.446667  0.499408
   0.9999         2      0.48  0.499852
        0         4  0.446667  0.466667
      0.2         4  0.400667  0.467188
      0.4         4  0.440667   0.46806
      0.6         4  0.446667  0.469673
      0.8         4  0.446667  0.473661
      0.9         4  0.446667  0.479145
     0.95         4  0.446667  0.485273
     0.99         4  0.446667  0.495591
    0.999         4  0.446667  0.499482
   0.9999         4  0.446667  0.499925