        0      0.05  0.479333      0.49
        0       0.1  0.479333      0.49
        0      0.15  0.479333      0.49
        0       0.2  0.479333      0.49
        0       0.3  0.479333      0.49
        0       0.4  0.479333      0.49
        0       0.5  0.479333      0.49
        0       0.6  0.479333      0.49
        0       0.7  0.479333      0.49
        0       0.8  0.479333      0.49
        0       0.9  0.479333      0.49
        0         1  0.479333      0.49
        0         2  0.479333      0.49
        0         4  0.479333      0.49
      0.2      0.05  0.475333  0.486667
      0.2       0.1 0.0686667  0.068864
      0.2      0.15     0.068  0.065753
      0.2       0.2     0.064 0.0671865
      0.2       0.3 0.0766667     0.081
      0.2       0.4 0.0813333  0.100168
      0.2       0.5     0.078  0.125412
      0.2       0.6      0.08  0.157614
      0.2       0.7 0.0713333  0.196892
      0.2       0.8     0.066  0.242366
      0.2       0.9 0.0653333  0.288296
      0.2         1 0.0593333  0.328936
      0.2         2 0.0546667  0.460846
      0.2         4 0.0626667  0.483582
      0.4      0.05  0.475333  0.486667
      0.4       0.1     0.072 0.0703942
      0.4      0.15 0.0686667 0.0673258
      0.4       0.2     0.062 0.0659131
      0.4       0.3 0.0666667 0.0738951
      0.4       0.4 0.0726667 0.0927398
      0.4       0.5 0.0713333  0.122533
      0.4       0.6 0.0666667  0.164105
      0.4       0.7 0.0633333   0.21363
      0.4       0.8 0.0606667  0.266038
      0.4       0.9      0.06  0.314463
      0.4         1 0.0533333  0.354267
      0.4         2 0.0526667   0.46775
      0.4         4 0.0646667  0.485257
      0.6      0.05  0.475333  0.486667
      0.6       0.1     0.072 0.0716268
      0.6      0.15      0.07 0.0689873
      0.6       0.2 0.0633333 0.0672746
      0.6       0.3      0.06 0.0717446
      0.6       0.4 0.0613333 0.0891781
      0.6       0.5      0.06  0.125557
      0.6       0.6     0.058  0.180939
      0.6       0.7     0.058  0.243445
      0.6       0.8     0.056  0.302194
      0.6       0.9 0.0533333  0.350528
      0.6         1 0.0526667  0.386676
      0.6         2     0.054   0.47503
      0.6         4 0.0653333  0.487025
      0.8      0.05  0.475333  0.486667
      0.8       0.1 0.0726667 0.0725318
      0.8      0.15     0.068 0.0702999
      0.8       0.2     0.066 0.0690888
      0.8       0.3     0.058 0.0731931
      0.8       0.4 0.0513333 0.0912228
      0.8       0.5 0.0506667  0.143457
      0.8       0.6 0.0493333  0.225954
      0.8       0.7 0.0493333  0.304264
      0.8       0.8     0.046  0.363209
      0.8       0.9     0.048   0.40358
      0.8         1 0.0473333  0.429917
      0.8         2     0.056   0.48291
      0.8         4     0.076  0.489095
      0.9      0.05  0.475333  0.486667
      0.9       0.1 0.0713333 0.0734597
      0.9      0.15     0.068 0.0710506
      0.9       0.2 0.0653333 0.0702666
      0.9       0.3     0.058 0.0753292
      0.9       0.4 0.0446667 0.0992898
      0.9       0.5 0.0453333  0.177392
      0.9       0.6 0.0426667  0.285891
      0.9       0.7 0.0406667  0.365332
      0.9       0.8 0.0453333  0.413151
      0.9       0.9 0.0446667  0.441337
      0.9         1 0.0473333  0.457948
      0.9         2 0.0753333  0.487516
      0.9         4  0.120667   0.49069
     0.95      0.05  0.475333  0.486667
     0.95       0.1     0.074 0.0739959
     0.95      0.15 0.0706667  0.072123
     0.95       0.2 0.0653333  0.071356
     0.95       0.3 0.0586667 0.0773432
     0.95       0.4 0.0433333  0.114594
     0.95       0.5     0.038  0.228787
     0.95       0.6     0.036   0.34952
     0.95       0.7      0.04  0.415177
     0.95       0.8 0.0446667  0.447913
     0.95       0.9 0.0566667  0.465226
     0.95         1     0.062  0.474764
     0.95         2     0.184  0.490664
     0.95         4     0.248   0.49232
     0.99      0.05  0.475333  0.486667
     0.99       0.1 0.0733333 0.0737565
     0.99      0.15 0.0746667 0.0741969
     0.99       0.2 0.0666667  0.070457
     0.99       0.3 0.0566667 0.0863051
     0.99       0.4     0.032  0.199142
     0.99       0.5 0.0293333  0.377892
     0.99       0.6 0.0873333    0.4533
     0.99       0.7  0.196667  0.476728
     0.99       0.8  0.282667  0.485847
     0.99       0.9  0.350667  0.490139
     0.99         1  0.391333  0.492381
     0.99         2  0.500667  0.496124
     0.99         4  0.500667  0.496537
    0.999      0.05  0.475333  0.486667
    0.999       0.1 0.0786667 0.0772785
    0.999      0.15 0.0706667 0.0717045
    0.999       0.2 0.0626667 0.0674341
    0.999       0.3 0.0486667   0.13815
    0.999       0.4     0.136  0.404965
    0.999       0.5     0.464    0.4828
    0.999       0.6  0.492667  0.494705
    0.999       0.7     0.498  0.497462
    0.999       0.8  0.499333  0.498431
    0.999       0.9  0.500667  0.498868
    0.999         1  0.500667  0.499095
    0.999         2  0.500667  0.499481
    0.999         4  0.500667  0.499516
   0.9999      0.05  0.475333  0.486667
   0.9999       0.1 0.0766667  0.076482
   0.9999      0.15 0.0673333  0.066955
   0.9999       0.2 0.0653333 0.0708357
   0.9999       0.3 0.0693333  0.285951
   0.9999       0.4  0.509333  0.488271
   0.9999       0.5  0.510667  0.498734
   0.9999       0.6  0.510667  0.499775
   0.9999       0.7  0.510667  0.499955
   0.9999       0.8  0.510667  0.499998
   0.9999       0.9  0.510667  0.500005
   0.9999         1  0.510667  0.500002
   0.9999         2  0.500667  0.499972
   0.9999         4  0.500667  0.499957