       0     0.05     0.49     0.49
     0.2     0.05 0.144667 0.193667
     0.4     0.05 0.142667    0.197
     0.6     0.05    0.142 0.196667
     0.8     0.05 0.140667    0.197
     0.9     0.05 0.140667 0.195667
    0.95     0.05 0.140667    0.195
    0.99     0.05 0.140667 0.193333
   0.999     0.05 0.140667 0.192333
  0.9999     0.05     0.14    0.192
       0      0.1     0.49     0.49
     0.2      0.1 0.181333 0.181709
     0.4      0.1 0.182667 0.182829
     0.6      0.1 0.182667 0.182909
     0.8      0.1    0.186 0.186099
     0.9      0.1    0.186 0.185983
    0.95      0.1    0.186 0.185385
    0.99      0.1    0.182 0.182753
   0.999      0.1    0.182 0.183405
  0.9999      0.1 0.183333 0.190164
       0     0.15     0.49     0.49
     0.2     0.15    0.182 0.183468
     0.4     0.15 0.180667 0.182742
     0.6     0.15 0.182667 0.183923
     0.8     0.15    0.186 0.186707
     0.9     0.15    0.186 0.187247
    0.95     0.15    0.182 0.188244
    0.99     0.15    0.182 0.197569
   0.999     0.15    0.182 0.211152
  0.9999     0.15    0.228 0.209412
       0      0.2     0.49     0.49
     0.2      0.2 0.189333 0.193473
     0.4      0.2    0.182 0.186902
     0.6      0.2 0.181333 0.188305
     0.8      0.2    0.184 0.193949
     0.9      0.2 0.184667 0.199628
    0.95      0.2    0.182 0.203925
    0.99      0.2 0.223333 0.209621
   0.999      0.2 0.209333  0.20236
  0.9999      0.2     0.21 0.199645
       0      0.3     0.49     0.49
     0.2      0.3    0.202 0.218976
     0.4      0.3    0.198  0.21414
     0.6      0.3    0.188 0.208669
     0.8      0.3 0.182667 0.207814
     0.9      0.3 0.228667 0.211994
    0.95      0.3 0.229333 0.211593
    0.99      0.3    0.208  0.20544
   0.999      0.3     0.21  0.20441
  0.9999      0.3 0.163333 0.211512
       0      0.4     0.49     0.49
     0.2      0.4    0.224 0.241293
     0.4      0.4    0.214 0.232351
     0.6      0.4 0.221333 0.224343
     0.8      0.4    0.234 0.218005
     0.9      0.4 0.229333 0.213627
    0.95      0.4 0.228667 0.213512
    0.99      0.4 0.221333 0.214017
   0.999      0.4 0.180667 0.222386
  0.9999      0.4 0.139333 0.210424
       0      0.5     0.49     0.49
     0.2      0.5    0.246 0.245157
     0.4      0.5    0.252 0.242115
     0.6      0.5     0.25 0.233456
     0.8      0.5 0.239333 0.224267
     0.9      0.5 0.236667 0.220701
    0.95      0.5    0.226 0.219497
    0.99      0.5 0.184667 0.222694
   0.999      0.5 0.184667 0.229943
  0.9999      0.5    0.178 0.295904
       0      0.6     0.49     0.49
     0.2      0.6    0.266  0.24492
     0.4      0.6 0.261333 0.243006
     0.6      0.6 0.254667 0.239103
     0.8      0.6 0.239333 0.230233
     0.9      0.6 0.230667 0.226539
    0.95      0.6 0.201333 0.226579
    0.99      0.6 0.146667 0.238496
   0.999      0.6 0.178667 0.307138
  0.9999      0.6 0.243333 0.392883
       0      0.7     0.49     0.49
     0.2      0.7 0.269333 0.246155
     0.4      0.7 0.257333 0.243466
     0.6      0.7 0.254667 0.241408
     0.8      0.7    0.236 0.238125
     0.9      0.7    0.202 0.238204
    0.95      0.7    0.162  0.24436
    0.99      0.7    0.172 0.284707
   0.999      0.7    0.208  0.37715
  0.9999      0.7 0.445333 0.436655
       0      0.8     0.49     0.49
     0.2      0.8 0.262667 0.250413
     0.4      0.8 0.256667 0.248659
     0.6      0.8 0.249333 0.248527
     0.8      0.8 0.222667 0.252268
     0.9      0.8 0.161333 0.261941
    0.95      0.8 0.167333 0.278946
    0.99      0.8 0.184667 0.340911
   0.999      0.8    0.306 0.421799
  0.9999      0.8 0.440667 0.457562
       0      0.9     0.49     0.49
     0.2      0.9    0.254 0.259114
     0.4      0.9 0.247333 0.259842
     0.6      0.9 0.236667 0.263864
     0.8      0.9     0.14 0.276629
     0.9      0.9    0.174  0.29661
    0.95      0.9 0.180667 0.322819
    0.99      0.9 0.200667 0.389762
   0.999      0.9 0.395333 0.447165
  0.9999      0.9    0.432 0.473854
       0        1     0.49     0.49
     0.2        1    0.244 0.273472
     0.4        1 0.222667 0.277591
     0.6        1    0.172 0.286718
     0.8        1 0.172667 0.308412
     0.9        1 0.185333 0.335692
    0.95        1 0.199333 0.365239
    0.99        1 0.227333 0.422278
   0.999        1 0.404667 0.464788
  0.9999        1 0.452667 0.488842
       0        2     0.49     0.49
     0.2        2 0.224667 0.434948
     0.4        2    0.234  0.44353
     0.6        2 0.267333 0.453882
     0.8        2 0.333333 0.467669
     0.9        2    0.418 0.477607
    0.95        2     0.43 0.484691
    0.99        2 0.436667 0.494429
   0.999        2 0.489333 0.499209
  0.9999        2      0.5 0.499916
       0        4     0.49     0.49
     0.2        4 0.419333 0.484949
     0.4        4    0.422 0.486208
     0.6        4 0.424667   0.4876
     0.8        4 0.428667 0.489339
     0.9        4    0.482 0.490782
    0.95        4 0.489333  0.49233
    0.99        4     0.49  0.49648
   0.999        4     0.49 0.499495
  0.9999        4      0.5 0.499947