       0     0.05 0.196667 0.496667
     0.2     0.05 0.196667 0.379333
     0.4     0.05 0.196667 0.378333
     0.6     0.05 0.196667    0.378
     0.8     0.05 0.196667 0.376333
     0.9     0.05 0.196667 0.375667
    0.95     0.05 0.196667 0.375667
    0.99     0.05 0.196667    0.375
   0.999     0.05 0.196667 0.373333
  0.9999     0.05 0.196667    0.373
       0      0.1 0.196667 0.496667
     0.2      0.1    0.294 0.286669
     0.4      0.1    0.282 0.278938
     0.6      0.1    0.272 0.270352
     0.8      0.1 0.256667 0.256832
     0.9      0.1 0.245333 0.249154
    0.95      0.1    0.242 0.242165
    0.99      0.1 0.235333 0.228931
   0.999      0.1 0.203333 0.202155
  0.9999      0.1    0.184 0.184219
       0     0.15 0.196667 0.496667
     0.2     0.15    0.314 0.316587
     0.4     0.15 0.283333 0.289008
     0.6     0.15 0.287333 0.278769
     0.8     0.15 0.260667 0.260344
     0.9     0.15    0.254   0.2452
    0.95     0.15    0.226 0.228565
    0.99     0.15      0.2 0.196215
   0.999     0.15 0.175333  0.17507
  0.9999     0.15    0.164 0.165687
       0      0.2 0.196667 0.496667
     0.2      0.2 0.449333 0.437777
     0.4      0.2 0.327333 0.340281
     0.6      0.2 0.287333 0.294555
     0.8      0.2     0.27 0.266101
     0.9      0.2    0.242 0.244057
    0.95      0.2    0.236 0.226049
    0.99      0.2     0.18 0.189382
   0.999      0.2 0.157333 0.155147
  0.9999      0.2 0.120667  0.12182
       0      0.3 0.196667 0.496667
     0.2      0.3     0.48 0.478922
     0.4      0.3 0.478667 0.467731
     0.6      0.3     0.46 0.436001
     0.8      0.3 0.313333 0.345397
     0.9      0.3 0.265333 0.277807
    0.95      0.3    0.242 0.234518
    0.99      0.3 0.130667 0.150362
   0.999      0.3 0.113333 0.115652
  0.9999      0.3    0.112 0.112606
       0      0.4 0.196667 0.496667
     0.2      0.4 0.492667 0.487845
     0.4      0.4 0.483333 0.477122
     0.6      0.4    0.474  0.45727
     0.8      0.4 0.443333 0.396876
     0.9      0.4    0.286 0.313795
    0.95      0.4     0.21 0.237056
    0.99      0.4    0.116 0.139084
   0.999      0.4 0.111333 0.116524
  0.9999      0.4 0.110667 0.119014
       0      0.5 0.196667 0.496667
     0.2      0.5 0.502667 0.493398
     0.4      0.5 0.497333 0.481249
     0.6      0.5 0.486667 0.458356
     0.8      0.5 0.451333 0.397043
     0.9      0.5 0.295333 0.314956
    0.95      0.5 0.164667 0.239467
    0.99      0.5    0.114 0.152851
   0.999      0.5     0.11 0.130421
  0.9999      0.5 0.114667  0.14637
       0      0.6 0.196667 0.496667
     0.2      0.6 0.507333 0.491421
     0.4      0.6 0.502667 0.477265
     0.6      0.6 0.493333 0.449696
     0.8      0.6 0.443333 0.383111
     0.9      0.6 0.269333 0.306916
    0.95      0.6 0.143333 0.244542
    0.99      0.6 0.113333 0.174945
   0.999      0.6 0.110667 0.162822
  0.9999      0.6     0.19 0.199457
       0      0.7 0.196667 0.496667
     0.2      0.7 0.509333 0.483682
     0.4      0.7 0.502667 0.466379
     0.6      0.7    0.492 0.434109
     0.8      0.7 0.425333  0.36621
     0.9      0.7 0.202667 0.301075
    0.95      0.7 0.129333 0.253638
    0.99      0.7 0.110667  0.20562
   0.999      0.7 0.157333  0.21968
  0.9999      0.7 0.198667 0.249329
       0      0.8 0.196667 0.496667
     0.2      0.8    0.508  0.47267
     0.4      0.8    0.496 0.452987
     0.6      0.8 0.479333 0.418959
     0.8      0.8 0.370667 0.356866
     0.9      0.8 0.160667 0.305892
    0.95      0.8 0.119333  0.27287
    0.99      0.8 0.114667 0.250554
   0.999      0.8 0.193333  0.27746
  0.9999      0.8      0.2 0.291801
       0      0.9 0.196667 0.496667
     0.2      0.9 0.494667 0.460807
     0.4      0.9 0.487333 0.440668
     0.6      0.9 0.467333   0.4088
     0.8      0.9    0.326 0.357832
     0.9      0.9 0.141333 0.321861
    0.95      0.9 0.115333 0.302575
    0.99      0.9    0.136  0.30191
   0.999      0.9 0.197333 0.324799
  0.9999      0.9      0.2 0.331266
       0        1 0.196667 0.496667
     0.2        1 0.484667 0.450393
     0.4        1    0.474 0.431967
     0.6        1 0.449333 0.405318
     0.8        1    0.282 0.367852
     0.9        1     0.13 0.345968
    0.95        1 0.115333 0.338174
    0.99        1 0.176667 0.348534
   0.999        1 0.197333 0.363828
  0.9999        1      0.2 0.367094
       0        2 0.196667 0.496667
     0.2        2 0.433333 0.468789
     0.4        2     0.41 0.470723
     0.6        2    0.378 0.473559
     0.8        2 0.257333 0.477893
     0.9        2    0.132  0.48099
    0.95        2 0.171333 0.482967
    0.99        2 0.196667 0.485489
   0.999        2 0.196667 0.487492
  0.9999        2      0.2 0.487961
       0        4 0.196667 0.496667
     0.2        4 0.423333 0.492173
     0.4        4 0.412667 0.492906
     0.6        4 0.387333 0.493693
     0.8        4 0.319333 0.494564
     0.9        4 0.193333 0.495095
    0.95        4    0.146   0.4955
    0.99        4 0.196667 0.496628
   0.999        4 0.196667 0.498242
  0.9999        4 0.196667 0.498634