       0     0.05 0.494667     0.49
     0.2     0.05    0.496 0.494133
     0.4     0.05    0.496 0.494351
     0.6     0.05    0.496 0.494835
     0.8     0.05 0.492667 0.495537
     0.9     0.05 0.498667 0.495887
    0.95     0.05 0.500667 0.495935
    0.99     0.05    0.492 0.497183
   0.999     0.05 0.488667 0.499541
  0.9999     0.05    0.504 0.499994
       0      0.1 0.494667     0.49
     0.2      0.1 0.494667 0.492947
     0.4      0.1    0.494 0.493358
     0.6      0.1 0.496667 0.493441
     0.8      0.1    0.498 0.493032
     0.9      0.1    0.484 0.492799
    0.95      0.1 0.490667 0.493311
    0.99      0.1    0.486 0.496641
   0.999      0.1    0.486 0.499516
  0.9999      0.1 0.494667 0.499958
       0     0.15 0.494667     0.49
     0.2     0.15     0.49 0.492288
     0.4     0.15    0.488 0.492093
     0.6     0.15    0.484 0.491746
     0.8     0.15 0.489333 0.491423
     0.9     0.15 0.483333 0.491763
    0.95     0.15 0.486667 0.492803
    0.99     0.15    0.486 0.496597
   0.999     0.15 0.484667  0.49951
  0.9999     0.15 0.495333  0.49995
       0      0.2 0.494667     0.49
     0.2      0.2    0.492   0.4913
     0.4      0.2 0.488667 0.491021
     0.6      0.2 0.487333 0.490783
     0.8      0.2 0.484667 0.490853
     0.9      0.2 0.487333 0.491508
    0.95      0.2    0.486 0.492708
    0.99      0.2    0.488 0.496588
   0.999      0.2 0.485333 0.499502
  0.9999      0.2 0.485333  0.49994
       0      0.3 0.494667     0.49
     0.2      0.3     0.48 0.489921
     0.4      0.3 0.483333 0.489952
     0.6      0.3 0.482667 0.490094
     0.8      0.3    0.482 0.490584
     0.9      0.3 0.479333 0.491422
    0.95      0.3    0.476 0.492684
    0.99      0.3 0.495333 0.496592
   0.999      0.3 0.485333 0.499498
  0.9999      0.3 0.485333 0.499934
       0      0.4 0.494667     0.49
     0.2      0.4    0.472 0.489688
     0.4      0.4 0.469333 0.489823
     0.6      0.4 0.469333 0.490054
     0.8      0.4 0.470667   0.4906
     0.9      0.4 0.475333 0.491444
    0.95      0.4 0.482667 0.492703
    0.99      0.4 0.485333 0.496609
   0.999      0.4 0.485333 0.499504
  0.9999      0.4 0.485333 0.499936
       0      0.5 0.494667     0.49
     0.2      0.5 0.471333 0.489749
     0.4      0.5 0.472667 0.489889
     0.6      0.5 0.470667 0.490115
     0.8      0.5    0.472 0.490643
     0.9      0.5 0.473333 0.491471
    0.95      0.5 0.484667 0.492722
    0.99      0.5 0.485333 0.496623
   0.999      0.5 0.485333  0.49951
  0.9999      0.5 0.485333 0.499939
       0      0.6 0.494667     0.49
     0.2      0.6    0.476 0.489827
     0.4      0.6 0.471333 0.489956
     0.6      0.6 0.471333 0.490167
     0.8      0.6 0.469333 0.490673
     0.9      0.6     0.48 0.491489
    0.95      0.6 0.485333 0.492733
    0.99      0.6 0.485333 0.496632
   0.999      0.6 0.485333 0.499514
  0.9999      0.6 0.485333 0.499942
       0      0.7 0.494667     0.49
     0.2      0.7    0.472 0.489885
     0.4      0.7 0.474667 0.490003
     0.6      0.7 0.473333 0.490201
     0.8      0.7 0.471333 0.490692
     0.9      0.7 0.485333   0.4915
    0.95      0.7 0.487333  0.49274
    0.99      0.7 0.485333 0.496637
   0.999      0.7 0.485333 0.499516
  0.9999      0.7 0.485333 0.499943
       0      0.8 0.494667     0.49
     0.2      0.8 0.472667 0.489925
     0.4      0.8 0.475333 0.490034
     0.6      0.8    0.472 0.490224
     0.8      0.8 0.476667 0.490705
     0.9      0.8 0.487333 0.491507
    0.95      0.8    0.492 0.492744
    0.99      0.8 0.485333  0.49664
   0.999      0.8 0.485333 0.499518
  0.9999      0.8 0.485333 0.499945
       0      0.9 0.494667     0.49
     0.2      0.9    0.472 0.489952
     0.4      0.9 0.474667 0.490056
     0.6      0.9    0.474 0.490239
     0.8      0.9 0.476667 0.490713
     0.9      0.9 0.482667 0.491511
    0.95      0.9    0.494 0.492747
    0.99      0.9 0.485333 0.496642
   0.999      0.9 0.485333 0.499519
  0.9999      0.9 0.485333 0.499946
       0        1 0.494667     0.49
     0.2        1 0.473333 0.489972
     0.4        1    0.476 0.490071
     0.6        1 0.472667  0.49025
     0.8        1    0.478 0.490719
     0.9        1    0.488 0.491515
    0.95        1 0.495333 0.492749
    0.99        1 0.485333 0.496643
   0.999        1 0.485333  0.49952
  0.9999        1 0.485333 0.499947
       0        2 0.494667     0.49
     0.2        2 0.473333 0.490031
     0.4        2    0.472 0.490118
     0.6        2    0.478 0.490282
     0.8        2 0.480667 0.490736
     0.9        2 0.488667 0.491524
    0.95        2    0.494 0.492754
    0.99        2 0.485333 0.496645
   0.999        2 0.485333 0.499523
  0.9999        2 0.485333 0.499949
       0        4 0.494667     0.49
     0.2        4 0.471333 0.490045
     0.4        4 0.473333 0.490128
     0.6        4 0.478667 0.490289
     0.8        4 0.479333  0.49074
     0.9        4 0.487333 0.491526
    0.95        4 0.494667 0.492755
    0.99        4 0.485333 0.496646
   0.999        4 0.485333 0.499523
  0.9999        4 0.485333  0.49995