        0      0.05  0.166667  0.466667
        0       0.1  0.166667  0.466667
        0      0.15  0.166667  0.466667
        0       0.2  0.166667  0.466667
        0      0.25  0.166667  0.466667
        0       0.3  0.166667  0.466667
        0      0.35  0.166667  0.466667
        0       0.4  0.166667  0.466667
        0      0.45  0.166667  0.466667
        0       0.5  0.166667  0.466667
        0      0.55  0.166667  0.466667
        0       0.6  0.166667  0.466667
        0      0.65  0.166667  0.466667
        0       0.7  0.166667  0.466667
        0      0.75  0.166667  0.466667
        0       0.8  0.166667  0.466667
        0      0.85  0.166667  0.466667
        0       0.9  0.166667  0.466667
        0      0.95  0.166667  0.466667
        0         2  0.166667  0.466667
        0         4  0.166667  0.466667
        0         8  0.166667  0.466667
        0        16  0.166667  0.466667
      0.1      0.05  0.166667  0.466667
      0.1       0.1  0.160667  0.199304
      0.1      0.15      0.07 0.0690579
      0.1       0.2 0.0773333 0.0756348
      0.1      0.25     0.076 0.0766114
      0.1       0.3 0.0753333 0.0770159
      0.1      0.35     0.074 0.0782353
      0.1       0.4 0.0773333 0.0805702
      0.1      0.45     0.082 0.0825626
      0.1       0.5     0.084 0.0844962
      0.1      0.55     0.082 0.0862938
      0.1       0.6 0.0826667  0.088156
      0.1      0.65 0.0846667 0.0899395
      0.1       0.7 0.0806667 0.0916855
      0.1      0.75 0.0826667 0.0934995
      0.1       0.8     0.082 0.0955552
      0.1      0.85 0.0846667 0.0980453
      0.1       0.9     0.088  0.100991
      0.1      0.95 0.0906667  0.104328
      0.1         2 0.0966667  0.241903
      0.1         4  0.201333  0.419787
      0.1         8     0.236  0.457147
      0.1        16     0.238  0.464577
      0.2      0.05  0.166667  0.466667
      0.2       0.1  0.160667  0.199204
      0.2      0.15     0.072 0.0705724
      0.2       0.2 0.0733333 0.0740872
      0.2      0.25     0.076 0.0756996
      0.2       0.3 0.0733333 0.0764776
      0.2      0.35 0.0746667 0.0766105
      0.2       0.4 0.0733333 0.0774744
      0.2      0.45 0.0773333 0.0792182
      0.2       0.5      0.08 0.0809225
      0.2      0.55 0.0806667 0.0826994
      0.2       0.6 0.0786667 0.0845424
      0.2      0.65 0.0786667 0.0864691
      0.2       0.7 0.0766667   0.08838
      0.2      0.75 0.0753333 0.0902752
      0.2       0.8 0.0786667 0.0922928
      0.2      0.85 0.0786667 0.0945543
      0.2       0.9 0.0806667 0.0971774
      0.2      0.95     0.082  0.100252
      0.2         2 0.0886667  0.246215
      0.2         4     0.192  0.422497
      0.2         8      0.23  0.457985
      0.2        16  0.235333  0.465013
      0.3      0.05  0.166667  0.466667
      0.3       0.1  0.160667  0.199029
      0.3      0.15 0.0726667  0.071112
      0.3       0.2     0.074 0.0738932
      0.3      0.25 0.0733333  0.074682
      0.3       0.3 0.0733333 0.0756132
      0.3      0.35 0.0746667  0.075915
      0.3       0.4     0.074 0.0760122
      0.3      0.45     0.074 0.0768601
      0.3       0.5 0.0746667 0.0783236
      0.3      0.55 0.0773333  0.079927
      0.3       0.6     0.078 0.0816599
      0.3      0.65 0.0733333 0.0835111
      0.3       0.7 0.0726667 0.0854434
      0.3      0.75 0.0693333 0.0874027
      0.3       0.8 0.0713333 0.0894368
      0.3      0.85     0.072 0.0916775
      0.3       0.9     0.074 0.0942473
      0.3      0.95 0.0746667 0.0972436
      0.3         2 0.0846667  0.251257
      0.3         4  0.183333  0.425329
      0.3         8  0.226667  0.458904
      0.3        16  0.228667  0.465527
      0.4      0.05  0.166667  0.466667
      0.4       0.1  0.160667  0.198764
      0.4      0.15 0.0673333 0.0711249
      0.4       0.2     0.076 0.0742803
      0.4      0.25 0.0693333  0.073992
      0.4       0.3 0.0713333 0.0745857
      0.4      0.35 0.0726667 0.0750038
      0.4       0.4 0.0733333 0.0750152
      0.4      0.45 0.0726667 0.0752436
      0.4       0.5 0.0713333 0.0761435
      0.4      0.55     0.072 0.0775119
      0.4       0.6 0.0713333 0.0790899
      0.4      0.65      0.07 0.0808177
      0.4       0.7 0.0693333 0.0826679
      0.4      0.75 0.0686667  0.084614
      0.4       0.8 0.0686667 0.0866717
      0.4      0.85 0.0686667 0.0889336
      0.4       0.9     0.068 0.0915279
      0.4      0.95      0.07 0.0945632
      0.4         2 0.0806667  0.257189
      0.4         4  0.172667  0.428317
      0.4         8  0.218667  0.459938
      0.4        16     0.226  0.466154
      0.5      0.05  0.166667  0.466667
      0.5       0.1     0.154  0.198387
      0.5      0.15 0.0673333 0.0709259
      0.5       0.2 0.0726667 0.0746015
      0.5      0.25      0.07 0.0737861
      0.5       0.3      0.07 0.0737422
      0.5      0.35 0.0706667 0.0739262
      0.5       0.4      0.07 0.0739162
      0.5      0.45 0.0706667  0.073893
      0.5       0.5 0.0706667 0.0743158
      0.5      0.55 0.0686667 0.0752864
      0.5       0.6 0.0686667 0.0766305
      0.5      0.65     0.068  0.078194
      0.5       0.7 0.0666667 0.0799182
      0.5      0.75     0.064 0.0817911
      0.5       0.8 0.0653333 0.0838397
      0.5      0.85     0.066 0.0861413
      0.5       0.9     0.066 0.0888113
      0.5      0.95 0.0666667 0.0919628
      0.5         2 0.0806667  0.264248
      0.5         4  0.159333  0.431512
      0.5         8  0.205333  0.461146
      0.5        16  0.211333  0.466953
      0.6      0.05  0.166667  0.466667
      0.6       0.1     0.154  0.197873
      0.6      0.15 0.0673333  0.070629
      0.6       0.2 0.0726667 0.0746837
      0.6      0.25     0.072 0.0738086
      0.6       0.3 0.0673333  0.073194
      0.6      0.35 0.0686667 0.0728853
      0.6       0.4 0.0673333 0.0726325
      0.6      0.45 0.0706667 0.0724284
      0.6       0.5      0.07 0.0725453
      0.6      0.55     0.066 0.0731393
      0.6       0.6     0.064 0.0741532
      0.6      0.65     0.066  0.075474
      0.6       0.7     0.064 0.0770268
      0.6      0.75 0.0626667  0.078794
      0.6       0.8 0.0613333 0.0808148
      0.6      0.85     0.062 0.0831727
      0.6       0.9     0.062 0.0859778
      0.6      0.95 0.0626667 0.0893376
      0.6         2 0.0753333  0.272792
      0.6         4  0.130667  0.435016
      0.6         8      0.18  0.462636
      0.6        16  0.190667  0.468035
      0.7      0.05  0.166667  0.466667
      0.7       0.1     0.154  0.197207
      0.7      0.15 0.0673333 0.0702463
      0.7       0.2     0.072 0.0745168
      0.7      0.25 0.0726667 0.0737874
      0.7       0.3 0.0693333 0.0728117
      0.7      0.35 0.0673333 0.0719127
      0.7       0.4     0.068 0.0711642
      0.7      0.45 0.0653333 0.0706273
      0.7       0.5     0.064 0.0704535
      0.7      0.55 0.0653333 0.0707242
      0.7       0.6     0.062 0.0713974
      0.7      0.65      0.06 0.0724141
      0.7       0.7 0.0613333 0.0737442
      0.7      0.75 0.0593333 0.0753916
      0.7       0.8 0.0586667 0.0774073
      0.7      0.85 0.0586667  0.079886
      0.7       0.9 0.0586667   0.08294
      0.7      0.95     0.058 0.0866676
      0.7         2 0.0693333  0.283398
      0.7         4  0.116667  0.439037
      0.7         8     0.166  0.464635
      0.7        16  0.180667  0.469626
      0.8      0.05  0.166667  0.466667
      0.8       0.1     0.154   0.19642
      0.8      0.15 0.0673333 0.0697931
      0.8       0.2     0.072 0.0741482
      0.8      0.25     0.072 0.0735448
      0.8       0.3     0.072  0.072282
      0.8      0.35     0.068 0.0707206
      0.8       0.4 0.0666667   0.06925
      0.8      0.45 0.0646667 0.0681706
      0.8       0.5 0.0626667  0.067574
      0.8      0.55 0.0606667  0.067456
      0.8       0.6     0.058 0.0677525
      0.8      0.65 0.0546667  0.068435
      0.8       0.7     0.056 0.0695386
      0.8      0.75     0.052  0.071124
      0.8       0.8 0.0533333 0.0732718
      0.8      0.85 0.0546667 0.0760908
      0.8       0.9 0.0506667 0.0796914
      0.8      0.95      0.05 0.0841478
      0.8         2     0.062  0.297147
      0.8         4  0.121333  0.444103
      0.8         8     0.168  0.467704
      0.8        16     0.174   0.47229
      0.9      0.05  0.166667  0.466667
      0.9       0.1     0.154  0.195676
      0.9      0.15 0.0666667  0.069334
      0.9       0.2 0.0713333 0.0736197
      0.9      0.25 0.0713333 0.0728245
      0.9       0.3 0.0713333 0.0708533
      0.9      0.35 0.0633333 0.0681687
      0.9       0.4 0.0606667  0.065686
      0.9      0.45 0.0573333 0.0639562
      0.9       0.5 0.0546667 0.0628306
      0.9      0.55 0.0546667 0.0621424
      0.9       0.6     0.052 0.0618601
      0.9      0.65 0.0506667 0.0621295
      0.9       0.7 0.0473333 0.0631508
      0.9      0.75     0.046 0.0650551
      0.9       0.8      0.04 0.0679501
      0.9      0.85 0.0406667 0.0719419
      0.9       0.9      0.04 0.0770839
      0.9      0.95 0.0373333 0.0833417
      0.9         2 0.0526667  0.316957
      0.9         4  0.165333  0.452045
      0.9         8  0.166667   0.47372
      0.9        16  0.166667  0.477906
        1      0.05       0.2       0.5
        1       0.1       0.2       0.5
        1      0.15       0.2       0.5
        1       0.2       0.2       0.5
        1      0.25       0.2       0.5
        1       0.3       0.2       0.5
        1      0.35       0.2       0.5
        1       0.4       0.2       0.5
        1      0.45       0.2       0.5
        1       0.5       0.2       0.5
        1      0.55       0.2       0.5
        1       0.6       0.2       0.5
        1      0.65       0.2       0.5
        1       0.7       0.2       0.5
        1      0.75       0.2       0.5
        1       0.8       0.2       0.5
        1      0.85       0.2       0.5
        1       0.9       0.2       0.5
        1      0.95       0.2       0.5
        1         2       0.2       0.5
        1         4       0.2       0.5
        1         8       0.2       0.5
        1        16       0.2       0.5
     0.99      0.05  0.166667  0.466667
     0.99       0.1     0.154  0.195317
     0.99      0.15 0.0673333 0.0687844
     0.99       0.2 0.0706667 0.0718791
     0.99      0.25      0.07 0.0677859
     0.99       0.3 0.0586667 0.0618723
     0.99      0.35 0.0573333 0.0580777
     0.99       0.4     0.052 0.0549212
     0.99      0.45 0.0453333 0.0522523
     0.99       0.5 0.0433333 0.0505728
     0.99      0.55 0.0406667 0.0493667
     0.99       0.6 0.0366667  0.048994
     0.99      0.65 0.0373333 0.0508652
     0.99       0.7 0.0333333 0.0557743
     0.99      0.75     0.034 0.0634104
     0.99       0.8 0.0333333 0.0730649
     0.99      0.85 0.0306667 0.0839294
     0.99       0.9 0.0286667 0.0953212
     0.99      0.95 0.0286667   0.10683
     0.99         2  0.169333  0.360083
     0.99         4  0.166667  0.471402
     0.99         8  0.166667  0.490744
     0.99        16  0.166667  0.494488
    0.999      0.05  0.166667  0.466667
    0.999       0.1  0.153333  0.194824
    0.999      0.15 0.0666667 0.0679805
    0.999       0.2      0.07 0.0681106
    0.999      0.25 0.0586667 0.0605032
    0.999       0.3     0.054  0.055922
    0.999      0.35 0.0446667 0.0504724
    0.999       0.4 0.0446667 0.0486629
    0.999      0.45 0.0413333  0.047059
    0.999       0.5      0.04  0.044082
    0.999      0.55 0.0326667 0.0435431
    0.999       0.6 0.0313333 0.0497779
    0.999      0.65 0.0326667 0.0606559
    0.999       0.7 0.0346667 0.0730699
    0.999      0.75 0.0326667 0.0853494
    0.999       0.8 0.0286667 0.0963886
    0.999      0.85     0.026  0.105693
    0.999       0.9 0.0253333  0.113687
    0.999      0.95 0.0246667  0.121536
    0.999         2  0.199333  0.375762
    0.999         4       0.2  0.476056
    0.999         8  0.191333  0.494744
    0.999        16  0.166667    0.4984