       0     0.05 0.501333 0.496667
     0.2     0.05 0.495333 0.495721
     0.4     0.05 0.492667  0.49617
     0.6     0.05    0.496 0.496573
     0.8     0.05 0.494667 0.497102
     0.9     0.05 0.497333 0.497203
    0.95     0.05    0.498 0.496668
    0.99     0.05 0.494667 0.495955
   0.999     0.05    0.494 0.498771
  0.9999     0.05 0.489333 0.499775
       0      0.1 0.501333 0.496667
     0.2      0.1 0.493333 0.496918
     0.4      0.1    0.498 0.497047
     0.6      0.1 0.496667 0.496981
     0.8      0.1 0.489333 0.496246
     0.9      0.1 0.494667 0.495364
    0.95      0.1    0.492   0.4951
    0.99      0.1 0.487333 0.496644
   0.999      0.1    0.486 0.499147
  0.9999      0.1 0.495333 0.499789
       0     0.15 0.501333 0.496667
     0.2     0.15    0.492 0.497433
     0.4     0.15 0.490667 0.496953
     0.6     0.15 0.496667 0.496201
     0.8     0.15    0.496 0.495214
     0.9     0.15 0.490667 0.494998
    0.95     0.15    0.484 0.495396
    0.99     0.15    0.498 0.497085
   0.999     0.15    0.492 0.499192
  0.9999     0.15 0.495333 0.499765
       0      0.2 0.501333 0.496667
     0.2      0.2 0.501333 0.496692
     0.4      0.2 0.496667 0.496037
     0.6      0.2 0.491333 0.495354
     0.8      0.2     0.49 0.494953
     0.9      0.2 0.487333 0.495237
    0.95      0.2     0.49 0.495799
    0.99      0.2    0.496 0.497281
   0.999      0.2    0.492 0.499199
  0.9999      0.2 0.495333 0.499743
       0      0.3 0.501333 0.496667
     0.2      0.3 0.491333 0.494753
     0.4      0.3 0.488667 0.494672
     0.6      0.3 0.491333 0.494783
     0.8      0.3    0.488 0.495265
     0.9      0.3     0.49 0.495812
    0.95      0.3    0.498 0.496306
    0.99      0.3    0.492 0.497481
   0.999      0.3    0.492 0.499246
  0.9999      0.3 0.495333  0.49975
       0      0.4 0.501333 0.496667
     0.2      0.4 0.486667 0.494465
     0.4      0.4 0.488667 0.494751
     0.6      0.4 0.486667 0.495152
     0.8      0.4    0.486 0.495745
     0.9      0.4    0.498 0.496199
    0.95      0.4 0.493333 0.496575
    0.99      0.4    0.492 0.497618
   0.999      0.4    0.492 0.499318
  0.9999      0.4 0.495333  0.49979
       0      0.5 0.501333 0.496667
     0.2      0.5 0.484667 0.494916
     0.4      0.5 0.486667 0.495232
     0.6      0.5    0.486 0.495607
     0.8      0.5    0.488 0.496085
     0.9      0.5 0.494667 0.496427
    0.95      0.5 0.487333 0.496728
    0.99      0.5    0.492 0.497717
   0.999      0.5    0.492  0.49938
  0.9999      0.5 0.495333 0.499828
       0      0.6 0.501333 0.496667
     0.2      0.6 0.488667 0.495366
     0.4      0.6    0.486  0.49563
     0.6      0.6 0.484667 0.495928
     0.8      0.6    0.492 0.496293
     0.9      0.6    0.494 0.496559
    0.95      0.6    0.486 0.496819
    0.99      0.6    0.492 0.497786
   0.999      0.6    0.492 0.499425
  0.9999      0.6 0.495333 0.499857
       0      0.7 0.501333 0.496667
     0.2      0.7 0.489333 0.495693
     0.4      0.7 0.486667 0.495904
     0.6      0.7 0.485333 0.496137
     0.8      0.7    0.492 0.496421
     0.9      0.7 0.493333  0.49664
    0.95      0.7 0.489333 0.496876
    0.99      0.7    0.492 0.497833
   0.999      0.7    0.492 0.499457
  0.9999      0.7    0.492 0.499878
       0      0.8 0.501333 0.496667
     0.2      0.8 0.487333 0.495921
     0.4      0.8 0.487333  0.49609
     0.6      0.8 0.486667 0.496275
     0.8      0.8    0.492 0.496503
     0.9      0.8    0.494 0.496692
    0.95      0.8    0.492 0.496914
    0.99      0.8    0.492 0.497867
   0.999      0.8    0.492 0.499479
  0.9999      0.8    0.492 0.499893
       0      0.9 0.501333 0.496667
     0.2      0.9 0.488667 0.496081
     0.4      0.9 0.487333 0.496218
     0.6      0.9 0.487333 0.496368
     0.8      0.9 0.490667 0.496558
     0.9      0.9    0.494 0.496727
    0.95      0.9    0.492  0.49694
    0.99      0.9    0.492 0.497891
   0.999      0.9    0.492 0.499496
  0.9999      0.9    0.492 0.499904
       0        1 0.501333 0.496667
     0.2        1    0.488 0.496196
     0.4        1 0.486667 0.496309
     0.6        1 0.486667 0.496434
     0.8        1    0.492 0.496597
     0.9        1 0.495333 0.496752
    0.95        1    0.492 0.496959
    0.99        1    0.492 0.497909
   0.999        1    0.492 0.499508
  0.9999        1    0.492 0.499912
       0        2 0.501333 0.496667
     0.2        2 0.486667 0.496557
     0.4        2    0.488 0.496592
     0.6        2    0.484 0.496637
     0.8        2     0.49 0.496716
     0.9        2 0.486667  0.49683
    0.95        2    0.492 0.497021
    0.99        2    0.492 0.497971
   0.999        2    0.492  0.49955
  0.9999        2    0.492 0.499941
       0        4 0.501333 0.496667
     0.2        4    0.486 0.496644
     0.4        4    0.486 0.496659
     0.6        4 0.481333 0.496684
     0.8        4 0.493333 0.496744
     0.9        4 0.487333 0.496849
    0.95        4    0.492 0.497036
    0.99        4    0.492 0.497987
   0.999        4    0.492 0.499561
  0.9999        4    0.492 0.499948