       0     0.05     0.49     0.49
     0.2     0.05 0.151333 0.189642
     0.4     0.05    0.146 0.199993
     0.6     0.05 0.143333 0.220751
     0.8     0.05    0.146 0.270316
     0.9     0.05    0.172 0.329248
    0.95     0.05     0.21 0.384628
    0.99     0.05 0.271333 0.464617
   0.999     0.05    0.422 0.495635
  0.9999     0.05      0.5  0.49955
       0      0.1     0.49     0.49
     0.2      0.1 0.233333 0.347807
     0.4      0.1    0.242 0.369905
     0.6      0.1 0.256667 0.398001
     0.8      0.1 0.302667  0.43511
     0.9      0.1 0.342667 0.459459
    0.95      0.1    0.354 0.474815
    0.99      0.1 0.390667 0.492353
   0.999      0.1     0.49 0.499049
  0.9999      0.1      0.5 0.499902
       0     0.15     0.49     0.49
     0.2     0.15 0.339333 0.432588
     0.4     0.15    0.356 0.443772
     0.6     0.15 0.386667 0.456189
     0.8     0.15 0.405333 0.470844
     0.9     0.15 0.427333 0.480207
    0.95     0.15    0.416   0.4865
    0.99     0.15 0.466667 0.495177
   0.999     0.15     0.49  0.49936
  0.9999     0.15      0.5 0.499934
       0      0.2     0.49     0.49
     0.2      0.2 0.432667 0.463064
     0.4      0.2 0.449333 0.467868
     0.6      0.2 0.445333 0.473467
     0.8      0.2 0.445333 0.480696
     0.9      0.2 0.433333 0.485822
    0.95      0.2 0.400667 0.489639
    0.99      0.2     0.49 0.495914
   0.999      0.2     0.49  0.49944
  0.9999      0.2      0.5 0.499942
       0      0.3     0.49     0.49
     0.2      0.3 0.458667 0.478123
     0.4      0.3 0.457333 0.480261
     0.6      0.3    0.454  0.48293
     0.8      0.3     0.44 0.486537
     0.9      0.3 0.387333 0.489245
    0.95      0.3 0.451333 0.491545
    0.99      0.3     0.49 0.496359
   0.999      0.3     0.49 0.499489
  0.9999      0.3      0.5 0.499947
       0      0.4     0.49     0.49
     0.2      0.4 0.464667 0.482568
     0.4      0.4 0.463333  0.48415
     0.6      0.4 0.454667 0.486014
     0.8      0.4 0.415333 0.488426
     0.9      0.4 0.400667 0.490312
    0.95      0.4     0.49 0.492123
    0.99      0.4     0.49 0.496498
   0.999      0.4     0.49 0.499506
  0.9999      0.4      0.5 0.499948
       0      0.5     0.49     0.49
     0.2      0.5 0.468667 0.484965
     0.4      0.5 0.462667 0.486154
     0.6      0.5 0.453333 0.487517
     0.8      0.5 0.400667 0.489283
     0.9      0.5    0.448 0.490775
    0.95      0.5     0.49 0.492368
    0.99      0.5     0.49 0.496557
   0.999      0.5     0.49 0.499513
  0.9999      0.5      0.5 0.499949
       0      0.6     0.49     0.49
     0.2      0.6 0.469333 0.486409
     0.4      0.6 0.462667 0.487319
     0.6      0.6     0.45 0.488357
     0.8      0.6 0.387333 0.489741
     0.9      0.6 0.479333 0.491016
    0.95      0.6     0.49 0.492494
    0.99      0.6     0.49 0.496587
   0.999      0.6     0.49 0.499517
  0.9999      0.6      0.5  0.49995
       0      0.7     0.49     0.49
     0.2      0.7 0.471333 0.487329
     0.4      0.7 0.462667 0.488047
     0.6      0.7     0.45  0.48887
     0.8      0.7 0.382667 0.490013
     0.9      0.7    0.488 0.491156
    0.95      0.7     0.49 0.492567
    0.99      0.7     0.49 0.496604
   0.999      0.7     0.49 0.499519
  0.9999      0.7      0.5  0.49995
       0      0.8     0.49     0.49
     0.2      0.8 0.471333 0.487946
     0.4      0.8 0.462667 0.488527
     0.6      0.8 0.447333 0.489203
     0.8      0.8 0.379333 0.490187
     0.9      0.8 0.489333 0.491246
    0.95      0.8     0.49 0.492613
    0.99      0.8     0.49 0.496615
   0.999      0.8     0.49  0.49952
  0.9999      0.8      0.5  0.49995
       0      0.9     0.49     0.49
     0.2      0.9    0.472 0.488376
     0.4      0.9    0.464  0.48886
     0.6      0.9 0.446667 0.489432
     0.8      0.9    0.376 0.490306
     0.9      0.9     0.49 0.491306
    0.95      0.9     0.49 0.492644
    0.99      0.9     0.49 0.496622
   0.999      0.9     0.49 0.499521
  0.9999      0.9 0.493333  0.49995
       0        1     0.49     0.49
     0.2        1 0.470667 0.488688
     0.4        1 0.463333   0.4891
     0.6        1 0.444667 0.489596
     0.8        1 0.378667  0.49039
     0.9        1     0.49 0.491349
    0.95        1     0.49 0.492665
    0.99        1     0.49 0.496627
   0.999        1     0.49 0.499522
  0.9999        1     0.49  0.49995
       0        2     0.49     0.49
     0.2        2 0.470667 0.489705
     0.4        2    0.462 0.489872
     0.6        2    0.442 0.490118
     0.8        2    0.386 0.490654
     0.9        2     0.49 0.491483
    0.95        2     0.49 0.492733
    0.99        2     0.49 0.496641
   0.999        2     0.49 0.499523
  0.9999        2     0.49  0.49995
       0        4     0.49     0.49
     0.2        4     0.47 0.489963
     0.4        4    0.462 0.490067
     0.6        4 0.441333 0.490248
     0.8        4    0.394  0.49072
     0.9        4     0.49 0.491515
    0.95        4     0.49  0.49275
    0.99        4     0.49 0.496645
   0.999        4     0.49 0.499524
  0.9999        4     0.49  0.49995