       0     0.05 0.473333 0.493333
     0.2     0.05    0.188 0.196914
     0.4     0.05    0.188 0.204193
     0.6     0.05 0.189333 0.217393
     0.8     0.05    0.186 0.250333
     0.9     0.05 0.194667 0.296167
    0.95     0.05 0.220667 0.349273
    0.99     0.05 0.287333 0.447736
   0.999     0.05 0.474667 0.491606
  0.9999     0.05     0.48 0.497364
       0      0.1 0.473333 0.493333
     0.2      0.1    0.178  0.24916
     0.4      0.1 0.176667  0.26995
     0.6      0.1 0.182667 0.301555
     0.8      0.1 0.218667 0.357462
     0.9      0.1 0.278667 0.406787
    0.95      0.1    0.274 0.442754
    0.99      0.1 0.413333 0.482798
   0.999      0.1 0.478667 0.495946
  0.9999      0.1     0.48 0.497552
       0     0.15 0.473333 0.493333
     0.2     0.15 0.195333 0.320069
     0.4     0.15    0.216 0.343786
     0.6     0.15    0.244 0.375595
     0.8     0.15    0.272 0.420741
     0.9     0.15 0.278667 0.451439
    0.95     0.15 0.358667 0.470255
    0.99     0.15 0.473333 0.489648
   0.999     0.15 0.479333 0.496469
  0.9999     0.15     0.48 0.497369
       0      0.2 0.473333 0.493333
     0.2      0.2 0.246667 0.376288
     0.4      0.2    0.264 0.396949
     0.6      0.2 0.272667 0.421714
     0.8      0.2 0.278667 0.451976
     0.9      0.2     0.35 0.470166
    0.95      0.2 0.433333 0.480782
    0.99      0.2 0.473333 0.492044
   0.999      0.2     0.48 0.496676
  0.9999      0.2     0.48 0.497343
       0      0.3 0.473333 0.493333
     0.2      0.3 0.272667 0.444317
     0.4      0.3 0.269333 0.454668
     0.6      0.3 0.286667 0.465702
     0.8      0.3 0.364667 0.477772
     0.9      0.3 0.465333 0.484618
    0.95      0.3 0.473333 0.488693
    0.99      0.3 0.473333 0.494021
   0.999      0.3     0.48  0.49716
  0.9999      0.3     0.48 0.497666
       0      0.4 0.473333 0.493333
     0.2      0.4    0.292 0.472909
     0.4      0.4 0.299333 0.477216
     0.6      0.4 0.340667 0.481731
     0.8      0.4 0.451333 0.486655
     0.9      0.4 0.473333 0.489551
    0.95      0.4 0.473333 0.491495
    0.99      0.4 0.473333 0.495013
   0.999      0.4 0.478667 0.497703
  0.9999      0.4     0.48 0.498157
       0      0.5 0.473333 0.493333
     0.2      0.5 0.316667 0.483986
     0.4      0.5    0.332 0.485861
     0.6      0.5    0.402 0.487849
     0.8      0.5 0.473333 0.490088
     0.9      0.5 0.473333  0.49154
    0.95      0.5 0.473333 0.492727
    0.99      0.5 0.473333 0.495619
   0.999      0.5 0.473333  0.49815
  0.9999      0.5     0.48 0.498584
       0      0.6 0.473333 0.493333
     0.2      0.6 0.343333 0.488587
     0.4      0.6 0.369333 0.489474
     0.6      0.6     0.43 0.490438
     0.8      0.6 0.473333 0.491593
     0.9      0.6 0.473333  0.49247
    0.95      0.6 0.473333  0.49336
    0.99      0.6 0.473333 0.496011
   0.999      0.6 0.473333 0.498478
  0.9999      0.6     0.48 0.498903
       0      0.7 0.473333 0.493333
     0.2      0.7     0.36 0.490702
     0.4      0.7 0.382667 0.491154
     0.6      0.7 0.444667 0.491665
     0.8      0.7 0.473333 0.492342
     0.9      0.7 0.473333 0.492967
    0.95      0.7 0.473333 0.493727
    0.99      0.7 0.473333 0.496273
   0.999      0.7 0.473333 0.498712
  0.9999      0.7     0.48 0.499133
       0      0.8 0.473333 0.493333
     0.2      0.8 0.374667 0.491769
     0.4      0.8 0.392667 0.492013
     0.6      0.8    0.452 0.492308
     0.8      0.8 0.473333 0.492755
     0.9      0.8 0.473333  0.49326
    0.95      0.8 0.473333 0.493959
    0.99      0.8 0.473333 0.496456
   0.999      0.8 0.473333  0.49888
  0.9999      0.8     0.48 0.499299
       0      0.9 0.473333 0.493333
     0.2      0.9    0.376  0.49235
     0.4      0.9 0.402667 0.492489
     0.6      0.9 0.457333 0.492674
     0.8      0.9 0.473333 0.493004
     0.9      0.9 0.473333 0.493447
    0.95      0.9 0.473333 0.494115
    0.99      0.9 0.473333 0.496587
   0.999      0.9 0.473333 0.499004
  0.9999      0.9     0.48 0.499421
       0        1 0.473333 0.493333
     0.2        1 0.379333 0.492687
     0.4        1 0.410667 0.492771
     0.6        1 0.462667 0.492896
     0.8        1 0.473333 0.493164
     0.9        1 0.473333 0.493574
    0.95        1 0.473333 0.494225
    0.99        1 0.473333 0.496684
   0.999        1 0.473333 0.499097
  0.9999        1     0.48 0.499513
       0        2 0.473333 0.493333
     0.2        2 0.384667 0.493309
     0.4        2 0.422667 0.493327
     0.6        2 0.473333 0.493382
     0.8        2 0.473333 0.493571
     0.9        2 0.473333  0.49394
    0.95        2 0.473333 0.494569
    0.99        2 0.473333 0.497012
   0.999        2 0.473333 0.499418
  0.9999        2 0.473333 0.499834
       0        4 0.473333 0.493333
     0.2        4 0.385333 0.493351
     0.4        4    0.426 0.493382
     0.6        4 0.473333 0.493447
     0.8        4 0.473333 0.493648
     0.9        4 0.473333 0.494022
    0.95        4 0.473333 0.494654
    0.99        4 0.473333 0.497098
   0.999        4 0.473333 0.499505
  0.9999        4 0.473333 0.499921