       0     0.05 0.496667 0.496667
     0.2     0.05 0.398667    0.362
     0.4     0.05 0.401333    0.362
     0.6     0.05 0.403333 0.362333
     0.8     0.05    0.404 0.362333
     0.9     0.05 0.405333 0.362333
    0.95     0.05 0.405333 0.362333
    0.99     0.05 0.409333 0.364333
   0.999     0.05 0.410667 0.367667
  0.9999     0.05    0.412 0.369667
       0      0.1 0.496667 0.496667
     0.2      0.1 0.484667 0.445943
     0.4      0.1    0.488 0.456111
     0.6      0.1 0.496667 0.465305
     0.8      0.1 0.494667 0.471115
     0.9      0.1     0.49 0.469977
    0.95      0.1 0.489333 0.469333
    0.99      0.1 0.481333 0.467163
   0.999      0.1 0.481333 0.460878
  0.9999      0.1     0.48 0.457028
       0     0.15 0.496667 0.496667
     0.2     0.15 0.409333 0.408366
     0.4     0.15    0.414 0.413827
     0.6     0.15 0.421333 0.420478
     0.8     0.15 0.434667  0.43084
     0.9     0.15 0.434667 0.435246
    0.95     0.15 0.436667 0.436601
    0.99     0.15    0.436 0.436104
   0.999     0.15 0.435333 0.435684
  0.9999     0.15    0.436 0.436278
       0      0.2 0.496667 0.496667
     0.2      0.2    0.398  0.39948
     0.4      0.2 0.408667  0.40567
     0.6      0.2 0.412667 0.413467
     0.8      0.2    0.424 0.423727
     0.9      0.2 0.429333 0.431811
    0.95      0.2 0.437333 0.436862
    0.99      0.2    0.436 0.436879
   0.999      0.2 0.437333 0.437217
  0.9999      0.2 0.433333 0.433714
       0      0.3 0.496667 0.496667
     0.2      0.3 0.413333 0.419877
     0.4      0.3 0.400667 0.404732
     0.6      0.3 0.403333 0.405053
     0.8      0.3    0.426 0.421873
     0.9      0.3 0.430667 0.431377
    0.95      0.3 0.440667  0.43796
    0.99      0.3 0.439333 0.438445
   0.999      0.3 0.437333 0.430435
  0.9999      0.3 0.435333 0.414219
       0      0.4 0.496667 0.496667
     0.2      0.4 0.443333 0.428729
     0.4      0.4     0.41 0.418643
     0.6      0.4    0.398 0.415341
     0.8      0.4    0.426 0.425952
     0.9      0.4 0.431333  0.43683
    0.95      0.4 0.443333 0.447247
    0.99      0.4    0.452 0.453429
   0.999      0.4    0.456 0.440881
  0.9999      0.4 0.443333 0.430015
       0      0.5 0.496667 0.496667
     0.2      0.5 0.412667  0.42178
     0.4      0.5    0.422 0.418882
     0.6      0.5    0.402 0.421255
     0.8      0.5    0.422 0.433097
     0.9      0.5 0.433333 0.442229
    0.95      0.5 0.447333 0.453348
    0.99      0.5 0.443333 0.458238
   0.999      0.5 0.444667 0.449541
  0.9999      0.5    0.492 0.483363
       0      0.6 0.496667 0.496667
     0.2      0.6     0.43 0.428824
     0.4      0.6 0.432667 0.422477
     0.6      0.6     0.44 0.424872
     0.8      0.6 0.412667 0.441151
     0.9      0.6    0.424 0.448153
    0.95      0.6    0.444 0.455511
    0.99      0.6 0.444667  0.46547
   0.999      0.6    0.508 0.489037
  0.9999      0.6    0.536  0.50168
       0      0.7 0.496667 0.496667
     0.2      0.7    0.432 0.437232
     0.4      0.7    0.412 0.430417
     0.6      0.7 0.413333 0.435467
     0.8      0.7     0.42 0.450033
     0.9      0.7 0.409333 0.458241
    0.95      0.7 0.449333 0.464964
    0.99      0.7 0.517333   0.4806
   0.999      0.7 0.510667 0.489608
  0.9999      0.7    0.492 0.485509
       0      0.8 0.496667 0.496667
     0.2      0.8 0.434667  0.44274
     0.4      0.8    0.424 0.440547
     0.6      0.8 0.427333 0.444707
     0.8      0.8    0.438 0.456618
     0.9      0.8 0.447333 0.465244
    0.95      0.8 0.524667 0.471252
    0.99      0.8 0.501333 0.478412
   0.999      0.8 0.486667 0.481313
  0.9999      0.8 0.479333 0.486755
       0      0.9 0.496667 0.496667
     0.2      0.9    0.464 0.448417
     0.4      0.9 0.453333 0.449587
     0.6      0.9 0.442667 0.452336
     0.8      0.9 0.453333 0.459031
     0.9      0.9    0.512 0.464618
    0.95      0.9 0.502667 0.468774
    0.99      0.9    0.468 0.475419
   0.999      0.9 0.483333 0.483997
  0.9999      0.9 0.499333 0.495221
       0        1 0.496667 0.496667
     0.2        1    0.482 0.452996
     0.4        1    0.492 0.455994
     0.6        1 0.510667 0.458998
     0.8        1 0.525333  0.46346
     0.9        1 0.494667 0.467448
    0.95        1    0.474 0.471012
    0.99        1 0.479333 0.478044
   0.999        1 0.480667 0.490269
  0.9999        1 0.498667 0.498427
       0        2 0.496667 0.496667
     0.2        2 0.454667 0.466171
     0.4        2     0.46 0.467881
     0.6        2 0.463333 0.470885
     0.8        2 0.468667 0.477535
     0.9        2 0.421333 0.484437
    0.95        2 0.425333 0.489867
    0.99        2 0.496667 0.496477
   0.999        2 0.496667 0.499452
  0.9999        2      0.5 0.499941
       0        4 0.496667 0.496667
     0.2        4 0.456667 0.486984
     0.4        4 0.424667 0.488863
     0.6        4 0.395333 0.491058
     0.8        4 0.419333 0.493679
     0.9        4    0.428 0.495248
    0.95        4    0.494 0.496223
    0.99        4 0.496667 0.497839
   0.999        4 0.496667 0.499555
  0.9999        4      0.5  0.49995