        0      0.05  0.466667  0.466667
      0.2      0.05 0.0426667  0.126213
      0.4      0.05     0.042   0.14457
      0.6      0.05 0.0426667  0.175047
      0.8      0.05 0.0473333  0.238751
      0.9      0.05     0.058  0.309992
     0.95      0.05 0.0813333  0.375976
     0.99      0.05      0.15  0.466855
    0.999      0.05      0.33  0.496391
   0.9999      0.05       0.5  0.499635
        0       0.1  0.466667  0.466667
      0.2       0.1  0.103333  0.316324
      0.4       0.1  0.116667  0.342249
      0.6       0.1  0.139333  0.375039
      0.8       0.1     0.198  0.419217
      0.9       0.1     0.268  0.449584
     0.95       0.1     0.352  0.469708
     0.99       0.1      0.39  0.492262
    0.999       0.1     0.366  0.499161
   0.9999       0.1       0.5  0.499915
        0      0.15  0.466667  0.466667
      0.2      0.15     0.232  0.406352
      0.4      0.15  0.260667  0.420007
      0.6      0.15  0.309333  0.435653
      0.8      0.15     0.374  0.455242
      0.9      0.15  0.398667  0.469348
     0.95      0.15  0.408667  0.480128
     0.99      0.15     0.408  0.494499
    0.999      0.15  0.466667  0.499392
   0.9999      0.15       0.5  0.499939
        0       0.2  0.466667  0.466667
      0.2       0.2  0.381333  0.439368
      0.4       0.2  0.391333  0.446075
      0.6       0.2  0.403333  0.453988
      0.8       0.2  0.414667  0.465015
      0.9       0.2  0.420667  0.474494
     0.95       0.2  0.428667  0.482822
     0.99       0.2     0.394  0.495076
    0.999       0.2  0.466667  0.499451
   0.9999       0.2       0.5  0.499944
        0       0.3  0.466667  0.466667
      0.2       0.3  0.446667  0.457236
      0.4       0.3      0.45  0.460073
      0.6       0.3     0.452  0.463916
      0.8       0.3     0.452  0.470511
      0.9       0.3  0.451333  0.477492
     0.95       0.3     0.454  0.484429
     0.99       0.3  0.414667  0.495432
    0.999       0.3  0.466667  0.499488
   0.9999       0.3       0.5  0.499948
        0       0.4  0.466667  0.466667
      0.2       0.4     0.464  0.461583
      0.4       0.4     0.464  0.463632
      0.6       0.4  0.464667  0.466556
      0.8       0.4     0.464  0.472024
      0.9       0.4  0.463333  0.478326
     0.95       0.4  0.464667  0.484881
     0.99       0.4  0.465333  0.495536
    0.999       0.4  0.466667  0.499499
   0.9999       0.4       0.5  0.499949
        0       0.5  0.466667  0.466667
      0.2       0.5  0.469333  0.463476
      0.4       0.5      0.47  0.465177
      0.6       0.5  0.468667  0.467685
      0.8       0.5      0.47  0.472652
      0.9       0.5  0.471333  0.478662
     0.95       0.5  0.463333  0.485058
     0.99       0.5  0.466667  0.495576
    0.999       0.5  0.466667  0.499503
   0.9999       0.5  0.497333   0.49995
        0       0.6  0.466667  0.466667
      0.2       0.6  0.469333  0.464543
      0.4       0.6  0.471333  0.466029
      0.6       0.6  0.471333  0.468293
      0.8       0.6     0.472  0.472978
      0.9       0.6  0.471333   0.47883
     0.95       0.6      0.46  0.485144
     0.99       0.6  0.466667  0.495593
    0.999       0.6  0.466667  0.499505
   0.9999       0.6  0.466667   0.49995
        0       0.7  0.466667  0.466667
      0.2       0.7  0.469333  0.465212
      0.4       0.7  0.470667  0.466555
      0.6       0.7  0.473333  0.468661
      0.8       0.7  0.472667   0.47317
      0.9       0.7     0.472  0.478926
     0.95       0.7  0.454667  0.485191
     0.99       0.7  0.466667  0.495602
    0.999       0.7  0.466667  0.499506
   0.9999       0.7  0.466667   0.49995
        0       0.8  0.466667  0.466667
      0.2       0.8  0.469333   0.46566
      0.4       0.8  0.471333  0.466904
      0.6       0.8  0.472667  0.468901
      0.8       0.8     0.472  0.473293
      0.9       0.8  0.471333  0.478987
     0.95       0.8     0.454  0.485219
     0.99       0.8  0.466667  0.495607
    0.999       0.8  0.466667  0.499507
   0.9999       0.8  0.466667   0.49995
        0       0.9  0.466667  0.466667
      0.2       0.9  0.470667  0.465974
      0.4       0.9  0.470667  0.467146
      0.6       0.9     0.472  0.469067
      0.8       0.9  0.470667  0.473377
      0.9       0.9  0.470667  0.479027
     0.95       0.9  0.450667  0.485238
     0.99       0.9  0.466667   0.49561
    0.999       0.9  0.466667  0.499507
   0.9999       0.9  0.466667   0.49995
        0         1  0.466667  0.466667
      0.2         1  0.471333  0.466202
      0.4         1  0.471333  0.467321
      0.6         1     0.472  0.469186
      0.8         1     0.472  0.473436
      0.9         1     0.472  0.479056
     0.95         1  0.450667  0.485251
     0.99         1  0.466667  0.495611
    0.999         1  0.466667  0.499507
   0.9999         1  0.466667   0.49995
        0         2  0.466667  0.466667
      0.2         2  0.470667  0.466955
      0.4         2     0.472  0.467892
      0.6         2     0.472   0.46957
      0.8         2  0.470667  0.473625
      0.9         2     0.474  0.479144
     0.95         2  0.446667  0.485288
     0.99         2  0.466667  0.495616
    0.999         2  0.466667  0.499507
   0.9999         2  0.466667   0.49995
        0         4  0.466667  0.466667
      0.2         4     0.472  0.467148
      0.4         4  0.471333  0.468037
      0.6         4  0.471333  0.469666
      0.8         4     0.472  0.473672
      0.9         4  0.473333  0.479165
     0.95         4     0.446  0.485297
     0.99         4  0.466667  0.495616
    0.999         4  0.466667  0.499507
   0.9999         4  0.466667   0.49995