        0      0.05  0.196667  0.496667
      0.2      0.05  0.196667  0.401667
      0.4      0.05  0.196667  0.397333
      0.6      0.05  0.196667  0.391667
      0.8      0.05  0.196667     0.388
      0.9      0.05  0.196667  0.383333
     0.95      0.05  0.196667  0.379333
     0.99      0.05  0.196667  0.377333
    0.999      0.05  0.196667  0.375667
   0.9999      0.05  0.196667     0.374
        0       0.1  0.196667  0.496667
      0.2       0.1      0.09 0.0894211
      0.4       0.1 0.0853333 0.0849154
      0.6       0.1     0.084 0.0839337
      0.8       0.1 0.0833333 0.0831649
      0.9       0.1 0.0833333  0.082717
     0.95       0.1 0.0826667 0.0823511
     0.99       0.1 0.0813333 0.0826573
    0.999       0.1     0.084 0.0870695
   0.9999       0.1 0.0966667 0.0934967
        0      0.15  0.196667  0.496667
      0.2      0.15     0.106  0.105123
      0.4      0.15     0.094 0.0931356
      0.6      0.15     0.086 0.0878524
      0.8      0.15     0.084 0.0851943
      0.9      0.15     0.082 0.0854506
     0.95      0.15 0.0806667  0.086858
     0.99      0.15     0.096 0.0919706
    0.999      0.15     0.098 0.0948116
   0.9999      0.15     0.096 0.0942228
        0       0.2  0.196667  0.496667
      0.2       0.2  0.112667  0.118178
      0.4       0.2  0.104667  0.107036
      0.6       0.2 0.0933333 0.0964003
      0.8       0.2 0.0833333 0.0895952
      0.9       0.2     0.086 0.0893938
     0.95       0.2 0.0926667 0.0908392
     0.99       0.2     0.096 0.0925651
    0.999       0.2 0.0986667 0.0978212
   0.9999       0.2  0.101333  0.103418
        0       0.3  0.196667  0.496667
      0.2       0.3     0.182   0.17033
      0.4       0.3  0.134667  0.147628
      0.6       0.3      0.11  0.129004
      0.8       0.3  0.102667  0.114601
      0.9       0.3 0.0913333  0.108635
     0.95       0.3      0.09  0.108842
     0.99       0.3     0.096  0.115544
    0.999       0.3  0.117333  0.121464
   0.9999       0.3  0.141333  0.143333
        0       0.4  0.196667  0.496667
      0.2       0.4     0.188  0.184031
      0.4       0.4  0.179333  0.166725
      0.6       0.4     0.172  0.153286
      0.8       0.4  0.149333  0.139647
      0.9       0.4  0.117333  0.131385
     0.95       0.4     0.094  0.126868
     0.99       0.4     0.076  0.120672
    0.999       0.4  0.126667  0.125392
   0.9999       0.4     0.108  0.129138
        0       0.5  0.196667  0.496667
      0.2       0.5  0.198667  0.198882
      0.4       0.5  0.183333  0.181275
      0.6       0.5  0.175333  0.165018
      0.8       0.5     0.156  0.147299
      0.9       0.5     0.138  0.134183
     0.95       0.5      0.07  0.123786
     0.99       0.5 0.0453333  0.112614
    0.999       0.5 0.0846667  0.120105
   0.9999       0.5  0.138667  0.148833
        0       0.6  0.196667  0.496667
      0.2       0.6  0.205333  0.213441
      0.4       0.6     0.194  0.196116
      0.6       0.6     0.176  0.179085
      0.8       0.6  0.159333  0.159903
      0.9       0.6  0.128667  0.148109
     0.95       0.6 0.0633333   0.14153
     0.99       0.6     0.042  0.143557
    0.999       0.6 0.0886667  0.168047
   0.9999       0.6  0.193333  0.212423
        0       0.7  0.196667  0.496667
      0.2       0.7      0.22  0.229001
      0.4       0.7     0.204  0.214373
      0.6       0.7      0.19  0.200661
      0.8       0.7      0.17  0.187576
      0.9       0.7  0.151333   0.18377
     0.95       0.7     0.082  0.185857
     0.99       0.7     0.056  0.200791
    0.999       0.7  0.178667  0.233353
   0.9999       0.7  0.198667  0.261067
        0       0.8  0.196667  0.496667
      0.2       0.8  0.229333  0.246758
      0.4       0.8     0.216  0.236678
      0.6       0.8  0.203333   0.22908
      0.8       0.8  0.188667    0.2262
      0.9       0.8     0.178  0.231071
     0.95       0.8  0.144667  0.239005
     0.99       0.8 0.0846667   0.25767
    0.999       0.8  0.193333  0.285105
   0.9999       0.8       0.2  0.297466
        0       0.9  0.196667  0.496667
      0.2       0.9  0.245333  0.267276
      0.4       0.9  0.230667  0.262386
      0.6       0.9      0.22  0.261215
      0.8       0.9  0.208667  0.267173
      0.9       0.9  0.197333  0.277031
     0.95       0.9  0.165333  0.286593
     0.99       0.9  0.136667    0.3042
    0.999       0.9  0.196667  0.322461
   0.9999       0.9       0.2  0.327908
        0         1  0.196667  0.496667
      0.2         1  0.251333  0.289288
      0.4         1     0.242  0.289244
      0.6         1  0.229333   0.29326
      0.8         1  0.221333  0.304657
      0.9         1     0.206  0.316252
     0.95         1  0.170667  0.325533
     0.99         1     0.174  0.340396
    0.999         1  0.196667  0.351374
   0.9999         1       0.2  0.354082
        0         2  0.196667  0.496667
      0.2         2     0.274  0.431952
      0.4         2  0.271333  0.438584
      0.6         2  0.262667   0.44571
      0.8         2  0.229333  0.453289
      0.9         2     0.186  0.457251
     0.95         2     0.196  0.459366
     0.99         2  0.196667  0.461825
    0.999         2  0.196667  0.463777
   0.9999         2       0.2  0.464234
        0         4  0.196667  0.496667
      0.2         4  0.283333  0.480736
      0.4         4  0.273333  0.482693
      0.6         4  0.261333  0.484685
      0.8         4     0.214  0.486735
      0.9         4  0.197333  0.487845
     0.95         4  0.196667  0.488538
     0.99         4  0.196667  0.489897
    0.999         4  0.196667  0.491558
   0.9999         4       0.2  0.491951