        0      0.05  0.193333  0.493333
      0.2      0.05  0.193333  0.371333
      0.4      0.05  0.193333  0.371333
      0.6      0.05  0.193333     0.371
      0.8      0.05  0.193333     0.371
      0.9      0.05  0.193333     0.371
     0.95      0.05  0.193333     0.371
     0.99      0.05  0.193333     0.371
    0.999      0.05  0.193333     0.371
   0.9999      0.05  0.193333     0.371
        0       0.1  0.193333  0.493333
      0.2       0.1  0.111333  0.110949
      0.4       0.1  0.110667  0.110359
      0.6       0.1      0.11  0.109746
      0.8       0.1  0.109333  0.109458
      0.9       0.1  0.108667  0.109285
     0.95       0.1  0.109333  0.109172
     0.99       0.1  0.108667  0.108949
    0.999       0.1     0.108   0.10848
   0.9999       0.1  0.106667   0.10717
        0      0.15  0.193333  0.493333
      0.2      0.15  0.110667  0.110393
      0.4      0.15     0.114  0.111069
      0.6      0.15  0.110667  0.110488
      0.8      0.15  0.110667   0.10972
      0.9      0.15  0.109333  0.109466
     0.95      0.15  0.109333   0.10915
     0.99      0.15  0.107333  0.106842
    0.999      0.15     0.102  0.102699
   0.9999      0.15  0.100667  0.101292
        0       0.2  0.193333  0.493333
      0.2       0.2  0.112667  0.111809
      0.4       0.2  0.110667  0.110018
      0.6       0.2  0.111333  0.109395
      0.8       0.2     0.108  0.108321
      0.9       0.2     0.106  0.107466
     0.95       0.2  0.105333  0.105925
     0.99       0.2 0.0973333  0.101535
    0.999       0.2 0.0966667 0.0975931
   0.9999       0.2 0.0906667 0.0941196
        0       0.3  0.193333  0.493333
      0.2       0.3  0.127333  0.126379
      0.4       0.3  0.116667  0.117653
      0.6       0.3  0.111333   0.11146
      0.8       0.3     0.106  0.106925
      0.9       0.3     0.102   0.10423
     0.95       0.3  0.102667  0.101943
     0.99       0.3  0.103333  0.100444
    0.999       0.3  0.117333  0.119578
   0.9999       0.3     0.126  0.136329
        0       0.4  0.193333  0.493333
      0.2       0.4  0.134667  0.144828
      0.4       0.4     0.122  0.131141
      0.6       0.4  0.111333  0.120475
      0.8       0.4     0.102  0.111622
      0.9       0.4 0.0973333  0.107816
     0.95       0.4 0.0973333  0.107339
     0.99       0.4  0.115333  0.119874
    0.999       0.4  0.116667  0.140172
   0.9999       0.4 0.0306667  0.122394
        0       0.5  0.193333  0.493333
      0.2       0.5  0.145333  0.156843
      0.4       0.5  0.127333  0.144444
      0.6       0.5  0.118667  0.133771
      0.8       0.5  0.102667  0.124327
      0.9       0.5       0.1   0.12202
     0.95       0.5  0.102667  0.124409
     0.99       0.5     0.112   0.13796
    0.999       0.5 0.0333333  0.143671
   0.9999       0.5 0.0993333  0.145007
        0       0.6  0.193333  0.493333
      0.2       0.6     0.142  0.166457
      0.4       0.6  0.133333  0.157414
      0.6       0.6     0.124  0.150025
      0.8       0.6  0.108667   0.14484
      0.9       0.6  0.105333  0.146049
     0.95       0.6 0.0993333  0.151763
     0.99       0.6 0.0593333  0.170276
    0.999       0.6     0.076  0.183755
   0.9999       0.6  0.124667  0.222052
        0       0.7  0.193333  0.493333
      0.2       0.7     0.146  0.180439
      0.4       0.7  0.132667  0.174622
      0.6       0.7     0.124  0.171306
      0.8       0.7  0.111333  0.172713
      0.9       0.7  0.100667  0.180151
     0.95       0.7 0.0933333   0.19122
     0.99       0.7     0.056   0.21511
    0.999       0.7  0.117333  0.249837
   0.9999       0.7     0.196  0.291872
        0       0.8  0.193333  0.493333
      0.2       0.8  0.148667  0.201374
      0.4       0.8  0.139333  0.198724
      0.6       0.8     0.126   0.20012
      0.8       0.8     0.112  0.209462
      0.9       0.8  0.100667  0.223377
     0.95       0.8     0.084  0.238074
     0.99       0.8     0.078  0.267753
    0.999       0.8  0.158667  0.312202
   0.9999       0.8  0.199333  0.334901
        0       0.9  0.193333  0.493333
      0.2       0.9     0.152  0.227828
      0.4       0.9     0.136  0.229182
      0.6       0.9     0.124  0.235506
      0.8       0.9  0.111333    0.2515
      0.9       0.9     0.094  0.269105
     0.95       0.9     0.082  0.285527
     0.99       0.9  0.117333  0.319623
    0.999       0.9  0.192667  0.354905
   0.9999       0.9  0.199333  0.365052
        0         1  0.193333  0.493333
      0.2         1  0.148667  0.256804
      0.4         1     0.136  0.262304
      0.6         1  0.120667  0.272803
      0.8         1  0.110667  0.292912
      0.9         1 0.0933333  0.312084
     0.95         1 0.0966667   0.32915
     0.99         1     0.146  0.361283
    0.999         1  0.194667  0.383992
   0.9999         1       0.2  0.388919
        0         2  0.193333  0.493333
      0.2         2     0.168  0.433264
      0.4         2      0.15  0.440777
      0.6         2  0.129333  0.449083
      0.8         2  0.128667  0.458486
      0.9         2  0.161333  0.463889
     0.95         2  0.192667  0.467118
     0.99         2  0.193333  0.471616
    0.999         2     0.194  0.474806
   0.9999         2       0.2  0.475391
        0         4  0.193333  0.493333
      0.2         4  0.187333  0.481065
      0.4         4     0.162  0.482785
      0.6         4      0.14  0.484567
      0.8         4     0.152  0.486506
      0.9         4  0.192667  0.487751
     0.95         4  0.193333   0.48881
     0.99         4  0.193333  0.491588
    0.999         4  0.193333  0.494122
   0.9999         4       0.2  0.494562