       0     0.05     0.49     0.49
       0      0.1     0.49     0.49
       0     0.15     0.49     0.49
       0      0.2     0.49     0.49
       0      0.3     0.49     0.49
       0      0.4     0.49     0.49
       0      0.5     0.49     0.49
       0      0.6     0.49     0.49
       0      0.7     0.49     0.49
       0      0.8     0.49     0.49
       0      0.9     0.49     0.49
       0        1     0.49     0.49
       0        2     0.49     0.49
       0        4     0.49     0.49
     0.2     0.05     0.49     0.49
     0.2      0.1    0.452 0.449164
     0.2     0.15 0.445333 0.447676
     0.2      0.2 0.443333 0.444942
     0.2      0.3 0.419333 0.436886
     0.2      0.4 0.407333 0.436739
     0.2      0.5 0.393333 0.445917
     0.2      0.6    0.374  0.45624
     0.2      0.7    0.368 0.464088
     0.2      0.8 0.361333 0.469686
     0.2      0.9 0.358667 0.473718
     0.2        1 0.356667 0.476689
     0.2        2    0.354 0.486617
     0.2        4 0.352667 0.489187
     0.4     0.05     0.49     0.49
     0.4      0.1 0.449333 0.449573
     0.4     0.15 0.452667 0.451717
     0.4      0.2    0.458 0.452421
     0.4      0.3 0.447333 0.447022
     0.4      0.4 0.422667  0.44806
     0.4      0.5    0.404 0.455643
     0.4      0.6    0.402 0.464017
     0.4      0.7 0.394667 0.470233
     0.4      0.8 0.389333 0.474602
     0.4      0.9 0.385333 0.477719
     0.4        1    0.382 0.480003
     0.4        2 0.379333  0.48755
     0.4        4 0.378667 0.489484
     0.6     0.05     0.49     0.49
     0.6      0.1 0.447333 0.449635
     0.6     0.15     0.45 0.455081
     0.6      0.2    0.464 0.458763
     0.6      0.3    0.464 0.456613
     0.6      0.4 0.457333 0.459648
     0.6      0.5 0.452667 0.466034
     0.6      0.6    0.444 0.472273
     0.6      0.7 0.441333   0.4767
     0.6      0.8 0.435333 0.479748
     0.6      0.9    0.438 0.481898
     0.6        1    0.434 0.483461
     0.6        2 0.430667 0.488566
     0.6        4 0.432667 0.489859
     0.8     0.05     0.49     0.49
     0.8      0.1 0.448667 0.450731
     0.8     0.15 0.456667 0.460578
     0.8      0.2    0.476 0.466601
     0.8      0.3    0.474 0.467764
     0.8      0.4 0.483333 0.472965
     0.8      0.5 0.481333 0.477688
     0.8      0.6    0.484 0.481335
     0.8      0.7 0.488667 0.483743
     0.8      0.8     0.49 0.485354
     0.8      0.9     0.49 0.486474
     0.8        1     0.49  0.48728
     0.8        2     0.49 0.489876
     0.8        4     0.49 0.490525
     0.9     0.05     0.49     0.49
     0.9      0.1 0.451333 0.453203
     0.9     0.15 0.470667 0.466438
     0.9      0.2    0.482  0.47269
     0.9      0.3     0.48 0.475378
     0.9      0.4 0.483333 0.481271
     0.9      0.5 0.488667  0.48456
     0.9      0.6     0.49 0.486639
     0.9      0.7     0.49 0.487933
     0.9      0.8     0.49  0.48878
     0.9      0.9     0.49 0.489361
     0.9        1     0.49 0.489776
     0.9        2     0.49 0.491093
     0.9        4     0.49 0.491418
    0.95     0.05     0.49     0.49
    0.95      0.1    0.458 0.456276
    0.95     0.15 0.481333  0.47248
    0.95      0.2    0.484 0.476822
    0.95      0.3    0.486 0.480787
    0.95      0.4 0.487333 0.486614
    0.95      0.5     0.49 0.488913
    0.95      0.6     0.49 0.490145
    0.95      0.7     0.49 0.490871
    0.95      0.8     0.49 0.491333
    0.95      0.9     0.49 0.491643
    0.95        1     0.49 0.491862
    0.95        2     0.49 0.492539
    0.95        4     0.49 0.492701
    0.99     0.05     0.49     0.49
    0.99      0.1    0.462  0.46344
    0.99     0.15 0.489333 0.482139
    0.99      0.2 0.481333 0.481276
    0.99      0.3 0.488667 0.488619
    0.99      0.4     0.49  0.49395
    0.99      0.5     0.49 0.495284
    0.99      0.6     0.49 0.495834
    0.99      0.7     0.49 0.496113
    0.99      0.8     0.49 0.496272
    0.99      0.9     0.49  0.49637
    0.99        1     0.49 0.496434
    0.99        2     0.49 0.496603
    0.99        4     0.49 0.496636
   0.999     0.05     0.49     0.49
   0.999      0.1 0.482667 0.478241
   0.999     0.15    0.484 0.483835
   0.999      0.2 0.483333 0.483667
   0.999      0.3 0.495333 0.495639
   0.999      0.4 0.499333 0.498852
   0.999      0.5 0.499333 0.499259
   0.999      0.6      0.5 0.499386
   0.999      0.7 0.499333 0.499441
   0.999      0.8 0.499333  0.49947
   0.999      0.9 0.497333 0.499486
   0.999        1 0.490667 0.499496
   0.999        2     0.49 0.499519
   0.999        4     0.49 0.499523
  0.9999     0.05     0.49     0.49
  0.9999      0.1 0.487333 0.484655
  0.9999     0.15 0.480667 0.483091
  0.9999      0.2    0.484 0.484927
  0.9999      0.3 0.499333 0.499092
  0.9999      0.4      0.5 0.499868
  0.9999      0.5      0.5  0.49992
  0.9999      0.6      0.5 0.499935
  0.9999      0.7      0.5 0.499941
  0.9999      0.8      0.5 0.499945
  0.9999      0.9      0.5 0.499946
  0.9999        1      0.5 0.499947
  0.9999        2      0.5  0.49995
  0.9999        4     0.49  0.49995