       0     0.05 0.476667 0.496667
     0.2     0.05 0.231333 0.237069
     0.4     0.05     0.23  0.24166
     0.6     0.05 0.226667 0.251219
     0.8     0.05 0.220667 0.277131
     0.9     0.05 0.215333 0.315535
    0.95     0.05 0.214667 0.362167
    0.99     0.05 0.249333 0.451662
   0.999     0.05 0.476667 0.492269
  0.9999     0.05     0.48 0.497697
       0      0.1 0.476667 0.496667
     0.2      0.1     0.22  0.26735
     0.4      0.1    0.216 0.285052
     0.6      0.1    0.212  0.31337
     0.8      0.1 0.209333 0.365645
     0.9      0.1 0.210667 0.412546
    0.95      0.1 0.230667 0.446796
    0.99      0.1    0.434 0.484399
   0.999      0.1 0.476667 0.496403
  0.9999      0.1     0.48 0.497923
       0     0.15 0.476667 0.496667
     0.2     0.15    0.212 0.327158
     0.4     0.15 0.205333 0.350449
     0.6     0.15    0.196 0.381652
     0.8     0.15 0.211333  0.42564
     0.9     0.15 0.256667 0.455386
    0.95     0.15 0.366667 0.473463
    0.99     0.15 0.476667 0.491159
   0.999     0.15 0.476667 0.496994
  0.9999     0.15     0.48 0.497832
       0      0.2 0.476667 0.496667
     0.2      0.2 0.190667  0.38298
     0.4      0.2 0.196667 0.402999
     0.6      0.2 0.207333  0.42694
     0.8      0.2    0.264 0.456244
     0.9      0.2 0.371333 0.473849
    0.95      0.2 0.446667 0.483889
    0.99      0.2 0.476667 0.493515
   0.999      0.2 0.476667 0.497192
  0.9999      0.2     0.48 0.497806
       0      0.3 0.476667 0.496667
     0.2      0.3    0.238 0.448489
     0.4      0.3 0.271333 0.458595
     0.6      0.3    0.304 0.469492
     0.8      0.3 0.435333 0.481431
     0.9      0.3    0.472 0.487991
    0.95      0.3 0.476667 0.491578
    0.99      0.3 0.476667 0.495342
   0.999      0.3 0.476667 0.497579
  0.9999      0.3     0.48 0.498045
       0      0.4 0.476667 0.496667
     0.2      0.4      0.3 0.475815
     0.4      0.4 0.334667  0.48035
     0.6      0.4 0.428667 0.485069
     0.8      0.4 0.473333 0.490041
     0.9      0.4 0.476667 0.492703
    0.95      0.4 0.476667 0.494198
    0.99      0.4 0.476667 0.496203
   0.999      0.4 0.476667 0.498027
  0.9999      0.4     0.48 0.498446
       0      0.5 0.476667 0.496667
     0.2      0.5 0.361333 0.486807
     0.4      0.5    0.426 0.488921
     0.6      0.5     0.47 0.491088
     0.8      0.5 0.476667 0.493341
     0.9      0.5 0.476667 0.494566
    0.95      0.5 0.476667 0.495319
    0.99      0.5 0.476667 0.496721
   0.999      0.5 0.476667 0.498402
  0.9999      0.5     0.48 0.498804
       0      0.6 0.476667 0.496667
     0.2      0.6 0.428667 0.491499
     0.4      0.6    0.468 0.492561
     0.6      0.6 0.476667 0.493645
     0.8      0.6 0.476667 0.494778
     0.9      0.6 0.476667 0.495425
    0.95      0.6 0.476667 0.495885
    0.99      0.6 0.476667 0.497053
   0.999      0.6 0.476667 0.498678
  0.9999      0.6     0.48 0.499072
       0      0.7 0.476667 0.496667
     0.2      0.7 0.456667 0.493698
     0.4      0.7 0.476667 0.494273
     0.6      0.7 0.476667  0.49486
     0.8      0.7 0.476667 0.495488
     0.9      0.7 0.476667 0.495879
    0.95      0.7 0.476667  0.49621
    0.99      0.7 0.476667 0.497274
   0.999      0.7 0.476667 0.498875
  0.9999      0.7     0.48 0.499266
       0      0.8 0.476667 0.496667
     0.2      0.8 0.468667 0.494827
     0.4      0.8 0.476667 0.495158
     0.6      0.8 0.476667 0.495501
     0.8      0.8 0.476667  0.49588
     0.9      0.8 0.476667 0.496146
    0.95      0.8 0.476667 0.496413
    0.99      0.8 0.476667 0.497428
   0.999      0.8 0.476667 0.499017
  0.9999      0.8     0.48 0.499406
       0      0.9 0.476667 0.496667
     0.2      0.9 0.473333 0.495454
     0.4      0.9 0.476667 0.495656
     0.6      0.9 0.476667 0.495868
     0.8      0.9 0.476667 0.496116
     0.9      0.9 0.476667 0.496315
    0.95      0.9 0.476667  0.49655
    0.99      0.9 0.476667 0.497538
   0.999      0.9 0.476667 0.499121
  0.9999      0.9     0.48 0.499508
       0        1 0.476667 0.496667
     0.2        1    0.476 0.495827
     0.4        1 0.476667 0.495955
     0.6        1 0.476667 0.496094
     0.8        1 0.476667 0.496267
     0.9        1 0.476667  0.49643
    0.95        1 0.476667 0.496646
    0.99        1 0.476667  0.49762
   0.999        1 0.476667 0.499199
  0.9999        1     0.48 0.499586
       0        2 0.476667 0.496667
     0.2        2 0.476667 0.496576
     0.4        2 0.476667 0.496585
     0.6        2 0.476667 0.496603
     0.8        2 0.476667 0.496656
     0.9        2 0.476667 0.496758
    0.95        2 0.476667 0.496945
    0.99        2 0.476667 0.497895
   0.999        2 0.476667 0.499468
  0.9999        2 0.476667 0.499854
       0        4 0.476667 0.496667
     0.2        4 0.476667 0.496655
     0.4        4 0.476667 0.496663
     0.6        4 0.476667 0.496679
     0.8        4 0.476667 0.496731
     0.9        4 0.476667 0.496832
    0.95        4 0.476667 0.497017
    0.99        4 0.476667 0.497968
   0.999        4 0.476667  0.49954
  0.9999        4 0.476667 0.499926