       0     0.05 0.501333 0.496667
     0.2     0.05    0.496 0.495653
     0.4     0.05 0.495333 0.496366
     0.6     0.05 0.494667 0.496939
     0.8     0.05 0.496667 0.497397
     0.9     0.05 0.503333 0.497826
    0.95     0.05 0.500667 0.498509
    0.99     0.05 0.505333 0.499524
   0.999     0.05    0.496 0.499979
  0.9999     0.05 0.504667 0.500203
       0      0.1 0.501333 0.496667
     0.2      0.1 0.497333 0.496404
     0.4      0.1    0.498 0.496833
     0.6      0.1      0.5 0.497303
     0.8      0.1    0.498 0.498055
     0.9      0.1      0.5 0.498514
    0.95      0.1 0.500667 0.498529
    0.99      0.1 0.507333 0.498485
   0.999      0.1 0.499333 0.499665
  0.9999      0.1 0.503333  0.50003
       0     0.15 0.501333 0.496667
     0.2     0.15 0.497333 0.497863
     0.4     0.15 0.500667 0.498257
     0.6     0.15    0.502 0.498592
     0.8     0.15 0.497333  0.49866
     0.9     0.15 0.497333 0.498302
    0.95     0.15 0.497333 0.497928
    0.99     0.15 0.503333 0.498143
   0.999     0.15      0.5 0.499566
  0.9999     0.15 0.501333 0.499959
       0      0.2 0.501333 0.496667
     0.2      0.2    0.504 0.499454
     0.4      0.2    0.496 0.499428
     0.6      0.2 0.494667 0.499181
     0.8      0.2      0.5 0.498498
     0.9      0.2 0.506667 0.497882
    0.95      0.2 0.507333 0.497566
    0.99      0.2 0.505333  0.49803
   0.999      0.2    0.498 0.499532
  0.9999      0.2    0.492 0.499933
       0      0.3 0.501333 0.496667
     0.2      0.3 0.510667 0.499703
     0.4      0.3    0.512 0.499201
     0.6      0.3 0.513333 0.498564
     0.8      0.3    0.512  0.49777
     0.9      0.3 0.514667 0.497359
    0.95      0.3 0.508667 0.497263
    0.99      0.3 0.504667 0.497965
   0.999      0.3    0.492 0.499513
  0.9999      0.3    0.492 0.499915
       0      0.4 0.501333 0.496667
     0.2      0.4 0.517333  0.49885
     0.4      0.4    0.516 0.498401
     0.6      0.4 0.518667 0.497899
     0.8      0.4 0.518667 0.497363
     0.9      0.4 0.520667 0.497142
    0.95      0.4    0.512 0.497157
    0.99      0.4 0.493333 0.497955
   0.999      0.4    0.492 0.499516
  0.9999      0.4    0.492 0.499914
       0      0.5 0.501333 0.496667
     0.2      0.5 0.516667 0.498201
     0.4      0.5 0.517333 0.497862
     0.6      0.5    0.522 0.497503
     0.8      0.5 0.520667  0.49715
     0.9      0.5 0.520667 0.497036
    0.95      0.5 0.510667 0.497109
    0.99      0.5 0.493333 0.497959
   0.999      0.5    0.492 0.499525
  0.9999      0.5    0.492 0.499919
       0      0.6 0.501333 0.496667
     0.2      0.6    0.518 0.497778
     0.4      0.6 0.521333 0.497525
     0.6      0.6    0.518 0.497266
     0.8      0.6    0.518 0.497028
     0.9      0.6 0.516667 0.496978
    0.95      0.6    0.512 0.497085
    0.99      0.6    0.492 0.497965
   0.999      0.6    0.492 0.499533
  0.9999      0.6    0.492 0.499924
       0      0.7 0.501333 0.496667
     0.2      0.7    0.514   0.4975
     0.4      0.7    0.518 0.497308
     0.6      0.7     0.52 0.497118
     0.8      0.7 0.518667 0.496954
     0.9      0.7 0.516667 0.496943
    0.95      0.7 0.512667 0.497071
    0.99      0.7    0.492  0.49797
   0.999      0.7    0.492 0.499539
  0.9999      0.7    0.492 0.499929
       0      0.8 0.501333 0.496667
     0.2      0.8 0.512667 0.497313
     0.4      0.8    0.518 0.497164
     0.6      0.8 0.521333  0.49702
     0.8      0.8 0.515333 0.496906
     0.9      0.8    0.518 0.496921
    0.95      0.8 0.503333 0.497063
    0.99      0.8    0.492 0.497974
   0.999      0.8    0.492 0.499544
  0.9999      0.8    0.492 0.499933
       0      0.9 0.501333 0.496667
     0.2      0.9 0.515333 0.497181
     0.4      0.9 0.520667 0.497064
     0.6      0.9 0.520667 0.496952
     0.8      0.9 0.520667 0.496873
     0.9      0.9 0.518667 0.496907
    0.95      0.9    0.506 0.497057
    0.99      0.9    0.492 0.497977
   0.999      0.9    0.492 0.499548
  0.9999      0.9    0.492 0.499936
       0        1 0.501333 0.496667
     0.2        1 0.516667 0.497086
     0.4        1     0.52 0.496992
     0.6        1 0.517333 0.496904
     0.8        1 0.522667 0.496849
     0.9        1    0.518 0.496896
    0.95        1 0.502667 0.497054
    0.99        1    0.492  0.49798
   0.999        1    0.492 0.499551
  0.9999        1    0.492 0.499938
       0        2 0.501333 0.496667
     0.2        2 0.515333 0.496777
     0.4        2 0.515333 0.496759
     0.6        2 0.519333  0.49675
     0.8        2    0.522 0.496777
     0.9        2 0.518667 0.496865
    0.95        2 0.498667 0.497044
    0.99        2    0.492 0.497989
   0.999        2    0.492 0.499561
  0.9999        2    0.492 0.499947
       0        4 0.501333 0.496667
     0.2        4    0.516 0.496698
     0.4        4 0.516667 0.496701
     0.6        4     0.52 0.496712
     0.8        4 0.520667 0.496759
     0.9        4 0.512667 0.496858
    0.95        4 0.494667 0.497042
    0.99        4    0.492 0.497992
   0.999        4    0.492 0.499564
  0.9999        4    0.492  0.49995