       0     0.05     0.49     0.49
     0.2     0.05      0.2 0.215333
     0.4     0.05 0.198667 0.214667
     0.6     0.05 0.198667    0.214
     0.8     0.05    0.198 0.213333
     0.9     0.05    0.198 0.213333
    0.95     0.05    0.198 0.213667
    0.99     0.05 0.197333 0.212667
   0.999     0.05    0.196    0.212
  0.9999     0.05    0.196 0.213667
       0      0.1     0.49     0.49
     0.2      0.1    0.144  0.14412
     0.4      0.1 0.135333 0.137106
     0.6      0.1 0.135333 0.135341
     0.8      0.1 0.135333 0.135529
     0.9      0.1    0.136 0.136195
    0.95      0.1    0.138 0.137823
    0.99      0.1    0.138 0.138144
   0.999      0.1 0.141333 0.141864
  0.9999      0.1 0.141333  0.14631
       0     0.15     0.49     0.49
     0.2     0.15 0.144667 0.144966
     0.4     0.15 0.145333 0.146485
     0.6     0.15    0.144 0.142595
     0.8     0.15    0.136 0.137429
     0.9     0.15    0.138 0.140457
    0.95     0.15    0.138 0.143099
    0.99     0.15 0.141333 0.152898
   0.999     0.15 0.163333 0.163337
  0.9999     0.15 0.161333 0.164546
       0      0.2     0.49     0.49
     0.2      0.2     0.14  0.14578
     0.4      0.2 0.144667 0.149543
     0.6      0.2 0.144667 0.151003
     0.8      0.2    0.136  0.14657
     0.9      0.2 0.145333 0.152033
    0.95      0.2 0.161333 0.157409
    0.99      0.2 0.163333 0.163452
   0.999      0.2 0.160667 0.164616
  0.9999      0.2 0.160667 0.164644
       0      0.3     0.49     0.49
     0.2      0.3 0.153333 0.157591
     0.4      0.3 0.150667 0.155062
     0.6      0.3 0.169333 0.160646
     0.8      0.3 0.163333 0.163571
     0.9      0.3 0.161333 0.163602
    0.95      0.3 0.160667 0.164674
    0.99      0.3    0.162 0.166116
   0.999      0.3     0.16 0.167902
  0.9999      0.3 0.159333 0.172166
       0      0.4     0.49     0.49
     0.2      0.4    0.172 0.162884
     0.4      0.4 0.180667 0.160689
     0.6      0.4 0.145333  0.15827
     0.8      0.4    0.154 0.164491
     0.9      0.4    0.168 0.166848
    0.95      0.4 0.160667 0.167642
    0.99      0.4     0.16 0.171724
   0.999      0.4 0.159333 0.174491
  0.9999      0.4 0.159333  0.17884
       0      0.5     0.49     0.49
     0.2      0.5    0.166 0.170777
     0.4      0.5 0.150667 0.164737
     0.6      0.5 0.147333 0.162136
     0.8      0.5    0.142 0.161325
     0.9      0.5    0.148 0.166621
    0.95      0.5 0.149333 0.169895
    0.99      0.5    0.144 0.176597
   0.999      0.5     0.14 0.205623
  0.9999      0.5    0.206 0.283346
       0      0.6     0.49     0.49
     0.2      0.6 0.157333  0.17766
     0.4      0.6    0.148 0.172399
     0.6      0.6 0.142667 0.168227
     0.8      0.6 0.136667 0.165504
     0.9      0.6    0.132 0.168229
    0.95      0.6 0.137333 0.174607
    0.99      0.6 0.140667 0.204117
   0.999      0.6 0.219333 0.288158
  0.9999      0.6 0.326667 0.373317
       0      0.7     0.49     0.49
     0.2      0.7 0.156667 0.186172
     0.4      0.7 0.149333 0.182096
     0.6      0.7    0.148 0.179668
     0.8      0.7 0.140667 0.179693
     0.9      0.7    0.132 0.185479
    0.95      0.7 0.129333 0.198764
    0.99      0.7    0.158 0.254941
   0.999      0.7 0.282667 0.358678
  0.9999      0.7 0.402667 0.433586
       0      0.8     0.49     0.49
     0.2      0.8    0.156 0.197123
     0.4      0.8    0.154 0.196103
     0.6      0.8 0.148667 0.197144
     0.8      0.8 0.138667 0.204618
     0.9      0.8 0.132667 0.219819
    0.95      0.8 0.128667 0.243386
    0.99      0.8 0.211333 0.319333
   0.999      0.8 0.365333  0.41859
  0.9999      0.8 0.451333 0.465899
       0      0.9     0.49     0.49
     0.2      0.9    0.156  0.21217
     0.4      0.9 0.153333 0.214786
     0.6      0.9     0.15 0.221258
     0.8      0.9 0.143333 0.238895
     0.9      0.9     0.14 0.264891
    0.95      0.9 0.162667   0.2977
    0.99      0.9    0.232 0.379409
   0.999      0.9    0.436 0.452898
  0.9999      0.9    0.498  0.48294
       0        1     0.49     0.49
     0.2        1 0.152667 0.231674
     0.4        1    0.154 0.238269
     0.6        1    0.152 0.250576
     0.8        1 0.148667 0.278202
     0.9        1 0.164667 0.312144
    0.95        1 0.196667 0.348575
    0.99        1 0.357333 0.420054
   0.999        1 0.449333  0.47313
  0.9999        1 0.499333 0.494386
       0        2     0.49     0.49
     0.2        2    0.272   0.4265
     0.4        2 0.307333 0.437299
     0.6        2 0.332667 0.450097
     0.8        2 0.346667 0.466506
     0.9        2 0.295333 0.477644
    0.95        2    0.438  0.48514
    0.99        2 0.489333 0.494835
   0.999        2 0.495333 0.499291
  0.9999        2      0.5 0.499926
       0        4     0.49     0.49
     0.2        4    0.394 0.481756
     0.4        4 0.393333  0.48365
     0.6        4 0.393333 0.485769
     0.8        4    0.408 0.488353
     0.9        4    0.434 0.490277
    0.95        4    0.426 0.492086
    0.99        4     0.46 0.496449
   0.999        4     0.49 0.499494
  0.9999        4     0.49 0.499947