       0     0.05 0.501333 0.496667
     0.2     0.05 0.490667 0.491403
     0.4     0.05 0.492667 0.491955
     0.6     0.05 0.491333 0.492675
     0.8     0.05 0.491333 0.493681
     0.9     0.05    0.492 0.494189
    0.95     0.05 0.496667 0.494615
    0.99     0.05    0.498 0.496848
   0.999     0.05 0.490667 0.499171
  0.9999     0.05 0.495333 0.499739
       0      0.1 0.501333 0.496667
     0.2      0.1 0.487333   0.4924
     0.4      0.1    0.488 0.492622
     0.6      0.1     0.49  0.49281
     0.8      0.1 0.493333 0.493271
     0.9      0.1    0.494 0.494257
    0.95      0.1 0.494667 0.495392
    0.99      0.1 0.494667 0.497552
   0.999      0.1 0.492667 0.499488
  0.9999      0.1    0.492 0.499899
       0     0.15 0.501333 0.496667
     0.2     0.15 0.491333 0.492866
     0.4     0.15 0.493333 0.492834
     0.6     0.15 0.493333 0.493091
     0.8     0.15 0.495333 0.494101
     0.9     0.15 0.492667 0.495183
    0.95     0.15 0.493333 0.496054
    0.99     0.15 0.497333 0.497758
   0.999     0.15    0.492   0.4995
  0.9999     0.15 0.494667 0.499884
       0      0.2 0.501333 0.496667
     0.2      0.2 0.492667 0.492886
     0.4      0.2    0.496 0.493228
     0.6      0.2 0.493333 0.493883
     0.8      0.2 0.493333 0.494976
     0.9      0.2 0.492667  0.49579
    0.95      0.2    0.494 0.496423
    0.99      0.2 0.483333 0.497835
   0.999      0.2    0.492 0.499491
  0.9999      0.2 0.495333 0.499868
       0      0.3 0.501333 0.496667
     0.2      0.3 0.491333 0.494185
     0.4      0.3    0.492  0.49468
     0.6      0.3    0.492 0.495227
     0.8      0.3 0.491333 0.495877
     0.9      0.3      0.5 0.496336
    0.95      0.3 0.500667 0.496736
    0.99      0.3    0.492 0.497893
   0.999      0.3    0.492  0.49949
  0.9999      0.3 0.495333 0.499867
       0      0.4 0.501333 0.496667
     0.2      0.4    0.492 0.495237
     0.4      0.4    0.492 0.495531
     0.6      0.4 0.490667 0.495853
     0.8      0.4 0.494667 0.496251
     0.9      0.4 0.497333 0.496558
    0.95      0.4 0.485333 0.496862
    0.99      0.4    0.492 0.497926
   0.999      0.4    0.492 0.499505
  0.9999      0.4 0.494667 0.499882
       0      0.5 0.501333 0.496667
     0.2      0.5 0.489333 0.495755
     0.4      0.5 0.491333 0.495945
     0.6      0.5 0.492667 0.496159
     0.8      0.5 0.499333 0.496436
     0.9      0.5 0.498667 0.496667
    0.95      0.5    0.494 0.496926
    0.99      0.5    0.492 0.497947
   0.999      0.5    0.492  0.49952
  0.9999      0.5    0.492 0.499897
       0      0.6 0.501333 0.496667
     0.2      0.6 0.489333 0.496034
     0.4      0.6 0.491333 0.496171
     0.6      0.6 0.491333 0.496328
     0.8      0.6    0.498 0.496537
     0.9      0.6      0.5 0.496727
    0.95      0.6 0.491333 0.496962
    0.99      0.6    0.492  0.49796
   0.999      0.6    0.492 0.499531
  0.9999      0.6    0.492  0.49991
       0      0.7 0.501333 0.496667
     0.2      0.7     0.49 0.496202
     0.4      0.7 0.491333 0.496308
     0.6      0.7 0.491333  0.49643
     0.8      0.7 0.499333 0.496597
     0.9      0.7 0.492667 0.496762
    0.95      0.7 0.495333 0.496983
    0.99      0.7    0.492 0.497969
   0.999      0.7    0.492 0.499539
  0.9999      0.7    0.492 0.499918
       0      0.8 0.501333 0.496667
     0.2      0.8     0.49 0.496312
     0.4      0.8 0.491333 0.496396
     0.6      0.8    0.492 0.496495
     0.8      0.8      0.5 0.496635
     0.9      0.8    0.488 0.496785
    0.95      0.8    0.492 0.496997
    0.99      0.8    0.492 0.497975
   0.999      0.8    0.492 0.499544
  0.9999      0.8    0.492 0.499925
       0      0.9 0.501333 0.496667
     0.2      0.9     0.49 0.496387
     0.4      0.9 0.491333 0.496457
     0.6      0.9    0.492 0.496539
     0.8      0.9 0.500667 0.496661
     0.9      0.9    0.484   0.4968
    0.95      0.9    0.494 0.497007
    0.99      0.9    0.492 0.497978
   0.999      0.9    0.492 0.499548
  0.9999      0.9    0.492  0.49993
       0        1 0.501333 0.496667
     0.2        1     0.49 0.496441
     0.4        1 0.491333   0.4965
     0.6        1 0.491333  0.49657
     0.8        1    0.498 0.496679
     0.9        1    0.486 0.496811
    0.95        1 0.493333 0.497013
    0.99        1    0.492 0.497981
   0.999        1    0.492 0.499551
  0.9999        1    0.492 0.499933
       0        2 0.501333 0.496667
     0.2        2 0.491333 0.496614
     0.4        2 0.492667 0.496637
     0.6        2 0.493333 0.496668
     0.8        2    0.502 0.496735
     0.9        2 0.490667 0.496845
    0.95        2 0.490667 0.497035
    0.99        2    0.492  0.49799
   0.999        2    0.492 0.499562
  0.9999        2    0.492 0.499946
       0        4 0.501333 0.496667
     0.2        4 0.490667 0.496658
     0.4        4 0.493333  0.49667
     0.6        4 0.493333 0.496692
     0.8        4 0.502667 0.496749
     0.9        4 0.492667 0.496853
    0.95        4 0.489333  0.49704
    0.99        4    0.492 0.497992
   0.999        4    0.492 0.499564
  0.9999        4    0.492  0.49995