       0     0.05 0.493333 0.493333
     0.2     0.05 0.244667  0.25693
     0.4     0.05    0.238    0.252
     0.6     0.05 0.237333 0.250667
     0.8     0.05    0.234     0.25
     0.9     0.05 0.232667     0.25
    0.95     0.05 0.231333 0.249333
    0.99     0.05 0.230667 0.248667
   0.999     0.05 0.230667 0.246667
  0.9999     0.05     0.23 0.247333
       0      0.1 0.493333 0.493333
     0.2      0.1    0.264 0.240868
     0.4      0.1 0.260667 0.237571
     0.6      0.1     0.26 0.234567
     0.8      0.1    0.252 0.228687
     0.9      0.1    0.252 0.228667
    0.95      0.1    0.252 0.228667
    0.99      0.1    0.252 0.228701
   0.999      0.1 0.254667 0.231084
  0.9999      0.1 0.253333 0.230078
       0     0.15 0.493333 0.493333
     0.2     0.15    0.224 0.224712
     0.4     0.15 0.221333 0.220588
     0.6     0.15 0.214667 0.215758
     0.8     0.15 0.205333 0.207717
     0.9     0.15 0.205333 0.205517
    0.95     0.15 0.206667 0.206573
    0.99     0.15 0.206667 0.206954
   0.999     0.15 0.204667 0.207702
  0.9999     0.15 0.226667 0.222861
       0      0.2 0.493333 0.493333
     0.2      0.2 0.235333  0.23597
     0.4      0.2 0.227333 0.226804
     0.6      0.2 0.221333  0.22097
     0.8      0.2 0.215333 0.215489
     0.9      0.2 0.207333 0.208993
    0.95      0.2    0.208  0.20821
    0.99      0.2 0.204667 0.208836
   0.999      0.2    0.228  0.22744
  0.9999      0.2 0.267333 0.260169
       0      0.3 0.493333 0.493333
     0.2      0.3 0.250667 0.246995
     0.4      0.3 0.227333 0.232759
     0.6      0.3 0.231333 0.233698
     0.8      0.3    0.222 0.224548
     0.9      0.3 0.220667 0.220101
    0.95      0.3    0.206 0.215308
    0.99      0.3    0.224  0.23253
   0.999      0.3     0.23 0.239587
  0.9999      0.3     0.23 0.239794
       0      0.4 0.493333 0.493333
     0.2      0.4 0.289333  0.28446
     0.4      0.4 0.265333  0.25667
     0.6      0.4 0.227333 0.231672
     0.8      0.4 0.232667  0.23508
     0.9      0.4 0.220667 0.231681
    0.95      0.4    0.218  0.23062
    0.99      0.4    0.218 0.237507
   0.999      0.4 0.226667 0.245231
  0.9999      0.4 0.227333  0.25369
       0      0.5 0.493333 0.493333
     0.2      0.5    0.302 0.297395
     0.4      0.5 0.286667 0.277514
     0.6      0.5 0.265333 0.253623
     0.8      0.5     0.21 0.231733
     0.9      0.5 0.229333 0.236055
    0.95      0.5 0.221333 0.239304
    0.99      0.5    0.228  0.24824
   0.999      0.5     0.23  0.26809
  0.9999      0.5 0.225333 0.297728
       0      0.6 0.493333 0.493333
     0.2      0.6 0.311333 0.300204
     0.4      0.6 0.295333 0.284317
     0.6      0.6 0.280667 0.265432
     0.8      0.6     0.25 0.241582
     0.9      0.6    0.198 0.235695
    0.95      0.6 0.224667 0.239379
    0.99      0.6 0.226667 0.254755
   0.999      0.6 0.229333 0.299025
  0.9999      0.6 0.351333 0.383827
       0      0.7 0.493333 0.493333
     0.2      0.7 0.310667 0.299521
     0.4      0.7    0.306 0.288759
     0.6      0.7    0.294 0.274226
     0.8      0.7 0.271333 0.257411
     0.9      0.7 0.247333 0.250493
    0.95      0.7 0.195333 0.252282
    0.99      0.7    0.186 0.283381
   0.999      0.7    0.336 0.373328
  0.9999      0.7    0.414 0.435884
       0      0.8 0.493333 0.493333
     0.2      0.8    0.314 0.301139
     0.4      0.8 0.308667  0.29442
     0.6      0.8 0.304667 0.285788
     0.8      0.8 0.284667 0.277328
     0.9      0.8 0.266667 0.278256
    0.95      0.8 0.168667  0.28953
    0.99      0.8 0.319333 0.347187
   0.999      0.8 0.400667 0.424345
  0.9999      0.8 0.442667 0.471349
       0      0.9 0.493333 0.493333
     0.2      0.9 0.309333 0.307357
     0.4      0.9    0.308 0.303985
     0.6      0.9 0.301333 0.300979
     0.8      0.9 0.261333 0.302986
     0.9      0.9 0.207333 0.315586
    0.95      0.9 0.206667  0.33737
    0.99      0.9 0.348667 0.395716
   0.999      0.9    0.416 0.457872
  0.9999      0.9 0.452667 0.490213
       0        1 0.493333 0.493333
     0.2        1 0.304667 0.318496
     0.4        1    0.288 0.318369
     0.6        1     0.27 0.320748
     0.8        1    0.216 0.332734
     0.9        1 0.216667 0.353281
    0.95        1 0.295333 0.377626
    0.99        1 0.360667  0.42981
   0.999        1 0.415333 0.478472
  0.9999        1    0.498 0.496466
       0        2 0.493333 0.493333
     0.2        2 0.399333 0.455383
     0.4        2 0.388667 0.461763
     0.6        2    0.388 0.469429
     0.8        2 0.389333 0.479196
     0.9        2 0.381333 0.485626
    0.95        2 0.393333 0.489844
    0.99        2 0.415333 0.495584
   0.999        2 0.493333 0.499246
  0.9999        2 0.493333 0.499918
       0        4 0.493333 0.493333
     0.2        4 0.469333 0.490778
     0.4        4 0.474667 0.491461
     0.6        4    0.476 0.492178
     0.8        4 0.514667 0.493023
     0.9        4 0.594667 0.493707
    0.95        4 0.471333  0.49448
    0.99        4 0.493333 0.497023
   0.999        4 0.493333  0.49951
  0.9999        4 0.493333 0.499948