       0     0.05 0.493333 0.493333
       0      0.1 0.493333 0.493333
       0     0.15 0.493333 0.493333
       0      0.2 0.493333 0.493333
       0      0.3 0.493333 0.493333
       0      0.4 0.493333 0.493333
       0      0.5 0.493333 0.493333
       0      0.6 0.493333 0.493333
       0      0.7 0.493333 0.493333
       0      0.8 0.493333 0.493333
       0      0.9 0.493333 0.493333
       0        1 0.493333 0.493333
       0        2 0.493333 0.493333
       0        4 0.493333 0.493333
     0.2     0.05     0.29 0.290375
     0.2      0.1     0.27 0.266157
     0.2     0.15 0.226667 0.252622
     0.2      0.2 0.232667 0.252433
     0.2      0.3 0.239333 0.265292
     0.2      0.4 0.276667 0.303231
     0.2      0.5    0.312 0.327723
     0.2      0.6 0.319333 0.330119
     0.2      0.7     0.32 0.329645
     0.2      0.8    0.322 0.332101
     0.2      0.9 0.323333 0.336725
     0.2        1    0.328 0.343478
     0.2        2 0.382667 0.431602
     0.2        4 0.458667 0.482762
     0.4     0.05 0.290667   0.2903
     0.4      0.1 0.286667 0.281974
     0.4     0.15 0.259333 0.255881
     0.4      0.2 0.222667 0.252675
     0.4      0.3    0.232  0.26426
     0.4      0.4 0.264667 0.288253
     0.4      0.5 0.284667 0.311696
     0.4      0.6 0.313333 0.323995
     0.4      0.7    0.316 0.327028
     0.4      0.8    0.316 0.329114
     0.4      0.9    0.322 0.334462
     0.4        1    0.322 0.343149
     0.4        2    0.384 0.439027
     0.4        4 0.459333 0.485068
     0.6     0.05 0.291333 0.290333
     0.6      0.1 0.286667 0.285574
     0.6     0.15 0.283333 0.269716
     0.6      0.2    0.224 0.253273
     0.6      0.3     0.25 0.265294
     0.6      0.4    0.266 0.291329
     0.6      0.5    0.284 0.305659
     0.6      0.6 0.296667  0.31615
     0.6      0.7 0.299333 0.321452
     0.6      0.8     0.31 0.325995
     0.6      0.9 0.312667 0.333343
     0.6        1    0.308 0.345418
     0.6        2 0.392667 0.449106
     0.6        4 0.458667 0.487627
     0.8     0.05 0.291333 0.290667
     0.8      0.1 0.287333 0.286948
     0.8     0.15 0.286667 0.277694
     0.8      0.2 0.233333 0.265345
     0.8      0.3 0.247333  0.26793
     0.8      0.4 0.266667  0.29259
     0.8      0.5 0.292667 0.313482
     0.8      0.6 0.301333 0.319233
     0.8      0.7 0.295333 0.321984
     0.8      0.8 0.299333 0.326644
     0.8      0.9 0.301333  0.33788
     0.8        1 0.300667 0.356466
     0.8        2 0.392667 0.464454
     0.8        4 0.438667 0.490585
     0.9     0.05 0.291333 0.290333
     0.9      0.1 0.287333 0.287177
     0.9     0.15 0.286667 0.279685
     0.9      0.2 0.239333 0.270158
     0.9      0.3 0.265333   0.2774
     0.9      0.4 0.266667 0.296535
     0.9      0.5 0.286667 0.315936
     0.9      0.6 0.308667 0.325562
     0.9      0.7 0.300667 0.327213
     0.9      0.8 0.296667 0.333399
     0.9      0.9 0.303333 0.350274
     0.9        1    0.296 0.374701
     0.9        2 0.391333 0.476412
     0.9        4 0.418667 0.492458
    0.95     0.05 0.291333 0.290333
    0.95      0.1 0.287333 0.287246
    0.95     0.15 0.288667 0.279857
    0.95      0.2    0.258   0.2726
    0.95      0.3 0.269333 0.285058
    0.95      0.4 0.278667 0.303178
    0.95      0.5 0.289333 0.320614
    0.95      0.6 0.309333 0.330881
    0.95      0.7 0.313333 0.333719
    0.95      0.8      0.3 0.344327
    0.95      0.9      0.3 0.368472
    0.95        1 0.340667 0.395852
    0.95        2 0.432667  0.48479
    0.95        4 0.404667 0.493874
    0.99     0.05 0.291333 0.290333
    0.99      0.1 0.288667 0.287945
    0.99     0.15 0.253333  0.27673
    0.99      0.2    0.268 0.276911
    0.99      0.3 0.271333 0.295967
    0.99      0.4    0.288 0.319832
    0.99      0.5    0.306 0.336838
    0.99      0.6 0.312667 0.349291
    0.99      0.7     0.32 0.357804
    0.99      0.8 0.296667  0.38609
    0.99      0.9    0.354 0.416394
    0.99        1 0.365333 0.436605
    0.99        2 0.404667 0.494946
    0.99        4 0.493333 0.496964
   0.999     0.05 0.289333    0.291
   0.999      0.1 0.288667 0.286245
   0.999     0.15 0.268667 0.274705
   0.999      0.2     0.27 0.280252
   0.999      0.3 0.282667  0.31266
   0.999      0.4    0.326 0.334195
   0.999      0.5    0.348  0.37439
   0.999      0.6    0.422 0.391353
   0.999      0.7 0.396667 0.416537
   0.999      0.8 0.388667 0.440168
   0.999      0.9 0.422667 0.455769
   0.999        1     0.45   0.4687
   0.999        2 0.493333 0.499312
   0.999        4 0.493333 0.499518
  0.9999     0.05 0.289333 0.291333
  0.9999      0.1 0.255333 0.278243
  0.9999     0.15     0.27 0.275748
  0.9999      0.2 0.272667 0.284015
  0.9999      0.3    0.286 0.328932
  0.9999      0.4    0.336 0.361254
  0.9999      0.5    0.422 0.413787
  0.9999      0.6     0.42  0.43085
  0.9999      0.7 0.441333  0.44829
  0.9999      0.8 0.453333 0.462229
  0.9999      0.9 0.453333 0.474888
  0.9999        1 0.453333 0.488794
  0.9999        2 0.494667 0.499928
  0.9999        4 0.493333 0.499949