       0     0.05 0.465333 0.466667
     0.2     0.05 0.465333 0.466667
     0.4     0.05 0.465333 0.466667
     0.6     0.05 0.465333 0.466667
     0.8     0.05 0.465333 0.466667
     0.9     0.05 0.465333 0.466667
    0.95     0.05 0.465333 0.466667
    0.99     0.05 0.465333 0.466667
   0.999     0.05 0.465333 0.466667
  0.9999     0.05 0.465333 0.466667
       0      0.1 0.465333 0.466667
     0.2      0.1    0.364 0.368585
     0.4      0.1    0.368 0.372954
     0.6      0.1    0.374 0.376712
     0.8      0.1 0.381333 0.380283
     0.9      0.1 0.384667 0.382486
    0.95      0.1 0.389333 0.384526
    0.99      0.1 0.389333 0.388306
   0.999      0.1 0.377333 0.387064
  0.9999      0.1     0.39 0.397511
       0     0.15 0.465333 0.466667
     0.2     0.15 0.358667 0.359266
     0.4     0.15 0.362667  0.36598
     0.6     0.15    0.368 0.372072
     0.8     0.15 0.371333 0.379309
     0.9     0.15 0.370667 0.385109
    0.95     0.15    0.378 0.390079
    0.99     0.15 0.388667 0.400972
   0.999     0.15 0.415333 0.421661
  0.9999     0.15 0.427333 0.435182
       0      0.2 0.465333 0.466667
     0.2      0.2 0.342667 0.356715
     0.4      0.2 0.349333 0.365734
     0.6      0.2 0.355333 0.374222
     0.8      0.2 0.355333 0.385185
     0.9      0.2    0.362  0.39414
    0.95      0.2     0.37 0.402223
    0.99      0.2    0.386 0.421193
   0.999      0.2 0.422667 0.446344
  0.9999      0.2 0.469333 0.469767
       0      0.3 0.465333 0.466667
     0.2      0.3    0.316  0.36894
     0.4      0.3 0.305333 0.382388
     0.6      0.3    0.308  0.39802
     0.8      0.3 0.325333 0.420218
     0.9      0.3    0.354 0.438495
    0.95      0.3 0.372667 0.453442
    0.99      0.3 0.456667 0.477898
   0.999      0.3 0.484667 0.494966
  0.9999      0.3    0.498  0.49918
       0      0.4 0.465333 0.466667
     0.2      0.4 0.290667 0.391202
     0.4      0.4    0.294 0.406236
     0.6      0.4 0.297333 0.423735
     0.8      0.4 0.307333 0.446121
     0.9      0.4 0.344667 0.461857
    0.95      0.4 0.419333 0.473501
    0.99      0.4 0.465333 0.490728
   0.999      0.4    0.492 0.498725
  0.9999      0.4 0.498667 0.499804
       0      0.5 0.465333 0.466667
     0.2      0.5     0.27 0.414002
     0.4      0.5 0.273333 0.426148
     0.6      0.5 0.282667 0.439947
     0.8      0.5 0.298667 0.457097
     0.9      0.5    0.378 0.469406
    0.95      0.5 0.442667 0.479051
    0.99      0.5 0.465333 0.493387
   0.999      0.5 0.495333 0.499176
  0.9999      0.5 0.498667 0.499872
       0      0.6 0.465333 0.466667
     0.2      0.6    0.236 0.430456
     0.4      0.6 0.245333   0.4396
     0.6      0.6 0.260667 0.449916
     0.8      0.6 0.300667 0.463003
     0.9      0.6    0.398 0.473093
    0.95      0.6 0.461333 0.481567
    0.99      0.6 0.465333 0.494397
   0.999      0.6 0.495333 0.499326
  0.9999      0.6 0.498667   0.4999
       0      0.7 0.465333 0.466667
     0.2      0.7 0.225333 0.441024
     0.4      0.7 0.233333 0.447983
     0.6      0.7 0.246667 0.455898
     0.8      0.7     0.31 0.466371
     0.9      0.7 0.410667  0.47511
    0.95      0.7    0.464 0.482886
    0.99      0.7 0.465333 0.494877
   0.999      0.7     0.49 0.499396
  0.9999      0.7 0.498667 0.499915
       0      0.8 0.465333 0.466667
     0.2      0.8 0.217333 0.447798
     0.4      0.8 0.222667 0.453269
     0.6      0.8 0.251333 0.459599
     0.8      0.8 0.313333 0.468401
     0.9      0.8 0.416667 0.476294
    0.95      0.8 0.464667 0.483637
    0.99      0.8 0.465333 0.495133
   0.999      0.8 0.478667 0.499433
  0.9999      0.8 0.498667 0.499925
       0      0.9 0.465333 0.466667
     0.2      0.9 0.217333 0.452294
     0.4      0.9 0.221333 0.456743
     0.6      0.9 0.253333 0.462004
     0.8      0.9 0.315333 0.469697
     0.9      0.9 0.420667 0.477034
    0.95      0.9 0.465333 0.484095
    0.99      0.9 0.465333 0.495282
   0.999      0.9    0.466 0.499455
  0.9999      0.9 0.498667 0.499931
       0        1 0.465333 0.466667
     0.2        1    0.218   0.4554
     0.4        1    0.226 0.459128
     0.6        1 0.253333 0.463642
     0.8        1    0.324 0.470569
     0.9        1 0.425333 0.477524
    0.95        1 0.465333  0.48439
    0.99        1 0.465333 0.495374
   0.999        1 0.465333 0.499469
  0.9999        1 0.498667 0.499935
       0        2 0.465333 0.466667
     0.2        2 0.235333 0.464508
     0.4        2    0.244 0.466051
     0.6        2 0.262667 0.468338
     0.8        2 0.332667 0.473006
     0.9        2    0.436 0.478831
    0.95        2 0.465333 0.485129
    0.99        2 0.465333  0.49558
   0.999        2 0.465333 0.499501
  0.9999        2 0.498667 0.499947
       0        4 0.465333 0.466667
     0.2        4 0.242667 0.466554
     0.4        4 0.251333 0.467591
     0.6        4 0.268667 0.469369
     0.8        4    0.334 0.473524
     0.9        4    0.436 0.479091
    0.95        4 0.465333 0.485261
    0.99        4 0.465333 0.495609
   0.999        4 0.465333 0.499506
  0.9999        4 0.465333 0.499949