       0     0.05 0.493333 0.493333
     0.2     0.05 0.218667  0.24325
     0.4     0.05 0.218667 0.252872
     0.6     0.05 0.233333  0.26969
     0.8     0.05    0.286  0.30885
     0.9     0.05 0.318667 0.357325
    0.95     0.05    0.324 0.404545
    0.99     0.05 0.385333 0.472063
   0.999     0.05    0.444 0.496643
  0.9999     0.05      0.5 0.499655
       0      0.1 0.493333 0.493333
     0.2      0.1 0.338667 0.369809
     0.4      0.1 0.343333 0.388692
     0.6      0.1 0.363333 0.413375
     0.8      0.1 0.394667 0.446857
     0.9      0.1    0.428 0.468454
    0.95      0.1    0.474 0.481166
    0.99      0.1 0.490667 0.494197
   0.999      0.1 0.493333 0.499223
  0.9999      0.1      0.5 0.499919
       0     0.15 0.493333 0.493333
     0.2     0.15 0.385333 0.433707
     0.4     0.15 0.395333 0.445706
     0.6     0.15 0.417333 0.459283
     0.8     0.15 0.468667 0.474979
     0.9     0.15    0.482 0.484134
    0.95     0.15 0.485333 0.489526
    0.99     0.15 0.458667 0.496027
   0.999     0.15 0.493333 0.499417
  0.9999     0.15      0.5 0.499938
       0      0.2 0.493333 0.493333
     0.2      0.2 0.429333 0.460259
     0.4      0.2    0.448 0.467348
     0.6      0.2 0.470667 0.475123
     0.8      0.2 0.480667 0.483892
     0.9      0.2 0.485333  0.48897
    0.95      0.2 0.484667  0.49208
    0.99      0.2 0.493333 0.496576
   0.999      0.2 0.493333 0.499474
  0.9999      0.2      0.5 0.499944
       0      0.3 0.493333 0.493333
     0.2      0.3 0.476667 0.481414
     0.4      0.3    0.478 0.484174
     0.6      0.3    0.484 0.487123
     0.8      0.3 0.485333 0.490391
     0.9      0.3 0.475333 0.492375
    0.95      0.3 0.450667 0.493834
    0.99      0.3 0.493333 0.496949
   0.999      0.3 0.493333 0.499515
  0.9999      0.3      0.5 0.499948
       0      0.4 0.493333 0.493333
     0.2      0.4 0.481333 0.487721
     0.4      0.4    0.486 0.489054
     0.6      0.4    0.486 0.490491
     0.8      0.4    0.484  0.49214
     0.9      0.4 0.438667  0.49327
    0.95      0.4     0.51 0.494289
    0.99      0.4 0.493333 0.497048
   0.999      0.4 0.493333 0.499526
  0.9999      0.4      0.5  0.49995
       0      0.5 0.493333 0.493333
     0.2      0.5    0.488 0.489968
     0.4      0.5    0.488 0.490793
     0.6      0.5 0.488667  0.49169
     0.8      0.5    0.478 0.492762
     0.9      0.5     0.43 0.493588
    0.95      0.5 0.497333 0.494451
    0.99      0.5 0.493333 0.497083
   0.999      0.5 0.493333 0.499531
  0.9999      0.5      0.5  0.49995
       0      0.6 0.493333 0.493333
     0.2      0.6 0.490667 0.491037
     0.4      0.6     0.49 0.491621
     0.6      0.6    0.488 0.492261
     0.8      0.6    0.474 0.493058
     0.9      0.6    0.442 0.493739
    0.95      0.6 0.493333 0.494528
    0.99      0.6 0.493333 0.497099
   0.999      0.6 0.493333 0.499532
  0.9999      0.6 0.493333  0.49995
       0      0.7 0.493333 0.493333
     0.2      0.7    0.492 0.491652
     0.4      0.7 0.493333 0.492095
     0.6      0.7    0.488 0.492587
     0.8      0.7 0.467333 0.493226
     0.9      0.7 0.449333 0.493824
    0.95      0.7 0.493333 0.494571
    0.99      0.7 0.493333 0.497108
   0.999      0.7 0.493333 0.499533
  0.9999      0.7 0.493333  0.49995
       0      0.8 0.493333 0.493333
     0.2      0.8 0.492667 0.492046
     0.4      0.8 0.493333 0.492398
     0.6      0.8     0.49 0.492794
     0.8      0.8    0.458 0.493332
     0.9      0.8    0.462 0.493878
    0.95      0.8 0.493333 0.494597
    0.99      0.8 0.493333 0.497113
   0.999      0.8 0.493333 0.499534
  0.9999      0.8 0.493333  0.49995
       0      0.9 0.493333 0.493333
     0.2      0.9    0.492 0.492316
     0.4      0.9 0.492667 0.492605
     0.6      0.9 0.489333 0.492934
     0.8      0.9 0.455333 0.493404
     0.9      0.9 0.471333 0.493914
    0.95      0.9 0.493333 0.494615
    0.99      0.9 0.493333 0.497116
   0.999      0.9 0.493333 0.499534
  0.9999      0.9 0.493333  0.49995
       0        1 0.493333 0.493333
     0.2        1 0.490667  0.49251
     0.4        1    0.492 0.492753
     0.6        1 0.488667 0.493035
     0.8        1 0.453333 0.493455
     0.9        1 0.475333  0.49394
    0.95        1 0.493333 0.494628
    0.99        1 0.493333 0.497119
   0.999        1 0.493333 0.499534
  0.9999        1 0.493333  0.49995
       0        2 0.493333 0.493333
     0.2        2 0.493333  0.49314
     0.4        2 0.492667  0.49323
     0.6        2 0.490667 0.493356
     0.8        2 0.440667 0.493617
     0.9        2 0.478667 0.494021
    0.95        2 0.493333 0.494668
    0.99        2 0.493333 0.497125
   0.999        2 0.493333 0.499535
  0.9999        2 0.493333  0.49995
       0        4 0.493333 0.493333
     0.2        4 0.493333 0.493301
     0.4        4 0.492667 0.493351
     0.6        4 0.489333 0.493437
     0.8        4 0.438667 0.493658
     0.9        4 0.480667 0.494041
    0.95        4 0.493333 0.494678
    0.99        4 0.493333 0.497127
   0.999        4 0.493333 0.499535
  0.9999        4 0.493333  0.49995