        0      0.05  0.193333  0.493333
      0.2      0.05  0.193333     0.375
      0.4      0.05  0.193333     0.375
      0.6      0.05  0.193333     0.375
      0.8      0.05  0.193333     0.375
      0.9      0.05  0.193333     0.375
     0.95      0.05  0.193333     0.375
     0.99      0.05  0.193333  0.374333
    0.999      0.05  0.193333  0.374333
   0.9999      0.05  0.193333  0.374333
        0       0.1  0.193333  0.493333
      0.2       0.1  0.157333   0.15621
      0.4       0.1  0.148667  0.150212
      0.6       0.1      0.15   0.14531
      0.8       0.1  0.138667  0.135671
      0.9       0.1  0.123333   0.12815
     0.95       0.1     0.118   0.12453
     0.99       0.1  0.120667  0.122866
    0.999       0.1  0.120667  0.124159
   0.9999       0.1  0.121333  0.128736
        0      0.15  0.193333  0.493333
      0.2      0.15  0.158667  0.162199
      0.4      0.15     0.158  0.157978
      0.6      0.15  0.150667  0.152827
      0.8      0.15  0.149333  0.146259
      0.9      0.15  0.143333  0.141508
     0.95      0.15  0.136667  0.138337
     0.99      0.15  0.137333  0.135634
    0.999      0.15  0.123333  0.132286
   0.9999      0.15  0.153333   0.14862
        0       0.2  0.193333  0.493333
      0.2       0.2  0.168667  0.169642
      0.4       0.2  0.159333  0.163165
      0.6       0.2  0.159333  0.158275
      0.8       0.2     0.152  0.152893
      0.9       0.2  0.146667  0.148727
     0.95       0.2      0.15  0.145037
     0.99       0.2  0.127333   0.14119
    0.999       0.2     0.152  0.153846
   0.9999       0.2  0.156667  0.156097
        0       0.3  0.193333  0.493333
      0.2       0.3     0.182  0.183583
      0.4       0.3  0.171333  0.175816
      0.6       0.3  0.164667  0.168531
      0.8       0.3  0.159333  0.160628
      0.9       0.3  0.151333  0.156642
     0.95       0.3     0.132    0.1557
     0.99       0.3  0.140667  0.159119
    0.999       0.3  0.133333  0.155933
   0.9999       0.3  0.131333  0.159739
        0       0.4  0.193333  0.493333
      0.2       0.4     0.204  0.201782
      0.4       0.4     0.198  0.191694
      0.6       0.4     0.188  0.183108
      0.8       0.4  0.180667  0.176576
      0.9       0.4     0.182  0.176882
     0.95       0.4     0.186  0.181491
     0.99       0.4     0.134  0.190359
    0.999       0.4     0.128   0.19427
   0.9999       0.4      0.13  0.167636
        0       0.5  0.193333  0.493333
      0.2       0.5  0.206667   0.21655
      0.4       0.5  0.203333  0.209288
      0.6       0.5  0.197333  0.202597
      0.8       0.5  0.191333  0.199622
      0.9       0.5  0.192667  0.204778
     0.95       0.5  0.214667  0.212993
     0.99       0.5       0.2  0.222232
    0.999       0.5     0.126  0.191954
   0.9999       0.5     0.056  0.151129
        0       0.6  0.193333  0.493333
      0.2       0.6  0.207333  0.230685
      0.4       0.6  0.203333  0.226332
      0.6       0.6     0.198  0.223026
      0.8       0.6  0.195333  0.223194
      0.9       0.6  0.201333  0.228053
     0.95       0.6  0.207333  0.233278
     0.99       0.6  0.128667  0.232021
    0.999       0.6 0.0413333  0.199257
   0.9999       0.6  0.154667  0.224401
        0       0.7  0.193333  0.493333
      0.2       0.7  0.217333  0.245933
      0.4       0.7  0.209333  0.243447
      0.6       0.7  0.201333  0.242561
      0.8       0.7  0.200667  0.244917
      0.9       0.7       0.2  0.250197
     0.95       0.7  0.191333  0.255051
     0.99       0.7 0.0433333  0.252415
    0.999       0.7     0.118  0.256219
   0.9999       0.7     0.196  0.288513
        0       0.8  0.193333  0.493333
      0.2       0.8  0.218667   0.26099
      0.4       0.8     0.212  0.261096
      0.6       0.8  0.207333  0.263403
      0.8       0.8  0.201333  0.270493
      0.9       0.8      0.19  0.278769
     0.95       0.8  0.141333  0.284718
     0.99       0.8 0.0653333  0.289424
    0.999       0.8  0.182667  0.313616
   0.9999       0.8       0.2  0.329883
        0       0.9  0.193333  0.493333
      0.2       0.9  0.223333  0.277368
      0.4       0.9     0.212  0.280546
      0.6       0.9  0.205333  0.286824
      0.8       0.9     0.198  0.299063
      0.9       0.9  0.162667  0.309707
     0.95       0.9 0.0826667  0.317022
     0.99       0.9      0.12  0.330848
    0.999       0.9     0.192  0.352994
   0.9999       0.9       0.2  0.360297
        0         1  0.193333  0.493333
      0.2         1  0.216667  0.295743
      0.4         1  0.211333  0.301978
      0.6         1  0.203333  0.311651
      0.8         1  0.185333  0.327232
      0.9         1      0.14  0.339195
     0.95         1 0.0793333  0.348004
     0.99         1     0.156  0.365098
    0.999         1  0.196667   0.38034
   0.9999         1       0.2  0.384026
        0         2  0.193333  0.493333
      0.2         2     0.226  0.439244
      0.4         2  0.219333   0.44522
      0.6         2  0.209333  0.451731
      0.8         2  0.174667  0.458959
      0.9         2  0.182667  0.463075
     0.95         2  0.193333  0.465606
     0.99         2  0.193333   0.46953
    0.999         2  0.196667  0.472488
   0.9999         2       0.2  0.473022
        0         4  0.193333  0.493333
      0.2         4  0.243333  0.481621
      0.4         4  0.234667  0.483091
      0.6         4  0.231333  0.484626
      0.8         4  0.204667  0.486324
      0.9         4  0.193333  0.487455
     0.95         4  0.193333  0.488463
     0.99         4  0.193333  0.491204
    0.999         4  0.193333  0.493702
   0.9999         4       0.2  0.494133