       0     0.05 0.495333 0.496667
       0      0.1 0.495333 0.496667
       0     0.15 0.495333 0.496667
       0      0.2 0.495333 0.496667
       0      0.3 0.495333 0.496667
       0      0.4 0.495333 0.496667
       0      0.5 0.495333 0.496667
       0      0.6 0.495333 0.496667
       0      0.7 0.495333 0.496667
       0      0.8 0.495333 0.496667
       0      0.9 0.495333 0.496667
       0        1 0.495333 0.496667
       0        2 0.495333 0.496667
       0        4 0.495333 0.496667
     0.2     0.05 0.495333 0.496667
     0.2      0.1 0.468667 0.464636
     0.2     0.15    0.456 0.452457
     0.2      0.2 0.441333 0.444146
     0.2      0.3 0.408667 0.437808
     0.2      0.4 0.418667 0.444716
     0.2      0.5 0.415333 0.456706
     0.2      0.6 0.423333 0.467547
     0.2      0.7 0.434667 0.475615
     0.2      0.8    0.434 0.481112
     0.2      0.9 0.438667 0.484826
     0.2        1    0.436  0.48739
     0.2        2 0.444667 0.494664
     0.2        4 0.442667 0.496192
     0.4     0.05 0.495333 0.496667
     0.4      0.1 0.466667 0.465787
     0.4     0.15 0.471333 0.460337
     0.4      0.2 0.448667 0.451511
     0.4      0.3 0.416667 0.445596
     0.4      0.4 0.422667 0.452649
     0.4      0.5 0.420667 0.464277
     0.4      0.6 0.427333 0.473728
     0.4      0.7 0.433333 0.480381
     0.4      0.8 0.440667 0.484766
     0.4      0.9 0.445333 0.487668
     0.4        1 0.446667 0.489646
     0.4        2 0.445333  0.49517
     0.4        4    0.448  0.49632
     0.6     0.05 0.495333 0.496667
     0.6      0.1    0.462 0.466135
     0.6     0.15 0.470667 0.465616
     0.6      0.2 0.457333 0.458682
     0.6      0.3 0.416667  0.45375
     0.6      0.4    0.426 0.462111
     0.6      0.5 0.438667 0.472689
     0.6      0.6    0.444 0.480374
     0.6      0.7 0.443333 0.485387
     0.6      0.8 0.443333 0.488543
     0.6      0.9    0.448 0.490577
     0.6        1 0.454667 0.491942
     0.6        2 0.471333 0.495685
     0.6        4    0.474 0.496457
     0.8     0.05 0.495333 0.496667
     0.8      0.1    0.458 0.466105
     0.8     0.15 0.471333 0.469899
     0.8      0.2     0.46 0.466576
     0.8      0.3 0.425333  0.46429
     0.8      0.4 0.458667 0.474665
     0.8      0.5 0.468667 0.482816
     0.8      0.6 0.469333 0.487832
     0.8      0.7 0.475333 0.490767
     0.8      0.8    0.484 0.492506
     0.8      0.9 0.484667 0.493591
     0.8        1 0.487333 0.494307
     0.8        2 0.491333 0.496234
     0.8        4 0.493333 0.496629
     0.9     0.05 0.495333 0.496667
     0.9      0.1 0.471333 0.466718
     0.9     0.15    0.472 0.472548
     0.9      0.2     0.47 0.471651
     0.9      0.3    0.438  0.47256
     0.9      0.4 0.473333 0.483324
     0.9      0.5    0.484 0.489029
     0.9      0.6 0.490667 0.492053
     0.9      0.7    0.496 0.493688
     0.9      0.8    0.496 0.494622
     0.9      0.9    0.496 0.495196
     0.9        1    0.496 0.495572
     0.9        2 0.495333 0.496582
     0.9        4 0.495333  0.49679
    0.95     0.05 0.495333 0.496667
    0.95      0.1 0.462667 0.467959
    0.95     0.15    0.466 0.475355
    0.95      0.2 0.479333 0.475424
    0.95      0.3 0.452667 0.479317
    0.95      0.4    0.486 0.488974
    0.95      0.5 0.495333  0.49267
    0.95      0.6    0.496 0.494406
    0.95      0.7 0.495333 0.495304
    0.95      0.8 0.495333 0.495813
    0.95      0.9 0.495333 0.496125
    0.95        1 0.495333  0.49633
    0.95        2 0.495333 0.496887
    0.95        4 0.495333 0.497005
    0.99     0.05 0.495333 0.496667
    0.99      0.1 0.470667 0.475377
    0.99     0.15 0.488667 0.482674
    0.99      0.2 0.481333 0.481649
    0.99      0.3    0.472 0.489925
    0.99      0.4 0.493333 0.495232
    0.99      0.5 0.495333 0.496448
    0.99      0.6 0.495333 0.497001
    0.99      0.7 0.495333 0.497305
    0.99      0.8 0.495333 0.497488
    0.99      0.9 0.495333 0.497607
    0.99        1 0.495333 0.497688
    0.99        2 0.495333 0.497923
    0.99        4 0.495333 0.497975
   0.999     0.05 0.495333 0.496667
   0.999      0.1 0.484667 0.483721
   0.999     0.15 0.492667 0.487102
   0.999      0.2    0.488 0.487014
   0.999      0.3    0.492 0.496512
   0.999      0.4 0.495333 0.498397
   0.999      0.5    0.496 0.498876
   0.999      0.6 0.495333 0.499114
   0.999      0.7 0.495333 0.499248
   0.999      0.8 0.495333  0.49933
   0.999      0.9 0.495333 0.499383
   0.999        1 0.495333  0.49942
   0.999        2 0.495333 0.499531
   0.999        4 0.495333 0.499557
  0.9999     0.05 0.495333 0.496667
  0.9999      0.1 0.486667 0.486924
  0.9999     0.15     0.48 0.487071
  0.9999      0.2 0.476667 0.491392
  0.9999      0.3 0.495333  0.49892
  0.9999      0.4    0.498 0.499572
  0.9999      0.5 0.498667  0.49968
  0.9999      0.6 0.498667 0.499747
  0.9999      0.7 0.498667 0.499794
  0.9999      0.8 0.498667 0.499828
  0.9999      0.9 0.498667 0.499852
  0.9999        1 0.498667  0.49987
  0.9999        2 0.495333  0.49993
  0.9999        4 0.495333 0.499945