       0     0.05     0.49     0.49
     0.2     0.05     0.49     0.49
     0.4     0.05     0.49     0.49
     0.6     0.05     0.49     0.49
     0.8     0.05     0.49     0.49
     0.9     0.05     0.49     0.49
    0.95     0.05     0.49     0.49
    0.99     0.05     0.49     0.49
   0.999     0.05     0.49     0.49
  0.9999     0.05     0.49     0.49
       0      0.1     0.49     0.49
     0.2      0.1     0.45 0.451674
     0.4      0.1 0.456667  0.45377
     0.6      0.1    0.452  0.45489
     0.8      0.1    0.454 0.456123
     0.9      0.1    0.458 0.456791
    0.95      0.1    0.456 0.456843
    0.99      0.1 0.454667 0.453792
   0.999      0.1 0.446667 0.450398
  0.9999      0.1 0.444667 0.449504
       0     0.15     0.49     0.49
     0.2     0.15 0.439333 0.442549
     0.4     0.15    0.448 0.446436
     0.6     0.15    0.458 0.449752
     0.8     0.15 0.457333 0.452226
     0.9     0.15 0.453333 0.452635
    0.95     0.15    0.442 0.452685
    0.99     0.15 0.435333 0.454895
   0.999     0.15 0.446667 0.460214
  0.9999     0.15    0.452 0.464658
       0      0.2     0.49     0.49
     0.2      0.2 0.426667  0.43641
     0.4      0.2 0.435333 0.441734
     0.6      0.2 0.439333 0.446005
     0.8      0.2 0.428667 0.451384
     0.9      0.2    0.424 0.455525
    0.95      0.2 0.427333  0.45934
    0.99      0.2 0.439333 0.467134
   0.999      0.2    0.436  0.47225
  0.9999      0.2 0.436667  0.47647
       0      0.3     0.49     0.49
     0.2      0.3    0.386 0.428408
     0.4      0.3 0.386667 0.438646
     0.6      0.3 0.404667 0.448949
     0.8      0.3    0.414 0.461996
     0.9      0.3 0.437333 0.471579
    0.95      0.3 0.458667 0.478629
    0.99      0.3    0.482  0.48869
   0.999      0.3 0.492667 0.495986
  0.9999      0.3    0.498 0.499124
       0      0.4     0.49     0.49
     0.2      0.4 0.373333 0.429859
     0.4      0.4 0.364667 0.442008
     0.6      0.4    0.368 0.455111
     0.8      0.4 0.394667 0.470642
     0.9      0.4 0.440667  0.48024
    0.95      0.4 0.475333 0.486165
    0.99      0.4 0.491333 0.493795
   0.999      0.4 0.492667 0.498811
  0.9999      0.4      0.5 0.499864
       0      0.5     0.49     0.49
     0.2      0.5 0.355333 0.441366
     0.4      0.5 0.358667 0.451851
     0.6      0.5    0.364 0.463283
     0.8      0.5 0.386667 0.476206
     0.9      0.5 0.455333 0.483739
    0.95      0.5 0.487333 0.488395
    0.99      0.5     0.49 0.495035
   0.999      0.5 0.492667 0.499215
  0.9999      0.5      0.5 0.499916
       0      0.6     0.49     0.49
     0.2      0.6     0.35 0.453267
     0.4      0.6 0.357333 0.461586
     0.6      0.6     0.36 0.470511
     0.8      0.6    0.388 0.480352
     0.9      0.6 0.472667 0.486065
    0.95      0.6 0.489333 0.489766
    0.99      0.6     0.49 0.495655
   0.999      0.6 0.492667 0.499357
  0.9999      0.6      0.5 0.499932
       0      0.7     0.49     0.49
     0.2      0.7 0.340667 0.462137
     0.4      0.7 0.338667 0.468665
     0.6      0.7    0.346 0.475576
     0.8      0.7 0.406667 0.483115
     0.9      0.7    0.482 0.487561
    0.95      0.7     0.49 0.490619
    0.99      0.7     0.49 0.495989
   0.999      0.7 0.491333 0.499421
  0.9999      0.7      0.5 0.499939
       0      0.8     0.49     0.49
     0.2      0.8 0.330667 0.468385
     0.4      0.8 0.336667 0.473569
     0.6      0.8 0.354667 0.479014
     0.8      0.8 0.421333 0.484945
     0.9      0.8    0.488 0.488534
    0.95      0.8     0.49  0.49116
    0.99      0.8     0.49 0.496183
   0.999      0.8     0.49 0.499455
  0.9999      0.8      0.5 0.499943
       0      0.9     0.49     0.49
     0.2      0.9 0.332667 0.472823
     0.4      0.9 0.332667 0.477015
     0.6      0.9 0.356667 0.481401
     0.8      0.9 0.430667 0.486197
     0.9      0.9 0.488667 0.489191
    0.95      0.9     0.49 0.491521
    0.99      0.9     0.49 0.496303
   0.999      0.9     0.49 0.499475
  0.9999      0.9      0.5 0.499945
       0        1     0.49     0.49
     0.2        1 0.333333 0.476053
     0.4        1 0.332667 0.479505
     0.6        1    0.362 0.483111
     0.8        1    0.436 0.487085
     0.9        1     0.49 0.489654
    0.95        1     0.49 0.491772
    0.99        1     0.49 0.496382
   0.999        1     0.49 0.499487
  0.9999        1      0.5 0.499946
       0        2     0.49     0.49
     0.2        2 0.332667 0.486542
     0.4        2 0.335333 0.487492
     0.6        2 0.371333 0.488525
     0.8        2    0.452 0.489852
     0.9        2     0.49 0.491076
    0.95        2     0.49 0.492524
    0.99        2     0.49 0.496592
   0.999        2     0.49 0.499517
  0.9999        2      0.5  0.49995
       0        4     0.49     0.49
     0.2        4 0.334667 0.489174
     0.4        4 0.345333 0.489474
     0.6        4 0.374667 0.489852
     0.8        4 0.454667 0.490521
     0.9        4     0.49 0.491415
    0.95        4     0.49 0.492698
    0.99        4     0.49 0.496633
   0.999        4     0.49 0.499522
  0.9999        4     0.49  0.49995