       0     0.05 0.466667 0.466667
     0.2     0.05 0.466667 0.466667
     0.4     0.05 0.466667 0.466667
     0.6     0.05 0.466667 0.466667
     0.8     0.05 0.466667 0.466667
     0.9     0.05 0.466667 0.466667
    0.95     0.05 0.466667 0.466667
    0.99     0.05 0.466667 0.466667
   0.999     0.05 0.466667 0.466667
  0.9999     0.05 0.466667 0.466667
       0      0.1 0.466667 0.466667
     0.2      0.1 0.379333  0.38441
     0.4      0.1    0.384 0.388609
     0.6      0.1    0.388 0.392467
     0.8      0.1    0.396 0.396795
     0.9      0.1 0.399333 0.399169
    0.95      0.1 0.405333 0.400535
    0.99      0.1 0.407333 0.403399
   0.999      0.1 0.412667 0.411393
  0.9999      0.1    0.424 0.418137
       0     0.15 0.466667 0.466667
     0.2     0.15 0.373333  0.38107
     0.4     0.15 0.376667 0.385685
     0.6     0.15 0.374667  0.39005
     0.8     0.15 0.391333 0.395891
     0.9     0.15 0.395333 0.401083
    0.95     0.15 0.399333 0.406037
    0.99     0.15 0.421333 0.415344
   0.999     0.15 0.422667 0.422298
  0.9999     0.15 0.422667 0.425404
       0      0.2 0.466667 0.466667
     0.2      0.2 0.368667 0.382049
     0.4      0.2    0.372 0.386984
     0.6      0.2 0.372667 0.392683
     0.8      0.2    0.374 0.401135
     0.9      0.2    0.382 0.408517
    0.95      0.2    0.396  0.41495
    0.99      0.2 0.407333 0.426199
   0.999      0.2    0.396 0.434894
  0.9999      0.2 0.405333 0.445281
       0      0.3 0.466667 0.466667
     0.2      0.3    0.338 0.383969
     0.4      0.3 0.339333 0.394764
     0.6      0.3 0.331333 0.407253
     0.8      0.3    0.336 0.425678
     0.9      0.3 0.338667 0.441347
    0.95      0.3 0.350667 0.454377
    0.99      0.3    0.444 0.476306
   0.999      0.3 0.475333 0.493852
  0.9999      0.3 0.497333 0.499054
       0      0.4 0.466667 0.466667
     0.2      0.4 0.305333 0.397299
     0.4      0.4    0.308 0.410943
     0.6      0.4 0.304667 0.426963
     0.8      0.4 0.338667 0.447863
     0.9      0.4 0.409333 0.462873
    0.95      0.4 0.452667 0.474131
    0.99      0.4 0.466667 0.490946
   0.999      0.4 0.497333 0.498804
  0.9999      0.4      0.5 0.499876
       0      0.5 0.466667 0.466667
     0.2      0.5 0.266667 0.417531
     0.4      0.5 0.270667 0.428909
     0.6      0.5    0.282 0.441923
     0.8      0.5 0.359333 0.458285
     0.9      0.5    0.448 0.470203
    0.95      0.5 0.466667 0.479628
    0.99      0.5 0.466667 0.493635
   0.999      0.5 0.499333 0.499249
  0.9999      0.5      0.5 0.499923
       0      0.6 0.466667 0.466667
     0.2      0.6 0.242667 0.432032
     0.4      0.6 0.245333 0.440795
     0.6      0.6     0.28 0.450758
     0.8      0.6    0.372 0.463552
     0.9      0.6 0.461333 0.473536
    0.95      0.6 0.466667 0.481943
    0.99      0.6 0.466667 0.494578
   0.999      0.6      0.5  0.49938
  0.9999      0.6      0.5 0.499937
       0      0.7 0.466667 0.466667
     0.2      0.7    0.236 0.441231
     0.4      0.7 0.249333 0.448114
     0.6      0.7 0.278667 0.455997
     0.8      0.7 0.384667 0.466512
     0.9      0.7 0.464667 0.475314
    0.95      0.7 0.466667 0.483113
    0.99      0.7 0.466667 0.495004
   0.999      0.7      0.5 0.499435
  0.9999      0.7      0.5 0.499943
       0      0.8 0.466667 0.466667
     0.2      0.8    0.238 0.447281
     0.4      0.8 0.249333 0.452854
     0.6      0.8     0.28 0.459326
     0.8      0.8      0.4 0.468335
     0.9      0.8    0.466 0.476367
    0.95      0.8 0.466667 0.483772
    0.99      0.8 0.466667 0.495223
   0.999      0.8      0.5 0.499462
  0.9999      0.8      0.5 0.499946
       0      0.9 0.466667 0.466667
     0.2      0.9 0.234667 0.451451
     0.4      0.9 0.245333 0.456089
     0.6      0.9 0.276667 0.461571
     0.8      0.9    0.404 0.469537
     0.9      0.9    0.466  0.47704
    0.95      0.9 0.466667 0.484176
    0.99      0.9 0.466667 0.495348
   0.999      0.9 0.497333 0.499478
  0.9999      0.9      0.5 0.499947
       0        1 0.466667 0.466667
     0.2        1 0.228667 0.454441
     0.4        1 0.246667 0.458393
     0.6        1 0.283333 0.463156
     0.8        1 0.409333 0.470373
     0.9        1 0.466667 0.477495
    0.95        1 0.466667 0.484439
    0.99        1 0.466667 0.495424
   0.999        1 0.493333 0.499487
  0.9999        1      0.5 0.499948
       0        2 0.466667 0.466667
     0.2        2 0.225333 0.464021
     0.4        2 0.245333 0.465686
     0.6        2 0.291333 0.468098
     0.8        2    0.416 0.472899
     0.9        2 0.466667 0.478795
    0.95        2 0.466667 0.485126
    0.99        2 0.466667 0.495589
   0.999        2 0.466667 0.499505
  0.9999        2      0.5  0.49995
       0        4 0.466667 0.466667
     0.2        4 0.226667 0.466416
     0.4        4 0.243333 0.467488
     0.6        4    0.294 0.469301
     0.8        4 0.417333 0.473493
     0.9        4 0.466667  0.47908
    0.95        4 0.466667 0.485259
    0.99        4 0.466667 0.495611
   0.999        4 0.466667 0.499507
  0.9999        4 0.466667  0.49995