       0     0.05 0.473333 0.493333
     0.2     0.05 0.213333 0.229356
     0.4     0.05 0.214667 0.235591
     0.6     0.05 0.213333 0.245779
     0.8     0.05    0.208 0.271075
     0.9     0.05     0.21 0.307563
    0.95     0.05    0.218 0.351505
    0.99     0.05 0.197333  0.44265
   0.999     0.05 0.392667 0.491461
  0.9999     0.05     0.48  0.49829
       0      0.1 0.473333 0.493333
     0.2      0.1 0.219333 0.271968
     0.4      0.1 0.218667 0.288312
     0.6      0.1 0.217333 0.313794
     0.8      0.1    0.216 0.360315
     0.9      0.1    0.206 0.403585
    0.95      0.1    0.198 0.437961
    0.99      0.1 0.377333 0.481166
   0.999      0.1    0.476 0.496285
  0.9999      0.1     0.48  0.49811
       0     0.15 0.473333 0.493333
     0.2     0.15    0.212 0.326108
     0.4     0.15    0.212  0.34685
     0.6     0.15 0.211333 0.374917
     0.8     0.15 0.190667 0.416222
     0.9     0.15    0.236  0.44671
    0.95     0.15 0.347333 0.467031
    0.99     0.15 0.473333 0.489175
   0.999     0.15 0.479333 0.496804
  0.9999     0.15     0.48 0.497773
       0      0.2 0.473333 0.493333
     0.2      0.2    0.204 0.375094
     0.4      0.2 0.196667 0.393899
     0.6      0.2 0.186667 0.417023
     0.8      0.2 0.237333 0.447148
     0.9      0.2 0.351333  0.46686
    0.95      0.2    0.416 0.478987
    0.99      0.2 0.473333  0.49194
   0.999      0.2     0.48 0.496942
  0.9999      0.2     0.48 0.497629
       0      0.3 0.473333 0.493333
     0.2      0.3 0.211333 0.439381
     0.4      0.3     0.23 0.449742
     0.6      0.3 0.273333 0.461447
     0.8      0.3     0.37 0.475123
     0.9      0.3    0.444 0.483227
    0.95      0.3 0.473333  0.48807
    0.99      0.3 0.473333 0.494087
   0.999      0.3     0.48 0.497319
  0.9999      0.3     0.48 0.497819
       0      0.4 0.473333 0.493333
     0.2      0.4 0.278667 0.468479
     0.4      0.4 0.305333 0.473533
     0.6      0.4 0.336667 0.479037
     0.8      0.4 0.432667 0.485224
     0.9      0.4 0.473333 0.488864
    0.95      0.4 0.473333 0.491219
    0.99      0.4 0.473333 0.495088
   0.999      0.4    0.478 0.497805
  0.9999      0.4     0.48  0.49825
       0      0.5 0.473333 0.493333
     0.2      0.5      0.3 0.480867
     0.4      0.5     0.32 0.483413
     0.6      0.5 0.383333 0.486154
     0.8      0.5 0.462667 0.489234
     0.9      0.5 0.473333 0.491146
    0.95      0.5 0.473333  0.49258
    0.99      0.5 0.473333 0.495681
   0.999      0.5 0.473333  0.49822
  0.9999      0.5     0.48 0.498646
       0      0.6 0.473333 0.493333
     0.2      0.6 0.310667 0.486419
     0.4      0.6 0.333333 0.487807
     0.6      0.6 0.416667 0.489307
     0.8      0.6 0.473333 0.491036
     0.9      0.6 0.473333 0.492219
    0.95      0.6 0.473333 0.493271
    0.99      0.6 0.473333 0.496059
   0.999      0.6 0.473333 0.498528
  0.9999      0.6     0.48 0.498947
       0      0.7 0.473333 0.493333
     0.2      0.7 0.316667 0.489136
     0.4      0.7 0.346667 0.489961
     0.6      0.7    0.436 0.490864
     0.8      0.7 0.473333 0.491952
     0.9      0.7 0.473333 0.492793
    0.95      0.7 0.473333 0.493668
    0.99      0.7 0.473333 0.496311
   0.999      0.7 0.473333 0.498749
  0.9999      0.7     0.48 0.499165
       0      0.8 0.473333 0.493333
     0.2      0.8     0.32 0.490591
     0.4      0.8 0.357333 0.491121
     0.6      0.8    0.452 0.491712
     0.8      0.8 0.473333 0.492467
     0.9      0.8 0.473333 0.493133
    0.95      0.8 0.473333 0.493917
    0.99      0.8 0.473333 0.496486
   0.999      0.8 0.473333 0.498909
  0.9999      0.8     0.48 0.499324
       0      0.9 0.473333 0.493333
     0.2      0.9 0.324667 0.491433
     0.4      0.9    0.368 0.491797
     0.6      0.9 0.459333 0.492213
     0.8      0.9 0.473333 0.492782
     0.9      0.9 0.473333  0.49335
    0.95      0.9 0.473333 0.494083
    0.99      0.9 0.473333 0.496612
   0.999      0.9 0.473333 0.499027
  0.9999      0.9     0.48 0.499441
       0        1 0.473333 0.493333
     0.2        1    0.328 0.491953
     0.4        1    0.374 0.492218
     0.6        1    0.464 0.492529
     0.8        1 0.473333 0.492988
     0.9        1 0.473333 0.493498
    0.95        1 0.473333 0.494201
    0.99        1 0.473333 0.496704
   0.999        1 0.473333 0.499115
  0.9999        1     0.48 0.499529
       0        2 0.473333 0.493333
     0.2        2 0.337333 0.493132
     0.4        2 0.408667 0.493196
     0.6        2 0.473333 0.493295
     0.8        2 0.473333  0.49353
     0.9        2 0.473333 0.493922
    0.95        2 0.473333 0.494564
    0.99        2 0.473333 0.497017
   0.999        2 0.473333 0.499423
  0.9999        2 0.473333 0.499838
       0        4 0.473333 0.493333
     0.2        4     0.34 0.493308
     0.4        4 0.419333 0.493349
     0.6        4 0.473333 0.493426
     0.8        4 0.473333 0.493638
     0.9        4 0.473333 0.494017
    0.95        4 0.473333 0.494652
    0.99        4 0.473333   0.4971
   0.999        4 0.473333 0.499506
  0.9999        4 0.473333 0.499922