       0     0.05    0.486 0.496667
     0.2     0.05    0.484 0.495333
     0.4     0.05    0.484 0.495333
     0.6     0.05    0.484 0.495333
     0.8     0.05    0.484 0.495333
     0.9     0.05    0.484 0.495333
    0.95     0.05    0.484 0.495333
    0.99     0.05    0.484 0.495333
   0.999     0.05    0.484 0.495333
  0.9999     0.05    0.484 0.495333
       0      0.1    0.486 0.496667
     0.2      0.1    0.146 0.147431
     0.4      0.1 0.151333 0.150819
     0.6      0.1 0.155333 0.153682
     0.8      0.1 0.160667 0.156261
     0.9      0.1 0.162667 0.151672
    0.95      0.1     0.14 0.145861
    0.99      0.1 0.141333 0.141483
   0.999      0.1     0.14 0.140621
  0.9999      0.1 0.127333 0.129597
       0     0.15    0.486 0.496667
     0.2     0.15 0.155333 0.158268
     0.4     0.15 0.146667  0.14983
     0.6     0.15    0.146 0.147827
     0.8     0.15     0.15 0.146172
     0.9     0.15 0.136667  0.14294
    0.95     0.15 0.134667 0.140252
    0.99     0.15 0.136667 0.132477
   0.999     0.15    0.102 0.110147
  0.9999     0.15 0.110667 0.110968
       0      0.2    0.486 0.496667
     0.2      0.2     0.16 0.159259
     0.4      0.2    0.156 0.155999
     0.6      0.2    0.148 0.148099
     0.8      0.2 0.140667  0.14283
     0.9      0.2 0.141333 0.142399
    0.95      0.2    0.126 0.139315
    0.99      0.2 0.118667 0.127682
   0.999      0.2 0.141333 0.151543
  0.9999      0.2    0.206  0.19971
       0      0.3    0.486 0.496667
     0.2      0.3 0.148667 0.156853
     0.4      0.3 0.157333 0.155895
     0.6      0.3 0.149333 0.150957
     0.8      0.3 0.133333 0.144013
     0.9      0.3 0.130667 0.145106
    0.95      0.3 0.133333 0.150942
    0.99      0.3 0.178667 0.178606
   0.999      0.3 0.234667 0.265916
  0.9999      0.3 0.500667 0.402996
       0      0.4    0.486 0.496667
     0.2      0.4 0.138667 0.171671
     0.4      0.4 0.136667 0.164326
     0.6      0.4 0.139333 0.161248
     0.8      0.4 0.129333 0.161133
     0.9      0.4 0.123333 0.167401
    0.95      0.4 0.116667 0.181537
    0.99      0.4 0.121333  0.26132
   0.999      0.4 0.473333 0.429511
  0.9999      0.4 0.510667   0.4931
       0      0.5    0.486 0.496667
     0.2      0.5    0.136  0.19698
     0.4      0.5 0.128667 0.192955
     0.6      0.5 0.125333 0.194094
     0.8      0.5 0.116667 0.205892
     0.9      0.5    0.106 0.231318
    0.95      0.5 0.103333 0.272364
    0.99      0.5 0.134667 0.395445
   0.999      0.5 0.496667 0.485134
  0.9999      0.5 0.510667  0.49932
       0      0.6    0.486 0.496667
     0.2      0.6 0.139333 0.223975
     0.4      0.6    0.134 0.228027
     0.6      0.6    0.132  0.23939
     0.8      0.6    0.122 0.272197
     0.9      0.6 0.112667 0.318883
    0.95      0.6 0.108667  0.37055
    0.99      0.6    0.138 0.458512
   0.999      0.6 0.472667 0.495051
  0.9999      0.6 0.509333 0.499705
       0      0.7    0.486 0.496667
     0.2      0.7 0.144667 0.252597
     0.4      0.7    0.136 0.264241
     0.6      0.7 0.137333 0.285973
     0.8      0.7 0.128667 0.332914
     0.9      0.7 0.121333 0.382712
    0.95      0.7 0.124667 0.425107
    0.99      0.7 0.190667   0.4792
   0.999      0.7 0.484667 0.497565
  0.9999      0.7 0.508667 0.499883
       0      0.8    0.486 0.496667
     0.2      0.8 0.148667 0.283523
     0.4      0.8 0.145333 0.300943
     0.6      0.8 0.142667 0.328839
     0.8      0.8 0.138667 0.378696
     0.9      0.8    0.146 0.421937
    0.95      0.8 0.167333 0.453283
    0.99      0.8 0.391333 0.487697
   0.999      0.8 0.506667 0.498641
  0.9999      0.8     0.51 0.500109
       0      0.9    0.486 0.496667
     0.2      0.9    0.152 0.315005
     0.4      0.9     0.15 0.335489
     0.6      0.9 0.151333   0.3651
     0.8      0.9 0.159333 0.411365
     0.9      0.9 0.188667 0.446272
    0.95      0.9 0.277333 0.469044
    0.99      0.9 0.471333 0.491913
   0.999      0.9 0.507333   0.4992
  0.9999      0.9 0.510667 0.500267
       0        1    0.486 0.496667
     0.2        1 0.156667 0.344358
     0.4        1 0.156667 0.365538
     0.6        1     0.16  0.39396
     0.8        1    0.178 0.434198
     0.9        1 0.242667 0.461646
    0.95        1    0.344 0.478291
    0.99        1    0.498 0.494175
   0.999        1 0.507333  0.49949
  0.9999        1 0.510667 0.500339
       0        2    0.486 0.496667
     0.2        2 0.170667 0.463204
     0.4        2 0.181333 0.470911
     0.6        2    0.202 0.479078
     0.8        2 0.286667 0.487769
     0.9        2 0.435333 0.492386
    0.95        2 0.507333 0.494875
    0.99        2 0.507333 0.497674
   0.999        2 0.507333 0.499696
  0.9999        2 0.510667 0.500146
       0        4    0.486 0.496667
     0.2        4     0.18 0.489013
     0.4        4 0.187333 0.490914
     0.6        4 0.221333 0.492847
     0.8        4 0.330667 0.494841
     0.9        4    0.486 0.495921
    0.95        4 0.507333 0.496598
    0.99        4 0.507333 0.497937
   0.999        4 0.507333 0.499605
  0.9999        4 0.507333 0.500004