       0     0.05    0.498 0.493333
     0.2     0.05 0.513333 0.509042
     0.4     0.05 0.514667 0.506824
     0.6     0.05    0.518 0.504228
     0.8     0.05 0.517333 0.500738
     0.9     0.05    0.506 0.498442
    0.95     0.05 0.503333 0.497266
    0.99     0.05    0.506 0.497603
   0.999     0.05 0.498667 0.499515
  0.9999     0.05 0.488667 0.499926
       0      0.1    0.498 0.493333
     0.2      0.1    0.506 0.499954
     0.4      0.1 0.510667  0.49864
     0.6      0.1 0.509333 0.497275
     0.8      0.1 0.510667 0.495849
     0.9      0.1 0.504667 0.495223
    0.95      0.1    0.502 0.495253
    0.99      0.1 0.490667 0.497165
   0.999      0.1 0.488667 0.499447
  0.9999      0.1 0.495333 0.499852
       0     0.15    0.498 0.493333
     0.2     0.15 0.502667 0.495205
     0.4     0.15 0.500667  0.49484
     0.6     0.15 0.503333 0.494488
     0.8     0.15 0.500667  0.49419
     0.9     0.15    0.494 0.494264
    0.95     0.15 0.496667 0.494747
    0.99     0.15 0.488667 0.497085
   0.999     0.15 0.488667 0.499423
  0.9999     0.15 0.495333 0.499825
       0      0.2    0.498 0.493333
     0.2      0.2      0.5 0.493522
     0.4      0.2 0.501333 0.493522
     0.6      0.2 0.500667  0.49353
     0.8      0.2 0.492667 0.493641
     0.9      0.2 0.497333 0.493978
    0.95      0.2 0.482667 0.494613
    0.99      0.2 0.488667  0.49707
   0.999      0.2 0.488667 0.499422
  0.9999      0.2 0.495333 0.499823
       0      0.3    0.498 0.493333
     0.2      0.3    0.492 0.493067
     0.4      0.3    0.496  0.49313
     0.6      0.3 0.495333 0.493234
     0.8      0.3 0.493333 0.493494
     0.9      0.3 0.483333 0.493922
    0.95      0.3 0.488667   0.4946
    0.99      0.3 0.488667 0.497085
   0.999      0.3 0.488667 0.499442
  0.9999      0.3 0.495333 0.499843
       0      0.4    0.498 0.493333
     0.2      0.4 0.491333 0.493096
     0.4      0.4 0.502667 0.493161
     0.6      0.4 0.489333 0.493271
     0.8      0.4 0.477333 0.493534
     0.9      0.4 0.487333 0.493955
    0.95      0.4 0.488667 0.494623
    0.99      0.4 0.488667 0.497101
   0.999      0.4 0.488667 0.499463
  0.9999      0.4 0.495333 0.499865
       0      0.5    0.498 0.493333
     0.2      0.5 0.488667 0.493154
     0.4      0.5 0.484667 0.493217
     0.6      0.5    0.494 0.493322
     0.8      0.5 0.486667 0.493572
     0.9      0.5 0.488667 0.493982
    0.95      0.5 0.488667 0.494641
    0.99      0.5 0.488667 0.497112
   0.999      0.5 0.488667 0.499481
  0.9999      0.5 0.495333 0.499885
       0      0.6    0.498 0.493333
     0.2      0.6 0.480667 0.493203
     0.4      0.6 0.491333 0.493262
     0.6      0.6 0.499333 0.493359
     0.8      0.6    0.488 0.493599
     0.9      0.6 0.488667    0.494
    0.95      0.6 0.488667 0.494653
    0.99      0.6 0.488667 0.497118
   0.999      0.6 0.488667 0.499494
  0.9999      0.6 0.495333   0.4999
       0      0.7    0.498 0.493333
     0.2      0.7    0.488 0.493239
     0.4      0.7 0.499333 0.493293
     0.6      0.7 0.494667 0.493385
     0.8      0.7 0.488667 0.493616
     0.9      0.7 0.488667 0.494011
    0.95      0.7 0.488667  0.49466
    0.99      0.7 0.488667 0.497122
   0.999      0.7 0.488667 0.499503
  0.9999      0.7 0.495333  0.49991
       0      0.8    0.498 0.493333
     0.2      0.8 0.488667 0.493264
     0.4      0.8 0.497333 0.493315
     0.6      0.8 0.490667 0.493402
     0.8      0.8 0.488667 0.493629
     0.9      0.8 0.488667  0.49402
    0.95      0.8 0.488667 0.494665
    0.99      0.8 0.488667 0.497124
   0.999      0.8 0.488667 0.499509
  0.9999      0.8 0.488667 0.499918
       0      0.9    0.498 0.493333
     0.2      0.9 0.486667 0.493282
     0.4      0.9 0.494667  0.49333
     0.6      0.9 0.493333 0.493415
     0.8      0.9 0.488667 0.493637
     0.9      0.9 0.488667 0.494025
    0.95      0.9 0.488667 0.494669
    0.99      0.9 0.488667 0.497125
   0.999      0.9 0.488667 0.499514
  0.9999      0.9 0.488667 0.499924
       0        1    0.498 0.493333
     0.2        1     0.49 0.493296
     0.4        1 0.497333 0.493342
     0.6        1    0.494 0.493424
     0.8        1 0.488667 0.493643
     0.9        1 0.488667  0.49403
    0.95        1 0.488667 0.494671
    0.99        1 0.488667 0.497126
   0.999        1 0.488667 0.499518
  0.9999        1 0.488667 0.499929
       0        2    0.498 0.493333
     0.2        2 0.494667  0.49334
     0.4        2 0.499333 0.493379
     0.6        2 0.494667 0.493454
     0.8        2 0.488667 0.493664
     0.9        2 0.488667 0.494043
    0.95        2 0.488667 0.494679
    0.99        2 0.488667 0.497127
   0.999        2 0.488667  0.49953
  0.9999        2 0.488667 0.499945
       0        4    0.498 0.493333
     0.2        4    0.494 0.493352
     0.4        4    0.498 0.493389
     0.6        4 0.494667 0.493462
     0.8        4 0.488667 0.493669
     0.9        4 0.488667 0.494047
    0.95        4 0.488667 0.494681
    0.99        4 0.488667 0.497127
   0.999        4 0.488667 0.499534
  0.9999        4 0.488667 0.499949