        0      0.05      0.78  0.777778
        0       0.1      0.78  0.777778
        0      0.15      0.78  0.777778
        0       0.2      0.78  0.777778
        0       0.3      0.78  0.777778
        0       0.4      0.78  0.777778
        0       0.5      0.78  0.777778
        0       0.6      0.78  0.777778
        0       0.7      0.78  0.777778
        0       0.8      0.78  0.777778
        0       0.9      0.78  0.777778
        0         1      0.78  0.777778
        0         2      0.78  0.777778
        0         4      0.78  0.777778
      0.2      0.05  0.137333  0.162552
      0.2       0.1 0.0993333 0.0997381
      0.2      0.15  0.100667  0.103262
      0.2       0.2  0.111333  0.111997
      0.2       0.3  0.129333  0.128528
      0.2       0.4  0.141333  0.141346
      0.2       0.5  0.152667  0.152372
      0.2       0.6  0.162667  0.164291
      0.2       0.7  0.169333  0.182784
      0.2       0.8      0.17  0.211794
      0.2       0.9  0.170667  0.252027
      0.2         1     0.176  0.301022
      0.2         2  0.327333  0.694737
      0.2         4     0.668  0.769287
      0.4      0.05  0.136667  0.162614
      0.4       0.1     0.098 0.0980912
      0.4      0.15 0.0993333  0.100772
      0.4       0.2  0.105333  0.106075
      0.4       0.3  0.120667  0.119943
      0.4       0.4     0.132  0.130781
      0.4       0.5  0.140667  0.141943
      0.4       0.6  0.148667  0.154194
      0.4       0.7  0.156667  0.174443
      0.4       0.8      0.16  0.209389
      0.4       0.9     0.168  0.258304
      0.4         1  0.172667  0.316571
      0.4         2  0.347333  0.713123
      0.4         4     0.704  0.773024
      0.6      0.05  0.136667  0.161595
      0.6       0.1     0.098  0.098553
      0.6      0.15 0.0986667 0.0998069
      0.6       0.2       0.1  0.103047
      0.6       0.3  0.112667  0.111891
      0.6       0.4  0.124667  0.123293
      0.6       0.5  0.134667  0.132897
      0.6       0.6     0.142  0.146537
      0.6       0.7  0.144667  0.170247
      0.6       0.8  0.151333  0.213772
      0.6       0.9     0.162  0.274708
      0.6         1  0.172667  0.345495
      0.6         2  0.387333  0.734797
      0.6         4  0.778667  0.778058
      0.8      0.05  0.136667  0.161586
      0.8       0.1     0.102  0.101127
      0.8      0.15  0.100667  0.101792
      0.8       0.2 0.0966667  0.102001
      0.8       0.3  0.107333  0.107214
      0.8       0.4      0.11  0.112123
      0.8       0.5      0.12  0.122758
      0.8       0.6  0.124667  0.139502
      0.8       0.7     0.134  0.173176
      0.8       0.8      0.15  0.235677
      0.8       0.9  0.157333  0.318939
      0.8         1       0.2  0.409733
      0.8         2  0.454667  0.763136
      0.8         4      0.78  0.787124
      0.9      0.05  0.135333  0.161583
      0.9       0.1     0.102  0.101707
      0.9      0.15  0.103333  0.103763
      0.9       0.2     0.102  0.104483
      0.9       0.3  0.105333  0.105718
      0.9       0.4      0.11  0.108463
      0.9       0.5  0.111333  0.117043
      0.9       0.6     0.114   0.13782
      0.9       0.7      0.13  0.186948
      0.9       0.8  0.138667  0.273205
      0.9       0.9  0.187333  0.380295
      0.9         1  0.201333  0.486372
      0.9         2     0.574  0.784439
      0.9         4      0.78  0.797499
     0.95      0.05  0.134667  0.161583
     0.95       0.1  0.103333  0.102749
     0.95      0.15     0.104  0.104368
     0.95       0.2     0.104  0.104485
     0.95       0.3  0.109333  0.105376
     0.95       0.4  0.108667  0.106873
     0.95       0.5  0.112667  0.116338
     0.95       0.6     0.112  0.143146
     0.95       0.7     0.124  0.212074
     0.95       0.8  0.145333  0.325708
     0.95       0.9     0.206  0.454448
     0.95         1  0.240667   0.56606
     0.95         2  0.644667  0.801169
     0.95         4      0.78  0.808317
     0.99      0.05  0.134667  0.161585
     0.99       0.1  0.104667   0.10404
     0.99      0.15  0.104667  0.103406
     0.99       0.2  0.101333  0.103325
     0.99       0.3  0.111333  0.105567
     0.99       0.4  0.112667    0.1079
     0.99       0.5     0.112  0.128166
     0.99       0.6  0.113333  0.185011
     0.99       0.7  0.177333  0.316165
     0.99       0.8  0.206667  0.492412
     0.99       0.9  0.328667  0.630418
     0.99         1     0.408  0.716687
     0.99         2      0.78  0.824176
     0.99         4      0.78  0.825941
    0.999      0.05  0.133333  0.161289
    0.999       0.1  0.104667  0.104777
    0.999      0.15 0.0946667  0.099862
    0.999       0.2 0.0946667  0.104394
    0.999       0.3  0.111333  0.106774
    0.999       0.4  0.112667  0.123896
    0.999       0.5     0.138  0.174861
    0.999       0.6     0.214  0.310113
    0.999       0.7     0.326  0.549545
    0.999       0.8  0.432667  0.707367
    0.999       0.9  0.668667  0.781714
    0.999         1  0.700667  0.812994
    0.999         2     0.822  0.832307
    0.999         4  0.833333  0.832504
   0.9999      0.05  0.133333  0.160576
   0.9999       0.1     0.106  0.103644
   0.9999      0.15 0.0953333  0.101883
   0.9999       0.2  0.113333  0.104691
   0.9999       0.3     0.112  0.111592
   0.9999       0.4     0.156  0.156215
   0.9999       0.5     0.182  0.239767
   0.9999       0.6  0.337333  0.520137
   0.9999       0.7  0.562667  0.732422
   0.9999       0.8     0.726  0.805965
   0.9999       0.9     0.832  0.826205
   0.9999         1  0.833333  0.831043
   0.9999         2  0.833333  0.833229
   0.9999         4  0.833333  0.833249