       0     0.05     0.83 0.827778
     0.2     0.05 0.657333 0.642111
     0.4     0.05 0.656667 0.642556
     0.6     0.05 0.656667    0.641
     0.8     0.05 0.656667 0.640556
     0.9     0.05 0.656667 0.640556
    0.95     0.05 0.655333 0.640556
    0.99     0.05    0.654 0.640111
   0.999     0.05 0.653333 0.640111
  0.9999     0.05 0.653333 0.639111
       0      0.1     0.83 0.827778
     0.2      0.1 0.639333 0.640948
     0.4      0.1 0.638667 0.638375
     0.6      0.1 0.641333 0.638992
     0.8      0.1 0.638667  0.63833
     0.9      0.1 0.644667 0.641367
    0.95      0.1 0.644667 0.642278
    0.99      0.1    0.638 0.636759
   0.999      0.1 0.634667 0.633179
  0.9999      0.1    0.628 0.629521
       0     0.15     0.83 0.827778
     0.2     0.15 0.646667 0.646792
     0.4     0.15 0.642667 0.642158
     0.6     0.15 0.641333  0.64146
     0.8     0.15    0.648 0.644036
     0.9     0.15 0.644667 0.643248
    0.95     0.15     0.64 0.639242
    0.99     0.15 0.632667  0.63414
   0.999     0.15 0.636667 0.637361
  0.9999     0.15 0.672667 0.664315
       0      0.2     0.83 0.827778
     0.2      0.2 0.652667 0.650652
     0.4      0.2 0.649333 0.646475
     0.6      0.2    0.646  0.64536
     0.8      0.2 0.649333 0.646173
     0.9      0.2 0.643333 0.644497
    0.95      0.2 0.638667 0.640907
    0.99      0.2    0.642 0.641324
   0.999      0.2 0.672667 0.664428
  0.9999      0.2 0.672667 0.672194
       0      0.3     0.83 0.827778
     0.2      0.3 0.660667 0.661614
     0.4      0.3 0.652667  0.65415
     0.6      0.3 0.648667 0.646601
     0.8      0.3 0.650667 0.646915
     0.9      0.3 0.648667 0.645699
    0.95      0.3 0.648667 0.647306
    0.99      0.3 0.659333 0.658539
   0.999      0.3 0.681333 0.677814
  0.9999      0.3 0.690667 0.680857
       0      0.4     0.83 0.827778
     0.2      0.4 0.670667 0.670732
     0.4      0.4    0.664 0.663306
     0.6      0.4 0.657333 0.656494
     0.8      0.4 0.653333 0.648766
     0.9      0.4    0.654  0.65246
    0.95      0.4 0.651333 0.654448
    0.99      0.4 0.685333 0.666646
   0.999      0.4 0.690667 0.676661
  0.9999      0.4 0.705333 0.686989
       0      0.5     0.83 0.827778
     0.2      0.5     0.68 0.679612
     0.4      0.5     0.67 0.670832
     0.6      0.5 0.664667 0.665806
     0.8      0.5 0.656667 0.659117
     0.9      0.5    0.652 0.656746
    0.95      0.5 0.661333 0.660274
    0.99      0.5    0.704 0.671598
   0.999      0.5 0.703333 0.683386
  0.9999      0.5 0.706667 0.678972
       0      0.6     0.83 0.827778
     0.2      0.6 0.684667 0.684757
     0.4      0.6 0.678667 0.674811
     0.6      0.6    0.668 0.669979
     0.8      0.6 0.664667 0.666363
     0.9      0.6    0.662 0.663215
    0.95      0.6 0.663333 0.664146
    0.99      0.6 0.705333 0.673509
   0.999      0.6 0.708667 0.673929
  0.9999      0.6    0.668 0.676229
       0      0.7     0.83 0.827778
     0.2      0.7    0.692 0.687579
     0.4      0.7 0.674667 0.677912
     0.6      0.7 0.672667 0.671411
     0.8      0.7    0.672 0.669066
     0.9      0.7 0.673333 0.666945
    0.95      0.7 0.695333 0.666403
    0.99      0.7    0.708 0.669622
   0.999      0.7 0.676667 0.679294
  0.9999      0.7 0.672667 0.725682
       0      0.8     0.83 0.827778
     0.2      0.8 0.691333 0.687763
     0.4      0.8 0.682667 0.681516
     0.6      0.8 0.674667 0.674673
     0.8      0.8 0.679333 0.671854
     0.9      0.8 0.693333 0.671516
    0.95      0.8 0.707333 0.671475
    0.99      0.8 0.708667 0.678047
   0.999      0.8 0.671333 0.721019
  0.9999      0.8 0.722667 0.789662
       0      0.9     0.83 0.827778
     0.2      0.9 0.694667 0.688399
     0.4      0.9 0.689333 0.684395
     0.6      0.9 0.685333 0.680646
     0.8      0.9    0.688 0.678648
     0.9      0.9 0.719333 0.680416
    0.95      0.9 0.714667 0.684452
    0.99      0.9    0.688 0.708563
   0.999      0.9 0.717333 0.771855
  0.9999      0.9 0.769333 0.820195
       0        1     0.83 0.827778
     0.2        1 0.696667 0.690211
     0.4        1    0.692 0.688066
     0.6        1 0.692667 0.687091
     0.8        1    0.706 0.689212
     0.9        1    0.714 0.695187
    0.95        1    0.712 0.705343
    0.99        1 0.696667 0.743867
   0.999        1 0.754667 0.804438
  0.9999        1 0.774667  0.82884
       0        2     0.83 0.827778
     0.2        2 0.671333 0.764808
     0.4        2 0.677333 0.773018
     0.6        2 0.701333 0.784161
     0.8        2 0.821333 0.800448
     0.9        2     0.83 0.812193
    0.95        2     0.83 0.819782
    0.99        2     0.83 0.828053
   0.999        2 0.833333 0.832289
  0.9999        2 0.833333 0.833213
       0        4     0.83 0.827778
     0.2        4     0.83 0.818873
     0.4        4     0.83 0.821034
     0.6        4     0.83 0.823375
     0.8        4     0.83 0.825958
     0.9        4     0.83 0.827436
    0.95        4     0.83 0.828382
    0.99        4     0.83 0.830259
   0.999        4 0.833333 0.832663
  0.9999        4 0.833333 0.833257