        0      0.05  0.479333      0.49
      0.2      0.05     0.476  0.488333
      0.4      0.05     0.476  0.488333
      0.6      0.05     0.476  0.488333
      0.8      0.05     0.476  0.488333
      0.9      0.05     0.476  0.488333
     0.95      0.05     0.476  0.488333
     0.99      0.05     0.476  0.488333
    0.999      0.05     0.476  0.488333
   0.9999      0.05     0.476  0.488333
        0       0.1  0.479333      0.49
      0.2       0.1 0.0686667 0.0681491
      0.4       0.1 0.0686667 0.0697895
      0.6       0.1 0.0713333 0.0725828
      0.8       0.1     0.076 0.0749427
      0.9       0.1 0.0766667 0.0766525
     0.95       0.1 0.0773333   0.07813
     0.99       0.1     0.082 0.0802108
    0.999       0.1      0.08 0.0790178
   0.9999       0.1 0.0733333 0.0768027
        0      0.15  0.479333      0.49
      0.2      0.15 0.0673333 0.0693645
      0.4      0.15 0.0653333  0.068738
      0.6      0.15 0.0693333 0.0708891
      0.8      0.15     0.076 0.0748983
      0.9      0.15 0.0806667 0.0764266
     0.95      0.15 0.0786667  0.076523
     0.99      0.15     0.078 0.0762551
    0.999      0.15 0.0713333 0.0759034
   0.9999      0.15 0.0746667 0.0746219
        0       0.2  0.479333      0.49
      0.2       0.2 0.0693333  0.067991
      0.4       0.2 0.0706667 0.0694753
      0.6       0.2 0.0673333  0.070342
      0.8       0.2 0.0726667   0.07314
      0.9       0.2     0.072 0.0742485
     0.95       0.2 0.0726667 0.0746991
     0.99       0.2     0.068 0.0762868
    0.999       0.2 0.0646667 0.0750529
   0.9999       0.2 0.0626667 0.0820915
        0       0.3  0.479333      0.49
      0.2       0.3 0.0606667 0.0675347
      0.4       0.3 0.0573333 0.0666505
      0.6       0.3 0.0606667 0.0681527
      0.8       0.3 0.0586667 0.0704434
      0.9       0.3 0.0533333 0.0729399
     0.95       0.3 0.0486667 0.0765552
     0.99       0.3 0.0413333 0.0940229
    0.999       0.3 0.0726667  0.172223
   0.9999       0.3  0.294667  0.341546
        0       0.4  0.479333      0.49
      0.2       0.4     0.056 0.0844126
      0.4       0.4      0.05 0.0802051
      0.6       0.4      0.04 0.0799549
      0.8       0.4     0.034 0.0860438
      0.9       0.4 0.0313333  0.099035
     0.95       0.4 0.0293333  0.120972
     0.99       0.4     0.046  0.221037
    0.999       0.4  0.290667  0.418052
   0.9999       0.4      0.51  0.490729
        0       0.5  0.479333      0.49
      0.2       0.5 0.0586667  0.112322
      0.4       0.5 0.0493333  0.112906
      0.6       0.5 0.0406667  0.119956
      0.8       0.5     0.032  0.144463
      0.9       0.5 0.0313333  0.184938
     0.95       0.5 0.0393333  0.241081
     0.99       0.5 0.0526667  0.388412
    0.999       0.5     0.456  0.484603
   0.9999       0.5  0.510667  0.498878
        0       0.6  0.479333      0.49
      0.2       0.6 0.0606667  0.150052
      0.4       0.6     0.058   0.16065
      0.6       0.6     0.046  0.182046
      0.8       0.6 0.0373333  0.233067
      0.9       0.6 0.0353333   0.29624
     0.95       0.6 0.0366667  0.359808
     0.99       0.6 0.0573333    0.4577
    0.999       0.6      0.39  0.495069
   0.9999       0.6     0.506  0.499601
        0       0.7  0.479333      0.49
      0.2       0.7 0.0626667  0.196881
      0.4       0.7 0.0546667  0.216911
      0.6       0.7 0.0486667  0.250129
      0.8       0.7     0.044  0.313977
      0.9       0.7      0.04  0.374878
     0.95       0.7      0.04  0.422593
     0.99       0.7 0.0293333  0.479109
    0.999       0.7  0.201333  0.497537
   0.9999       0.7  0.479333  0.499721
        0       0.8  0.479333      0.49
      0.2       0.8 0.0593333  0.248016
      0.4       0.8 0.0546667  0.273587
      0.6       0.8     0.052  0.311265
      0.8       0.8 0.0473333  0.372368
      0.9       0.8     0.042   0.42042
     0.95       0.8 0.0373333   0.45282
     0.99       0.8     0.106  0.487262
    0.999       0.8     0.478  0.498404
   0.9999       0.8  0.488667  0.499758
        0       0.9  0.479333      0.49
      0.2       0.9 0.0613333  0.296096
      0.4       0.9 0.0553333  0.322853
      0.6       0.9     0.052  0.358909
      0.8       0.9 0.0466667   0.41046
      0.9       0.9     0.048  0.446077
     0.95       0.9 0.0566667  0.468168
     0.99       0.9  0.250667  0.490988
    0.999       0.9  0.479333  0.498797
   0.9999       0.9  0.489333   0.49978
        0         1  0.479333      0.49
      0.2         1 0.0566667  0.336244
      0.4         1 0.0546667  0.361347
      0.6         1      0.05  0.392991
      0.8         1     0.054  0.434407
      0.9         1 0.0546667  0.460763
     0.95         1 0.0866667  0.476447
     0.99         1  0.369333   0.49291
    0.999         1  0.479333  0.499008
   0.9999         1  0.489333    0.4998
        0         2  0.479333      0.49
      0.2         2     0.088  0.460474
      0.4         2     0.094   0.46744
      0.6         2 0.0966667  0.474798
      0.8         2      0.11  0.482781
      0.9         2     0.138  0.487465
     0.95         2  0.246667  0.490676
     0.99         2  0.479333  0.496173
    0.999         2  0.479333  0.499435
   0.9999         2  0.479333  0.499903
        0         4  0.479333      0.49
      0.2         4  0.102667  0.483306
      0.4         4  0.104667  0.485044
      0.6         4  0.108667  0.486877
      0.8         4     0.122  0.489018
      0.9         4  0.166667  0.490656
     0.95         4  0.304667  0.492312
     0.99         4  0.479333  0.496547
    0.999         4  0.479333  0.499503
   0.9999         4  0.479333  0.499938