        0      0.05  0.193333  0.493333
      0.2      0.05  0.193333  0.373333
      0.4      0.05  0.193333  0.372667
      0.6      0.05  0.193333  0.372667
      0.8      0.05  0.193333  0.372667
      0.9      0.05  0.193333  0.372667
     0.95      0.05  0.193333  0.372667
     0.99      0.05  0.193333  0.372667
    0.999      0.05  0.193333  0.372667
   0.9999      0.05  0.193333  0.372667
        0       0.1  0.193333  0.493333
      0.2       0.1     0.056 0.0565159
      0.4       0.1     0.054 0.0546543
      0.6       0.1 0.0506667 0.0533579
      0.8       0.1 0.0513333 0.0520125
      0.9       0.1 0.0513333 0.0512898
     0.95       0.1 0.0506667 0.0509127
     0.99       0.1      0.05 0.0502217
    0.999       0.1 0.0506667 0.0509767
   0.9999       0.1     0.052 0.0528375
        0      0.15  0.193333  0.493333
      0.2      0.15 0.0546667 0.0569859
      0.4      0.15 0.0546667 0.0557869
      0.6      0.15     0.052 0.0540658
      0.8      0.15 0.0513333 0.0525767
      0.9      0.15 0.0513333 0.0519193
     0.95      0.15 0.0506667 0.0518138
     0.99      0.15 0.0526667 0.0539273
    0.999      0.15 0.0553333 0.0548553
   0.9999      0.15     0.056 0.0558618
        0       0.2  0.193333  0.493333
      0.2       0.2 0.0593333 0.0591158
      0.4       0.2 0.0546667 0.0567549
      0.6       0.2     0.054 0.0550067
      0.8       0.2 0.0533333 0.0533977
      0.9       0.2     0.052 0.0532938
     0.95       0.2     0.056 0.0541322
     0.99       0.2     0.056 0.0550477
    0.999       0.2     0.056 0.0562873
   0.9999       0.2 0.0566667 0.0574315
        0       0.3  0.193333  0.493333
      0.2       0.3     0.064 0.0666691
      0.4       0.3 0.0566667 0.0613617
      0.6       0.3     0.056 0.0577587
      0.8       0.3     0.054 0.0550429
      0.9       0.3 0.0526667 0.0540435
     0.95       0.3 0.0526667  0.053865
     0.99       0.3     0.052 0.0544839
    0.999       0.3 0.0473333 0.0535074
   0.9999       0.3 0.0546667  0.059561
        0       0.4  0.193333  0.493333
      0.2       0.4 0.0766667 0.0808248
      0.4       0.4 0.0626667 0.0724048
      0.6       0.4 0.0573333 0.0661124
      0.8       0.4 0.0486667 0.0603193
      0.9       0.4     0.044 0.0566832
     0.95       0.4      0.04 0.0546532
     0.99       0.4 0.0333333 0.0549567
    0.999       0.4 0.0393333 0.0739767
   0.9999       0.4 0.0566667 0.0987507
        0       0.5  0.193333  0.493333
      0.2       0.5 0.0846667 0.0953042
      0.4       0.5 0.0726667 0.0864217
      0.6       0.5 0.0626667 0.0798214
      0.8       0.5 0.0493333 0.0734836
      0.9       0.5 0.0386667 0.0706213
     0.95       0.5     0.032 0.0712757
     0.99       0.5      0.03 0.0877406
    0.999       0.5 0.0433333  0.124038
   0.9999       0.5 0.0706667  0.143363
        0       0.6  0.193333  0.493333
      0.2       0.6 0.0966667  0.111088
      0.4       0.6 0.0873333   0.10355
      0.6       0.6     0.072  0.098209
      0.8       0.6 0.0546667 0.0956647
      0.9       0.6 0.0426667 0.0989828
     0.95       0.6 0.0353333  0.107646
     0.99       0.6     0.038  0.139125
    0.999       0.6 0.0613333  0.172395
   0.9999       0.6     0.118  0.215599
        0       0.7  0.193333  0.493333
      0.2       0.7  0.107333   0.12847
      0.4       0.7     0.096  0.124441
      0.6       0.7 0.0846667  0.123188
      0.8       0.7 0.0706667  0.128207
      0.9       0.7 0.0593333   0.13979
     0.95       0.7 0.0526667  0.155096
     0.99       0.7      0.05  0.188375
    0.999       0.7  0.100667  0.230003
   0.9999       0.7  0.197333  0.276584
        0       0.8  0.193333  0.493333
      0.2       0.8     0.112  0.148963
      0.4       0.8  0.106667  0.149222
      0.6       0.8     0.098  0.153489
      0.8       0.8 0.0826667  0.166944
      0.9       0.8 0.0746667  0.184262
     0.95       0.8 0.0653333  0.201487
     0.99       0.8 0.0766667  0.234709
    0.999       0.8     0.182  0.282162
   0.9999       0.8  0.199333  0.305664
        0       0.9  0.193333  0.493333
      0.2       0.9     0.118  0.173354
      0.4       0.9     0.112   0.17758
      0.6       0.9     0.108  0.186696
      0.8       0.9     0.098  0.206017
      0.9       0.9     0.086  0.225701
     0.95       0.9     0.074  0.243298
     0.99       0.9  0.114667  0.278585
    0.999       0.9  0.194667  0.315026
   0.9999       0.9       0.2   0.32521
        0         1  0.193333  0.493333
      0.2         1  0.119333  0.200955
      0.4         1  0.117333  0.208411
      0.6         1  0.110667  0.220974
      0.8         1     0.096  0.243586
      0.9         1 0.0866667  0.264294
     0.95         1 0.0886667  0.282203
     0.99         1  0.166667  0.315271
    0.999         1  0.197333  0.338408
   0.9999         1       0.2  0.343414
        0         2  0.193333  0.493333
      0.2         2  0.132667  0.411835
      0.4         2  0.130667  0.420521
      0.6         2  0.121333  0.430091
      0.8         2  0.157333  0.440805
      0.9         2     0.188  0.446852
     0.95         2  0.193333  0.450383
     0.99         2  0.193333   0.45509
    0.999         2  0.198667  0.458391
   0.9999         2       0.2  0.459016
        0         4  0.193333  0.493333
      0.2         4  0.184667   0.47814
      0.4         4  0.162667  0.480045
      0.6         4  0.143333  0.482001
      0.8         4  0.177333    0.4841
      0.9         4  0.193333  0.485416
     0.95         4  0.193333  0.486504
     0.99         4  0.193333  0.489296
    0.999         4  0.193333   0.49186
   0.9999         4       0.2  0.492309