       0     0.05 0.816667 0.816667
     0.2     0.05 0.399333 0.426667
     0.4     0.05    0.396 0.423889
     0.6     0.05    0.394 0.422222
     0.8     0.05 0.390667 0.421111
     0.9     0.05 0.389333 0.420556
    0.95     0.05    0.388 0.418333
    0.99     0.05 0.386667 0.416111
   0.999     0.05 0.380667 0.412444
  0.9999     0.05 0.378667 0.412444
       0      0.1 0.816667 0.816667
     0.2      0.1 0.286667  0.28637
     0.4      0.1 0.280667 0.280279
     0.6      0.1 0.280667  0.28026
     0.8      0.1 0.280667  0.27999
     0.9      0.1 0.279333 0.278851
    0.95      0.1 0.278667 0.278262
    0.99      0.1 0.277333 0.277013
   0.999      0.1    0.278 0.277072
  0.9999      0.1    0.278 0.276229
       0     0.15 0.816667 0.816667
     0.2     0.15 0.292667 0.292742
     0.4     0.15 0.289333  0.28758
     0.6     0.15     0.28 0.280672
     0.8     0.15 0.279333 0.278504
     0.9     0.15    0.278 0.276711
    0.95     0.15 0.276667 0.275162
    0.99     0.15 0.276667 0.274038
   0.999     0.15 0.270667 0.270703
  0.9999     0.15 0.270667 0.270831
       0      0.2 0.816667 0.816667
     0.2      0.2 0.298667 0.298713
     0.4      0.2    0.294 0.293119
     0.6      0.2 0.287333 0.286078
     0.8      0.2     0.28 0.278255
     0.9      0.2    0.276 0.274948
    0.95      0.2 0.276667 0.273939
    0.99      0.2 0.270667 0.271301
   0.999      0.2 0.270667 0.270864
  0.9999      0.2 0.268667 0.268328
       0      0.3 0.816667 0.816667
     0.2      0.3     0.32 0.319365
     0.4      0.3 0.300667 0.299989
     0.6      0.3 0.292667 0.292062
     0.8      0.3 0.283333 0.282026
     0.9      0.3 0.276667 0.277334
    0.95      0.3 0.277333 0.275199
    0.99      0.3    0.268 0.269553
   0.999      0.3    0.266 0.266552
  0.9999      0.3 0.266667 0.267673
       0      0.4 0.816667 0.816667
     0.2      0.4 0.353333 0.358447
     0.4      0.4    0.314  0.32596
     0.6      0.4    0.296 0.299757
     0.8      0.4 0.285333 0.287422
     0.9      0.4 0.279333 0.281852
    0.95      0.4 0.276667 0.278481
    0.99      0.4 0.267333 0.273604
   0.999      0.4    0.268 0.288397
  0.9999      0.4 0.271333 0.339001
       0      0.5 0.816667 0.816667
     0.2      0.5 0.378667 0.385371
     0.4      0.5    0.348 0.360135
     0.6      0.5 0.310667 0.330128
     0.8      0.5 0.286667 0.302773
     0.9      0.5 0.282667 0.296996
    0.95      0.5    0.276 0.297698
    0.99      0.5 0.267333 0.316626
   0.999      0.5     0.32 0.369026
  0.9999      0.5 0.332667 0.408438
       0      0.6 0.816667 0.816667
     0.2      0.6    0.404 0.413212
     0.4      0.6 0.374667 0.388041
     0.6      0.6 0.343333 0.368048
     0.8      0.6 0.305333 0.344899
     0.9      0.6    0.294 0.340198
    0.95      0.6 0.296667 0.347081
    0.99      0.6 0.318667 0.378158
   0.999      0.6 0.354667 0.447536
  0.9999      0.6 0.444667 0.553906
       0      0.7 0.816667 0.816667
     0.2      0.7 0.424667 0.438764
     0.4      0.7 0.395333 0.417358
     0.6      0.7 0.375333 0.403147
     0.8      0.7 0.348667 0.394114
     0.9      0.7 0.335333 0.396177
    0.95      0.7    0.326 0.406815
    0.99      0.7 0.354667 0.455468
   0.999      0.7    0.448 0.571552
  0.9999      0.7    0.544 0.706096
       0      0.8 0.816667 0.816667
     0.2      0.8 0.442667 0.460536
     0.4      0.8 0.424667 0.447493
     0.6      0.8    0.404 0.438504
     0.8      0.8 0.381333 0.440045
     0.9      0.8 0.350667 0.452291
    0.95      0.8 0.345333  0.47354
    0.99      0.8 0.404667 0.550075
   0.999      0.8 0.509333 0.688076
  0.9999      0.8 0.759333 0.789131
       0      0.9 0.816667 0.816667
     0.2      0.9 0.449333 0.480859
     0.4      0.9    0.436 0.475659
     0.6      0.9 0.421333 0.475098
     0.8      0.9    0.396 0.487615
     0.9      0.9 0.395333 0.512092
    0.95      0.9    0.406 0.545258
    0.99      0.9    0.482 0.640709
   0.999      0.9 0.665333 0.763284
  0.9999      0.9 0.815333 0.820496
       0        1 0.816667 0.816667
     0.2        1 0.453333 0.503042
     0.4        1 0.444667 0.505051
     0.6        1 0.430667 0.513409
     0.8        1     0.42 0.538673
     0.9        1 0.419333   0.5738
    0.95        1 0.445333 0.614625
    0.99        1    0.516 0.710768
   0.999        1 0.779333 0.802574
  0.9999        1 0.831333  0.82923
       0        2 0.816667 0.816667
     0.2        2 0.477333 0.736166
     0.4        2 0.479333 0.750436
     0.6        2 0.511333 0.767497
     0.8        2 0.562667 0.789084
     0.9        2 0.637333 0.803093
    0.95        2 0.755333 0.812209
    0.99        2    0.816 0.824871
   0.999        2    0.818 0.832075
  0.9999        2 0.833333   0.8332
       0        4 0.816667 0.816667
     0.2        4 0.606667 0.806565
     0.4        4 0.602667 0.809083
     0.6        4 0.600667 0.811819
     0.8        4    0.718  0.81512
     0.9        4 0.816667 0.817707
    0.95        4 0.816667 0.820363
    0.99        4 0.816667 0.827362
   0.999        4 0.816667 0.832473
  0.9999        4 0.833333 0.833243