       0     0.05    0.492 0.493333
     0.2     0.05    0.492 0.493333
     0.4     0.05    0.492 0.493333
     0.6     0.05    0.492 0.493333
     0.8     0.05    0.492 0.493333
     0.9     0.05    0.492 0.493333
    0.95     0.05    0.492 0.493333
    0.99     0.05    0.492 0.493333
   0.999     0.05    0.492 0.493333
  0.9999     0.05    0.492 0.493333
       0      0.1    0.492 0.493333
     0.2      0.1 0.430667 0.426576
     0.4      0.1 0.425333 0.425816
     0.6      0.1     0.43 0.426847
     0.8      0.1 0.429333 0.429052
     0.9      0.1 0.427333 0.430726
    0.95      0.1 0.430667 0.432493
    0.99      0.1    0.434 0.435939
   0.999      0.1    0.436 0.435079
  0.9999      0.1 0.434667 0.432322
       0     0.15    0.492 0.493333
     0.2     0.15 0.423333  0.42898
     0.4     0.15 0.432667  0.43016
     0.6     0.15 0.432667 0.431383
     0.8     0.15    0.432 0.433365
     0.9     0.15     0.44 0.435469
    0.95     0.15 0.430667 0.437458
    0.99     0.15    0.438 0.443313
   0.999     0.15     0.46 0.462238
  0.9999     0.15     0.46 0.477881
       0      0.2    0.492 0.493333
     0.2      0.2     0.43 0.430296
     0.4      0.2    0.428  0.43403
     0.6      0.2    0.426 0.437741
     0.8      0.2 0.438667 0.443274
     0.9      0.2    0.442 0.448547
    0.95      0.2    0.454 0.454379
    0.99      0.2     0.47 0.468578
   0.999      0.2    0.482 0.481285
  0.9999      0.2     0.49 0.486763
       0      0.3    0.492 0.493333
     0.2      0.3 0.402667 0.425748
     0.4      0.3 0.401333 0.435354
     0.6      0.3    0.422 0.445497
     0.8      0.3 0.437333 0.458848
     0.9      0.3    0.446 0.468965
    0.95      0.3 0.454667 0.476757
    0.99      0.3     0.47 0.488554
   0.999      0.3 0.482667 0.496521
  0.9999      0.3    0.494 0.499372
       0      0.4    0.492 0.493333
     0.2      0.4 0.376667 0.429642
     0.4      0.4    0.376  0.44137
     0.6      0.4 0.384667 0.453998
     0.8      0.4 0.399333 0.469484
     0.9      0.4    0.406 0.479685
    0.95      0.4 0.426667 0.486274
    0.99      0.4 0.484667 0.494256
   0.999      0.4    0.492 0.498843
  0.9999      0.4 0.498667 0.499813
       0      0.5    0.492 0.493333
     0.2      0.5    0.376 0.444469
     0.4      0.5 0.369333 0.454294
     0.6      0.5 0.368667 0.465145
     0.8      0.5 0.365333 0.477811
     0.9      0.5     0.39  0.48541
    0.95      0.5 0.438667 0.489986
    0.99      0.5 0.489333 0.495712
   0.999      0.5    0.492 0.499235
  0.9999      0.5 0.498667 0.499881
       0      0.6    0.492 0.493333
     0.2      0.6    0.364 0.458512
     0.4      0.6    0.362 0.466078
     0.6      0.6 0.362667 0.474273
     0.8      0.6 0.359333 0.483427
     0.9      0.6 0.369333 0.488677
    0.95      0.6 0.436667 0.491847
    0.99      0.6    0.492 0.496332
   0.999      0.6    0.492 0.499379
  0.9999      0.6 0.498667 0.499912
       0      0.7    0.492 0.493333
     0.2      0.7 0.360667 0.468488
     0.4      0.7    0.356 0.474159
     0.6      0.7    0.356 0.480188
     0.8      0.7    0.362 0.486752
     0.9      0.7 0.371333 0.490481
    0.95      0.7    0.414 0.492827
    0.99      0.7    0.492 0.496636
   0.999      0.7    0.492 0.499445
  0.9999      0.7 0.498667 0.499928
       0      0.8    0.492 0.493333
     0.2      0.8 0.359333 0.475067
     0.4      0.8    0.356 0.479365
     0.6      0.8 0.356667 0.483878
     0.8      0.8 0.356667 0.488738
     0.9      0.8    0.364 0.491528
    0.95      0.8 0.392667 0.493384
    0.99      0.8    0.492   0.4968
   0.999      0.8    0.492 0.499479
  0.9999      0.8 0.492667 0.499936
       0      0.9    0.492 0.493333
     0.2      0.9 0.359333 0.479439
     0.4      0.9    0.356 0.482774
     0.6      0.9 0.358667 0.486253
     0.8      0.9    0.358 0.489988
     0.9      0.9 0.362667 0.492177
    0.95      0.9 0.389333 0.493725
    0.99      0.9    0.492 0.496896
   0.999      0.9    0.492 0.499497
  0.9999      0.9    0.492 0.499941
       0        1    0.492 0.493333
     0.2        1 0.362667 0.482437
     0.4        1 0.364667 0.485091
     0.6        1 0.361333 0.487849
     0.8        1 0.358667 0.490817
     0.9        1 0.356667 0.492604
    0.95        1 0.380667 0.493947
    0.99        1     0.49 0.496957
   0.999        1    0.492 0.499509
  0.9999        1    0.492 0.499944
       0        2    0.492 0.493333
     0.2        2 0.372667 0.490958
     0.4        2 0.371333 0.491589
     0.6        2 0.370667 0.492258
     0.8        2 0.373333 0.493066
     0.9        2     0.37 0.493746
    0.95        2 0.372667 0.494531
    0.99        2 0.446667 0.497099
   0.999        2    0.492 0.499532
  0.9999        2    0.492  0.49995
       0        4    0.492 0.493333
     0.2        4 0.372667 0.492779
     0.4        4 0.373333  0.49296
     0.6        4 0.373333 0.493176
     0.8        4    0.374 0.493527
     0.9        4    0.372 0.493976
    0.95        4    0.372 0.494646
    0.99        4 0.395333 0.497121
   0.999        4    0.492 0.499534
  0.9999        4    0.492  0.49995