        0      0.05  0.479333      0.49
      0.2      0.05  0.478667  0.487667
      0.4      0.05  0.478667  0.487667
      0.6      0.05  0.478667  0.487667
      0.8      0.05  0.478667  0.487667
      0.9      0.05  0.478667  0.487667
     0.95      0.05  0.478667  0.487667
     0.99      0.05  0.478667  0.487667
    0.999      0.05  0.478667  0.487667
   0.9999      0.05  0.478667  0.487667
        0       0.1  0.479333      0.49
      0.2       0.1 0.0766667 0.0780365
      0.4       0.1     0.076 0.0789148
      0.6       0.1     0.078  0.080212
      0.8       0.1 0.0826667 0.0825227
      0.9       0.1 0.0853333 0.0846184
     0.95       0.1 0.0866667 0.0860533
     0.99       0.1 0.0886667 0.0879678
    0.999       0.1     0.088 0.0897532
   0.9999       0.1 0.0886667  0.090387
        0      0.15  0.479333      0.49
      0.2      0.15     0.076 0.0784122
      0.4      0.15     0.076  0.078455
      0.6      0.15 0.0773333 0.0805357
      0.8      0.15 0.0826667 0.0833067
      0.9      0.15 0.0873333 0.0857391
     0.95      0.15 0.0873333 0.0875678
     0.99      0.15 0.0886667  0.090584
    0.999      0.15     0.096 0.0949828
   0.9999      0.15     0.098 0.0982739
        0       0.2  0.479333      0.49
      0.2       0.2 0.0793333 0.0847538
      0.4       0.2 0.0753333 0.0793158
      0.6       0.2 0.0773333  0.078752
      0.8       0.2 0.0786667 0.0822242
      0.9       0.2     0.082 0.0853609
     0.95       0.2 0.0893333 0.0879421
     0.99       0.2     0.094 0.0927814
    0.999       0.2     0.098  0.102437
   0.9999       0.2  0.117333  0.122637
        0       0.3  0.479333      0.49
      0.2       0.3 0.0786667 0.0890041
      0.4       0.3 0.0753333 0.0829082
      0.6       0.3      0.07  0.079428
      0.8       0.3     0.066 0.0805432
      0.9       0.3 0.0653333 0.0853939
     0.95       0.3     0.074 0.0920928
     0.99       0.3 0.0773333  0.117401
    0.999       0.3  0.127333  0.189069
   0.9999       0.3  0.212667  0.317679
        0       0.4  0.479333      0.49
      0.2       0.4 0.0806667 0.0980568
      0.4       0.4 0.0693333 0.0930964
      0.6       0.4     0.064 0.0918748
      0.8       0.4 0.0613333 0.0980735
      0.9       0.4     0.058  0.111953
     0.95       0.4     0.054    0.1335
     0.99       0.4     0.076  0.221929
    0.999       0.4  0.250667  0.410868
   0.9999       0.4  0.489333  0.486297
        0       0.5  0.479333      0.49
      0.2       0.5 0.0806667  0.114941
      0.4       0.5     0.066  0.116287
      0.6       0.5 0.0586667  0.123846
      0.8       0.5 0.0533333  0.148217
      0.9       0.5 0.0493333  0.186574
     0.95       0.5 0.0513333  0.239082
     0.99       0.5      0.14  0.382604
    0.999       0.5  0.482667   0.48173
   0.9999       0.5  0.489333  0.496648
        0       0.6  0.479333      0.49
      0.2       0.6 0.0786667  0.144584
      0.4       0.6     0.066  0.155564
      0.6       0.6 0.0586667  0.176964
      0.8       0.6 0.0593333  0.226734
      0.9       0.6 0.0713333  0.288392
     0.95       0.6  0.113333  0.351797
     0.99       0.6  0.404667  0.453164
    0.999       0.6  0.488667  0.493026
   0.9999       0.6  0.489333  0.497895
        0       0.7  0.479333      0.49
      0.2       0.7     0.082  0.187859
      0.4       0.7 0.0806667  0.207685
      0.6       0.7 0.0766667  0.240431
      0.8       0.7 0.0953333  0.303796
      0.9       0.7  0.144667  0.365586
     0.95       0.7  0.251333  0.415257
     0.99       0.7  0.468667  0.475641
    0.999       0.7  0.489333  0.495715
   0.9999       0.7  0.489333  0.498128
        0       0.8  0.479333      0.49
      0.2       0.8 0.0893333  0.238561
      0.4       0.8 0.0966667   0.26376
      0.6       0.8  0.107333  0.301208
      0.8       0.8  0.142667  0.363099
      0.9       0.8  0.233333  0.413053
     0.95       0.8     0.378  0.447457
     0.99       0.8  0.479333  0.484563
    0.999       0.8  0.489333  0.496758
   0.9999       0.8  0.489333  0.498276
        0       0.9  0.479333      0.49
      0.2       0.9  0.101333  0.287746
      0.4       0.9  0.112667  0.314333
      0.6       0.9  0.129333  0.350622
      0.8       0.9     0.196   0.40357
      0.9       0.9     0.328  0.440974
     0.95       0.9  0.437333  0.464489
     0.99       0.9  0.479333  0.488868
    0.999       0.9  0.489333  0.497355
   0.9999       0.9  0.489333  0.498457
        0         1  0.479333      0.49
      0.2         1     0.114  0.329549
      0.4         1     0.126  0.354719
      0.6         1     0.148  0.386853
      0.8         1  0.242667  0.429645
      0.9         1  0.387333  0.457313
     0.95         1  0.467333  0.473877
     0.99         1  0.479333  0.491209
    0.999         1  0.489333  0.497768
   0.9999         1  0.489333  0.498649
        0         2  0.479333      0.49
      0.2         2     0.156  0.460068
      0.4         2  0.188667  0.467029
      0.6         2  0.268667  0.474392
      0.8         2  0.424667  0.482388
      0.9         2  0.478667  0.487069
     0.95         2  0.479333  0.490263
     0.99         2  0.479333  0.495758
    0.999         2  0.479333  0.499094
   0.9999         2  0.489333  0.499579
        0         4  0.479333      0.49
      0.2         4  0.175333  0.483304
      0.4         4  0.217333  0.485021
      0.6         4  0.305333  0.486832
      0.8         4      0.45  0.488949
      0.9         4  0.479333  0.490571
     0.95         4  0.479333  0.492216
     0.99         4  0.479333  0.496444
    0.999         4  0.479333  0.499418
   0.9999         4  0.489333  0.499856