        0      0.05  0.166667  0.466667
        0       0.1  0.166667  0.466667
        0      0.15  0.166667  0.466667
        0       0.2  0.166667  0.466667
        0      0.25  0.166667  0.466667
        0       0.3  0.166667  0.466667
        0      0.35  0.166667  0.466667
        0       0.4  0.166667  0.466667
        0      0.45  0.166667  0.466667
        0       0.5  0.166667  0.466667
        0      0.55  0.166667  0.466667
        0       0.6  0.166667  0.466667
        0      0.65  0.166667  0.466667
        0       0.7  0.166667  0.466667
        0      0.75  0.166667  0.466667
        0       0.8  0.166667  0.466667
        0      0.85  0.166667  0.466667
        0       0.9  0.166667  0.466667
        0      0.95  0.166667  0.466667
        0         2  0.166667  0.466667
        0         4  0.166667  0.466667
        0         8  0.166667  0.466667
        0        16  0.166667  0.466667
      0.1      0.05  0.166667  0.466667
      0.1       0.1  0.161333  0.197667
      0.1      0.15 0.0613333 0.0605946
      0.1       0.2 0.0573333  0.057531
      0.1      0.25 0.0586667 0.0581704
      0.1       0.3 0.0573333 0.0575488
      0.1      0.35 0.0553333 0.0573231
      0.1       0.4 0.0553333 0.0577086
      0.1      0.45     0.056  0.058647
      0.1       0.5     0.058 0.0598633
      0.1      0.55 0.0586667 0.0612937
      0.1       0.6 0.0606667  0.062748
      0.1      0.65 0.0606667 0.0641828
      0.1       0.7 0.0593333 0.0654849
      0.1      0.75      0.06 0.0668034
      0.1       0.8 0.0613333 0.0682755
      0.1      0.85 0.0606667 0.0699824
      0.1       0.9     0.062 0.0720426
      0.1      0.95 0.0646667 0.0745634
      0.1         2 0.0833333    0.2282
      0.1         4  0.194667  0.417384
      0.1         8  0.227333  0.456281
      0.1        16  0.230667  0.464348
      0.2      0.05  0.166667  0.466667
      0.2       0.1  0.161333  0.197667
      0.2      0.15     0.062 0.0607169
      0.2       0.2 0.0573333 0.0572718
      0.2      0.25     0.058 0.0578033
      0.2       0.3      0.06 0.0578751
      0.2      0.35 0.0573333 0.0574848
      0.2       0.4     0.056 0.0574537
      0.2      0.45 0.0546667 0.0578087
      0.2       0.5 0.0553333 0.0584537
      0.2      0.55 0.0566667 0.0592723
      0.2       0.6 0.0566667  0.060311
      0.2      0.65 0.0586667 0.0615492
      0.2       0.7 0.0573333 0.0629172
      0.2      0.75 0.0573333 0.0643189
      0.2       0.8 0.0573333 0.0657847
      0.2      0.85     0.058 0.0674403
      0.2       0.9 0.0586667 0.0693921
      0.2      0.95 0.0593333 0.0717294
      0.2         2     0.078  0.233102
      0.2         4     0.192  0.420103
      0.2         8  0.219333  0.457156
      0.2        16  0.226667  0.464795
      0.3      0.05  0.166667  0.466667
      0.3       0.1  0.161333  0.197667
      0.3      0.15     0.062 0.0607517
      0.3       0.2     0.058 0.0574599
      0.3      0.25     0.056 0.0572147
      0.3       0.3 0.0573333 0.0576342
      0.3      0.35     0.056 0.0574797
      0.3       0.4 0.0573333 0.0572958
      0.3      0.45     0.056 0.0574128
      0.3       0.5 0.0546667  0.057777
      0.3      0.55 0.0546667  0.058297
      0.3       0.6 0.0553333 0.0589686
      0.3      0.65 0.0553333 0.0598579
      0.3       0.7 0.0553333 0.0609829
      0.3      0.75 0.0553333 0.0623129
      0.3       0.8 0.0546667  0.063809
      0.3      0.85 0.0553333 0.0655033
      0.3       0.9 0.0573333 0.0674862
      0.3      0.95 0.0553333 0.0698541
      0.3         2 0.0766667  0.238853
      0.3         4  0.191333  0.422952
      0.3         8     0.216  0.458112
      0.3        16  0.218667   0.46532
      0.4      0.05  0.166667  0.466667
      0.4       0.1  0.161333  0.197667
      0.4      0.15     0.062 0.0607468
      0.4       0.2     0.058 0.0574798
      0.4      0.25 0.0573333  0.057035
      0.4       0.3     0.056 0.0570926
      0.4      0.35 0.0573333 0.0572133
      0.4       0.4     0.056 0.0570555
      0.4      0.45 0.0566667 0.0570225
      0.4       0.5     0.056 0.0572052
      0.4      0.55     0.054 0.0575434
      0.4       0.6     0.054 0.0580103
      0.4      0.65 0.0546667 0.0586609
      0.4       0.7     0.054 0.0595506
      0.4      0.75 0.0533333 0.0607048
      0.4       0.8      0.05 0.0621324
      0.4      0.85 0.0506667 0.0638482
      0.4       0.9 0.0513333 0.0659019
      0.4      0.95     0.054 0.0683705
      0.4         2     0.072  0.245615
      0.4         4  0.181333  0.425963
      0.4         8  0.207333  0.459185
      0.4        16  0.210667  0.465959
      0.5      0.05  0.166667  0.466667
      0.5       0.1  0.161333  0.197667
      0.5      0.15     0.062 0.0607091
      0.5       0.2     0.058 0.0574143
      0.5      0.25     0.058 0.0569316
      0.5       0.3     0.056 0.0566414
      0.5      0.35 0.0566667 0.0566945
      0.5       0.4 0.0533333 0.0566647
      0.5      0.45 0.0533333 0.0565716
      0.5       0.5     0.054 0.0566088
      0.5      0.55 0.0533333 0.0567978
      0.5       0.6     0.052 0.0571231
      0.5      0.65     0.052 0.0576244
      0.5       0.7 0.0526667 0.0583646
      0.5      0.75      0.05 0.0593848
      0.5       0.8      0.05 0.0607254
      0.5      0.85      0.05 0.0624327
      0.5       0.9     0.048 0.0645595
      0.5      0.95     0.048 0.0671694
      0.5         2 0.0626667  0.253622
      0.5         4  0.166667  0.429194
      0.5         8  0.194667  0.460434
      0.5        16     0.196  0.466771
      0.6      0.05  0.166667  0.466667
      0.6       0.1  0.161333  0.197667
      0.6      0.15     0.062 0.0606345
      0.6       0.2     0.058  0.057284
      0.6      0.25     0.058 0.0567583
      0.6       0.3 0.0566667 0.0562703
      0.6      0.35 0.0553333 0.0561099
      0.6       0.4     0.054 0.0560772
      0.6      0.45 0.0533333 0.0559985
      0.6       0.5     0.052 0.0559375
      0.6      0.55     0.054 0.0559866
      0.6       0.6 0.0533333 0.0561803
      0.6      0.65 0.0513333 0.0565673
      0.6       0.7 0.0506667 0.0572169
      0.6      0.75      0.05 0.0581763
      0.6       0.8 0.0473333   0.05949
      0.6      0.85     0.046 0.0612242
      0.6       0.9 0.0466667 0.0634556
      0.6      0.95     0.046 0.0662589
      0.6         2     0.058  0.263235
      0.6         4  0.148667  0.432748
      0.6         8  0.176667  0.461969
      0.6        16  0.186667  0.467865
      0.7      0.05  0.166667  0.466667
      0.7       0.1  0.161333  0.197667
      0.7      0.15     0.062 0.0605084
      0.7       0.2     0.058 0.0570792
      0.7      0.25     0.058 0.0564664
      0.7       0.3     0.058 0.0558429
      0.7      0.35     0.056 0.0554927
      0.7       0.4 0.0533333  0.055343
      0.7      0.45 0.0513333 0.0552284
      0.7       0.5      0.05  0.055103
      0.7      0.55     0.052 0.0550251
      0.7       0.6     0.052 0.0550777
      0.7      0.65 0.0506667 0.0553517
      0.7       0.7     0.048 0.0559405
      0.7      0.75 0.0446667 0.0569046
      0.7       0.8     0.044  0.058286
      0.7      0.85 0.0426667 0.0601535
      0.7       0.9     0.044 0.0626017
      0.7      0.95 0.0426667 0.0657257
      0.7         2     0.056  0.275045
      0.7         4  0.126667  0.436841
      0.7         8     0.164  0.464017
      0.7        16  0.169333   0.46947
      0.8      0.05  0.166667  0.466667
      0.8       0.1  0.161333  0.197667
      0.8      0.15     0.062 0.0602973
      0.8       0.2     0.058 0.0567611
      0.8      0.25 0.0566667 0.0559748
      0.8       0.3 0.0566667 0.0551872
      0.8      0.35 0.0546667 0.0546979
      0.8       0.4 0.0526667 0.0544119
      0.8      0.45      0.05 0.0541734
      0.8       0.5 0.0486667 0.0539276
      0.8      0.55 0.0486667 0.0537017
      0.8       0.6     0.048 0.0535951
      0.8      0.65 0.0466667 0.0537542
      0.8       0.7 0.0446667 0.0543187
      0.8      0.75 0.0433333 0.0553739
      0.8       0.8 0.0426667 0.0569686
      0.8      0.85 0.0413333 0.0591752
      0.8       0.9 0.0406667 0.0621024
      0.8      0.95 0.0386667 0.0658631
      0.8         2 0.0566667  0.290192
      0.8         4  0.128667   0.44201
      0.8         8     0.162  0.467141
      0.8        16  0.169333  0.472149
      0.9      0.05  0.166667  0.466667
      0.9       0.1  0.161333  0.197667
      0.9      0.15 0.0606667 0.0599192
      0.9       0.2     0.056 0.0561927
      0.9      0.25     0.056 0.0549601
      0.9       0.3     0.056 0.0538724
      0.9      0.35 0.0506667 0.0532915
      0.9       0.4      0.05 0.0528761
      0.9      0.45 0.0493333 0.0523993
      0.9       0.5 0.0486667 0.0518726
      0.9      0.55 0.0486667  0.051383
      0.9       0.6 0.0473333  0.051095
      0.9      0.65     0.046 0.0512142
      0.9       0.7 0.0446667 0.0519143
      0.9      0.75      0.04 0.0533169
      0.9       0.8 0.0393333 0.0555231
      0.9      0.85 0.0386667 0.0586562
      0.9       0.9 0.0366667 0.0628525
      0.9      0.95     0.034 0.0682129
      0.9         2 0.0606667  0.311838
      0.9         4  0.165333  0.450096
      0.9         8  0.166667  0.473221
      0.9        16  0.166667  0.477783
        1      0.05       0.2       0.5
        1       0.1       0.2       0.5
        1      0.15       0.2       0.5
        1       0.2       0.2       0.5
        1      0.25       0.2       0.5
        1       0.3       0.2       0.5
        1      0.35       0.2       0.5
        1       0.4       0.2       0.5
        1      0.45       0.2       0.5
        1       0.5       0.2       0.5
        1      0.55       0.2       0.5
        1       0.6       0.2       0.5
        1      0.65       0.2       0.5
        1       0.7       0.2       0.5
        1      0.75       0.2       0.5
        1       0.8       0.2       0.5
        1      0.85       0.2       0.5
        1       0.9       0.2       0.5
        1      0.95       0.2       0.5
        1         2       0.2       0.5
        1         4       0.2       0.5
        1         8       0.2       0.5
        1        16       0.2       0.5
     0.99      0.05  0.166667  0.466667
     0.99       0.1  0.161333  0.197667
     0.99      0.15 0.0606667 0.0592001
     0.99       0.2 0.0553333   0.05357
     0.99      0.25 0.0473333   0.05069
     0.99       0.3 0.0486667 0.0500138
     0.99      0.35 0.0466667 0.0491488
     0.99       0.4 0.0446667 0.0480928
     0.99      0.45 0.0466667 0.0469067
     0.99       0.5 0.0446667 0.0458605
     0.99      0.55 0.0433333 0.0452587
     0.99       0.6 0.0433333 0.0452798
     0.99      0.65 0.0413333  0.046465
     0.99       0.7 0.0366667 0.0496738
     0.99      0.75 0.0353333 0.0552193
     0.99       0.8     0.034 0.0628745
     0.99      0.85     0.032 0.0722702
     0.99       0.9     0.032 0.0830221
     0.99      0.95      0.03 0.0947711
     0.99         2  0.169333  0.359189
     0.99         4  0.166667  0.469459
     0.99         8  0.166667  0.490241
     0.99        16  0.166667  0.494363
    0.999      0.05  0.166667  0.466667
    0.999       0.1  0.161333  0.197667
    0.999      0.15 0.0593333 0.0580388
    0.999       0.2 0.0473333 0.0497971
    0.999      0.25     0.048 0.0491965
    0.999       0.3 0.0446667 0.0480052
    0.999      0.35 0.0486667 0.0468263
    0.999       0.4     0.044 0.0454849
    0.999      0.45 0.0433333 0.0440885
    0.999       0.5 0.0426667 0.0427424
    0.999      0.55 0.0386667 0.0422865
    0.999       0.6     0.032 0.0457327
    0.999      0.65      0.03   0.05399
    0.999       0.7 0.0306667 0.0644125
    0.999      0.75 0.0293333 0.0754181
    0.999       0.8 0.0293333 0.0864304
    0.999      0.85 0.0306667 0.0971133
    0.999       0.9 0.0306667  0.107356
    0.999      0.95     0.032  0.117594
    0.999         2       0.2  0.376584
    0.999         4       0.2  0.474015
    0.999         8       0.2  0.494207
    0.999        16  0.166667  0.498267