        0      0.05  0.196667  0.496667
      0.2      0.05  0.196667  0.380333
      0.4      0.05  0.196667  0.380333
      0.6      0.05  0.196667      0.38
      0.8      0.05  0.196667  0.379667
      0.9      0.05  0.196667  0.379667
     0.95      0.05  0.196667  0.379667
     0.99      0.05  0.196667     0.379
    0.999      0.05  0.196667     0.379
   0.9999      0.05  0.196667     0.379
        0       0.1  0.196667  0.496667
      0.2       0.1     0.108  0.108173
      0.4       0.1  0.110667  0.111588
      0.6       0.1     0.114  0.113996
      0.8       0.1  0.114667  0.114474
      0.9       0.1     0.114  0.114528
     0.95       0.1  0.115333  0.115077
     0.99       0.1  0.115333  0.115473
    0.999       0.1     0.116  0.115469
   0.9999       0.1  0.114667  0.115388
        0      0.15  0.196667  0.496667
      0.2      0.15     0.104  0.102951
      0.4      0.15  0.107333  0.105884
      0.6      0.15  0.110667  0.109588
      0.8      0.15  0.112667  0.113229
      0.9      0.15  0.114667   0.11418
     0.95      0.15  0.114667  0.114703
     0.99      0.15  0.113333  0.114499
    0.999      0.15     0.112  0.112142
   0.9999      0.15  0.110667  0.110561
        0       0.2  0.196667  0.496667
      0.2       0.2  0.100667  0.101704
      0.4       0.2       0.1  0.101231
      0.6       0.2  0.105333  0.104923
      0.8       0.2     0.114   0.11068
      0.9       0.2  0.115333  0.112659
     0.95       0.2     0.114  0.112688
     0.99       0.2     0.112  0.110803
    0.999       0.2  0.109333  0.109376
   0.9999       0.2  0.109333  0.108278
        0       0.3  0.196667  0.496667
      0.2       0.3     0.114   0.12241
      0.4       0.3       0.1  0.103793
      0.6       0.3 0.0953333 0.0973951
      0.8       0.3 0.0926667 0.0964708
      0.9       0.3 0.0966667 0.0989301
     0.95       0.3     0.102  0.101552
     0.99       0.3     0.104  0.105861
    0.999       0.3  0.104667  0.108411
   0.9999       0.3  0.104667  0.108845
        0       0.4  0.196667  0.496667
      0.2       0.4  0.197333  0.188541
      0.4       0.4  0.109333  0.133562
      0.6       0.4     0.084   0.10367
      0.8       0.4 0.0793333   0.09125
      0.9       0.4 0.0786667 0.0910512
     0.95       0.4 0.0733333 0.0957426
     0.99       0.4     0.058   0.11286
    0.999       0.4 0.0446667  0.133183
   0.9999       0.4 0.0353333  0.146647
        0       0.5  0.196667  0.496667
      0.2       0.5     0.234  0.237834
      0.4       0.5  0.186667  0.188181
      0.6       0.5 0.0873333  0.140981
      0.8       0.5     0.056  0.111234
      0.9       0.5 0.0513333  0.109004
     0.95       0.5     0.046  0.116158
     0.99       0.5     0.046  0.135359
    0.999       0.5 0.0806667  0.154964
   0.9999       0.5     0.108  0.166495
        0       0.6  0.196667  0.496667
      0.2       0.6  0.267333  0.267966
      0.4       0.6     0.226  0.227324
      0.6       0.6  0.108667   0.18559
      0.8       0.6 0.0653333  0.152478
      0.9       0.6 0.0586667  0.146662
     0.95       0.6 0.0706667   0.15069
     0.99       0.6 0.0953333  0.169537
    0.999       0.6  0.111333  0.193557
   0.9999       0.6  0.119333   0.22495
        0       0.7  0.196667  0.496667
      0.2       0.7  0.282667  0.286433
      0.4       0.7     0.246  0.253426
      0.6       0.7  0.138667  0.220426
      0.8       0.7     0.086  0.192927
      0.9       0.7     0.086  0.187727
     0.95       0.7 0.0946667  0.192503
     0.99       0.7  0.109333  0.213502
    0.999       0.7  0.117333  0.246877
   0.9999       0.7  0.197333  0.286149
        0       0.8  0.196667  0.496667
      0.2       0.8  0.289333  0.300587
      0.4       0.8  0.253333  0.275671
      0.6       0.8     0.184  0.251967
      0.8       0.8  0.103333  0.233984
      0.9       0.8 0.0993333   0.23299
     0.95       0.8  0.107333  0.239537
     0.99       0.8  0.116667  0.263083
    0.999       0.8  0.156667   0.30468
   0.9999       0.8  0.199333  0.327963
        0       0.9  0.196667  0.496667
      0.2       0.9  0.294667   0.31362
      0.4       0.9     0.266  0.297263
      0.6       0.9     0.212  0.282722
      0.8       0.9  0.111333   0.27418
      0.9       0.9  0.109333  0.277348
     0.95       0.9     0.116  0.285822
     0.99       0.9  0.127333  0.313826
    0.999       0.9  0.195333  0.349695
   0.9999       0.9       0.2  0.360502
        0         1  0.196667  0.496667
      0.2         1     0.296  0.327748
      0.4         1  0.267333  0.318814
      0.6         1     0.234  0.311992
      0.8         1  0.119333  0.311179
      0.9         1     0.118  0.318029
     0.95         1     0.122  0.328712
     0.99         1  0.147333  0.357983
    0.999         1  0.196667  0.382593
   0.9999         1       0.2   0.38785
        0         2  0.196667  0.496667
      0.2         2     0.324  0.450503
      0.4         2       0.3  0.455243
      0.6         2  0.266667  0.460852
      0.8         2  0.130667  0.468043
      0.9         2     0.148  0.472709
     0.95         2  0.184667  0.475548
     0.99         2  0.196667  0.478797
    0.999         2  0.196667  0.481002
   0.9999         2       0.2  0.481516
        0         4  0.196667  0.496667
      0.2         4     0.344  0.488051
      0.4         4  0.325333  0.489167
      0.6         4  0.284667  0.490335
      0.8         4  0.160667  0.491591
      0.9         4  0.166667  0.492315
     0.95         4  0.196667  0.492816
     0.99         4  0.196667  0.494015
    0.999         4  0.196667  0.495654
   0.9999         4  0.196667  0.496052