       0     0.05 0.465333 0.466667
       0      0.1 0.465333 0.466667
       0     0.15 0.465333 0.466667
       0      0.2 0.465333 0.466667
       0      0.3 0.465333 0.466667
       0      0.4 0.465333 0.466667
       0      0.5 0.465333 0.466667
       0      0.6 0.465333 0.466667
       0      0.7 0.465333 0.466667
       0      0.8 0.465333 0.466667
       0      0.9 0.465333 0.466667
       0        1 0.465333 0.466667
       0        2 0.465333 0.466667
       0        4 0.465333 0.466667
     0.2     0.05 0.465333 0.466667
     0.2      0.1    0.418 0.415696
     0.2     0.15 0.394667 0.401509
     0.2      0.2 0.382667 0.391988
     0.2      0.3 0.355333 0.386747
     0.2      0.4    0.348 0.401198
     0.2      0.5    0.332 0.420734
     0.2      0.6 0.330667 0.435465
     0.2      0.7 0.328667 0.444817
     0.2      0.8 0.327333 0.450745
     0.2      0.9    0.328 0.454643
     0.2        1 0.327333 0.457316
     0.2        2    0.332 0.465002
     0.2        4     0.33 0.466679
     0.4     0.05 0.465333 0.466667
     0.4      0.1    0.416 0.418324
     0.4     0.15 0.410667 0.408449
     0.4      0.2 0.392667 0.400145
     0.4      0.3 0.368667 0.397726
     0.4      0.4 0.353333 0.413564
     0.4      0.5    0.342  0.43104
     0.4      0.6    0.342 0.443218
     0.4      0.7 0.335333 0.450717
     0.4      0.8 0.334667 0.455395
     0.4      0.9 0.333333 0.458443
     0.4        1 0.330667 0.460518
     0.4        2     0.33 0.466413
     0.4        4 0.330667 0.467683
     0.6     0.05 0.465333 0.466667
     0.6      0.1     0.42 0.419496
     0.6     0.15 0.410667 0.412982
     0.6      0.2 0.397333  0.40635
     0.6      0.3 0.382667 0.409781
     0.6      0.4 0.364667 0.428123
     0.6      0.5 0.355333 0.442831
     0.6      0.6 0.350667 0.452055
     0.6      0.7 0.342667 0.457528
     0.6      0.8 0.342667 0.460878
     0.6      0.9 0.339333 0.463034
     0.6        1 0.339333  0.46449
     0.6        2 0.329333 0.468563
     0.6        4    0.328 0.469426
     0.8     0.05 0.465333 0.466667
     0.8      0.1    0.422 0.421021
     0.8     0.15    0.414 0.417244
     0.8      0.2 0.400667 0.413576
     0.8      0.3 0.388667 0.426794
     0.8      0.4     0.38 0.447156
     0.8      0.5 0.368667 0.457737
     0.8      0.6 0.362667 0.463539
     0.8      0.7 0.352667  0.46682
     0.8      0.8 0.338667 0.468776
     0.8      0.9    0.334 0.470012
     0.8        1 0.335333 0.470836
     0.8        2    0.332 0.473083
     0.8        4 0.327333 0.473544
     0.9     0.05 0.465333 0.466667
     0.9      0.1 0.422667 0.421729
     0.9     0.15 0.411333 0.420318
     0.9      0.2 0.420667 0.419816
     0.9      0.3 0.395333 0.441171
     0.9      0.4 0.377333 0.461008
     0.9      0.5    0.366 0.468829
     0.9      0.6 0.352667 0.472778
     0.9      0.7    0.342 0.474933
     0.9      0.8 0.343333 0.476188
     0.9      0.9 0.337333 0.476967
     0.9        1    0.336 0.477479
     0.9        2 0.342667 0.478829
     0.9        4 0.350667 0.479091
    0.95     0.05 0.465333 0.466667
    0.95      0.1    0.424  0.42186
    0.95     0.15 0.419333 0.423629
    0.95      0.2    0.424 0.425707
    0.95      0.3    0.404 0.453488
    0.95      0.4 0.355333 0.471771
    0.95      0.5 0.340667  0.47798
    0.95      0.6    0.338 0.480922
    0.95      0.7    0.344 0.482467
    0.95      0.8 0.358667 0.483344
    0.95      0.9    0.374 0.483877
    0.95        1 0.382667 0.484222
    0.95        2    0.422 0.485094
    0.95        4 0.432667 0.485252
    0.99     0.05 0.465333 0.466667
    0.99      0.1 0.417333 0.423468
    0.99     0.15    0.436 0.432753
    0.99      0.2 0.424667 0.437424
    0.99      0.3 0.463333 0.475676
    0.99      0.4 0.466667 0.489376
    0.99      0.5 0.466667 0.492735
    0.99      0.6    0.468 0.494034
    0.99      0.7    0.468 0.494646
    0.99      0.8    0.468 0.494971
    0.99      0.9    0.468 0.495161
    0.99        1    0.468  0.49528
    0.99        2    0.468 0.495559
    0.99        4    0.468 0.495604
   0.999     0.05 0.465333 0.466667
   0.999      0.1    0.434 0.434031
   0.999     0.15 0.439333 0.437435
   0.999      0.2    0.454 0.455891
   0.999      0.3     0.49 0.494201
   0.999      0.4 0.489333 0.498613
   0.999      0.5 0.479333 0.499148
   0.999      0.6 0.471333 0.499323
   0.999      0.7    0.468 0.499399
   0.999      0.8    0.468 0.499438
   0.999      0.9    0.468  0.49946
   0.999        1    0.468 0.499473
   0.999        2    0.468 0.499502
   0.999        4    0.468 0.499506
  0.9999     0.05 0.465333 0.466667
  0.9999      0.1 0.452667 0.445772
  0.9999     0.15 0.447333 0.445218
  0.9999      0.2    0.474 0.474255
  0.9999      0.3 0.501333 0.499522
  0.9999      0.4 0.501333 0.499914
  0.9999      0.5 0.501333 0.499937
  0.9999      0.6 0.501333 0.499947
  0.9999      0.7 0.501333 0.499951
  0.9999      0.8 0.501333 0.499953
  0.9999      0.9 0.501333 0.499953
  0.9999        1 0.501333 0.499953
  0.9999        2    0.468 0.499951
  0.9999        4    0.468  0.49995