       0     0.05 0.471333 0.466667
     0.2     0.05 0.492667 0.475457
     0.4     0.05    0.494 0.476024
     0.6     0.05 0.493333 0.477054
     0.8     0.05 0.488667 0.479456
     0.9     0.05    0.484 0.482893
    0.95     0.05 0.472667  0.48711
    0.99     0.05    0.468 0.495439
   0.999     0.05 0.475333 0.499423
  0.9999     0.05    0.496 0.499954
       0      0.1 0.471333 0.466667
     0.2      0.1 0.482667 0.472451
     0.4      0.1    0.476 0.472581
     0.6      0.1    0.478 0.473207
     0.8      0.1 0.472667 0.475762
     0.9      0.1 0.472667 0.480181
    0.95      0.1 0.470667  0.48563
    0.99      0.1    0.472 0.495504
   0.999      0.1 0.462667 0.499445
  0.9999      0.1 0.495333 0.499903
       0     0.15 0.471333 0.466667
     0.2     0.15 0.473333  0.46963
     0.4     0.15    0.474 0.470018
     0.6     0.15    0.474 0.471066
     0.8     0.15    0.474 0.474371
     0.9     0.15    0.472 0.479442
    0.95     0.15 0.468667  0.48534
    0.99     0.15 0.460667 0.495522
   0.999     0.15 0.466667  0.49944
  0.9999     0.15 0.495333 0.499889
       0      0.2 0.471333 0.466667
     0.2      0.2 0.473333  0.46826
     0.4      0.2    0.472 0.468862
     0.6      0.2    0.472 0.470189
     0.8      0.2    0.472 0.473888
     0.9      0.2 0.470667 0.479228
    0.95      0.2 0.467333 0.485273
    0.99      0.2 0.471333 0.495532
   0.999      0.2 0.469333 0.499441
  0.9999      0.2 0.495333 0.499888
       0      0.3 0.471333 0.466667
     0.2      0.3 0.470667 0.467219
     0.4      0.3 0.469333 0.468041
     0.6      0.3 0.470667 0.469629
     0.8      0.3 0.471333 0.473639
     0.9      0.3 0.462667  0.47915
    0.95      0.3 0.448667 0.485275
    0.99      0.3    0.462  0.49556
   0.999      0.3    0.462 0.499452
  0.9999      0.3 0.495333 0.499896
       0      0.4 0.471333 0.466667
     0.2      0.4     0.47 0.466973
     0.4      0.4 0.469333 0.467876
     0.6      0.4 0.471333 0.469544
     0.8      0.4 0.466667 0.473627
     0.9      0.4 0.457333 0.479169
    0.95      0.4 0.466667 0.485309
    0.99      0.4    0.462  0.49559
   0.999      0.4    0.462 0.499465
  0.9999      0.4 0.495333 0.499906
       0      0.5 0.471333 0.466667
     0.2      0.5 0.470667 0.466964
     0.4      0.5 0.470667 0.467886
     0.6      0.5 0.473333 0.469565
     0.8      0.5 0.459333 0.473648
     0.9      0.5 0.447333 0.479188
    0.95      0.5 0.467333 0.485329
    0.99      0.5    0.462 0.495609
   0.999      0.5    0.462 0.499476
  0.9999      0.5 0.495333 0.499916
       0      0.6 0.471333 0.466667
     0.2      0.6 0.469333 0.467004
     0.4      0.6 0.470667 0.467923
     0.6      0.6 0.469333 0.469595
     0.8      0.6 0.457333 0.473664
     0.9      0.6 0.462667 0.479196
    0.95      0.6    0.462 0.485336
    0.99      0.6    0.462 0.495618
   0.999      0.6    0.462 0.499483
  0.9999      0.6 0.495333 0.499923
       0      0.7 0.471333 0.466667
     0.2      0.7 0.469333 0.467044
     0.4      0.7 0.469333 0.467957
     0.6      0.7 0.462667  0.46962
     0.8      0.7 0.458667 0.473674
     0.9      0.7 0.469333 0.479197
    0.95      0.7    0.462 0.485336
    0.99      0.7    0.462 0.495622
   0.999      0.7    0.462 0.499489
  0.9999      0.7 0.495333 0.499929
       0      0.8 0.471333 0.466667
     0.2      0.8 0.468667 0.467077
     0.4      0.8 0.470667 0.467983
     0.6      0.8 0.462667 0.469637
     0.8      0.8 0.456667  0.47368
     0.9      0.8 0.472667 0.479196
    0.95      0.8    0.462 0.485333
    0.99      0.8    0.462 0.495623
   0.999      0.8    0.462 0.499493
  0.9999      0.8 0.495333 0.499933
       0      0.9 0.471333 0.466667
     0.2      0.9 0.468667 0.467102
     0.4      0.9 0.470667 0.468003
     0.6      0.9 0.461333  0.46965
     0.8      0.9 0.455333 0.473683
     0.9      0.9    0.468 0.479194
    0.95      0.9    0.462  0.48533
    0.99      0.9    0.462 0.495623
   0.999      0.9    0.462 0.499495
  0.9999      0.9 0.495333 0.499936
       0        1 0.471333 0.466667
     0.2        1 0.469333 0.467121
     0.4        1 0.469333 0.468018
     0.6        1 0.459333 0.469659
     0.8        1 0.451333 0.473685
     0.9        1 0.465333 0.479192
    0.95        1    0.462 0.485326
    0.99        1    0.462 0.495623
   0.999        1    0.462 0.499498
  0.9999        1 0.495333 0.499938
       0        2 0.471333 0.466667
     0.2        2     0.47 0.467189
     0.4        2 0.466667 0.468068
     0.6        2 0.458667 0.469689
     0.8        2 0.447333 0.473688
     0.9        2 0.464667 0.479179
    0.95        2    0.462 0.485308
    0.99        2    0.462 0.495619
   0.999        2    0.462 0.499505
  0.9999        2    0.462 0.499947
       0        4 0.471333 0.466667
     0.2        4    0.468 0.467207
     0.4        4    0.466 0.468082
     0.6        4 0.458667 0.469696
     0.8        4    0.448 0.473688
     0.9        4 0.465333 0.479174
    0.95        4    0.462 0.485302
    0.99        4    0.462 0.495617
   0.999        4    0.462 0.499507
  0.9999        4    0.462 0.499949