       0     0.05   0.4875   0.4875
       0      0.1   0.4875   0.4875
       0     0.15   0.4875   0.4875
       0      0.2   0.4875   0.4875
       0      0.3   0.4875   0.4875
       0      0.4   0.4875   0.4875
       0      0.5   0.4875   0.4875
       0      0.6   0.4875   0.4875
       0      0.7   0.4875   0.4875
       0      0.8   0.4875   0.4875
       0      0.9   0.4875   0.4875
       0        1   0.4875   0.4875
       0        2   0.4875   0.4875
       0        4   0.4875   0.4875
     0.2     0.05   0.5025 0.503303
     0.2      0.1      0.5 0.500136
     0.2     0.15   0.4875 0.492093
     0.2      0.2     0.48 0.480155
     0.2      0.3     0.43 0.455794
     0.2      0.4    0.435 0.455749
     0.2      0.5    0.445  0.45997
     0.2      0.6   0.4375 0.464588
     0.2      0.7   0.4475 0.468204
     0.2      0.8   0.4425 0.471283
     0.2      0.9    0.445 0.473952
     0.2        1     0.45 0.476206
     0.2        2   0.4625 0.484874
     0.2        4    0.455 0.486955
     0.4     0.05   0.5075 0.505587
     0.4      0.1    0.505 0.501737
     0.4     0.15      0.5 0.492398
     0.4      0.2   0.4825 0.483554
     0.4      0.3     0.45 0.465713
     0.4      0.4    0.445 0.463009
     0.4      0.5   0.4475 0.465984
     0.4      0.6   0.4425  0.46988
     0.4      0.7    0.445 0.472876
     0.4      0.8     0.45 0.475369
     0.4      0.9   0.4525 0.477484
     0.4        1    0.455 0.479223
     0.4        2   0.4525 0.485684
     0.4        4    0.455 0.487242
     0.6     0.05   0.5075 0.505199
     0.6      0.1      0.5 0.503679
     0.6     0.15   0.4975 0.491969
     0.6      0.2   0.4925 0.483521
     0.6      0.3   0.4625 0.472522
     0.6      0.4   0.4575 0.469657
     0.6      0.5   0.4525 0.472281
     0.6      0.6   0.4375 0.475325
     0.6      0.7   0.4525 0.477579
     0.6      0.8   0.4525 0.479455
     0.6      0.9   0.4475 0.481002
     0.6        1     0.45 0.482237
     0.6        2   0.4675 0.486627
     0.6        4     0.46 0.487653
     0.8     0.05    0.505 0.503805
     0.8      0.1   0.5025 0.503351
     0.8     0.15    0.495 0.490219
     0.8      0.2   0.4875   0.4818
     0.8      0.3     0.47 0.478199
     0.8      0.4   0.4575 0.477543
     0.8      0.5   0.4625  0.47983
     0.8      0.6   0.4725 0.481636
     0.8      0.7   0.4525 0.483052
     0.8      0.8     0.46 0.484216
     0.8      0.9   0.4575 0.485118
     0.8        1     0.45 0.485803
     0.8        2     0.46  0.48805
     0.8        4   0.4525 0.488515
     0.9     0.05    0.505 0.503134
     0.9      0.1   0.5075 0.501321
     0.9     0.15    0.485 0.486944
     0.9      0.2    0.475 0.481246
     0.9      0.3   0.4525 0.482372
     0.9      0.4   0.4725 0.483445
     0.9      0.5   0.4725  0.48488
     0.9      0.6   0.4475 0.485959
     0.9      0.7     0.44 0.486919
     0.9      0.8    0.465 0.487655
     0.9      0.9    0.485  0.48818
     0.9        1   0.4925 0.488556
     0.9        2    0.495 0.489634
     0.9        4     0.49 0.489781
    0.95     0.05    0.505 0.502702
    0.95      0.1   0.5075 0.497433
    0.95     0.15   0.4825 0.483891
    0.95      0.2    0.475 0.482034
    0.95      0.3   0.4775 0.486701
    0.95      0.4   0.4825 0.487764
    0.95      0.5   0.4475 0.488585
    0.95      0.6   0.4825  0.48943
    0.95      0.7   0.4825 0.490147
    0.95      0.8    0.485 0.490632
    0.95      0.9    0.485 0.490949
    0.95        1     0.49 0.491161
    0.95        2   0.4875 0.491615
    0.95        4   0.4875 0.491579
    0.99     0.05   0.5025 0.501398
    0.99      0.1   0.4825 0.486695
    0.99     0.15    0.485 0.484722
    0.99      0.2   0.4675 0.488959
    0.99      0.3    0.475 0.493589
    0.99      0.4     0.46 0.494133
    0.99      0.5      0.5 0.495134
    0.99      0.6     0.49 0.495795
    0.99      0.7   0.4875 0.496171
    0.99      0.8   0.4875 0.496383
    0.99      0.9   0.4875 0.496506
    0.99        1   0.4875 0.496578
    0.99        2   0.4875 0.496603
    0.99        4   0.4875  0.49648
   0.999     0.05      0.5 0.499819
   0.999      0.1     0.48 0.480119
   0.999     0.15   0.4825 0.486618
   0.999      0.2   0.4925 0.496345
   0.999      0.3   0.4975 0.497726
   0.999      0.4     0.49 0.498911
   0.999      0.5   0.4925 0.499282
   0.999      0.6    0.495 0.499424
   0.999      0.7      0.5 0.499491
   0.999      0.8      0.5 0.499526
   0.999      0.9      0.5 0.499546
   0.999        1      0.5 0.499557
   0.999        2   0.4875 0.499556
   0.999        4   0.4875 0.499533
  0.9999     0.05      0.5  0.49933
  0.9999      0.1     0.49 0.486463
  0.9999     0.15      0.5 0.495448
  0.9999      0.2   0.4975 0.498116
  0.9999      0.3      0.5 0.499641
  0.9999      0.4      0.5 0.499879
  0.9999      0.5      0.5 0.499924
  0.9999      0.6      0.5  0.49994
  0.9999      0.7      0.5 0.499947
  0.9999      0.8      0.5 0.499951
  0.9999      0.9      0.5 0.499953
  0.9999        1      0.5 0.499954
  0.9999        2      0.5 0.499954
  0.9999        4      0.5 0.499952