       0     0.05 0.823333 0.822222
     0.2     0.05     0.47 0.472889
     0.4     0.05 0.469333    0.469
     0.6     0.05    0.468    0.469
     0.8     0.05 0.464667 0.469111
     0.9     0.05 0.462667 0.469222
    0.95     0.05 0.461333 0.469222
    0.99     0.05     0.46 0.468333
   0.999     0.05 0.458667    0.465
  0.9999     0.05 0.457333    0.463
       0      0.1 0.823333 0.822222
     0.2      0.1 0.394667 0.393856
     0.4      0.1    0.396 0.394919
     0.6      0.1 0.394667  0.39368
     0.8      0.1    0.392 0.391378
     0.9      0.1    0.392 0.391224
    0.95      0.1    0.392 0.391203
    0.99      0.1 0.391333 0.389919
   0.999      0.1     0.39 0.389444
  0.9999      0.1     0.39 0.389444
       0     0.15 0.823333 0.822222
     0.2     0.15    0.402 0.402369
     0.4     0.15 0.394667 0.395236
     0.6     0.15    0.396 0.395475
     0.8     0.15    0.392 0.392299
     0.9     0.15 0.391333 0.391509
    0.95     0.15     0.39  0.39022
    0.99     0.15     0.39 0.390022
   0.999     0.15 0.383333 0.384886
  0.9999     0.15 0.383333 0.382284
       0      0.2 0.823333 0.822222
     0.2      0.2 0.408667 0.408415
     0.4      0.2 0.400667 0.402787
     0.6      0.2 0.394667 0.395517
     0.8      0.2 0.392667 0.392785
     0.9      0.2     0.39 0.390613
    0.95      0.2     0.39 0.390202
    0.99      0.2    0.388 0.385944
   0.999      0.2 0.379333 0.378994
  0.9999      0.2 0.376667 0.376277
       0      0.3 0.823333 0.822222
     0.2      0.3     0.42 0.420433
     0.4      0.3    0.414 0.412616
     0.6      0.3    0.408  0.40797
     0.8      0.3    0.394 0.394974
     0.9      0.3 0.391333 0.391838
    0.95      0.3    0.392  0.38961
    0.99      0.3 0.375333 0.377974
   0.999      0.3    0.368 0.373964
  0.9999      0.3 0.364667  0.37746
       0      0.4 0.823333 0.822222
     0.2      0.4    0.428  0.43309
     0.4      0.4 0.420667 0.423686
     0.6      0.4 0.417333 0.418742
     0.8      0.4 0.411333 0.408603
     0.9      0.4    0.394 0.396689
    0.95      0.4 0.393333 0.391911
    0.99      0.4 0.371333 0.380682
   0.999      0.4 0.364667 0.385309
  0.9999      0.4 0.400667 0.396984
       0      0.5 0.823333 0.822222
     0.2      0.5     0.44 0.450688
     0.4      0.5 0.428667 0.437556
     0.6      0.5 0.423333  0.42978
     0.8      0.5 0.423333 0.422495
     0.9      0.5 0.409333 0.411193
    0.95      0.5 0.396667 0.401574
    0.99      0.5 0.391333 0.397494
   0.999      0.5     0.42 0.421803
  0.9999      0.5 0.461333 0.453913
       0      0.6 0.823333 0.822222
     0.2      0.6 0.457333 0.468932
     0.4      0.6 0.439333 0.454476
     0.6      0.6    0.432 0.444123
     0.8      0.6    0.432 0.435265
     0.9      0.6 0.430667 0.429195
    0.95      0.6    0.424 0.425007
    0.99      0.6    0.422  0.43523
   0.999      0.6 0.458667 0.486959
  0.9999      0.6 0.501333 0.606085
       0      0.7 0.823333 0.822222
     0.2      0.7 0.464667 0.486476
     0.4      0.7    0.454 0.472794
     0.6      0.7     0.44 0.462968
     0.8      0.7 0.431333 0.455379
     0.9      0.7 0.429333 0.455306
    0.95      0.7 0.430667 0.461727
    0.99      0.7 0.430667 0.502758
   0.999      0.7 0.503333 0.626676
  0.9999      0.7    0.588 0.752192
       0      0.8 0.823333 0.822222
     0.2      0.8 0.471333 0.502981
     0.4      0.8    0.468  0.49524
     0.6      0.8 0.452667 0.488669
     0.8      0.8 0.444667 0.488981
     0.9      0.8 0.442667 0.500561
    0.95      0.8    0.446 0.521694
    0.99      0.8 0.491333 0.602906
   0.999      0.8 0.568667 0.735556
  0.9999      0.8 0.828667 0.812706
       0      0.9 0.823333 0.822222
     0.2      0.9 0.470667 0.521321
     0.4      0.9 0.475333 0.519504
     0.6      0.9 0.470667 0.521234
     0.8      0.9 0.456667 0.533902
     0.9      0.9     0.45 0.558605
    0.95      0.9 0.458667 0.593338
    0.99      0.9 0.538667 0.690442
   0.999      0.9 0.743333 0.794267
  0.9999      0.9 0.833333 0.827682
       0        1 0.823333 0.822222
     0.2        1 0.466667 0.542577
     0.4        1 0.472667 0.546329
     0.6        1    0.476  0.55578
     0.8        1 0.474667   0.5816
     0.9        1 0.472667 0.617784
    0.95        1      0.5 0.659856
    0.99        1 0.533333 0.750526
   0.999        1    0.826 0.817145
  0.9999        1 0.833333 0.831392
       0        2 0.823333 0.822222
     0.2        2 0.569333 0.755482
     0.4        2    0.582 0.768232
     0.6        2    0.594 0.782943
     0.8        2 0.677333 0.800621
     0.9        2    0.768  0.81147
    0.95        2 0.820667 0.818203
    0.99        2 0.823333 0.827127
   0.999        2 0.824667 0.832375
  0.9999        2 0.833333 0.833231
       0        4 0.823333 0.822222
     0.2        4    0.818 0.814136
     0.4        4 0.823333  0.81614
     0.6        4 0.823333 0.818267
     0.8        4 0.823333 0.820697
     0.9        4 0.823333   0.8224
    0.95        4 0.823333 0.823998
    0.99        4 0.823333 0.828481
   0.999        4 0.833333 0.832553
  0.9999        4 0.833333  0.83325