        0      0.05      0.19      0.49
      0.2      0.05      0.19  0.365667
      0.4      0.05      0.19  0.364667
      0.6      0.05      0.19  0.364333
      0.8      0.05      0.19  0.364333
      0.9      0.05      0.19  0.363667
     0.95      0.05      0.19  0.363667
     0.99      0.05      0.19     0.363
    0.999      0.05      0.19  0.361667
   0.9999      0.05      0.19  0.361333
        0       0.1      0.19      0.49
      0.2       0.1  0.164667  0.164404
      0.4       0.1  0.163333  0.162679
      0.6       0.1  0.160667  0.161701
      0.8       0.1  0.160667  0.160867
      0.9       0.1  0.160667   0.16052
     0.95       0.1  0.159333  0.159871
     0.99       0.1  0.158667  0.158558
    0.999       0.1  0.156667  0.156388
   0.9999       0.1  0.151333  0.152622
        0      0.15      0.19      0.49
      0.2      0.15  0.171333  0.170368
      0.4      0.15  0.163333  0.165492
      0.6      0.15  0.161333  0.163236
      0.8      0.15  0.161333  0.160611
      0.9      0.15  0.160667  0.158471
     0.95      0.15     0.158  0.156997
     0.99      0.15  0.155333  0.155062
    0.999      0.15     0.154  0.152286
   0.9999      0.15     0.154  0.152627
        0       0.2      0.19      0.49
      0.2       0.2  0.178667  0.183606
      0.4       0.2  0.170667  0.171567
      0.6       0.2     0.168  0.165569
      0.8       0.2     0.162  0.160554
      0.9       0.2     0.158  0.157854
     0.95       0.2  0.161333  0.157624
     0.99       0.2     0.154  0.153891
    0.999       0.2      0.15  0.149874
   0.9999       0.2  0.154667  0.153546
        0       0.3      0.19      0.49
      0.2       0.3  0.218667  0.215492
      0.4       0.3  0.198667  0.197002
      0.6       0.3     0.176  0.179728
      0.8       0.3     0.164  0.165025
      0.9       0.3  0.165333  0.158702
     0.95       0.3  0.157333  0.153952
     0.99       0.3  0.149333   0.14753
    0.999       0.3  0.162667  0.135014
   0.9999       0.3  0.102667  0.105532
        0       0.4      0.19      0.49
      0.2       0.4  0.221333  0.224082
      0.4       0.4  0.203333  0.210101
      0.6       0.4  0.177333  0.191091
      0.8       0.4     0.168  0.168638
      0.9       0.4  0.159333  0.154264
     0.95       0.4     0.142  0.142628
     0.99       0.4     0.104  0.121468
    0.999       0.4     0.098  0.113277
   0.9999       0.4     0.104  0.112596
        0       0.5      0.19      0.49
      0.2       0.5  0.219333  0.224317
      0.4       0.5  0.202667  0.211424
      0.6       0.5     0.178  0.193071
      0.8       0.5  0.140667  0.167093
      0.9       0.5     0.114  0.148931
     0.95       0.5 0.0926667  0.135245
     0.99       0.5 0.0833333  0.122741
    0.999       0.5 0.0886667  0.121468
   0.9999       0.5  0.102667  0.129238
        0       0.6      0.19      0.49
      0.2       0.6  0.208667  0.229505
      0.4       0.6     0.192  0.216205
      0.6       0.6  0.164667  0.199604
      0.8       0.6  0.118667  0.176896
      0.9       0.6 0.0986667  0.161956
     0.95       0.6     0.086  0.153198
     0.99       0.6 0.0753333  0.149585
    0.999       0.6 0.0926667  0.155474
   0.9999       0.6  0.179333  0.196464
        0       0.7      0.19      0.49
      0.2       0.7  0.212667  0.238462
      0.4       0.7     0.188  0.227089
      0.6       0.7     0.158  0.214987
      0.8       0.7  0.116667  0.201185
      0.9       0.7     0.094  0.194579
     0.95       0.7 0.0813333  0.192882
     0.99       0.7 0.0753333  0.195454
    0.999       0.7  0.116667  0.220238
   0.9999       0.7  0.198667  0.256642
        0       0.8      0.19      0.49
      0.2       0.8  0.208667  0.251223
      0.4       0.8  0.187333  0.243818
      0.6       0.8     0.162  0.237789
      0.8       0.8      0.13   0.23406
      0.9       0.8 0.0946667  0.235153
     0.95       0.8     0.078  0.238095
     0.99       0.8      0.09  0.248621
    0.999       0.8     0.188  0.281597
   0.9999       0.8       0.2  0.298256
        0       0.9      0.19      0.49
      0.2       0.9  0.209333  0.268345
      0.4       0.9  0.185333  0.265629
      0.6       0.9     0.166  0.265356
      0.8       0.9      0.13  0.269391
      0.9       0.9     0.094   0.27548
     0.95       0.9 0.0813333    0.2819
     0.99       0.9  0.119333  0.300441
    0.999       0.9     0.194  0.325114
   0.9999       0.9       0.2    0.3322
        0         1      0.19      0.49
      0.2         1  0.201333  0.288772
      0.4         1      0.19  0.290267
      0.6         1  0.168667   0.29455
      0.8         1  0.129333  0.303901
      0.9         1     0.092  0.313344
     0.95         1 0.0906667  0.322332
     0.99         1  0.178667  0.341888
    0.999         1  0.197333  0.357364
   0.9999         1       0.2  0.360863
        0         2      0.19      0.49
      0.2         2     0.212  0.438687
      0.4         2     0.196  0.443675
      0.6         2     0.172  0.449126
      0.8         2  0.170667  0.455303
      0.9         2  0.186667  0.459104
     0.95         2      0.19  0.461843
     0.99         2      0.19  0.466964
    0.999         2       0.2  0.470376
   0.9999         2       0.2  0.470898
        0         4      0.19      0.49
      0.2         4  0.218667   0.47922
      0.4         4      0.21  0.480502
      0.6         4  0.204667  0.481888
      0.8         4     0.198  0.483591
      0.9         4      0.19  0.485012
     0.95         4      0.19  0.486559
     0.99         4      0.19  0.490707
    0.999         4      0.19  0.493654
   0.9999         4       0.2  0.494089