       0     0.05    0.492 0.493333
       0      0.1    0.492 0.493333
       0     0.15    0.492 0.493333
       0      0.2    0.492 0.493333
       0      0.3    0.492 0.493333
       0      0.4    0.492 0.493333
       0      0.5    0.492 0.493333
       0      0.6    0.492 0.493333
       0      0.7    0.492 0.493333
       0      0.8    0.492 0.493333
       0      0.9    0.492 0.493333
       0        1    0.492 0.493333
       0        2    0.492 0.493333
       0        4    0.492 0.493333
     0.2     0.05    0.492 0.493333
     0.2      0.1    0.454 0.454985
     0.2     0.15    0.456 0.450342
     0.2      0.2 0.438667 0.444558
     0.2      0.3 0.391333 0.424064
     0.2      0.4 0.360667 0.423214
     0.2      0.5    0.352 0.437836
     0.2      0.6    0.348 0.453123
     0.2      0.7 0.350667  0.46444
     0.2      0.8 0.353333 0.472027
     0.2      0.9 0.357333 0.477098
     0.2        1    0.356 0.480583
     0.2        2 0.377333 0.490529
     0.2        4 0.382667 0.492674
     0.4     0.05    0.492 0.493333
     0.4      0.1    0.456 0.459081
     0.4     0.15 0.468667 0.456795
     0.4      0.2    0.448  0.45189
     0.4      0.3 0.416667 0.437619
     0.4      0.4    0.372 0.437264
     0.4      0.5    0.356 0.449484
     0.4      0.6 0.350667 0.462065
     0.4      0.7 0.353333 0.471137
     0.4      0.8 0.357333 0.477094
     0.4      0.9 0.360667 0.481023
     0.4        1 0.358667 0.483703
     0.4        2 0.375333 0.491265
     0.4        4    0.382  0.49288
     0.6     0.05    0.492 0.493333
     0.6      0.1 0.461333 0.463844
     0.6     0.15 0.469333 0.462076
     0.6      0.2 0.461333 0.459212
     0.6      0.3    0.434 0.450086
     0.6      0.4 0.403333 0.451822
     0.6      0.5 0.393333 0.462047
     0.6      0.6 0.378667 0.471616
     0.6      0.7 0.376667 0.478181
     0.6      0.8 0.373333 0.482367
     0.6      0.9 0.378667 0.485085
     0.6        1 0.380667 0.486921
     0.6        2 0.395333  0.49204
     0.6        4      0.4 0.493122
     0.8     0.05    0.492 0.493333
     0.8      0.1    0.472 0.467331
     0.8     0.15    0.474 0.468296
     0.8      0.2 0.465333 0.468746
     0.8      0.3    0.452 0.464518
     0.8      0.4 0.451333 0.468849
     0.8      0.5 0.445333 0.476319
     0.8      0.6 0.445333 0.482099
     0.8      0.7    0.442 0.485743
     0.8      0.8 0.446667 0.487974
     0.8      0.9 0.445333 0.489395
     0.8        1 0.446667 0.490345
     0.8        2 0.444667 0.492955
     0.8        4 0.443333 0.493499
     0.9     0.05    0.492 0.493333
     0.9      0.1 0.469333 0.468475
     0.9     0.15 0.474667 0.473101
     0.9      0.2    0.476 0.476783
     0.9      0.3    0.476 0.474181
     0.9      0.4 0.478667  0.47955
     0.9      0.5 0.478667 0.484665
     0.9      0.6 0.483333    0.488
     0.9      0.7    0.488 0.489964
     0.9      0.8 0.489333 0.491135
     0.9      0.9 0.489333 0.491871
     0.9        1     0.49 0.492359
     0.9        2 0.490667 0.493688
     0.9        4 0.490667 0.493962
    0.95     0.05    0.492 0.493333
    0.95      0.1 0.468667 0.469491
    0.95     0.15     0.48 0.477871
    0.95      0.2 0.488667  0.48405
    0.95      0.3    0.482 0.480748
    0.95      0.4    0.486  0.48626
    0.95      0.5    0.488 0.489602
    0.95      0.6    0.492 0.491497
    0.95      0.7    0.492 0.492559
    0.95      0.8    0.492 0.493179
    0.95      0.9    0.492 0.493566
    0.95        1    0.492  0.49382
    0.95        2    0.492 0.494501
    0.95        4    0.492 0.494639
    0.99     0.05    0.492 0.493333
    0.99      0.1 0.473333 0.474057
    0.99     0.15 0.494667 0.488882
    0.99      0.2    0.496 0.497439
    0.99      0.3 0.489333  0.48977
    0.99      0.4    0.492  0.49427
    0.99      0.5    0.492 0.495622
    0.99      0.6    0.492 0.496248
    0.99      0.7    0.492 0.496572
    0.99      0.8    0.492 0.496752
    0.99      0.9    0.492 0.496859
    0.99        1    0.492 0.496928
    0.99        2    0.492 0.497092
    0.99        4    0.492  0.49712
   0.999     0.05    0.492 0.493333
   0.999      0.1 0.479333 0.482456
   0.999     0.15 0.504667 0.501318
   0.999      0.2    0.494 0.499616
   0.999      0.3 0.495333 0.496612
   0.999      0.4 0.497333 0.498718
   0.999      0.5 0.497333 0.499133
   0.999      0.6 0.495333 0.499304
   0.999      0.7    0.492 0.499389
   0.999      0.8    0.492 0.499436
   0.999      0.9    0.492 0.499464
   0.999        1    0.492 0.499481
   0.999        2    0.492 0.499525
   0.999        4    0.492 0.499533
  0.9999     0.05    0.492 0.493333
  0.9999      0.1 0.492667 0.490978
  0.9999     0.15 0.501333 0.505753
  0.9999      0.2     0.49 0.493773
  0.9999      0.3 0.498667 0.498989
  0.9999      0.4 0.498667 0.499599
  0.9999      0.5 0.498667  0.49975
  0.9999      0.6 0.498667 0.499824
  0.9999      0.7 0.498667 0.499864
  0.9999      0.8 0.498667 0.499887
  0.9999      0.9 0.498667 0.499902
  0.9999        1 0.498667 0.499913
  0.9999        2    0.492 0.499942
  0.9999        4    0.492 0.499948