        0      0.05  0.196667  0.496667
      0.2      0.05  0.196667  0.360333
      0.4      0.05  0.196667  0.360333
      0.6      0.05  0.196667  0.360333
      0.8      0.05  0.196667  0.360333
      0.9      0.05  0.196667  0.360333
     0.95      0.05  0.196667  0.360333
     0.99      0.05  0.196667  0.360333
    0.999      0.05  0.196667      0.36
   0.9999      0.05  0.196667      0.36
        0       0.1  0.196667  0.496667
      0.2       0.1 0.0813333 0.0813921
      0.4       0.1 0.0826667 0.0818353
      0.6       0.1 0.0813333 0.0813689
      0.8       0.1 0.0813333 0.0809795
      0.9       0.1 0.0806667 0.0811046
     0.95       0.1     0.082 0.0815562
     0.99       0.1     0.082 0.0814509
    0.999       0.1 0.0813333 0.0810897
   0.9999       0.1 0.0826667 0.0828826
        0      0.15  0.196667  0.496667
      0.2      0.15 0.0813333 0.0813175
      0.4      0.15 0.0813333 0.0809618
      0.6      0.15 0.0813333  0.080807
      0.8      0.15 0.0793333  0.080498
      0.9      0.15 0.0806667 0.0806704
     0.95      0.15      0.08 0.0805344
     0.99      0.15 0.0833333  0.082404
    0.999      0.15 0.0826667 0.0840132
   0.9999      0.15     0.084 0.0865296
        0       0.2  0.196667  0.496667
      0.2       0.2      0.08 0.0806145
      0.4       0.2 0.0826667 0.0808956
      0.6       0.2 0.0806667  0.080505
      0.8       0.2      0.08 0.0803094
      0.9       0.2      0.08 0.0806352
     0.95       0.2      0.08 0.0815928
     0.99       0.2 0.0833333 0.0843321
    0.999       0.2 0.0866667 0.0890285
   0.9999       0.2     0.088 0.0905441
        0       0.3  0.196667  0.496667
      0.2       0.3     0.082 0.0836367
      0.4       0.3     0.078 0.0809883
      0.6       0.3 0.0786667 0.0798162
      0.8       0.3     0.078 0.0793594
      0.9       0.3     0.078 0.0797004
     0.95       0.3 0.0766667 0.0806249
     0.99       0.3 0.0813333  0.082931
    0.999       0.3 0.0913333 0.0851888
   0.9999       0.3 0.0893333 0.0916863
        0       0.4  0.196667  0.496667
      0.2       0.4 0.0906667 0.0949671
      0.4       0.4 0.0833333 0.0871025
      0.6       0.4     0.074 0.0824601
      0.8       0.4 0.0693333 0.0789241
      0.9       0.4     0.066 0.0764772
     0.95       0.4     0.058 0.0749087
     0.99       0.4 0.0526667 0.0759909
    0.999       0.4      0.09 0.0980831
   0.9999       0.4 0.0993333   0.11624
        0       0.5  0.196667  0.496667
      0.2       0.5  0.107333  0.113986
      0.4       0.5 0.0953333  0.102274
      0.6       0.5 0.0806667  0.094186
      0.8       0.5     0.068 0.0880814
      0.9       0.5     0.058 0.0863854
     0.95       0.5 0.0453333 0.0887703
     0.99       0.5 0.0746667  0.111395
    0.999       0.5 0.0926667   0.14255
   0.9999       0.5  0.100667  0.149449
        0       0.6  0.196667  0.496667
      0.2       0.6  0.128667  0.133708
      0.4       0.6     0.106   0.12071
      0.6       0.6     0.092  0.111995
      0.8       0.6 0.0766667  0.108162
      0.9       0.6 0.0673333  0.113231
     0.95       0.6 0.0666667  0.125209
     0.99       0.6 0.0846667  0.160461
    0.999       0.6 0.0933333  0.180161
   0.9999       0.6     0.116  0.210348
        0       0.7  0.196667  0.496667
      0.2       0.7  0.143333  0.152463
      0.4       0.7  0.123333  0.142515
      0.6       0.7  0.107333  0.136833
      0.8       0.7 0.0926667  0.139873
      0.9       0.7 0.0906667  0.153506
     0.95       0.7 0.0853333  0.171735
     0.99       0.7 0.0866667  0.202683
    0.999       0.7  0.110667   0.22913
   0.9999       0.7  0.197333   0.26941
        0       0.8  0.196667  0.496667
      0.2       0.8     0.154  0.170094
      0.4       0.8  0.136667  0.166091
      0.6       0.8  0.116667    0.1669
      0.8       0.8     0.104  0.179155
      0.9       0.8  0.100667   0.19813
     0.95       0.8 0.0973333  0.216029
     0.99       0.8       0.1  0.241827
    0.999       0.8  0.166667  0.277654
   0.9999       0.8       0.2  0.300895
        0       0.9  0.196667  0.496667
      0.2       0.9  0.159333  0.188385
      0.4       0.9  0.146667  0.190642
      0.6       0.9  0.136667  0.198336
      0.8       0.9      0.12  0.217659
      0.9       0.9  0.108667  0.237538
     0.95       0.9     0.104  0.253264
     0.99       0.9  0.117333  0.279284
    0.999       0.9  0.193333  0.310542
   0.9999       0.9       0.2  0.321324
        0         1  0.196667  0.496667
      0.2         1      0.16  0.209196
      0.4         1  0.156667  0.216584
      0.6         1     0.144  0.229373
      0.8         1  0.131333  0.252228
      0.9         1  0.110667   0.27145
     0.95         1      0.11  0.286075
     0.99         1  0.150667  0.311616
    0.999         1  0.196667  0.333255
   0.9999         1       0.2  0.338566
        0         2  0.196667  0.496667
      0.2         2  0.173333  0.406777
      0.4         2     0.168  0.415498
      0.6         2  0.163333  0.425006
      0.8         2  0.163333  0.435647
      0.9         2     0.182  0.441635
     0.95         2  0.196667  0.444954
     0.99         2  0.196667  0.448441
    0.999         2  0.196667  0.450718
   0.9999         2       0.2  0.451277
        0         4  0.196667  0.496667
      0.2         4  0.174667  0.477588
      0.4         4  0.171333  0.479615
      0.6         4     0.172  0.481684
      0.8         4  0.185333   0.48382
      0.9         4  0.196667  0.484974
     0.95         4  0.196667  0.485685
     0.99         4  0.196667  0.487041
    0.999         4  0.196667  0.488728
   0.9999         4       0.2   0.48914