       0     0.05     0.47     0.49
     0.2     0.05    0.144  0.16114
     0.4     0.05 0.143333 0.169975
     0.6     0.05 0.143333 0.185212
     0.8     0.05    0.154 0.221153
     0.9     0.05    0.176 0.269736
    0.95     0.05 0.202667 0.326691
    0.99     0.05 0.282667 0.438724
   0.999     0.05 0.426667 0.491299
  0.9999     0.05     0.48  0.49803
       0      0.1     0.47     0.49
     0.2      0.1 0.157333 0.223311
     0.4      0.1 0.169333 0.244935
     0.6      0.1 0.178667 0.277633
     0.8      0.1 0.214667 0.336647
     0.9      0.1 0.263333 0.390828
    0.95      0.1 0.293333 0.432195
    0.99      0.1     0.36 0.480492
   0.999      0.1 0.479333 0.496106
  0.9999      0.1     0.48 0.497911
       0     0.15     0.47     0.49
     0.2     0.15 0.187333 0.296754
     0.4     0.15    0.212 0.321893
     0.6     0.15 0.237333 0.356161
     0.8     0.15 0.293333 0.406326
     0.9     0.15    0.308 0.441954
    0.95     0.15 0.334667  0.46462
    0.99     0.15     0.47 0.488642
   0.999     0.15     0.48 0.496706
  0.9999     0.15     0.48 0.497684
       0      0.2     0.47     0.49
     0.2      0.2 0.241333 0.356745
     0.4      0.2    0.268  0.37933
     0.6      0.2 0.295333 0.407002
     0.8      0.2 0.314667 0.442038
     0.9      0.2 0.331333 0.463912
    0.95      0.2 0.396667 0.477048
    0.99      0.2     0.47 0.491416
   0.999      0.2     0.48  0.49691
  0.9999      0.2     0.48 0.497618
       0      0.3     0.47     0.49
     0.2      0.3    0.312 0.431091
     0.4      0.3    0.324 0.443384
     0.6      0.3    0.326  0.45682
     0.8      0.3 0.337333 0.471902
     0.9      0.3 0.427333 0.480688
    0.95      0.3     0.47 0.486144
    0.99      0.3     0.47 0.493571
   0.999      0.3     0.48 0.497335
  0.9999      0.3     0.48 0.497861
       0      0.4     0.47     0.49
     0.2      0.4     0.33 0.463604
     0.4      0.4 0.328667  0.46935
     0.6      0.4    0.328 0.475449
     0.8      0.4 0.407333 0.482203
     0.9      0.4     0.47 0.486323
    0.95      0.4     0.47 0.489274
    0.99      0.4     0.47 0.494581
   0.999      0.4     0.48 0.497821
  0.9999      0.4     0.48  0.49829
       0      0.5     0.47     0.49
     0.2      0.5    0.334 0.476949
     0.4      0.5    0.326 0.479782
     0.6      0.5 0.344667 0.482801
     0.8      0.5 0.447333 0.486253
     0.9      0.5     0.47 0.488606
    0.95      0.5     0.47 0.490637
    0.99      0.5     0.47 0.495183
   0.999      0.5     0.48  0.49823
  0.9999      0.5     0.48 0.498677
       0      0.6     0.47     0.49
     0.2      0.6 0.332667 0.482793
     0.4      0.6 0.333333 0.484343
     0.6      0.6    0.366 0.486027
     0.8      0.6    0.466  0.48807
     0.9      0.6     0.47 0.489682
    0.95      0.6     0.47 0.491332
    0.99      0.6     0.47 0.495566
   0.999      0.6     0.47 0.498533
  0.9999      0.6     0.48 0.498971
       0      0.7     0.47     0.49
     0.2      0.7    0.334 0.485626
     0.4      0.7    0.338 0.486565
     0.6      0.7 0.392667 0.487615
     0.8      0.7     0.47 0.488994
     0.9      0.7     0.47 0.490259
    0.95      0.7     0.47 0.491732
    0.99      0.7     0.47 0.495822
   0.999      0.7     0.47 0.498751
  0.9999      0.7     0.48 0.499183
       0      0.8     0.47     0.49
     0.2      0.8 0.335333 0.487139
     0.4      0.8 0.343333 0.487761
     0.6      0.8    0.412 0.488482
     0.8      0.8     0.47 0.489515
     0.9      0.8     0.47 0.490602
    0.95      0.8     0.47 0.491984
    0.99      0.8     0.47 0.495998
   0.999      0.8     0.47 0.498908
  0.9999      0.8     0.48 0.499338
       0      0.9     0.47     0.49
     0.2      0.9    0.338 0.488015
     0.4      0.9    0.346 0.488459
     0.6      0.9    0.422 0.488995
     0.8      0.9     0.47 0.489835
     0.9      0.9     0.47 0.490821
    0.95      0.9     0.47 0.492152
    0.99      0.9     0.47 0.496125
   0.999      0.9     0.47 0.499024
  0.9999      0.9     0.48 0.499453
       0        1     0.47     0.49
     0.2        1     0.34 0.488558
     0.4        1     0.35 0.488895
     0.6        1 0.428667  0.48932
     0.8        1     0.47 0.490043
     0.9        1     0.47  0.49097
    0.95        1     0.47  0.49227
    0.99        1     0.47 0.496219
   0.999        1     0.47 0.499111
  0.9999        1     0.48 0.499539
       0        2     0.47     0.49
     0.2        2 0.342667 0.489805
     0.4        2 0.363333  0.48992
     0.6        2    0.456 0.490113
     0.8        2     0.47 0.490597
     0.9        2     0.47 0.491399
    0.95        2     0.47 0.492637
    0.99        2     0.47 0.496535
   0.999        2     0.47 0.499414
  0.9999        2     0.48 0.499841
       0        4     0.47     0.49
     0.2        4 0.344667 0.489997
     0.4        4 0.371333 0.490085
     0.6        4 0.461333 0.490251
     0.8        4     0.47 0.490707
     0.9        4     0.47 0.491495
    0.95        4     0.47 0.492726
    0.99        4     0.47 0.496618
   0.999        4     0.47 0.499496
  0.9999        4     0.47 0.499922