        0      0.05      0.78  0.777778
      0.2      0.05     0.114  0.140572
      0.4      0.05     0.114  0.138925
      0.6      0.05  0.111333  0.138954
      0.8      0.05     0.108  0.137877
      0.9      0.05     0.108    0.1378
     0.95      0.05  0.105333  0.137566
     0.99      0.05  0.104667  0.134957
    0.999      0.05  0.104667  0.131539
   0.9999      0.05     0.104  0.129946
        0       0.1      0.78  0.777778
      0.2       0.1 0.0633333 0.0630224
      0.4       0.1 0.0633333 0.0630984
      0.6       0.1 0.0633333 0.0632374
      0.8       0.1 0.0633333 0.0631617
      0.9       0.1 0.0626667 0.0628631
     0.95       0.1 0.0626667  0.062777
     0.99       0.1     0.064  0.062918
    0.999       0.1 0.0666667  0.065706
   0.9999       0.1 0.0653333 0.0655879
        0      0.15      0.78  0.777778
      0.2      0.15 0.0653333 0.0656344
      0.4      0.15 0.0633333 0.0645143
      0.6      0.15 0.0626667 0.0638829
      0.8      0.15 0.0626667 0.0638224
      0.9      0.15 0.0613333 0.0636206
     0.95      0.15 0.0613333 0.0638303
     0.99      0.15 0.0626667 0.0649726
    0.999      0.15     0.064 0.0649395
   0.9999      0.15 0.0606667 0.0651627
        0       0.2      0.78  0.777778
      0.2       0.2     0.072 0.0712135
      0.4       0.2     0.066 0.0668109
      0.6       0.2     0.064 0.0656754
      0.8       0.2 0.0626667  0.064887
      0.9       0.2     0.062 0.0647104
     0.95       0.2 0.0613333 0.0643013
     0.99       0.2     0.062 0.0640408
    0.999       0.2 0.0573333  0.063473
   0.9999       0.2     0.064 0.0630912
        0       0.3      0.78  0.777778
      0.2       0.3 0.0726667 0.0754264
      0.4       0.3 0.0726667 0.0721078
      0.6       0.3 0.0686667 0.0689764
      0.8       0.3 0.0666667 0.0664049
      0.9       0.3 0.0633333 0.0646002
     0.95       0.3     0.062 0.0631211
     0.99       0.3      0.06 0.0623286
    0.999       0.3 0.0586667 0.0633798
   0.9999       0.3 0.0626667 0.0701354
        0       0.4      0.78  0.777778
      0.2       0.4     0.104  0.107136
      0.4       0.4     0.078 0.0846185
      0.6       0.4 0.0733333 0.0750698
      0.8       0.4     0.068 0.0701531
      0.9       0.4 0.0646667 0.0675915
     0.95       0.4 0.0613333 0.0654343
     0.99       0.4 0.0586667 0.0683469
    0.999       0.4 0.0626667 0.0917382
   0.9999       0.4     0.068  0.131446
        0       0.5      0.78  0.777778
      0.2       0.5     0.124  0.129545
      0.4       0.5  0.105333  0.111048
      0.6       0.5 0.0866667 0.0933477
      0.8       0.5     0.072 0.0822783
      0.9       0.5 0.0666667  0.079397
     0.95       0.5      0.06 0.0797567
     0.99       0.5 0.0586667  0.100669
    0.999       0.5  0.125333  0.154348
   0.9999       0.5     0.162  0.208979
        0       0.6      0.78  0.777778
      0.2       0.6  0.133333  0.148563
      0.4       0.6  0.120667  0.135009
      0.6       0.6  0.103333  0.120937
      0.8       0.6 0.0866667  0.109621
      0.9       0.6 0.0786667  0.110415
     0.95       0.6 0.0706667  0.118233
     0.99       0.6  0.101333  0.161471
    0.999       0.6  0.159333  0.286988
   0.9999       0.6  0.210667  0.506793
        0       0.7      0.78  0.777778
      0.2       0.7  0.142667  0.172189
      0.4       0.7  0.130667  0.162874
      0.6       0.7     0.116  0.155776
      0.8       0.7  0.109333  0.154426
      0.9       0.7  0.103333  0.166803
     0.95       0.7     0.092  0.191313
     0.99       0.7  0.128667  0.298838
    0.999       0.7  0.206667  0.535713
   0.9999       0.7     0.448  0.717797
        0       0.8      0.78  0.777778
      0.2       0.8  0.148667  0.204963
      0.4       0.8  0.132667  0.201686
      0.6       0.8     0.124  0.204383
      0.8       0.8  0.116667  0.222868
      0.9       0.8      0.12  0.259276
     0.95       0.8     0.144  0.312965
     0.99       0.8  0.199333   0.48175
    0.999       0.8  0.353333  0.692823
   0.9999       0.8     0.652  0.797299
        0       0.9      0.78  0.777778
      0.2       0.9  0.155333  0.247927
      0.4       0.9  0.143333  0.253533
      0.6       0.9  0.128667  0.269119
      0.8       0.9     0.134  0.312479
      0.9       0.9  0.167333   0.37418
     0.95       0.9  0.202667  0.448468
     0.99       0.9     0.234  0.620405
    0.999       0.9     0.426  0.771905
   0.9999       0.9  0.827333  0.823358
        0         1      0.78  0.777778
      0.2         1     0.166  0.299498
      0.4         1  0.160667  0.314932
      0.6         1  0.159333  0.343854
      0.8         1      0.19  0.408184
      0.9         1  0.218667  0.484132
     0.95         1  0.228667  0.561802
     0.99         1      0.35  0.708041
    0.999         1      0.65  0.808073
   0.9999         1  0.830667  0.830282
        0         2      0.78  0.777778
      0.2         2  0.324667  0.695049
      0.4         2  0.361333  0.712743
      0.6         2  0.407333   0.73372
      0.8         2     0.474  0.761505
      0.9         2      0.52  0.782733
     0.95         2  0.620667  0.799638
     0.99         2     0.676  0.823494
    0.999         2  0.738667  0.832217
   0.9999         2  0.822667   0.83322
        0         4      0.78  0.777778
      0.2         4  0.702667  0.768522
      0.4         4      0.74  0.772348
      0.6         4      0.78  0.777481
      0.8         4      0.78  0.786631
      0.9         4      0.78  0.797023
     0.95         4      0.78  0.807881
     0.99         4      0.78  0.825751
    0.999         4  0.833333   0.83248
   0.9999         4  0.833333  0.833247