       0     0.05 0.495333 0.496667
     0.2     0.05 0.495333 0.496667
     0.4     0.05 0.495333 0.496667
     0.6     0.05 0.495333 0.496667
     0.8     0.05 0.495333 0.496667
     0.9     0.05 0.495333 0.496667
    0.95     0.05 0.495333 0.496667
    0.99     0.05 0.495333 0.496667
   0.999     0.05 0.495333 0.496667
  0.9999     0.05 0.495333 0.496667
       0      0.1 0.495333 0.496667
     0.2      0.1     0.45 0.455182
     0.4      0.1 0.458667 0.455887
     0.6      0.1     0.45 0.456458
     0.8      0.1 0.452667 0.459023
     0.9      0.1 0.463333 0.461637
    0.95      0.1    0.472 0.463932
    0.99      0.1    0.472 0.467107
   0.999      0.1     0.47 0.470791
  0.9999      0.1    0.474 0.477141
       0     0.15 0.495333 0.496667
     0.2     0.15 0.452667 0.452596
     0.4     0.15 0.456667 0.456066
     0.6     0.15 0.459333 0.457345
     0.8     0.15 0.456667 0.458973
     0.9     0.15    0.458 0.461665
    0.95     0.15 0.460667 0.465057
    0.99     0.15 0.474667  0.47175
   0.999     0.15 0.462667 0.471728
  0.9999     0.15 0.475333 0.475317
       0      0.2 0.495333 0.496667
     0.2      0.2     0.44   0.4405
     0.4      0.2    0.442 0.446396
     0.6      0.2 0.453333 0.451245
     0.8      0.2    0.458 0.456439
     0.9      0.2 0.463333 0.460873
    0.95      0.2 0.467333 0.464599
    0.99      0.2    0.476  0.47086
   0.999      0.2 0.480667 0.479143
  0.9999      0.2 0.488667 0.485214
       0      0.3 0.495333 0.496667
     0.2      0.3 0.424667  0.43194
     0.4      0.3 0.424667 0.438949
     0.6      0.3 0.428667 0.446877
     0.8      0.3 0.449333 0.458051
     0.9      0.3 0.462667 0.467423
    0.95      0.3 0.473333 0.475274
    0.99      0.3     0.49 0.487592
   0.999      0.3 0.493333 0.495119
  0.9999      0.3 0.497333 0.498415
       0      0.4 0.495333 0.496667
     0.2      0.4 0.424667 0.439991
     0.4      0.4 0.414667 0.448235
     0.6      0.4    0.414 0.458245
     0.8      0.4 0.438667 0.471713
     0.9      0.4    0.466 0.481179
    0.95      0.4 0.487333  0.48744
    0.99      0.4    0.494 0.494593
   0.999      0.4 0.495333 0.498412
  0.9999      0.4 0.498667 0.499522
       0      0.5 0.495333 0.496667
     0.2      0.5 0.425333 0.451654
     0.4      0.5 0.428667  0.45952
     0.6      0.5    0.424 0.468679
     0.8      0.5 0.436667 0.480086
     0.9      0.5 0.471333 0.487304
    0.95      0.5 0.491333 0.491661
    0.99      0.5 0.494667 0.496336
   0.999      0.5 0.495333 0.499021
  0.9999      0.5 0.498667 0.499713
       0      0.6 0.495333 0.496667
     0.2      0.6 0.426667 0.462303
     0.4      0.6 0.428667 0.469019
     0.6      0.6     0.43 0.476603
     0.8      0.6 0.428667 0.485515
     0.9      0.6 0.474667 0.490762
    0.95      0.6 0.491333 0.493759
    0.99      0.6 0.495333 0.497019
   0.999      0.6 0.495333 0.499244
  0.9999      0.6 0.498667 0.499798
       0      0.7 0.495333 0.496667
     0.2      0.7 0.428667 0.470686
     0.4      0.7     0.43 0.476155
     0.6      0.7    0.424 0.482166
     0.8      0.7 0.434667 0.488927
     0.9      0.7 0.475333 0.492726
    0.95      0.7 0.494667 0.494853
    0.99      0.7 0.495333  0.49735
   0.999      0.7 0.495333 0.499353
  0.9999      0.7 0.498667 0.499844
       0      0.8 0.495333 0.496667
     0.2      0.8    0.426 0.476738
     0.4      0.8    0.434  0.48114
     0.6      0.8 0.425333 0.485875
     0.8      0.8 0.435333 0.491047
     0.9      0.8 0.476667 0.493883
    0.95      0.8 0.494667 0.495477
    0.99      0.8 0.495333 0.497537
   0.999      0.8 0.495333 0.499415
  0.9999      0.8 0.498667 0.499871
       0      0.9 0.495333 0.496667
     0.2      0.9    0.428 0.481031
     0.4      0.9 0.431333 0.484594
     0.6      0.9 0.428667 0.488369
     0.8      0.9 0.443333 0.492416
     0.9      0.9     0.48 0.494612
    0.95      0.9 0.495333 0.495865
    0.99      0.9 0.495333 0.497652
   0.999      0.9 0.495333 0.499453
  0.9999      0.9 0.498667 0.499889
       0        1 0.495333 0.496667
     0.2        1     0.43 0.484117
     0.4        1 0.427333 0.487038
     0.6        1     0.43 0.490099
     0.8        1 0.447333 0.493343
     0.9        1 0.480667 0.495099
    0.95        1 0.495333 0.496123
    0.99        1 0.495333 0.497728
   0.999        1 0.495333 0.499478
  0.9999        1 0.498667 0.499902
       0        2 0.495333 0.496667
     0.2        2    0.428 0.493684
     0.4        2 0.431333 0.494426
     0.6        2 0.423333 0.495185
     0.8        2 0.450667 0.495986
     0.9        2    0.484 0.496464
    0.95        2 0.495333 0.496838
    0.99        2 0.495333 0.497936
   0.999        2 0.495333 0.499546
  0.9999        2 0.495333 0.499939
       0        4 0.495333 0.496667
     0.2        4     0.43 0.495938
     0.4        4 0.433333 0.496129
     0.6        4 0.425333  0.49633
     0.8        4 0.451333 0.496567
     0.9        4 0.484667 0.496761
    0.95        4 0.495333 0.496992
    0.99        4 0.495333 0.497979
   0.999        4 0.495333 0.499561
  0.9999        4 0.495333 0.499948