       0     0.05     0.83 0.827778
     0.2     0.05    0.704 0.672778
     0.4     0.05    0.704 0.672222
     0.6     0.05    0.704 0.672222
     0.8     0.05    0.702 0.672222
     0.9     0.05 0.701333 0.672222
    0.95     0.05 0.701333 0.672222
    0.99     0.05 0.700667 0.671111
   0.999     0.05 0.697333     0.67
  0.9999     0.05 0.692667 0.666667
       0      0.1     0.83 0.827778
     0.2      0.1 0.662667 0.665855
     0.4      0.1 0.661333 0.664018
     0.6      0.1     0.66 0.661375
     0.8      0.1     0.66 0.660861
     0.9      0.1 0.659333 0.660901
    0.95      0.1 0.660667 0.661312
    0.99      0.1 0.656667 0.657454
   0.999      0.1     0.66 0.658733
  0.9999      0.1 0.660667 0.659368
       0     0.15     0.83 0.827778
     0.2     0.15 0.674667 0.673263
     0.4     0.15 0.672667 0.670531
     0.6     0.15    0.666 0.666408
     0.8     0.15 0.664667 0.665353
     0.9     0.15 0.659333 0.662534
    0.95     0.15 0.662667 0.662384
    0.99     0.15 0.658667 0.659254
   0.999     0.15     0.66 0.659912
  0.9999     0.15 0.659333 0.659178
       0      0.2     0.83 0.827778
     0.2      0.2    0.674 0.674255
     0.4      0.2 0.674667 0.672936
     0.6      0.2    0.668 0.669736
     0.8      0.2 0.667333 0.666214
     0.9      0.2 0.660667  0.66268
    0.95      0.2 0.658667 0.661398
    0.99      0.2     0.66 0.659882
   0.999      0.2     0.66 0.658995
  0.9999      0.2 0.659333 0.654355
       0      0.3     0.83 0.827778
     0.2      0.3 0.686667 0.686514
     0.4      0.3    0.678 0.678266
     0.6      0.3    0.676 0.673872
     0.8      0.3 0.667333 0.668554
     0.9      0.3    0.662 0.662596
    0.95      0.3 0.659333 0.659795
    0.99      0.3     0.66 0.654383
   0.999      0.3    0.576 0.608958
  0.9999      0.3 0.577333  0.58267
       0      0.4     0.83 0.827778
     0.2      0.4    0.698 0.697642
     0.4      0.4    0.688 0.687246
     0.6      0.4 0.677333 0.681141
     0.8      0.4 0.670667 0.672473
     0.9      0.4 0.662667 0.663406
    0.95      0.4 0.656667 0.653515
    0.99      0.4 0.616667  0.61596
   0.999      0.4    0.576 0.590934
  0.9999      0.4    0.582 0.592757
       0      0.5     0.83 0.827778
     0.2      0.5 0.707333 0.709097
     0.4      0.5 0.693333 0.696017
     0.6      0.5 0.687333 0.687139
     0.8      0.5    0.672 0.676724
     0.9      0.5 0.661333 0.661937
    0.95      0.5 0.654667 0.640419
    0.99      0.5 0.611333 0.610991
   0.999      0.5 0.573333 0.604968
  0.9999      0.5    0.578 0.611455
       0      0.6     0.83 0.827778
     0.2      0.6 0.707333  0.71384
     0.4      0.6 0.699333  0.70424
     0.6      0.6 0.678667 0.691753
     0.8      0.6    0.672 0.680371
     0.9      0.6 0.664667 0.663405
    0.95      0.6 0.655333 0.644589
    0.99      0.6     0.61 0.624656
   0.999      0.6    0.618 0.637115
  0.9999      0.6    0.662  0.69271
       0      0.7     0.83 0.827778
     0.2      0.7    0.712 0.718759
     0.4      0.7 0.703333 0.710586
     0.6      0.7     0.68 0.699217
     0.8      0.7    0.672 0.684979
     0.9      0.7 0.663333 0.670622
    0.95      0.7 0.655333 0.657535
    0.99      0.7 0.650667 0.652164
   0.999      0.7     0.66 0.695185
  0.9999      0.7 0.783333 0.764224
       0      0.8     0.83 0.827778
     0.2      0.8 0.713333 0.722677
     0.4      0.8 0.709333 0.715894
     0.6      0.8    0.688 0.706697
     0.8      0.8 0.675333  0.69356
     0.9      0.8 0.668667 0.683815
    0.95      0.8 0.663333 0.678739
    0.99      0.8    0.662 0.690953
   0.999      0.8 0.741333 0.750671
  0.9999      0.8 0.832667 0.805982
       0      0.9     0.83 0.827778
     0.2      0.9    0.714 0.725078
     0.4      0.9    0.706 0.720167
     0.6      0.9 0.697333  0.71347
     0.8      0.9 0.677333 0.705403
     0.9      0.9     0.67 0.702471
    0.95      0.9     0.67 0.705255
    0.99      0.9     0.69 0.731861
   0.999      0.9 0.757333 0.791097
  0.9999      0.9 0.833333  0.82326
       0        1     0.83 0.827778
     0.2        1     0.71 0.725998
     0.4        1 0.708667 0.723494
     0.6        1    0.702  0.72022
     0.8        1 0.694667 0.718101
     0.9        1    0.692 0.721457
    0.95        1    0.694 0.730111
    0.99        1 0.744667 0.765171
   0.999        1 0.830667 0.812302
  0.9999        1 0.833333 0.829656
       0        2     0.83 0.827778
     0.2        2 0.752667 0.778001
     0.4        2 0.748667 0.785321
     0.6        2 0.747333 0.794836
     0.8        2     0.82 0.808028
     0.9        2 0.828667 0.817048
    0.95        2     0.83 0.822669
    0.99        2     0.83 0.828833
   0.999        2 0.833333 0.832411
  0.9999        2 0.833333 0.833227
       0        4     0.83 0.827778
     0.2        4     0.83 0.820978
     0.4        4     0.83 0.822779
     0.6        4     0.83 0.824674
     0.8        4     0.83 0.826706
     0.9        4     0.83 0.827859
    0.95        4     0.83 0.828628
    0.99        4     0.83  0.83035
   0.999        4 0.833333 0.832683
  0.9999        4 0.833333 0.833259