        0      0.05  0.482667  0.493333
      0.2      0.05     0.482  0.492333
      0.4      0.05     0.482  0.492333
      0.6      0.05     0.482  0.492333
      0.8      0.05     0.482  0.492333
      0.9      0.05     0.482  0.492333
     0.95      0.05     0.482  0.492333
     0.99      0.05     0.482  0.492333
    0.999      0.05     0.482  0.492333
   0.9999      0.05     0.482  0.492333
        0       0.1  0.482667  0.493333
      0.2       0.1  0.110667   0.11108
      0.4       0.1  0.109333  0.109292
      0.6       0.1  0.104667  0.106131
      0.8       0.1     0.102  0.103414
      0.9       0.1  0.102667  0.102279
     0.95       0.1     0.104  0.100819
     0.99       0.1     0.092  0.092723
    0.999       0.1      0.09 0.0906845
   0.9999       0.1 0.0913333 0.0908625
        0      0.15  0.482667  0.493333
      0.2      0.15  0.114667  0.114942
      0.4      0.15  0.110667  0.111647
      0.6      0.15      0.11  0.108856
      0.8      0.15     0.106  0.104203
      0.9      0.15  0.100667  0.099813
     0.95      0.15     0.092 0.0948441
     0.99      0.15     0.092  0.092456
    0.999      0.15     0.086 0.0864062
   0.9999      0.15 0.0873333 0.0874611
        0       0.2  0.482667  0.493333
      0.2       0.2  0.114667  0.117218
      0.4       0.2  0.117333  0.114411
      0.6       0.2  0.109333  0.111264
      0.8       0.2  0.105333  0.106789
      0.9       0.2  0.101333  0.102481
     0.95       0.2      0.09 0.0976425
     0.99       0.2 0.0846667 0.0907868
    0.999       0.2 0.0846667 0.0854188
   0.9999       0.2 0.0793333 0.0863867
        0       0.3  0.482667  0.493333
      0.2       0.3  0.115333  0.126007
      0.4       0.3  0.110667  0.118797
      0.6       0.3  0.106667  0.114277
      0.8       0.3       0.1  0.110023
      0.9       0.3 0.0833333  0.106025
     0.95       0.3     0.084  0.103058
     0.99       0.3      0.08  0.111291
    0.999       0.3     0.088  0.188541
   0.9999       0.3  0.183333  0.345118
        0       0.4  0.482667  0.493333
      0.2       0.4     0.128  0.148628
      0.4       0.4  0.114667  0.140152
      0.6       0.4       0.1  0.133902
      0.8       0.4 0.0853333  0.130726
      0.9       0.4     0.074  0.135404
     0.95       0.4 0.0726667   0.14976
     0.99       0.4     0.064  0.234459
    0.999       0.4      0.05  0.420722
   0.9999       0.4 0.0573333  0.489727
        0       0.5  0.482667  0.493333
      0.2       0.5  0.128667  0.171113
      0.4       0.5  0.115333   0.16924
      0.6       0.5  0.104667  0.170391
      0.8       0.5 0.0893333  0.182372
      0.9       0.5 0.0806667  0.209999
     0.95       0.5 0.0733333  0.255095
     0.99       0.5 0.0793333  0.389684
    0.999       0.5  0.469333    0.4834
   0.9999       0.5  0.489333  0.497506
        0       0.6  0.482667  0.493333
      0.2       0.6  0.129333  0.199006
      0.4       0.6  0.121333  0.204751
      0.6       0.6     0.108  0.218106
      0.8       0.6 0.0966667   0.25499
      0.9       0.6 0.0926667  0.306896
     0.95       0.6 0.0973333  0.363651
     0.99       0.6  0.319333  0.456919
    0.999       0.6     0.484  0.493871
   0.9999       0.6  0.489333  0.498412
        0       0.7  0.482667  0.493333
      0.2       0.7  0.126667   0.23279
      0.4       0.7     0.118  0.246636
      0.6       0.7     0.108  0.271539
      0.8       0.7     0.102  0.324082
      0.9       0.7  0.112667  0.378466
     0.95       0.7  0.162667  0.423351
     0.99       0.7  0.454667  0.478391
    0.999       0.7     0.486  0.496578
   0.9999       0.7  0.489333  0.498759
        0       0.8  0.482667  0.493333
      0.2       0.8     0.126  0.270497
      0.4       0.8  0.116667  0.290419
      0.6       0.8     0.112  0.321641
      0.8       0.8  0.107333  0.375942
      0.9       0.8  0.137333  0.421266
     0.95       0.8  0.238667  0.452889
     0.99       0.8  0.476667  0.486826
    0.999       0.8  0.484667  0.497675
   0.9999       0.8  0.489333  0.499014
        0       0.9  0.482667  0.493333
      0.2       0.9     0.124  0.307763
      0.4       0.9      0.12  0.330473
      0.6       0.9  0.112667  0.362615
      0.8       0.9     0.116  0.411155
      0.9       0.9  0.175333  0.446208
     0.95       0.9  0.302667  0.468352
     0.99       0.9      0.48  0.490803
    0.999       0.9     0.484  0.498246
   0.9999       0.9  0.489333  0.499207
        0         1  0.482667  0.493333
      0.2         1     0.122  0.340864
      0.4         1  0.116667  0.363637
      0.6         1  0.112667  0.393497
      0.8         1  0.121333  0.434274
      0.9         1  0.202667  0.461015
     0.95         1      0.35  0.476951
     0.99         1  0.481333  0.492901
    0.999         1  0.482667  0.498584
   0.9999         1  0.489333  0.499352
        0         2  0.482667  0.493333
      0.2         2  0.117333   0.46063
      0.4         2  0.110667  0.468203
      0.6         2     0.124  0.476197
      0.8         2  0.170667  0.484745
      0.9         2  0.330667  0.489462
     0.95         2     0.474  0.492314
     0.99         2  0.482667  0.496559
    0.999         2  0.482667  0.499358
   0.9999         2  0.489333   0.49981
        0         4  0.482667  0.493333
      0.2         4  0.111333  0.485765
      0.4         4     0.116  0.487658
      0.6         4     0.128  0.489609
      0.8         4       0.2  0.491716
      0.9         4  0.354667  0.493053
     0.95         4  0.481333   0.49417
     0.99         4  0.482667  0.497005
    0.999         4  0.482667  0.499494
   0.9999         4  0.482667  0.499916