       0     0.05 0.466667 0.466667
     0.2     0.05 0.466667 0.466667
     0.4     0.05 0.466667 0.466667
     0.6     0.05 0.466667 0.466667
     0.8     0.05 0.466667 0.466667
     0.9     0.05 0.466667 0.466667
    0.95     0.05 0.466667 0.466667
    0.99     0.05 0.466667 0.466667
   0.999     0.05 0.466667 0.466667
  0.9999     0.05 0.466667 0.466667
       0      0.1 0.466667 0.466667
     0.2      0.1     0.43 0.430579
     0.4      0.1    0.432  0.43413
     0.6      0.1 0.436667  0.43673
     0.8      0.1     0.44 0.440091
     0.9      0.1    0.444 0.442648
    0.95      0.1 0.444667 0.444395
    0.99      0.1 0.446667 0.447395
   0.999      0.1 0.450667 0.449669
  0.9999      0.1 0.457333 0.455043
       0     0.15 0.466667 0.466667
     0.2     0.15 0.413333 0.417992
     0.4     0.15    0.424  0.42463
     0.6     0.15     0.43 0.430173
     0.8     0.15 0.438667 0.436001
     0.9     0.15 0.444667  0.43967
    0.95     0.15    0.446  0.44241
    0.99     0.15 0.452667 0.449824
   0.999     0.15    0.458 0.458187
  0.9999     0.15 0.460667  0.45706
       0      0.2 0.466667 0.466667
     0.2      0.2 0.392667 0.408616
     0.4      0.2 0.406667 0.417715
     0.6      0.2    0.422 0.425162
     0.8      0.2 0.424667 0.434099
     0.9      0.2    0.442 0.441154
    0.95      0.2 0.441333 0.447129
    0.99      0.2    0.458 0.455702
   0.999      0.2 0.456667 0.460599
  0.9999      0.2 0.458667  0.46412
       0      0.3 0.466667 0.466667
     0.2      0.3    0.368 0.403684
     0.4      0.3 0.382667 0.414848
     0.6      0.3 0.411333 0.426305
     0.8      0.3     0.44 0.440588
     0.9      0.3 0.450667 0.451166
    0.95      0.3 0.456667 0.459531
    0.99      0.3    0.466 0.474886
   0.999      0.3 0.488667 0.491801
  0.9999      0.3 0.499333 0.498673
       0      0.4 0.466667 0.466667
     0.2      0.4 0.340667 0.412181
     0.4      0.4 0.353333 0.423036
     0.6      0.4    0.384 0.435589
     0.8      0.4 0.447333 0.451902
     0.9      0.4 0.460667 0.463881
    0.95      0.4 0.465333 0.473366
    0.99      0.4 0.471333 0.489477
   0.999      0.4 0.499333   0.4985
  0.9999      0.4      0.5 0.499842
       0      0.5 0.466667 0.466667
     0.2      0.5     0.32 0.424647
     0.4      0.5 0.335333 0.434228
     0.6      0.5 0.374667 0.445252
     0.8      0.5 0.444667   0.4593
     0.9      0.5    0.466 0.469828
    0.95      0.5 0.466667 0.478559
    0.99      0.5 0.467333 0.492784
   0.999      0.5      0.5 0.499117
  0.9999      0.5      0.5  0.49991
       0      0.6 0.466667 0.466667
     0.2      0.6    0.302 0.435386
     0.4      0.6 0.320667 0.443208
     0.6      0.6 0.368667 0.452144
     0.8      0.6    0.452 0.463723
     0.9      0.6 0.466667  0.47296
    0.95      0.6 0.466667 0.481038
    0.99      0.6 0.466667 0.494018
   0.999      0.6      0.5 0.499301
  0.9999      0.6      0.5 0.499929
       0      0.7 0.466667 0.466667
     0.2      0.7 0.285333 0.443049
     0.4      0.7    0.312 0.449388
     0.6      0.7 0.372667 0.456669
     0.8      0.7 0.457333 0.466442
     0.9      0.7 0.466667 0.474776
    0.95      0.7 0.466667  0.48239
    0.99      0.7 0.466667 0.494602
   0.999      0.7      0.5 0.499381
  0.9999      0.7      0.5 0.499937
       0      0.8 0.466667 0.466667
     0.2      0.8 0.280667 0.448394
     0.4      0.8 0.305333 0.453616
     0.6      0.8 0.369333 0.459693
     0.8      0.8     0.46 0.468198
     0.9      0.8 0.466667 0.475905
    0.95      0.8 0.466667 0.483194
    0.99      0.8 0.466667  0.49492
   0.999      0.8      0.5 0.499422
  0.9999      0.8      0.5 0.499941
       0      0.9 0.466667 0.466667
     0.2      0.9 0.280667 0.452196
     0.4      0.9 0.306667 0.456589
     0.6      0.9     0.37  0.46179
     0.8      0.9 0.458667 0.469389
     0.9      0.9 0.466667  0.47665
    0.95      0.9 0.466667 0.483706
    0.99      0.9 0.466667 0.495109
   0.999      0.9      0.5 0.499446
  0.9999      0.9      0.5 0.499944
       0        1 0.466667 0.466667
     0.2        1    0.278 0.454974
     0.4        1    0.302 0.458744
     0.6        1 0.375333 0.463297
     0.8        1 0.459333 0.470231
     0.9        1 0.466667 0.477167
    0.95        1 0.466667 0.484052
    0.99        1 0.466667 0.495231
   0.999        1      0.5 0.499461
  0.9999        1      0.5 0.499945
       0        2 0.466667 0.466667
     0.2        2 0.277333 0.464109
     0.4        2 0.303333 0.465739
     0.6        2 0.369333 0.468109
     0.8        2 0.460667 0.472849
     0.9        2 0.466667 0.478704
    0.95        2 0.466667 0.485025
    0.99        2 0.466667 0.495541
   0.999        2 0.466667 0.499499
  0.9999        2      0.5 0.499949
       0        4 0.466667 0.466667
     0.2        4 0.275333 0.466436
     0.4        4    0.308 0.467499
     0.6        4    0.372 0.469303
     0.8        4 0.460667  0.47348
     0.9        4 0.466667 0.479057
    0.95        4 0.466667 0.485233
    0.99        4 0.466667 0.495599
   0.999        4 0.466667 0.499505
  0.9999        4      0.5  0.49995