       0     0.05 0.816667 0.816667
     0.2     0.05 0.269333 0.301778
     0.4     0.05 0.265333 0.298667
     0.6     0.05 0.263333    0.299
     0.8     0.05 0.261333 0.294778
     0.9     0.05 0.259333 0.293111
    0.95     0.05    0.258 0.292556
    0.99     0.05 0.257333 0.292667
   0.999     0.05 0.254667 0.287667
  0.9999     0.05 0.252667 0.284667
       0      0.1 0.816667 0.816667
     0.2      0.1    0.274 0.273626
     0.4      0.1    0.274 0.273452
     0.6      0.1    0.274 0.273444
     0.8      0.1    0.274 0.273333
     0.9      0.1 0.272667 0.271599
    0.95      0.1 0.271333 0.270762
    0.99      0.1     0.27 0.269581
   0.999      0.1     0.27 0.269446
  0.9999      0.1     0.27 0.269439
       0     0.15 0.816667 0.816667
     0.2     0.15 0.275333 0.275122
     0.4     0.15    0.274 0.274203
     0.6     0.15    0.274 0.273758
     0.8     0.15    0.272  0.27216
     0.9     0.15 0.271333  0.27087
    0.95     0.15 0.269333 0.269739
    0.99     0.15 0.269333 0.269253
   0.999     0.15 0.268667 0.268512
  0.9999     0.15 0.266667 0.266778
       0      0.2 0.816667 0.816667
     0.2      0.2 0.285333 0.286048
     0.4      0.2    0.276 0.277048
     0.6      0.2    0.274 0.274693
     0.8      0.2    0.272 0.272646
     0.9      0.2 0.270667 0.270752
    0.95      0.2 0.269333 0.269516
    0.99      0.2 0.267333 0.267958
   0.999      0.2    0.266 0.265431
  0.9999      0.2 0.258667 0.255672
       0      0.3 0.816667 0.816667
     0.2      0.3 0.300667 0.300339
     0.4      0.3     0.29 0.288662
     0.6      0.3    0.282 0.281659
     0.8      0.3    0.276 0.276953
     0.9      0.3 0.271333 0.271681
    0.95      0.3 0.267333 0.268792
    0.99      0.3    0.262  0.26241
   0.999      0.3 0.248667 0.250911
  0.9999      0.3 0.242667  0.24384
       0      0.4 0.816667 0.816667
     0.2      0.4     0.32 0.323338
     0.4      0.4    0.302 0.304751
     0.6      0.4 0.287333 0.290543
     0.8      0.4    0.282 0.281924
     0.9      0.4 0.282667 0.278312
    0.95      0.4    0.268 0.271359
    0.99      0.4 0.248667 0.257033
   0.999      0.4 0.254667 0.253112
  0.9999      0.4 0.271333  0.26375
       0      0.5 0.816667 0.816667
     0.2      0.5 0.342667 0.343498
     0.4      0.5 0.323333 0.322985
     0.6      0.5 0.299333 0.304955
     0.8      0.5 0.287333 0.288834
     0.9      0.5     0.29  0.28274
    0.95      0.5 0.282667 0.276112
    0.99      0.5 0.257333 0.263999
   0.999      0.5 0.268667 0.273298
  0.9999      0.5 0.263333 0.307928
       0      0.6 0.816667 0.816667
     0.2      0.6 0.352667    0.355
     0.4      0.6 0.332667 0.339446
     0.6      0.6    0.316 0.321825
     0.8      0.6 0.294667 0.302077
     0.9      0.6 0.285333 0.292868
    0.95      0.6 0.286667 0.287603
    0.99      0.6    0.274 0.290822
   0.999      0.6 0.276667 0.368626
  0.9999      0.6    0.378 0.533646
       0      0.7 0.816667 0.816667
     0.2      0.7 0.354667 0.364848
     0.4      0.7 0.342667 0.353018
     0.6      0.7 0.331333 0.340565
     0.8      0.7    0.302 0.325614
     0.9      0.7 0.292667 0.321669
    0.95      0.7 0.288667 0.327652
    0.99      0.7    0.294 0.386536
   0.999      0.7 0.422667 0.562557
  0.9999      0.7 0.496667 0.724147
       0      0.8 0.816667 0.816667
     0.2      0.8 0.356667 0.378434
     0.4      0.8 0.349333 0.370534
     0.6      0.8 0.341333 0.365241
     0.8      0.8 0.329333 0.365715
     0.9      0.8 0.306667 0.380216
    0.95      0.8 0.311333 0.410801
    0.99      0.8 0.365333 0.529974
   0.999      0.8 0.480667 0.708622
  0.9999      0.8 0.731333 0.800204
       0      0.9 0.816667 0.816667
     0.2      0.9    0.362 0.397669
     0.4      0.9 0.355333  0.39697
     0.6      0.9 0.346667 0.401371
     0.8      0.9    0.338 0.423265
     0.9      0.9 0.338667 0.461845
    0.95      0.9 0.334667 0.514004
    0.99      0.9 0.474667 0.650126
   0.999      0.9 0.664667 0.779038
  0.9999      0.9    0.816 0.824192
       0        1 0.816667 0.816667
     0.2        1 0.365333 0.424377
     0.4        1 0.360667 0.431756
     0.6        1 0.352667 0.447892
     0.8        1 0.350667 0.489764
     0.9        1 0.359333 0.544765
    0.95        1 0.417333  0.60492
    0.99        1 0.534667  0.72518
   0.999        1 0.707333 0.810471
  0.9999        1 0.831333 0.830495
       0        2 0.816667 0.816667
     0.2        2     0.45 0.725124
     0.4        2 0.463333 0.742566
     0.6        2 0.491333 0.762843
     0.8        2 0.528667 0.787493
     0.9        2 0.586667 0.802894
    0.95        2 0.653333 0.812732
    0.99        2 0.816667 0.825863
   0.999        2    0.818 0.832321
  0.9999        2 0.833333 0.833228
       0        4 0.816667 0.816667
     0.2        4    0.544 0.804607
     0.4        4 0.544667 0.807623
     0.6        4 0.561333  0.81087
     0.8        4 0.593333 0.814713
     0.9        4    0.588 0.817624
    0.95        4 0.673333 0.820495
    0.99        4 0.706667 0.827632
   0.999        4 0.816667 0.832533
  0.9999        4     0.83  0.83325