       0     0.05 0.488667     0.49
       0      0.1 0.488667     0.49
       0     0.15 0.488667     0.49
       0      0.2 0.488667     0.49
       0      0.3 0.488667     0.49
       0      0.4 0.488667     0.49
       0      0.5 0.488667     0.49
       0      0.6 0.488667     0.49
       0      0.7 0.488667     0.49
       0      0.8 0.488667     0.49
       0      0.9 0.488667     0.49
       0        1 0.488667     0.49
       0        2 0.488667     0.49
       0        4 0.488667     0.49
     0.2     0.05 0.488667     0.49
     0.2      0.1 0.424667 0.423184
     0.2     0.15 0.412667 0.416242
     0.2      0.2 0.385333 0.410728
     0.2      0.3 0.355333 0.400233
     0.2      0.4 0.343333 0.409105
     0.2      0.5 0.337333 0.430807
     0.2      0.6     0.34 0.449288
     0.2      0.7    0.348 0.461687
     0.2      0.8    0.356 0.469597
     0.2      0.9    0.364 0.474734
     0.2        1 0.366667 0.478191
     0.2        2 0.386667 0.487586
     0.2        4    0.394 0.489468
     0.4     0.05 0.488667     0.49
     0.4      0.1 0.426667 0.425386
     0.4     0.15 0.419333 0.425206
     0.4      0.2      0.4  0.42331
     0.4      0.3     0.36  0.41692
     0.4      0.4    0.344 0.425012
     0.4      0.5 0.341333 0.443352
     0.4      0.6 0.345333 0.458513
     0.4      0.7 0.347333 0.468373
     0.4      0.8 0.360667 0.474545
     0.4      0.9 0.365333 0.478508
     0.4        1     0.37 0.481157
     0.4        2     0.39 0.488281
     0.4        4 0.392667 0.489695
     0.6     0.05 0.488667     0.49
     0.6      0.1 0.424667 0.427704
     0.6     0.15 0.424667 0.432742
     0.6      0.2 0.412667 0.434892
     0.6      0.3 0.373333 0.433171
     0.6      0.4 0.357333 0.442328
     0.6      0.5 0.356667 0.457117
     0.6      0.6    0.352  0.46841
     0.6      0.7     0.35 0.475434
     0.6      0.8 0.359333 0.479729
     0.6      0.9     0.37 0.482451
     0.6        1 0.372667 0.484256
     0.6        2    0.388 0.489058
     0.6        4 0.390667 0.490001
     0.8     0.05 0.488667     0.49
     0.8      0.1    0.434 0.433054
     0.8     0.15 0.426667 0.442893
     0.8      0.2 0.432667 0.449153
     0.8      0.3 0.387333 0.452992
     0.8      0.4    0.382 0.463107
     0.8      0.5    0.368 0.472872
     0.8      0.6 0.362667 0.479345
     0.8      0.7    0.362 0.483133
     0.8      0.8 0.370667 0.485384
     0.8      0.9 0.374667 0.486788
     0.8        1    0.378  0.48771
     0.8        2 0.386667 0.490129
     0.8        4     0.39 0.490598
     0.9     0.05 0.488667     0.49
     0.9      0.1 0.433333 0.438368
     0.9     0.15 0.435333 0.451949
     0.9      0.2 0.441333 0.460093
     0.9      0.3     0.41  0.46692
     0.9      0.4 0.397333 0.476167
     0.9      0.5 0.377333  0.48216
     0.9      0.6    0.378 0.485705
     0.9      0.7 0.368667 0.487694
     0.9      0.8 0.373333 0.488852
     0.9      0.9 0.374667 0.489566
     0.9        1     0.38  0.49003
     0.9        2 0.380667  0.49123
     0.9        4 0.386667 0.491457
    0.95     0.05 0.488667     0.49
    0.95      0.1    0.446 0.443109
    0.95     0.15 0.455333 0.459691
    0.95      0.2    0.462  0.46829
    0.95      0.3 0.420667 0.476771
    0.95      0.4 0.404667 0.484264
    0.95      0.5 0.387333 0.487863
    0.95      0.6 0.381333 0.489802
    0.95      0.7 0.377333  0.49085
    0.95      0.8    0.378 0.491447
    0.95      0.9 0.379333 0.491809
    0.95        1    0.384 0.492041
    0.95        2 0.389333 0.492621
    0.95        4 0.385333 0.492724
    0.99     0.05 0.488667     0.49
    0.99      0.1    0.452 0.453359
    0.99     0.15    0.476 0.473919
    0.99      0.2 0.481333 0.479108
    0.99      0.3    0.458 0.489605
    0.99      0.4 0.417333 0.493996
    0.99      0.5 0.469333 0.495377
    0.99      0.6 0.467333 0.495972
    0.99      0.7 0.432667 0.496259
    0.99      0.8 0.399333 0.496409
    0.99      0.9 0.377333 0.496492
    0.99        1 0.374667 0.496542
    0.99        2 0.478667 0.496637
    0.99        4    0.488 0.496645
   0.999     0.05 0.488667     0.49
   0.999      0.1 0.461333 0.462636
   0.999     0.15 0.491333 0.481251
   0.999      0.2 0.482667 0.488792
   0.999      0.3 0.491333 0.497175
   0.999      0.4 0.489333 0.499008
   0.999      0.5 0.488667  0.49932
   0.999      0.6 0.488667 0.499428
   0.999      0.7 0.488667 0.499475
   0.999      0.8 0.488667 0.499498
   0.999      0.9 0.488667  0.49951
   0.999        1 0.409333 0.499517
   0.999        2 0.491333 0.499525
   0.999        4 0.491333 0.499524
  0.9999     0.05 0.488667     0.49
  0.9999      0.1 0.481333 0.475131
  0.9999     0.15    0.474 0.482621
  0.9999      0.2     0.49 0.493931
  0.9999      0.3      0.5 0.499593
  0.9999      0.4 0.496667 0.499877
  0.9999      0.5    0.498 0.499915
  0.9999      0.6 0.496667 0.499933
  0.9999      0.7 0.488667 0.499942
  0.9999      0.8 0.488667 0.499946
  0.9999      0.9 0.488667 0.499948
  0.9999        1 0.491333  0.49995
  0.9999        2 0.491333 0.499951
  0.9999        4 0.491333 0.499951