        0      0.05  0.466667  0.466667
      0.2      0.05 0.0453333  0.110506
      0.4      0.05 0.0433333  0.126272
      0.6      0.05 0.0433333  0.154583
      0.8      0.05 0.0406667  0.217825
      0.9      0.05 0.0433333  0.291664
     0.95      0.05 0.0546667  0.361837
     0.99      0.05  0.118667  0.461728
    0.999      0.05     0.478  0.495758
   0.9999      0.05       0.5  0.499571
        0       0.1  0.466667  0.466667
      0.2       0.1      0.09   0.30112
      0.4       0.1 0.0993333  0.328394
      0.6       0.1     0.118  0.363318
      0.8       0.1  0.156667  0.411012
      0.9       0.1  0.181333   0.44421
     0.95       0.1  0.203333  0.466393
     0.99       0.1  0.327333  0.491393
    0.999       0.1     0.474  0.499066
   0.9999       0.1       0.5  0.499906
        0      0.15  0.466667  0.466667
      0.2      0.15      0.16  0.398846
      0.4      0.15     0.166  0.413679
      0.6      0.15  0.183333  0.430754
      0.8      0.15     0.216  0.452161
      0.9      0.15  0.236667  0.467421
     0.95      0.15  0.301333  0.478921
     0.99      0.15  0.427333  0.494147
    0.999      0.15  0.466667  0.499351
   0.9999      0.15       0.5  0.499934
        0       0.2  0.466667  0.466667
      0.2       0.2  0.256667  0.435708
      0.4       0.2  0.276667  0.443061
      0.6       0.2     0.308  0.451697
      0.8       0.2  0.371333  0.463551
      0.9       0.2  0.387333  0.473503
     0.95       0.2     0.362  0.482131
     0.99       0.2  0.466667   0.49484
    0.999       0.2  0.466667  0.499423
   0.9999       0.2       0.5  0.499942
        0       0.3  0.466667  0.466667
      0.2       0.3  0.445333  0.456002
      0.4       0.3     0.446  0.459016
      0.6       0.3      0.44  0.463064
      0.8       0.3      0.43   0.46989
      0.9       0.3       0.4  0.476996
     0.95       0.3  0.357333   0.48403
     0.99       0.3  0.466667  0.495275
    0.999       0.3  0.466667  0.499469
   0.9999       0.3       0.5  0.499946
        0       0.4  0.466667  0.466667
      0.2       0.4     0.458  0.460859
      0.4       0.4     0.456  0.463016
      0.6       0.4     0.448  0.466061
      0.8       0.4  0.431333  0.471652
      0.9       0.4  0.392667  0.478009
     0.95       0.4  0.402667  0.484612
     0.99       0.4  0.466667  0.495426
    0.999       0.4  0.466667  0.499486
   0.9999       0.4       0.5  0.499948
        0       0.5  0.466667  0.466667
      0.2       0.5  0.461333  0.462979
      0.4       0.5  0.456667  0.464763
      0.6       0.5  0.446667  0.467359
      0.8       0.5      0.43  0.472404
      0.9       0.5     0.372  0.478443
     0.95       0.5  0.451333  0.484869
     0.99       0.5  0.466667  0.495497
    0.999       0.5  0.466667  0.499494
   0.9999       0.5       0.5  0.499949
        0       0.6  0.466667  0.466667
      0.2       0.6  0.462667  0.464182
      0.4       0.6  0.457333  0.465734
      0.6       0.6  0.447333  0.468062
      0.8       0.6  0.428667  0.472801
      0.9       0.6  0.367333  0.478672
     0.95       0.6  0.463333  0.485005
     0.99       0.6  0.466667  0.495535
    0.999       0.6  0.466667  0.499498
   0.9999       0.6       0.5  0.499949
        0       0.7  0.466667  0.466667
      0.2       0.7  0.462667   0.46494
      0.4       0.7  0.458667  0.466335
      0.6       0.7      0.45   0.46849
      0.8       0.7     0.428  0.473038
      0.9       0.7     0.366  0.478807
     0.95       0.7  0.466667  0.485085
     0.99       0.7  0.466667  0.495558
    0.999       0.7  0.466667  0.499501
   0.9999       0.7       0.5  0.499949
        0       0.8  0.466667  0.466667
      0.2       0.8  0.462667  0.465449
      0.4       0.8  0.458667  0.466734
      0.6       0.8  0.448667   0.46877
      0.8       0.8  0.428667  0.473192
      0.9       0.8  0.362667  0.478894
     0.95       0.8  0.466667  0.485137
     0.99       0.8  0.466667  0.495572
    0.999       0.8  0.466667  0.499502
   0.9999       0.8       0.5   0.49995
        0       0.9  0.466667  0.466667
      0.2       0.9  0.463333  0.465806
      0.4       0.9     0.458  0.467011
      0.6       0.9  0.448667  0.468963
      0.8       0.9  0.427333  0.473296
      0.9       0.9  0.361333  0.478953
     0.95       0.9  0.466667  0.485172
     0.99       0.9  0.466667  0.495582
    0.999       0.9  0.466667  0.499503
   0.9999       0.9       0.5   0.49995
        0         1  0.466667  0.466667
      0.2         1     0.466  0.466065
      0.4         1  0.459333  0.467211
      0.6         1  0.449333  0.469102
      0.8         1     0.428  0.473371
      0.9         1  0.364667  0.478995
     0.95         1  0.466667  0.485196
     0.99         1  0.466667  0.495589
    0.999         1  0.466667  0.499504
   0.9999         1       0.5   0.49995
        0         2  0.466667  0.466667
      0.2         2  0.463333   0.46692
      0.4         2      0.46  0.467864
      0.6         2  0.445333  0.469549
      0.8         2     0.424  0.473609
      0.9         2  0.362667  0.479128
     0.95         2  0.466667  0.485274
     0.99         2  0.466667   0.49561
    0.999         2  0.466667  0.499506
   0.9999         2  0.466667   0.49995
        0         4  0.466667  0.466667
      0.2         4     0.464   0.46714
      0.4         4  0.460667   0.46803
      0.6         4     0.444  0.469661
      0.8         4     0.424  0.473668
      0.9         4  0.364667  0.479161
     0.95         4  0.466667  0.485293
     0.99         4  0.466667  0.495615
    0.999         4  0.466667  0.499507
   0.9999         4  0.466667   0.49995