        0      0.05  0.466667  0.466667
      0.2      0.05 0.0306667 0.0396667
      0.4      0.05 0.0306667 0.0393333
      0.6      0.05 0.0306667 0.0393333
      0.8      0.05 0.0306667 0.0393333
      0.9      0.05 0.0306667 0.0386667
     0.95      0.05      0.03 0.0383333
     0.99      0.05 0.0293333 0.0383333
    0.999      0.05 0.0286667 0.0383333
   0.9999      0.05 0.0286667 0.0386667
        0       0.1  0.466667  0.466667
      0.2       0.1     0.022 0.0220036
      0.4       0.1     0.022 0.0220035
      0.6       0.1     0.022 0.0220045
      0.8       0.1     0.022 0.0220079
      0.9       0.1     0.022 0.0220136
     0.95       0.1     0.022 0.0220232
     0.99       0.1 0.0226667  0.022579
    0.999       0.1 0.0226667 0.0233339
   0.9999       0.1 0.0226667 0.0279857
        0      0.15  0.466667  0.466667
      0.2      0.15 0.0233333 0.0253608
      0.4      0.15 0.0233333 0.0239516
      0.6      0.15     0.022 0.0230942
      0.8      0.15     0.022 0.0237679
      0.9      0.15     0.022 0.0249542
     0.95      0.15 0.0226667  0.027411
     0.99      0.15 0.0226667 0.0379051
    0.999      0.15 0.0226667 0.0591152
   0.9999      0.15     0.068   0.06708
        0       0.2  0.466667  0.466667
      0.2       0.2 0.0286667 0.0340368
      0.4       0.2 0.0266667 0.0320299
      0.6       0.2 0.0233333 0.0305013
      0.8       0.2     0.022 0.0337629
      0.9       0.2     0.022  0.039617
     0.95       0.2 0.0226667 0.0470104
     0.99       0.2 0.0226667 0.0608277
    0.999       0.2     0.068 0.0674421
   0.9999       0.2     0.068 0.0687558
        0       0.3  0.466667  0.466667
      0.2       0.3     0.036 0.0582331
      0.4       0.3 0.0326667 0.0559548
      0.6       0.3 0.0286667 0.0555639
      0.8       0.3     0.022 0.0564162
      0.9       0.3     0.022 0.0609327
     0.95       0.3 0.0373333  0.065396
     0.99       0.3     0.066 0.0715807
    0.999       0.3     0.068  0.082318
   0.9999       0.3     0.068   0.09916
        0       0.4  0.466667  0.466667
      0.2       0.4 0.0513333 0.0841514
      0.4       0.4 0.0393333 0.0780246
      0.6       0.4     0.034 0.0750514
      0.8       0.4      0.04 0.0754733
      0.9       0.4 0.0653333  0.075823
     0.95       0.4     0.066 0.0792658
     0.99       0.4     0.064 0.0926384
    0.999       0.4     0.068  0.122694
   0.9999       0.4      0.09  0.151524
        0       0.5  0.466667  0.466667
      0.2       0.5 0.0566667  0.103811
      0.4       0.5 0.0533333  0.097565
      0.6       0.5     0.046 0.0945279
      0.8       0.5 0.0353333 0.0956251
      0.9       0.5 0.0506667 0.0999608
     0.95       0.5 0.0726667  0.106224
     0.99       0.5 0.0746667  0.128628
    0.999       0.5      0.09  0.180486
   0.9999       0.5     0.168  0.275799
        0       0.6  0.466667  0.466667
      0.2       0.6      0.07  0.122808
      0.4       0.6 0.0613333  0.117587
      0.6       0.6 0.0626667  0.114471
      0.8       0.6 0.0886667  0.117652
      0.9       0.6 0.0846667  0.126027
     0.95       0.6 0.0826667  0.137468
     0.99       0.6     0.088  0.177681
    0.999       0.6     0.138  0.274826
   0.9999       0.6  0.302667  0.371151
        0       0.7  0.466667  0.466667
      0.2       0.7 0.0986667   0.13956
      0.4       0.7  0.109333  0.138147
      0.6       0.7     0.104  0.139016
      0.8       0.7 0.0933333  0.146189
      0.9       0.7 0.0933333  0.160328
     0.95       0.7 0.0946667    0.1798
     0.99       0.7     0.122   0.24266
    0.999       0.7     0.228  0.352086
   0.9999       0.7  0.278667  0.427286
        0       0.8  0.466667  0.466667
      0.2       0.8  0.120667  0.157789
      0.4       0.8  0.114667  0.159513
      0.6       0.8  0.112667  0.165502
      0.8       0.8     0.112  0.181296
      0.9       0.8  0.112667  0.203464
     0.95       0.8  0.121333  0.231193
     0.99       0.8  0.154667  0.309648
    0.999       0.8      0.26   0.41125
   0.9999       0.8  0.433333   0.45621
        0       0.9  0.466667  0.466667
      0.2       0.9  0.122667  0.179158
      0.4       0.9  0.118667  0.184516
      0.6       0.9  0.118667  0.195224
      0.8       0.9     0.122   0.21944
      0.9       0.9  0.128667  0.249711
     0.95       0.9  0.147333  0.284651
     0.99       0.9      0.18  0.369451
    0.999       0.9      0.35  0.445152
   0.9999       0.9  0.442667  0.474612
        0         1  0.466667  0.466667
      0.2         1  0.127333  0.203755
      0.4         1     0.126  0.212923
      0.6         1  0.128667   0.22839
      0.8         1     0.134   0.25999
      0.9         1     0.146  0.296323
     0.95         1     0.158  0.334697
     0.99         1  0.236667  0.411221
    0.999         1  0.419333  0.465268
   0.9999         1  0.454667  0.490285
        0         2  0.466667  0.466667
      0.2         2     0.198   0.40422
      0.4         2     0.232  0.414927
      0.6         2     0.248   0.42831
      0.8         2      0.29  0.447628
      0.9         2     0.294  0.463494
     0.95         2  0.292667  0.476191
     0.99         2  0.427333  0.493289
    0.999         2  0.498667  0.499247
   0.9999         2       0.5  0.499924
        0         4  0.466667  0.466667
      0.2         4  0.382667  0.459127
      0.4         4  0.381333  0.461774
      0.6         4  0.383333  0.465285
      0.8         4      0.36  0.471313
      0.9         4     0.368  0.477873
     0.95         4  0.376667  0.484566
     0.99         4  0.466667  0.495425
    0.999         4  0.466667  0.499486
   0.9999         4       0.5  0.499948