       0     0.05 0.493333 0.493333
     0.2     0.05 0.172667 0.210045
     0.4     0.05 0.161333 0.214528
     0.6     0.05 0.149333 0.227707
     0.8     0.05    0.142 0.268061
     0.9     0.05 0.142667 0.324804
    0.95     0.05    0.148 0.383088
    0.99     0.05     0.25 0.467137
   0.999     0.05 0.493333 0.496195
  0.9999     0.05      0.5 0.499611
       0      0.1 0.493333 0.493333
     0.2      0.1 0.202667 0.350009
     0.4      0.1 0.206667 0.370533
     0.6      0.1 0.215333 0.398397
     0.8      0.1 0.243333 0.437457
     0.9      0.1 0.276667   0.4632
    0.95      0.1    0.334 0.478443
    0.99      0.1 0.428667  0.49375
   0.999      0.1 0.493333   0.4992
  0.9999      0.1      0.5 0.499917
       0     0.15 0.493333 0.493333
     0.2     0.15 0.236667 0.431722
     0.4     0.15 0.249333 0.444894
     0.6     0.15    0.268 0.459509
     0.8     0.15 0.302667 0.475768
     0.9     0.15 0.345333 0.484805
    0.95     0.15    0.442 0.489982
    0.99     0.15 0.493333  0.49621
   0.999     0.15 0.493333  0.49945
  0.9999     0.15      0.5 0.499942
       0      0.2 0.493333 0.493333
     0.2      0.2     0.27 0.468409
     0.4      0.2 0.281333 0.474206
     0.6      0.2 0.302667 0.480244
     0.8      0.2 0.336667 0.486727
     0.9      0.2 0.468667 0.490454
    0.95      0.2    0.484 0.492859
    0.99      0.2 0.493333 0.496787
   0.999      0.2 0.493333 0.499505
  0.9999      0.2      0.5 0.499948
       0      0.3 0.493333 0.493333
     0.2      0.3    0.302 0.487381
     0.4      0.3 0.312667 0.488631
     0.6      0.3 0.339333 0.490054
     0.8      0.3 0.467333 0.491817
     0.9      0.3 0.493333 0.493083
    0.95      0.3 0.493333 0.494202
    0.99      0.3 0.493333 0.497056
   0.999      0.3 0.493333 0.499532
  0.9999      0.3      0.5  0.49995
       0      0.4 0.493333 0.493333
     0.2      0.4 0.366667 0.490341
     0.4      0.4 0.346667 0.490996
     0.6      0.4 0.356667 0.491765
     0.8      0.4 0.483333 0.492766
     0.9      0.4 0.493333 0.493588
    0.95      0.4 0.493333 0.494461
    0.99      0.4 0.493333 0.497106
   0.999      0.4 0.493333 0.499537
  0.9999      0.4      0.5 0.499951
       0      0.5 0.493333 0.493333
     0.2      0.5    0.418 0.491339
     0.4      0.5 0.374667 0.491817
     0.6      0.5    0.358 0.492369
     0.8      0.5 0.491333 0.493102
     0.9      0.5 0.493333 0.493764
    0.95      0.5 0.493333 0.494549
    0.99      0.5 0.493333  0.49712
   0.999      0.5 0.493333 0.499537
  0.9999      0.5      0.5 0.499951
       0      0.6 0.493333 0.493333
     0.2      0.6 0.434667 0.491886
     0.4      0.6 0.394667 0.492258
     0.6      0.6    0.362 0.492686
     0.8      0.6 0.492667 0.493273
     0.9      0.6 0.493333 0.493851
    0.95      0.6 0.493333 0.494591
    0.99      0.6 0.493333 0.497125
   0.999      0.6 0.493333 0.499537
  0.9999      0.6      0.5 0.499951
       0      0.7 0.493333 0.493333
     0.2      0.7    0.442 0.492236
     0.4      0.7 0.396667 0.492535
     0.6      0.7 0.363333 0.492881
     0.8      0.7 0.493333 0.493375
     0.9      0.7 0.493333 0.493903
    0.95      0.7 0.493333 0.494616
    0.99      0.7 0.493333 0.497127
   0.999      0.7 0.493333 0.499537
  0.9999      0.7 0.493333 0.499951
       0      0.8 0.493333 0.493333
     0.2      0.8 0.444667 0.492477
     0.4      0.8 0.400667 0.492722
     0.6      0.8 0.370667 0.493011
     0.8      0.8 0.493333 0.493443
     0.9      0.8 0.493333 0.493937
    0.95      0.8 0.493333 0.494631
    0.99      0.8 0.493333 0.497128
   0.999      0.8 0.493333 0.499537
  0.9999      0.8 0.493333 0.499951
       0      0.9 0.493333 0.493333
     0.2      0.9 0.445333 0.492648
     0.4      0.9 0.403333 0.492855
     0.6      0.9 0.373333 0.493102
     0.8      0.9 0.493333 0.493489
     0.9      0.9 0.493333  0.49396
    0.95      0.9 0.493333 0.494642
    0.99      0.9 0.493333 0.497128
   0.999      0.9 0.493333 0.499536
  0.9999      0.9 0.493333 0.499951
       0        1 0.493333 0.493333
     0.2        1 0.448667 0.492775
     0.4        1 0.402667 0.492953
     0.6        1    0.374 0.493169
     0.8        1 0.493333 0.493523
     0.9        1 0.493333 0.493976
    0.95        1 0.493333 0.494649
    0.99        1 0.493333 0.497128
   0.999        1 0.493333 0.499536
  0.9999        1 0.493333 0.499951
       0        2 0.493333 0.493333
     0.2        2 0.452667 0.493204
     0.4        2     0.41 0.493278
     0.6        2 0.382667 0.493388
     0.8        2 0.493333 0.493633
     0.9        2 0.493333  0.49403
    0.95        2 0.493333 0.494674
    0.99        2 0.493333 0.497128
   0.999        2 0.493333 0.499535
  0.9999        2 0.493333  0.49995
       0        4 0.493333 0.493333
     0.2        4 0.452667 0.493317
     0.4        4 0.413333 0.493363
     0.6        4 0.383333 0.493445
     0.8        4 0.493333 0.493662
     0.9        4 0.493333 0.494043
    0.95        4 0.493333  0.49468
    0.99        4 0.493333 0.497128
   0.999        4 0.493333 0.499535
  0.9999        4 0.493333  0.49995