        0      0.05  0.479333      0.49
      0.2      0.05  0.479333     0.489
      0.4      0.05  0.479333     0.489
      0.6      0.05  0.479333     0.489
      0.8      0.05  0.479333     0.489
      0.9      0.05  0.479333     0.489
     0.95      0.05  0.479333     0.489
     0.99      0.05  0.479333     0.489
    0.999      0.05  0.479333     0.489
   0.9999      0.05  0.479333     0.489
        0       0.1  0.479333      0.49
      0.2       0.1 0.0633333 0.0665934
      0.4       0.1     0.074  0.070674
      0.6       0.1 0.0733333 0.0736119
      0.8       0.1     0.074 0.0750512
      0.9       0.1 0.0753333 0.0752289
     0.95       0.1 0.0753333 0.0749305
     0.99       0.1     0.074 0.0732031
    0.999       0.1 0.0653333 0.0669051
   0.9999       0.1 0.0686667 0.0690646
        0      0.15  0.479333      0.49
      0.2      0.15 0.0646667 0.0672627
      0.4      0.15     0.064 0.0670192
      0.6      0.15     0.064 0.0691289
      0.8      0.15 0.0686667 0.0716132
      0.9      0.15     0.064 0.0715188
     0.95      0.15 0.0646667 0.0701002
     0.99      0.15 0.0633333 0.0687402
    0.999      0.15     0.072 0.0713384
   0.9999      0.15 0.0726667 0.0737106
        0       0.2  0.479333      0.49
      0.2       0.2 0.0666667 0.0698884
      0.4       0.2 0.0653333 0.0689547
      0.6       0.2 0.0646667 0.0696179
      0.8       0.2     0.064 0.0716565
      0.9       0.2     0.064 0.0724475
     0.95       0.2     0.064 0.0728241
     0.99       0.2 0.0693333 0.0760546
    0.999       0.2 0.0773333 0.0811791
   0.9999       0.2 0.0766667 0.0833727
        0       0.3  0.479333      0.49
      0.2       0.3 0.0753333 0.0923553
      0.4       0.3 0.0673333 0.0820463
      0.6       0.3     0.066 0.0794817
      0.8       0.3 0.0626667 0.0812261
      0.9       0.3 0.0633333 0.0853412
     0.95       0.3 0.0693333 0.0906622
     0.99       0.3     0.074  0.109528
    0.999       0.3     0.082  0.179875
   0.9999       0.3  0.136667  0.325345
        0       0.4  0.479333      0.49
      0.2       0.4  0.114667  0.136523
      0.4       0.4      0.08  0.119031
      0.6       0.4 0.0673333  0.108895
      0.8       0.4 0.0646667  0.107582
      0.9       0.4 0.0593333  0.117022
     0.95       0.4 0.0566667  0.135893
     0.99       0.4      0.06  0.226416
    0.999       0.4      0.16  0.417402
   0.9999       0.4  0.489333  0.488035
        0       0.5  0.479333      0.49
      0.2       0.5  0.129333  0.168121
      0.4       0.5     0.102  0.159444
      0.6       0.5 0.0813333  0.157179
      0.8       0.5     0.058  0.170757
      0.9       0.5     0.054  0.202641
     0.95       0.5 0.0526667  0.251112
     0.99       0.5     0.088  0.388071
    0.999       0.5     0.474  0.482873
   0.9999       0.5  0.489333  0.497186
        0       0.6  0.479333      0.49
      0.2       0.6     0.138  0.194596
      0.4       0.6  0.115333  0.198256
      0.6       0.6 0.0986667  0.211425
      0.8       0.6 0.0826667  0.250517
      0.9       0.6 0.0793333  0.303933
     0.95       0.6  0.107333   0.36096
     0.99       0.6  0.350667  0.455165
    0.999       0.6  0.485333  0.493523
   0.9999       0.6  0.489333  0.498271
        0       0.7  0.479333      0.49
      0.2       0.7  0.138667  0.226896
      0.4       0.7     0.128  0.241092
      0.6       0.7  0.118667  0.266979
      0.8       0.7  0.124667   0.32045
      0.9       0.7  0.174667  0.374692
     0.95       0.7     0.258  0.419606
     0.99       0.7     0.452   0.47641
    0.999       0.7  0.488667  0.496054
   0.9999       0.7  0.489333   0.49844
        0       0.8  0.479333      0.49
      0.2       0.8     0.144  0.265503
      0.4       0.8  0.140667  0.286244
      0.6       0.8  0.148667  0.318028
      0.8       0.8  0.181333  0.372097
      0.9       0.8  0.260667  0.417111
     0.95       0.8  0.353333  0.449081
     0.99       0.8  0.473333  0.484862
    0.999       0.8  0.489333  0.496993
   0.9999       0.8  0.489333  0.498515
        0       0.9  0.479333      0.49
      0.2       0.9  0.146667  0.304596
      0.4       0.9     0.146  0.327713
      0.6       0.9  0.160667  0.359761
      0.8       0.9  0.233333  0.407618
      0.9       0.9  0.321333  0.442465
     0.95       0.9  0.414667  0.464983
     0.99       0.9  0.479333  0.488972
    0.999       0.9  0.489333  0.497507
   0.9999       0.9  0.489333  0.498625
        0         1  0.479333      0.49
      0.2         1  0.145333  0.339332
      0.4         1  0.150667  0.362007
      0.6         1  0.181333  0.391341
      0.8         1  0.269333  0.431269
      0.9         1     0.366  0.457782
     0.95         1  0.447333  0.473984
     0.99         1  0.479333  0.491227
    0.999         1  0.489333  0.497861
   0.9999         1  0.489333  0.498762
        0         2  0.479333      0.49
      0.2         2  0.180667  0.459898
      0.4         2     0.218   0.46686
      0.6         2  0.279333  0.474247
      0.8         2  0.398667  0.482292
      0.9         2  0.478667  0.487005
     0.95         2  0.479333  0.490212
     0.99         2  0.479333  0.495722
    0.999         2  0.479333  0.499093
   0.9999         2  0.489333  0.499586
        0         4  0.479333      0.49
      0.2         4  0.196667  0.483207
      0.4         4  0.238667  0.484946
      0.6         4  0.299333   0.48678
      0.8         4  0.433333  0.488921
      0.9         4  0.479333  0.490552
     0.95         4  0.479333  0.492201
     0.99         4  0.479333  0.496433
    0.999         4  0.479333  0.499417
   0.9999         4  0.489333  0.499857