       0     0.05 0.488667     0.49
     0.2     0.05 0.488667     0.49
     0.4     0.05 0.488667     0.49
     0.6     0.05 0.488667     0.49
     0.8     0.05 0.488667     0.49
     0.9     0.05 0.488667     0.49
    0.95     0.05 0.488667     0.49
    0.99     0.05 0.488667     0.49
   0.999     0.05 0.488667     0.49
  0.9999     0.05 0.488667     0.49
       0      0.1 0.488667     0.49
     0.2      0.1 0.412667 0.414665
     0.4      0.1    0.424 0.422531
     0.6      0.1 0.423333 0.425767
     0.8      0.1    0.424 0.427495
     0.9      0.1    0.428 0.428272
    0.95      0.1 0.425333 0.429729
    0.99      0.1 0.439333 0.435288
   0.999      0.1    0.436 0.439759
  0.9999      0.1 0.443333 0.446878
       0     0.15 0.488667     0.49
     0.2     0.15 0.403333 0.409249
     0.4     0.15 0.405333  0.41746
     0.6     0.15 0.418667 0.425748
     0.8     0.15 0.424667  0.43283
     0.9     0.15     0.43 0.436618
    0.95     0.15 0.431333 0.439668
    0.99     0.15 0.437333 0.445534
   0.999     0.15 0.432667 0.452528
  0.9999     0.15 0.463333 0.462357
       0      0.2 0.488667     0.49
     0.2      0.2 0.397333 0.406568
     0.4      0.2 0.399333  0.41586
     0.6      0.2 0.404667 0.425236
     0.8      0.2     0.42 0.434979
     0.9      0.2 0.421333 0.440711
    0.95      0.2 0.428667 0.445314
    0.99      0.2    0.436 0.455832
   0.999      0.2 0.463333  0.46876
  0.9999      0.2 0.479333 0.483118
       0      0.3 0.488667     0.49
     0.2      0.3 0.371333 0.410825
     0.4      0.3    0.362 0.421125
     0.6      0.3    0.366 0.433668
     0.8      0.3    0.382 0.450835
     0.9      0.3    0.404 0.463848
    0.95      0.3 0.423333 0.473758
    0.99      0.3    0.438 0.487928
   0.999      0.3 0.488667 0.496677
  0.9999      0.3 0.496667 0.499436
       0      0.4 0.488667     0.49
     0.2      0.4 0.342667 0.422136
     0.4      0.4 0.347333 0.435136
     0.6      0.4    0.346 0.449397
     0.8      0.4    0.374 0.466803
     0.9      0.4    0.424 0.477929
    0.95      0.4 0.471333 0.484967
    0.99      0.4     0.49 0.493803
   0.999      0.4 0.493333 0.498987
  0.9999      0.4 0.501333 0.499974
       0      0.5 0.488667     0.49
     0.2      0.5 0.336667 0.437373
     0.4      0.5 0.349333 0.448458
     0.6      0.5 0.356667 0.460608
     0.8      0.5    0.388  0.47458
     0.9      0.5 0.459333 0.482902
    0.95      0.5 0.485333 0.488072
    0.99      0.5 0.491333 0.495162
   0.999      0.5 0.496667 0.499343
  0.9999      0.5 0.501333 0.500021
       0      0.6 0.488667     0.49
     0.2      0.6    0.338 0.451725
     0.4      0.6 0.343333 0.460274
     0.6      0.6    0.354 0.469502
     0.8      0.6    0.418 0.479788
     0.9      0.6 0.473333 0.485823
    0.95      0.6     0.49 0.489727
    0.99      0.6 0.491333 0.495774
   0.999      0.6 0.496667 0.499457
  0.9999      0.6 0.501333 0.500022
       0      0.7 0.488667     0.49
     0.2      0.7 0.334667  0.46216
     0.4      0.7 0.343333 0.468626
     0.6      0.7    0.358 0.475509
     0.8      0.7 0.435333 0.483084
     0.9      0.7 0.483333  0.48759
    0.95      0.7 0.491333 0.490694
    0.99      0.7 0.491333 0.496094
   0.999      0.7 0.495333 0.499502
  0.9999      0.7 0.501333 0.500015
       0      0.8 0.488667     0.49
     0.2      0.8 0.334667 0.469229
     0.4      0.8     0.35 0.474185
     0.6      0.8 0.376667 0.479418
     0.8      0.8 0.450667 0.485166
     0.9      0.8     0.49 0.488683
    0.95      0.8 0.491333 0.491282
    0.99      0.8 0.491333 0.496275
   0.999      0.8 0.493333 0.499522
  0.9999      0.8 0.501333 0.500006
       0      0.9 0.488667     0.49
     0.2      0.9    0.344 0.474039
     0.4      0.9     0.36 0.477926
     0.6      0.9 0.380667 0.482014
     0.8      0.9 0.460667 0.486526
     0.9      0.9 0.491333 0.489389
    0.95      0.9 0.491333 0.491657
    0.99      0.9 0.491333 0.496383
   0.999      0.9    0.492 0.499531
  0.9999      0.9 0.501333 0.499998
       0        1 0.488667     0.49
     0.2        1 0.347333 0.477398
     0.4        1 0.363333 0.480519
     0.6        1 0.385333 0.483797
     0.8        1    0.468  0.48745
     0.9        1 0.491333 0.489865
    0.95        1 0.491333 0.491906
    0.99        1 0.491333 0.496451
   0.999        1 0.491333 0.499535
  0.9999        1 0.501333 0.499991
       0        2 0.488667     0.49
     0.2        2    0.366 0.487222
     0.4        2 0.386667 0.488006
     0.6        2    0.422 0.488872
     0.8        2 0.483333 0.490033
     0.9        2 0.491333 0.491174
    0.95        2 0.491333  0.49258
    0.99        2 0.491333 0.496614
   0.999        2 0.491333 0.499531
  0.9999        2 0.501333 0.499962
       0        4 0.488667     0.49
     0.2        4     0.37 0.489368
     0.4        4 0.392667 0.489621
     0.6        4     0.43 0.489951
     0.8        4    0.486 0.490572
     0.9        4 0.491333 0.491443
    0.95        4 0.491333 0.492714
    0.99        4 0.491333 0.496639
   0.999        4 0.491333 0.499526
  0.9999        4 0.491333 0.499953