       0     0.05 0.496667 0.496667
     0.2     0.05    0.324 0.330491
     0.4     0.05 0.323333 0.329159
     0.6     0.05 0.321333 0.331729
     0.8     0.05 0.320667 0.348772
     0.9     0.05 0.315333 0.376883
    0.95     0.05 0.332667 0.408176
    0.99     0.05 0.430667 0.465362
   0.999     0.05 0.440667 0.494582
  0.9999     0.05     0.41 0.499408
       0      0.1 0.496667 0.496667
     0.2      0.1 0.366667 0.389439
     0.4      0.1 0.380667 0.402079
     0.6      0.1    0.388 0.418607
     0.8      0.1    0.396 0.442153
     0.9      0.1 0.459333  0.46117
    0.95      0.1 0.466667 0.475229
    0.99      0.1 0.481333 0.492018
   0.999      0.1 0.496667 0.498827
  0.9999      0.1 0.496667 0.499873
       0     0.15 0.496667 0.496667
     0.2     0.15 0.427333 0.436318
     0.4     0.15 0.434667 0.444445
     0.6     0.15    0.472 0.454935
     0.8     0.15 0.483333 0.469926
     0.9     0.15 0.486667 0.480563
    0.95     0.15 0.493333 0.487569
    0.99     0.15    0.498 0.495642
   0.999     0.15    0.432 0.499275
  0.9999     0.15 0.496667  0.49992
       0      0.2 0.496667 0.496667
     0.2      0.2 0.485333 0.459072
     0.4      0.2    0.488   0.4641
     0.6      0.2 0.492667 0.470977
     0.8      0.2 0.495333 0.480584
     0.9      0.2    0.494 0.487271
    0.95      0.2 0.494667 0.491653
    0.99      0.2 0.482667 0.496712
   0.999      0.2 0.496667 0.499399
  0.9999      0.2 0.496667 0.499933
       0      0.3 0.496667 0.496667
     0.2      0.3 0.498667 0.474112
     0.4      0.3 0.499333 0.478002
     0.6      0.3      0.5 0.482677
     0.8      0.3 0.496667 0.488596
     0.9      0.3 0.490667 0.492365
    0.95      0.3 0.480667 0.494656
    0.99      0.3    0.414 0.497439
   0.999      0.3 0.496667 0.499485
  0.9999      0.3 0.496667 0.499942
       0      0.4 0.496667 0.496667
     0.2      0.4 0.503333 0.481489
     0.4      0.4    0.502 0.484562
     0.6      0.4 0.500667 0.488012
     0.8      0.4 0.495333 0.492018
     0.9      0.4 0.483333 0.494362
    0.95      0.4 0.465333  0.49575
    0.99      0.4 0.496667 0.497692
   0.999      0.4 0.496667 0.499519
  0.9999      0.4 0.496667 0.499946
       0      0.5 0.496667 0.496667
     0.2      0.5 0.504667  0.48621
     0.4      0.5 0.502667 0.488502
     0.6      0.5 0.498667 0.490986
     0.8      0.5 0.492667  0.49374
     0.9      0.5 0.479333   0.4953
    0.95      0.5     0.45 0.496244
    0.99      0.5 0.496667 0.497806
   0.999      0.5 0.496667 0.499536
  0.9999      0.5 0.496667 0.499947
       0      0.6 0.496667 0.496667
     0.2      0.6 0.501333 0.489169
     0.4      0.6      0.5 0.490886
     0.6      0.6    0.498  0.49271
     0.8      0.6     0.49 0.494685
     0.9      0.6 0.476667 0.495799
    0.95      0.6    0.442 0.496502
    0.99      0.6 0.496667 0.497866
   0.999      0.6 0.496667 0.499545
  0.9999      0.6 0.496667 0.499948
       0      0.7 0.496667 0.496667
     0.2      0.7      0.5 0.491073
     0.4      0.7 0.497333 0.492389
     0.6      0.7 0.494667  0.49377
     0.8      0.7 0.486667  0.49525
     0.9      0.7    0.476 0.496092
    0.95      0.7    0.438 0.496653
    0.99      0.7 0.496667 0.497901
   0.999      0.7 0.496667  0.49955
  0.9999      0.7 0.496667 0.499949
       0      0.8 0.496667 0.496667
     0.2      0.8 0.497333 0.492349
     0.4      0.8 0.497333 0.493384
     0.6      0.8 0.492667 0.494461
     0.8      0.8    0.486 0.495612
     0.9      0.8 0.471333 0.496278
    0.95      0.8 0.436667 0.496748
    0.99      0.8 0.496667 0.497923
   0.999      0.8 0.496667 0.499554
  0.9999      0.8 0.496667 0.499949
       0      0.9 0.496667 0.496667
     0.2      0.9 0.497333 0.493239
     0.4      0.9 0.494667 0.494072
     0.6      0.9    0.492 0.494935
     0.8      0.9 0.485333 0.495858
     0.9      0.9 0.469333 0.496403
    0.95      0.9 0.433333 0.496812
    0.99      0.9 0.496667 0.497938
   0.999      0.9 0.496667 0.499556
  0.9999      0.9 0.496667  0.49995
       0        1 0.496667 0.496667
     0.2        1 0.496667 0.493883
     0.4        1    0.496 0.494566
     0.6        1 0.491333 0.495274
     0.8        1    0.486 0.496031
     0.9        1 0.468667 0.496491
    0.95        1 0.428667 0.496857
    0.99        1 0.496667 0.497949
   0.999        1 0.496667 0.499558
  0.9999        1 0.496667  0.49995
       0        2 0.496667 0.496667
     0.2        2    0.498  0.49597
     0.4        2 0.497333 0.496153
     0.6        2 0.492667 0.496346
     0.8        2 0.481333 0.496576
     0.9        2 0.465333 0.496766
    0.95        2    0.414 0.496997
    0.99        2 0.496667 0.497982
   0.999        2 0.496667 0.499563
  0.9999        2 0.496667 0.499951
       0        4 0.496667 0.496667
     0.2        4 0.498667 0.496496
     0.4        4    0.498 0.496549
     0.6        4 0.493333 0.496612
     0.8        4 0.480667 0.496709
     0.9        4    0.464 0.496833
    0.95        4     0.41  0.49703
    0.99        4 0.496667  0.49799
   0.999        4 0.496667 0.499565
  0.9999        4 0.496667 0.499951