       0     0.05 0.493333 0.493333
       0      0.1 0.493333 0.493333
       0     0.15 0.493333 0.493333
       0      0.2 0.493333 0.493333
       0      0.3 0.493333 0.493333
       0      0.4 0.493333 0.493333
       0      0.5 0.493333 0.493333
       0      0.6 0.493333 0.493333
       0      0.7 0.493333 0.493333
       0      0.8 0.493333 0.493333
       0      0.9 0.493333 0.493333
       0        1 0.493333 0.493333
       0        2 0.493333 0.493333
       0        4 0.493333 0.493333
     0.2     0.05 0.493333 0.493333
     0.2      0.1    0.456 0.459074
     0.2     0.15     0.44 0.440369
     0.2      0.2 0.407333 0.420284
     0.2      0.3 0.358667 0.401593
     0.2      0.4 0.344667 0.411153
     0.2      0.5 0.331333 0.430418
     0.2      0.6 0.313333 0.447206
     0.2      0.7 0.307333 0.459029
     0.2      0.8 0.306667 0.467073
     0.2      0.9 0.307333 0.472656
     0.2        1    0.306 0.476654
     0.2        2 0.299333 0.489263
     0.2        4    0.302 0.492339
     0.4     0.05 0.493333 0.493333
     0.4      0.1    0.456  0.46269
     0.4     0.15 0.449333 0.451727
     0.4      0.2 0.425333 0.435603
     0.4      0.3    0.366 0.417508
     0.4      0.4 0.335333  0.42647
     0.4      0.5 0.328667 0.443427
     0.4      0.6 0.310667 0.457409
     0.4      0.7     0.31 0.466923
     0.4      0.8     0.31 0.473267
     0.4      0.9    0.306 0.477616
     0.4        1 0.307333 0.480704
     0.4        2    0.312 0.490314
     0.4        4 0.313333 0.492629
     0.6     0.05 0.493333 0.493333
     0.6      0.1    0.472 0.465386
     0.6     0.15    0.456 0.458155
     0.6      0.2 0.426667 0.446813
     0.6      0.3    0.382 0.433644
     0.6      0.4     0.34 0.443561
     0.6      0.5    0.328 0.457731
     0.6      0.6 0.322667 0.468368
     0.6      0.7    0.324 0.475262
     0.6      0.8    0.328 0.479739
     0.6      0.9 0.331333 0.482762
     0.6        1 0.330667 0.484888
     0.6        2 0.340667 0.491405
     0.6        4 0.343333 0.492955
     0.8     0.05 0.493333 0.493333
     0.8      0.1    0.474 0.467194
     0.8     0.15 0.450667  0.46213
     0.8      0.2 0.443333 0.456981
     0.8      0.3    0.394 0.453312
     0.8      0.4    0.366 0.464452
     0.8      0.5    0.362 0.474135
     0.8      0.6 0.358667 0.480422
     0.8      0.7 0.371333  0.48423
     0.8      0.8    0.382 0.486623
     0.8      0.9 0.386667 0.488209
     0.8        1 0.389333 0.489312
     0.8        2 0.411333 0.492636
     0.8        4 0.415333 0.493416
     0.9     0.05 0.493333 0.493333
     0.9      0.1    0.464 0.467155
     0.9     0.15    0.454 0.463157
     0.9      0.2 0.456667 0.463429
     0.9      0.3 0.411333 0.467034
     0.9      0.4 0.414667 0.477562
     0.9      0.5 0.430667  0.48363
     0.9      0.6 0.441333 0.487151
     0.9      0.7 0.452667 0.489189
     0.9      0.8 0.455333 0.490443
     0.9      0.9 0.460667 0.491265
     0.9        1 0.465333 0.491832
     0.9        2    0.476 0.493526
     0.9        4 0.479333  0.49392
    0.95     0.05 0.493333 0.493333
    0.95      0.1 0.466667  0.46597
    0.95     0.15 0.443333 0.463924
    0.95      0.2     0.44  0.46851
    0.95      0.3 0.434667 0.476565
    0.95      0.4 0.461333 0.485438
    0.95      0.5    0.478 0.489095
    0.95      0.6 0.486667 0.491046
    0.95      0.7 0.490667 0.492142
    0.95      0.8 0.493333 0.492807
    0.95      0.9 0.493333 0.493239
    0.95        1 0.493333 0.493536
    0.95        2 0.493333 0.494414
    0.95        4 0.493333 0.494616
    0.99     0.05 0.493333 0.493333
    0.99      0.1 0.450667 0.462214
    0.99     0.15 0.460667 0.467119
    0.99      0.2    0.458 0.477605
    0.99      0.3    0.462 0.488682
    0.99      0.4 0.492667 0.494003
    0.99      0.5 0.493333 0.495413
    0.99      0.6 0.493333 0.496065
    0.99      0.7 0.493333 0.496411
    0.99      0.8 0.493333 0.496613
    0.99      0.9 0.493333  0.49674
    0.99        1 0.493333 0.496825
    0.99        2 0.493333 0.497061
    0.99        4 0.493333 0.497112
   0.999     0.05 0.493333 0.493333
   0.999      0.1 0.464667 0.466098
   0.999     0.15 0.471333 0.472499
   0.999      0.2 0.473333  0.48567
   0.999      0.3    0.492 0.495762
   0.999      0.4 0.493333 0.498671
   0.999      0.5 0.493333  0.49916
   0.999      0.6 0.493333 0.499331
   0.999      0.7 0.493333 0.499408
   0.999      0.8 0.493333 0.499448
   0.999      0.9 0.493333 0.499472
   0.999        1 0.493333 0.499487
   0.999        2 0.493333 0.499526
   0.999        4 0.493333 0.499533
  0.9999     0.05 0.493333 0.493333
  0.9999      0.1 0.463333 0.465269
  0.9999     0.15    0.474 0.478486
  0.9999      0.2    0.478 0.489103
  0.9999      0.3 0.495333 0.498855
  0.9999      0.4 0.499333 0.499822
  0.9999      0.5      0.5 0.499905
  0.9999      0.6      0.5 0.499927
  0.9999      0.7      0.5 0.499936
  0.9999      0.8      0.5 0.499941
  0.9999      0.9      0.5 0.499944
  0.9999        1      0.5 0.499945
  0.9999        2 0.493333 0.499949
  0.9999        4 0.493333  0.49995