       0     0.05 0.473333 0.493333
     0.2     0.05 0.156667 0.170967
     0.4     0.05 0.156667 0.178438
     0.6     0.05 0.154667 0.192735
     0.8     0.05 0.157333 0.228022
     0.9     0.05    0.164  0.27684
    0.95     0.05 0.167333 0.334115
    0.99     0.05 0.255333 0.442876
   0.999     0.05 0.476667 0.491099
  0.9999     0.05     0.48 0.497084
       0      0.1 0.473333 0.493333
     0.2      0.1 0.153333 0.224623
     0.4      0.1 0.157333 0.247429
     0.6      0.1 0.164667  0.28178
     0.8      0.1 0.159333 0.342726
     0.9      0.1 0.182667 0.396985
    0.95      0.1 0.291333 0.437006
    0.99      0.1 0.468667 0.481428
   0.999      0.1 0.479333 0.495318
  0.9999      0.1     0.48 0.496974
       0     0.15 0.473333 0.493333
     0.2     0.15    0.146 0.295656
     0.4     0.15    0.152 0.323017
     0.6     0.15    0.168 0.359271
     0.8     0.15 0.222667 0.410702
     0.9     0.15 0.305333 0.445988
    0.95     0.15    0.404 0.467584
    0.99     0.15 0.473333 0.488991
   0.999     0.15     0.48 0.496107
  0.9999     0.15     0.48 0.497036
       0      0.2 0.473333 0.493333
     0.2      0.2 0.162667 0.355843
     0.4      0.2 0.185333 0.380259
     0.6      0.2 0.223333 0.409484
     0.8      0.2 0.291333  0.44545
     0.9      0.2      0.4  0.46706
    0.95      0.2 0.462667 0.479351
    0.99      0.2 0.473333 0.491662
   0.999      0.2     0.48 0.496465
  0.9999      0.2     0.48 0.497151
       0      0.3 0.473333 0.493333
     0.2      0.3     0.25 0.432073
     0.4      0.3    0.278 0.445358
     0.6      0.3     0.32 0.459602
     0.8      0.3    0.434 0.475009
     0.9      0.3 0.472667 0.483385
    0.95      0.3 0.473333 0.488104
    0.99      0.3 0.473333 0.493841
   0.999      0.3     0.48 0.497065
  0.9999      0.3     0.48 0.497582
       0      0.4 0.473333 0.493333
     0.2      0.4 0.311333 0.466284
     0.4      0.4     0.36 0.472436
     0.6      0.4 0.422667 0.478765
     0.8      0.4 0.470667 0.485349
     0.9      0.4 0.473333 0.488945
    0.95      0.4 0.473333 0.491184
    0.99      0.4 0.473333 0.494902
   0.999      0.4 0.478667 0.497643
  0.9999      0.4     0.48 0.498104
       0      0.5 0.473333 0.493333
     0.2      0.5     0.38 0.480375
     0.4      0.5 0.429333 0.483304
     0.6      0.5 0.461333 0.486277
     0.8      0.5 0.473333 0.489381
     0.9      0.5 0.473333 0.491196
    0.95      0.5 0.473333  0.49254
    0.99      0.5 0.473333 0.495543
   0.999      0.5 0.473333 0.498107
  0.9999      0.5     0.48 0.498546
       0      0.6 0.473333 0.493333
     0.2      0.6    0.432 0.486458
     0.4      0.6 0.457333  0.48797
     0.6      0.6 0.472667 0.489506
     0.8      0.6 0.473333 0.491162
     0.9      0.6 0.473333 0.492252
    0.95      0.6 0.473333 0.493236
    0.99      0.6 0.473333 0.495955
   0.999      0.6 0.473333 0.498444
  0.9999      0.6     0.48 0.498873
       0      0.7 0.473333 0.493333
     0.2      0.7 0.455333 0.489338
     0.4      0.7     0.47 0.490185
     0.6      0.7 0.473333 0.491058
     0.8      0.7 0.473333 0.492053
     0.9      0.7 0.473333 0.492816
    0.95      0.7 0.473333 0.493639
    0.99      0.7 0.473333 0.496231
   0.999      0.7 0.473333 0.498686
  0.9999      0.7     0.48 0.499109
       0      0.8 0.473333 0.493333
     0.2      0.8    0.468 0.490831
     0.4      0.8 0.473333 0.491343
     0.6      0.8 0.473333 0.491883
     0.8      0.8 0.473333 0.492549
     0.9      0.8 0.473333  0.49315
    0.95      0.8 0.473333 0.493893
    0.99      0.8 0.473333 0.496423
   0.999      0.8 0.473333 0.498859
  0.9999      0.8     0.48  0.49928
       0      0.9 0.473333 0.493333
     0.2      0.9 0.472667 0.491669
     0.4      0.9 0.473333 0.491999
     0.6      0.9 0.473333 0.492359
     0.8      0.9 0.473333 0.492849
     0.9      0.9 0.473333 0.493363
    0.95      0.9 0.473333 0.494063
    0.99      0.9 0.473333  0.49656
   0.999      0.9 0.473333 0.498987
  0.9999      0.9     0.48 0.499406
       0        1 0.473333 0.493333
     0.2        1 0.473333 0.492171
     0.4        1 0.473333 0.492396
     0.6        1 0.473333 0.492654
     0.8        1 0.473333 0.493043
     0.9        1 0.473333 0.493508
    0.95        1 0.473333 0.494184
    0.99        1 0.473333 0.496662
   0.999        1 0.473333 0.499083
  0.9999        1     0.48 0.499501
       0        2 0.473333 0.493333
     0.2        2 0.473333 0.493208
     0.4        2 0.473333 0.493252
     0.6        2 0.473333 0.493331
     0.8        2 0.473333 0.493545
     0.9        2 0.473333 0.493925
    0.95        2 0.473333 0.494559
    0.99        2 0.473333 0.497006
   0.999        2 0.473333 0.499415
  0.9999        2 0.473333 0.499831
       0        4 0.473333 0.493333
     0.2        4 0.473333 0.493328
     0.4        4 0.473333 0.493364
     0.6        4 0.473333 0.493435
     0.8        4 0.473333 0.493641
     0.9        4 0.473333 0.494018
    0.95        4 0.473333 0.494651
    0.99        4 0.473333 0.497097
   0.999        4 0.473333 0.499504
  0.9999        4 0.473333  0.49992