       0     0.05 0.823333 0.822222
     0.2     0.05 0.538667 0.529556
     0.4     0.05 0.531333 0.528111
     0.6     0.05 0.531333 0.527111
     0.8     0.05     0.53 0.524889
     0.9     0.05 0.528667 0.522667
    0.95     0.05     0.53 0.520444
    0.99     0.05 0.529333 0.519333
   0.999     0.05 0.530667 0.517111
  0.9999     0.05     0.53 0.516778
       0      0.1 0.823333 0.822222
     0.2      0.1 0.480667 0.481184
     0.4      0.1 0.480667 0.480198
     0.6      0.1 0.481333 0.480781
     0.8      0.1 0.481333 0.479487
     0.9      0.1 0.470667 0.473406
    0.95      0.1    0.472 0.471714
    0.99      0.1 0.471333 0.470515
   0.999      0.1    0.472 0.471355
  0.9999      0.1    0.472 0.471301
       0     0.15 0.823333 0.822222
     0.2     0.15    0.514 0.513256
     0.4     0.15 0.492667 0.494253
     0.6     0.15 0.479333 0.479385
     0.8     0.15     0.48 0.478278
     0.9     0.15 0.470667 0.472786
    0.95     0.15 0.469333 0.469804
    0.99     0.15 0.467333 0.467913
   0.999     0.15    0.468 0.467671
  0.9999     0.15    0.468 0.466785
       0      0.2 0.823333 0.822222
     0.2      0.2 0.521333 0.519254
     0.4      0.2    0.514 0.512551
     0.6      0.2 0.492667 0.497527
     0.8      0.2 0.480667 0.477762
     0.9      0.2 0.468667 0.471318
    0.95      0.2    0.468 0.467449
    0.99      0.2 0.465333 0.464166
   0.999      0.2 0.460667 0.456897
  0.9999      0.2 0.435333 0.439473
       0      0.3 0.823333 0.822222
     0.2      0.3 0.529333 0.532295
     0.4      0.3 0.534667 0.525467
     0.6      0.3    0.522 0.516463
     0.8      0.3 0.514667 0.501809
     0.9      0.3     0.48 0.476043
    0.95      0.3 0.460667 0.461696
    0.99      0.3     0.45 0.447857
   0.999      0.3    0.426 0.432776
  0.9999      0.3 0.418667 0.431492
       0      0.4 0.823333 0.822222
     0.2      0.4 0.543333 0.544027
     0.4      0.4 0.534667 0.535638
     0.6      0.4 0.527333 0.527121
     0.8      0.4 0.526667 0.512792
     0.9      0.4 0.493333 0.496113
    0.95      0.4 0.476667 0.480299
    0.99      0.4 0.470667 0.462102
   0.999      0.4    0.442 0.452547
  0.9999      0.4 0.449333 0.454106
       0      0.5 0.823333 0.822222
     0.2      0.5 0.556667 0.556096
     0.4      0.5 0.545333  0.54476
     0.6      0.5    0.536 0.535593
     0.8      0.5    0.516  0.51935
     0.9      0.5 0.502667 0.504658
    0.95      0.5    0.482 0.490169
    0.99      0.5 0.452667 0.468087
   0.999      0.5    0.446 0.458786
  0.9999      0.5 0.449333  0.47339
       0      0.6 0.823333 0.822222
     0.2      0.6    0.556 0.564133
     0.4      0.6 0.549333 0.552593
     0.6      0.6     0.54 0.542616
     0.8      0.6    0.524 0.526454
     0.9      0.6    0.506 0.509253
    0.95      0.6     0.49 0.494631
    0.99      0.6 0.445333 0.476437
   0.999      0.6 0.455333 0.513754
  0.9999      0.6 0.491333 0.611703
       0      0.7 0.823333 0.822222
     0.2      0.7 0.568667  0.57501
     0.4      0.7 0.550667 0.561736
     0.6      0.7 0.544667 0.550559
     0.8      0.7 0.530667 0.537213
     0.9      0.7 0.515333 0.525315
    0.95      0.7 0.491333 0.517678
    0.99      0.7    0.448 0.535959
   0.999      0.7 0.502667 0.631189
  0.9999      0.7 0.614667  0.73428
       0      0.8 0.823333 0.822222
     0.2      0.8 0.572667 0.587063
     0.4      0.8 0.557333 0.576372
     0.6      0.8 0.544667 0.565984
     0.8      0.8    0.538 0.557821
     0.9      0.8 0.527333 0.558198
    0.95      0.8 0.504667 0.568127
    0.99      0.8 0.529333 0.622573
   0.999      0.8    0.604 0.724733
  0.9999      0.8    0.754 0.801547
       0      0.9 0.823333 0.822222
     0.2      0.9    0.578 0.601331
     0.4      0.9 0.572667 0.595146
     0.6      0.9    0.556 0.590483
     0.8      0.9 0.542667 0.592333
     0.9      0.9     0.53  0.60526
    0.95      0.9    0.558 0.626958
    0.99      0.9 0.564667 0.693579
   0.999      0.9 0.715333 0.782212
  0.9999      0.9 0.831333 0.824626
       0        1 0.823333 0.822222
     0.2        1    0.584 0.617004
     0.4        1 0.579333 0.615931
     0.6        1 0.572667 0.618118
     0.8        1 0.559333 0.630796
     0.9        1    0.578 0.652355
    0.95        1 0.586667 0.678933
    0.99        1 0.634667 0.744126
   0.999        1    0.778 0.811382
  0.9999        1 0.833333 0.830555
       0        2 0.823333 0.822222
     0.2        2 0.617333 0.759967
     0.4        2    0.612 0.770112
     0.6        2 0.627333 0.782638
     0.8        2    0.712 0.799167
     0.9        2 0.771333 0.810204
    0.95        2     0.82 0.817311
    0.99        2 0.823333 0.826661
   0.999        2 0.828667 0.832247
  0.9999        2 0.833333 0.833216
       0        4 0.823333 0.822222
     0.2        4    0.802 0.812416
     0.4        4 0.821333 0.814774
     0.6        4 0.823333 0.817306
     0.8        4 0.823333 0.820186
     0.9        4 0.823333 0.822124
    0.95        4 0.823333 0.823833
    0.99        4 0.823333 0.828395
   0.999        4 0.833333 0.832533
  0.9999        4 0.833333 0.833248