       0     0.05     0.49     0.49
     0.2     0.05     0.49     0.49
     0.4     0.05     0.49     0.49
     0.6     0.05     0.49     0.49
     0.8     0.05     0.49     0.49
     0.9     0.05     0.49     0.49
    0.95     0.05     0.49     0.49
    0.99     0.05     0.49     0.49
   0.999     0.05     0.49     0.49
  0.9999     0.05     0.49     0.49
       0      0.1     0.49     0.49
     0.2      0.1    0.438 0.439868
     0.4      0.1     0.44 0.441496
     0.6      0.1 0.437333 0.443551
     0.8      0.1    0.446 0.447839
     0.9      0.1    0.452 0.451672
    0.95      0.1 0.455333  0.45461
    0.99      0.1    0.462 0.459142
   0.999      0.1 0.460667  0.45793
  0.9999      0.1    0.444 0.452975
       0     0.15     0.49     0.49
     0.2     0.15 0.439333 0.440124
     0.4     0.15 0.437333 0.443884
     0.6     0.15 0.439333 0.447934
     0.8     0.15 0.449333 0.453409
     0.9     0.15    0.456 0.456728
    0.95     0.15     0.46 0.458154
    0.99     0.15 0.454667 0.458275
   0.999     0.15    0.462  0.46215
  0.9999     0.15 0.466667 0.468336
       0      0.2     0.49     0.49
     0.2      0.2    0.426 0.432488
     0.4      0.2    0.428 0.441547
     0.6      0.2 0.439333 0.448249
     0.8      0.2    0.452  0.45496
     0.9      0.2    0.456 0.458665
    0.95      0.2 0.457333 0.461187
    0.99      0.2    0.456 0.466133
   0.999      0.2 0.465333 0.468861
  0.9999      0.2     0.48 0.474766
       0      0.3     0.49     0.49
     0.2      0.3 0.381333 0.422272
     0.4      0.3 0.387333 0.434878
     0.6      0.3 0.398667 0.447168
     0.8      0.3    0.418 0.461633
     0.9      0.3 0.453333 0.471704
    0.95      0.3 0.465333 0.479027
    0.99      0.3    0.494 0.489352
   0.999      0.3 0.490667 0.496791
  0.9999      0.3 0.498667 0.499419
       0      0.4     0.49     0.49
     0.2      0.4 0.367333 0.427031
     0.4      0.4 0.358667 0.439399
     0.6      0.4    0.374 0.453103
     0.8      0.4    0.418  0.46945
     0.9      0.4    0.476 0.479643
    0.95      0.4 0.485333 0.486049
    0.99      0.4     0.49 0.494238
   0.999      0.4 0.496667 0.498985
  0.9999      0.4      0.5 0.499885
       0      0.5     0.49     0.49
     0.2      0.5 0.343333 0.439189
     0.4      0.5 0.352667 0.449871
     0.6      0.5 0.361333 0.461693
     0.8      0.5 0.444667 0.475285
     0.9      0.5 0.480667 0.483366
    0.95      0.5 0.488667 0.488412
    0.99      0.5     0.49 0.495344
   0.999      0.5 0.498667 0.499292
  0.9999      0.5      0.5 0.499924
       0      0.6     0.49     0.49
     0.2      0.6    0.328 0.450718
     0.4      0.6 0.345333 0.459492
     0.6      0.6 0.369333 0.468992
     0.8      0.6 0.452667 0.479577
     0.9      0.6    0.488 0.485773
    0.95      0.6     0.49 0.489775
    0.99      0.6     0.49 0.495855
   0.999      0.6 0.498667 0.499402
  0.9999      0.6      0.5 0.499937
       0      0.7     0.49     0.49
     0.2      0.7    0.324 0.459582
     0.4      0.7    0.342 0.466654
     0.6      0.7 0.373333  0.47418
     0.8      0.7 0.460667 0.482431
     0.9      0.7 0.489333 0.487297
    0.95      0.7     0.49   0.4906
    0.99      0.7     0.49 0.496126
   0.999      0.7    0.498 0.499451
  0.9999      0.7      0.5 0.499943
       0      0.8     0.49     0.49
     0.2      0.8 0.321333 0.466051
     0.4      0.8 0.335333 0.471766
     0.6      0.8 0.376667 0.477787
     0.8      0.8 0.468667 0.484351
     0.9      0.8     0.49 0.488298
    0.95      0.8     0.49 0.491128
    0.99      0.8     0.49 0.496281
   0.999      0.8 0.494667 0.499477
  0.9999      0.8      0.5 0.499945
       0      0.9     0.49     0.49
     0.2      0.9 0.317333 0.470772
     0.4      0.9 0.335333 0.475447
     0.6      0.9 0.384667 0.480343
     0.8      0.9 0.473333 0.485687
     0.9      0.9     0.49 0.488985
    0.95      0.9     0.49 0.491484
    0.99      0.9     0.49 0.496378
   0.999      0.9 0.491333 0.499492
  0.9999      0.9      0.5 0.499947
       0        1     0.49     0.49
     0.2        1 0.319333 0.474273
     0.4        1 0.334667 0.478152
     0.6        1 0.386667 0.482204
     0.8        1 0.476667 0.486649
     0.9        1     0.49 0.489475
    0.95        1     0.49 0.491735
    0.99        1     0.49 0.496441
   0.999        1 0.490667 0.499501
  0.9999        1      0.5 0.499948
       0        2     0.49     0.49
     0.2        2 0.313333 0.486011
     0.4        2     0.34 0.487094
     0.6        2 0.397333 0.488262
     0.8        2 0.482667 0.489726
     0.9        2     0.49 0.491023
    0.95        2     0.49  0.49251
    0.99        2     0.49 0.496605
   0.999        2     0.49 0.499521
  0.9999        2      0.5  0.49995
       0        4     0.49     0.49
     0.2        4    0.318 0.489037
     0.4        4 0.341333 0.489371
     0.6        4 0.401333 0.489785
     0.8        4 0.482667 0.490488
     0.9        4     0.49 0.491401
    0.95        4     0.49 0.492694
    0.99        4     0.49 0.496636
   0.999        4     0.49 0.499523
  0.9999        4     0.49  0.49995