       0     0.05 0.473333 0.493333
     0.2     0.05 0.197333 0.219775
     0.4     0.05    0.202 0.228218
     0.6     0.05 0.204667 0.241424
     0.8     0.05    0.224 0.271257
     0.9     0.05 0.257333 0.310997
    0.95     0.05    0.272 0.356925
    0.99     0.05 0.294667 0.447207
   0.999     0.05    0.446 0.491751
  0.9999     0.05     0.48 0.497831
       0      0.1 0.473333 0.493333
     0.2      0.1    0.224 0.270524
     0.4      0.1 0.246667 0.289041
     0.6      0.1 0.270667 0.316441
     0.8      0.1     0.28 0.364851
     0.9      0.1 0.286667 0.408875
    0.95      0.1      0.3 0.442575
    0.99      0.1 0.359333 0.482518
   0.999      0.1 0.477333  0.49615
  0.9999      0.1     0.48 0.497811
       0     0.15 0.473333 0.493333
     0.2     0.15 0.271333 0.331099
     0.4     0.15 0.272667 0.352342
     0.6     0.15 0.279333 0.380844
     0.8     0.15 0.288667 0.422162
     0.9     0.15 0.323333 0.451384
    0.95     0.15 0.359333 0.469968
    0.99     0.15 0.473333 0.489728
   0.999     0.15     0.48  0.49672
  0.9999     0.15     0.48 0.497631
       0      0.2 0.473333 0.493333
     0.2      0.2    0.286 0.382409
     0.4      0.2 0.291333 0.401082
     0.6      0.2 0.298667 0.423827
     0.8      0.2 0.331333 0.452413
     0.9      0.2    0.368 0.470174
    0.95      0.2 0.369333   0.4808
    0.99      0.2 0.473333 0.492266
   0.999      0.2     0.48  0.49696
  0.9999      0.2     0.48 0.497626
       0      0.3 0.473333 0.493333
     0.2      0.3 0.335333 0.446124
     0.4      0.3    0.346 0.455791
     0.6      0.3    0.366 0.466267
     0.8      0.3 0.367333 0.477979
     0.9      0.3    0.378 0.484778
    0.95      0.3 0.473333 0.488888
    0.99      0.3 0.473333 0.494292
   0.999      0.3 0.479333 0.497439
  0.9999      0.3     0.48 0.497941
       0      0.4 0.473333 0.493333
     0.2      0.4 0.381333   0.4734
     0.4      0.4 0.390667 0.477525
     0.6      0.4 0.384667 0.481906
     0.8      0.4 0.362667 0.486781
     0.9      0.4 0.461333 0.489703
    0.95      0.4 0.473333 0.491682
    0.99      0.4 0.473333 0.495246
   0.999      0.4    0.474 0.497937
  0.9999      0.4     0.48 0.498388
       0      0.5 0.473333 0.493333
     0.2      0.5 0.403333 0.484077
     0.4      0.5      0.4  0.48591
     0.6      0.5 0.379333 0.487888
     0.8      0.5    0.392 0.490163
     0.9      0.5 0.473333 0.491659
    0.95      0.5 0.473333 0.492878
    0.99      0.5 0.473333 0.495806
   0.999      0.5 0.473333 0.498337
  0.9999      0.5     0.48 0.498768
       0      0.6 0.473333 0.493333
     0.2      0.6 0.410667 0.488524
     0.4      0.6 0.401333 0.489423
     0.6      0.6    0.382 0.490421
     0.8      0.6 0.424667 0.491638
     0.9      0.6 0.473333 0.492561
    0.95      0.6 0.473333 0.493478
    0.99      0.6 0.473333 0.496157
   0.999      0.6 0.473333 0.498624
  0.9999      0.6     0.48 0.499048
       0      0.7 0.473333 0.493333
     0.2      0.7 0.417333 0.490581
     0.4      0.7 0.401333 0.491067
     0.6      0.7    0.386 0.491627
     0.8      0.7 0.439333 0.492369
     0.9      0.7 0.473333 0.493036
    0.95      0.7 0.473333  0.49382
    0.99      0.7 0.473333  0.49639
   0.999      0.7 0.473333 0.498828
  0.9999      0.7     0.48 0.499248
       0      0.8 0.473333 0.493333
     0.2      0.8 0.418667 0.491631
     0.4      0.8    0.406 0.491917
     0.6      0.8    0.384 0.492263
     0.8      0.8 0.453333 0.492773
     0.9      0.8 0.473333 0.493314
    0.95      0.8 0.473333 0.494033
    0.99      0.8 0.473333 0.496549
   0.999      0.8 0.473333 0.498974
  0.9999      0.8     0.48 0.499392
       0      0.9 0.473333 0.493333
     0.2      0.9 0.420667 0.492214
     0.4      0.9 0.405333 0.492396
     0.6      0.9 0.382667 0.492629
     0.8      0.9 0.459333 0.493016
     0.9      0.9 0.473333  0.49349
    0.95      0.9 0.473333 0.494175
    0.99      0.9 0.473333 0.496663
   0.999      0.9 0.473333 0.499081
  0.9999      0.9     0.48 0.499497
       0        1 0.473333 0.493333
     0.2        1    0.424  0.49256
     0.4        1    0.406 0.492684
     0.6        1 0.385333 0.492854
     0.8        1 0.464667 0.493172
     0.9        1 0.473333 0.493609
    0.95        1 0.473333 0.494275
    0.99        1 0.473333 0.496747
   0.999        1 0.473333  0.49916
  0.9999        1     0.48 0.499577
       0        2 0.473333 0.493333
     0.2        2 0.430667 0.493262
     0.4        2 0.412667 0.493296
     0.6        2    0.382 0.493366
     0.8        2 0.472667 0.493572
     0.9        2 0.473333 0.493949
    0.95        2 0.473333 0.494583
    0.99        2 0.473333 0.497029
   0.999        2 0.473333 0.499436
  0.9999        2 0.473333 0.499851
       0        4 0.473333 0.493333
     0.2        4 0.434667 0.493339
     0.4        4 0.411333 0.493373
     0.6        4 0.383333 0.493443
     0.8        4 0.473333 0.493648
     0.9        4 0.473333 0.494024
    0.95        4 0.473333 0.494657
    0.99        4 0.473333 0.497103
   0.999        4 0.473333  0.49951
  0.9999        4 0.473333 0.499925