       0     0.05    0.492 0.493333
     0.2     0.05    0.492 0.493333
     0.4     0.05    0.492 0.493333
     0.6     0.05    0.492 0.493333
     0.8     0.05    0.492 0.493333
     0.9     0.05    0.492 0.493333
    0.95     0.05    0.492 0.493333
    0.99     0.05    0.492 0.493333
   0.999     0.05    0.492 0.493333
  0.9999     0.05    0.492 0.493333
       0      0.1    0.492 0.493333
     0.2      0.1 0.437333 0.440707
     0.4      0.1 0.446667  0.44476
     0.6      0.1     0.45 0.447026
     0.8      0.1 0.446667 0.448479
     0.9      0.1    0.452 0.450882
    0.95      0.1 0.453333 0.452869
    0.99      0.1 0.452667 0.454282
   0.999      0.1    0.454 0.454189
  0.9999      0.1 0.449333 0.450083
       0     0.15    0.492 0.493333
     0.2     0.15    0.432 0.434607
     0.4     0.15 0.432667 0.439909
     0.6     0.15 0.436667 0.443893
     0.8     0.15    0.448 0.447419
     0.9     0.15 0.451333 0.448889
    0.95     0.15 0.444667 0.449214
    0.99     0.15 0.440667 0.449895
   0.999     0.15 0.438667 0.458298
  0.9999     0.15    0.472 0.471963
       0      0.2    0.492 0.493333
     0.2      0.2 0.421333 0.428734
     0.4      0.2 0.428667 0.435768
     0.6      0.2    0.428 0.440228
     0.8      0.2 0.433333 0.444813
     0.9      0.2    0.434 0.448352
    0.95      0.2 0.433333 0.452028
    0.99      0.2    0.434 0.462447
   0.999      0.2    0.458  0.47515
  0.9999      0.2 0.488667  0.48492
       0      0.3    0.492 0.493333
     0.2      0.3 0.387333 0.415402
     0.4      0.3 0.392667 0.427445
     0.6      0.3    0.406 0.438934
     0.8      0.3 0.411333  0.45335
     0.9      0.3    0.428 0.464839
    0.95      0.3 0.434667 0.474158
    0.99      0.3 0.465333 0.488326
   0.999      0.3 0.488667 0.497089
  0.9999      0.3 0.496667 0.499603
       0      0.4    0.492 0.493333
     0.2      0.4    0.364   0.4221
     0.4      0.4 0.363333 0.435144
     0.6      0.4 0.384667 0.449698
     0.8      0.4     0.42 0.467484
     0.9      0.4 0.461333 0.478882
    0.95      0.4 0.483333  0.48608
    0.99      0.4 0.492667 0.494673
   0.999      0.4 0.497333 0.499214
  0.9999      0.4 0.501333 0.500068
       0      0.5    0.492 0.493333
     0.2      0.5 0.356667 0.438489
     0.4      0.5    0.364 0.449678
     0.6      0.5 0.378667 0.461999
     0.8      0.5 0.437333 0.476244
     0.9      0.5 0.477333 0.484712
    0.95      0.5     0.49 0.489789
    0.99      0.5 0.494667 0.495985
   0.999      0.5      0.5 0.499483
  0.9999      0.5 0.501333 0.500085
       0      0.6    0.492 0.493333
     0.2      0.6 0.359333  0.45383
     0.4      0.6 0.359333 0.462475
     0.6      0.6 0.383333 0.471815
     0.8      0.6 0.447333 0.482209
     0.9      0.6    0.486 0.488145
    0.95      0.6 0.493333 0.491696
    0.99      0.6 0.494667 0.496511
   0.999      0.6    0.498 0.499553
  0.9999      0.6 0.501333 0.500065
       0      0.7    0.492 0.493333
     0.2      0.7 0.353333 0.465032
     0.4      0.7 0.369333 0.471526
     0.6      0.7    0.382 0.478416
     0.8      0.7 0.461333 0.485896
     0.9      0.7 0.492667 0.490118
    0.95      0.7 0.494667 0.492731
    0.99      0.7 0.494667 0.496766
   0.999      0.7    0.496 0.499573
  0.9999      0.7 0.501333 0.500045
       0      0.8    0.492 0.493333
     0.2      0.8 0.360667 0.472568
     0.4      0.8     0.37 0.477477
     0.6      0.8    0.396 0.482622
     0.8      0.8 0.470667 0.488144
     0.9      0.8    0.494 0.491283
    0.95      0.8 0.494667 0.493327
    0.99      0.8 0.494667 0.496901
   0.999      0.8 0.495333 0.499578
  0.9999      0.8 0.501333 0.500028
       0      0.9    0.492 0.493333
     0.2      0.9    0.364 0.477614
     0.4      0.9 0.379333 0.481404
     0.6      0.9 0.403333 0.485349
     0.8      0.9 0.477333 0.489567
     0.9      0.9 0.494667 0.492009
    0.95      0.9 0.494667 0.493692
    0.99      0.9 0.494667 0.496978
   0.999      0.9 0.494667 0.499577
  0.9999      0.9 0.501333 0.500015
       0        1    0.492 0.493333
     0.2        1 0.365333 0.481076
     0.4        1 0.382667 0.484073
     0.6        1 0.412667 0.487182
     0.8        1    0.482 0.490511
     0.9        1 0.494667 0.492486
    0.95        1 0.494667  0.49393
    0.99        1 0.494667 0.497025
   0.999        1 0.494667 0.499574
  0.9999        1 0.501333 0.500004
       0        2    0.492 0.493333
     0.2        2 0.386667  0.49075
     0.4        2 0.398667 0.491436
     0.6        2 0.437333 0.492161
     0.8        2    0.492 0.493026
     0.9        2 0.494667 0.493735
    0.95        2 0.494667 0.494536
    0.99        2 0.494667 0.497117
   0.999        2 0.494667 0.499549
  0.9999        2 0.501333 0.499965
       0        4    0.492 0.493333
     0.2        4 0.391333 0.492737
     0.4        4     0.41 0.492929
     0.6        4    0.442 0.493157
     0.8        4    0.494 0.493519
     0.9        4 0.494667 0.493975
    0.95        4 0.494667 0.494648
    0.99        4 0.494667 0.497126
   0.999        4 0.494667 0.499538
  0.9999        4 0.494667 0.499954