       0     0.05 0.493333 0.493333
     0.2     0.05    0.266 0.298065
     0.4     0.05 0.257333 0.304051
     0.6     0.05    0.252 0.317146
     0.8     0.05    0.266 0.348788
     0.9     0.05 0.284667 0.386847
    0.95     0.05 0.329333 0.423618
    0.99     0.05 0.482667  0.47746
   0.999     0.05 0.461333 0.497323
  0.9999     0.05      0.5 0.499726
       0      0.1 0.493333 0.493333
     0.2      0.1    0.304 0.411414
     0.4      0.1 0.314667 0.423965
     0.6      0.1    0.336 0.440458
     0.8      0.1    0.386  0.46292
     0.9      0.1 0.435333 0.477746
    0.95      0.1    0.458   0.4866
    0.99      0.1 0.512667 0.495713
   0.999      0.1 0.493333 0.499414
  0.9999      0.1      0.5 0.499939
       0     0.15 0.493333 0.493333
     0.2     0.15 0.372667 0.468839
     0.4     0.15 0.391333 0.474728
     0.6     0.15 0.420667 0.481335
     0.8     0.15    0.446 0.488548
     0.9     0.15 0.447333 0.492197
    0.95     0.15     0.45 0.494124
    0.99     0.15 0.510667 0.497187
   0.999     0.15 0.493333 0.499559
  0.9999     0.15      0.5 0.499953
       0      0.2 0.493333 0.493333
     0.2      0.2    0.442 0.490459
     0.4      0.2 0.451333 0.492139
     0.6      0.2 0.455333 0.493642
     0.8      0.2    0.452 0.494697
     0.9      0.2 0.454667 0.494989
    0.95      0.2    0.454  0.49534
    0.99      0.2 0.529333 0.497374
   0.999      0.2 0.493333 0.499575
  0.9999      0.2      0.5 0.499955
       0      0.3 0.493333 0.493333
     0.2      0.3    0.478 0.498515
     0.4      0.3 0.478667 0.497714
     0.6      0.3 0.479333  0.49674
     0.8      0.3 0.480667 0.495588
     0.9      0.3    0.478  0.49512
    0.95      0.3 0.469333 0.495285
    0.99      0.3 0.493333 0.497328
   0.999      0.3 0.493333 0.499568
  0.9999      0.3 0.493333 0.499954
       0      0.4 0.493333 0.493333
     0.2      0.4    0.488  0.49717
     0.4      0.4 0.485333 0.496431
     0.6      0.4    0.488 0.495633
     0.8      0.4 0.487333 0.494851
     0.9      0.4    0.484 0.494684
    0.95      0.4 0.473333 0.495039
    0.99      0.4 0.493333  0.49726
   0.999      0.4 0.493333 0.499559
  0.9999      0.4 0.493333 0.499953
       0      0.5 0.493333 0.493333
     0.2      0.5 0.489333  0.49587
     0.4      0.5 0.489333 0.495358
     0.6      0.5 0.488667 0.494837
     0.8      0.5 0.489333   0.4944
     0.9      0.5 0.488667 0.494438
    0.95      0.5 0.474667 0.494904
    0.99      0.5 0.493333 0.497219
   0.999      0.5 0.493333 0.499552
  0.9999      0.5 0.493333 0.499952
       0      0.6 0.493333 0.493333
     0.2      0.6 0.490667  0.49508
     0.4      0.6     0.49 0.494726
     0.6      0.6 0.491333 0.494385
     0.8      0.6     0.49 0.494154
     0.9      0.6 0.490667 0.494306
    0.95      0.6 0.475333 0.494831
    0.99      0.6 0.493333 0.497194
   0.999      0.6 0.493333 0.499548
  0.9999      0.6 0.493333 0.499952
       0      0.7 0.493333 0.493333
     0.2      0.7 0.490667 0.494599
     0.4      0.7 0.490667 0.494348
     0.6      0.7 0.490667 0.494119
     0.8      0.7     0.49 0.494012
     0.9      0.7 0.491333  0.49423
    0.95      0.7 0.474667 0.494789
    0.99      0.7 0.493333 0.497177
   0.999      0.7 0.493333 0.499545
  0.9999      0.7 0.493333 0.499952
       0      0.8 0.493333 0.493333
     0.2      0.8     0.49 0.494292
     0.4      0.8 0.489333 0.494108
     0.6      0.8 0.489333 0.493952
     0.8      0.8     0.49 0.493924
     0.9      0.8    0.492 0.494184
    0.95      0.8    0.474 0.494762
    0.99      0.8 0.493333 0.497166
   0.999      0.8 0.493333 0.499543
  0.9999      0.8 0.493333 0.499951
       0      0.9 0.493333 0.493333
     0.2      0.9    0.492 0.494085
     0.4      0.9 0.490667 0.493948
     0.6      0.9    0.488 0.493842
     0.8      0.9 0.490667 0.493866
     0.9      0.9 0.491333 0.494153
    0.95      0.9    0.476 0.494744
    0.99      0.9 0.493333 0.497159
   0.999      0.9 0.493333 0.499541
  0.9999      0.9 0.493333 0.499951
       0        1 0.493333 0.493333
     0.2        1 0.492667  0.49394
     0.4        1 0.489333 0.493836
     0.6        1 0.488667 0.493765
     0.8        1 0.491333 0.493826
     0.9        1 0.491333 0.494131
    0.95        1 0.476667 0.494732
    0.99        1 0.493333 0.497153
   0.999        1 0.493333  0.49954
  0.9999        1 0.493333 0.499951
       0        2 0.493333 0.493333
     0.2        2    0.494 0.493496
     0.4        2    0.492 0.493498
     0.6        2 0.489333 0.493535
     0.8        2 0.491333 0.493707
     0.9        2 0.489333 0.494068
    0.95        2 0.475333 0.494694
    0.99        2 0.493333 0.497134
   0.999        2 0.493333 0.499536
  0.9999        2 0.493333 0.499951
       0        4 0.493333 0.493333
     0.2        4 0.492667  0.49339
     0.4        4 0.492667 0.493418
     0.6        4 0.489333 0.493482
     0.8        4     0.49  0.49368
     0.9        4 0.489333 0.494053
    0.95        4    0.476 0.494685
    0.99        4 0.493333 0.497129
   0.999        4 0.493333 0.499535
  0.9999        4 0.493333  0.49995