       0     0.05 0.816667 0.816667
     0.2     0.05    0.362 0.375667
     0.4     0.05    0.362    0.373
     0.6     0.05    0.362    0.373
     0.8     0.05 0.360667    0.373
     0.9     0.05     0.36 0.373111
    0.95     0.05     0.36 0.373111
    0.99     0.05     0.36 0.373333
   0.999     0.05 0.357333 0.371111
  0.9999     0.05 0.355333 0.371111
       0      0.1 0.816667 0.816667
     0.2      0.1    0.264  0.26348
     0.4      0.1    0.264 0.263461
     0.6      0.1 0.266667 0.265746
     0.8      0.1 0.267333 0.266334
     0.9      0.1 0.266667  0.26441
    0.95      0.1 0.258667 0.262221
    0.99      0.1 0.265333  0.26421
   0.999      0.1 0.266667 0.265229
  0.9999      0.1 0.268667 0.268523
       0     0.15 0.816667 0.816667
     0.2     0.15    0.266 0.266428
     0.4     0.15 0.264667  0.26532
     0.6     0.15 0.263333 0.263868
     0.8     0.15 0.266667 0.266336
     0.9     0.15     0.27 0.265507
    0.95     0.15 0.264667 0.264397
    0.99     0.15 0.264667 0.265554
   0.999     0.15 0.265333 0.263496
  0.9999     0.15 0.267333 0.262929
       0      0.2 0.816667 0.816667
     0.2      0.2 0.279333 0.278868
     0.4      0.2 0.266667 0.266001
     0.6      0.2 0.265333 0.265655
     0.8      0.2 0.265333 0.264808
     0.9      0.2    0.266 0.262042
    0.95      0.2 0.256667 0.258474
    0.99      0.2 0.252667 0.254552
   0.999      0.2 0.268667  0.25982
  0.9999      0.2     0.25 0.250007
       0      0.3 0.816667 0.816667
     0.2      0.3    0.312 0.312889
     0.4      0.3 0.291333 0.289317
     0.6      0.3 0.271333 0.272596
     0.8      0.3 0.262667 0.259057
     0.9      0.3 0.265333 0.254726
    0.95      0.3 0.253333 0.249743
    0.99      0.3 0.247333 0.244174
   0.999      0.3    0.238 0.241008
  0.9999      0.3    0.232 0.234032
       0      0.4 0.816667 0.816667
     0.2      0.4    0.358 0.356526
     0.4      0.4    0.312 0.319379
     0.6      0.4    0.292 0.292869
     0.8      0.4    0.268 0.268286
     0.9      0.4 0.259333 0.254564
    0.95      0.4 0.244667 0.247965
    0.99      0.4 0.230667 0.246197
   0.999      0.4 0.228667 0.254502
  0.9999      0.4 0.257333 0.280508
       0      0.5 0.816667 0.816667
     0.2      0.5    0.384 0.381761
     0.4      0.5 0.356667 0.354654
     0.6      0.5 0.314667 0.321641
     0.8      0.5 0.289333 0.289097
     0.9      0.5 0.263333 0.271901
    0.95      0.5 0.253333 0.265237
    0.99      0.5    0.246 0.271264
   0.999      0.5    0.242 0.302797
  0.9999      0.5 0.328667 0.365191
       0      0.6 0.816667 0.816667
     0.2      0.6 0.392667 0.397865
     0.4      0.6 0.376667 0.377866
     0.6      0.6 0.353333 0.354454
     0.8      0.6 0.301333 0.322663
     0.9      0.6    0.286 0.305388
    0.95      0.6 0.274667 0.300169
    0.99      0.6 0.257333 0.322206
   0.999      0.6 0.334667 0.414372
  0.9999      0.6    0.508 0.576967
       0      0.7 0.816667 0.816667
     0.2      0.7    0.396 0.413257
     0.4      0.7 0.380667 0.397029
     0.6      0.7 0.371333  0.38159
     0.8      0.7 0.335333 0.363653
     0.9      0.7 0.310667 0.356888
    0.95      0.7 0.284667 0.362976
    0.99      0.7    0.322 0.426153
   0.999      0.7    0.496 0.603694
  0.9999      0.7    0.662 0.752865
       0      0.8 0.816667 0.816667
     0.2      0.8 0.407333 0.431088
     0.4      0.8 0.388667 0.419183
     0.6      0.8 0.375333 0.410753
     0.8      0.8 0.366667 0.408828
     0.9      0.8     0.35 0.421563
    0.95      0.8    0.354 0.449693
    0.99      0.8 0.456667 0.565405
   0.999      0.8    0.602 0.735435
  0.9999      0.8      0.7 0.811123
       0      0.9 0.816667 0.816667
     0.2      0.9    0.416 0.451896
     0.4      0.9 0.396667 0.447388
     0.6      0.9    0.388 0.448519
     0.8      0.9 0.381333  0.46567
     0.9      0.9 0.389333 0.499996
    0.95      0.9 0.437333 0.548757
    0.99      0.9 0.492667 0.678492
   0.999      0.9 0.670667 0.793959
  0.9999      0.9    0.778 0.827374
       0        1 0.816667 0.816667
     0.2        1 0.420667 0.477183
     0.4        1 0.411333 0.481327
     0.6        1    0.404 0.493831
     0.8        1     0.41 0.530157
     0.9        1 0.450667  0.58051
    0.95        1 0.488667 0.636643
    0.99        1 0.573333 0.746494
   0.999        1    0.704 0.817308
  0.9999        1 0.832667  0.83146
       0        2 0.816667 0.816667
     0.2        2 0.558667 0.746324
     0.4        2 0.582667 0.760455
     0.6        2 0.598667 0.776505
     0.8        2    0.624 0.795521
     0.9        2    0.682 0.807256
    0.95        2    0.698 0.814919
    0.99        2 0.704667  0.82616
   0.999        2 0.816667 0.832334
  0.9999        2     0.83 0.833229
       0        4 0.816667 0.816667
     0.2        4 0.689333 0.809087
     0.4        4 0.685333 0.811065
     0.6        4 0.721333 0.813216
     0.8        4    0.704 0.815894
     0.9        4 0.732667 0.818178
    0.95        4 0.816667 0.820711
    0.99        4 0.816667 0.827591
   0.999        4 0.816667 0.832518
  0.9999        4     0.83 0.833248