       0     0.05 0.823333 0.822222
     0.2     0.05    0.484 0.470778
     0.4     0.05 0.479333 0.468222
     0.6     0.05 0.478667 0.466778
     0.8     0.05 0.478667 0.460889
     0.9     0.05 0.478667 0.458889
    0.95     0.05 0.478667 0.457889
    0.99     0.05 0.478667 0.456444
   0.999     0.05 0.478667    0.455
  0.9999     0.05 0.478667    0.455
       0      0.1 0.823333 0.822222
     0.2      0.1    0.414 0.413997
     0.4      0.1 0.413333 0.410981
     0.6      0.1 0.401333 0.401237
     0.8      0.1 0.400667 0.402292
     0.9      0.1 0.410667 0.409013
    0.95      0.1 0.417333 0.415019
    0.99      0.1 0.421333 0.420646
   0.999      0.1 0.423333 0.422957
  0.9999      0.1 0.423333 0.421276
       0     0.15 0.823333 0.822222
     0.2     0.15 0.425333 0.425685
     0.4     0.15 0.415333 0.418345
     0.6     0.15    0.414 0.413129
     0.8     0.15 0.400667 0.405174
     0.9     0.15 0.407333 0.410187
    0.95     0.15 0.418667 0.416193
    0.99     0.15    0.418 0.418748
   0.999     0.15    0.418 0.418343
  0.9999     0.15    0.418 0.415922
       0      0.2 0.823333 0.822222
     0.2      0.2 0.429333 0.430153
     0.4      0.2    0.422 0.426182
     0.6      0.2    0.424 0.422911
     0.8      0.2 0.402667 0.408442
     0.9      0.2 0.401333 0.406311
    0.95      0.2 0.409333 0.406234
    0.99      0.2 0.410667 0.406682
   0.999      0.2    0.408 0.397907
  0.9999      0.2    0.386 0.372198
       0      0.3 0.823333 0.822222
     0.2      0.3    0.454 0.454274
     0.4      0.3 0.433333 0.435486
     0.6      0.3 0.428667 0.429428
     0.8      0.3    0.418 0.416766
     0.9      0.3 0.392667 0.399601
    0.95      0.3    0.386 0.390412
    0.99      0.3 0.361333 0.374219
   0.999      0.3    0.316 0.341054
  0.9999      0.3 0.331333 0.343989
       0      0.4 0.823333 0.822222
     0.2      0.4 0.468667 0.470122
     0.4      0.4    0.454 0.455688
     0.6      0.4 0.435333  0.43865
     0.8      0.4 0.427333 0.425904
     0.9      0.4 0.420667  0.41393
    0.95      0.4    0.404 0.400428
    0.99      0.4 0.350667 0.369562
   0.999      0.4    0.362 0.371224
  0.9999      0.4 0.370667 0.387356
       0      0.5 0.823333 0.822222
     0.2      0.5 0.474667 0.475598
     0.4      0.5 0.464667 0.464368
     0.6      0.5 0.453333 0.450868
     0.8      0.5 0.431333  0.43186
     0.9      0.5 0.427333 0.422397
    0.95      0.5 0.405333  0.41226
    0.99      0.5 0.375333 0.389996
   0.999      0.5 0.365333 0.394503
  0.9999      0.5 0.377333 0.414463
       0      0.6 0.823333 0.822222
     0.2      0.6 0.479333 0.481438
     0.4      0.6 0.467333 0.468614
     0.6      0.6 0.456667 0.456684
     0.8      0.6 0.439333 0.441183
     0.9      0.6 0.415333 0.429732
    0.95      0.6    0.412 0.421386
    0.99      0.6 0.360667 0.410182
   0.999      0.6 0.366667 0.455138
  0.9999      0.6 0.460667 0.559139
       0      0.7 0.823333 0.822222
     0.2      0.7 0.482667 0.487323
     0.4      0.7    0.468  0.47572
     0.6      0.7    0.454  0.46494
     0.8      0.7 0.447333 0.455386
     0.9      0.7 0.420667 0.449012
    0.95      0.7 0.410667 0.446844
    0.99      0.7    0.368 0.472766
   0.999      0.7    0.434 0.579984
  0.9999      0.7 0.576667 0.704782
       0      0.8 0.823333 0.822222
     0.2      0.8     0.48 0.496981
     0.4      0.8    0.468  0.48745
     0.6      0.8 0.455333 0.480884
     0.8      0.8     0.44 0.479867
     0.9      0.8 0.434667 0.487029
    0.95      0.8 0.423333 0.501731
    0.99      0.8 0.418667 0.566659
   0.999      0.8    0.538 0.691692
  0.9999      0.8 0.701333 0.791187
       0      0.9 0.823333 0.822222
     0.2      0.9    0.482 0.512376
     0.4      0.9 0.471333 0.506964
     0.6      0.9 0.457333 0.506295
     0.8      0.9 0.453333 0.516705
     0.9      0.9     0.46 0.537681
    0.95      0.9 0.460667 0.566892
    0.99      0.9    0.488 0.651958
   0.999      0.9 0.642667 0.765624
  0.9999      0.9 0.798667 0.821469
       0        1 0.823333 0.822222
     0.2        1 0.475333 0.532979
     0.4        1 0.468667 0.533173
     0.6        1 0.460667 0.539709
     0.8        1 0.466667 0.561931
     0.9        1 0.474667 0.593639
    0.95        1     0.49 0.630594
    0.99        1    0.526 0.717253
   0.999        1    0.678 0.804571
  0.9999        1    0.832 0.829587
       0        2 0.823333 0.822222
     0.2        2    0.558 0.745148
     0.4        2    0.568 0.758024
     0.6        2    0.574 0.773798
     0.8        2    0.642 0.794254
     0.9        2 0.694667 0.807583
    0.95        2 0.819333 0.815932
    0.99        2 0.823333 0.826352
   0.999        2 0.825333 0.832226
  0.9999        2 0.833333 0.833214
       0        4 0.823333 0.822222
     0.2        4 0.776667     0.81
     0.4        4 0.819333 0.812922
     0.6        4 0.823333 0.816042
     0.8        4 0.823333 0.819534
     0.9        4 0.823333 0.821789
    0.95        4 0.823333 0.823659
    0.99        4 0.823333 0.828355
   0.999        4 0.833333  0.83253
  0.9999        4 0.833333 0.833248