        0      0.05  0.196667  0.496667
      0.2      0.05  0.196667  0.380333
      0.4      0.05  0.196667      0.38
      0.6      0.05  0.196667      0.38
      0.8      0.05  0.196667      0.38
      0.9      0.05  0.196667      0.38
     0.95      0.05  0.196667      0.38
     0.99      0.05  0.196667      0.38
    0.999      0.05  0.196667      0.38
   0.9999      0.05  0.196667      0.38
        0       0.1  0.196667  0.496667
      0.2       0.1  0.352667  0.349271
      0.4       0.1  0.344667  0.342887
      0.6       0.1     0.336  0.337964
      0.8       0.1     0.336  0.336036
      0.9       0.1  0.336667  0.336011
     0.95       0.1     0.338  0.335867
     0.99       0.1  0.337333  0.335481
    0.999       0.1  0.338667  0.336608
   0.9999       0.1  0.339333  0.338796
        0      0.15  0.196667  0.496667
      0.2      0.15     0.358  0.356227
      0.4      0.15      0.36  0.356889
      0.6      0.15     0.356  0.353286
      0.8      0.15  0.339333   0.34454
      0.9      0.15  0.339333  0.340315
     0.95      0.15  0.338667  0.339167
     0.99      0.15  0.329333  0.332989
    0.999      0.15      0.31  0.309397
   0.9999      0.15  0.274667   0.27277
        0       0.2  0.196667  0.496667
      0.2       0.2  0.357333  0.357728
      0.4       0.2  0.364667  0.360504
      0.6       0.2  0.362667  0.361297
      0.8       0.2  0.366667  0.356626
      0.9       0.2  0.351333  0.347182
     0.95       0.2  0.333333   0.33375
     0.99       0.2       0.3  0.301418
    0.999       0.2  0.255333  0.262903
   0.9999       0.2  0.236667  0.243728
        0       0.3  0.196667  0.496667
      0.2       0.3     0.352   0.35327
      0.4       0.3     0.362  0.354364
      0.6       0.3  0.363333  0.355437
      0.8       0.3  0.367333  0.350801
      0.9       0.3     0.352  0.337016
     0.95       0.3  0.335333  0.319778
     0.99       0.3  0.250667  0.286212
    0.999       0.3  0.250667  0.265304
   0.9999       0.3  0.250667  0.263215
        0       0.4  0.196667  0.496667
      0.2       0.4  0.362667  0.361894
      0.4       0.4  0.355333  0.353754
      0.6       0.4     0.356  0.348428
      0.8       0.4     0.354  0.342914
      0.9       0.4  0.365333  0.339511
     0.95       0.4  0.363333  0.334831
     0.99       0.4  0.329333  0.320563
    0.999       0.4  0.226667  0.294176
   0.9999       0.4  0.278667  0.235238
        0       0.5  0.196667  0.496667
      0.2       0.5     0.372  0.372472
      0.4       0.5  0.358667  0.360192
      0.6       0.5  0.352667  0.349339
      0.8       0.5  0.345333   0.33885
      0.9       0.5  0.355333  0.334591
     0.95       0.5  0.351333  0.331546
     0.99       0.5     0.312  0.308388
    0.999       0.5  0.233333  0.230053
   0.9999       0.5     0.192  0.201577
        0       0.6  0.196667  0.496667
      0.2       0.6  0.372667  0.378237
      0.4       0.6     0.354  0.364099
      0.6       0.6  0.341333  0.349875
      0.8       0.6  0.331333  0.333641
      0.9       0.6     0.326  0.322289
     0.95       0.6     0.312  0.309989
     0.99       0.6  0.200667  0.263714
    0.999       0.6     0.178  0.219661
   0.9999       0.6     0.198  0.231934
        0       0.7  0.196667  0.496667
      0.2       0.7      0.37   0.37977
      0.4       0.7     0.348   0.36527
      0.6       0.7  0.330667  0.349613
      0.8       0.7  0.311333  0.329524
      0.9       0.7  0.288667  0.312929
     0.95       0.7  0.263333  0.296174
     0.99       0.7 0.0626667  0.260746
    0.999       0.7     0.194  0.258851
   0.9999       0.7  0.198667  0.267459
        0       0.8  0.196667  0.496667
      0.2       0.8  0.362667  0.378909
      0.4       0.8     0.344  0.365523
      0.6       0.8  0.317333  0.350766
      0.8       0.8      0.29  0.331748
      0.9       0.8  0.263333  0.316993
     0.95       0.8  0.188667  0.304986
     0.99       0.8     0.146  0.292702
    0.999       0.8  0.196667  0.300588
   0.9999       0.8       0.2  0.304789
        0       0.9  0.196667  0.496667
      0.2       0.9  0.358667  0.378558
      0.4       0.9  0.335333  0.367498
      0.6       0.9      0.31  0.355788
      0.8       0.9  0.273333  0.342136
      0.9       0.9     0.224  0.333707
     0.95       0.9      0.11  0.329319
     0.99       0.9     0.184  0.331006
    0.999       0.9  0.197333  0.338259
   0.9999       0.9       0.2  0.340635
        0         1  0.196667  0.496667
      0.2         1  0.348667  0.380769
      0.4         1  0.328667  0.372796
      0.6         1  0.296667  0.365246
      0.8         1  0.257333  0.358533
      0.9         1     0.174  0.356783
     0.95         1     0.108   0.35808
     0.99         1  0.192667  0.364936
    0.999         1     0.198  0.370724
   0.9999         1       0.2  0.372317
        0         2  0.196667  0.496667
      0.2         2  0.320667  0.457458
      0.4         2     0.308  0.462346
      0.6         2  0.291333  0.468074
      0.8         2  0.237333  0.474925
      0.9         2  0.172667  0.478959
     0.95         2  0.192667  0.481273
     0.99         2  0.196667  0.483981
    0.999         2  0.196667  0.485992
   0.9999         2       0.2  0.486469
        0         4  0.196667  0.496667
      0.2         4  0.361333  0.491566
      0.4         4      0.36  0.492752
      0.6         4  0.359333  0.493976
      0.8         4     0.352  0.495267
      0.9         4     0.346  0.495999
     0.95         4     0.316  0.496503
     0.99         4  0.192667  0.497703
    0.999         4  0.196667  0.499338
   0.9999         4  0.196667  0.499735