        0      0.05  0.479333      0.49
      0.2      0.05  0.479333  0.489667
      0.4      0.05  0.479333  0.489667
      0.6      0.05  0.479333  0.489667
      0.8      0.05  0.479333  0.489667
      0.9      0.05  0.479333  0.489667
     0.95      0.05  0.479333  0.489667
     0.99      0.05  0.479333  0.489667
    0.999      0.05  0.479333  0.489667
   0.9999      0.05  0.479333  0.489667
        0       0.1  0.479333      0.49
      0.2       0.1 0.0853333 0.0865374
      0.4       0.1     0.086 0.0870038
      0.6       0.1 0.0873333 0.0877369
      0.8       0.1 0.0886667 0.0883417
      0.9       0.1     0.088 0.0887022
     0.95       0.1     0.088 0.0891484
     0.99       0.1      0.09 0.0907364
    0.999       0.1 0.0906667 0.0911574
   0.9999       0.1 0.0886667 0.0889216
        0      0.15  0.479333      0.49
      0.2      0.15     0.078  0.083837
      0.4      0.15 0.0866667 0.0877709
      0.6      0.15 0.0853333   0.08847
      0.8      0.15 0.0873333 0.0891935
      0.9      0.15     0.088 0.0898194
     0.95      0.15      0.09 0.0903736
     0.99      0.15 0.0886667 0.0901347
    0.999      0.15 0.0846667 0.0861639
   0.9999      0.15 0.0866667 0.0859252
        0       0.2  0.479333      0.49
      0.2       0.2 0.0846667 0.0825522
      0.4       0.2 0.0773333 0.0837758
      0.6       0.2 0.0866667 0.0865699
      0.8       0.2     0.086 0.0883907
      0.9       0.2 0.0866667  0.088956
     0.95       0.2      0.09 0.0889787
     0.99       0.2 0.0853333 0.0863679
    0.999       0.2     0.084 0.0854347
   0.9999       0.2     0.078 0.0902618
        0       0.3  0.479333      0.49
      0.2       0.3 0.0866667 0.0911275
      0.4       0.3 0.0766667  0.082633
      0.6       0.3 0.0726667 0.0801472
      0.8       0.3     0.072 0.0802887
      0.9       0.3 0.0746667 0.0809797
     0.95       0.3     0.066 0.0814597
     0.99       0.3 0.0533333 0.0895649
    0.999       0.3 0.0566667  0.145611
   0.9999       0.3 0.0606667  0.290381
        0       0.4  0.479333      0.49
      0.2       0.4  0.106667  0.116097
      0.4       0.4 0.0846667  0.101634
      0.6       0.4 0.0693333 0.0924662
      0.8       0.4 0.0573333 0.0886742
      0.9       0.4 0.0446667 0.0937775
     0.95       0.4 0.0333333  0.108529
     0.99       0.4     0.034  0.197024
    0.999       0.4  0.102667  0.407504
   0.9999       0.4  0.489333  0.486344
        0       0.5  0.479333      0.49
      0.2       0.5  0.121333  0.138207
      0.4       0.5  0.100667  0.130867
      0.6       0.5 0.0806667  0.128884
      0.8       0.5 0.0593333  0.142424
      0.9       0.5 0.0493333  0.176042
     0.95       0.5 0.0426667  0.228948
     0.99       0.5     0.092  0.379465
    0.999       0.5     0.472  0.481329
   0.9999       0.5  0.489333  0.496746
        0       0.6  0.479333      0.49
      0.2       0.6  0.123333  0.159896
      0.4       0.6  0.110667  0.165948
      0.6       0.6     0.096  0.181572
      0.8       0.6 0.0873333   0.22616
      0.9       0.6 0.0933333  0.286708
     0.95       0.6  0.121333  0.350357
     0.99       0.6  0.386667  0.452218
    0.999       0.6  0.487333  0.492782
   0.9999       0.6  0.489333  0.497894
        0       0.7  0.479333      0.49
      0.2       0.7     0.124  0.191991
      0.4       0.7  0.115333  0.209722
      0.6       0.7     0.114  0.240362
      0.8       0.7      0.13  0.302319
      0.9       0.7      0.17  0.363905
     0.95       0.7     0.268  0.413664
     0.99       0.7  0.462667  0.474717
    0.999       0.7  0.489333  0.495475
   0.9999       0.7  0.489333   0.49804
        0       0.8  0.479333      0.49
      0.2       0.8  0.119333    0.2342
      0.4       0.8  0.120667  0.259097
      0.6       0.8  0.132667  0.296545
      0.8       0.8  0.168667  0.359112
      0.9       0.8  0.250667   0.40997
     0.95       0.8      0.37  0.445246
     0.99       0.8  0.474667  0.483732
    0.999       0.8  0.489333  0.496549
   0.9999       0.8  0.489333  0.498176
        0       0.9  0.479333      0.49
      0.2       0.9  0.120667  0.278528
      0.4       0.9     0.128  0.305833
      0.6       0.9  0.145333  0.343279
      0.8       0.9      0.21  0.398275
      0.9       0.9  0.323333  0.437462
     0.95       0.9      0.43  0.462309
     0.99       0.9  0.479333  0.488192
    0.999       0.9  0.489333  0.497197
   0.9999       0.9  0.489333  0.498385
        0         1  0.479333      0.49
      0.2         1  0.122667  0.318236
      0.4         1  0.135333  0.344725
      0.6         1  0.167333  0.378705
      0.8         1  0.240667   0.42432
      0.9         1     0.358  0.454099
     0.95         1     0.456  0.472029
     0.99         1  0.479333  0.490676
    0.999         1  0.489333  0.497659
   0.9999         1  0.489333  0.498609
        0         2  0.479333      0.49
      0.2         2  0.144667  0.455089
      0.4         2     0.174  0.463175
      0.6         2  0.218667  0.471739
      0.8         2     0.362  0.481018
      0.9         2  0.470667  0.486368
     0.95         2  0.479333  0.489898
     0.99         2  0.479333   0.49567
    0.999         2  0.479333  0.499109
   0.9999         2  0.489333   0.49961
        0         4  0.479333      0.49
      0.2         4  0.147333  0.482029
      0.4         4     0.182   0.48406
      0.6         4  0.231333   0.48619
      0.8         4  0.385333  0.488628
      0.9         4  0.477333   0.49041
     0.95         4  0.479333  0.492133
     0.99         4  0.479333  0.496426
    0.999         4  0.479333  0.499426
   0.9999         4  0.489333  0.499868