        0      0.05  0.479333      0.49
      0.2      0.05  0.478667  0.487333
      0.4      0.05  0.478667  0.487333
      0.6      0.05  0.478667  0.487333
      0.8      0.05  0.478667  0.487333
      0.9      0.05  0.478667  0.487333
     0.95      0.05  0.478667  0.487333
     0.99      0.05  0.478667  0.487333
    0.999      0.05  0.478667  0.487333
   0.9999      0.05  0.478667  0.487333
        0       0.1  0.479333      0.49
      0.2       0.1  0.122667  0.123174
      0.4       0.1  0.126667  0.127592
      0.6       0.1  0.131333  0.129053
      0.8       0.1  0.131333  0.130614
      0.9       0.1  0.136667  0.133137
     0.95       0.1  0.137333  0.134774
     0.99       0.1  0.138667  0.135635
    0.999       0.1  0.128667  0.132998
   0.9999       0.1  0.130667  0.132734
        0      0.15  0.479333      0.49
      0.2      0.15     0.108  0.113717
      0.4      0.15  0.120667  0.120108
      0.6      0.15     0.126  0.124629
      0.8      0.15  0.131333  0.128977
      0.9      0.15  0.137333  0.132437
     0.95      0.15     0.136  0.134713
     0.99      0.15  0.134667  0.138366
    0.999      0.15  0.135333   0.14745
   0.9999      0.15  0.172667  0.173099
        0       0.2  0.479333      0.49
      0.2       0.2  0.108667  0.109727
      0.4       0.2  0.104667  0.116001
      0.6       0.2  0.119333  0.121851
      0.8       0.2  0.125333  0.128243
      0.9       0.2     0.132  0.133877
     0.95       0.2  0.136667  0.139307
     0.99       0.2      0.14  0.155466
    0.999       0.2  0.192667  0.195832
   0.9999       0.2     0.224  0.225849
        0       0.3  0.479333      0.49
      0.2       0.3     0.094  0.104213
      0.4       0.3 0.0986667  0.110489
      0.6       0.3  0.104667  0.118238
      0.8       0.3  0.108667  0.129854
      0.9       0.3  0.116667  0.141995
     0.95       0.3     0.122  0.155383
     0.99       0.3     0.132   0.18394
    0.999       0.3     0.174  0.229329
   0.9999       0.3  0.170667  0.332306
        0       0.4  0.479333      0.49
      0.2       0.4 0.0913333  0.113641
      0.4       0.4     0.096  0.116988
      0.6       0.4     0.094  0.123775
      0.8       0.4     0.092  0.137748
      0.9       0.4       0.1  0.154797
     0.95       0.4     0.102   0.17664
     0.99       0.4  0.129333  0.258836
    0.999       0.4  0.190667  0.423766
   0.9999       0.4  0.489333  0.488401
        0       0.5  0.479333      0.49
      0.2       0.5      0.09  0.137299
      0.4       0.5 0.0873333  0.143039
      0.6       0.5 0.0906667    0.1543
      0.8       0.5 0.0926667  0.181243
      0.9       0.5 0.0946667  0.219415
     0.95       0.5       0.1  0.269406
     0.99       0.5     0.134  0.399717
    0.999       0.5  0.470667  0.485247
   0.9999       0.5  0.489333  0.497659
        0       0.6  0.479333      0.49
      0.2       0.6 0.0886667  0.174707
      0.4       0.6 0.0886667  0.187852
      0.6       0.6 0.0906667   0.21024
      0.8       0.6     0.094  0.258546
      0.9       0.6 0.0953333  0.315838
     0.95       0.6 0.0966667  0.373122
     0.99       0.6     0.138  0.461814
    0.999       0.6      0.48  0.495171
   0.9999       0.6  0.489333   0.49911
        0       0.7  0.479333      0.49
      0.2       0.7 0.0953333  0.221537
      0.4       0.7      0.09  0.241853
      0.6       0.7 0.0886667  0.273422
      0.8       0.7 0.0933333   0.33163
      0.9       0.7     0.098  0.386481
     0.95       0.7 0.0953333  0.429642
     0.99       0.7     0.182  0.481124
    0.999       0.7  0.479333  0.497641
   0.9999       0.7  0.489333  0.499541
        0       0.8  0.479333      0.49
      0.2       0.8     0.098  0.270638
      0.4       0.8 0.0966667  0.294724
      0.6       0.8 0.0986667  0.329202
      0.8       0.8     0.098  0.384219
      0.9       0.8  0.101333  0.427479
     0.95       0.8     0.102   0.45688
     0.99       0.8  0.225333  0.488469
    0.999       0.8  0.479333  0.498523
   0.9999       0.8  0.489333  0.499706
        0       0.9  0.479333      0.49
      0.2       0.9       0.1  0.315255
      0.4       0.9 0.0993333  0.339687
      0.6       0.9 0.0993333  0.372208
      0.8       0.9  0.104667  0.418492
      0.9       0.9  0.103333  0.450621
     0.95       0.9     0.102  0.470748
     0.99       0.9     0.292  0.491825
    0.999       0.9  0.479333  0.498917
   0.9999       0.9  0.489333  0.499783
        0         1  0.479333      0.49
      0.2         1     0.104  0.351861
      0.4         1  0.105333  0.374506
      0.6         1  0.106667  0.402915
      0.8         1  0.107333  0.440104
      0.9         1  0.103333  0.463923
     0.95         1      0.11  0.478257
     0.99         1  0.345333  0.493546
    0.999         1  0.479333  0.499122
   0.9999         1  0.489333  0.499825
        0         2  0.479333      0.49
      0.2         2     0.128  0.463945
      0.4         2      0.13  0.470113
      0.6         2  0.128667  0.476636
      0.8         2  0.129333  0.483752
      0.9         2     0.132  0.487999
     0.95         2     0.156     0.491
     0.99         2     0.472  0.496316
    0.999         2  0.479333  0.499474
   0.9999         2  0.479333  0.499924
        0         4  0.479333      0.49
      0.2         4  0.140667  0.484143
      0.4         4  0.139333  0.485678
      0.6         4  0.140667  0.487306
      0.8         4  0.136667  0.489241
      0.9         4  0.146667  0.490778
     0.95         4     0.178  0.492388
     0.99         4  0.479333  0.496582
    0.999         4  0.479333  0.499514
   0.9999         4  0.479333  0.499944