       0     0.05 0.495333 0.496667
     0.2     0.05 0.495333 0.496667
     0.4     0.05 0.495333 0.496667
     0.6     0.05 0.495333 0.496667
     0.8     0.05 0.495333 0.496667
     0.9     0.05 0.495333 0.496667
    0.95     0.05 0.495333 0.496667
    0.99     0.05 0.495333 0.496667
   0.999     0.05 0.495333 0.496667
  0.9999     0.05 0.495333 0.496667
       0      0.1 0.495333 0.496667
     0.2      0.1 0.493333 0.489347
     0.4      0.1 0.482667  0.48498
     0.6      0.1 0.481333 0.482681
     0.8      0.1 0.479333 0.480462
     0.9      0.1 0.480667 0.479065
    0.95      0.1 0.479333 0.478568
    0.99      0.1    0.482 0.478432
   0.999      0.1 0.472667 0.474222
  0.9999      0.1 0.470667  0.47479
       0     0.15 0.495333 0.496667
     0.2     0.15 0.488667 0.484199
     0.4     0.15    0.492 0.487197
     0.6     0.15 0.490667 0.486388
     0.8     0.15     0.48 0.483878
     0.9     0.15    0.482 0.482347
    0.95     0.15    0.478 0.481584
    0.99     0.15 0.473333 0.482584
   0.999     0.15 0.489333 0.488418
  0.9999     0.15 0.492667 0.491999
       0      0.2 0.495333 0.496667
     0.2      0.2 0.487333 0.481079
     0.4      0.2 0.489333  0.48391
     0.6      0.2    0.492 0.485754
     0.8      0.2 0.494667 0.487048
     0.9      0.2    0.484 0.487893
    0.95      0.2    0.484 0.488894
    0.99      0.2    0.486 0.492204
   0.999      0.2 0.495333 0.497095
  0.9999      0.2 0.483333 0.497327
       0      0.3 0.495333 0.496667
     0.2      0.3 0.451333   0.4606
     0.4      0.3 0.470667 0.469548
     0.6      0.3 0.478667 0.476067
     0.8      0.3 0.493333 0.482667
     0.9      0.3    0.502 0.487021
    0.95      0.3      0.5 0.490057
    0.99      0.3    0.484 0.494043
   0.999      0.3 0.494667 0.496925
  0.9999      0.3    0.496 0.498707
       0      0.4 0.495333 0.496667
     0.2      0.4 0.418667 0.444668
     0.4      0.4 0.425333 0.455453
     0.6      0.4 0.439333  0.46565
     0.8      0.4    0.452 0.477424
     0.9      0.4 0.463333 0.485139
    0.95      0.4 0.472667 0.490108
    0.99      0.4    0.494 0.495565
   0.999      0.4 0.495333 0.498449
  0.9999      0.4 0.497333 0.499593
       0      0.5 0.495333 0.496667
     0.2      0.5 0.404667 0.450559
     0.4      0.5 0.414667 0.459846
     0.6      0.5 0.416667 0.469753
     0.8      0.5 0.442667 0.481308
     0.9      0.5 0.463333 0.488283
    0.95      0.5 0.488667 0.492331
    0.99      0.5 0.495333 0.496463
   0.999      0.5 0.495333 0.498956
  0.9999      0.5 0.498667 0.499732
       0      0.6 0.495333 0.496667
     0.2      0.6    0.396 0.460965
     0.4      0.6    0.406 0.468599
     0.6      0.6    0.422 0.476777
     0.8      0.6    0.442  0.48592
     0.9      0.6 0.475333 0.491081
    0.95      0.6 0.493333 0.493943
    0.99      0.6 0.495333 0.496988
   0.999      0.6 0.495333 0.499184
  0.9999      0.6 0.498667 0.499798
       0      0.7 0.495333 0.496667
     0.2      0.7    0.396 0.469793
     0.4      0.7 0.404667  0.47583
     0.6      0.7    0.426 0.482206
     0.8      0.7    0.446 0.489097
     0.9      0.7 0.484667 0.492848
    0.95      0.7 0.495333 0.494908
    0.99      0.7 0.495333 0.497294
   0.999      0.7 0.495333 0.499304
  0.9999      0.7 0.498667 0.499838
       0      0.8 0.495333 0.496667
     0.2      0.8 0.394667 0.476221
     0.4      0.8 0.405333 0.480962
     0.6      0.8    0.424 0.485907
     0.8      0.8 0.453333  0.49114
     0.9      0.8 0.486667 0.493942
    0.95      0.8 0.495333 0.495494
    0.99      0.8 0.495333  0.49748
   0.999      0.8 0.495333 0.499375
  0.9999      0.8 0.498667 0.499864
       0      0.9 0.495333 0.496667
     0.2      0.9 0.397333 0.480758
     0.4      0.9 0.404667 0.484523
     0.6      0.9 0.423333 0.488414
     0.8      0.9 0.458667 0.492482
     0.9      0.9     0.49 0.494648
    0.95      0.9 0.495333 0.495869
    0.99      0.9 0.495333 0.497601
   0.999      0.9 0.495333  0.49942
  0.9999      0.9 0.498667 0.499882
       0        1 0.495333 0.496667
     0.2        1 0.402667 0.483993
     0.4        1 0.405333 0.487033
     0.6        1 0.422667 0.490156
     0.8        1    0.458 0.493398
     0.9        1    0.492 0.495125
    0.95        1 0.495333 0.496123
    0.99        1 0.495333 0.497684
   0.999        1 0.495333  0.49945
  0.9999        1 0.498667 0.499895
       0        2 0.495333 0.496667
     0.2        2 0.407333 0.493756
     0.4        2 0.418667 0.494485
     0.6        2 0.425333 0.495227
     0.8        2    0.466 0.496007
     0.9        2 0.492667 0.496472
    0.95        2 0.495333 0.496837
    0.99        2 0.495333 0.497922
   0.999        2 0.495333 0.499539
  0.9999        2 0.495333 0.499937
       0        4 0.495333 0.496667
     0.2        4 0.408667 0.495963
     0.4        4 0.414667 0.496148
     0.6        4     0.42 0.496343
     0.8        4     0.47 0.496573
     0.9        4 0.493333 0.496763
    0.95        4 0.495333 0.496992
    0.99        4 0.495333 0.497975
   0.999        4 0.495333 0.499559
  0.9999        4 0.495333 0.499947