       0     0.05 0.494667     0.49
     0.2     0.05 0.489333  0.49164
     0.4     0.05     0.49 0.490451
     0.6     0.05    0.482 0.489622
     0.8     0.05 0.488667 0.489608
     0.9     0.05    0.486 0.490527
    0.95     0.05 0.488667 0.491901
    0.99     0.05 0.484667 0.496048
   0.999     0.05 0.501333 0.499471
  0.9999     0.05 0.504667 0.500018
       0      0.1 0.494667     0.49
     0.2      0.1 0.485333 0.488178
     0.4      0.1 0.484667  0.48847
     0.6      0.1 0.483333 0.488969
     0.8      0.1 0.484667 0.489875
     0.9      0.1    0.488 0.490962
    0.95      0.1    0.488 0.492401
    0.99      0.1    0.492 0.496555
   0.999      0.1 0.494667 0.499604
  0.9999      0.1 0.504667 0.500064
       0     0.15 0.494667     0.49
     0.2     0.15 0.482667 0.488991
     0.4     0.15 0.487333 0.489209
     0.6     0.15 0.488667 0.489548
     0.8     0.15    0.492  0.49027
     0.9     0.15 0.487333 0.491264
    0.95     0.15 0.489333 0.492618
    0.99     0.15 0.493333 0.496627
   0.999     0.15 0.494667 0.499642
  0.9999     0.15 0.504667 0.500101
       0      0.2 0.494667     0.49
     0.2      0.2 0.488667 0.489344
     0.4      0.2    0.486  0.48952
     0.6      0.2    0.486 0.489825
     0.8      0.2    0.486 0.490497
     0.9      0.2 0.496667 0.491423
    0.95      0.2 0.495333  0.49271
    0.99      0.2 0.494667 0.496651
   0.999      0.2 0.494667 0.499667
  0.9999      0.2 0.504667 0.500128
       0      0.3 0.494667     0.49
     0.2      0.3 0.486667 0.489673
     0.4      0.3 0.490667 0.489854
     0.6      0.3    0.494 0.490131
     0.8      0.3 0.496667 0.490711
     0.9      0.3    0.498 0.491548
    0.95      0.3 0.494667 0.492779
    0.99      0.3 0.494667 0.496675
   0.999      0.3 0.494667 0.499673
  0.9999      0.3 0.504667  0.50013
       0      0.4 0.494667     0.49
     0.2      0.4    0.488 0.489848
     0.4      0.4 0.486667 0.490002
     0.6      0.4     0.49 0.490239
     0.8      0.4      0.5 0.490763
     0.9      0.4 0.494667 0.491571
    0.95      0.4 0.494667 0.492793
    0.99      0.4 0.494667 0.496683
   0.999      0.4 0.494667  0.49965
  0.9999      0.4 0.504667 0.500098
       0      0.5 0.494667     0.49
     0.2      0.5 0.489333 0.489931
     0.4      0.5    0.488 0.490063
     0.6      0.5 0.493333 0.490275
     0.8      0.5    0.494 0.490773
     0.9      0.5 0.494667 0.491571
    0.95      0.5 0.494667 0.492792
    0.99      0.5 0.494667 0.496682
   0.999      0.5 0.494667 0.499623
  0.9999      0.5 0.504667 0.500065
       0      0.6 0.494667     0.49
     0.2      0.6 0.487333 0.489975
     0.4      0.6 0.486667 0.490093
     0.6      0.6     0.49  0.49029
     0.8      0.6 0.494667 0.490772
     0.9      0.6 0.494667 0.491565
    0.95      0.6 0.494667 0.492788
    0.99      0.6 0.494667 0.496678
   0.999      0.6 0.494667 0.499602
  0.9999      0.6 0.504667 0.500039
       0      0.7 0.494667     0.49
     0.2      0.7     0.49     0.49
     0.4      0.7 0.489333 0.490109
     0.6      0.7 0.495333 0.490295
     0.8      0.7 0.494667 0.490769
     0.9      0.7 0.494667 0.491559
    0.95      0.7 0.494667 0.492783
    0.99      0.7 0.494667 0.496674
   0.999      0.7 0.494667 0.499585
  0.9999      0.7 0.504667  0.50002
       0      0.8 0.494667     0.49
     0.2      0.8 0.488667 0.490014
     0.4      0.8    0.492 0.490117
     0.6      0.8 0.496667 0.490297
     0.8      0.8 0.494667 0.490765
     0.9      0.8 0.494667 0.491554
    0.95      0.8 0.494667 0.492779
    0.99      0.8 0.494667  0.49667
   0.999      0.8 0.494667 0.499573
  0.9999      0.8 0.504667 0.500006
       0      0.9 0.494667     0.49
     0.2      0.9 0.485333 0.490024
     0.4      0.9 0.492667 0.490122
     0.6      0.9 0.494667 0.490298
     0.8      0.9 0.494667 0.490761
     0.9      0.9 0.494667 0.491549
    0.95      0.9 0.494667 0.492775
    0.99      0.9 0.494667 0.496666
   0.999      0.9 0.494667 0.499564
  0.9999      0.9 0.504667 0.499996
       0        1 0.494667     0.49
     0.2        1    0.484  0.49003
     0.4        1    0.494 0.490125
     0.6        1 0.492667 0.490298
     0.8        1 0.494667 0.490759
     0.9        1 0.494667 0.491546
    0.95        1 0.494667 0.492772
    0.99        1 0.494667 0.496663
   0.999        1 0.494667 0.499557
  0.9999        1 0.504667 0.499988
       0        2 0.494667     0.49
     0.2        2 0.487333 0.490046
     0.4        2 0.498667 0.490131
     0.6        2    0.496 0.490294
     0.8        2 0.494667 0.490746
     0.9        2 0.494667 0.491532
    0.95        2 0.494667  0.49276
    0.99        2 0.494667 0.496651
   0.999        2 0.494667 0.499533
  0.9999        2 0.494667  0.49996
       0        4 0.494667     0.49
     0.2        4 0.488667 0.490049
     0.4        4 0.499333 0.490132
     0.6        4    0.496 0.490292
     0.8        4 0.494667 0.490743
     0.9        4 0.494667 0.491528
    0.95        4 0.494667 0.492756
    0.99        4 0.494667 0.496647
   0.999        4 0.494667 0.499526
  0.9999        4 0.494667 0.499953