       0     0.05    0.498 0.493333
     0.2     0.05 0.502667 0.501759
     0.4     0.05 0.503333 0.500639
     0.6     0.05    0.502 0.499236
     0.8     0.05 0.493333 0.497197
     0.9     0.05     0.49  0.49578
    0.95     0.05 0.487333 0.495213
    0.99     0.05 0.486667 0.496621
   0.999     0.05 0.496667 0.499263
  0.9999     0.05 0.492667 0.499853
       0      0.1    0.498 0.493333
     0.2      0.1 0.497333 0.496332
     0.4      0.1    0.494 0.495515
     0.6      0.1 0.492667 0.494623
     0.8      0.1 0.485333 0.493869
     0.9      0.1 0.486667 0.493923
    0.95      0.1    0.486 0.494508
    0.99      0.1    0.488 0.496994
   0.999      0.1 0.493333 0.499496
  0.9999      0.1 0.488667 0.499935
       0     0.15    0.498 0.493333
     0.2     0.15     0.49 0.493296
     0.4     0.15    0.488 0.492996
     0.6     0.15 0.488667 0.492859
     0.8     0.15    0.488 0.493104
     0.9     0.15    0.488 0.493676
    0.95     0.15 0.486667 0.494481
    0.99     0.15 0.487333 0.497136
   0.999     0.15 0.490667 0.499558
  0.9999     0.15    0.498 0.499966
       0      0.2    0.498 0.493333
     0.2      0.2     0.49 0.491993
     0.4      0.2 0.488667 0.492103
     0.6      0.2    0.488 0.492383
     0.8      0.2 0.490667 0.492983
     0.9      0.2 0.489333 0.493665
    0.95      0.2 0.489333  0.49451
    0.99      0.2    0.486 0.497187
   0.999      0.2    0.486 0.499567
  0.9999      0.2    0.498 0.499964
       0      0.3    0.498 0.493333
     0.2      0.3 0.492667 0.491794
     0.4      0.3 0.492667 0.492119
     0.6      0.3 0.493333 0.492527
     0.8      0.3 0.493333 0.493142
     0.9      0.3 0.493333 0.493784
    0.95      0.3 0.493333 0.494593
    0.99      0.3 0.493333 0.497212
   0.999      0.3 0.494667  0.49956
  0.9999      0.3 0.488667 0.499952
       0      0.4    0.498 0.493333
     0.2      0.4    0.492   0.4923
     0.4      0.4    0.492 0.492549
     0.6      0.4    0.492 0.492856
     0.8      0.4 0.492667 0.493343
     0.9      0.4    0.494 0.493899
    0.95      0.4    0.494 0.494651
    0.99      0.4 0.495333  0.49721
   0.999      0.4 0.488667 0.499555
  0.9999      0.4 0.488667 0.499948
       0      0.5    0.498 0.493333
     0.2      0.5    0.494 0.492659
     0.4      0.5 0.493333  0.49284
     0.6      0.5 0.493333 0.493072
     0.8      0.5    0.494 0.493467
     0.9      0.5 0.492667 0.493963
    0.95      0.5 0.493333 0.494676
    0.99      0.5 0.497333 0.497198
   0.999      0.5 0.488667 0.499551
  0.9999      0.5 0.488667 0.499948
       0      0.6    0.498 0.493333
     0.2      0.6 0.493333 0.492874
     0.4      0.6 0.493333 0.493013
     0.6      0.6    0.494 0.493198
     0.8      0.6 0.494667 0.493537
     0.9      0.6 0.492667 0.493996
    0.95      0.6 0.491333 0.494686
    0.99      0.6 0.497333 0.497186
   0.999      0.6 0.488667 0.499548
  0.9999      0.6 0.488667 0.499948
       0      0.7    0.498 0.493333
     0.2      0.7    0.494 0.493005
     0.4      0.7    0.494 0.493118
     0.6      0.7    0.494 0.493274
     0.8      0.7 0.494667 0.493578
     0.9      0.7 0.492667 0.494014
    0.95      0.7     0.49 0.494689
    0.99      0.7 0.498667 0.497175
   0.999      0.7 0.488667 0.499545
  0.9999      0.7 0.488667 0.499948
       0      0.8    0.498 0.493333
     0.2      0.8 0.494667  0.49309
     0.4      0.8 0.494667 0.493186
     0.6      0.8    0.494 0.493323
     0.8      0.8 0.494667 0.493603
     0.9      0.8 0.493333 0.494025
    0.95      0.8 0.489333  0.49469
    0.99      0.8 0.498667 0.497167
   0.999      0.8 0.488667 0.499544
  0.9999      0.8 0.488667 0.499949
       0      0.9    0.498 0.493333
     0.2      0.9 0.494667 0.493147
     0.4      0.9 0.495333 0.493232
     0.6      0.9 0.494667 0.493355
     0.8      0.9 0.495333 0.493619
     0.9      0.9 0.493333 0.494031
    0.95      0.9 0.489333 0.494689
    0.99      0.9 0.491333  0.49716
   0.999      0.9 0.488667 0.499542
  0.9999      0.9 0.488667 0.499949
       0        1    0.498 0.493333
     0.2        1 0.494667 0.493188
     0.4        1 0.495333 0.493264
     0.6        1 0.495333 0.493377
     0.8        1    0.496  0.49363
     0.9        1 0.493333 0.494035
    0.95        1 0.490667 0.494689
    0.99        1     0.49 0.497155
   0.999        1 0.488667 0.499541
  0.9999        1 0.488667 0.499949
       0        2    0.498 0.493333
     0.2        2 0.493333 0.493315
     0.4        2    0.494 0.493361
     0.6        2    0.496 0.493444
     0.8        2    0.496 0.493662
     0.9        2 0.492667 0.494046
    0.95        2 0.490667 0.494684
    0.99        2 0.490667 0.497135
   0.999        2 0.488667 0.499536
  0.9999        2 0.488667  0.49995
       0        4    0.498 0.493333
     0.2        4 0.493333 0.493345
     0.4        4    0.494 0.493385
     0.6        4    0.496 0.493459
     0.8        4    0.496 0.493669
     0.9        4    0.492 0.494047
    0.95        4 0.492667 0.494682
    0.99        4     0.49  0.49713
   0.999        4 0.488667 0.499535
  0.9999        4 0.488667  0.49995