       0     0.05 0.488667     0.49
     0.2     0.05 0.488667     0.49
     0.4     0.05 0.488667     0.49
     0.6     0.05 0.488667     0.49
     0.8     0.05 0.488667     0.49
     0.9     0.05 0.488667     0.49
    0.95     0.05 0.488667     0.49
    0.99     0.05 0.488667     0.49
   0.999     0.05 0.488667     0.49
  0.9999     0.05 0.488667     0.49
       0      0.1 0.488667     0.49
     0.2      0.1    0.436 0.433072
     0.4      0.1    0.434 0.436182
     0.6      0.1 0.437333 0.438249
     0.8      0.1 0.435333  0.43976
     0.9      0.1 0.436667 0.439766
    0.95      0.1 0.432667 0.439964
    0.99      0.1 0.443333  0.44541
   0.999      0.1 0.455333 0.453461
  0.9999      0.1 0.452667 0.455198
       0     0.15 0.488667     0.49
     0.2     0.15 0.412667 0.419362
     0.4     0.15    0.424 0.429468
     0.6     0.15 0.431333 0.436054
     0.8     0.15    0.434 0.441583
     0.9     0.15 0.444667 0.445578
    0.95     0.15    0.452  0.44936
    0.99     0.15 0.453333 0.456303
   0.999     0.15    0.466 0.469211
  0.9999     0.15 0.479333 0.477244
       0      0.2 0.488667     0.49
     0.2      0.2 0.392667 0.407941
     0.4      0.2 0.409333 0.419951
     0.6      0.2 0.418667 0.430773
     0.8      0.2 0.435333 0.441777
     0.9      0.2 0.446667 0.449012
    0.95      0.2    0.452 0.454811
    0.99      0.2 0.466667 0.467002
   0.999      0.2 0.481333 0.480323
  0.9999      0.2 0.486667 0.486807
       0      0.3 0.488667     0.49
     0.2      0.3 0.373333 0.401706
     0.4      0.3 0.368667 0.416189
     0.6      0.3 0.366667 0.430604
     0.8      0.3 0.389333 0.448696
     0.9      0.3    0.426 0.461996
    0.95      0.3    0.452 0.471905
    0.99      0.3     0.48 0.485929
   0.999      0.3 0.490667 0.495648
  0.9999      0.3      0.5 0.499361
       0      0.4 0.488667     0.49
     0.2      0.4 0.330667 0.409536
     0.4      0.4    0.334 0.425069
     0.6      0.4    0.342 0.441787
     0.8      0.4 0.345333  0.46186
     0.9      0.4 0.362667 0.474609
    0.95      0.4    0.372  0.48266
    0.99      0.4    0.386 0.492619
   0.999      0.4     0.39 0.498567
  0.9999      0.4 0.486667 0.499833
       0      0.5 0.488667     0.49
     0.2      0.5 0.316667 0.429122
     0.4      0.5 0.318667 0.441891
     0.6      0.5 0.320667 0.455803
     0.8      0.5 0.333333 0.471712
     0.9      0.5 0.355333 0.481115
    0.95      0.5 0.398667  0.48685
    0.99      0.5    0.488 0.494447
   0.999      0.5 0.488667 0.499065
  0.9999      0.5 0.498667 0.499869
       0      0.6 0.488667     0.49
     0.2      0.6 0.306667 0.446567
     0.4      0.6    0.306 0.456325
     0.6      0.6 0.311333 0.466755
     0.8      0.6    0.328 0.478247
     0.9      0.6 0.367333 0.484867
    0.95      0.6 0.437333  0.48903
    0.99      0.6 0.488667 0.495297
   0.999      0.6 0.488667 0.499258
  0.9999      0.6 0.498667 0.499895
       0      0.7 0.488667     0.49
     0.2      0.7    0.308 0.458724
     0.4      0.7    0.312 0.466053
     0.6      0.7 0.314667 0.473767
     0.8      0.7    0.328 0.482128
     0.9      0.7     0.37 0.486983
    0.95      0.7    0.448 0.490226
    0.99      0.7 0.488667 0.495748
   0.999      0.7 0.488667 0.499353
  0.9999      0.7 0.498667 0.499912
       0      0.8 0.488667     0.49
     0.2      0.8    0.304 0.466759
     0.4      0.8    0.306 0.472348
     0.6      0.8    0.318 0.478184
     0.8      0.8 0.331333 0.484489
     0.9      0.8    0.376 0.488246
    0.95      0.8    0.456 0.490934
    0.99      0.8 0.488667  0.49601
   0.999      0.8 0.488667 0.499405
  0.9999      0.8 0.498667 0.499923
       0      0.9 0.488667     0.49
     0.2      0.9 0.307333 0.472149
     0.4      0.9 0.315333 0.476521
     0.6      0.9 0.322667 0.481069
     0.8      0.9 0.332667 0.486005
     0.9      0.9 0.374667 0.489049
    0.95      0.9    0.456 0.491382
    0.99      0.9 0.488667 0.496173
   0.999      0.9 0.488667 0.499437
  0.9999      0.9 0.498667  0.49993
       0        1 0.488667     0.49
     0.2        1 0.312667 0.475888
     0.4        1 0.318667 0.479394
     0.6        1 0.320667 0.483038
     0.8        1    0.332 0.487029
     0.9        1 0.376667 0.489588
    0.95        1 0.455333 0.491683
    0.99        1 0.488667  0.49628
   0.999        1 0.488667 0.499457
  0.9999        1 0.498667 0.499934
       0        2 0.488667     0.49
     0.2        2 0.320667 0.486833
     0.4        2    0.322 0.487712
     0.6        2 0.327333  0.48867
     0.8        2    0.336 0.489919
     0.9        2 0.367333 0.491099
    0.95        2 0.449333  0.49252
    0.99        2 0.488667  0.49657
   0.999        2 0.488667  0.49951
  0.9999        2 0.488667 0.499947
       0        4 0.488667     0.49
     0.2        4    0.324 0.489268
     0.4        4 0.324667 0.489545
     0.6        4 0.334667 0.489899
     0.8        4    0.344 0.490543
     0.9        4 0.365333 0.491423
    0.95        4    0.448 0.492698
    0.99        4 0.488667 0.496628
   0.999        4 0.488667 0.499521
  0.9999        4 0.488667 0.499949