       0     0.05     0.49     0.49
       0      0.1     0.49     0.49
       0     0.15     0.49     0.49
       0      0.2     0.49     0.49
       0      0.3     0.49     0.49
       0      0.4     0.49     0.49
       0      0.5     0.49     0.49
       0      0.6     0.49     0.49
       0      0.7     0.49     0.49
       0      0.8     0.49     0.49
       0      0.9     0.49     0.49
       0        1     0.49     0.49
       0        2     0.49     0.49
       0        4     0.49     0.49
     0.2     0.05    0.146 0.208333
     0.2      0.1     0.16 0.160224
     0.2     0.15 0.149333 0.146957
     0.2      0.2 0.145333 0.142969
     0.2      0.3 0.128667 0.129327
     0.2      0.4    0.132 0.134862
     0.2      0.5 0.134667 0.141944
     0.2      0.6 0.139333 0.149064
     0.2      0.7    0.144 0.160078
     0.2      0.8 0.146667 0.176807
     0.2      0.9 0.149333 0.200239
     0.2        1 0.152667 0.228785
     0.2        2    0.318 0.425193
     0.2        4 0.391333 0.478771
     0.4     0.05 0.144667 0.207333
     0.4      0.1    0.178  0.17897
     0.4     0.15 0.152667 0.153374
     0.4      0.2 0.143333  0.14509
     0.4      0.3 0.142667 0.141394
     0.4      0.4    0.126 0.130083
     0.4      0.5 0.131333 0.139029
     0.4      0.6 0.134667 0.147093
     0.4      0.7    0.138 0.158474
     0.4      0.8 0.141333 0.177538
     0.4      0.9 0.144667 0.204702
     0.4        1    0.148 0.237255
     0.4        2 0.325333  0.43507
     0.4        4    0.376 0.481359
     0.6     0.05 0.144667    0.207
     0.6      0.1    0.196 0.194969
     0.6     0.15 0.163333 0.166138
     0.6      0.2    0.152 0.153066
     0.6      0.3    0.136 0.143757
     0.6      0.4 0.135333 0.139456
     0.6      0.5 0.125333 0.136613
     0.6      0.6 0.132667 0.146009
     0.6      0.7 0.131333  0.15926
     0.6      0.8 0.136667 0.182202
     0.6      0.9    0.144 0.214901
     0.6        1 0.149333 0.252688
     0.6        2 0.316667 0.447171
     0.6        4 0.379333 0.484208
     0.8     0.05 0.144667    0.207
     0.8      0.1 0.197333  0.19725
     0.8     0.15 0.197333 0.194489
     0.8      0.2 0.180667 0.176718
     0.8      0.3    0.154  0.15951
     0.8      0.4    0.136 0.152636
     0.8      0.5 0.137333 0.147893
     0.8      0.6 0.127333 0.148824
     0.8      0.7 0.132667 0.164744
     0.8      0.8    0.132 0.196177
     0.8      0.9     0.14 0.239025
     0.8        1     0.18 0.284653
     0.8        2    0.338 0.463464
     0.8        4    0.424  0.48756
     0.9     0.05 0.144667 0.206333
     0.9      0.1 0.197333 0.197402
     0.9     0.15 0.198667  0.19863
     0.9      0.2      0.2 0.196528
     0.9      0.3 0.197333 0.180343
     0.9      0.4    0.158 0.167925
     0.9      0.5    0.136 0.158814
     0.9      0.6 0.134667 0.158065
     0.9      0.7 0.131333 0.176593
     0.9      0.8 0.133333 0.217302
     0.9      0.9 0.178667 0.269497
     0.9        1 0.195333 0.320623
     0.9        2 0.350667  0.47517
     0.9        4    0.478 0.489884
    0.95     0.05 0.144667    0.206
    0.95      0.1    0.198 0.198344
    0.95     0.15      0.2 0.200659
    0.95      0.2 0.203333  0.20181
    0.95      0.3 0.204667 0.194622
    0.95      0.4 0.204667 0.181141
    0.95      0.5    0.148 0.168491
    0.95      0.6    0.132 0.169357
    0.95      0.7    0.128 0.194954
    0.95      0.8 0.176667 0.244836
    0.95      0.9 0.181333 0.304444
    0.95        1      0.2 0.357677
    0.95        2 0.467333 0.483362
    0.95        4 0.486667   0.4919
    0.99     0.05 0.144667    0.206
    0.99      0.1 0.201333 0.201251
    0.99     0.15 0.204667 0.204448
    0.99      0.2 0.204667 0.204639
    0.99      0.3 0.204667 0.203023
    0.99      0.4 0.204667 0.189697
    0.99      0.5 0.185333 0.180289
    0.99      0.6 0.188667 0.205859
    0.99      0.7     0.22 0.257671
    0.99      0.8 0.232667 0.325592
    0.99      0.9 0.264667 0.389654
    0.99        1     0.31    0.429
    0.99        2     0.49 0.494134
    0.99        4     0.49 0.496436
   0.999     0.05 0.144667 0.206333
   0.999      0.1 0.201333 0.202703
   0.999     0.15 0.204667 0.204689
   0.999      0.2 0.204667 0.204706
   0.999      0.3 0.204667 0.202342
   0.999      0.4 0.204667 0.188234
   0.999      0.5 0.182667 0.209738
   0.999      0.6    0.238 0.294174
   0.999      0.7    0.294 0.372158
   0.999      0.8 0.326667 0.434757
   0.999      0.9 0.486667 0.461878
   0.999        1    0.492 0.474335
   0.999        2 0.496667 0.499193
   0.999        4     0.49 0.499497
  0.9999     0.05 0.144667    0.207
  0.9999      0.1 0.204667 0.204666
  0.9999     0.15 0.204667 0.204671
  0.9999      0.2 0.204667 0.204754
  0.9999      0.3 0.204667 0.201688
  0.9999      0.4    0.204  0.19015
  0.9999      0.5     0.25 0.288622
  0.9999      0.6 0.378667 0.393483
  0.9999      0.7 0.452667 0.455475
  0.9999      0.8 0.499333 0.475373
  0.9999      0.9      0.5 0.482818
  0.9999        1      0.5 0.491076
  0.9999        2      0.5 0.499916
  0.9999        4      0.5 0.499948