       0     0.05 0.501333 0.496667
     0.2     0.05    0.482 0.481558
     0.4     0.05     0.48 0.482269
     0.6     0.05 0.479333 0.483147
     0.8     0.05    0.476 0.484741
     0.9     0.05    0.476 0.486909
    0.95     0.05 0.474667 0.489603
    0.99     0.05 0.467333 0.495509
   0.999     0.05 0.488667 0.499241
  0.9999     0.05 0.501333 0.499975
       0      0.1 0.501333 0.496667
     0.2      0.1 0.476667 0.484463
     0.4      0.1 0.476667 0.485385
     0.6      0.1 0.474667 0.486791
     0.8      0.1 0.473333 0.489482
     0.9      0.1    0.474 0.492164
    0.95      0.1 0.469333 0.494376
    0.99      0.1 0.506667 0.497439
   0.999      0.1 0.501333 0.499604
  0.9999      0.1 0.504667 0.500101
       0     0.15 0.501333 0.496667
     0.2     0.15 0.472667 0.487116
     0.4     0.15 0.473333  0.48823
     0.6     0.15 0.468667 0.489864
     0.8     0.15 0.473333 0.492511
     0.9     0.15 0.474667 0.494547
    0.95     0.15    0.482   0.4959
    0.99     0.15    0.504 0.497849
   0.999     0.15 0.501333 0.499706
  0.9999     0.15 0.504667 0.500166
       0      0.2 0.501333 0.496667
     0.2      0.2    0.478 0.489123
     0.4      0.2 0.473333 0.490397
     0.6      0.2 0.470667 0.492032
     0.8      0.2 0.469333 0.494205
     0.9      0.2 0.480667 0.495591
    0.95      0.2    0.508 0.496475
    0.99      0.2 0.501333 0.497977
   0.999      0.2 0.501333  0.49973
  0.9999      0.2 0.504667 0.500179
       0      0.3 0.501333 0.496667
     0.2      0.3 0.474667  0.49248
     0.4      0.3 0.471333 0.493443
     0.6      0.3 0.472667 0.494496
     0.8      0.3    0.488 0.495674
     0.9      0.3 0.494667 0.496382
    0.95      0.3    0.504  0.49688
    0.99      0.3 0.501333 0.498049
   0.999      0.3 0.501333 0.499724
  0.9999      0.3 0.504667 0.500159
       0      0.4 0.501333 0.496667
     0.2      0.4    0.482 0.494298
     0.4      0.4    0.486 0.494885
     0.6      0.4 0.490667 0.495507
     0.8      0.4 0.489333 0.496202
     0.9      0.4      0.5 0.496645
    0.95      0.4 0.501333 0.497001
    0.99      0.4 0.501333 0.498059
   0.999      0.4 0.501333 0.499699
  0.9999      0.4 0.504667 0.500121
       0      0.5 0.501333 0.496667
     0.2      0.5 0.487333 0.495182
     0.4      0.5    0.492 0.495562
     0.6      0.5 0.489333 0.495969
     0.8      0.5    0.486 0.496433
     0.9      0.5    0.506  0.49675
    0.95      0.5 0.501333 0.497041
    0.99      0.5 0.501333 0.498053
   0.999      0.5 0.501333 0.499672
  0.9999      0.5 0.504667 0.500084
       0      0.6 0.501333 0.496667
     0.2      0.6     0.49  0.49565
     0.4      0.6 0.492667  0.49592
     0.6      0.6 0.492667 0.496209
     0.8      0.6 0.485333 0.496548
     0.9      0.6 0.502667 0.496797
    0.95      0.6 0.501333 0.497054
    0.99      0.6 0.501333 0.498044
   0.999      0.6 0.501333  0.49965
  0.9999      0.6 0.504667 0.500054
       0      0.7 0.501333 0.496667
     0.2      0.7 0.489333 0.495927
     0.4      0.7 0.490667 0.496129
     0.6      0.7 0.493333 0.496349
     0.8      0.7 0.484667 0.496612
     0.9      0.7 0.503333  0.49682
    0.95      0.7 0.501333 0.497057
    0.99      0.7 0.501333 0.498035
   0.999      0.7 0.501333 0.499633
  0.9999      0.7 0.504667 0.500033
       0      0.8 0.501333 0.496667
     0.2      0.8 0.488667 0.496104
     0.4      0.8 0.491333 0.496263
     0.6      0.8 0.495333 0.496436
     0.8      0.8 0.490667  0.49665
     0.9      0.8 0.502667 0.496833
    0.95      0.8 0.501333 0.497057
    0.99      0.8 0.501333 0.498028
   0.999      0.8 0.501333  0.49962
  0.9999      0.8 0.501333 0.500017
       0      0.9 0.501333 0.496667
     0.2      0.9 0.491333 0.496224
     0.4      0.9 0.491333 0.496353
     0.6      0.9 0.494667 0.496494
     0.8      0.9 0.493333 0.496675
     0.9      0.9 0.501333  0.49684
    0.95      0.9 0.501333 0.497056
    0.99      0.9 0.501333 0.498022
   0.999      0.9 0.501333  0.49961
  0.9999      0.9 0.501333 0.500005
       0        1 0.501333 0.496667
     0.2        1 0.491333  0.49631
     0.4        1     0.49 0.496417
     0.6        1 0.493333 0.496535
     0.8        1 0.494667 0.496691
     0.9        1 0.501333 0.496844
    0.95        1 0.501333 0.497054
    0.99        1 0.501333 0.498017
   0.999        1 0.501333 0.499603
  0.9999        1 0.501333 0.499995
       0        2 0.501333 0.496667
     0.2        2 0.490667 0.496582
     0.4        2 0.492667 0.496616
     0.6        2 0.494667  0.49666
     0.8        2 0.501333 0.496739
     0.9        2 0.501333 0.496854
    0.95        2 0.501333 0.497046
    0.99        2 0.501333 0.497999
   0.999        2 0.501333 0.499575
  0.9999        2 0.501333 0.499963
       0        4 0.501333 0.496667
     0.2        4 0.491333  0.49665
     0.4        4    0.494 0.496665
     0.6        4    0.494  0.49669
     0.8        4 0.499333  0.49675
     0.9        4 0.501333 0.496855
    0.95        4 0.501333 0.497043
    0.99        4 0.501333 0.497994
   0.999        4 0.501333 0.499568
  0.9999        4 0.501333 0.499954