        0      0.05  0.466667  0.466667
      0.2      0.05 0.0346667   0.10588
      0.4      0.05 0.0293333   0.12297
      0.6      0.05 0.0253333   0.15284
      0.8      0.05 0.0226667  0.217993
      0.9      0.05 0.0213333  0.292628
     0.95      0.05     0.028  0.362391
     0.99      0.05  0.108667   0.46089
    0.999      0.05  0.332667  0.495549
   0.9999      0.05       0.5  0.499548
        0       0.1  0.466667  0.466667
      0.2       0.1 0.0513333  0.300806
      0.4       0.1     0.058  0.327847
      0.6       0.1 0.0753333  0.362439
      0.8       0.1  0.125333  0.409687
      0.9       0.1  0.177333  0.442804
     0.95       0.1     0.216  0.465245
     0.99       0.1  0.307333   0.49101
    0.999       0.1  0.466667  0.499022
   0.9999       0.1       0.5  0.499901
        0      0.15  0.466667  0.466667
      0.2      0.15  0.151333  0.397824
      0.4      0.15      0.18  0.412526
      0.6      0.15  0.227333  0.429523
      0.8      0.15  0.298667  0.451041
      0.9      0.15  0.373333   0.46659
     0.95      0.15  0.379333  0.478385
     0.99      0.15     0.334  0.494004
    0.999      0.15  0.466667  0.499336
   0.9999      0.15       0.5  0.499933
        0       0.2  0.466667  0.466667
      0.2       0.2     0.362  0.434987
      0.4       0.2  0.393333  0.442296
      0.6       0.2  0.405333  0.450939
      0.8       0.2  0.423333  0.462938
      0.9       0.2  0.420667  0.473088
     0.95       0.2     0.406  0.481878
     0.99       0.2     0.442  0.494776
    0.999       0.2  0.466667  0.499416
   0.9999       0.2       0.5  0.499941
        0       0.3  0.466667  0.466667
      0.2       0.3      0.46  0.455463
      0.4       0.3  0.460667  0.458494
      0.6       0.3      0.46  0.462607
      0.8       0.3     0.452  0.469579
      0.9       0.3  0.432667  0.476804
     0.95       0.3  0.397333  0.483917
     0.99       0.3  0.466667  0.495246
    0.999       0.3  0.466667  0.499465
   0.9999       0.3       0.5  0.499946
        0       0.4  0.466667  0.466667
      0.2       0.4      0.47  0.460392
      0.4       0.4  0.468667  0.462609
      0.6       0.4  0.464667  0.465741
      0.8       0.4  0.454667  0.471455
      0.9       0.4  0.433333  0.477891
     0.95       0.4     0.368  0.484542
     0.99       0.4  0.466667  0.495407
    0.999       0.4  0.466667  0.499483
   0.9999       0.4       0.5  0.499948
        0       0.5  0.466667  0.466667
      0.2       0.5  0.469333  0.462625
      0.4       0.5  0.469333  0.464469
      0.6       0.5     0.468  0.467139
      0.8       0.5  0.458667  0.472274
      0.9       0.5  0.429333  0.478366
     0.95       0.5  0.355333  0.484822
     0.99       0.5  0.466667  0.495484
    0.999       0.5  0.466667  0.499492
   0.9999       0.5       0.5  0.499949
        0       0.6  0.466667  0.466667
      0.2       0.6  0.470667   0.46392
      0.4       0.6  0.469333  0.465522
      0.6       0.6  0.468667  0.467908
      0.8       0.6     0.458  0.472712
      0.9       0.6  0.426667  0.478618
     0.95       0.6  0.361333  0.484971
     0.99       0.6  0.466667  0.495525
    0.999       0.6  0.466667  0.499497
   0.9999       0.6       0.5  0.499949
        0       0.7  0.466667  0.466667
      0.2       0.7     0.472  0.464743
      0.4       0.7  0.469333  0.466178
      0.6       0.7     0.468  0.468377
      0.8       0.7     0.458  0.472973
      0.9       0.7     0.426  0.478767
     0.95       0.7  0.367333   0.48506
     0.99       0.7  0.466667   0.49555
    0.999       0.7  0.466667    0.4995
   0.9999       0.7       0.5  0.499949
        0       0.8  0.466667  0.466667
      0.2       0.8  0.470667  0.465296
      0.4       0.8  0.468667  0.466613
      0.6       0.8     0.468  0.468684
      0.8       0.8  0.457333  0.473142
      0.9       0.8     0.424  0.478864
     0.95       0.8  0.374667  0.485118
     0.99       0.8  0.466667  0.495566
    0.999       0.8  0.466667  0.499502
   0.9999       0.8       0.5   0.49995
        0       0.9  0.466667  0.466667
      0.2       0.9  0.471333  0.465685
      0.4       0.9      0.47  0.466916
      0.6       0.9     0.468  0.468896
      0.8       0.9     0.458  0.473258
      0.9       0.9  0.421333  0.478929
     0.95       0.9  0.378667  0.485156
     0.99       0.9  0.466667  0.495577
    0.999       0.9  0.466667  0.499503
   0.9999       0.9     0.498   0.49995
        0         1  0.466667  0.466667
      0.2         1  0.471333  0.465967
      0.4         1      0.47  0.467135
      0.6         1     0.468  0.469048
      0.8         1     0.458   0.47334
      0.9         1  0.418667  0.478976
     0.95         1  0.380667  0.485184
     0.99         1  0.466667  0.495585
    0.999         1  0.466667  0.499504
   0.9999         1  0.466667   0.49995
        0         2  0.466667  0.466667
      0.2         2     0.472  0.466896
      0.4         2  0.470667  0.467845
      0.6         2     0.468  0.469536
      0.8         2  0.456667  0.473601
      0.9         2     0.412  0.479123
     0.95         2  0.399333  0.485271
     0.99         2  0.466667  0.495609
    0.999         2  0.466667  0.499506
   0.9999         2  0.466667   0.49995
        0         4  0.466667  0.466667
      0.2         4     0.472  0.467134
      0.4         4  0.470667  0.468026
      0.6         4     0.468  0.469658
      0.8         4  0.456667  0.473666
      0.9         4     0.412   0.47916
     0.95         4  0.402667  0.485293
     0.99         4  0.466667  0.495615
    0.999         4  0.466667  0.499507
   0.9999         4  0.466667   0.49995