        0      0.05      0.49      0.49
      0.2      0.05 0.0886667  0.136763
      0.4      0.05 0.0793333  0.150523
      0.6      0.05 0.0753333  0.176542
      0.8      0.05 0.0773333  0.237034
      0.9      0.05     0.092   0.30837
     0.95      0.05  0.132667  0.374934
     0.99      0.05  0.317333   0.46565
    0.999      0.05  0.490667  0.496004
   0.9999      0.05       0.5   0.49959
        0       0.1      0.49      0.49
      0.2       0.1  0.176667  0.314518
      0.4       0.1     0.194  0.343563
      0.6       0.1  0.227333   0.37987
      0.8       0.1     0.302  0.427207
      0.9       0.1  0.391333  0.457245
     0.95       0.1  0.426667  0.474834
     0.99       0.1     0.434  0.492721
    0.999       0.1      0.49  0.499096
   0.9999       0.1       0.5  0.499907
        0      0.15      0.49      0.49
      0.2      0.15  0.289333  0.414462
      0.4      0.15  0.323333  0.430347
      0.6      0.15     0.368  0.448092
      0.8      0.15  0.407333  0.468285
      0.9      0.15     0.446  0.479846
     0.95      0.15  0.452667  0.486723
     0.99      0.15      0.49  0.495329
    0.999      0.15      0.49  0.499379
   0.9999      0.15       0.5  0.499936
        0       0.2      0.49      0.49
      0.2       0.2     0.362  0.453791
      0.4       0.2     0.382  0.461893
      0.6       0.2  0.407333  0.470654
      0.8       0.2  0.439333  0.480387
      0.9       0.2  0.448667  0.486147
     0.95       0.2  0.436667   0.48998
     0.99       0.2      0.49  0.496035
    0.999       0.2      0.49  0.499455
   0.9999       0.2       0.5  0.499943
        0       0.3      0.49      0.49
      0.2       0.3  0.432667  0.478559
      0.4       0.3  0.438667  0.481179
      0.6       0.3  0.441333  0.484045
      0.8       0.3     0.432  0.487435
      0.9       0.3  0.453333  0.489811
     0.95       0.3      0.49  0.491872
     0.99       0.3      0.49  0.496445
    0.999       0.3      0.49    0.4995
   0.9999       0.3       0.5  0.499948
        0       0.4      0.49      0.49
      0.2       0.4  0.466667  0.484354
      0.4       0.4  0.463333  0.485696
      0.6       0.4  0.448667  0.487207
      0.8       0.4     0.402  0.489123
      0.9       0.4  0.494667  0.490694
     0.95       0.4      0.49  0.492328
     0.99       0.4      0.49  0.496549
    0.999       0.4      0.49  0.499512
   0.9999       0.4       0.5  0.499949
        0       0.5      0.49      0.49
      0.2       0.5     0.478  0.486433
      0.4       0.5  0.473333  0.487336
      0.6       0.5  0.450667  0.488366
      0.8       0.5     0.414  0.489744
      0.9       0.5      0.49  0.491018
     0.95       0.5      0.49  0.492496
     0.99       0.5      0.49  0.496588
    0.999       0.5      0.49  0.499517
   0.9999       0.5       0.5   0.49995
        0       0.6      0.49      0.49
      0.2       0.6     0.482  0.487494
      0.4       0.6  0.478667  0.488171
      0.6       0.6     0.444  0.488952
      0.8       0.6     0.424  0.490055
      0.9       0.6      0.49  0.491178
     0.95       0.6      0.49  0.492579
     0.99       0.6      0.49  0.496607
    0.999       0.6      0.49  0.499519
   0.9999       0.6       0.5   0.49995
        0       0.7      0.49      0.49
      0.2       0.7     0.486  0.488138
      0.4       0.7     0.478  0.488673
      0.6       0.7     0.438  0.489301
      0.8       0.7  0.422667  0.490237
      0.9       0.7      0.49  0.491271
     0.95       0.7      0.49  0.492626
     0.99       0.7      0.49  0.496618
    0.999       0.7      0.49  0.499521
   0.9999       0.7       0.5   0.49995
        0       0.8      0.49      0.49
      0.2       0.8     0.488  0.488565
      0.4       0.8  0.475333  0.489003
      0.6       0.8  0.435333  0.489528
      0.8       0.8     0.428  0.490354
      0.9       0.8      0.49  0.491331
     0.95       0.8      0.49  0.492657
     0.99       0.8      0.49  0.496625
    0.999       0.8      0.49  0.499521
   0.9999       0.8       0.5   0.49995
        0       0.9      0.49      0.49
      0.2       0.9     0.488  0.488863
      0.4       0.9  0.476667  0.489232
      0.6       0.9     0.436  0.489685
      0.8       0.9  0.430667  0.490435
      0.9       0.9      0.49  0.491372
     0.95       0.9      0.49  0.492678
     0.99       0.9      0.49   0.49663
    0.999       0.9      0.49  0.499522
   0.9999       0.9       0.5   0.49995
        0         1      0.49      0.49
      0.2         1     0.488  0.489081
      0.4         1  0.477333  0.489398
      0.6         1  0.436667  0.489798
      0.8         1  0.433333  0.490492
      0.9         1      0.49  0.491401
     0.95         1      0.49  0.492692
     0.99         1      0.49  0.496633
    0.999         1      0.49  0.499522
   0.9999         1      0.49   0.49995
        0         2      0.49      0.49
      0.2         2      0.49    0.4898
      0.4         2  0.477333  0.489944
      0.6         2  0.431333  0.490166
      0.8         2  0.441333  0.490678
      0.9         2      0.49  0.491495
     0.95         2      0.49  0.492739
     0.99         2      0.49  0.496643
    0.999         2      0.49  0.499523
   0.9999         2      0.49   0.49995
        0         4      0.49      0.49
      0.2         4  0.489333  0.489987
      0.4         4  0.476667  0.490084
      0.6         4     0.428   0.49026
      0.8         4  0.442667  0.490725
      0.9         4      0.49  0.491518
     0.95         4      0.49  0.492751
     0.99         4      0.49  0.496645
    0.999         4      0.49  0.499524
   0.9999         4      0.49   0.49995