       0     0.05 0.465333 0.466667
     0.2     0.05 0.465333 0.466667
     0.4     0.05 0.465333 0.466667
     0.6     0.05 0.465333 0.466667
     0.8     0.05 0.465333 0.466667
     0.9     0.05 0.465333 0.466667
    0.95     0.05 0.465333 0.466667
    0.99     0.05 0.465333 0.466667
   0.999     0.05 0.465333 0.466667
  0.9999     0.05 0.465333 0.466667
       0      0.1 0.465333 0.466667
     0.2      0.1    0.364 0.368526
     0.4      0.1 0.367333 0.372873
     0.6      0.1 0.377333 0.376266
     0.8      0.1     0.38 0.378959
     0.9      0.1    0.382 0.380247
    0.95      0.1 0.374667 0.381715
    0.99      0.1 0.397333 0.388775
   0.999      0.1 0.394667 0.395395
  0.9999      0.1    0.392 0.397634
       0     0.15 0.465333 0.466667
     0.2     0.15 0.355333  0.36561
     0.4     0.15 0.354667 0.370196
     0.6     0.15 0.358667 0.374927
     0.8     0.15 0.367333 0.381451
     0.9     0.15 0.374667 0.387206
    0.95     0.15    0.382 0.392318
    0.99     0.15    0.386 0.402106
   0.999     0.15    0.402 0.420248
  0.9999     0.15 0.434667 0.438556
       0      0.2 0.465333 0.466667
     0.2      0.2 0.347333 0.361433
     0.4      0.2 0.350667  0.37048
     0.6      0.2 0.344667 0.378056
     0.8      0.2 0.354667  0.38781
     0.9      0.2 0.360667 0.396235
    0.95      0.2 0.372667 0.404237
    0.99      0.2 0.392667 0.423537
   0.999      0.2 0.429333 0.448306
  0.9999      0.2 0.447333 0.465197
       0      0.3 0.465333 0.466667
     0.2      0.3 0.314667 0.354985
     0.4      0.3 0.308667 0.370813
     0.6      0.3 0.309333 0.388176
     0.8      0.3    0.324 0.412315
     0.9      0.3 0.337333 0.432287
    0.95      0.3 0.369333 0.448795
    0.99      0.3 0.445333 0.475932
   0.999      0.3 0.486667 0.494682
  0.9999      0.3 0.501333 0.499424
       0      0.4 0.465333 0.466667
     0.2      0.4    0.276 0.373554
     0.4      0.4 0.276667 0.391529
     0.6      0.4 0.268667 0.412359
     0.8      0.4 0.278667 0.439162
     0.9      0.4 0.305333 0.457969
    0.95      0.4 0.381333 0.471518
    0.99      0.4 0.465333 0.490425
   0.999      0.4 0.496667 0.498813
  0.9999      0.4 0.501333 0.499935
       0      0.5 0.465333 0.466667
     0.2      0.5 0.246667 0.402204
     0.4      0.5 0.246667 0.416738
     0.6      0.5 0.245333 0.433223
     0.8      0.5 0.262667 0.453522
     0.9      0.5 0.297333 0.467656
    0.95      0.5 0.398667 0.478275
    0.99      0.5    0.468  0.49334
   0.999      0.5 0.495333 0.499251
  0.9999      0.5 0.501333 0.499958
       0      0.6 0.465333 0.466667
     0.2      0.6 0.222667 0.423777
     0.4      0.6    0.226 0.434418
     0.6      0.6 0.229333 0.446348
     0.8      0.6    0.256 0.461209
     0.9      0.6 0.312667 0.472264
    0.95      0.6 0.435333 0.481231
    0.99      0.6    0.468 0.494406
   0.999      0.6 0.491333 0.499385
  0.9999      0.6 0.501333 0.499962
       0      0.7 0.465333 0.466667
     0.2      0.7 0.218667 0.437155
     0.4      0.7 0.220667 0.445023
     0.6      0.7 0.227333 0.453897
     0.8      0.7    0.264 0.465392
     0.9      0.7 0.349333 0.474674
    0.95      0.7    0.454 0.482723
    0.99      0.7    0.468 0.494899
   0.999      0.7    0.486 0.499442
  0.9999      0.7 0.501333 0.499963
       0      0.8 0.465333 0.466667
     0.2      0.8 0.214667  0.44543
     0.4      0.8    0.224 0.451473
     0.6      0.8 0.225333 0.458397
     0.8      0.8    0.276 0.467823
     0.9      0.8 0.381333 0.476043
    0.95      0.8    0.466  0.48355
    0.99      0.8    0.468 0.495156
   0.999      0.8 0.472667  0.49947
  0.9999      0.8 0.501333 0.499962
       0      0.9 0.465333 0.466667
     0.2      0.9 0.217333 0.450767
     0.4      0.9 0.224667 0.455591
     0.6      0.9 0.229333 0.461238
     0.8      0.9    0.284 0.469333
     0.9      0.9    0.398  0.47688
    0.95      0.9    0.468 0.484045
    0.99      0.9    0.468 0.495303
   0.999      0.9    0.468 0.499485
  0.9999      0.9 0.501333 0.499961
       0        1 0.465333 0.466667
     0.2        1    0.222  0.45437
     0.4        1    0.226 0.458354
     0.6        1    0.236  0.46313
     0.8        1    0.296 0.470328
     0.9        1    0.412 0.477423
    0.95        1    0.468  0.48436
    0.99        1    0.468 0.495392
   0.999        1    0.468 0.499493
  0.9999        1 0.501333  0.49996
       0        2 0.465333 0.466667
     0.2        2 0.231333 0.464424
     0.4        2 0.242667 0.465989
     0.6        2 0.269333 0.468298
     0.8        2    0.346 0.472988
     0.9        2 0.445333 0.478825
    0.95        2    0.468 0.485129
    0.99        2    0.468 0.495586
   0.999        2    0.468 0.499507
  0.9999        2 0.501333 0.499953
       0        4 0.465333 0.466667
     0.2        4 0.243333 0.466544
     0.4        4 0.257333 0.467584
     0.6        4 0.278667 0.469364
     0.8        4 0.357333 0.473522
     0.9        4 0.450667 0.479091
    0.95        4    0.468 0.485261
    0.99        4    0.468  0.49561
   0.999        4    0.468 0.499507
  0.9999        4    0.468 0.499951