        0      0.05  0.466667  0.466667
      0.2      0.05 0.0246667  0.106908
      0.4      0.05 0.0206667  0.125703
      0.6      0.05 0.0206667  0.157233
      0.8      0.05 0.0206667  0.223759
      0.9      0.05 0.0193333  0.298547
     0.95      0.05 0.0246667  0.367891
     0.99      0.05     0.064  0.464135
    0.999      0.05     0.148   0.49607
   0.9999      0.05  0.365333  0.499603
        0       0.1  0.466667  0.466667
      0.2       0.1 0.0686667  0.313307
      0.4       0.1 0.0906667  0.339358
      0.6       0.1  0.118667  0.372325
      0.8       0.1  0.189333  0.416851
      0.9       0.1     0.268  0.447724
     0.95       0.1  0.318667  0.468422
     0.99       0.1      0.42  0.491894
    0.999       0.1  0.466667   0.49912
   0.9999       0.1       0.5  0.499911
        0      0.15  0.466667  0.466667
      0.2      0.15     0.246  0.405778
      0.4      0.15  0.271333  0.419159
      0.6      0.15  0.304667  0.434625
      0.8      0.15  0.361333  0.454279
      0.9      0.15  0.412667  0.468619
     0.95      0.15      0.43  0.479628
     0.99      0.15  0.383333  0.494344
    0.999      0.15  0.466667  0.499374
   0.9999      0.15       0.5  0.499937
        0       0.2  0.466667  0.466667
      0.2       0.2  0.381333    0.4383
      0.4       0.2  0.408667  0.445026
      0.6       0.2     0.424   0.45305
      0.8       0.2  0.434667  0.464326
      0.9       0.2      0.44  0.474008
     0.95       0.2     0.444  0.482484
     0.99       0.2     0.396  0.494964
    0.999       0.2  0.466667  0.499438
   0.9999       0.2       0.5  0.499943
        0       0.3  0.466667  0.466667
      0.2       0.3      0.45  0.456321
      0.4       0.3  0.454667    0.4593
      0.6       0.3     0.456  0.463313
      0.8       0.3  0.457333  0.470107
      0.9       0.3     0.458  0.477201
     0.95       0.3     0.418  0.484214
     0.99       0.3  0.466667  0.495354
    0.999       0.3  0.466667  0.499479
   0.9999       0.3       0.5  0.499947
        0       0.4  0.466667  0.466667
      0.2       0.4  0.460667  0.461018
      0.4       0.4  0.459333  0.463166
      0.6       0.4      0.46  0.466199
      0.8       0.4     0.466  0.471783
      0.9       0.4  0.445333  0.478143
     0.95       0.4  0.391333  0.484739
     0.99       0.4  0.466667  0.495482
    0.999       0.4  0.466667  0.499493
   0.9999       0.4       0.5  0.499949
        0       0.5  0.466667  0.466667
      0.2       0.5     0.468   0.46311
      0.4       0.5     0.468  0.464879
      0.6       0.5     0.468  0.467459
      0.8       0.5  0.467333  0.472497
      0.9       0.5  0.439333   0.47854
     0.95       0.5  0.377333   0.48496
     0.99       0.5  0.466667  0.495538
    0.999       0.5  0.466667  0.499499
   0.9999       0.5       0.5  0.499949
        0       0.6  0.466667  0.466667
      0.2       0.6  0.467333  0.464289
      0.4       0.6  0.467333  0.465825
      0.6       0.6  0.469333  0.468139
      0.8       0.6  0.467333  0.472871
      0.9       0.6     0.436  0.478744
     0.95       0.6  0.365333  0.485073
     0.99       0.6  0.466667  0.495565
    0.999       0.6  0.466667  0.499502
   0.9999       0.6       0.5   0.49995
        0       0.7  0.466667  0.466667
      0.2       0.7      0.47  0.465026
      0.4       0.7  0.469333  0.466407
      0.6       0.7  0.468667   0.46855
      0.8       0.7     0.468  0.473092
      0.9       0.7  0.433333  0.478862
     0.95       0.7  0.365333  0.485138
     0.99       0.7  0.466667  0.495581
    0.999       0.7  0.466667  0.499503
   0.9999       0.7       0.5   0.49995
        0       0.8  0.466667  0.466667
      0.2       0.8  0.471333  0.465519
      0.4       0.8      0.47  0.466791
      0.6       0.8      0.47  0.468817
      0.8       0.8  0.466667  0.473234
      0.9       0.8  0.427333  0.478938
     0.95       0.8  0.362667  0.485178
     0.99       0.8  0.466667   0.49559
    0.999       0.8  0.466667  0.499504
   0.9999       0.8  0.466667   0.49995
        0       0.9  0.466667  0.466667
      0.2       0.9     0.472  0.465863
      0.4       0.9  0.471333  0.467058
      0.6       0.9  0.469333  0.469001
      0.8       0.9  0.465333   0.47333
      0.9       0.9  0.426667  0.478988
     0.95       0.9  0.364667  0.485205
     0.99       0.9  0.466667  0.495596
    0.999       0.9  0.466667  0.499505
   0.9999       0.9  0.466667   0.49995
        0         1  0.466667  0.466667
      0.2         1      0.47  0.466113
      0.4         1  0.471333   0.46725
      0.6         1  0.468667  0.469133
      0.8         1  0.464667  0.473399
      0.9         1  0.425333  0.479024
     0.95         1     0.366  0.485224
     0.99         1  0.466667  0.495601
    0.999         1  0.466667  0.499506
   0.9999         1  0.466667   0.49995
        0         2  0.466667  0.466667
      0.2         2  0.470667  0.466933
      0.4         2      0.47  0.467875
      0.6         2     0.472  0.469557
      0.8         2  0.462667  0.473616
      0.9         2      0.42  0.479136
     0.95         2  0.372667  0.485281
     0.99         2  0.466667  0.495613
    0.999         2  0.466667  0.499507
   0.9999         2  0.466667   0.49995
        0         4  0.466667  0.466667
      0.2         4      0.47  0.467143
      0.4         4      0.47  0.468033
      0.6         4  0.471333  0.469663
      0.8         4  0.462667   0.47367
      0.9         4  0.419333  0.479163
     0.95         4     0.374  0.485295
     0.99         4  0.466667  0.495616
    0.999         4  0.466667  0.499507
   0.9999         4  0.466667   0.49995