       0     0.05     0.49     0.49
       0      0.1     0.49     0.49
       0     0.15     0.49     0.49
       0      0.2     0.49     0.49
       0      0.3     0.49     0.49
       0      0.4     0.49     0.49
       0      0.5     0.49     0.49
       0      0.6     0.49     0.49
       0      0.7     0.49     0.49
       0      0.8     0.49     0.49
       0      0.9     0.49     0.49
       0        1     0.49     0.49
       0        2     0.49     0.49
       0        4     0.49     0.49
     0.2     0.05     0.22 0.226998
     0.2      0.1    0.302 0.302115
     0.2     0.15    0.308 0.306179
     0.2      0.2 0.307333 0.304882
     0.2      0.3 0.306667 0.303024
     0.2      0.4    0.292 0.295446
     0.2      0.5 0.274667 0.290951
     0.2      0.6 0.273333 0.292281
     0.2      0.7 0.269333 0.295688
     0.2      0.8 0.266667 0.303007
     0.2      0.9 0.265333 0.314599
     0.2        1 0.264667 0.329332
     0.2        2 0.343333 0.448036
     0.2        4 0.408667 0.482876
     0.4     0.05 0.220667 0.226994
     0.4      0.1 0.308667 0.308012
     0.4     0.15 0.307333 0.302484
     0.4      0.2    0.308 0.301494
     0.4      0.3 0.292667 0.295174
     0.4      0.4    0.284 0.297008
     0.4      0.5 0.285333 0.294417
     0.4      0.6 0.277333 0.292782
     0.4      0.7 0.272667 0.296003
     0.4      0.8     0.27 0.303434
     0.4      0.9 0.263333 0.316244
     0.4        1 0.263333 0.333056
     0.4        2 0.352667 0.454102
     0.4        4 0.390667 0.484461
     0.6     0.05 0.221333  0.22731
     0.6      0.1 0.308667 0.308033
     0.6     0.15    0.308 0.301056
     0.6      0.2    0.308 0.297446
     0.6      0.3 0.279333 0.290325
     0.6      0.4     0.28 0.292466
     0.6      0.5 0.282667 0.296513
     0.6      0.6 0.284667 0.295358
     0.6      0.7 0.276667 0.297713
     0.6      0.8 0.270667 0.305873
     0.6      0.9 0.263333 0.320611
     0.6        1     0.26  0.34025
     0.6        2 0.375333 0.461813
     0.6        4    0.386 0.486293
     0.8     0.05 0.221333 0.227499
     0.8      0.1 0.307333 0.305805
     0.8     0.15 0.305333 0.300525
     0.8      0.2 0.276667 0.295457
     0.8      0.3 0.280667 0.291577
     0.8      0.4    0.276 0.291533
     0.8      0.5    0.282 0.293663
     0.8      0.6 0.290667 0.296744
     0.8      0.7     0.28 0.301194
     0.8      0.8 0.269333 0.312516
     0.8      0.9    0.264 0.332349
     0.8        1     0.27 0.356805
     0.8        2 0.420667 0.472733
     0.8        4 0.428667  0.48863
     0.9     0.05 0.221333 0.226923
     0.9      0.1 0.300667 0.301414
     0.9     0.15 0.292667 0.290302
     0.9      0.2 0.278667 0.286848
     0.9      0.3 0.287333 0.295414
     0.9      0.4    0.286 0.296513
     0.9      0.5 0.278667 0.294074
     0.9      0.6 0.279333 0.296371
     0.9      0.7 0.276667 0.304824
     0.9      0.8 0.271333 0.322336
     0.9      0.9    0.278 0.348753
     0.9        1 0.280667 0.376698
     0.9        2 0.476667 0.480933
     0.9        4 0.480667 0.490467
    0.95     0.05     0.22  0.22563
    0.95      0.1     0.29 0.291807
    0.95     0.15 0.291333 0.283003
    0.95      0.2 0.274667 0.280569
    0.95      0.3 0.286667 0.293737
    0.95      0.4 0.290667 0.300632
    0.95      0.5    0.282   0.2968
    0.95      0.6 0.280667 0.297976
    0.95      0.7 0.270667 0.311132
    0.95      0.8 0.282667 0.336268
    0.95      0.9    0.292 0.368434
    0.95        1    0.294 0.397194
    0.95        2 0.446667 0.486894
    0.95        4 0.456667 0.492264
    0.99     0.05    0.216 0.222245
    0.99      0.1 0.278667 0.279121
    0.99     0.15 0.269333 0.275111
    0.99      0.2 0.276667 0.278768
    0.99      0.3     0.29 0.292777
    0.99      0.4 0.296667 0.305494
    0.99      0.5 0.296667 0.304624
    0.99      0.6    0.296 0.315583
    0.99      0.7    0.308 0.342319
    0.99      0.8    0.334 0.380284
    0.99      0.9    0.324 0.414363
    0.99        1 0.434667 0.437719
    0.99        2     0.49 0.495328
    0.99        4     0.49 0.496609
   0.999     0.05    0.216 0.220955
   0.999      0.1    0.278 0.277276
   0.999     0.15 0.277333 0.277828
   0.999      0.2 0.278667 0.280225
   0.999      0.3 0.305333 0.305675
   0.999      0.4 0.309333 0.315604
   0.999      0.5    0.308 0.335039
   0.999      0.6    0.364 0.368868
   0.999      0.7    0.362 0.403659
   0.999      0.8    0.408 0.436765
   0.999      0.9 0.426667 0.459171
   0.999        1 0.448667 0.475898
   0.999        2 0.498667 0.499379
   0.999        4     0.49 0.499527
  0.9999     0.05 0.208667 0.215001
  0.9999      0.1 0.278667 0.275289
  0.9999     0.15 0.277333 0.279056
  0.9999      0.2 0.278667 0.282044
  0.9999      0.3 0.310667 0.316856
  0.9999      0.4     0.31 0.325405
  0.9999      0.5 0.399333 0.381587
  0.9999      0.6 0.399333  0.41503
  0.9999      0.7 0.457333 0.446257
  0.9999      0.8    0.452 0.468085
  0.9999      0.9      0.5 0.484043
  0.9999        1      0.5 0.494775
  0.9999        2      0.5 0.499935
  0.9999        4      0.5 0.499951