       0     0.05    0.486 0.496667
     0.2     0.05    0.486 0.496667
     0.4     0.05    0.486 0.496667
     0.6     0.05    0.486 0.496667
     0.8     0.05    0.486 0.496667
     0.9     0.05    0.486 0.496667
    0.95     0.05    0.486 0.496667
    0.99     0.05    0.486 0.496667
   0.999     0.05    0.486 0.496667
  0.9999     0.05    0.486 0.496667
       0      0.1    0.486 0.496667
     0.2      0.1 0.176667 0.179471
     0.4      0.1     0.19 0.185825
     0.6      0.1    0.194 0.191955
     0.8      0.1    0.202 0.198357
     0.9      0.1 0.202667 0.200581
    0.95      0.1 0.201333  0.20167
    0.99      0.1 0.200667 0.202967
   0.999      0.1 0.209333 0.208533
  0.9999      0.1     0.21 0.206938
       0     0.15    0.486 0.496667
     0.2     0.15    0.184 0.184885
     0.4     0.15 0.184667 0.185962
     0.6     0.15 0.191333 0.189605
     0.8     0.15 0.199333 0.196674
     0.9     0.15    0.202 0.200782
    0.95     0.15    0.202 0.203881
    0.99     0.15 0.209333  0.20667
   0.999     0.15    0.204 0.203203
  0.9999     0.15 0.199333 0.239153
       0      0.2    0.486 0.496667
     0.2      0.2 0.188667 0.187504
     0.4      0.2 0.187333 0.187169
     0.6      0.2    0.194 0.189765
     0.8      0.2 0.198667 0.194893
     0.9      0.2 0.207333 0.200269
    0.95      0.2 0.211333 0.203229
    0.99      0.2 0.205333 0.209934
   0.999      0.2 0.272667 0.250744
  0.9999      0.2 0.294667 0.281179
       0      0.3    0.486 0.496667
     0.2      0.3    0.208 0.214467
     0.4      0.3 0.192667 0.200708
     0.6      0.3    0.186 0.195849
     0.8      0.3    0.194 0.197037
     0.9      0.3 0.189333 0.204213
    0.95      0.3 0.184667 0.215554
    0.99      0.3 0.189333  0.25088
   0.999      0.3 0.209333 0.304408
  0.9999      0.3 0.194667 0.383082
       0      0.4    0.486 0.496667
     0.2      0.4    0.224 0.259217
     0.4      0.4 0.197333 0.241096
     0.6      0.4 0.181333 0.230767
     0.8      0.4 0.161333 0.229716
     0.9      0.4    0.158 0.239137
    0.95      0.4 0.161333 0.255257
    0.99      0.4 0.140667 0.318321
   0.999      0.4 0.136667 0.442047
  0.9999      0.4     0.22 0.491527
       0      0.5    0.486 0.496667
     0.2      0.5 0.231333 0.290352
     0.4      0.5      0.2 0.281329
     0.6      0.5 0.169333  0.27664
     0.8      0.5 0.145333 0.283299
     0.9      0.5 0.134667 0.304095
    0.95      0.5 0.126667 0.336682
    0.99      0.5    0.106 0.426366
   0.999      0.5 0.385333 0.488746
  0.9999      0.5    0.506 0.498985
       0      0.6    0.486 0.496667
     0.2      0.6 0.220667 0.310096
     0.4      0.6 0.195333 0.311033
     0.6      0.6 0.163333 0.317636
     0.8      0.6    0.128 0.340988
     0.9      0.6 0.113333 0.374893
    0.95      0.6     0.11 0.411495
    0.99      0.6 0.256667 0.471754
   0.999      0.6    0.504 0.496672
  0.9999      0.6     0.51 0.499999
       0      0.7    0.486 0.496667
     0.2      0.7    0.208 0.329145
     0.4      0.7 0.185333 0.337369
     0.6      0.7 0.160667 0.352821
     0.8      0.7    0.144 0.386232
     0.9      0.7 0.138667  0.42105
    0.95      0.7 0.177333 0.450041
    0.99      0.7 0.443333 0.486163
   0.999      0.7 0.506667 0.498528
  0.9999      0.7     0.51 0.500192
       0      0.8    0.486 0.496667
     0.2      0.8 0.203333 0.349916
     0.4      0.8 0.181333 0.362852
     0.6      0.8 0.167333 0.383086
     0.8      0.8    0.158 0.418356
     0.9      0.8     0.17 0.448059
    0.95      0.8 0.215333 0.469049
    0.99      0.8     0.47 0.491652
   0.999      0.8 0.507333 0.499092
  0.9999      0.8     0.51 0.500164
       0      0.9    0.486 0.496667
     0.2      0.9     0.19 0.370941
     0.4      0.9 0.178667 0.386192
     0.6      0.9 0.166667 0.407671
     0.8      0.9 0.161333 0.440184
     0.9      0.9    0.174 0.463921
    0.95      0.9 0.221333 0.479044
    0.99      0.9 0.470667 0.494133
   0.999      0.9 0.507333 0.499283
  0.9999      0.9     0.51 0.500088
       0        1    0.486 0.496667
     0.2        1 0.177333 0.390338
     0.4        1 0.174667 0.406063
     0.6        1 0.166667 0.426631
     0.8        1 0.164667 0.454847
     0.9        1 0.168667  0.47353
    0.95        1    0.202 0.484668
    0.99        1    0.458 0.495403
   0.999        1 0.507333 0.499358
  0.9999        1 0.507333 0.500023
       0        2    0.486 0.496667
     0.2        2 0.163333 0.470594
     0.4        2 0.161333 0.476617
     0.6        2 0.158667 0.482961
     0.8        2    0.164 0.489681
     0.9        2     0.18 0.493254
    0.95        2 0.235333 0.495212
    0.99        2 0.478667 0.497597
   0.999        2    0.486 0.499495
  0.9999        2    0.486 0.499916
       0        4    0.486 0.496667
     0.2        4 0.165333 0.490387
     0.4        4    0.166 0.491938
     0.6        4    0.162 0.493515
     0.8        4 0.177333 0.495146
     0.9        4 0.212667 0.496043
    0.95        4 0.322667 0.496629
    0.99        4    0.486 0.497901
   0.999        4    0.486 0.499545
  0.9999        4    0.486 0.499938