       0     0.05 0.493333 0.493333
     0.2     0.05 0.493333 0.493333
     0.4     0.05 0.493333 0.493333
     0.6     0.05 0.493333 0.493333
     0.8     0.05 0.493333 0.493333
     0.9     0.05 0.493333 0.493333
    0.95     0.05 0.493333 0.493333
    0.99     0.05 0.493333 0.493333
   0.999     0.05 0.493333 0.493333
  0.9999     0.05 0.493333 0.493333
       0      0.1 0.493333 0.493333
     0.2      0.1     0.46 0.457522
     0.4      0.1 0.457333 0.459114
     0.6      0.1 0.456667 0.460985
     0.8      0.1    0.458 0.463385
     0.9      0.1 0.459333 0.466286
    0.95      0.1 0.468667 0.469452
    0.99      0.1 0.474667 0.473572
   0.999      0.1 0.475333 0.478909
  0.9999      0.1 0.491333 0.490493
       0     0.15 0.493333 0.493333
     0.2     0.15 0.446667 0.453981
     0.4     0.15 0.448667 0.458814
     0.6     0.15 0.453333 0.462102
     0.8     0.15 0.464667 0.466993
     0.9     0.15 0.470667 0.471698
    0.95     0.15 0.470667 0.476198
    0.99     0.15 0.490667 0.486175
   0.999     0.15 0.498667 0.490241
  0.9999     0.15 0.495333 0.489517
       0      0.2 0.493333 0.493333
     0.2      0.2 0.449333 0.452715
     0.4      0.2 0.440667 0.456522
     0.6      0.2 0.449333 0.461373
     0.8      0.2 0.460667 0.468453
     0.9      0.2 0.479333 0.474938
    0.95      0.2 0.486667 0.479945
    0.99      0.2 0.492667 0.485205
   0.999      0.2    0.488 0.487286
  0.9999      0.2 0.490667 0.489519
       0      0.3 0.493333 0.493333
     0.2      0.3 0.424667 0.445233
     0.4      0.3 0.436667 0.453898
     0.6      0.3 0.448667 0.462018
     0.8      0.3 0.471333 0.472065
     0.9      0.3 0.487333 0.479139
    0.95      0.3 0.486667 0.484132
    0.99      0.3 0.488667 0.491374
   0.999      0.3    0.498 0.497481
  0.9999      0.3      0.5 0.499596
       0      0.4 0.493333 0.493333
     0.2      0.4    0.408  0.44399
     0.4      0.4 0.407333 0.453789
     0.6      0.4 0.423333 0.464176
     0.8      0.4 0.458667 0.476401
     0.9      0.4 0.481333 0.484082
    0.95      0.4 0.488667 0.489023
    0.99      0.4 0.491333 0.495537
   0.999      0.4      0.5 0.499241
  0.9999      0.4      0.5 0.499915
       0      0.5 0.493333 0.493333
     0.2      0.5 0.407333 0.454142
     0.4      0.5    0.404 0.462374
     0.6      0.5    0.398 0.471324
     0.8      0.5    0.444 0.481551
     0.9      0.5    0.482 0.487638
    0.95      0.5 0.488667  0.49141
    0.99      0.5 0.493333 0.496479
   0.999      0.5      0.5 0.499448
  0.9999      0.5      0.5 0.499941
       0      0.6 0.493333 0.493333
     0.2      0.6    0.406 0.464616
     0.4      0.6 0.399333 0.471029
     0.6      0.6 0.398667 0.477907
     0.8      0.6 0.437333 0.485515
     0.9      0.6 0.485333 0.489905
    0.95      0.6 0.490667 0.492659
    0.99      0.6 0.493333 0.496821
   0.999      0.6 0.494667  0.49951
  0.9999      0.6      0.5 0.499948
       0      0.7 0.493333 0.493333
     0.2      0.7    0.396 0.472249
     0.4      0.7 0.396667 0.477156
     0.6      0.7 0.409333 0.482338
     0.8      0.7 0.434667 0.487958
     0.9      0.7    0.484 0.491195
    0.95      0.7    0.492 0.493322
    0.99      0.7 0.493333 0.496971
   0.999      0.7 0.493333 0.499533
  0.9999      0.7      0.5  0.49995
       0      0.8 0.493333 0.493333
     0.2      0.8 0.394667 0.477411
     0.4      0.8 0.401333 0.481212
     0.6      0.8 0.399333 0.485186
     0.8      0.8 0.431333 0.489465
     0.9      0.8 0.483333 0.491967
    0.95      0.8 0.492667 0.493706
    0.99      0.8 0.493333 0.497043
   0.999      0.8 0.493333 0.499542
  0.9999      0.8      0.5 0.499951
       0      0.9 0.493333 0.493333
     0.2      0.9    0.396 0.480935
     0.4      0.9    0.402 0.483945
     0.6      0.9 0.402667 0.487076
     0.8      0.9 0.433333 0.490446
     0.9      0.9 0.481333 0.492462
    0.95      0.9 0.492667 0.493946
    0.99      0.9 0.493333 0.497081
   0.999      0.9 0.493333 0.499546
  0.9999      0.9      0.5 0.499952
       0        1 0.493333 0.493333
     0.2        1    0.396 0.483416
     0.4        1 0.402667 0.485855
     0.6        1 0.399333 0.488384
     0.8        1 0.430667 0.491117
     0.9        1 0.480667 0.492797
    0.95        1 0.492667 0.494107
    0.99        1 0.493333 0.497102
   0.999        1 0.493333 0.499547
  0.9999        1      0.5 0.499952
       0        2 0.493333 0.493333
     0.2        2 0.392667 0.490984
     0.4        2    0.394  0.49161
     0.6        2 0.402667 0.492274
     0.8        2 0.431333  0.49308
     0.9        2 0.481333 0.493762
    0.95        2 0.492667 0.494554
    0.99        2 0.493333 0.497131
   0.999        2 0.493333  0.49954
  0.9999        2 0.493333 0.499951
       0        4 0.493333 0.493333
     0.2        4 0.390667  0.49277
     0.4        4    0.394 0.492953
     0.6        4 0.404667 0.493172
     0.8        4 0.428667 0.493526
     0.9        4     0.48 0.493978
    0.95        4 0.492667 0.494651
    0.99        4 0.493333 0.497129
   0.999        4 0.493333 0.499536
  0.9999        4 0.493333 0.499951