        0      0.05     0.486  0.496667
        0       0.1     0.486  0.496667
        0      0.15     0.486  0.496667
        0       0.2     0.486  0.496667
        0       0.3     0.486  0.496667
        0       0.4     0.486  0.496667
        0       0.5     0.486  0.496667
        0       0.6     0.486  0.496667
        0       0.7     0.486  0.496667
        0       0.8     0.486  0.496667
        0       0.9     0.486  0.496667
        0         1     0.486  0.496667
        0         2     0.486  0.496667
        0         4     0.486  0.496667
      0.2      0.05     0.486  0.496667
      0.2       0.1  0.107333  0.108531
      0.2      0.15     0.108   0.10895
      0.2       0.2  0.105333  0.106259
      0.2       0.3  0.105333  0.107663
      0.2       0.4 0.0913333   0.12439
      0.2       0.5  0.110667  0.155939
      0.2       0.6     0.118  0.189994
      0.2       0.7  0.116667  0.224466
      0.2       0.8  0.115333  0.259546
      0.2       0.9  0.126667  0.293835
      0.2         1  0.136667  0.325244
      0.2         2  0.162667  0.456263
      0.2         4     0.172  0.487264
      0.4      0.05     0.486  0.496667
      0.4       0.1  0.112667  0.112571
      0.4      0.15     0.106  0.107351
      0.4       0.2  0.103333  0.104984
      0.4       0.3 0.0953333  0.103258
      0.4       0.4     0.092  0.120134
      0.4       0.5 0.0993333  0.156119
      0.4       0.6  0.105333  0.197882
      0.4       0.7  0.109333  0.239653
      0.4       0.8     0.114   0.28004
      0.4       0.9  0.123333  0.317077
      0.4         1  0.130667  0.349024
      0.4         2  0.164667  0.465413
      0.4         4  0.174667  0.489571
      0.6      0.05     0.486  0.496667
      0.6       0.1     0.114  0.113515
      0.6      0.15     0.104  0.106973
      0.6       0.2 0.0993333  0.103108
      0.6       0.3 0.0913333  0.099747
      0.6       0.4 0.0886667  0.119481
      0.6       0.5 0.0973333  0.162298
      0.6       0.6 0.0993333  0.214783
      0.6       0.7  0.106667  0.266025
      0.6       0.8     0.118  0.311857
      0.6       0.9  0.123333  0.350225
      0.6         1      0.13  0.380755
      0.6         2  0.167333  0.475154
      0.6         4  0.172667  0.491919
      0.8      0.05     0.486  0.496667
      0.8       0.1     0.114  0.114395
      0.8      0.15  0.106667   0.10778
      0.8       0.2       0.1  0.101769
      0.8       0.3 0.0866667 0.0981363
      0.8       0.4 0.0826667  0.125311
      0.8       0.5  0.103333   0.18246
      0.8       0.6     0.104  0.255297
      0.8       0.7     0.104  0.319282
      0.8       0.8  0.115333  0.367192
      0.8       0.9  0.120667  0.401423
      0.8         1  0.129333  0.425537
      0.8         2  0.174667  0.485575
      0.8         4     0.184  0.494334
      0.9      0.05     0.486  0.496667
      0.9       0.1  0.112667  0.113677
      0.9      0.15  0.101333  0.107125
      0.9       0.2 0.0973333  0.101884
      0.9       0.3 0.0833333  0.101785
      0.9       0.4 0.0893333  0.137724
      0.9       0.5     0.108   0.21433
      0.9       0.6     0.106  0.307162
      0.9       0.7  0.108667  0.373596
      0.9       0.8  0.113333  0.414406
      0.9       0.9      0.12  0.439868
      0.9         1  0.129333  0.456182
      0.9         2     0.198  0.491121
      0.9         4  0.218667  0.495628
     0.95      0.05     0.486  0.496667
     0.95       0.1  0.113333  0.113532
     0.95      0.15     0.106  0.108358
     0.95       0.2 0.0993333  0.102107
     0.95       0.3 0.0846667  0.107653
     0.95       0.4  0.106667  0.156595
     0.95       0.5  0.112667  0.259107
     0.95       0.6      0.11   0.36236
     0.95       0.7      0.11  0.419131
     0.95       0.8     0.116  0.448479
     0.95       0.9     0.132  0.465022
     0.95         1  0.156667  0.474907
     0.95         2  0.286667   0.49409
     0.95         4      0.32  0.496411
     0.99      0.05     0.486  0.496667
     0.99       0.1  0.115333  0.114452
     0.99      0.15  0.105333  0.107899
     0.99       0.2     0.096  0.102927
     0.99       0.3 0.0993333  0.126083
     0.99       0.4      0.13  0.236059
     0.99       0.5     0.122  0.387498
     0.99       0.6  0.131333  0.455054
     0.99       0.7      0.17  0.477023
     0.99       0.8  0.217333  0.485978
     0.99       0.9  0.288667   0.49041
     0.99         1     0.346  0.492843
     0.99         2     0.482  0.497262
     0.99         4     0.486  0.497831
    0.999      0.05     0.486  0.496667
    0.999       0.1  0.117333   0.11603
    0.999      0.15  0.100667  0.106574
    0.999       0.2 0.0993333  0.105511
    0.999       0.3  0.130667  0.184329
    0.999       0.4     0.176  0.412425
    0.999       0.5  0.399333  0.482179
    0.999       0.6     0.438  0.493935
    0.999       0.7  0.450667  0.496881
    0.999       0.8     0.468  0.497971
    0.999       0.9  0.481333  0.498482
    0.999         1  0.485333  0.498764
    0.999         2     0.486  0.499397
    0.999         4     0.486  0.499524
   0.9999      0.05     0.486  0.496667
   0.9999       0.1  0.114667  0.112757
   0.9999      0.15       0.1  0.105673
   0.9999       0.2  0.105333  0.112235
   0.9999       0.3     0.188  0.313716
   0.9999       0.4  0.483333  0.486794
   0.9999       0.5  0.488667    0.4975
   0.9999       0.6     0.488  0.499081
   0.9999       0.7     0.486   0.49951
   0.9999       0.8     0.486  0.499663
   0.9999       0.9     0.486  0.499721
   0.9999         1     0.486  0.499749
   0.9999         2     0.486  0.499875
   0.9999         4     0.486   0.49993