        0      0.05      0.19      0.49
      0.2      0.05      0.19  0.390333
      0.4      0.05      0.19     0.387
      0.6      0.05      0.19  0.386333
      0.8      0.05      0.19     0.386
      0.9      0.05      0.19  0.384667
     0.95      0.05      0.19  0.384333
     0.99      0.05      0.19  0.383667
    0.999      0.05      0.19  0.383667
   0.9999      0.05      0.19  0.381333
        0       0.1      0.19      0.49
      0.2       0.1 0.0846667 0.0868278
      0.4       0.1     0.082 0.0836021
      0.6       0.1 0.0813333 0.0829048
      0.8       0.1 0.0813333 0.0823213
      0.9       0.1 0.0806667 0.0818189
     0.95       0.1 0.0806667 0.0811116
     0.99       0.1 0.0773333 0.0792061
    0.999       0.1 0.0766667 0.0777586
   0.9999       0.1     0.072 0.0745636
        0      0.15      0.19      0.49
      0.2      0.15 0.0946667 0.0993184
      0.4      0.15      0.09 0.0921398
      0.6      0.15 0.0833333 0.0876499
      0.8      0.15 0.0833333 0.0845646
      0.9      0.15     0.082 0.0827555
     0.95      0.15     0.078  0.081265
     0.99      0.15     0.076 0.0786335
    0.999      0.15     0.076 0.0760247
   0.9999      0.15     0.074 0.0734395
        0       0.2      0.19      0.49
      0.2       0.2  0.113333  0.114401
      0.4       0.2     0.102  0.104731
      0.6       0.2 0.0913333 0.0960677
      0.8       0.2 0.0846667 0.0896911
      0.9       0.2 0.0806667 0.0863607
     0.95       0.2 0.0806667 0.0842492
     0.99       0.2 0.0793333 0.0818814
    0.999       0.2 0.0713333 0.0785792
   0.9999       0.2 0.0653333 0.0737784
        0       0.3      0.19      0.49
      0.2       0.3  0.140667  0.141037
      0.4       0.3     0.118  0.126581
      0.6       0.3  0.108667  0.119721
      0.8       0.3  0.100667  0.115493
      0.9       0.3     0.094  0.114217
     0.95       0.3     0.088  0.113148
     0.99       0.3 0.0733333  0.107766
    0.999       0.3 0.0513333 0.0915677
   0.9999       0.3 0.0326667 0.0829823
        0       0.4      0.19      0.49
      0.2       0.4  0.160667  0.167904
      0.4       0.4  0.136667  0.152007
      0.6       0.4     0.122   0.14153
      0.8       0.4  0.104667  0.137076
      0.9       0.4 0.0933333   0.13612
     0.95       0.4 0.0853333  0.134505
     0.99       0.4      0.05  0.125879
    0.999       0.4 0.0266667  0.122991
   0.9999       0.4 0.0293333  0.121516
        0       0.5      0.19      0.49
      0.2       0.5  0.164667  0.187937
      0.4       0.5  0.144667  0.171847
      0.6       0.5  0.119333  0.158262
      0.8       0.5 0.0986667  0.148848
      0.9       0.5 0.0793333  0.145748
     0.95       0.5     0.058  0.144228
     0.99       0.5 0.0306667  0.147004
    0.999       0.5 0.0253333  0.156399
   0.9999       0.5     0.062   0.15787
        0       0.6      0.19      0.49
      0.2       0.6  0.172667  0.202934
      0.4       0.6  0.143333  0.187415
      0.6       0.6  0.119333  0.174218
      0.8       0.6 0.0933333   0.16497
      0.9       0.6     0.064  0.165114
     0.95       0.6     0.054  0.170344
     0.99       0.6 0.0326667   0.19065
    0.999       0.6     0.056  0.202915
   0.9999       0.6     0.116  0.236836
        0       0.7      0.19      0.49
      0.2       0.7     0.174  0.219187
      0.4       0.7  0.153333  0.206792
      0.6       0.7  0.126667    0.1982
      0.8       0.7 0.0946667  0.196754
      0.9       0.7      0.07   0.20519
     0.95       0.7     0.056  0.217644
     0.99       0.7 0.0346667  0.240455
    0.999       0.7  0.102667  0.266014
   0.9999       0.7  0.197333  0.305411
        0       0.8      0.19      0.49
      0.2       0.8  0.183333  0.239975
      0.4       0.8  0.160667   0.23269
      0.6       0.8  0.139333  0.230564
      0.8       0.8  0.109333  0.238363
      0.9       0.8     0.084  0.252515
     0.95       0.8 0.0633333  0.266342
     0.99       0.8 0.0553333  0.288027
    0.999       0.8  0.170667  0.323612
   0.9999       0.8       0.2  0.343159
        0       0.9      0.19      0.49
      0.2       0.9  0.188667  0.264374
      0.4       0.9  0.171333  0.262477
      0.6       0.9      0.15  0.266124
      0.8       0.9  0.120667  0.279994
      0.9       0.9 0.0946667  0.295538
     0.95       0.9      0.06  0.308393
     0.99       0.9     0.098  0.332158
    0.999       0.9  0.193333  0.360274
   0.9999       0.9       0.2  0.368302
        0         1      0.19      0.49
      0.2         1  0.190667  0.289974
      0.4         1     0.178   0.29254
      0.6         1  0.159333  0.300245
      0.8         1  0.136667   0.31688
      0.9         1 0.0993333  0.332064
     0.95         1 0.0753333  0.344264
     0.99         1     0.146  0.366854
    0.999         1  0.197333  0.384419
   0.9999         1       0.2  0.388177
        0         2      0.19      0.49
      0.2         2      0.23  0.438403
      0.4         2     0.218  0.443687
      0.6         2  0.186667   0.44948
      0.8         2  0.179333  0.455985
      0.9         2     0.188  0.459908
     0.95         2      0.19   0.46268
     0.99         2      0.19  0.467815
    0.999         2  0.199333  0.471265
   0.9999         2       0.2  0.471797
        0         4      0.19      0.49
      0.2         4  0.237333  0.478136
      0.4         4     0.218  0.479584
      0.6         4      0.22  0.481144
      0.8         4      0.22   0.48303
      0.9         4      0.19  0.484542
     0.95         4      0.19  0.486133
     0.99         4      0.19  0.490319
    0.999         4      0.19   0.49329
   0.9999         4       0.2  0.493729