        0      0.05     0.456  0.466667
        0       0.1     0.456  0.466667
        0      0.15     0.456  0.466667
        0       0.2     0.456  0.466667
        0       0.3     0.456  0.466667
        0       0.4     0.456  0.466667
        0       0.5     0.456  0.466667
        0       0.6     0.456  0.466667
        0       0.7     0.456  0.466667
        0       0.8     0.456  0.466667
        0       0.9     0.456  0.466667
        0         1     0.456  0.466667
        0         2     0.456  0.466667
        0         4     0.456  0.466667
      0.2      0.05  0.449333  0.457667
      0.2       0.1 0.0313333 0.0336073
      0.2      0.15 0.0346667 0.0365777
      0.2       0.2     0.034  0.038361
      0.2       0.3      0.04 0.0441299
      0.2       0.4 0.0366667 0.0551852
      0.2       0.5 0.0353333 0.0754862
      0.2       0.6 0.0333333   0.10927
      0.2       0.7     0.038  0.157707
      0.2       0.8      0.04  0.213446
      0.2       0.9     0.046  0.266447
      0.2         1     0.054  0.310286
      0.2         2 0.0806667  0.438728
      0.2         4 0.0933333  0.460801
      0.4      0.05  0.449333  0.457667
      0.4       0.1 0.0326667 0.0339174
      0.4      0.15     0.034 0.0360732
      0.4       0.2 0.0353333 0.0384341
      0.4       0.3     0.034 0.0431315
      0.4       0.4     0.032 0.0547787
      0.4       0.5     0.032  0.080375
      0.4       0.6 0.0306667  0.123082
      0.4       0.7 0.0353333  0.180554
      0.4       0.8      0.04  0.241622
      0.4       0.9     0.048  0.295375
      0.4         1     0.056  0.337018
      0.4         2     0.092  0.446241
      0.4         4  0.107333  0.463247
      0.6      0.05  0.449333  0.457667
      0.6       0.1     0.036 0.0350177
      0.6      0.15 0.0346667 0.0363162
      0.6       0.2 0.0346667 0.0389839
      0.6       0.3 0.0333333 0.0441139
      0.6       0.4 0.0266667 0.0577411
      0.6       0.5     0.028 0.0909348
      0.6       0.6     0.028  0.147738
      0.6       0.7     0.034  0.217432
      0.6       0.8 0.0426667  0.282857
      0.6       0.9 0.0506667  0.334333
      0.6         1 0.0586667  0.370846
      0.6         2     0.116  0.454767
      0.6         4     0.146  0.466447
      0.8      0.05  0.449333  0.457667
      0.8       0.1 0.0373333 0.0368274
      0.8      0.15 0.0366667 0.0390316
      0.8       0.2     0.036 0.0414284
      0.8       0.3 0.0346667 0.0483501
      0.8       0.4     0.028 0.0677529
      0.8       0.5 0.0253333  0.118914
      0.8       0.6     0.026  0.204055
      0.8       0.7     0.032  0.287892
      0.8       0.8     0.044  0.350018
      0.8       0.9     0.062   0.39076
      0.8         1 0.0813333  0.416202
      0.8         2  0.212667  0.465944
      0.8         4  0.254667  0.472033
      0.9      0.05  0.449333  0.457667
      0.9       0.1 0.0366667 0.0385445
      0.9      0.15 0.0413333  0.042077
      0.9       0.2 0.0453333 0.0448342
      0.9       0.3 0.0393333 0.0545519
      0.9       0.4     0.028 0.0833062
      0.9       0.5     0.026  0.162274
      0.9       0.6     0.026  0.273763
      0.9       0.7 0.0326667  0.355881
      0.9       0.8 0.0566667  0.404184
      0.9       0.9 0.0866667  0.431566
      0.9         1  0.140667  0.447214
      0.9         2     0.366   0.47513
      0.9         4  0.413333   0.47832
     0.95      0.05  0.449333  0.457667
     0.95       0.1 0.0406667 0.0403359
     0.95      0.15     0.044 0.0444283
     0.95       0.2 0.0453333 0.0484442
     0.95       0.3 0.0453333  0.062173
     0.95       0.4 0.0293333  0.106213
     0.95       0.5 0.0286667  0.222572
     0.95       0.6     0.024  0.344578
     0.95       0.7 0.0353333  0.410373
     0.95       0.8 0.0786667   0.44245
     0.95       0.9  0.179333   0.45892
     0.95         1  0.271333  0.467857
     0.95         2  0.475333  0.483173
     0.95         4  0.477333  0.484859
     0.99      0.05  0.449333  0.457667
     0.99       0.1     0.044 0.0435279
     0.99      0.15 0.0473333 0.0491185
     0.99       0.2 0.0513333 0.0586234
     0.99       0.3 0.0486667 0.0847537
     0.99       0.4 0.0373333  0.206886
     0.99       0.5 0.0346667  0.382165
     0.99       0.6 0.0366667  0.454234
     0.99       0.7 0.0546667  0.476736
     0.99       0.8      0.35  0.485488
     0.99       0.9     0.458  0.489572
     0.99         1  0.477333  0.491702
     0.99         2  0.477333  0.495212
     0.99         4  0.477333  0.495541
    0.999      0.05  0.449333  0.457667
    0.999       0.1 0.0486667 0.0465375
    0.999      0.15     0.056 0.0584098
    0.999       0.2 0.0673333 0.0709045
    0.999       0.3 0.0533333    0.1546
    0.999       0.4  0.105333   0.41358
    0.999       0.5  0.462667   0.48336
    0.999       0.6      0.46  0.494602
    0.999       0.7     0.414  0.497519
    0.999       0.8  0.497333   0.49864
    0.999       0.9  0.506667  0.499146
    0.999         1      0.51  0.499387
    0.999         2  0.477333  0.499582
    0.999         4  0.477333  0.499531
   0.9999      0.05  0.449333  0.457667
   0.9999       0.1 0.0493333 0.0496095
   0.9999      0.15 0.0653333 0.0673968
   0.9999       0.2 0.0753333 0.0768645
   0.9999       0.3      0.12  0.307974
   0.9999       0.4  0.489333  0.487826
   0.9999       0.5  0.489333  0.497683
   0.9999       0.6  0.489333  0.499238
   0.9999       0.7  0.510667  0.499811
   0.9999       0.8  0.510667  0.500089
   0.9999       0.9  0.510667  0.500209
   0.9999         1  0.510667  0.500246
   0.9999         2  0.510667  0.500077
   0.9999         4  0.510667  0.499984