        0      0.05  0.166667  0.466667
        0       0.1  0.166667  0.466667
        0      0.15  0.166667  0.466667
        0       0.2  0.166667  0.466667
        0      0.25  0.166667  0.466667
        0       0.3  0.166667  0.466667
        0      0.35  0.166667  0.466667
        0       0.4  0.166667  0.466667
        0      0.45  0.166667  0.466667
        0       0.5  0.166667  0.466667
        0      0.55  0.166667  0.466667
        0       0.6  0.166667  0.466667
        0      0.65  0.166667  0.466667
        0       0.7  0.166667  0.466667
        0      0.75  0.166667  0.466667
        0       0.8  0.166667  0.466667
        0      0.85  0.166667  0.466667
        0       0.9  0.166667  0.466667
        0      0.95  0.166667  0.466667
        0         2  0.166667  0.466667
        0         4  0.166667  0.466667
        0         8  0.166667  0.466667
        0        16  0.166667  0.466667
      0.1      0.05  0.166667  0.466667
      0.1       0.1  0.155333  0.221872
      0.1      0.15     0.082 0.0811773
      0.1       0.2 0.0793333 0.0800708
      0.1      0.25 0.0826667 0.0816665
      0.1       0.3 0.0793333 0.0819751
      0.1      0.35 0.0806667 0.0829118
      0.1       0.4 0.0826667 0.0835073
      0.1      0.45     0.082 0.0833094
      0.1       0.5 0.0806667 0.0822873
      0.1      0.55      0.08 0.0816694
      0.1       0.6 0.0806667 0.0812363
      0.1      0.65      0.08 0.0809441
      0.1       0.7 0.0746667 0.0812875
      0.1      0.75 0.0746667 0.0825736
      0.1       0.8     0.074 0.0846437
      0.1      0.85 0.0753333 0.0873327
      0.1       0.9     0.078 0.0905828
      0.1      0.95 0.0786667 0.0943262
      0.1         2 0.0893333   0.24233
      0.1         4  0.175333  0.421344
      0.1         8  0.236667  0.457868
      0.1        16     0.246   0.46478
      0.2      0.05  0.166667  0.466667
      0.2       0.1     0.156   0.22219
      0.2      0.15      0.08 0.0801623
      0.2       0.2 0.0793333 0.0796357
      0.2      0.25 0.0806667 0.0816706
      0.2       0.3 0.0826667 0.0817998
      0.2      0.35      0.08 0.0822196
      0.2       0.4 0.0806667 0.0826722
      0.2      0.45     0.082 0.0828411
      0.2       0.5     0.082 0.0828137
      0.2      0.55 0.0793333 0.0824786
      0.2       0.6      0.08 0.0820464
      0.2      0.65      0.08 0.0817255
      0.2       0.7 0.0773333 0.0817329
      0.2      0.75 0.0746667 0.0822871
      0.2       0.8 0.0706667 0.0835515
      0.2      0.85 0.0733333 0.0855472
      0.2       0.9     0.072 0.0882313
      0.2      0.95 0.0713333 0.0915621
      0.2         2 0.0833333  0.246872
      0.2         4     0.162  0.424057
      0.2         8  0.220667  0.458702
      0.2        16     0.232  0.465213
      0.3      0.05  0.166667  0.466667
      0.3       0.1     0.156  0.222282
      0.3      0.15      0.08 0.0800704
      0.3       0.2     0.078 0.0791354
      0.3      0.25 0.0806667 0.0814539
      0.3       0.3 0.0833333 0.0818162
      0.3      0.35 0.0813333 0.0819106
      0.3       0.4 0.0793333 0.0821973
      0.3      0.45 0.0813333 0.0823305
      0.3       0.5      0.08 0.0823723
      0.3      0.55      0.08 0.0823797
      0.3       0.6 0.0786667 0.0822706
      0.3      0.65     0.078  0.082084
      0.3       0.7 0.0753333 0.0820003
      0.3      0.75     0.076 0.0823024
      0.3       0.8 0.0726667 0.0831812
      0.3      0.85 0.0706667 0.0847362
      0.3       0.9 0.0693333 0.0870065
      0.3      0.95     0.068 0.0899999
      0.3         2 0.0786667  0.252049
      0.3         4      0.15   0.42691
      0.3         8  0.214667  0.459618
      0.3        16      0.22  0.465725
      0.4      0.05  0.166667  0.466667
      0.4       0.1     0.156  0.222309
      0.4      0.15 0.0806667 0.0800603
      0.4       0.2     0.078 0.0786872
      0.4      0.25 0.0806667 0.0812229
      0.4       0.3 0.0806667 0.0817096
      0.4      0.35 0.0826667 0.0818092
      0.4       0.4 0.0813333 0.0818131
      0.4      0.45 0.0806667 0.0818623
      0.4       0.5 0.0786667 0.0818567
      0.4      0.55 0.0793333 0.0818817
      0.4       0.6 0.0793333   0.08192
      0.4      0.65      0.08 0.0819164
      0.4       0.7 0.0746667 0.0819307
      0.4      0.75 0.0726667 0.0821644
      0.4       0.8 0.0706667 0.0828486
      0.4      0.85 0.0693333 0.0841426
      0.4       0.9 0.0673333 0.0861425
      0.4      0.95 0.0646667 0.0889053
      0.4         2 0.0753333  0.258016
      0.4         4  0.133333  0.429939
      0.4         8       0.2  0.460651
      0.4        16  0.211333   0.46635
      0.5      0.05  0.166667  0.466667
      0.5       0.1     0.156   0.22232
      0.5      0.15      0.08 0.0800131
      0.5       0.2 0.0773333 0.0784166
      0.5      0.25      0.08 0.0809455
      0.5       0.3 0.0806667 0.0815353
      0.5      0.35 0.0793333 0.0816673
      0.5       0.4      0.08 0.0815523
      0.5      0.45 0.0786667 0.0814021
      0.5       0.5 0.0773333 0.0813016
      0.5      0.55 0.0773333 0.0812577
      0.5       0.6     0.078 0.0812828
      0.5      0.65 0.0786667  0.081341
      0.5       0.7 0.0773333 0.0814361
      0.5      0.75 0.0726667 0.0816958
      0.5       0.8 0.0693333 0.0823176
      0.5      0.85 0.0673333 0.0834846
      0.5       0.9 0.0653333 0.0853392
      0.5      0.95     0.062  0.087986
      0.5         2 0.0713333  0.264997
      0.5         4      0.12  0.433203
      0.5         8  0.185333  0.461859
      0.5        16      0.19  0.467147
      0.6      0.05  0.166667  0.466667
      0.6       0.1     0.156  0.222325
      0.6      0.15      0.08 0.0799902
      0.6       0.2 0.0786667  0.078213
      0.6      0.25      0.08 0.0806185
      0.6       0.3      0.08  0.081265
      0.6      0.35      0.08  0.081416
      0.6       0.4      0.08 0.0812611
      0.6      0.45 0.0793333 0.0809684
      0.6       0.5 0.0773333 0.0807056
      0.6      0.55 0.0766667 0.0805386
      0.6       0.6 0.0766667 0.0804666
      0.6      0.65 0.0753333 0.0804766
      0.6       0.7 0.0733333 0.0805739
      0.6      0.75 0.0706667 0.0808481
      0.6       0.8     0.066 0.0814666
      0.6      0.85     0.064 0.0826108
      0.6       0.9 0.0633333 0.0844463
      0.6      0.95 0.0606667 0.0871123
      0.6         2 0.0666667   0.27334
      0.6         4     0.102  0.436808
      0.6         8     0.162  0.463351
      0.6        16     0.174  0.468227
      0.7      0.05  0.166667  0.466667
      0.7       0.1     0.156  0.222327
      0.7      0.15 0.0806667 0.0799833
      0.7       0.2     0.078  0.077998
      0.7      0.25      0.08 0.0802329
      0.7       0.3 0.0793333 0.0808363
      0.7      0.35 0.0793333 0.0809683
      0.7       0.4 0.0793333 0.0807946
      0.7      0.45 0.0773333 0.0804291
      0.7       0.5 0.0773333 0.0800181
      0.7      0.55     0.076  0.079667
      0.7       0.6 0.0753333 0.0794169
      0.7      0.65     0.074 0.0792834
      0.7       0.7     0.072 0.0793015
      0.7      0.75 0.0673333 0.0795629
      0.7       0.8 0.0653333 0.0802194
      0.7      0.85     0.062  0.081446
      0.7       0.9 0.0586667 0.0834174
      0.7      0.95     0.054 0.0862924
      0.7         2 0.0553333  0.283632
      0.7         4     0.094  0.440971
      0.7         8     0.144  0.465356
      0.7        16  0.155333  0.469817
      0.8      0.05  0.166667  0.466667
      0.8       0.1     0.156  0.222329
      0.8      0.15 0.0806667 0.0799344
      0.8       0.2 0.0773333 0.0777632
      0.8      0.25      0.08 0.0797514
      0.8       0.3 0.0806667 0.0801494
      0.8      0.35      0.08 0.0801708
      0.8       0.4 0.0786667 0.0799641
      0.8      0.45     0.076 0.0795577
      0.8       0.5 0.0766667 0.0790127
      0.8      0.55 0.0753333 0.0784117
      0.8       0.6     0.074 0.0778533
      0.8      0.65 0.0713333 0.0774486
      0.8       0.7 0.0666667 0.0773178
      0.8      0.75     0.064 0.0775937
      0.8       0.8 0.0633333 0.0784229
      0.8      0.85     0.058 0.0799611
      0.8       0.9     0.054 0.0823723
      0.8      0.95 0.0506667 0.0858118
      0.8         2 0.0493333  0.297044
      0.8         4  0.112667  0.446233
      0.8         8  0.139333  0.468434
      0.8        16  0.146667  0.472481
      0.9      0.05  0.166667  0.466667
      0.9       0.1     0.156   0.22233
      0.9      0.15      0.08 0.0797723
      0.9       0.2 0.0773333 0.0775355
      0.9      0.25 0.0786667 0.0791217
      0.9       0.3 0.0793333 0.0789778
      0.9      0.35     0.076 0.0788178
      0.9       0.4     0.076 0.0785704
      0.9      0.45 0.0753333 0.0780294
      0.9       0.5 0.0733333 0.0770992
      0.9      0.55      0.07 0.0758766
      0.9       0.6 0.0673333 0.0746737
      0.9      0.65 0.0653333 0.0738491
      0.9       0.7 0.0626667 0.0736858
      0.9      0.75     0.058  0.074359
      0.9       0.8     0.056 0.0759665
      0.9      0.85 0.0513333 0.0785876
      0.9       0.9 0.0473333 0.0823157
      0.9      0.95 0.0433333 0.0872365
      0.9         2 0.0553333  0.316963
      0.9         4      0.16   0.45444
      0.9         8  0.166667  0.474463
      0.9        16  0.166667  0.478098
        1      0.05       0.2       0.5
        1       0.1       0.2       0.5
        1      0.15       0.2       0.5
        1       0.2       0.2       0.5
        1      0.25       0.2       0.5
        1       0.3       0.2       0.5
        1      0.35       0.2       0.5
        1       0.4       0.2       0.5
        1      0.45       0.2       0.5
        1       0.5       0.2       0.5
        1      0.55       0.2       0.5
        1       0.6       0.2       0.5
        1      0.65       0.2       0.5
        1       0.7       0.2       0.5
        1      0.75       0.2       0.5
        1       0.8       0.2       0.5
        1      0.85       0.2       0.5
        1       0.9       0.2       0.5
        1      0.95       0.2       0.5
        1         2       0.2       0.5
        1         4       0.2       0.5
        1         8       0.2       0.5
        1        16       0.2       0.5
     0.99      0.05  0.166667  0.466667
     0.99       0.1     0.156  0.222331
     0.99      0.15      0.08 0.0796391
     0.99       0.2 0.0753333 0.0760769
     0.99      0.25 0.0753333 0.0766585
     0.99       0.3 0.0766667 0.0777344
     0.99      0.35 0.0793333 0.0774262
     0.99       0.4 0.0773333  0.074923
     0.99      0.45      0.07 0.0720791
     0.99       0.5 0.0686667 0.0690972
     0.99      0.55     0.064 0.0664889
     0.99       0.6     0.058  0.065669
     0.99      0.65 0.0526667 0.0676071
     0.99       0.7 0.0493333 0.0720181
     0.99      0.75 0.0446667 0.0778079
     0.99       0.8 0.0366667  0.084255
     0.99      0.85 0.0313333 0.0912143
     0.99       0.9     0.028 0.0989252
     0.99      0.95     0.026  0.107699
     0.99         2  0.171333  0.363538
     0.99         4  0.166667  0.474006
     0.99         8  0.166667   0.49147
     0.99        16  0.166667  0.494671
    0.999      0.05  0.166667  0.466667
    0.999       0.1     0.156  0.222331
    0.999      0.15 0.0806667 0.0790281
    0.999       0.2 0.0733333 0.0745849
    0.999      0.25     0.076  0.078166
    0.999       0.3      0.08 0.0773377
    0.999      0.35 0.0706667 0.0730442
    0.999       0.4 0.0733333 0.0707757
    0.999      0.45     0.064 0.0663545
    0.999       0.5     0.056 0.0630262
    0.999      0.55 0.0573333 0.0655575
    0.999       0.6 0.0513333 0.0726934
    0.999      0.65 0.0486667 0.0796842
    0.999       0.7 0.0366667 0.0860074
    0.999      0.75     0.034  0.091866
    0.999       0.8     0.028 0.0976023
    0.999      0.85 0.0286667   0.10395
    0.999       0.9 0.0333333  0.111036
    0.999      0.95     0.034  0.119015
    0.999         2       0.2  0.380177
    0.999         4       0.2  0.478623
    0.999         8  0.166667  0.495452
    0.999        16  0.166667  0.498579