        0      0.05     0.486  0.496667
      0.2      0.05     0.486  0.496333
      0.4      0.05     0.486  0.496333
      0.6      0.05     0.486  0.496333
      0.8      0.05     0.486  0.496333
      0.9      0.05     0.486  0.496333
     0.95      0.05     0.486  0.496333
     0.99      0.05     0.486  0.496333
    0.999      0.05     0.486  0.496333
   0.9999      0.05     0.486  0.496333
        0       0.1     0.486  0.496667
      0.2       0.1  0.115333  0.116632
      0.4       0.1     0.116  0.117628
      0.6       0.1  0.116667   0.12022
      0.8       0.1  0.125333   0.12446
      0.9       0.1  0.129333  0.127624
     0.95       0.1  0.130667   0.12987
     0.99       0.1  0.130667  0.131721
    0.999       0.1     0.132  0.131564
   0.9999       0.1  0.126667  0.127123
        0      0.15     0.486  0.496667
      0.2      0.15      0.11  0.114481
      0.4      0.15  0.116667  0.119043
      0.6      0.15     0.118  0.121994
      0.8      0.15  0.124667  0.127138
      0.9      0.15      0.13  0.130773
     0.95      0.15      0.13  0.131703
     0.99      0.15      0.13  0.128722
    0.999      0.15  0.122667  0.125156
   0.9999      0.15  0.126667  0.124747
        0       0.2     0.486  0.496667
      0.2       0.2  0.115333  0.117628
      0.4       0.2  0.111333  0.118634
      0.6       0.2  0.117333  0.122936
      0.8       0.2     0.122  0.127746
      0.9       0.2  0.125333  0.129767
     0.95       0.2  0.129333   0.12976
     0.99       0.2     0.124  0.128384
    0.999       0.2     0.126  0.133403
   0.9999       0.2  0.123333  0.151132
        0       0.3     0.486  0.496667
      0.2       0.3     0.116  0.126195
      0.4       0.3     0.112    0.1247
      0.6       0.3  0.112667  0.125315
      0.8       0.3  0.112667  0.127959
      0.9       0.3     0.118  0.131201
     0.95       0.3  0.117333  0.135801
     0.99       0.3  0.121333  0.155633
    0.999       0.3  0.127333  0.214963
   0.9999       0.3  0.178667  0.338867
        0       0.4     0.486  0.496667
      0.2       0.4  0.122667  0.155057
      0.4       0.4  0.111333   0.14891
      0.6       0.4     0.104  0.145482
      0.8       0.4 0.0986667  0.145939
      0.9       0.4 0.0966667  0.153492
     0.95       0.4 0.0933333   0.16985
     0.99       0.4  0.105333  0.252434
    0.999       0.4  0.158667   0.42481
   0.9999       0.4  0.478667  0.489613
        0       0.5     0.486  0.496667
      0.2       0.5  0.124667  0.188804
      0.4       0.5     0.118  0.186305
      0.6       0.5     0.106  0.187555
      0.8       0.5      0.09  0.200437
      0.9       0.5 0.0853333  0.228529
     0.95       0.5     0.084  0.272538
     0.99       0.5     0.096    0.3992
    0.999       0.5  0.438667  0.485213
   0.9999       0.5  0.489333  0.497915
        0       0.6     0.486  0.496667
      0.2       0.6  0.137333  0.225075
      0.4       0.6     0.122  0.230222
      0.6       0.6     0.114  0.242914
      0.8       0.6  0.100667  0.277686
      0.9       0.6 0.0946667  0.325757
     0.95       0.6     0.092  0.377744
     0.99       0.6  0.183333  0.462214
    0.999       0.6  0.482667   0.49495
   0.9999       0.6  0.489333  0.498946
        0       0.7     0.486  0.496667
      0.2       0.7  0.142667  0.263301
      0.4       0.7  0.127333  0.275555
      0.6       0.7  0.122667  0.297946
      0.8       0.7  0.113333  0.344927
      0.9       0.7     0.104  0.393331
     0.95       0.7  0.124667  0.433239
     0.99       0.7  0.342667  0.481764
    0.999       0.7     0.486  0.497386
   0.9999       0.7  0.489333  0.499285
        0       0.8     0.486  0.496667
      0.2       0.8  0.155333  0.301395
      0.4       0.8     0.142  0.318401
      0.6       0.8  0.134667  0.345381
      0.8       0.8  0.124667  0.392543
      0.9       0.8  0.123333  0.432161
     0.95       0.8  0.158667   0.45993
     0.99       0.8  0.409333  0.489295
    0.999       0.8     0.486  0.498353
   0.9999       0.8  0.489333  0.499517
        0       0.9     0.486  0.496667
      0.2       0.9  0.166667  0.336249
      0.4       0.9  0.159333  0.355222
      0.6       0.9  0.144667  0.382413
      0.8       0.9     0.136  0.424018
      0.9       0.9      0.14  0.454472
     0.95       0.9  0.171333  0.473795
     0.99       0.9     0.416  0.492811
    0.999       0.9     0.486  0.498839
   0.9999       0.9  0.488667  0.499676
        0         1     0.486  0.496667
      0.2         1     0.178  0.365831
      0.4         1  0.168667  0.384667
      0.6         1  0.156667   0.40972
      0.8         1  0.149333  0.444534
      0.9         1     0.154   0.46771
     0.95         1  0.173333  0.481508
     0.99         1  0.409333  0.494645
    0.999         1     0.486  0.499106
   0.9999         1     0.488  0.499777
        0         2     0.486  0.496667
      0.2         2     0.222  0.469315
      0.4         2  0.221333  0.475574
      0.6         2  0.220667  0.482213
      0.8         2  0.217333  0.489292
      0.9         2  0.216667  0.493071
     0.95         2  0.216667  0.495143
     0.99         2  0.214667  0.497635
    0.999         2      0.21  0.499538
   0.9999         2  0.460667  0.499948
        0         4     0.486  0.496667
      0.2         4  0.236667  0.490446
      0.4         4  0.237333  0.491981
      0.6         4      0.24  0.493546
      0.8         4  0.243333  0.495168
      0.9         4  0.238667  0.496062
     0.95         4  0.244667  0.496648
     0.99         4  0.318667  0.497923
    0.999         4  0.507333  0.499563
   0.9999         4  0.507333  0.499952