        0      0.05      0.78  0.777778
      0.2      0.05  0.133333  0.154664
      0.4      0.05  0.133333  0.154111
      0.6      0.05  0.133333  0.154111
      0.8      0.05  0.133333  0.154111
      0.9      0.05  0.133333  0.154111
     0.95      0.05  0.132667  0.154111
     0.99      0.05  0.132667  0.154111
    0.999      0.05  0.131333  0.153545
   0.9999      0.05  0.130667  0.153035
        0       0.1      0.78  0.777778
      0.2       0.1     0.084  0.082661
      0.4       0.1 0.0813333 0.0808702
      0.6       0.1      0.08 0.0799722
      0.8       0.1      0.08 0.0795012
      0.9       0.1      0.08 0.0792542
     0.95       0.1 0.0793333 0.0788105
     0.99       0.1 0.0793333 0.0779385
    0.999       0.1     0.076 0.0761206
   0.9999       0.1 0.0753333  0.075049
        0      0.15      0.78  0.777778
      0.2      0.15     0.084 0.0853242
      0.4      0.15 0.0826667 0.0828538
      0.6      0.15 0.0813333 0.0807183
      0.8      0.15     0.078 0.0786524
      0.9      0.15     0.078 0.0777823
     0.95      0.15 0.0773333 0.0770749
     0.99      0.15     0.076 0.0757189
    0.999      0.15     0.072 0.0734804
   0.9999      0.15 0.0726667 0.0749797
        0       0.2      0.78  0.777778
      0.2       0.2     0.088 0.0886698
      0.4       0.2 0.0866667 0.0855307
      0.6       0.2     0.086 0.0833507
      0.8       0.2 0.0806667 0.0806336
      0.9       0.2     0.078 0.0792886
     0.95       0.2 0.0786667 0.0784704
     0.99       0.2     0.076 0.0764723
    0.999       0.2     0.076 0.0779595
   0.9999       0.2     0.078 0.0788145
        0       0.3      0.78  0.777778
      0.2       0.3     0.096  0.096487
      0.4       0.3      0.09 0.0908167
      0.6       0.3 0.0853333 0.0863159
      0.8       0.3 0.0846667 0.0829003
      0.9       0.3     0.082 0.0808379
     0.95       0.3 0.0813333 0.0793577
     0.99       0.3 0.0746667 0.0794336
    0.999       0.3 0.0773333 0.0827132
   0.9999       0.3 0.0733333 0.0878702
        0       0.4      0.78  0.777778
      0.2       0.4  0.108667   0.11045
      0.4       0.4 0.0973333 0.0997564
      0.6       0.4 0.0913333 0.0937823
      0.8       0.4     0.086 0.0876774
      0.9       0.4     0.086 0.0853453
     0.95       0.4     0.082 0.0848958
     0.99       0.4 0.0773333 0.0905718
    0.999       0.4     0.076  0.107713
   0.9999       0.4  0.122667  0.142611
        0       0.5      0.78  0.777778
      0.2       0.5  0.126667  0.131805
      0.4       0.5  0.109333  0.115277
      0.6       0.5  0.101333  0.105498
      0.8       0.5 0.0933333  0.099335
      0.9       0.5 0.0873333 0.0976853
     0.95       0.5 0.0893333  0.100099
     0.99       0.5 0.0873333  0.117207
    0.999       0.5  0.133333  0.160352
   0.9999       0.5  0.157333  0.211271
        0       0.6      0.78  0.777778
      0.2       0.6  0.140667  0.149999
      0.4       0.6     0.124   0.13602
      0.6       0.6  0.107333  0.125551
      0.8       0.6 0.0973333  0.119888
      0.9       0.6     0.094   0.12204
     0.95       0.6      0.09   0.12995
     0.99       0.6  0.108667  0.168808
    0.999       0.6  0.163333  0.289965
   0.9999       0.6  0.186667  0.507434
        0       0.7      0.78  0.777778
      0.2       0.7  0.146667  0.170429
      0.4       0.7  0.133333  0.160662
      0.6       0.7     0.124  0.154599
      0.8       0.7  0.108667  0.156627
      0.9       0.7      0.11  0.170281
     0.95       0.7  0.113333  0.194854
     0.99       0.7  0.150667  0.301738
    0.999       0.7  0.197333   0.53655
   0.9999       0.7     0.454  0.707734
        0       0.8      0.78  0.777778
      0.2       0.8  0.151333   0.19804
      0.4       0.8      0.14  0.195395
      0.6       0.8  0.131333  0.198699
      0.8       0.8     0.128    0.2195
      0.9       0.8     0.128  0.258018
     0.95       0.8  0.139333  0.313348
     0.99       0.8     0.182  0.483527
    0.999       0.8  0.350667  0.684226
   0.9999       0.8  0.583333  0.793733
        0       0.9      0.78  0.777778
      0.2       0.9     0.156  0.237432
      0.4       0.9      0.15  0.244154
      0.6       0.9  0.146667  0.261491
      0.8       0.9     0.142  0.307971
      0.9       0.9  0.154667  0.372286
     0.95       0.9  0.167333  0.447772
     0.99       0.9  0.239333  0.615415
    0.999       0.9     0.518   0.76578
   0.9999       0.9  0.682667  0.822951
        0         1      0.78  0.777778
      0.2         1  0.162667   0.28863
      0.4         1  0.158667  0.305661
      0.6         1     0.158  0.336884
      0.8         1  0.169333  0.404262
      0.9         1  0.173333  0.481221
     0.95         1  0.204667   0.55784
     0.99         1     0.306  0.700422
    0.999         1     0.546  0.806216
   0.9999         1     0.788  0.830169
        0         2      0.78  0.777778
      0.2         2  0.280667   0.69009
      0.4         2  0.297333  0.708645
      0.6         2  0.319333  0.730728
      0.8         2  0.339333   0.75994
      0.9         2  0.471333  0.781997
     0.95         2      0.65  0.799315
     0.99         2     0.776  0.823431
    0.999         2  0.819333  0.832208
   0.9999         2  0.833333  0.833219
        0         4      0.78  0.777778
      0.2         4  0.678667  0.768588
      0.4         4  0.723333  0.772433
      0.6         4     0.776  0.777569
      0.8         4      0.78  0.786706
      0.9         4      0.78  0.797088
     0.95         4      0.78  0.807936
     0.99         4      0.78  0.825773
    0.999         4  0.833333  0.832482
   0.9999         4  0.833333  0.833247