        0      0.05  0.446667  0.466667
      0.2      0.05 0.0773333  0.117203
      0.4      0.05 0.0773333   0.13109
      0.6      0.05 0.0793333  0.153383
      0.8      0.05 0.0793333  0.200369
      0.9      0.05 0.0826667  0.258813
     0.95      0.05 0.0906667  0.323522
     0.99      0.05  0.144667  0.441491
    0.999      0.05     0.468  0.492113
   0.9999      0.05      0.48  0.498244
        0       0.1  0.446667  0.466667
      0.2       0.1 0.0753333  0.210891
      0.4       0.1     0.074  0.233258
      0.6       0.1 0.0766667  0.267349
      0.8       0.1     0.092  0.328484
      0.9       0.1  0.124667  0.384626
     0.95       0.1     0.176   0.42844
     0.99       0.1  0.415333  0.480589
    0.999       0.1      0.48  0.496373
   0.9999       0.1      0.48  0.498081
        0      0.15  0.446667  0.466667
      0.2      0.15 0.0753333  0.286999
      0.4      0.15 0.0826667  0.311465
      0.6      0.15     0.096   0.34495
      0.8      0.15     0.144   0.39499
      0.9      0.15  0.231333  0.432696
     0.95      0.15  0.341333  0.458751
     0.99      0.15  0.446667  0.488054
    0.999      0.15      0.48  0.496872
   0.9999      0.15      0.48  0.497829
        0       0.2  0.446667  0.466667
      0.2       0.2 0.0893333  0.344788
      0.4       0.2  0.105333   0.36618
      0.6       0.2     0.142  0.392893
      0.8       0.2  0.239333  0.428523
      0.9       0.2  0.354667  0.453335
     0.95       0.2     0.434  0.470407
     0.99       0.2  0.446667  0.490604
    0.999       0.2      0.48  0.497032
   0.9999       0.2      0.48  0.497741
        0       0.3  0.446667  0.466667
      0.2       0.3     0.184  0.413889
      0.4       0.3  0.226667  0.425796
      0.6       0.3      0.29  0.439416
      0.8       0.3  0.405333  0.456547
      0.9       0.3  0.446667  0.469108
     0.95       0.3  0.446667  0.478973
     0.99       0.3  0.446667  0.492626
    0.999       0.3      0.48  0.497421
   0.9999       0.3      0.48  0.497961
        0       0.4  0.446667  0.466667
      0.2       0.4  0.277333   0.44371
      0.4       0.4  0.335333  0.449676
      0.6       0.4     0.394  0.456574
      0.8       0.4  0.442667  0.466049
      0.9       0.4  0.446667  0.474356
     0.95       0.4  0.446667  0.481948
     0.99       0.4  0.446667  0.493609
    0.999       0.4      0.48  0.497892
   0.9999       0.4      0.48  0.498378
        0       0.5  0.446667  0.466667
      0.2       0.5  0.340667  0.455829
      0.4       0.5  0.390667  0.459127
      0.6       0.5  0.429333  0.463213
      0.8       0.5  0.446667  0.469718
      0.9       0.5  0.446667  0.476474
     0.95       0.5  0.446667  0.483258
     0.99       0.5  0.446667  0.494201
    0.999       0.5      0.48  0.498285
   0.9999       0.5      0.48   0.49875
        0       0.6  0.446667  0.466667
      0.2       0.6  0.380667  0.461055
      0.4       0.6      0.42  0.463186
      0.6       0.6  0.442667  0.466072
      0.8       0.6  0.446667  0.471344
      0.9       0.6  0.446667  0.477471
     0.95       0.6  0.446667  0.483931
     0.99       0.6  0.446667  0.494577
    0.999       0.6      0.48  0.498574
   0.9999       0.6      0.48   0.49903
        0       0.7  0.446667  0.466667
      0.2       0.7  0.403333  0.463546
      0.4       0.7  0.432667  0.465128
      0.6       0.7  0.446667  0.467457
      0.8       0.7  0.446667  0.472164
      0.9       0.7  0.446667  0.478006
     0.95       0.7  0.446667  0.484319
     0.99       0.7  0.446667  0.494826
    0.999       0.7      0.48  0.498781
   0.9999       0.7      0.48  0.499231
        0       0.8  0.446667  0.466667
      0.2       0.8     0.418  0.464852
      0.4       0.8  0.439333  0.466155
      0.6       0.8  0.446667  0.468202
      0.8       0.8  0.446667  0.472624
      0.9       0.8  0.446667  0.478323
     0.95       0.8  0.446667  0.484562
     0.99       0.8  0.446667  0.494997
    0.999       0.8      0.48   0.49893
   0.9999       0.8      0.48  0.499377
        0       0.9  0.446667  0.466667
      0.2       0.9  0.427333  0.465596
      0.4       0.9  0.444667  0.466746
      0.6       0.9  0.446667  0.468638
      0.8       0.9  0.446667  0.472904
      0.9       0.9  0.446667  0.478525
     0.95       0.9  0.446667  0.484725
     0.99       0.9  0.446667   0.49512
    0.999       0.9      0.48  0.499039
   0.9999       0.9      0.48  0.499485
        0         1  0.446667  0.466667
      0.2         1     0.432   0.46605
      0.4         1  0.446667   0.46711
      0.6         1  0.446667  0.468911
      0.8         1  0.446667  0.473086
      0.9         1  0.446667  0.478662
     0.95         1  0.446667  0.484838
     0.99         1  0.446667   0.49521
    0.999         1      0.48  0.499121
   0.9999         1      0.48  0.499566
        0         2  0.446667  0.466667
      0.2         2  0.446667  0.467042
      0.4         2  0.446667  0.467931
      0.6         2  0.446667   0.46956
      0.8         2  0.446667  0.473565
      0.9         2  0.446667  0.479056
     0.95         2  0.446667  0.485188
     0.99         2  0.446667  0.495511
    0.999         2  0.446667  0.499405
   0.9999         2      0.48  0.499848
        0         4  0.446667  0.466667
      0.2         4  0.446667  0.467178
      0.4         4  0.446667  0.468053
      0.6         4  0.446667  0.469668
      0.8         4  0.446667  0.473659
      0.9         4  0.446667  0.479144
     0.95         4  0.446667  0.485272
     0.99         4  0.446667   0.49559
    0.999         4  0.446667  0.499481
   0.9999         4  0.446667  0.499924