        0      0.05  0.196667  0.496667
      0.2      0.05  0.196667     0.374
      0.4      0.05  0.196667     0.373
      0.6      0.05  0.196667  0.372333
      0.8      0.05  0.196667  0.372333
      0.9      0.05  0.196667  0.372333
     0.95      0.05  0.196667  0.371667
     0.99      0.05  0.196667  0.371667
    0.999      0.05  0.196667  0.369667
   0.9999      0.05  0.196667  0.369333
        0       0.1  0.196667  0.496667
      0.2       0.1 0.0673333 0.0680378
      0.4       0.1 0.0686667 0.0680183
      0.6       0.1     0.066 0.0665671
      0.8       0.1 0.0673333 0.0666896
      0.9       0.1     0.068 0.0668675
     0.95       0.1 0.0653333 0.0661475
     0.99       0.1     0.066 0.0655835
    0.999       0.1 0.0633333 0.0640667
   0.9999       0.1 0.0646667 0.0642075
        0      0.15  0.196667  0.496667
      0.2      0.15      0.07 0.0718007
      0.4      0.15 0.0686667 0.0692543
      0.6      0.15      0.07 0.0692683
      0.8      0.15 0.0686667 0.0680559
      0.9      0.15     0.068 0.0672227
     0.95      0.15 0.0666667 0.0663889
     0.99      0.15 0.0653333 0.0642713
    0.999      0.15 0.0593333  0.061372
   0.9999      0.15 0.0633333  0.065264
        0       0.2  0.196667  0.496667
      0.2       0.2 0.0773333 0.0778298
      0.4       0.2     0.072 0.0728848
      0.6       0.2 0.0693333 0.0703864
      0.8       0.2 0.0693333 0.0687051
      0.9       0.2     0.068 0.0665761
     0.95       0.2 0.0646667   0.06472
     0.99       0.2 0.0593333 0.0626861
    0.999       0.2     0.066 0.0701341
   0.9999       0.2 0.0706667 0.0776677
        0       0.3  0.196667  0.496667
      0.2       0.3 0.0993333  0.103707
      0.4       0.3 0.0806667 0.0856741
      0.6       0.3 0.0686667 0.0745051
      0.8       0.3 0.0653333 0.0676979
      0.9       0.3     0.064 0.0643054
     0.95       0.3 0.0626667 0.0632272
     0.99       0.3 0.0626667  0.068663
    0.999       0.3     0.074 0.0798728
   0.9999       0.3  0.101333 0.0952946
        0       0.4  0.196667  0.496667
      0.2       0.4  0.134667   0.14187
      0.4       0.4  0.104667  0.114262
      0.6       0.4 0.0826667 0.0926207
      0.8       0.4 0.0646667 0.0752142
      0.9       0.4     0.054  0.067411
     0.95       0.4      0.05 0.0643928
     0.99       0.4 0.0446667 0.0674174
    0.999       0.4 0.0433333 0.0871158
   0.9999       0.4     0.086   0.11292
        0       0.5  0.196667  0.496667
      0.2       0.5     0.172  0.182905
      0.4       0.5     0.138  0.150983
      0.6       0.5 0.0973333  0.123816
      0.8       0.5     0.076  0.099662
      0.9       0.5      0.06 0.0904229
     0.95       0.5 0.0486667 0.0897586
     0.99       0.5 0.0393333  0.102818
    0.999       0.5 0.0453333  0.124385
   0.9999       0.5  0.146667  0.154825
        0       0.6  0.196667  0.496667
      0.2       0.6  0.202667  0.215623
      0.4       0.6     0.166  0.186662
      0.6       0.6     0.124  0.161528
      0.8       0.6 0.0873333  0.140352
      0.9       0.6     0.072  0.136713
     0.95       0.6 0.0666667  0.142472
     0.99       0.6     0.052  0.158792
    0.999       0.6     0.132  0.176084
   0.9999       0.6     0.178  0.203617
        0       0.7  0.196667  0.496667
      0.2       0.7     0.226  0.244052
      0.4       0.7  0.188667  0.221268
      0.6       0.7  0.148667  0.202902
      0.8       0.7  0.108667   0.19103
      0.9       0.7 0.0946667   0.19352
     0.95       0.7      0.09  0.200904
     0.99       0.7  0.101333  0.212068
    0.999       0.7  0.162667  0.224942
   0.9999       0.7  0.195333  0.243408
        0       0.8  0.196667  0.496667
      0.2       0.8  0.249333  0.270463
      0.4       0.8  0.203333  0.254397
      0.6       0.8  0.166667  0.243493
      0.8       0.8  0.128667  0.240178
      0.9       0.8     0.118   0.24534
     0.95       0.8      0.12  0.251184
     0.99       0.8  0.134667  0.257042
    0.999       0.8  0.187333  0.266837
   0.9999       0.8       0.2  0.277046
        0       0.9  0.196667  0.496667
      0.2       0.9     0.252  0.293831
      0.4       0.9     0.222  0.283771
      0.6       0.9  0.177333  0.278817
      0.8       0.9     0.148  0.280957
      0.9       0.9  0.142667  0.286821
     0.95       0.9     0.146  0.291257
     0.99       0.9  0.154667  0.295482
    0.999       0.9  0.194667  0.304295
   0.9999       0.9       0.2  0.309513
        0         1  0.196667  0.496667
      0.2         1  0.265333  0.314511
      0.4         1     0.228  0.309434
      0.6         1  0.190667  0.308984
      0.8         1     0.158  0.314758
      0.9         1  0.150667  0.321229
     0.95         1  0.158667  0.325501
     0.99         1  0.168667  0.330982
    0.999         1  0.196667  0.338479
   0.9999         1       0.2  0.341341
        0         2  0.196667  0.496667
      0.2         2  0.305333  0.448694
      0.4         2  0.284667  0.455429
      0.6         2  0.252667  0.462786
      0.8         2      0.19  0.470789
      0.9         2     0.184  0.475081
     0.95         2     0.184  0.477401
     0.99         2  0.196667  0.479998
    0.999         2  0.196667  0.482053
   0.9999         2       0.2  0.482581
        0         4  0.196667  0.496667
      0.2         4  0.358667  0.490276
      0.4         4     0.354  0.491778
      0.6         4  0.350667  0.493279
      0.8         4  0.336667  0.494797
      0.9         4  0.293333  0.495619
     0.95         4  0.236667  0.496158
     0.99         4  0.195333  0.497372
    0.999         4  0.196667  0.499026
   0.9999         4  0.196667  0.499435