       0     0.05     0.47     0.49
     0.2     0.05    0.152 0.168506
     0.4     0.05    0.152 0.175894
     0.6     0.05     0.15 0.189167
     0.8     0.05 0.148667 0.221895
     0.9     0.05 0.146667  0.26953
    0.95     0.05    0.154 0.327629
    0.99     0.05 0.196667 0.440202
   0.999     0.05 0.473333 0.491292
  0.9999     0.05     0.48 0.497772
       0      0.1     0.47     0.49
     0.2      0.1 0.144667 0.216744
     0.4      0.1 0.143333 0.236309
     0.6      0.1 0.144667  0.26848
     0.8      0.1 0.140667 0.330018
     0.9      0.1 0.153333 0.387338
    0.95      0.1    0.188 0.430706
    0.99      0.1 0.438667 0.480303
   0.999      0.1     0.48 0.495978
  0.9999      0.1     0.48 0.497775
       0     0.15     0.47     0.49
     0.2     0.15    0.124 0.279797
     0.4     0.15 0.124667 0.307609
     0.6     0.15 0.129333 0.345636
     0.8     0.15 0.157333 0.400877
     0.9     0.15    0.238 0.439444
    0.95     0.15    0.354  0.46351
    0.99     0.15     0.47 0.488394
   0.999     0.15     0.48 0.496536
  0.9999     0.15     0.48 0.497514
       0      0.2     0.47     0.49
     0.2      0.2 0.133333 0.342955
     0.4      0.2 0.140667 0.368809
     0.6      0.2 0.154667 0.400075
     0.8      0.2 0.242667  0.43888
     0.9      0.2    0.364 0.462516
    0.95      0.2 0.461333 0.476399
    0.99      0.2     0.47   0.4912
   0.999      0.2     0.48 0.496716
  0.9999      0.2     0.48  0.49742
       0      0.3     0.47     0.49
     0.2      0.3 0.191333 0.426564
     0.4      0.3 0.223333 0.440213
     0.6      0.3 0.284667  0.45492
     0.8      0.3 0.420667 0.471093
     0.9      0.3     0.47 0.480298
    0.95      0.3     0.47 0.485914
    0.99      0.3     0.47 0.493417
   0.999      0.3     0.48 0.497154
  0.9999      0.3     0.48 0.497673
       0      0.4     0.47     0.49
     0.2      0.4    0.278 0.462444
     0.4      0.4 0.329333  0.46858
     0.6      0.4 0.411333  0.47501
     0.8      0.4 0.469333 0.482006
     0.9      0.4     0.47 0.486199
    0.95      0.4     0.47 0.489172
    0.99      0.4     0.47 0.494477
   0.999      0.4     0.48 0.497687
  0.9999      0.4     0.48 0.498149
       0      0.5     0.47     0.49
     0.2      0.5    0.348 0.476694
     0.4      0.5 0.402667 0.479631
     0.6      0.5     0.46 0.482723
     0.8      0.5     0.47 0.486206
     0.9      0.5     0.47 0.488555
    0.95      0.5     0.47  0.49058
    0.99      0.5     0.47 0.495112
   0.999      0.5     0.48 0.498134
  0.9999      0.5     0.48 0.498576
       0      0.6     0.47     0.49
     0.2      0.6 0.387333 0.482788
     0.4      0.6    0.446 0.484357
     0.6      0.6     0.47 0.486042
     0.8      0.6     0.47 0.488063
     0.9      0.6     0.47 0.489656
    0.95      0.6     0.47 0.491296
    0.99      0.6     0.47 0.495515
   0.999      0.6 0.476667 0.498463
  0.9999      0.6     0.48 0.498896
       0      0.7     0.47     0.49
     0.2      0.7    0.426 0.485693
     0.4      0.7 0.463333 0.486623
     0.6      0.7     0.47 0.487653
     0.8      0.7     0.47 0.488998
     0.9      0.7     0.47 0.490244
    0.95      0.7     0.47 0.491707
    0.99      0.7     0.47 0.495784
   0.999      0.7     0.47 0.498697
  0.9999      0.7     0.48 0.499127
       0      0.8     0.47     0.49
     0.2      0.8    0.446 0.487222
     0.4      0.8 0.468667 0.487827
     0.6      0.8     0.47 0.488522
     0.8      0.8     0.47 0.489523
     0.9      0.8     0.47 0.490591
    0.95      0.8     0.47 0.491965
    0.99      0.8     0.47  0.49597
   0.999      0.8     0.47 0.498867
  0.9999      0.8     0.48 0.499295
       0      0.9     0.47     0.49
     0.2      0.9 0.455333 0.488098
     0.4      0.9     0.47 0.488522
     0.6      0.9     0.47 0.489032
     0.8      0.9     0.47 0.489843
     0.9      0.9     0.47 0.490813
    0.95      0.9     0.47 0.492137
    0.99      0.9     0.47 0.496102
   0.999      0.9     0.47 0.498991
  0.9999      0.9     0.48 0.499418
       0        1     0.47     0.49
     0.2        1 0.458667 0.488635
     0.4        1     0.47 0.488952
     0.6        1     0.47 0.489353
     0.8        1     0.47 0.490051
     0.9        1     0.47 0.490964
    0.95        1     0.47 0.492258
    0.99        1     0.47   0.4962
   0.999        1     0.47 0.499084
  0.9999        1     0.48 0.499511
       0        2     0.47     0.49
     0.2        2 0.468667 0.489831
     0.4        2     0.47 0.489938
     0.6        2     0.47 0.490123
     0.8        2     0.47 0.490599
     0.9        2     0.47 0.491398
    0.95        2     0.47 0.492634
    0.99        2     0.47  0.49653
   0.999        2     0.47 0.499407
  0.9999        2     0.48 0.499833
       0        4     0.47     0.49
     0.2        4     0.47 0.490004
     0.4        4     0.47  0.49009
     0.6        4     0.47 0.490254
     0.8        4     0.47 0.490708
     0.9        4     0.47 0.491495
    0.95        4     0.47 0.492725
    0.99        4     0.47 0.496617
   0.999        4     0.47 0.499494
  0.9999        4     0.47 0.499921