       0     0.05     0.83 0.827778
     0.2     0.05 0.693333 0.651556
     0.4     0.05 0.691333 0.651667
     0.6     0.05     0.69 0.651667
     0.8     0.05 0.688667 0.650111
     0.9     0.05 0.688667 0.648444
    0.95     0.05 0.688667 0.648444
    0.99     0.05 0.688667 0.646778
   0.999     0.05    0.686 0.646333
  0.9999     0.05    0.686 0.646778
       0      0.1     0.83 0.827778
     0.2      0.1    0.678 0.677461
     0.4      0.1 0.672667 0.671867
     0.6      0.1 0.671333 0.670906
     0.8      0.1     0.67 0.673369
     0.9      0.1    0.678 0.676652
    0.95      0.1 0.676667 0.676393
    0.99      0.1 0.675333 0.675074
   0.999      0.1 0.680667 0.678724
  0.9999      0.1 0.680667 0.679871
       0     0.15     0.83 0.827778
     0.2     0.15 0.697333 0.697696
     0.4     0.15 0.696667 0.694553
     0.6     0.15 0.673333 0.678327
     0.8     0.15 0.678667 0.678987
     0.9     0.15 0.676667 0.678188
    0.95     0.15    0.678 0.677407
    0.99     0.15 0.679333 0.678749
   0.999     0.15    0.674 0.672739
  0.9999     0.15 0.672667 0.670739
       0      0.2     0.83 0.827778
     0.2      0.2 0.690667 0.691139
     0.4      0.2 0.698667  0.69907
     0.6      0.2 0.703333 0.699582
     0.8      0.2    0.686 0.685616
     0.9      0.2 0.682667 0.680807
    0.95      0.2 0.679333 0.679183
    0.99      0.2 0.677333  0.67575
   0.999      0.2 0.672667  0.67312
  0.9999      0.2    0.678 0.677629
       0      0.3     0.83 0.827778
     0.2      0.3 0.696667 0.697721
     0.4      0.3 0.699333 0.698731
     0.6      0.3 0.688667 0.696961
     0.8      0.3 0.715333 0.703104
     0.9      0.3 0.690667 0.694728
    0.95      0.3 0.687333 0.689958
    0.99      0.3     0.68 0.678181
   0.999      0.3 0.654667 0.660526
  0.9999      0.3 0.654667 0.650667
       0      0.4     0.83 0.827778
     0.2      0.4 0.694667 0.696275
     0.4      0.4    0.694 0.697261
     0.6      0.4 0.700667 0.702928
     0.8      0.4    0.704 0.703735
     0.9      0.4    0.708 0.700346
    0.95      0.4    0.698 0.690044
    0.99      0.4 0.665333 0.668095
   0.999      0.4 0.654667 0.660909
  0.9999      0.4 0.638667 0.679965
       0      0.5     0.83 0.827778
     0.2      0.5 0.689333 0.695906
     0.4      0.5     0.69 0.696824
     0.6      0.5    0.696  0.69888
     0.8      0.5 0.711333 0.705774
     0.9      0.5 0.719333 0.701763
    0.95      0.5 0.705333 0.692354
    0.99      0.5    0.662 0.681312
   0.999      0.5    0.708 0.697659
  0.9999      0.5 0.752667 0.707661
       0      0.6     0.83 0.827778
     0.2      0.6 0.692667 0.701375
     0.4      0.6    0.686 0.698406
     0.6      0.6 0.683333 0.696729
     0.8      0.6 0.703333 0.700455
     0.9      0.6     0.71 0.703055
    0.95      0.6 0.720667 0.701208
    0.99      0.6 0.724667 0.701507
   0.999      0.6 0.750667 0.709821
  0.9999      0.6 0.752667 0.723525
       0      0.7     0.83 0.827778
     0.2      0.7    0.696 0.706471
     0.4      0.7    0.688 0.701926
     0.6      0.7 0.685333 0.698483
     0.8      0.7    0.686 0.697534
     0.9      0.7 0.702667 0.699876
    0.95      0.7 0.724667 0.701417
    0.99      0.7 0.741333 0.705314
   0.999      0.7 0.724667 0.722692
  0.9999      0.7 0.791333 0.769829
       0      0.8     0.83 0.827778
     0.2      0.8 0.699333  0.71007
     0.4      0.8 0.691333 0.705756
     0.6      0.8 0.687333 0.701836
     0.8      0.8 0.684667 0.699325
     0.9      0.8    0.688 0.699212
    0.95      0.8    0.692 0.700612
    0.99      0.8 0.719333 0.713378
   0.999      0.8    0.758 0.760908
  0.9999      0.8 0.833333 0.808714
       0      0.9     0.83 0.827778
     0.2      0.9 0.701333 0.712625
     0.4      0.9 0.695333 0.709135
     0.6      0.9 0.691333 0.706023
     0.8      0.9    0.684 0.704183
     0.9      0.9 0.681333 0.705725
    0.95      0.9 0.684667 0.710906
    0.99      0.9    0.722 0.739257
   0.999      0.9 0.831333 0.796271
  0.9999      0.9 0.833333 0.824281
       0        1     0.83 0.827778
     0.2        1    0.704  0.71511
     0.4        1 0.698667 0.712773
     0.6        1 0.697333 0.711291
     0.8        1 0.684667 0.712411
     0.9        1     0.69 0.718231
    0.95        1    0.704 0.729226
    0.99        1 0.748667 0.769784
   0.999        1 0.832667 0.814701
  0.9999        1 0.833333 0.830086
       0        2     0.83 0.827778
     0.2        2    0.768 0.784474
     0.4        2     0.76 0.790766
     0.6        2    0.794 0.798961
     0.8        2 0.833333 0.810288
     0.9        2     0.83 0.818116
    0.95        2     0.83 0.823135
    0.99        2     0.83 0.828938
   0.999        2 0.833333 0.832439
  0.9999        2 0.833333  0.83323
       0        4     0.83 0.827778
     0.2        4     0.83 0.821806
     0.4        4     0.83 0.823347
     0.6        4     0.83 0.825004
     0.8        4     0.83 0.826833
     0.9        4     0.83 0.827903
    0.95        4     0.83 0.828639
    0.99        4     0.83 0.830352
   0.999        4 0.833333 0.832687
  0.9999        4 0.833333  0.83326