       0     0.05 0.493333 0.493333
     0.2     0.05 0.299333 0.310665
     0.4     0.05    0.302 0.310011
     0.6     0.05 0.300667 0.310456
     0.8     0.05 0.299333 0.308334
     0.9     0.05      0.3    0.309
    0.95     0.05 0.300667 0.308317
    0.99     0.05 0.294667 0.303667
   0.999     0.05 0.295333 0.304333
  0.9999     0.05    0.296    0.304
       0      0.1 0.493333 0.493333
     0.2      0.1 0.220667 0.220353
     0.4      0.1 0.219333 0.219463
     0.6      0.1    0.218 0.218658
     0.8      0.1 0.219333  0.21848
     0.9      0.1 0.210667 0.211018
    0.95      0.1    0.212 0.211939
    0.99      0.1 0.212667 0.212632
   0.999      0.1 0.213333 0.213595
  0.9999      0.1 0.215333 0.214522
       0     0.15 0.493333 0.493333
     0.2     0.15 0.221333 0.224095
     0.4     0.15    0.224 0.224617
     0.6     0.15     0.22 0.221562
     0.8     0.15 0.220667 0.220033
     0.9     0.15    0.212  0.21386
    0.95     0.15    0.212 0.215122
    0.99     0.15 0.214667 0.217405
   0.999     0.15     0.19 0.211635
  0.9999     0.15 0.190667 0.207649
       0      0.2 0.493333 0.493333
     0.2      0.2     0.22 0.226348
     0.4      0.2     0.22 0.226558
     0.6      0.2 0.223333 0.229602
     0.8      0.2 0.218667  0.22738
     0.9      0.2 0.211333 0.221975
    0.95      0.2 0.215333 0.222974
    0.99      0.2 0.188667 0.219528
   0.999      0.2 0.190667 0.212282
  0.9999      0.2 0.175333 0.208149
       0      0.3 0.493333 0.493333
     0.2      0.3 0.272667 0.288248
     0.4      0.3 0.226667 0.250392
     0.6      0.3 0.221333 0.240861
     0.8      0.3     0.23 0.239633
     0.9      0.3    0.246 0.233059
    0.95      0.3 0.251333 0.224218
    0.99      0.3 0.182667 0.219934
   0.999      0.3 0.193333 0.229752
  0.9999      0.3 0.221333 0.245985
       0      0.4 0.493333 0.493333
     0.2      0.4    0.328 0.346153
     0.4      0.4    0.302 0.311283
     0.6      0.4 0.242667 0.274987
     0.8      0.4    0.242 0.255784
     0.9      0.4 0.264667  0.24807
    0.95      0.4     0.23 0.241735
    0.99      0.4 0.184667 0.243235
   0.999      0.4 0.207333  0.26625
  0.9999      0.4 0.262667 0.308414
       0      0.5 0.493333 0.493333
     0.2      0.5 0.349333 0.370354
     0.4      0.5 0.343333 0.351221
     0.6      0.5 0.329333 0.321235
     0.8      0.5 0.273333 0.288639
     0.9      0.5 0.276667 0.275615
    0.95      0.5    0.196 0.271163
    0.99      0.5 0.237333 0.281862
   0.999      0.5    0.262 0.337082
  0.9999      0.5 0.358667 0.412851
       0      0.6 0.493333 0.493333
     0.2      0.6 0.367333  0.38256
     0.4      0.6    0.366 0.369957
     0.6      0.6 0.365333 0.352622
     0.8      0.6     0.32 0.327064
     0.9      0.6 0.338667 0.313322
    0.95      0.6 0.307333 0.309525
    0.99      0.6 0.253333 0.330276
   0.999      0.6    0.344 0.402584
  0.9999      0.6 0.388667 0.441142
       0      0.7 0.493333 0.493333
     0.2      0.7 0.380667 0.391208
     0.4      0.7 0.381333  0.38102
     0.6      0.7    0.378 0.369862
     0.8      0.7     0.38 0.356322
     0.9      0.7 0.352667 0.351026
    0.95      0.7 0.321333 0.353129
    0.99      0.7    0.266 0.378397
   0.999      0.7 0.442667  0.42406
  0.9999      0.7     0.44 0.452936
       0      0.8 0.493333 0.493333
     0.2      0.8    0.398 0.398864
     0.4      0.8    0.386  0.39113
     0.6      0.8 0.385333 0.383808
     0.8      0.8    0.386 0.379182
     0.9      0.8 0.387333 0.381047
    0.95      0.8 0.371333 0.386562
    0.99      0.8 0.414667 0.406457
   0.999      0.8 0.427333 0.441299
  0.9999      0.8 0.453333 0.462521
       0      0.9 0.493333 0.493333
     0.2      0.9    0.402 0.407144
     0.4      0.9    0.394 0.402212
     0.6      0.9 0.389333 0.398761
     0.8      0.9 0.391333  0.39941
     0.9      0.9 0.395333 0.404048
    0.95      0.9 0.400667 0.410091
    0.99      0.9 0.428667 0.428264
   0.999      0.9    0.446 0.455525
  0.9999      0.9 0.453333 0.470394
       0        1 0.493333 0.493333
     0.2        1 0.411333  0.41623
     0.4        1 0.403333  0.41384
     0.6        1 0.395333  0.41331
     0.8        1    0.396 0.416536
     0.9        1    0.394 0.421706
    0.95        1 0.483333 0.427679
    0.99        1 0.419333  0.44445
   0.999        1 0.449333 0.465867
  0.9999        1 0.453333 0.482018
       0        2 0.493333 0.493333
     0.2        2 0.414667 0.456762
     0.4        2    0.424 0.458439
     0.6        2 0.456667 0.461694
     0.8        2 0.419333 0.468759
     0.9        2    0.452 0.476339
    0.95        2 0.449333 0.483191
    0.99        2 0.449333 0.493701
   0.999        2 0.493333 0.499057
  0.9999        2      0.5 0.499899
       0        4 0.493333 0.493333
     0.2        4 0.426667 0.483385
     0.4        4     0.42 0.485389
     0.6        4     0.42 0.487724
     0.8        4 0.413333 0.490553
     0.9        4 0.449333 0.492392
    0.95        4 0.461333 0.493785
    0.99        4 0.493333 0.496845
   0.999        4 0.493333 0.499486
  0.9999        4      0.5 0.499945