       0     0.05 0.493333 0.493333
     0.2     0.05 0.493333 0.493333
     0.4     0.05 0.493333 0.493333
     0.6     0.05 0.493333 0.493333
     0.8     0.05 0.493333 0.493333
     0.9     0.05 0.493333 0.493333
    0.95     0.05 0.493333 0.493333
    0.99     0.05 0.493333 0.493333
   0.999     0.05 0.493333 0.493333
  0.9999     0.05 0.493333 0.493333
       0      0.1 0.493333 0.493333
     0.2      0.1 0.472667 0.471443
     0.4      0.1     0.48 0.478237
     0.6      0.1 0.476667 0.479597
     0.8      0.1 0.481333 0.480697
     0.9      0.1    0.482 0.480628
    0.95      0.1 0.476667 0.479584
    0.99      0.1 0.479333 0.478438
   0.999      0.1 0.476667 0.478576
  0.9999      0.1 0.472667 0.471654
       0     0.15 0.493333 0.493333
     0.2     0.15 0.462667 0.468246
     0.4     0.15 0.465333 0.471127
     0.6     0.15 0.466667 0.473814
     0.8     0.15     0.47 0.475594
     0.9     0.15 0.467333 0.475093
    0.95     0.15 0.467333 0.473896
    0.99     0.15 0.467333 0.468482
   0.999     0.15 0.439333 0.457046
  0.9999     0.15 0.462667 0.473152
       0      0.2 0.493333 0.493333
     0.2      0.2 0.439333 0.453395
     0.4      0.2 0.439333  0.46428
     0.6      0.2 0.459333 0.469452
     0.8      0.2    0.456 0.470813
     0.9      0.2 0.452667 0.469601
    0.95      0.2 0.450667 0.468212
    0.99      0.2     0.46 0.472681
   0.999      0.2 0.490667 0.488017
  0.9999      0.2    0.494 0.492825
       0      0.3 0.493333 0.493333
     0.2      0.3 0.407333 0.434277
     0.4      0.3 0.404667 0.446533
     0.6      0.3    0.418 0.457909
     0.8      0.3 0.436667 0.470502
     0.9      0.3 0.486667 0.478812
    0.95      0.3 0.485333 0.484476
    0.99      0.3    0.492 0.491809
   0.999      0.3 0.496667 0.497021
  0.9999      0.3      0.5 0.499373
       0      0.4 0.493333 0.493333
     0.2      0.4     0.38 0.439541
     0.4      0.4 0.379333 0.450288
     0.6      0.4 0.379333 0.461757
     0.8      0.4 0.383333 0.475288
     0.9      0.4 0.438667 0.483622
    0.95      0.4 0.482667 0.488686
    0.99      0.4 0.491333 0.494708
   0.999      0.4    0.494 0.498798
  0.9999      0.4      0.5 0.499853
       0      0.5 0.493333 0.493333
     0.2      0.5 0.387333   0.4518
     0.4      0.5 0.382667 0.460771
     0.6      0.5     0.38  0.47035
     0.8      0.5 0.376667 0.481122
     0.9      0.5     0.38 0.487336
    0.95      0.5 0.390667 0.491001
    0.99      0.5 0.462667 0.495757
   0.999      0.5 0.493333 0.499197
  0.9999      0.5    0.494  0.49991
       0      0.6 0.493333 0.493333
     0.2      0.6    0.368 0.462296
     0.4      0.6 0.372667 0.469383
     0.6      0.6 0.373333 0.476852
     0.8      0.6 0.386667 0.484958
     0.9      0.6     0.41 0.489499
    0.95      0.6 0.458667  0.49223
    0.99      0.6 0.493333 0.496265
   0.999      0.6 0.493333 0.499346
  0.9999      0.6      0.5 0.499929
       0      0.7 0.493333 0.493333
     0.2      0.7    0.364  0.46978
     0.4      0.7    0.366 0.475327
     0.6      0.7 0.372667 0.481114
     0.8      0.7 0.398667 0.487293
     0.9      0.7 0.441333 0.490752
    0.95      0.7 0.483333 0.492921
    0.99      0.7 0.493333 0.496538
   0.999      0.7 0.493333 0.499416
  0.9999      0.7      0.5 0.499937
       0      0.8 0.493333 0.493333
     0.2      0.8    0.364 0.474959
     0.4      0.8 0.363333 0.479369
     0.6      0.8    0.372 0.483941
     0.8      0.8 0.408667 0.488793
     0.9      0.8 0.446667 0.491541
    0.95      0.8    0.492  0.49335
    0.99      0.8 0.493333 0.496699
   0.999      0.8 0.493333 0.499453
  0.9999      0.8      0.5 0.499941
       0      0.9 0.493333 0.493333
     0.2      0.9 0.363333 0.478628
     0.4      0.9    0.366 0.482205
     0.6      0.9    0.368 0.485898
     0.8      0.9 0.408667 0.489815
     0.9      0.9 0.462667 0.492073
    0.95      0.9 0.493333 0.493637
    0.99      0.9 0.493333 0.496802
   0.999      0.9 0.493333 0.499475
  0.9999      0.9      0.5 0.499944
       0        1 0.493333 0.493333
     0.2        1 0.357333 0.481312
     0.4        1 0.364667 0.484265
     0.6        1 0.375333 0.487309
     0.8        1 0.408667 0.490544
     0.9        1    0.468  0.49245
    0.95        1 0.493333 0.493839
    0.99        1 0.493333 0.496871
   0.999        1 0.493333 0.499489
  0.9999        1      0.5 0.499945
       0        2 0.493333 0.493333
     0.2        2 0.351333 0.490245
     0.4        2 0.364667 0.491053
     0.6        2 0.379333   0.4919
     0.8        2    0.428 0.492884
     0.9        2     0.48 0.493649
    0.95        2 0.493333 0.494473
    0.99        2 0.493333  0.49707
   0.999        2 0.493333 0.499526
  0.9999        2 0.493333 0.499949
       0        4 0.493333 0.493333
     0.2        4 0.351333 0.492571
     0.4        4 0.364667 0.492804
     0.6        4 0.377333 0.493071
     0.8        4 0.428667 0.493474
     0.9        4 0.481333 0.493948
    0.95        4 0.493333  0.49463
    0.99        4 0.493333 0.497113
   0.999        4 0.493333 0.499533
  0.9999        4 0.493333  0.49995