       0     0.05     0.49     0.49
     0.2     0.05 0.187333 0.242667
     0.4     0.05 0.190667    0.244
     0.6     0.05    0.192 0.244333
     0.8     0.05    0.192 0.244333
     0.9     0.05 0.192667 0.244667
    0.95     0.05    0.194 0.245333
    0.99     0.05    0.196 0.246667
   0.999     0.05 0.197333 0.248667
  0.9999     0.05    0.198    0.251
       0      0.1     0.49     0.49
     0.2      0.1    0.272 0.272439
     0.4      0.1 0.272667 0.272697
     0.6      0.1 0.273333 0.273435
     0.8      0.1 0.273333 0.273779
     0.9      0.1    0.274 0.274052
    0.95      0.1 0.275333 0.274974
    0.99      0.1    0.276 0.276197
   0.999      0.1 0.276667 0.278093
  0.9999      0.1     0.28 0.280002
       0     0.15     0.49     0.49
     0.2     0.15 0.270667 0.270326
     0.4     0.15 0.274667 0.272048
     0.6     0.15    0.272 0.272999
     0.8     0.15    0.274 0.274695
     0.9     0.15 0.276667 0.276498
    0.95     0.15 0.276667 0.277245
    0.99     0.15     0.28  0.27992
   0.999     0.15     0.28 0.280236
  0.9999     0.15 0.280667 0.280972
       0      0.2     0.49     0.49
     0.2      0.2 0.277333 0.277416
     0.4      0.2     0.27 0.270432
     0.6      0.2 0.267333  0.27066
     0.8      0.2 0.273333  0.27367
     0.9      0.2     0.28 0.277392
    0.95      0.2     0.28  0.27868
    0.99      0.2     0.28 0.279466
   0.999      0.2    0.282 0.281418
  0.9999      0.2 0.283333 0.283279
       0      0.3     0.49     0.49
     0.2      0.3 0.268667 0.268214
     0.4      0.3 0.275333 0.274889
     0.6      0.3     0.28 0.275619
     0.8      0.3 0.267333  0.27223
     0.9      0.3 0.272667 0.275592
    0.95      0.3 0.276667 0.277227
    0.99      0.3 0.282667 0.282395
   0.999      0.3    0.302 0.294923
  0.9999      0.3    0.284 0.305693
       0      0.4     0.49     0.49
     0.2      0.4    0.292 0.290014
     0.4      0.4    0.272 0.272608
     0.6      0.4    0.282 0.275842
     0.8      0.4     0.29 0.283943
     0.9      0.4 0.288667 0.289516
    0.95      0.4 0.291333 0.295227
    0.99      0.4 0.305333 0.309879
   0.999      0.4 0.403333 0.332381
  0.9999      0.4    0.376 0.345704
       0      0.5     0.49     0.49
     0.2      0.5    0.302 0.303216
     0.4      0.5 0.295333 0.296335
     0.6      0.5    0.286 0.288775
     0.8      0.5 0.298667 0.293658
     0.9      0.5 0.317333 0.304791
    0.95      0.5    0.324 0.314603
    0.99      0.5     0.38 0.333042
   0.999      0.5 0.393333 0.359745
  0.9999      0.5    0.462 0.397774
       0      0.6     0.49     0.49
     0.2      0.6 0.314667  0.31561
     0.4      0.6    0.306 0.309325
     0.6      0.6 0.307333 0.307153
     0.8      0.6 0.306667 0.308881
     0.9      0.6 0.313333 0.316996
    0.95      0.6 0.331333 0.327146
    0.99      0.6 0.396667 0.352531
   0.999      0.6 0.447333 0.392345
  0.9999      0.6 0.362667 0.425223
       0      0.7     0.49     0.49
     0.2      0.7 0.324667 0.324753
     0.4      0.7     0.32 0.321237
     0.6      0.7 0.319333 0.319399
     0.8      0.7 0.319333 0.322223
     0.9      0.7    0.326 0.329227
    0.95      0.7 0.372667 0.339308
    0.99      0.7 0.380667 0.367935
   0.999      0.7 0.393333 0.415661
  0.9999      0.7    0.454 0.456509
       0      0.8     0.49     0.49
     0.2      0.8    0.334 0.332191
     0.4      0.8    0.336 0.331362
     0.6      0.8    0.332 0.331336
     0.8      0.8 0.326667  0.33609
     0.9      0.8 0.353333 0.345053
    0.95      0.8     0.37 0.357033
    0.99      0.8 0.345333 0.392558
   0.999      0.8 0.420667 0.446024
  0.9999      0.8    0.444  0.46885
       0      0.9     0.49     0.49
     0.2      0.9 0.337333 0.340653
     0.4      0.9     0.34  0.34187
     0.6      0.9 0.339333 0.344854
     0.8      0.9 0.350667 0.354004
     0.9      0.9    0.378 0.367007
    0.95      0.9 0.367333 0.382701
    0.99      0.9 0.413333 0.423508
   0.999      0.9 0.419333 0.463229
  0.9999      0.9 0.453333 0.480394
       0        1     0.49     0.49
     0.2        1 0.337333 0.351056
     0.4        1 0.338667 0.354318
     0.6        1 0.344667 0.360362
     0.8        1 0.371333   0.3741
     0.9        1 0.389333 0.390732
    0.95        1 0.426667 0.408613
    0.99        1 0.425333 0.445866
   0.999        1    0.422 0.475861
  0.9999        1 0.453333 0.493952
       0        2     0.49     0.49
     0.2        2 0.438667  0.45357
     0.4        2 0.457333 0.460272
     0.6        2    0.468 0.468268
     0.8        2 0.517333 0.478334
     0.9        2 0.529333 0.484898
    0.95        2 0.533333 0.489341
    0.99        2 0.526667 0.495941
   0.999        2    0.422 0.499445
  0.9999        2     0.49 0.499942
       0        4     0.49     0.49
     0.2        4 0.530667 0.488392
     0.4        4 0.518667 0.488927
     0.6        4 0.500667  0.48952
     0.8        4    0.392  0.49038
     0.9        4     0.43 0.491362
    0.95        4     0.49 0.492692
    0.99        4     0.49 0.496655
   0.999        4     0.49 0.499527
  0.9999        4      0.5 0.499951