       0     0.05 0.496667 0.496667
     0.2     0.05    0.388 0.415667
     0.4     0.05     0.39 0.416333
     0.6     0.05 0.390667 0.416667
     0.8     0.05    0.392 0.417333
     0.9     0.05 0.392667 0.417667
    0.95     0.05    0.394 0.418667
    0.99     0.05    0.394 0.418667
   0.999     0.05    0.394 0.418333
  0.9999     0.05    0.396 0.420333
       0      0.1 0.496667 0.496667
     0.2      0.1    0.512 0.488527
     0.4      0.1 0.514667 0.489159
     0.6      0.1 0.511333 0.488699
     0.8      0.1 0.504667  0.48151
     0.9      0.1 0.504667 0.481393
    0.95      0.1 0.504667 0.481356
    0.99      0.1 0.504667 0.481258
   0.999      0.1 0.504667 0.480474
  0.9999      0.1 0.504667 0.475355
       0     0.15 0.496667 0.496667
     0.2     0.15 0.477333  0.47473
     0.4     0.15    0.464  0.46635
     0.6     0.15    0.466 0.463896
     0.8     0.15 0.464667 0.464115
     0.9     0.15    0.458 0.457937
    0.95     0.15    0.458 0.456428
    0.99     0.15    0.458 0.451553
   0.999     0.15 0.434667 0.444557
  0.9999     0.15 0.434667 0.443273
       0      0.2 0.496667 0.496667
     0.2      0.2    0.474 0.476549
     0.4      0.2    0.478 0.475748
     0.6      0.2    0.474 0.470737
     0.8      0.2     0.46 0.462622
     0.9      0.2 0.464667 0.459243
    0.95      0.2 0.430667 0.456324
    0.99      0.2    0.434 0.451831
   0.999      0.2    0.434 0.450472
  0.9999      0.2    0.434 0.450585
       0      0.3 0.496667 0.496667
     0.2      0.3 0.467333 0.477999
     0.4      0.3 0.476667 0.477808
     0.6      0.3 0.496667 0.473821
     0.8      0.3 0.445333 0.465915
     0.9      0.3 0.436667 0.462284
    0.95      0.3 0.433333 0.461295
    0.99      0.3 0.432667 0.457859
   0.999      0.3     0.43 0.457572
  0.9999      0.3 0.429333 0.461714
       0      0.4 0.496667 0.496667
     0.2      0.4    0.496 0.472473
     0.4      0.4 0.505333 0.467865
     0.6      0.4 0.463333 0.467189
     0.8      0.4 0.437333 0.465302
     0.9      0.4 0.431333 0.462024
    0.95      0.4    0.432 0.461806
    0.99      0.4 0.428667 0.461809
   0.999      0.4 0.429333 0.466839
  0.9999      0.4 0.418667 0.471956
       0      0.5 0.496667 0.496667
     0.2      0.5 0.509333 0.470908
     0.4      0.5 0.449333 0.464565
     0.6      0.5 0.427333 0.461267
     0.8      0.5    0.438 0.461105
     0.9      0.5 0.439333 0.463066
    0.95      0.5 0.439333 0.465685
    0.99      0.5    0.434 0.469366
   0.999      0.5 0.421333 0.476646
  0.9999      0.5 0.429333  0.48977
       0      0.6 0.496667 0.496667
     0.2      0.6     0.45 0.466707
     0.4      0.6 0.434667 0.465732
     0.6      0.6 0.423333 0.463042
     0.8      0.6 0.421333 0.463304
     0.9      0.6 0.421333 0.467058
    0.95      0.6 0.430667 0.471566
    0.99      0.6    0.436 0.477028
   0.999      0.6 0.458667 0.481402
  0.9999      0.6 0.503333  0.47919
       0      0.7 0.496667 0.496667
     0.2      0.7    0.432 0.458989
     0.4      0.7 0.429333  0.46576
     0.6      0.7 0.428667 0.467921
     0.8      0.7 0.422667 0.471023
     0.9      0.7 0.419333 0.475229
    0.95      0.7 0.424667 0.478281
    0.99      0.7    0.444 0.476406
   0.999      0.7 0.489333 0.467133
  0.9999      0.7 0.457333 0.477808
       0      0.8 0.496667 0.496667
     0.2      0.8     0.43 0.453525
     0.4      0.8 0.428667 0.464312
     0.6      0.8 0.428667 0.471236
     0.8      0.8 0.424667 0.476822
     0.9      0.8    0.426 0.478841
    0.95      0.8 0.433333 0.477192
    0.99      0.8 0.498667 0.465254
   0.999      0.8    0.448 0.471707
  0.9999      0.8 0.455333 0.491234
       0      0.9 0.496667 0.496667
     0.2      0.9 0.422667 0.452803
     0.4      0.9 0.425333 0.463465
     0.6      0.9    0.426 0.471283
     0.8      0.9 0.425333 0.476039
     0.9      0.9    0.474 0.474446
    0.95      0.9 0.474667 0.469291
    0.99      0.9 0.445333 0.464288
   0.999      0.9     0.45 0.483916
  0.9999      0.9 0.495333 0.497119
       0        1 0.496667 0.496667
     0.2        1    0.382 0.455824
     0.4        1    0.426 0.464335
     0.6        1    0.422  0.47034
     0.8        1    0.468 0.472273
     0.9        1 0.476667 0.469076
    0.95        1 0.492667 0.465943
    0.99        1 0.448667 0.472617
   0.999        1 0.475333 0.492004
  0.9999        1      0.5 0.498898
       0        2 0.496667 0.496667
     0.2        2 0.423333 0.483476
     0.4        2     0.42 0.483908
     0.6        2 0.396667 0.485342
     0.8        2    0.374 0.488839
     0.9        2 0.429333 0.492067
    0.95        2    0.476 0.494375
    0.99        2 0.495333 0.497357
   0.999        2 0.496667 0.499465
  0.9999        2      0.5 0.499939
       0        4 0.496667 0.496667
     0.2        4 0.433333 0.492911
     0.4        4 0.433333 0.493725
     0.6        4 0.434667 0.494633
     0.8        4 0.410667 0.495667
     0.9        4 0.397333 0.496296
    0.95        4 0.437333 0.496752
    0.99        4 0.496667 0.497913
   0.999        4 0.496667 0.499548
  0.9999        4 0.496667 0.499949