       0     0.05     0.49     0.49
     0.2     0.05 0.139333 0.188399
     0.4     0.05 0.135333 0.197023
     0.6     0.05    0.134 0.214931
     0.8     0.05 0.132667 0.260229
     0.9     0.05     0.14 0.318481
    0.95     0.05 0.155333 0.376992
    0.99     0.05 0.204667 0.464241
   0.999     0.05     0.49   0.4959
  0.9999     0.05      0.5 0.499583
       0      0.1     0.49     0.49
     0.2      0.1 0.216667 0.337498
     0.4      0.1    0.224 0.359781
     0.6      0.1    0.244 0.389001
     0.8      0.1    0.258 0.429474
     0.9      0.1    0.282 0.456905
    0.95      0.1 0.310667  0.47401
    0.99      0.1 0.367333 0.492416
   0.999      0.1     0.49 0.499063
  0.9999      0.1      0.5 0.499903
       0     0.15     0.49     0.49
     0.2     0.15 0.281333 0.423461
     0.4     0.15      0.3 0.436457
     0.6     0.15    0.326 0.451304
     0.8     0.15    0.362 0.468907
     0.9     0.15     0.38 0.479666
    0.95     0.15 0.393333 0.486429
    0.99     0.15 0.363333 0.495183
   0.999     0.15     0.49 0.499356
  0.9999     0.15      0.5 0.499933
       0      0.2     0.49     0.49
     0.2      0.2 0.402667 0.457485
     0.4      0.2    0.416 0.464008
     0.6      0.2 0.431333 0.471327
     0.8      0.2    0.458 0.480074
     0.9      0.2 0.455333 0.485715
    0.95      0.2 0.438667 0.489643
    0.99      0.2 0.405333 0.495893
   0.999      0.2     0.49 0.499433
  0.9999      0.2      0.5 0.499941
       0      0.3     0.49     0.49
     0.2      0.3 0.462667 0.477206
     0.4      0.3 0.463333 0.479763
     0.6      0.3    0.468 0.482767
     0.8      0.3 0.473333 0.486575
     0.9      0.3 0.456667 0.489296
    0.95      0.3 0.432667 0.491564
    0.99      0.3     0.49 0.496338
   0.999      0.3     0.49 0.499484
  0.9999      0.3 0.495333 0.499946
       0      0.4     0.49     0.49
     0.2      0.4 0.479333 0.482666
     0.4      0.4    0.482 0.484278
     0.6      0.4 0.481333 0.486146
     0.8      0.4 0.479333 0.488521
     0.9      0.4    0.458  0.49036
    0.95      0.4 0.414667 0.492136
    0.99      0.4     0.49 0.496484
   0.999      0.4     0.49 0.499502
  0.9999      0.4     0.49 0.499948
       0      0.5     0.49     0.49
     0.2      0.5 0.485333 0.485169
     0.4      0.5 0.485333 0.486325
     0.6      0.5    0.486 0.487646
     0.8      0.5 0.481333 0.489354
     0.9      0.5    0.452 0.490806
    0.95      0.5 0.386667 0.492375
    0.99      0.5     0.49 0.496547
   0.999      0.5     0.49 0.499511
  0.9999      0.5     0.49 0.499949
       0      0.6     0.49     0.49
     0.2      0.6    0.488 0.486581
     0.4      0.6 0.489333 0.487456
     0.6      0.6    0.488 0.488454
     0.8      0.6 0.480667  0.48979
     0.9      0.6 0.450667 0.491036
    0.95      0.6 0.368667 0.492498
    0.99      0.6     0.49  0.49658
   0.999      0.6     0.49 0.499515
  0.9999      0.6     0.49 0.499949
       0      0.7     0.49     0.49
     0.2      0.7    0.488 0.487462
     0.4      0.7 0.490667 0.488149
     0.6      0.7     0.49  0.48894
     0.8      0.7 0.480667 0.490047
     0.9      0.7    0.448  0.49117
    0.95      0.7     0.37 0.492569
    0.99      0.7     0.49 0.496598
   0.999      0.7     0.49 0.499518
  0.9999      0.7     0.49  0.49995
       0      0.8     0.49     0.49
     0.2      0.8 0.487333 0.488047
     0.4      0.8 0.490667 0.488605
     0.6      0.8     0.49 0.489256
     0.8      0.8 0.478667 0.490212
     0.9      0.8 0.441333 0.491256
    0.95      0.8 0.374667 0.492614
    0.99      0.8     0.49  0.49661
   0.999      0.8     0.49 0.499519
  0.9999      0.8     0.49  0.49995
       0      0.9     0.49     0.49
     0.2      0.9 0.487333 0.488456
     0.4      0.9 0.490667  0.48892
     0.6      0.9     0.49 0.489473
     0.8      0.9 0.478667 0.490324
     0.9      0.9 0.437333 0.491314
    0.95      0.9 0.372667 0.492644
    0.99      0.9     0.49 0.496618
   0.999      0.9     0.49  0.49952
  0.9999      0.9     0.49  0.49995
       0        1     0.49     0.49
     0.2        1 0.487333 0.488751
     0.4        1     0.49 0.489147
     0.6        1     0.49 0.489628
     0.8        1    0.478 0.490404
     0.9        1 0.435333 0.491355
    0.95        1 0.381333 0.492666
    0.99        1     0.49 0.496624
   0.999        1     0.49 0.499521
  0.9999        1     0.49  0.49995
       0        2     0.49     0.49
     0.2        2     0.49 0.489719
     0.4        2     0.49 0.489883
     0.6        2     0.49 0.490125
     0.8        2 0.474667 0.490657
     0.9        2     0.43 0.491484
    0.95        2 0.397333 0.492733
    0.99        2     0.49  0.49664
   0.999        2     0.49 0.499523
  0.9999        2     0.49  0.49995
       0        4     0.49     0.49
     0.2        4     0.49 0.489967
     0.4        4 0.489333 0.490069
     0.6        4 0.490667  0.49025
     0.8        4 0.473333  0.49072
     0.9        4     0.43 0.491516
    0.95        4 0.401333 0.492749
    0.99        4     0.49 0.496644
   0.999        4     0.49 0.499523
  0.9999        4     0.49  0.49995