        0      0.05  0.493333  0.493333
      0.2      0.05 0.0606667  0.108092
      0.4      0.05 0.0546667  0.124985
      0.6      0.05      0.05  0.154496
      0.8      0.05 0.0433333   0.22004
      0.9      0.05 0.0466667  0.296164
     0.95      0.05 0.0646667  0.366604
     0.99      0.05  0.187333  0.462014
    0.999      0.05  0.493333   0.49537
   0.9999      0.05       0.5  0.499521
        0       0.1  0.493333  0.493333
      0.2       0.1     0.096   0.30401
      0.4       0.1  0.102667  0.335283
      0.6       0.1  0.128667   0.37424
      0.8       0.1  0.177333  0.424502
      0.9       0.1  0.221333  0.455864
     0.95       0.1  0.322667  0.474102
     0.99       0.1  0.422667  0.492442
    0.999       0.1  0.493333   0.49902
   0.9999       0.1       0.5  0.499898
        0      0.15  0.493333  0.493333
      0.2      0.15  0.202667  0.417428
      0.4      0.15     0.216  0.433322
      0.6      0.15  0.261333  0.450702
      0.8      0.15  0.374667   0.47011
      0.9      0.15  0.385333  0.481231
     0.95      0.15  0.392667  0.487807
     0.99      0.15  0.492667  0.495567
    0.999      0.15  0.493333  0.499357
   0.9999      0.15       0.5  0.499932
        0       0.2  0.493333  0.493333
      0.2       0.2  0.363333  0.459266
      0.4       0.2  0.370667  0.466259
      0.6       0.2  0.381333   0.47386
      0.8       0.2  0.390667  0.482591
      0.9       0.2     0.382  0.487949
     0.95       0.2  0.401333  0.491409
     0.99       0.2  0.493333  0.496368
    0.999       0.2  0.493333  0.499443
   0.9999       0.2       0.5  0.499941
        0       0.3  0.493333  0.493333
      0.2       0.3     0.446  0.480669
      0.4       0.3  0.441333  0.483082
      0.6       0.3     0.438  0.485902
      0.8       0.3     0.408   0.48941
      0.9       0.3     0.382  0.491748
     0.95       0.3  0.488667  0.493464
     0.99       0.3  0.493333   0.49683
    0.999       0.3  0.493333  0.499495
   0.9999       0.3       0.5  0.499946
        0       0.4  0.493333  0.493333
      0.2       0.4  0.462667  0.485815
      0.4       0.4  0.456667  0.487384
      0.6       0.4      0.45  0.489177
      0.8       0.4     0.404  0.491352
      0.9       0.4      0.43   0.49283
     0.95       0.4  0.493333  0.494044
     0.99       0.4  0.493333  0.496967
    0.999       0.4  0.493333  0.499512
   0.9999       0.4       0.5  0.499948
        0       0.5  0.493333  0.493333
      0.2       0.5  0.467333   0.48825
      0.4       0.5  0.465333  0.489399
      0.6       0.5  0.455333  0.490677
      0.8       0.5  0.392667  0.492204
      0.9       0.5  0.470667  0.493289
     0.95       0.5  0.493333  0.494287
     0.99       0.5  0.493333  0.497027
    0.999       0.5  0.493333   0.49952
   0.9999       0.5       0.5  0.499949
        0       0.6  0.493333  0.493333
      0.2       0.6     0.468  0.489685
      0.4       0.6     0.466  0.490555
      0.6       0.6     0.454  0.491511
      0.8       0.6  0.385333  0.492659
      0.9       0.6      0.49  0.493529
     0.95       0.6  0.493333  0.494412
     0.99       0.6  0.493333  0.497059
    0.999       0.6  0.493333  0.499525
   0.9999       0.6       0.5  0.499949
        0       0.7  0.493333  0.493333
      0.2       0.7     0.472  0.490601
      0.4       0.7     0.466   0.49128
      0.6       0.7     0.452  0.492022
      0.8       0.7  0.379333  0.492931
      0.9       0.7  0.492667   0.49367
     0.95       0.7  0.493333  0.494486
     0.99       0.7  0.493333  0.497077
    0.999       0.7  0.493333  0.499528
   0.9999       0.7       0.5   0.49995
        0       0.8  0.493333  0.493333
      0.2       0.8  0.473333  0.491218
      0.4       0.8     0.466  0.491761
      0.6       0.8     0.452  0.492357
      0.8       0.8  0.377333  0.493106
      0.9       0.8  0.492667   0.49376
     0.95       0.8  0.493333  0.494533
     0.99       0.8  0.493333  0.497089
    0.999       0.8  0.493333  0.499529
   0.9999       0.8  0.493333   0.49995
        0       0.9  0.493333  0.493333
      0.2       0.9     0.474  0.491651
      0.4       0.9     0.466  0.492096
      0.6       0.9     0.452  0.492588
      0.8       0.9     0.376  0.493226
      0.9       0.9  0.492667  0.493822
     0.95       0.9  0.493333  0.494565
     0.99       0.9  0.493333  0.497098
    0.999       0.9  0.493333   0.49953
   0.9999       0.9  0.493333   0.49995
        0         1  0.493333  0.493333
      0.2         1  0.475333  0.491966
      0.4         1  0.467333  0.492338
      0.6         1     0.452  0.492754
      0.8         1     0.376  0.493311
      0.9         1  0.492667  0.493865
     0.95         1  0.493333  0.494587
     0.99         1  0.493333  0.497103
    0.999         1  0.493333  0.499531
   0.9999         1  0.493333   0.49995
        0         2  0.493333  0.493333
      0.2         2  0.477333  0.493001
      0.4         2  0.468667  0.493126
      0.6         2  0.452667  0.493286
      0.8         2     0.378  0.493582
      0.9         2  0.493333  0.494003
     0.95         2  0.493333  0.494658
     0.99         2  0.493333  0.497122
    0.999         2  0.493333  0.499534
   0.9999         2  0.493333   0.49995
        0         4  0.493333  0.493333
      0.2         4  0.476667  0.493267
      0.4         4  0.469333  0.493325
      0.6         4     0.454   0.49342
      0.8         4  0.379333  0.493649
      0.9         4  0.493333  0.494037
     0.95         4  0.493333  0.494676
     0.99         4  0.493333  0.497126
    0.999         4  0.493333  0.499535
   0.9999         4  0.493333   0.49995