       0     0.05 0.493333 0.493333
     0.2     0.05 0.493333 0.493333
     0.4     0.05 0.493333 0.493333
     0.6     0.05 0.493333 0.493333
     0.8     0.05 0.493333 0.493333
     0.9     0.05 0.493333 0.493333
    0.95     0.05 0.493333 0.493333
    0.99     0.05 0.493333 0.493333
   0.999     0.05 0.493333 0.493333
  0.9999     0.05 0.493333 0.493333
       0      0.1 0.493333 0.493333
     0.2      0.1 0.441333 0.447866
     0.4      0.1     0.45 0.456532
     0.6      0.1 0.460667 0.464142
     0.8      0.1    0.464 0.470745
     0.9      0.1 0.471333 0.475056
    0.95      0.1 0.482667 0.478035
    0.99      0.1 0.484667 0.482832
   0.999      0.1 0.494667 0.490652
  0.9999      0.1      0.5 0.495887
       0     0.15 0.493333 0.493333
     0.2     0.15    0.458 0.461824
     0.4     0.15 0.438667 0.461444
     0.6     0.15     0.45 0.465977
     0.8     0.15    0.478 0.474344
     0.9     0.15    0.476 0.479738
    0.95     0.15 0.489333 0.483919
    0.99     0.15 0.494667 0.491259
   0.999     0.15 0.500667 0.496086
  0.9999     0.15    0.502 0.498537
       0      0.2 0.493333 0.493333
     0.2      0.2    0.456 0.458928
     0.4      0.2 0.464667 0.465184
     0.6      0.2    0.462 0.469891
     0.8      0.2    0.456 0.476818
     0.9      0.2 0.473333 0.482112
    0.95      0.2 0.482667 0.485872
    0.99      0.2 0.487333 0.490585
   0.999      0.2 0.495333 0.491694
  0.9999      0.2      0.5 0.490415
       0      0.3 0.493333 0.493333
     0.2      0.3 0.400667 0.435362
     0.4      0.3 0.412667 0.447331
     0.6      0.3 0.426667 0.457656
     0.8      0.3 0.429333 0.469249
     0.9      0.3 0.431333 0.477002
    0.95      0.3 0.446667 0.482381
    0.99      0.3    0.472 0.489706
   0.999      0.3 0.490667 0.495152
  0.9999      0.3    0.494 0.498467
       0      0.4 0.493333 0.493333
     0.2      0.4 0.375333 0.433475
     0.4      0.4 0.372667  0.44538
     0.6      0.4 0.369333  0.45786
     0.8      0.4     0.36 0.472582
     0.9      0.4 0.362667  0.48178
    0.95      0.4 0.360667 0.487425
    0.99      0.4 0.359333 0.494018
   0.999      0.4 0.381333 0.498512
  0.9999      0.4    0.476 0.499809
       0      0.5 0.493333 0.493333
     0.2      0.5 0.370667 0.447328
     0.4      0.5 0.365333  0.45702
     0.6      0.5    0.362 0.467525
     0.8      0.5 0.360667 0.479452
     0.9      0.5 0.362667 0.486361
    0.95      0.5 0.367333 0.490402
    0.99      0.5    0.468 0.495476
   0.999      0.5 0.493333 0.499122
  0.9999      0.5 0.494667 0.499901
       0      0.6 0.493333 0.493333
     0.2      0.6    0.362 0.460023
     0.4      0.6 0.361333 0.467501
     0.6      0.6 0.359333 0.475472
     0.8      0.6 0.355333 0.484181
     0.9      0.6 0.363333 0.489057
    0.95      0.6    0.372 0.491954
    0.99      0.6 0.487333 0.496125
   0.999      0.6 0.493333 0.499314
  0.9999      0.6    0.496 0.499925
       0      0.7 0.493333 0.493333
     0.2      0.7    0.356 0.468829
     0.4      0.7 0.355333 0.474545
     0.6      0.7 0.355333 0.480546
     0.8      0.7    0.354 0.486976
     0.9      0.7    0.354 0.490565
    0.95      0.7     0.39 0.492793
    0.99      0.7 0.492667 0.496458
   0.999      0.7 0.493333 0.499397
  0.9999      0.7 0.494667 0.499935
       0      0.8 0.493333 0.493333
     0.2      0.8    0.362 0.474719
     0.4      0.8     0.36 0.479161
     0.6      0.8     0.36 0.483783
     0.8      0.8     0.35 0.488698
     0.9      0.8    0.356 0.491476
    0.95      0.8 0.402667 0.493294
    0.99      0.8 0.493333  0.49665
   0.999      0.8 0.493333 0.499441
  0.9999      0.8 0.493333  0.49994
       0      0.9 0.493333 0.493333
     0.2      0.9 0.366667 0.478751
     0.4      0.9 0.365333 0.482284
     0.6      0.9 0.362667 0.485942
     0.8      0.9 0.356667 0.489827
     0.9      0.9 0.359333 0.492066
    0.95      0.9    0.412 0.493616
    0.99      0.9 0.493333 0.496769
   0.999      0.9 0.493333 0.499467
  0.9999      0.9 0.493333 0.499943
       0        1 0.493333 0.493333
     0.2        1 0.364667 0.481608
     0.4        1    0.364 0.484482
     0.6        1 0.362667 0.487448
     0.8        1 0.361333 0.490607
     0.9        1 0.362667 0.492472
    0.95        1    0.416 0.493837
    0.99        1 0.493333 0.496848
   0.999        1 0.493333 0.499483
  0.9999        1 0.493333 0.499945
       0        2 0.493333 0.493333
     0.2        2 0.356667 0.490497
     0.4        2    0.358 0.491241
     0.6        2 0.361333 0.492025
     0.8        2    0.362 0.492946
     0.9        2 0.379333 0.493678
    0.95        2    0.436 0.494485
    0.99        2 0.493333 0.497067
   0.999        2 0.493333 0.499525
  0.9999        2 0.493333 0.499949
       0        4 0.493333 0.493333
     0.2        4    0.358 0.492646
     0.4        4 0.358667  0.49286
     0.6        4 0.360667 0.493109
     0.8        4    0.364 0.493492
     0.9        4 0.387333 0.493957
    0.95        4 0.445333 0.494633
    0.99        4 0.493333 0.497113
   0.999        4 0.493333 0.499532
  0.9999        4 0.493333  0.49995