       0     0.05 0.465333 0.466667
     0.2     0.05 0.465333 0.466667
     0.4     0.05 0.465333 0.466667
     0.6     0.05 0.465333 0.466667
     0.8     0.05 0.465333 0.466667
     0.9     0.05 0.465333 0.466667
    0.95     0.05 0.465333 0.466667
    0.99     0.05 0.465333 0.466667
   0.999     0.05 0.465333 0.466667
  0.9999     0.05 0.465333 0.466667
       0      0.1 0.465333 0.466667
     0.2      0.1 0.378667 0.378146
     0.4      0.1    0.378 0.384648
     0.6      0.1 0.391333 0.389491
     0.8      0.1    0.398  0.39272
     0.9      0.1 0.395333 0.394448
    0.95      0.1    0.394 0.396146
    0.99      0.1 0.401333  0.40077
   0.999      0.1     0.41 0.408789
  0.9999      0.1 0.419333 0.416063
       0     0.15 0.465333 0.466667
     0.2     0.15 0.368667 0.372513
     0.4     0.15 0.370667 0.377048
     0.6     0.15 0.371333 0.382768
     0.8     0.15 0.383333 0.390254
     0.9     0.15    0.386 0.396014
    0.95     0.15 0.397333 0.401341
    0.99     0.15 0.403333 0.415077
   0.999     0.15 0.428667   0.4297
  0.9999     0.15 0.427333 0.436143
       0      0.2 0.465333 0.466667
     0.2      0.2 0.357333 0.368615
     0.4      0.2 0.365333 0.376634
     0.6      0.2 0.369333 0.384387
     0.8      0.2    0.376 0.395463
     0.9      0.2 0.395333 0.405663
    0.95      0.2 0.399333 0.415113
    0.99      0.2 0.432667 0.431743
   0.999      0.2 0.435333 0.446734
  0.9999      0.2    0.452 0.466498
       0      0.3 0.465333 0.466667
     0.2      0.3 0.320667 0.367037
     0.4      0.3 0.331333 0.381078
     0.6      0.3    0.346 0.396482
     0.8      0.3     0.37 0.417905
     0.9      0.3 0.409333 0.435401
    0.95      0.3 0.427333 0.449846
    0.99      0.3 0.432667 0.474555
   0.999      0.3 0.470667 0.493721
  0.9999      0.3 0.496667 0.499056
       0      0.4 0.465333 0.466667
     0.2      0.4    0.288 0.385635
     0.4      0.4 0.285333  0.40104
     0.6      0.4 0.294667 0.418955
     0.8      0.4    0.312 0.442141
     0.9      0.4 0.330667 0.458563
    0.95      0.4 0.341333 0.470728
    0.99      0.4 0.454667  0.48927
   0.999      0.4 0.477333 0.498515
  0.9999      0.4 0.498667 0.499814
       0      0.5 0.465333 0.466667
     0.2      0.5 0.246667 0.410429
     0.4      0.5 0.245333 0.423081
     0.6      0.5     0.25 0.437428
     0.8      0.5    0.274 0.455145
     0.9      0.5    0.304 0.467693
    0.95      0.5 0.380667 0.477524
    0.99      0.5 0.465333 0.492663
   0.999      0.5 0.478667 0.499093
  0.9999      0.5 0.498667 0.499882
       0      0.6 0.465333 0.466667
     0.2      0.6 0.217333 0.428825
     0.4      0.6 0.219333 0.438213
     0.6      0.6    0.228 0.448751
     0.8      0.6 0.256667 0.461974
     0.9      0.6 0.312667 0.472056
    0.95      0.6 0.410667 0.480584
    0.99      0.6 0.465333 0.493945
   0.999      0.6 0.472667 0.499279
  0.9999      0.6 0.498667 0.499908
       0      0.7 0.465333 0.466667
     0.2      0.7     0.21 0.440306
     0.4      0.7 0.212667 0.447339
     0.6      0.7    0.216 0.455302
     0.8      0.7    0.246 0.465738
     0.9      0.7 0.311333 0.474396
    0.95      0.7 0.424667 0.482184
    0.99      0.7 0.465333 0.494557
   0.999      0.7    0.466 0.499364
  0.9999      0.7 0.498667 0.499922
       0      0.8 0.465333 0.466667
     0.2      0.8    0.206 0.447495
     0.4      0.8 0.207333 0.452963
     0.6      0.8 0.209333 0.459267
     0.8      0.8    0.242 0.467971
     0.9      0.8 0.306667 0.475766
    0.95      0.8 0.429333 0.483104
    0.99      0.8 0.465333 0.494892
   0.999      0.8 0.465333  0.49941
  0.9999      0.8 0.498667 0.499931
       0      0.9 0.465333 0.466667
     0.2      0.9    0.208  0.45219
     0.4      0.9 0.207333 0.456605
     0.6      0.9 0.210667  0.46181
     0.8      0.9    0.242 0.469387
     0.9      0.9 0.309333 0.476627
    0.95      0.9 0.427333 0.483675
    0.99      0.9 0.465333 0.495092
   0.999      0.9 0.465333 0.499437
  0.9999      0.9 0.498667 0.499936
       0        1 0.465333 0.466667
     0.2        1    0.212 0.455397
     0.4        1 0.209333 0.459078
     0.6        1    0.214 0.463526
     0.8        1 0.236667 0.470336
     0.9        1 0.309333 0.477199
    0.95        1 0.424667  0.48405
    0.99        1 0.465333  0.49522
   0.999        1 0.465333 0.499455
  0.9999        1 0.498667 0.499939
       0        2 0.465333 0.466667
     0.2        2 0.227333 0.464577
     0.4        2 0.227333 0.466092
     0.6        2 0.229333 0.468344
     0.8        2 0.246667 0.472963
     0.9        2 0.308667 0.478755
    0.95        2 0.410667 0.485044
    0.99        2 0.465333 0.495541
   0.999        2 0.465333 0.499497
  0.9999        2 0.465333 0.499948
       0        4 0.465333 0.466667
     0.2        4 0.237333 0.466576
     0.4        4 0.238667 0.467605
     0.6        4 0.243333 0.469373
     0.8        4 0.249333 0.473514
     0.9        4    0.308 0.479073
    0.95        4 0.405333  0.48524
    0.99        4 0.465333 0.495599
   0.999        4 0.465333 0.499505
  0.9999        4 0.465333  0.49995