        0      0.05  0.466667  0.466667
      0.2      0.05     0.104      0.07
      0.4      0.05     0.104     0.071
      0.6      0.05     0.104     0.071
      0.8      0.05     0.104     0.071
      0.9      0.05     0.104     0.071
     0.95      0.05     0.104     0.071
     0.99      0.05     0.104     0.071
    0.999      0.05     0.104 0.0713333
   0.9999      0.05     0.104 0.0713333
        0       0.1  0.466667  0.466667
      0.2       0.1     0.038   0.03804
      0.4       0.1     0.038 0.0380284
      0.6       0.1     0.038 0.0381312
      0.8       0.1 0.0393333 0.0391394
      0.9       0.1 0.0393333 0.0395322
     0.95       0.1 0.0413333 0.0412717
     0.99       0.1     0.042 0.0421084
    0.999       0.1 0.0453333  0.045804
   0.9999       0.1 0.0453333 0.0523359
        0      0.15  0.466667  0.466667
      0.2      0.15 0.0346667 0.0388543
      0.4      0.15     0.038 0.0399086
      0.6      0.15     0.038 0.0402093
      0.8      0.15 0.0386667 0.0415509
      0.9      0.15 0.0413333 0.0452121
     0.95      0.15     0.042  0.048963
     0.99      0.15 0.0453333 0.0648421
    0.999      0.15 0.0906667 0.0853437
   0.9999      0.15 0.0906667 0.0901493
        0       0.2  0.466667  0.466667
      0.2       0.2 0.0346667 0.0421455
      0.4       0.2     0.036 0.0437548
      0.6       0.2 0.0393333 0.0479909
      0.8       0.2     0.042 0.0537549
      0.9       0.2     0.056 0.0630889
     0.95       0.2     0.074 0.0726001
     0.99       0.2 0.0906667 0.0858259
    0.999       0.2 0.0906667 0.0902645
   0.9999       0.2 0.0906667 0.0910499
        0       0.3  0.466667  0.466667
      0.2       0.3 0.0593333 0.0618403
      0.4       0.3     0.054 0.0585966
      0.6       0.3 0.0573333  0.063509
      0.8       0.3 0.0793333 0.0717683
      0.9       0.3 0.0853333 0.0804926
     0.95       0.3 0.0893333 0.0868923
     0.99       0.3 0.0906667 0.0926551
    0.999       0.3 0.0906667  0.100527
   0.9999       0.3 0.0906667  0.122236
        0       0.4  0.466667  0.466667
      0.2       0.4     0.088 0.0830417
      0.4       0.4      0.08 0.0764097
      0.6       0.4 0.0773333  0.074383
      0.8       0.4     0.076 0.0811447
      0.9       0.4 0.0793333 0.0880356
     0.95       0.4 0.0893333 0.0957307
     0.99       0.4 0.0973333  0.111208
    0.999       0.4     0.102  0.144468
   0.9999       0.4  0.135333  0.169076
        0       0.5  0.466667  0.466667
      0.2       0.5  0.100667  0.100729
      0.4       0.5      0.09  0.093877
      0.6       0.5 0.0833333 0.0906165
      0.8       0.5     0.082 0.0936256
      0.9       0.5 0.0886667  0.104105
     0.95       0.5     0.094  0.115896
     0.99       0.5     0.114  0.146673
    0.999       0.5  0.135333  0.198623
   0.9999       0.5     0.186  0.277343
        0       0.6  0.466667  0.466667
      0.2       0.6     0.102  0.115966
      0.4       0.6 0.0953333   0.11258
      0.6       0.6 0.0886667  0.110728
      0.8       0.6 0.0873333  0.115024
      0.9       0.6 0.0893333   0.12632
     0.95       0.6 0.0993333    0.1419
     0.99       0.6  0.118667  0.189047
    0.999       0.6     0.198  0.279209
   0.9999       0.6  0.336667  0.369328
        0       0.7  0.466667  0.466667
      0.2       0.7  0.103333  0.133157
      0.4       0.7 0.0993333  0.132258
      0.6       0.7 0.0986667   0.13414
      0.8       0.7 0.0946667  0.142423
      0.9       0.7 0.0986667  0.157168
     0.95       0.7     0.104  0.177853
     0.99       0.7  0.113333  0.242003
    0.999       0.7  0.271333  0.349412
   0.9999       0.7     0.284  0.432186
        0       0.8  0.466667  0.466667
      0.2       0.8     0.108  0.152882
      0.4       0.8  0.104667  0.154645
      0.6       0.8  0.107333  0.160236
      0.8       0.8      0.11  0.175272
      0.9       0.8  0.108667  0.197168
     0.95       0.8  0.110667  0.225196
     0.99       0.8  0.178667  0.304952
    0.999       0.8     0.282  0.414865
   0.9999       0.8     0.454  0.465934
        0       0.9  0.466667  0.466667
      0.2       0.9     0.112  0.175221
      0.4       0.9  0.110667  0.180436
      0.6       0.9     0.112  0.190418
      0.8       0.9  0.113333  0.213627
      0.9       0.9     0.122  0.243868
     0.95       0.9  0.136667  0.279641
     0.99       0.9  0.231333  0.369105
    0.999       0.9     0.436  0.452519
   0.9999       0.9       0.5  0.482022
        0         1  0.466667  0.466667
      0.2         1  0.119333  0.200373
      0.4         1      0.12   0.20924
      0.6         1     0.122   0.22412
      0.8         1  0.129333  0.255426
      0.9         1  0.140667  0.292641
     0.95         1     0.158  0.332765
     0.99         1  0.255333  0.414486
    0.999         1  0.453333  0.472613
   0.9999         1       0.5  0.493773
        0         2  0.466667  0.466667
      0.2         2  0.228667  0.407497
      0.4         2      0.23  0.418398
      0.6         2     0.254  0.431948
      0.8         2     0.288  0.451043
      0.9         2  0.245333  0.466165
     0.95         2  0.352667  0.478011
     0.99         2  0.466667  0.493821
    0.999         2       0.5  0.499308
   0.9999         2       0.5   0.49993
        0         4  0.466667  0.466667
      0.2         4  0.409333  0.459658
      0.4         4     0.414  0.462231
      0.6         4  0.415333  0.465668
      0.8         4  0.418667  0.471644
      0.9         4  0.419333  0.478198
     0.95         4     0.418  0.484864
     0.99         4  0.327333  0.495553
    0.999         4  0.466667  0.499502
   0.9999         4  0.466667   0.49995