       0     0.05 0.476667 0.496667
     0.2     0.05 0.373333 0.370701
     0.4     0.05 0.371333 0.369026
     0.6     0.05 0.371333 0.368753
     0.8     0.05    0.372 0.374092
     0.9     0.05 0.375333 0.387242
    0.95     0.05 0.375333 0.406528
    0.99     0.05 0.387333   0.4557
   0.999     0.05    0.358 0.491942
  0.9999     0.05     0.48 0.497905
       0      0.1 0.476667 0.496667
     0.2      0.1     0.37 0.374172
     0.4      0.1 0.370667 0.379524
     0.6      0.1 0.370667 0.389608
     0.8      0.1 0.376667 0.410842
     0.9      0.1 0.384667 0.433081
    0.95      0.1    0.386 0.453306
    0.99      0.1 0.362667 0.483912
   0.999      0.1 0.476667 0.496242
  0.9999      0.1     0.48 0.497905
       0     0.15 0.476667 0.496667
     0.2     0.15    0.368 0.392297
     0.4     0.15 0.368667 0.402476
     0.6     0.15 0.373333 0.416949
     0.8     0.15 0.382667 0.439867
     0.9     0.15 0.388667 0.459088
    0.95     0.15     0.38 0.473636
    0.99     0.15 0.476667 0.490737
   0.999     0.15 0.476667  0.49692
  0.9999     0.15     0.48 0.497846
       0      0.2 0.476667 0.496667
     0.2      0.2 0.365333  0.41529
     0.4      0.2 0.368667  0.42591
     0.6      0.2 0.375333 0.439512
     0.8      0.2 0.384667 0.459036
     0.9      0.2 0.378667 0.473573
    0.95      0.2 0.362667 0.483187
    0.99      0.2 0.476667  0.49324
   0.999      0.2 0.476667 0.497182
  0.9999      0.2     0.48 0.497864
       0      0.3 0.476667 0.496667
     0.2      0.3 0.371333 0.451031
     0.4      0.3 0.375333 0.458736
     0.6      0.3 0.376667 0.468062
     0.8      0.3 0.367333 0.479786
     0.9      0.3 0.367333 0.486932
    0.95      0.3 0.465333    0.491
    0.99      0.3 0.476667 0.495208
   0.999      0.3 0.476667 0.497598
  0.9999      0.3     0.48  0.49811
       0      0.4 0.476667 0.496667
     0.2      0.4 0.377333 0.471949
     0.4      0.4 0.374667 0.476942
     0.6      0.4 0.364667 0.482472
     0.8      0.4 0.362667 0.488612
     0.9      0.4 0.454667 0.491972
    0.95      0.4 0.476667 0.493829
    0.99      0.4 0.476667 0.496106
   0.999      0.4 0.476667 0.498025
  0.9999      0.4     0.48 0.498477
       0      0.5 0.476667 0.496667
     0.2      0.5    0.384  0.48326
     0.4      0.5    0.374 0.486179
     0.6      0.5    0.364 0.489227
     0.8      0.5 0.421333 0.492411
     0.9      0.5 0.476667 0.494102
    0.95      0.5 0.476667  0.49508
    0.99      0.5 0.476667 0.496641
   0.999      0.5 0.476667 0.498385
  0.9999      0.5     0.48  0.49881
       0      0.6 0.476667 0.496667
     0.2      0.6    0.374 0.489008
     0.4      0.6 0.364667   0.4907
     0.6      0.6 0.360667 0.492418
     0.8      0.6    0.458 0.494175
     0.9      0.6 0.476667 0.495122
    0.95      0.6 0.476667 0.495723
    0.99      0.6 0.476667 0.496987
   0.999      0.6 0.476667 0.498655
  0.9999      0.6     0.48 0.499066
       0      0.7 0.476667 0.496667
     0.2      0.7 0.365333 0.491985
     0.4      0.7 0.358667 0.493006
     0.6      0.7 0.382667 0.494031
     0.8      0.7    0.474 0.495079
     0.9      0.7 0.476667 0.495669
    0.95      0.7 0.476667 0.496094
    0.99      0.7 0.476667  0.49722
   0.999      0.7 0.476667 0.498852
  0.9999      0.7     0.48 0.499255
       0      0.8 0.476667 0.496667
     0.2      0.8 0.359333 0.493615
     0.4      0.8 0.358667 0.494264
     0.6      0.8 0.412667 0.494915
     0.8      0.8 0.476667 0.495588
     0.9      0.8 0.476667 0.495993
    0.95      0.8 0.476667 0.496326
    0.99      0.8 0.476667 0.497383
   0.999      0.8 0.476667 0.498995
  0.9999      0.8     0.48 0.499394
       0      0.9 0.476667 0.496667
     0.2      0.9    0.356 0.494565
     0.4      0.9 0.363333 0.494999
     0.6      0.9 0.428667 0.495436
     0.8      0.9 0.476667 0.495899
     0.9      0.9 0.476667   0.4962
    0.95      0.9 0.476667 0.496482
    0.99      0.9 0.476667 0.497501
   0.999      0.9 0.476667 0.499101
  0.9999      0.9     0.48 0.499497
       0        1 0.476667 0.496667
     0.2        1 0.356667 0.495151
     0.4        1     0.37 0.495455
     0.6        1    0.444 0.495763
     0.8        1 0.476667   0.4961
     0.9        1 0.476667  0.49634
    0.95        1 0.476667 0.496592
    0.99        1 0.476667 0.497588
   0.999        1 0.476667 0.499181
  0.9999        1     0.48 0.499575
       0        2 0.476667 0.496667
     0.2        2    0.362 0.496448
     0.4        2     0.43 0.496489
     0.6        2 0.476667 0.496538
     0.8        2 0.476667 0.496622
     0.9        2 0.476667 0.496739
    0.95        2 0.476667 0.496932
    0.99        2 0.476667 0.497886
   0.999        2 0.476667 0.499462
  0.9999        2 0.476667  0.49985
       0        4 0.476667 0.496667
     0.2        4 0.371333 0.496626
     0.4        4 0.453333 0.496641
     0.6        4 0.476667 0.496664
     0.8        4 0.476667 0.496723
     0.9        4 0.476667 0.496827
    0.95        4 0.476667 0.497014
    0.99        4 0.476667 0.497966
   0.999        4 0.476667 0.499539
  0.9999        4 0.476667 0.499925