       0     0.05 0.496667 0.496667
     0.2     0.05 0.281333 0.311333
     0.4     0.05 0.284667 0.310667
     0.6     0.05 0.285333 0.310667
     0.8     0.05 0.284667 0.310667
     0.9     0.05 0.285333    0.311
    0.95     0.05 0.285333 0.311667
    0.99     0.05 0.287333 0.311333
   0.999     0.05 0.288667 0.313333
  0.9999     0.05     0.29 0.315333
       0      0.1 0.496667 0.496667
     0.2      0.1 0.280667 0.256457
     0.4      0.1    0.278 0.253701
     0.6      0.1    0.278 0.254139
     0.8      0.1     0.28  0.25545
     0.9      0.1    0.274 0.251437
    0.95      0.1 0.273333 0.249547
    0.99      0.1 0.272667 0.249328
   0.999      0.1    0.274  0.25133
  0.9999      0.1 0.272667 0.251556
       0     0.15 0.496667 0.496667
     0.2     0.15    0.282 0.283156
     0.4     0.15 0.281333  0.28179
     0.6     0.15 0.279333 0.279924
     0.8     0.15 0.278667 0.279584
     0.9     0.15    0.272 0.275469
    0.95     0.15 0.271333 0.272445
    0.99     0.15 0.271333 0.274245
   0.999     0.15    0.278 0.277008
  0.9999     0.15 0.278667 0.275469
       0      0.2 0.496667 0.496667
     0.2      0.2 0.284667 0.287048
     0.4      0.2 0.284667 0.286399
     0.6      0.2 0.281333  0.28518
     0.8      0.2     0.28  0.28347
     0.9      0.2    0.276 0.278801
    0.95      0.2 0.269333  0.27611
    0.99      0.2 0.272667 0.278416
   0.999      0.2 0.268667 0.278419
  0.9999      0.2 0.268667 0.284852
       0      0.3 0.496667 0.496667
     0.2      0.3 0.307333 0.309538
     0.4      0.3    0.298 0.296375
     0.6      0.3    0.294 0.295335
     0.8      0.3    0.304 0.294413
     0.9      0.3 0.291333 0.289399
    0.95      0.3     0.29 0.287496
    0.99      0.3 0.272667 0.291464
   0.999      0.3 0.286667 0.300584
  0.9999      0.3 0.310667 0.309172
       0      0.4 0.496667 0.496667
     0.2      0.4 0.325333 0.329606
     0.4      0.4 0.315333 0.321823
     0.6      0.4 0.310667 0.307391
     0.8      0.4 0.310667 0.303362
     0.9      0.4    0.308 0.301857
    0.95      0.4    0.296 0.301211
    0.99      0.4 0.302667 0.307615
   0.999      0.4 0.311333 0.306945
  0.9999      0.4    0.308 0.317131
       0      0.5 0.496667 0.496667
     0.2      0.5 0.332667 0.336427
     0.4      0.5    0.336 0.337493
     0.6      0.5 0.329333 0.330295
     0.8      0.5 0.318667 0.315325
     0.9      0.5    0.312 0.309252
    0.95      0.5 0.298667 0.305936
    0.99      0.5    0.274 0.306074
   0.999      0.5      0.3 0.346019
  0.9999      0.5 0.442667 0.412044
       0      0.6 0.496667 0.496667
     0.2      0.6 0.339333 0.343154
     0.4      0.6    0.348 0.345737
     0.6      0.6    0.346 0.344024
     0.8      0.6 0.335333 0.333551
     0.9      0.6    0.316 0.326289
    0.95      0.6 0.292667 0.325028
    0.99      0.6 0.298667 0.347251
   0.999      0.6 0.433333 0.405668
  0.9999      0.6    0.444 0.435398
       0      0.7 0.496667 0.496667
     0.2      0.7 0.340667 0.349637
     0.4      0.7    0.352 0.353824
     0.6      0.7 0.364667 0.355899
     0.8      0.7 0.364667 0.354427
     0.9      0.7 0.341333 0.356208
    0.95      0.7    0.338 0.362727
    0.99      0.7 0.377333 0.389835
   0.999      0.7    0.434 0.426387
  0.9999      0.7 0.342667 0.450048
       0      0.8 0.496667 0.496667
     0.2      0.8 0.343333 0.356888
     0.4      0.8 0.354667 0.361498
     0.6      0.8    0.364 0.365942
     0.8      0.8 0.368667 0.370959
     0.9      0.8    0.354 0.377197
    0.95      0.8 0.368667 0.385715
    0.99      0.8 0.396667 0.410317
   0.999      0.8 0.392667 0.445193
  0.9999      0.8 0.436667 0.473887
       0      0.9 0.496667 0.496667
     0.2      0.9 0.350667 0.366046
     0.4      0.9 0.355333 0.370152
     0.6      0.9 0.369333 0.375273
     0.8      0.9 0.366667 0.382961
     0.9      0.9 0.355333 0.391292
    0.95      0.9 0.368667 0.401231
    0.99      0.9 0.422667 0.429136
   0.999      0.9 0.427333 0.467291
  0.9999      0.9 0.450667 0.490405
       0        1 0.496667 0.496667
     0.2        1 0.353333 0.376062
     0.4        1 0.359333 0.379972
     0.6        1 0.368667 0.385334
     0.8        1 0.368667 0.394517
     0.9        1    0.366 0.405116
    0.95        1    0.374 0.417601
    0.99        1      0.4 0.449325
   0.999        1    0.454 0.482163
  0.9999        1 0.496667 0.496577
       0        2 0.496667 0.496667
     0.2        2    0.368 0.449054
     0.4        2 0.373333 0.454378
     0.6        2 0.380667 0.461517
     0.8        2    0.458 0.472512
     0.9        2     0.48 0.481461
    0.95        2    0.462  0.48799
    0.99        2 0.496667 0.495772
   0.999        2    0.498 0.499269
  0.9999        2      0.5 0.499917
       0        4 0.496667 0.496667
     0.2        4    0.374 0.484661
     0.4        4 0.410667 0.487111
     0.6        4    0.452 0.489888
     0.8        4    0.486 0.493095
     0.9        4 0.498667  0.49495
    0.95        4 0.496667 0.496061
    0.99        4 0.496667 0.497765
   0.999        4 0.496667 0.499528
  0.9999        4      0.5 0.499947