    4.24877
    1.33654
   0.563463
   0.244077
   0.106855
   0.047055
  0.0207982
 0.00921597
 0.00409116
 0.00181862
0.000809279
0.000360428
0.000160633
  7.163e-05
3.19566e-05
1.42627e-05
6.36785e-06
 2.8439e-06
1.27042e-06
5.67653e-07
2.53691e-07
1.13398e-07
5.06965e-08
 2.2668e-08
1.01369e-08
4.53366e-09
2.02787e-09
9.07138e-10
4.05832e-10
1.81575e-10
8.12455e-11
3.63558e-11
1.62696e-11
7.28138e-12
3.25883e-12
1.45863e-12
6.52839e-13
2.92314e-13
1.30769e-13
5.86117e-14
2.62256e-14
1.19113e-14
5.39712e-15
2.71797e-15
1.63426e-15
1.39627e-15
1.31535e-15
1.31628e-15
1.30745e-15
1.31506e-15
1.30744e-15
1.31506e-15
1.30744e-15
1.31506e-15
1.30744e-15
1.31506e-15
1.30744e-15
1.31506e-15
1.30744e-15
1.31506e-15
1.30744e-15
1.31506e-15
1.30744e-15
1.31506e-15
1.30744e-15
1.31506e-15
1.30744e-15
1.31506e-15
1.30744e-15
1.31506e-15
1.30744e-15
1.31506e-15
1.30744e-15
1.31506e-15
1.30744e-15
1.31506e-15
1.30744e-15
1.31506e-15
1.30744e-15
1.31506e-15
1.30744e-15
1.31506e-15
1.30744e-15
1.31506e-15
1.30744e-15
1.31506e-15
1.30744e-15
1.31506e-15
1.30744e-15
1.31506e-15
1.30744e-15
1.31506e-15
1.30744e-15
1.31506e-15
1.30744e-15
1.31506e-15
1.30744e-15
1.31506e-15
1.30744e-15
1.31506e-15
1.30744e-15