  7.2796e-08   1.2023e-45
 4.20496e-34  3.65819e-17
 1.49032e-07  2.47198e-45
   0.0568606   1.0639e-40
  1.6385e-08   1.1585e-46
 1.43194e-06  2.95075e-39
   0.0397088  5.29732e-40
 2.81538e-27  1.49423e-08
   0.0797956  8.44015e-40
    0.053589  9.38353e-40
    0.708277  1.31383e-39
 1.05778e-34  2.37267e-14
  5.3903e-07  9.64428e-39
 6.04897e-40  5.12484e-11
 3.56818e-22  9.23695e-07
 4.52833e-53    0.0707005
    0.780067  5.19762e-39
    0.325593  8.75749e-39
 9.26703e-63    0.0116803
 1.85955e-07  2.56311e-38
    0.636682  1.57945e-38
  1.0759e-25  5.03522e-05
 0.000165117  4.87048e-46
 8.47256e-06  3.73767e-44
 2.30864e-24  5.95488e-09
 5.22248e-25  2.76545e-16
 4.77464e-23  0.000114863
   0.0386709   1.5017e-37
   0.0758564  1.60707e-37
  0.00233214  6.50271e-41
 1.99403e-55  4.18923e-24
 8.48716e-09  1.67182e-38
  0.00518862   1.5115e-40
  0.00158034  1.00779e-41
 5.95115e-21  1.20581e-05
 1.03631e-30  4.88592e-09
 1.68347e-36  9.46463e-10
 2.38814e-16     0.671012
   0.0154424  5.68687e-37
 3.94885e-64  2.78016e-13
 0.000713636  1.83666e-35
  0.00273115  1.60277e-41
 9.38348e-55  2.65744e-05
  5.5603e-32   0.00428661
    0.307918     0.690522
 1.87282e-50   2.3311e-09
  3.3855e-84  2.17407e-30
   0.0339811  1.26715e-39
 1.33306e-56  2.55281e-07
 1.51257e-19  5.59719e-27
  0.00780142  4.45545e-41
 3.37991e-44  3.25841e-06
 8.75985e-19  7.81334e-09
    0.102552   7.8558e-40
 0.000205546   6.3866e-35
 9.92238e-06  1.92916e-34
 7.38385e-36  1.34502e-06
 2.12416e-52     0.157804
 3.42858e-39  0.000801757
 1.01829e-28  1.75392e-17
   0.0656936  3.52759e-45
 7.71266e-68  1.45724e-19
  2.0524e-05  3.96708e-34
  1.0595e-05   5.3662e-34
 8.02483e-29  2.60022e-06
 1.73745e-43  0.000249869
 1.37208e-52      0.66867
 1.93531e-40      0.30035
 4.60525e-40     0.306656
 1.97469e-47  0.000896017
 3.78303e-45  4.05957e-09
 5.45534e-37  1.45619e-14
    0.568231  2.32863e-39
    0.616241   4.6236e-46
   0.0145977  2.41261e-47
 3.12977e-17     0.687939
 4.26859e-05  6.17124e-32
 2.49084e-33  1.97344e-08
 1.06169e-27  9.15095e-07
 1.73189e-05  9.64082e-32
 9.06281e-55  3.50209e-05
 2.21609e-31    0.0361838
 1.33402e-41    0.0237291
 4.21165e-58  3.99777e-08
  3.4827e-33  3.10326e-07
    0.195368  2.55963e-46
 0.000283868  2.07219e-31
  5.4686e-47  9.16846e-07
  7.3888e-06  2.94515e-31
 2.85125e-26  0.000189908
   7.553e-17  2.51592e-14
   0.0819815  4.01089e-46
   0.0188203  5.26237e-47
  3.2297e-05  4.06557e-35
 1.01831e-23  2.59232e-08
 1.79087e-05  7.89931e-35
 1.27174e-07  1.28426e-34
    0.557217  1.03179e-29
  0.00440636  3.20104e-28
 4.16412e-15  1.43847e-15
  5.9805e-19  1.12639e-63
 3.13353e-39   3.3337e-12
   0.0308696  2.07375e-29
 2.78678e-07  2.86551e-34
  9.5458e-28  4.47201e-08
 1.06805e-28   1.0132e-05
   0.0538344  8.40256e-29
 7.17681e-14   3.5633e-33
 4.24341e-45  6.21248e-07
  6.6421e-56  5.87867e-07
 2.56531e-34  3.87551e-09
 2.10204e-14   2.8168e-16
 1.02628e-22    0.0855388
   0.0131728  2.06998e-29
 1.74342e-50  3.02262e-10
 2.87649e-54  0.000341651
  0.00648471  6.08057e-28
 0.000349405  3.95148e-31
  0.00732212  2.49663e-28
 7.33419e-08  9.71311e-23
 3.23306e-38  1.59809e-07
 4.00953e-62  7.67532e-13
 7.01818e-55    0.0003717
  0.00295411  8.77089e-28
 3.28798e-08   2.1666e-22
     0.30955  1.14858e-39
    0.690456  2.55958e-39
 0.000257215   7.7911e-30
 1.35743e-39  7.66085e-12
   0.0214841  2.47261e-33
 1.75513e-56  6.79705e-08
  0.00735702  4.95549e-33
   0.0614443  7.87525e-34
 1.09808e-57  1.03096e-08
 2.20208e-14  6.20903e-17
 1.94456e-12  2.16532e-27
 8.32093e-13  6.68118e-27
 1.56645e-12   1.9314e-27
 8.99442e-08  5.03703e-30
 2.34505e-54     0.591855
    0.179094  3.23485e-35
    0.609606  8.17587e-35
 1.87594e-23  8.59668e-11
 4.03211e-08  1.12299e-29
 2.44593e-55  2.47869e-26
 1.03004e-26  0.000139834
 2.60762e-63  3.05998e-16
 1.69721e-05  1.12022e-36
 2.86451e-25    0.0121321
 1.35817e-55    0.0297354
 2.04126e-26  1.97281e-09
 7.18424e-17     0.221828
 2.68127e-19   5.0488e-64
 3.27263e-06  5.37877e-36
 4.99688e-34  6.19883e-13
 2.66282e-06  3.43114e-36
 2.93702e-27  3.97888e-12
 7.79295e-06  8.01224e-37
 1.03917e-08  7.97808e-23
  0.00228064  3.89345e-37
 5.15534e-09  3.30576e-22
 2.31281e-30  1.50833e-13
   0.0114339   1.5983e-36
 4.31099e-28  6.64428e-22
 9.33764e-44  6.49582e-12
 1.20027e-20  3.37163e-05
 8.18803e-07  2.31698e-25
 5.36239e-09  1.24423e-22
 9.82008e-31    0.0626337
 1.59334e-49  9.11899e-07
 1.03731e-28  3.11286e-05
 2.96697e-06  5.09167e-25
 1.07973e-52   7.2877e-07
  1.2306e-60  2.45707e-21
 3.32699e-05  1.67023e-37
 1.00959e-47   1.5095e-07
 1.49478e-05  3.62814e-37
  0.00013953  9.74652e-31
 4.95142e-35  4.18354e-16
 1.53019e-50     0.551709
 5.19594e-36  1.17383e-15
 7.28791e-06  2.17226e-25
 3.89993e-40  1.33534e-12
 1.05892e-20  0.000226991
 0.000429892  2.38487e-30
  0.00240472  1.34172e-29
  1.7568e-31     0.640808
 0.000171631  6.85131e-31
  7.5438e-53        0.686
  0.00109756  2.85715e-30
 9.34883e-07  9.64127e-38
   0.0284844  7.74887e-30
 1.13923e-60  2.86535e-24
 0.000602101  6.43388e-31
 4.91432e-53     0.229689
 0.000753803  5.31374e-31
    0.555978  2.47712e-30
  2.5422e-15  2.47937e-21
 2.47222e-34   5.5744e-14
   0.0117551  5.26606e-32
   0.0426211  1.90018e-31
    0.014878  6.65499e-32
 0.000502879  1.19876e-32
 5.88808e-10  1.35622e-40
 1.45422e-23  3.77675e-08
 8.05324e-10  2.54996e-40
 3.40771e-35  1.49766e-17
 2.26619e-31     0.690448
 2.14414e-40  9.25937e-11
 5.09035e-14  9.12142e-50
 7.54905e-52   0.00176151
 1.18352e-38  3.83061e-07
   5.734e-45  1.02119e-05
 4.72413e-10   1.4455e-37
 9.48614e-07  3.56791e-35
 5.05413e-31     0.309552
 2.30615e-40   0.00397207
 2.44869e-06  1.20838e-34
 4.46715e-33  8.08155e-11
 1.58895e-44    0.0346878
 2.13381e-50    3.156e-08
 1.20696e-07  2.90411e-29
 6.17593e-31  0.000357595
 2.65212e-57   0.00076284
 7.04072e-10  6.48455e-38
 3.45659e-06  3.29143e-34
 2.67762e-09  6.97282e-31
 1.39187e-23  0.000264918
 1.60739e-63  0.000298366
 3.52012e-58  0.000103773
 6.13873e-06  9.72341e-34
 1.32037e-05  1.61236e-32
 1.80153e-45     0.103652
 4.84951e-48    0.0552074
 1.71713e-32  0.000873025
 3.47518e-05  3.54816e-36
 5.52759e-42  1.74578e-08
 0.000158093  1.71985e-35
 1.30434e-47  1.66256e-15
 4.15772e-54  3.48038e-31
 2.00038e-05   1.5311e-36
 0.000165985  1.30984e-33
 9.57191e-26     0.301305
 1.30163e-42   7.6963e-09
  1.6467e-62  4.97428e-09
 1.08185e-29   0.00968698
 3.24108e-27  5.34466e-19
 0.000936841   2.6027e-34
 1.03683e-23  6.14395e-07
  0.00227949  1.07608e-34
 1.81575e-47  7.36017e-08
  8.9244e-29   0.00114903
  3.3428e-05   2.5761e-37
 5.77218e-31  7.32637e-06
  0.00393369  4.35933e-45
 4.59945e-06  4.97087e-49
 9.19948e-13  8.31525e-42
 8.71208e-06  2.17149e-49
 4.16753e-13  3.76157e-42
    0.554469   3.8087e-37
 3.75631e-05  4.93931e-50
   0.0609003   1.8191e-38
    0.688047  7.45165e-43
 1.24239e-10  2.15274e-28
    0.306835  1.58954e-42
  1.4057e-45    6.318e-17
 2.75301e-68  1.73119e-14
 1.35006e-33  1.16272e-07
    0.197885   3.4592e-39
 3.28864e-13  2.94754e-42
  1.0096e-87  3.42002e-29
   0.0213099  2.35144e-41
 9.89328e-14  2.11787e-45
    0.642368  1.10202e-39
 1.39231e-33  1.76472e-08
  3.2104e-72   0.00873042
 2.26573e-25  3.63769e-14
 2.61049e-36  1.81225e-14
 6.18422e-22    0.0328097
 5.03886e-52   0.00439163
 1.69312e-35  2.32301e-06
 3.77278e-24  0.000122896
   0.0110035  8.21211e-41
  0.00128597  1.03296e-41
 3.53256e-45  6.76413e-09
    0.149379  2.74016e-40
 5.65782e-41     0.100963
    0.308594  7.18021e-54
 5.75541e-42  1.26066e-10
 3.41597e-29  2.81661e-05
   0.0350651  6.41875e-41
 3.23893e-49  7.94206e-06
 1.36343e-47     0.557259
 1.46157e-28  1.82012e-06
   0.0035796  2.62265e-41
  0.00773449  1.57822e-41
  0.00882044  1.80818e-41
 2.51231e-37  3.41504e-05
  5.7556e-25   0.00771758
 2.67728e-39  8.01482e-10
 1.63912e-72  4.39901e-10
   0.0706062  5.07193e-42
  0.00371352  1.29088e-41
 6.94537e-35  1.66835e-11
 1.98301e-10  1.77734e-39
 4.82793e-39  7.23636e-05
    0.689733  3.22938e-54
 2.85322e-36  1.14516e-07
 5.36951e-35  0.000854547
 6.30365e-10  5.64985e-39
    0.639029  4.40008e-41
 6.79252e-15  1.36002e-23
  1.0177e-13  9.12137e-43
 1.48372e-13  1.32982e-42
    0.132084  3.55953e-41
 1.61859e-52  2.00461e-05
  3.7799e-52  1.22788e-07
 4.17067e-48   3.0493e-06
     0.21576  1.30918e-40
 4.29395e-43  0.000658893
  3.6612e-08  4.99425e-36
 2.28508e-06  1.17024e-35
 1.97504e-52  4.14063e-06
 1.16196e-29      0.60779
 9.52156e-35   4.4706e-07
 8.93172e-08  1.21763e-35
 6.96139e-07  3.89562e-35
 3.59355e-28  5.31899e-13
 3.80702e-10  1.29032e-37
 8.96689e-10  3.01478e-37
 1.85133e-23  3.08499e-11
 1.22962e-30  4.37803e-24
 2.18383e-35  1.74724e-09
 1.11725e-16  5.41937e-52
  3.1479e-06  1.84749e-43
 9.49435e-59  1.81785e-09
 3.72921e-28   0.00242446
 1.28433e-08  2.33133e-33
 1.78479e-06  4.62911e-43
 3.21015e-48  1.86911e-05
 5.80429e-09   5.1945e-33
 1.01597e-41  3.78548e-09
 3.92296e-16  1.25033e-33
 1.73882e-52  5.83738e-07
 3.72459e-41    0.0196617
  1.3192e-36  8.74982e-15
 1.42869e-56   7.7633e-10
 2.09217e-08   3.6219e-41
   2.317e-07  3.26357e-42
 8.16952e-70     0.999889
 6.90308e-08  1.18432e-41
 2.13689e-11  1.17771e-30
  1.6794e-34  1.08826e-10
 4.01047e-37  4.38198e-13
 6.14132e-12  2.97894e-47
 7.13355e-13   1.2509e-29
  1.0033e-08  4.86698e-44
 3.34943e-50     0.679263
 1.29932e-10  6.30254e-46
 4.04478e-12  6.42132e-30
 2.25786e-14  3.53061e-38
 1.87709e-13  1.15899e-28
 1.40691e-14  7.37843e-38
 7.97037e-58   3.9091e-17
 9.16636e-20   2.8593e-25
  1.0718e-35  7.09021e-14
 5.24438e-14  5.50734e-28
 1.56893e-13  2.86397e-29
 4.01674e-45   0.00883475
    0.013377    0.0294296
 4.49483e-57  2.62254e-14
 4.04553e-14  2.48729e-28
 2.38184e-10  3.57961e-39
 4.36746e-23  1.13109e-07
 6.04284e-19  2.58296e-23
 6.60637e-57  3.85453e-14
 5.76652e-56  1.61226e-10
 7.90032e-19  3.44215e-23
 5.47572e-10   8.2607e-39
   1.672e-28  2.26885e-06
 3.37291e-19  1.24793e-26
 1.73445e-09  2.34273e-38
 6.22112e-27     0.561089
  1.2539e-56  6.12437e-11
 2.69526e-30  5.88229e-09
 1.90217e-12  2.46775e-32
 9.73238e-49  9.77073e-08
 2.02509e-23  1.89342e-25
 2.68508e-27  0.000583286
  9.6963e-33  3.29391e-12
 5.00093e-09  6.75981e-38
 7.22891e-36   1.6226e-05
 1.89267e-59  3.62164e-10
 6.07695e-39  6.20438e-10
 4.44383e-12  1.05675e-32
 4.16988e-21  1.79854e-06
 1.82916e-24  2.79817e-14
 1.63105e-10  2.90822e-34
 2.87725e-10  9.36501e-41
 6.34708e-50  9.71279e-07
 1.42495e-58     0.675573
 2.73603e-41  1.11358e-12
   3.905e-08  5.56053e-37
 3.68824e-37  8.36786e-17
 1.10109e-22     0.221687
 7.04281e-73  1.89017e-10
 3.69804e-10  1.27799e-34
 2.34572e-54  3.11043e-05
 1.69429e-45  3.07215e-09
 2.95846e-12  5.22987e-36
 1.15624e-07    1.316e-37
 6.48733e-41     0.619017
 3.57258e-58  1.75561e-17
 6.55046e-12  2.67381e-36
 2.28074e-07   1.6462e-37
 1.40214e-11  4.74681e-37
 8.29463e-63   0.00173648
  1.9476e-24  5.78173e-09
 1.02502e-39  7.64034e-05
  7.9713e-10   2.5947e-40
 1.27844e-71  2.34815e-23
 5.40671e-14   0.00288257
  7.3238e-07  5.81905e-38
 3.02717e-43     0.655482
 2.89455e-11  2.13772e-37
 7.01554e-10   2.6615e-38
 2.53543e-31  3.21351e-06
   1.395e-07  2.38425e-44
 3.83657e-13  4.57147e-47
 2.12618e-40     0.687889
 1.07338e-52  2.57016e-12
 2.13836e-13  2.43047e-47
 3.22887e-07  9.88005e-45
  0.00020519  2.10134e-40
 1.56602e-64     0.551864
 6.15595e-34  3.38326e-08
 2.92349e-12  8.94111e-06
 2.51185e-45  8.47426e-06
 0.000597107  7.02303e-41
  1.7256e-39  1.66712e-07
 1.38376e-52     0.303589
 7.78898e-40  0.000181975
 6.38612e-07  3.64732e-41
 4.48164e-33     0.613086
 1.31339e-06  2.23257e-45
 1.09922e-49  7.17468e-07
  9.0697e-14  0.000132357
 1.42704e-06  1.63438e-41
 1.98295e-08   4.7045e-44
   0.0107578  3.95926e-42
  7.1062e-05  2.98001e-43
    0.029621  1.39104e-42
   0.0011007   1.3369e-46
   0.0267622   6.3679e-43
   0.0325171  3.86803e-45
       0.583  6.93343e-44
 2.94073e-30    0.0356569
 2.08157e-05  7.74384e-44
  0.00188368  2.24908e-46
 2.50179e-35  9.12677e-12
 9.21052e-28  4.55675e-11
 4.19951e-07  5.03362e-50
 1.08971e-30  2.98117e-21
    0.129907  1.69906e-44
 0.000468028  5.58586e-47
    0.551665  1.62857e-51
    0.171465   2.3531e-46
     0.12817  6.84455e-46
 1.42461e-40     0.205984
 8.39821e-49  1.00811e-10
    0.637722  1.57111e-46
 0.000152131  1.81461e-47
    0.152795     1.04e-46
 1.27008e-57  8.81452e-08
 3.43708e-27  3.38124e-05
 1.61548e-46  7.72027e-07
 9.85418e-55  8.63569e-06
 2.15622e-62    0.0052051
  0.00176676  2.31466e-48
 3.10782e-29  1.69018e-05
 3.58468e-28  7.66888e-05
 7.64619e-67  2.39591e-19
 8.07249e-25  1.23454e-14
 7.04769e-58  1.35614e-20
  0.00112919   4.3845e-49
 2.07357e-42   0.00485314
 0.000576996  2.28912e-49
 8.69299e-38  4.45777e-13
  0.00528367  4.06196e-48
 4.67045e-52  8.36179e-13
 3.51772e-08  4.04964e-51
  1.5199e-06  1.78667e-49
 3.65418e-05  1.74129e-50
  8.0326e-21   9.3372e-07
 2.21418e-27  5.64042e-12
 5.18884e-05  3.79721e-50
 2.11982e-64    0.0569101
 1.13329e-07  1.30934e-50
 1.87551e-41  2.79015e-13
  1.6402e-05  8.55383e-51
 2.15616e-54  2.10092e-13
  7.0416e-07  6.80097e-51
 2.50755e-43  0.000796806
 3.56341e-35  4.19701e-11
 1.41967e-60     0.297169
 5.10802e-08  3.91343e-53
 2.32398e-08  1.77521e-53
 9.55097e-22  2.36354e-17
 1.52843e-06  2.95477e-51
   7.512e-22  1.01457e-05
 1.02709e-20  3.70499e-65
 5.85267e-40  1.46309e-09
 2.83249e-08   2.2925e-51
 1.89762e-07  6.44171e-55
 9.50445e-06  3.84949e-52
 9.12294e-30     0.558376
 5.60048e-42  1.95346e-11
  2.3633e-25   0.00319615
 4.07836e-21  9.05445e-65
 6.21488e-15  1.76052e-62
 1.38534e-14  3.95803e-62
 0.000417632  9.44822e-54
 8.25695e-31    0.0428425
 9.70246e-31   1.0943e-13
 1.83498e-55   0.00285732
  5.7436e-36  2.83595e-10
 4.66065e-46  5.59179e-10
 7.77682e-06  1.88192e-56
 8.74035e-35   5.5046e-06
  5.3943e-16  5.59048e-69
  0.00116712   3.3741e-54
 1.45633e-15  5.62578e-69
 1.83784e-05  7.87675e-57
 1.34267e-29  7.03675e-13
 2.28774e-39  0.000170524
 5.16846e-29   7.7419e-05
 1.82121e-41  2.05023e-12
  0.00552158  6.73217e-55
 2.77154e-24  7.12786e-09
 4.92421e-15  2.59687e-69
 2.71949e-05  2.72446e-58
 2.57386e-27  2.93889e-10
   0.0181611  1.91321e-55
  0.00102858  1.79663e-58
 0.000446416  1.15372e-58
    0.169325  1.91414e-56
   0.0907609  4.69977e-57
 5.17985e-05  1.36972e-59
    0.601256  5.70345e-57
 1.77413e-26  2.72675e-24
 7.94464e-43     0.690412
 3.37585e-51   0.00185008
  4.5664e-05  1.20239e-59
   0.0122174  1.11344e-57
   0.0133471  1.34666e-57
 1.18428e-25    0.0339492
    0.935542  2.58561e-55
 3.64736e-53  1.20541e-05
   0.0224615  2.81019e-56
 9.05375e-36  2.91052e-05
   0.0105046  1.67154e-53
   0.0080716   3.2413e-53
    0.936091  3.56118e-55
 2.07768e-61  4.50214e-17
  0.00785632  7.99786e-56
 6.92103e-07   3.0733e-49
 7.68647e-44   0.00375216
 1.82501e-55  5.54264e-24
 1.95378e-41  6.49374e-10
 0.000101814  2.79004e-51
 2.51266e-23  7.05575e-08
 3.74098e-45    0.0668332
 4.60564e-05  5.93178e-51
 4.10988e-38  9.28491e-18
 1.17119e-44  5.01109e-06
 1.93244e-66  1.94717e-23
 0.000350779  3.58081e-48
 1.40012e-39  6.62945e-10
 4.54192e-31  9.47152e-09
   0.0271901   4.0117e-54
 1.54542e-06  6.88433e-49
 1.11463e-27  0.000101096
 3.29053e-60     0.690411
 1.84336e-16  2.55159e-14
  9.8253e-07  2.47775e-49
 4.88295e-07  4.86426e-49
 6.48109e-75     0.309552
 9.03795e-21  4.02373e-63
 1.50253e-07   2.2088e-48
 0.000994125  1.01484e-47
 9.66808e-08  6.68752e-48
 1.83002e-22   1.0456e-16
    0.690444  2.61623e-50
    0.309547  3.23907e-50
 7.04267e-06  1.08134e-45
 6.51579e-05  2.90439e-47
 4.70452e-26  1.19842e-10
 2.93514e-44  2.18789e-09
 3.57164e-22   0.00801913
    0.309479  1.23897e-47
 2.02049e-50   0.00054082
  1.9644e-06  4.84518e-45
 1.20671e-05  2.53882e-43
 7.94175e-07   1.0823e-44
 1.53451e-51   0.00591633
    0.690392  5.55623e-48
 1.09691e-55  1.11128e-26
 1.11219e-42   0.00256092
 1.49724e-44  4.10529e-11
 1.55893e-08  5.97675e-43
 1.53014e-27  4.31608e-16
 5.51049e-43    0.0232883
 7.04496e-45  5.98711e-10
 1.52125e-18   0.00407632
 5.48518e-50  4.08828e-15
 2.07127e-40     0.204219
 9.03718e-09   1.2364e-42
 4.88381e-65  2.36759e-13
 3.06648e-09  2.26954e-42
 7.68507e-06    1.802e-47
  3.4465e-06  2.93884e-47
 8.83757e-10  1.74856e-42
 1.20878e-10  5.77802e-41
 6.08884e-11  1.23147e-40
 1.01137e-13   1.9575e-37
 1.19338e-10  8.49115e-43
 2.28235e-27  0.000534537
 4.07137e-44  1.08856e-10
 4.33172e-42  3.46481e-17
 9.22068e-22  2.38702e-06
 2.14091e-13  3.23563e-38
 4.12499e-61     0.086552
 5.04557e-11  5.09902e-43
 4.15423e-14   4.6432e-37
 4.97662e-61  2.44572e-20
 6.36192e-14  6.42836e-46
 6.09675e-17  3.10784e-34
 7.15054e-24  2.78757e-41
 9.08189e-13  9.96656e-42
  4.7451e-23  1.08899e-06
 3.67412e-37  1.02805e-11
 1.11305e-23  5.29192e-41
 3.30401e-32      0.17263
 3.84614e-16  3.42025e-36
 3.54248e-39  8.10217e-12
 7.94409e-26  3.69878e-43
  2.5826e-17   8.3262e-34
 1.61209e-44  1.69366e-05
  3.8278e-16  8.06531e-36
 1.28517e-14  2.01661e-39
 4.65954e-14  1.33152e-38
 2.88315e-20  8.09891e-05
 1.13274e-13  2.11651e-38
 3.15313e-40  5.02799e-06
 8.87832e-15  4.32367e-40
 1.90824e-52  0.000945707
 8.46248e-19  2.19166e-32
 5.72543e-13  4.30509e-39
  5.5556e-32  1.22429e-11
 7.31888e-15   1.5379e-40
 1.84035e-23  2.81499e-13
 1.86333e-41  1.38895e-06
  1.4408e-28  4.37745e-06
 1.42359e-11  3.32717e-41
 1.49236e-32  2.22041e-10
 4.00169e-35  7.61878e-14
 2.75658e-11  3.85119e-41
 2.91099e-47  7.45045e-16
 2.68272e-11  7.27616e-41
 1.43897e-45  0.000167791
 2.77822e-45    0.0251951
 4.71787e-11  3.58407e-41
 3.98522e-20  4.64814e-31
 2.53211e-21  3.36576e-06
 2.94502e-66  1.73766e-18
  8.1564e-10  4.06288e-41
 4.84007e-10  2.12511e-41
 2.21601e-30  1.04384e-20
  8.1167e-33    0.0124571
 1.54639e-09  6.78649e-41
 4.40565e-09   1.9359e-40
 1.36506e-08  5.20622e-33
 2.67943e-23  8.63323e-28
 2.93579e-08  1.15696e-32
 1.98727e-39  2.97887e-05
 1.20126e-23  1.92564e-27
 1.69864e-07  7.24904e-39
 6.44824e-57   0.00209432
 2.37013e-43   0.00224006
 2.35209e-27  9.71271e-24
  7.4255e-06  3.66065e-35
 4.50707e-26  2.79312e-05
 8.11738e-14  5.81192e-21
 4.39918e-34  2.80007e-12
 4.82993e-27  4.24439e-24
 9.43116e-55  1.80582e-05
  4.4189e-63  0.000536347
 7.40348e-06  2.71069e-37
 3.03944e-06  1.11176e-37
 1.86612e-66  3.82655e-18
 2.15491e-05     0.567555
 3.56018e-08  1.30221e-39
 2.23377e-08  8.17039e-40
  9.5357e-08  3.48785e-39
 2.83605e-34  2.42727e-08
 1.95295e-39     2.43e-14
 6.18468e-27     0.615194
  1.9034e-42  1.41882e-07
 4.80482e-56  9.20004e-07
    0.626465  4.67979e-33
     0.21932  2.10099e-33
   0.0521245  5.78906e-32
   0.0744911  7.48289e-34
   0.0201658  1.51456e-31
 4.80074e-40  1.05187e-08
 3.15522e-55   0.00114452
 1.90017e-57  3.63446e-08
    0.686578  1.68237e-50
  8.2421e-74   2.8092e-15
 2.00667e-42  2.33155e-10
 6.02751e-64  1.23362e-15
 1.74974e-24    0.0662349
  0.00236392   1.1098e-30
    0.304417  3.47066e-50
  6.5098e-35   0.00865033
 1.85536e-44    0.0168739
 2.06511e-13  1.47859e-20
    0.689259  1.08734e-44
  0.00752403  1.32177e-48
 6.83734e-29  3.28627e-07
  1.0392e-41  3.13435e-12
 4.57547e-23     0.630102
 8.25375e-42  4.99518e-13
 6.57738e-44   0.00320667
 1.43042e-44  8.65092e-06
     0.30822  2.29744e-44
 9.74076e-05     0.703112
   0.0129119  4.39493e-43
 2.20652e-44  2.25751e-06
  0.00208296  5.43774e-48
 5.39508e-54     0.560076
 4.75791e-05  2.02476e-50
 6.39841e-32   0.00407598
 0.000740929  1.48537e-47
  9.1411e-45  5.27955e-09
 1.45925e-12  1.61424e-43
 0.000139741   8.2066e-47
 3.64557e-07  2.80103e-39
 2.13064e-53  3.97251e-05
 1.11156e-68  7.05755e-15
 5.59776e-53   0.00762426
 3.52868e-09  8.35489e-47
 1.58203e-09  1.86354e-46
 1.63344e-07  3.46421e-39
 1.79618e-06  1.04628e-48
 7.01662e-11  1.45587e-35
 1.30923e-27  1.27256e-18
 2.39054e-49  2.36271e-09
  1.5625e-10  6.52463e-36
8.77241e-165 2.64992e-111
 7.10495e-19  1.17619e-27
 1.51232e-26    0.0302476
 1.00704e-16     0.282953
 1.63759e-11  6.58988e-53
 1.29091e-08  5.86093e-50
 2.14841e-45     0.165674
 9.22597e-09  2.82279e-50
 3.68577e-10  1.42976e-51
 2.84692e-13  2.94253e-44
 6.05071e-13  7.97652e-45
  5.1166e-13  6.81866e-45
 2.47473e-12  3.65269e-45
 1.45152e-22  3.69491e-07
 3.17169e-26  4.36814e-09
 1.50701e-35  5.92703e-08
 3.15879e-50  1.54198e-09
 1.65542e-12  7.03851e-50
 1.73762e-13  6.96954e-51
 1.17204e-36  2.64784e-16
 1.32767e-12  2.07301e-48
 1.23869e-27  0.000408681
 2.92743e-47  5.10059e-13
 1.21894e-32  2.68888e-12
  3.5222e-58     0.551665
 2.64831e-12  4.61721e-48
 6.79569e-09  1.09036e-42
1.57226e-105  6.46645e-42
 2.34238e-08  3.61113e-43
 1.24375e-35  6.07334e-07
 6.27123e-08  1.23958e-43
 1.29935e-52    0.0139525
 6.84848e-10  1.51391e-51
 2.40675e-10  1.62266e-38
 7.32471e-10  4.93875e-38
 1.17065e-41  1.67614e-09
 4.35084e-18    1.597e-36
  5.1951e-06  3.60494e-41
 6.43109e-08   0.00169377
 5.65348e-26  5.07642e-08
 1.90035e-09   1.2816e-37
   0.0461978   5.5459e-48
 3.07411e-08  2.06686e-36
 2.63788e-54    2.302e-05
 7.09625e-45   7.2606e-06
 1.01554e-33  4.14633e-17
 7.23658e-08  4.87966e-36
    0.685023  7.19785e-47
 1.77965e-20    0.0003765
 1.66844e-32  1.83625e-16
 1.16819e-27  6.69677e-10
 3.49517e-58     0.268344
    0.299799   1.3642e-46
 3.78434e-26    0.0932658
 8.26681e-33  1.74846e-10
 1.20806e-43     0.262268
 2.46289e-06   1.6618e-34
   0.0309467  1.29412e-45
 9.25788e-36     0.690102
    0.309552   3.2034e-38
 7.10944e-06  4.16429e-42
 3.25748e-20  2.31833e-05
 8.47999e-06  5.72175e-34
 6.57404e-53   0.00606645
    0.690448  7.14481e-38
 2.13096e-06  1.43837e-34
 3.76063e-45   4.9146e-06
  0.00134767  9.09297e-32
 2.87872e-66  0.000772543
 1.76113e-09  2.16749e-35
 2.24563e-06  1.31838e-41
 3.67993e-09  4.83346e-35
 1.00049e-07  7.89281e-36
 3.93872e-23   0.00046056
 3.56371e-43     0.309501
  0.00424968  2.86734e-31
    0.309214  1.28368e-30
 1.31145e-59  2.51071e-10
 0.000120285   2.4687e-30
    0.690179  2.83187e-30
 0.000367621  7.54495e-30
  5.5374e-48   0.00155118
 1.05229e-07  4.40684e-33
 2.07659e-48  2.56091e-05
  0.00114767  2.35546e-29
 5.68462e-05  1.07968e-26
 8.69928e-42    0.0202738
 9.16089e-05  2.10487e-26
 2.96791e-32   0.00189047
 4.95009e-27     0.178886
 2.34742e-07  9.82863e-33
  0.00867623  1.78069e-28
    0.690484  4.56739e-34
 1.48723e-32     0.635643
    0.309633  2.23526e-34
 5.40833e-17  1.06382e-13
    0.132553  2.64777e-27
 0.000424322  2.64772e-36
 1.66263e-39  3.63584e-08
 2.44546e-42     0.118645
    0.268881  8.62391e-27
    0.677856  1.24028e-26
 8.50642e-52  5.26053e-08
 8.26596e-10  9.60405e-18
 1.09613e-42  6.03888e-16
 7.13291e-50   3.3635e-10
  1.6642e-66  8.41447e-11
     0.55171  1.52985e-31
 8.80806e-64  6.19006e-13
 3.15142e-55  0.000290181
 2.57977e-06  2.75474e-21
  5.6463e-49  2.45273e-06
 4.87063e-55   0.00107211
 1.42269e-05  5.53678e-22
 4.25405e-05  1.73749e-22
 3.06968e-10  2.58615e-17
 1.78828e-07  8.82036e-23
 1.96925e-34  1.20768e-05
 5.11819e-56  6.51324e-14
 7.87187e-08  4.03802e-23
  0.00164503  3.43297e-30
 2.79205e-39  6.31192e-19
 2.23742e-39  4.52252e-05
 2.16467e-08  1.08223e-23
  0.00372917  6.22047e-30
 1.17856e-41     0.575291
 4.40963e-41     0.124484
 7.54996e-45  1.34319e-05
 3.92628e-56  1.51603e-07
 3.03148e-05  5.80978e-28
 1.48541e-09  7.42128e-25
    0.306976  7.57871e-32
 5.67785e-25  2.14213e-05
    1.75e-45  2.69867e-08
    0.688515  3.40088e-32
 7.31172e-55  1.48646e-05
 1.58141e-08  1.80315e-28
  3.4627e-06   6.5779e-29
 2.08545e-08  4.68562e-29
 1.58303e-08  2.42486e-29
 1.21185e-29   6.0527e-13
 9.53054e-20  6.86259e-05
 1.07286e-11  8.48616e-29
 1.21293e-37  1.56819e-06
 3.01756e-13  2.38602e-30
 8.41722e-13  6.65725e-30
 1.46073e-43   1.1572e-16
 1.76218e-09  3.19335e-32
 7.74561e-10  7.47039e-33
 1.27625e-45     0.636228
 3.83777e-64     0.659696
 9.38041e-10  1.05811e-32
 7.02234e-14  1.07822e-31
 2.81606e-14  8.16652e-33
 1.67192e-47  3.26285e-06
 3.16822e-14  4.84417e-32
  6.0593e-14  3.66321e-33
 8.80213e-05  2.99781e-38
  0.00170233    6.733e-39
 1.42386e-05  4.81306e-39
 7.97483e-06  2.67839e-39
 1.25604e-10  2.12197e-35
   0.0336624  4.22088e-40
 3.87929e-19  1.31284e-52
 2.38767e-34     0.580927
 6.45889e-23  4.37163e-11
   0.0785068  1.92211e-40
    0.560643  8.46378e-41
 4.74734e-10  7.48723e-35
 1.70083e-28    0.0117694
 9.76553e-26  2.84115e-11
 1.35864e-57  0.000409761
 1.67771e-07  4.85993e-37
 3.00795e-07  8.24066e-37
 2.48229e-07  1.65338e-36
 2.26116e-29  8.30672e-06
 0.000212618     0.340017
 7.41149e-09  1.16265e-33
 1.66943e-08  2.61919e-33
 6.66215e-17  2.54752e-14
 1.18126e-37  1.29968e-13
 2.80454e-33  0.000216299
  4.4624e-27  6.05446e-05
 7.05966e-34  1.94553e-11
 2.67711e-34   2.6144e-13
 6.80426e-06  4.81997e-35
 4.41067e-41     0.622044
 2.93206e-06  2.07461e-35
    0.309536  5.40509e-30
 3.42876e-34   0.00151421
 2.13444e-15  1.51025e-44
    0.690436  3.48839e-30
 1.31023e-52   0.00472403
 8.81132e-24  0.000286887
 4.41357e-59   2.4595e-19
 1.44352e-47    2.287e-13
 2.07609e-34  9.46983e-18
 7.01125e-45      0.66448
  7.9847e-26  4.56349e-56
 0.000256278  8.36541e-27
 8.67107e-05   2.7652e-26
  5.5093e-48     0.690437
 6.61333e-12  1.25967e-41
 2.71307e-45  7.12924e-06
  1.4404e-39  1.24307e-06
 2.37338e-46  3.71094e-05
    0.689023     0.308037
 9.88169e-12  5.64754e-42
 2.74263e-30  1.96285e-24
 9.27655e-23   5.3018e-53
 2.82141e-05  7.72053e-26
 1.54099e-20  8.80716e-51
    0.555817  6.82136e-38
 1.67017e-38  5.31774e-07
   0.0482579  1.37351e-38
 2.46274e-69  1.60583e-15
 6.90693e-21   3.9475e-51
 7.60181e-35  6.74544e-18
 8.64193e-28   0.00800436
  0.00501954   7.3894e-38
 8.34129e-52  4.77121e-09
  0.00277476  1.64272e-37
 2.37377e-15  4.21852e-15
 1.96447e-43   0.00161636
 5.38719e-27  1.37233e-11
 1.47712e-12  1.34132e-18
 1.25821e-45    0.0341415
 6.70586e-13  6.01659e-19
 5.31435e-13  3.01868e-47
 3.77528e-08  1.06877e-32
 8.68874e-15  4.93545e-49
 1.50227e-14  8.53334e-49
 1.47198e-84  9.74712e-31
  1.8715e-59    0.0877815
 2.25217e-87  7.62826e-29
 1.24524e-15  4.03402e-25
 2.48828e-12  1.86367e-22
 9.96029e-22    0.0125757
  5.5631e-16  1.77809e-25
 1.38316e-10  2.74677e-42
  8.1469e-17  2.51819e-27
 1.23025e-50  0.000108128
 6.65288e-33    0.0195942
 6.74341e-26  2.19819e-06
 3.73971e-17  1.43589e-27
 5.55581e-12  8.34676e-23
 1.28528e-09  4.76625e-42
  0.00238278  8.92569e-55
 1.87295e-21  1.29914e-20
 2.00725e-11  7.39111e-44
  8.8013e-27     0.001913
 2.96473e-09  1.04331e-41
 6.26377e-07  2.17724e-39
 1.26906e-39  3.21473e-13
  0.00531551  4.00143e-55
 1.39889e-06  4.86146e-39
 1.35722e-47  0.000677247
 1.88093e-59    0.0887858
 6.29689e-41  2.98154e-11
 3.69549e-52  2.10898e-09
 3.63162e-12  1.33722e-44
 9.70927e-55  9.76575e-14
 3.59196e-30  2.64416e-21
 1.63161e-44  8.39121e-15
 9.68357e-44  2.94093e-12
 9.68267e-06  3.82865e-29
 5.15712e-40  0.000334299
 2.09527e-22  8.25658e-17
 1.96087e-28  1.82664e-07
 3.04273e-27     0.106476
  0.00326161  1.30858e-31
 4.52756e-46  5.94485e-06
  0.00899778  4.74648e-32
 0.000180903  6.28587e-37
 9.02668e-50   4.7707e-07
    0.551706  3.08037e-57
    0.307938  1.34902e-33
 2.70022e-27  4.29557e-07
 6.49874e-46  7.51456e-05
 4.75145e-16  9.46135e-15
 1.54092e-41  1.70823e-09
 6.07749e-12  2.24856e-19
 1.33793e-43  7.36605e-08
    0.689181  6.71946e-34
 3.20948e-11  3.57382e-44
 1.74847e-55  1.71093e-05
 4.50211e-07  5.01318e-40
 6.57118e-40  7.16078e-13
 4.34327e-29  4.09438e-17
  2.4684e-05  2.55829e-38
 1.37367e-56  6.83791e-22
 1.12629e-05  1.16547e-38
 3.81199e-32    0.0748763
 6.25693e-05  6.23471e-38
    0.551665  8.05889e-38
 2.10013e-10  2.07331e-55
 2.22762e-15  2.28022e-48
 2.44779e-08  2.52907e-41
 5.10737e-61  1.28652e-24
 3.85129e-45  5.57841e-06
 4.93471e-15  5.08747e-48
 7.77521e-58  5.17332e-08
 9.23031e-08  2.31611e-31
 1.44267e-15  3.06812e-50
 4.37049e-16   0.00641604
 4.39484e-12  4.54076e-45
 8.27981e-09  8.55472e-42
 1.53346e-10  2.74928e-47
 1.50542e-39   0.00189851
 2.98822e-10  9.52515e-47
 4.55634e-22  6.05643e-07
 2.64921e-45   0.00114726
 9.96318e-29  1.21547e-05
 3.19153e-12  3.29749e-45
 1.22822e-47      0.30954
 6.41819e-10  3.04988e-47
 2.53193e-45  6.90193e-12
  4.4705e-67  1.59277e-07
 1.04636e-28  2.34197e-08
 2.66664e-12  2.75516e-45
 6.36539e-09  4.11019e-48
 1.14537e-45  1.68917e-05
 1.51214e-51    0.0131659
 1.25891e-28  1.79945e-58
  7.4854e-28  4.94666e-58
 9.32321e-67  0.000250202
  1.6666e-13   1.7219e-46
  3.1399e-28  1.20263e-57
 2.25625e-23  5.17774e-07
 3.14082e-28  3.73452e-13
   0.0497377  3.08514e-49
   0.0928016  3.97081e-48
    0.104877  2.60801e-49
 3.24397e-55  0.000356009
 0.000726223  6.28027e-46
 4.99359e-57  9.54969e-08
    0.581219  6.61662e-49
 2.94997e-27  3.51441e-07
  0.00032448  1.40566e-45
 6.17728e-19  7.37717e-47
 1.35195e-50     0.230811
 3.03431e-48  6.75437e-06
 5.53248e-13  6.60849e-41
 2.05901e-12  2.45949e-40
 5.60253e-16   6.6914e-44
 2.32069e-22  2.21457e-14
 1.47128e-40  2.27048e-06
 2.90569e-75     0.690448
 6.50422e-39  4.08295e-08
 6.89557e-42  6.42901e-12
 3.87506e-15  4.62854e-43
 7.62353e-34   0.00278709
 1.63954e-15  1.95821e-43
 4.22353e-11   8.6414e-39
 2.27305e-26  5.76195e-11
 1.02752e-26    0.0672036
 3.47507e-36  2.29914e-14
 8.08089e-13  1.56353e-37
 4.52622e-13  3.64926e-05
 7.01908e-08   1.2689e-71
 2.16521e-12  4.30417e-37
 3.31566e-08  9.45559e-72
  1.7738e-13  8.48977e-05
 1.87381e-17  6.10826e-42
 3.93371e-12  1.42466e-36
 8.40084e-18   2.7385e-42
 1.67615e-30     0.085221
 1.09277e-51    0.0725214
    0.551665  1.30078e-78
 2.72744e-21  6.25448e-05
 5.59129e-15  1.12669e-21
 4.21458e-42  2.40947e-09
 7.91945e-57   2.6588e-11
 1.62628e-16  8.80955e-10
 3.35313e-29  4.14576e-07
 1.55588e-52    0.0107913
 1.70146e-05  6.62991e-30
 1.23279e-41   9.4875e-09
  0.00745837   3.0062e-27
   0.0131193   5.1282e-27
 3.76556e-49  2.24866e-10
 4.13159e-47  3.95712e-17
  0.00087094  6.85642e-27
 6.61256e-26  7.72365e-11
 1.08768e-33  1.37862e-08
   0.0255476  1.12276e-26
 5.40577e-42    8.218e-11
 1.16756e-32     0.163028
 2.01181e-06  3.54709e-30
 5.68079e-56     0.552593
    0.553154   2.0751e-25
  0.00185694  2.45724e-26
  1.2679e-33  1.09647e-11
 3.04982e-40  7.62151e-10
 1.60532e-65  2.76325e-12
 9.80977e-08  6.50253e-29
 8.34372e-07  1.47111e-30
 3.89096e-24  6.44035e-10
 1.56505e-37   1.4514e-12
 4.55437e-35  0.000112155
 1.01198e-45  4.73727e-08
 3.86244e-43   0.00662801
 3.81217e-30  1.95055e-05
    6.93e-36  1.99981e-05
   0.0087329  1.53974e-26
 2.32625e-35   2.9486e-10
  0.00604688  2.28546e-23
 2.07908e-56  2.62258e-10
 7.34946e-35  5.23816e-11
  0.00284931  2.11988e-23
 3.89027e-20  8.27175e-66
 0.000669191  1.74289e-22
 1.51671e-09  2.67416e-33
 1.49207e-10  2.63071e-34
 6.09439e-10  1.07452e-33
  1.3423e-30    0.0687207
 1.13274e-58  9.60636e-08
 5.47911e-14  9.66032e-38
 1.27254e-12  8.99586e-14
 2.20135e-06   6.4291e-20
 8.27723e-37  4.56309e-12
 1.07537e-49     0.188182
 9.97905e-46  5.62481e-06
  2.2106e-14  3.89753e-38
 3.46321e-35   7.8237e-15
 4.35037e-14  1.81335e-30
 1.91766e-14  7.99329e-31
 2.55452e-08  1.06489e-24
 6.90557e-21   3.0714e-39
 3.20745e-45  2.73133e-07
 9.24701e-30  3.40081e-06
 1.62596e-08  2.22218e-24
 2.09368e-52  3.74858e-13
 7.79367e-16  3.24185e-32
 2.77116e-10   9.6514e-29
 3.04911e-21  1.35511e-39
  3.9392e-17  1.63845e-33
 4.92499e-06  5.13175e-27
 1.65838e-17  6.89587e-34
 1.31447e-49     0.551695
 3.07787e-18  1.27984e-34
 2.51919e-05  1.86932e-28
 1.80482e-07  4.41616e-31
 1.33232e-39     0.672862
 1.10964e-07  1.98233e-31
  0.00979828  3.22709e-30
 1.15018e-20  4.77853e-37
    0.011945   1.4457e-30
 9.72972e-40  3.95021e-11
    0.562968   5.4349e-32
 3.64533e-44  1.75586e-14
 4.68575e-24  1.37279e-06
 2.76801e-55  0.000795341
 9.54833e-24  3.79698e-40
 7.61849e-09  1.15359e-36
 4.04782e-52  1.35889e-06
 9.55532e-24  3.59075e-40
 3.18256e-37  7.20541e-17
 7.54156e-34  3.28884e-53
 1.85718e-49  3.92891e-10
 2.24055e-55   4.2902e-06
 5.97875e-30  0.000140496
   0.0789264  7.61978e-33
 2.57944e-10  2.88445e-38
 2.15057e-10  8.46356e-39
 9.83286e-46  1.83109e-06
 7.74148e-60     0.551667
 2.16844e-28     0.034181
 1.56453e-10  9.39904e-39
 2.17096e-21  5.52622e-06
   3.335e-34  7.36579e-14
 1.73549e-14   0.00170268
 8.86915e-14  2.54578e-44
 1.83699e-73  6.26584e-15
 2.22057e-52  0.000549774
 2.27968e-43  0.000353826
 3.37455e-51   0.00891758
 2.59794e-16  3.94993e-10
 9.61665e-29  0.000318398
   1.769e-29  1.75283e-57
 1.42586e-41  7.61914e-12
  3.9457e-29  7.85776e-58
  2.8222e-41   1.3363e-11
  2.1437e-43   1.4916e-11
 2.00197e-12      1.4e-45
 2.43581e-38  0.000266856
7.04986e-106  2.90117e-42
 5.74741e-31  0.000594953
 3.66532e-70     0.999941
 9.33159e-13  6.24937e-46
    0.309485  2.92509e-48
    0.690398  1.85679e-48
 1.66283e-32     0.552648
 5.78207e-06  4.67006e-52
 1.23134e-05   2.0872e-52
 3.76224e-05  1.57339e-52
 2.50679e-16  1.74188e-34
 1.12388e-16  3.88522e-34
 2.18967e-11  2.15728e-58
 8.87547e-12  8.69042e-59
 4.31162e-35   0.00172888
 2.65642e-12   1.8712e-59
 1.16661e-40    0.0405935
  1.4409e-12  1.12987e-59
 4.26127e-17  2.50763e-62
 2.98599e-14  2.39434e-61
 1.18929e-63  2.26347e-15
 7.80232e-32  1.15013e-09
 1.42943e-35  1.04718e-09
 7.41002e-46  1.37936e-06
 2.08757e-17  1.12555e-62
 4.42088e-42  7.65027e-80
 5.58456e-16  5.05802e-63
 2.53833e-16  3.32884e-63
 4.44582e-43  0.000714232
 5.77336e-22  4.56226e-39
 4.62911e-26    0.0373165
 9.88614e-42  1.71169e-79
 1.28773e-21  9.44365e-39
   6.128e-46  1.39279e-05
 4.70095e-46     0.689931
 1.07214e-25  2.73146e-10
 1.98218e-66    5.474e-19
 9.29652e-54     0.152104
  7.3464e-21  4.52858e-59
 5.39573e-32  4.73985e-15
 9.32939e-41  2.04354e-09
  9.1858e-40     0.284611
 3.32851e-21  9.54744e-59
 2.42518e-40  4.20103e-78
   1.978e-25  1.69849e-54
 2.82573e-20  1.19547e-44
 1.26687e-20   5.3597e-45
 8.86966e-26  7.61312e-55
 4.68103e-14  1.98329e-38
 4.08779e-42  1.02394e-11
 1.87235e-26  1.63625e-22
 6.03501e-42  5.18641e-06
 2.19231e-33  1.87579e-62
 1.24623e-33  1.06691e-62
 1.25824e-34   1.0753e-63
 1.52488e-35  1.26829e-64
 2.28236e-18    0.0063213
 2.10585e-10  1.58985e-40
 1.56214e-35  1.20819e-64
  1.5254e-42   0.00236586
 2.36665e-64   0.00171984
 4.77583e-10   1.0041e-40
 1.18628e-46    1.233e-12
 2.20271e-11  1.85904e-39
 1.01314e-45     0.308863
 3.10774e-31     7.27e-71
 1.00976e-17     0.212179
 0.000101919  4.71613e-46
  5.9426e-12  6.84948e-39
 0.000230735  2.08333e-46
 5.60646e-33  8.56866e-11
  6.9319e-31  3.27895e-71
 2.56329e-16   1.9245e-58
 1.08896e-08  4.20371e-45
 5.88531e-31  1.50022e-08
  2.1585e-20   5.6606e-05
 6.00653e-30  3.14795e-13
 1.76807e-56  0.000275312
 1.70169e-35  4.22652e-05
 1.86775e-16   8.6263e-59
 9.93449e-31  2.32835e-20
 2.20075e-50    3.972e-09
 9.07916e-24  9.24629e-26
 3.95344e-47  0.000211018
    0.018039  2.14706e-48
 1.56484e-38  2.38059e-16
 5.06007e-12  7.57045e-42
 4.50196e-09   1.0649e-44
 4.60829e-27  6.19925e-05
 3.14607e-40   4.7383e-06
 9.56654e-10  4.23055e-44
 4.40524e-40     0.683617
    0.554928  7.01148e-50
 1.01011e-27  1.49867e-12
   0.0032896  4.15021e-52
 7.95406e-27  6.08194e-24
 9.98641e-38  2.83025e-10
   0.0100297  1.26627e-51
   0.0412619  5.21042e-51
 3.24013e-25  2.51144e-09
 6.96082e-45   2.4902e-18
   0.0176316  2.22496e-51
  0.00289976  3.65523e-52
 2.26619e-05  2.67249e-54
 2.46716e-14  0.000968968
 2.62065e-34  1.56492e-07
 0.000979815  1.23374e-52
 1.95058e-26  9.38167e-10
 7.71656e-18  4.05518e-20
 5.03529e-06   2.8108e-20
 2.06701e-35     0.309088
 2.78266e-28  0.000349437
  8.4298e-05  7.62184e-54
  0.00342991  5.84702e-56
 0.000187237  1.68258e-53
  0.00455741  1.07779e-54
 9.16401e-32    0.0593331
  5.7223e-18  1.16992e-36
 9.58982e-48  1.75078e-08
    0.202621   2.2771e-53
    0.618073  9.84319e-54
 1.29573e-10   1.6199e-59
 1.31664e-17  5.08466e-37
  0.00220301  3.06556e-51
 2.03623e-25  6.85842e-16
  0.00167975  1.41846e-51
 3.36773e-08  2.85739e-56
 3.13315e-15  1.73232e-39
  3.2276e-57  6.18041e-08
  2.0751e-25     0.689518
 1.76836e-55    0.0335371
 7.46283e-08  6.36461e-56
 2.04974e-48  1.35654e-06
 1.08039e-56  2.22351e-11
 3.44104e-30     0.561845
 2.32756e-41  1.80945e-12
 1.11281e-38  2.45739e-07
 1.79243e-11  3.48353e-43
 5.95858e-43  6.61321e-09
 6.43483e-12   9.6852e-43
 3.41471e-27  7.11031e-16
 8.67112e-13  1.69423e-44
 4.04102e-13  7.89952e-45
   1.321e-30  8.10327e-21
 2.04662e-21  1.12908e-48
  6.4825e-19  3.56544e-46
 3.94122e-40  4.38675e-08
 5.75822e-17  4.25707e-48
 3.19988e-14  1.46433e-48
 1.14424e-16  2.74274e-48
 1.05884e-12  5.12943e-50
 1.04061e-12  2.01468e-50
 6.40137e-53  6.77267e-06
 2.88142e-50     0.551718
 3.94366e-53   0.00322272
 3.90311e-37  6.10899e-13
 3.34974e-38    5.118e-16
 8.91487e-08   0.00234789
 9.30739e-35   4.2458e-18
 9.17933e-12  6.84983e-51
 2.62971e-11  4.95951e-51
 4.91336e-43  2.70749e-16
 8.24941e-16  8.98854e-52
 9.65072e-64     0.272953
 2.90897e-10  3.41953e-50
 1.14208e-27   1.5497e-05
  7.0433e-10  8.24308e-50
 3.02376e-20  4.53207e-48
 4.53704e-46  1.05664e-07
 8.39483e-56  1.60741e-06
 5.08781e-09  5.94888e-49
 1.40839e-32     0.205551
 8.09359e-43  5.07644e-15
  8.2166e-19  3.84592e-47
 3.95436e-55  3.46999e-06
 4.72301e-24  1.33875e-08
 1.11499e-25  9.28733e-17
 8.45556e-47  4.53934e-20
 4.03713e-41  8.84293e-10
 2.96363e-48   0.00550202
 3.47495e-30     0.164378
 1.83606e-18  3.21703e-47
 1.11432e-36  7.73586e-15
 9.44446e-26  6.60389e-10
  4.8537e-38  1.21278e-07
 1.24355e-48  6.90932e-05
 1.07166e-49  2.15281e-09
  3.6882e-06  4.31231e-46
 3.08406e-45  6.70274e-17
 4.54017e-55   1.7337e-05
    0.242389  5.22861e-52
 3.12813e-22  1.51084e-43
    0.656019  1.41514e-51
 1.09387e-05  1.27898e-45
     1.01065  8.33056e-50
     1.00404  1.85986e-49
 7.78623e-67  1.91818e-10
 2.76374e-31    0.0390106
 7.12355e-07  8.89335e-56
 2.41895e-39  4.95621e-07
 9.80704e-59  1.15207e-19
 3.71537e-05   4.3526e-45
  1.2174e-06  1.97497e-55
  8.5364e-11  1.81445e-39
 1.71797e-20  6.82749e-21
 2.76846e-14  0.000645845
 2.11362e-11  1.19975e-38
 1.86137e-11  2.66611e-38
 4.39355e-10  6.71752e-40
 4.48158e-14  1.83314e-28
 1.08646e-09  2.92989e-40
 1.05877e-13  4.33023e-28
 6.00003e-15  1.95573e-26
 2.06992e-51   1.2077e-08
 5.80253e-48  1.29644e-05
 1.01978e-26  0.000136674
 7.78123e-08  4.63867e-33
 1.34398e-08   3.6045e-41
 5.92075e-13  2.03456e-28
 4.76141e-15  4.18649e-52
 2.39574e-65  1.10689e-13
 3.65154e-63  0.000124836
 1.59902e-06  1.93698e-39
 5.29826e-35     0.128908
 5.98277e-23    0.0019458
 1.32945e-50  7.75672e-08
 4.80256e-40  4.13396e-11
 1.98919e-06     4.01e-39
 1.04506e-20  7.21416e-06
 1.55004e-31     0.237978
 1.30926e-05  5.19002e-40
 1.33738e-25   1.7156e-08
  0.00255618  4.48934e-40
 3.40861e-26  1.31766e-06
 1.31621e-44   9.8112e-10
 1.61035e-06  7.28453e-35
 1.66005e-30   0.00244821
  1.1505e-06  1.01158e-43
  2.2198e-35  9.03652e-16
  0.00600082  1.04785e-39
 3.79854e-33  3.32377e-12
 5.18219e-10   2.3442e-38
 0.000136461  8.64652e-37
  0.00193977  6.07806e-38
 1.93216e-67  7.12824e-08
    0.552111  2.12618e-40
 4.55747e-06  2.88243e-38
 1.93843e-67  3.94038e-19
 2.10683e-06  1.32871e-38
 5.13484e-31    0.0838407
  1.3469e-19  0.000378352
 1.96708e-08  7.57523e-48
 2.63055e-41  2.92474e-09
 8.82026e-09  3.39669e-48
   0.0146168  5.62905e-42