 7.17452e-08  3.58531e-53
 3.49978e-34  2.82965e-17
 1.47871e-07   9.4979e-52
   0.0568666  8.97249e-44
 1.62411e-08  3.82023e-55
 1.43222e-06  2.41508e-39
   0.0396994  3.35183e-44
 9.66335e-32  1.17825e-08
   0.0797871  2.04317e-43
    0.053583  1.39039e-43
    0.708263  8.93218e-42
 3.93598e-51  1.29603e-16
 5.36906e-07  9.69085e-39
 2.72968e-55  3.72602e-11
 4.76658e-24  8.44561e-07
 3.63115e-53    0.0706918
    0.780112  8.78634e-41
    0.325564  7.52902e-41
 2.49255e-76    0.0116625
 1.86524e-07  2.45508e-38
    0.636713  7.64114e-41
 3.26603e-29  5.03703e-05
  0.00016523  1.92259e-55
 8.45554e-06  2.02579e-51
 7.42238e-28  4.17921e-09
 4.66963e-25  2.53233e-16
 7.24684e-27  0.000114443
   0.0386956  5.16984e-39
   0.0758311  8.85121e-39
  0.00235512  1.65626e-44
 8.56398e-62  3.46216e-24
 8.33455e-09   4.9495e-39
  0.00515998  9.08051e-43
  0.00157968  4.68973e-47
 1.39277e-21  1.18448e-05
 3.16163e-44  4.67114e-09
 1.50696e-44  7.73682e-10
 1.80854e-16      0.67134
   0.0154582  2.49485e-38
 2.22908e-78  2.78085e-13
 0.000710438  1.18241e-36
  0.00272447  2.25774e-47
 6.66594e-59  2.60808e-05
  1.5231e-53   0.00429277
    0.307418     0.691027
 1.08992e-60  2.30905e-09
1.07932e-105  1.70771e-30
    0.034026  5.88486e-41
  4.3135e-67  2.61159e-07
 1.05344e-19   1.4574e-30
  0.00780601  6.67249e-46
 2.92632e-44  3.22574e-06
 9.17646e-19  6.01295e-09
    0.102517  6.84123e-43
 0.000206957  3.91894e-36
 9.60317e-06  3.10889e-35
 1.00329e-45  1.34172e-06
 1.13162e-80     0.157705
 1.21304e-47  0.000803407
 3.24953e-31  1.94487e-21
   0.0656746  1.15731e-58
 9.63052e-84  1.01374e-19
 1.89098e-05  6.54556e-35
 1.03592e-05  1.55918e-34
 1.64715e-34  2.11968e-06
 6.14627e-74  0.000258587
 5.42454e-79     0.668868
 3.16244e-75     0.299932
 6.25031e-64      0.30616
 4.52818e-73  0.000896973
  4.3336e-58  3.88617e-09
 5.88523e-37  1.36464e-14
    0.568251   4.7539e-45
    0.616313  1.77344e-62
   0.0146087  5.99748e-66
 1.42784e-17     0.688386
 4.27877e-05   1.8501e-32
 3.87959e-41   1.9756e-08
 2.63948e-39  8.78866e-07
 1.71821e-05  4.21647e-32
  2.7965e-74   3.5148e-05
 8.85761e-37    0.0363155
 5.62498e-56    0.0236996
 6.32868e-62  3.86443e-08
  2.2182e-51  3.10013e-07
    0.195265  3.22279e-62
 0.000283829  5.00512e-32
 7.38845e-61  9.40595e-07
 7.45627e-06  1.16235e-31
 3.09653e-29  0.000189897
 6.40792e-17  2.51387e-14
   0.0820528  3.26208e-60
   0.0188065  1.71463e-64
 3.22416e-05  8.16301e-40
 3.06101e-26  2.33911e-08
 1.79592e-05  9.98775e-39
 1.24215e-07  6.26597e-46
    0.557217  1.82322e-30
  0.00440636  1.18199e-28
 3.62662e-15   1.4043e-15
 5.92664e-19  5.21805e-89
 2.29793e-39   3.1078e-12
   0.0308718  2.37344e-30
 2.73799e-07  1.81344e-42
 6.03132e-35  4.25463e-08
 9.70752e-44  1.01499e-05
    0.053834  2.21807e-29
 7.16526e-14  1.61905e-34
 1.63951e-63  6.18135e-07
 3.86959e-66  4.67874e-07
  2.2225e-43  3.87074e-09
 2.03701e-14  1.00264e-16
 1.61027e-24    0.0855597
   0.0131735    3.646e-30
 1.27749e-63  2.86178e-10
 1.51531e-56  0.000344356
  0.00648469   1.9274e-28
 0.000350291  3.56093e-34
  0.00732192  6.13612e-29
 7.29398e-08  3.08457e-23
 4.94525e-62  1.60466e-07
 1.27542e-82  8.13187e-13
 6.98819e-69  0.000371459
  0.00295162   3.0606e-28
 3.20722e-08    7.472e-23
    0.309045  6.62828e-60
    0.690961  7.74764e-56
 0.000257112  2.34288e-30
 3.88508e-44  7.49723e-12
   0.0215704  6.38706e-40
 2.35805e-67  6.26268e-08
  0.00729426   1.3009e-35
   0.0613788  8.36873e-43
 5.00957e-58  9.82234e-09
 2.16693e-14  4.15971e-17
 1.82285e-12  2.08479e-29
 7.01033e-13  2.09358e-28
 1.48024e-12  8.11165e-30
 8.96854e-08  7.17336e-35
 1.43544e-55     0.591863
    0.179072  1.96631e-49
    0.609649  1.22695e-44
 1.77147e-23  6.77048e-11
 3.81509e-08  1.31597e-34
 4.13335e-60  2.43981e-26
  4.8972e-36  0.000136303
 1.92643e-69  3.07413e-16
 1.69703e-05  1.69994e-39
 1.27145e-33    0.0121339
 3.60328e-58    0.0297463
 2.07842e-28   1.3417e-09
 4.96688e-17      0.22151
 2.64434e-19  2.33357e-94
 3.27289e-06  9.23953e-41
 4.79071e-34  3.14934e-13
 2.65842e-06  5.45385e-42
   4.513e-31  2.89262e-12
 7.79229e-06  1.79769e-44
 1.03042e-08  2.86953e-26
  0.00228186   2.9177e-58
 5.15613e-09  9.30789e-24
 8.78413e-34  9.91756e-14
   0.0114332  8.53994e-54
 2.40258e-28  4.59818e-25
 1.00334e-43  6.04055e-12
 7.04573e-22  3.48315e-05
 8.15194e-07  1.13905e-31
 5.26516e-09  3.10582e-26
 9.42597e-39    0.0626142
 3.96069e-56  9.13544e-07
 1.24543e-29  3.16716e-05
  2.9733e-06  1.78649e-29
 4.34939e-63  7.30813e-07
 8.55198e-73  1.34468e-21
 3.33913e-05  3.62606e-52
 9.11915e-48  1.42477e-07
 1.48099e-05  1.00421e-51
 0.000139615  5.16499e-43
 5.21536e-35  1.74844e-17
  9.7601e-61     0.551709
 1.85871e-59  3.45004e-18
 7.28209e-06  1.00167e-32
 3.12896e-40  7.99783e-13
 2.48785e-22  0.000224571
 0.000429681  7.66831e-43
   0.0024048  4.53988e-41
 2.18006e-50     0.640939
  0.00017165  1.88683e-47
 7.23065e-55     0.686461
  0.00109754  4.23148e-45
 9.39446e-07  1.76051e-61
   0.0284842  2.16013e-42
 7.08454e-67  9.89158e-25
 0.000601792  4.92925e-50
 9.29199e-75     0.229534
 0.000754027  6.55873e-51
    0.555978   4.3368e-43
 2.10712e-15  2.24196e-21
  1.2085e-45  8.35432e-16
   0.0117543  1.80507e-36
   0.0426191  2.13265e-38
   0.0148808   1.4644e-36
 0.000502794  4.93073e-33
 5.66912e-10  5.20182e-71
 1.17408e-25  2.54333e-08
 7.69221e-10  3.10672e-67
 5.05922e-51  1.07617e-17
 2.62836e-40     0.690953
 1.79138e-46  8.26251e-11
 4.84986e-14  4.45657e-80
 5.34005e-52   0.00176185
 5.61965e-60  3.83487e-07
 1.32082e-55   1.0234e-05
 4.51365e-10  8.04769e-62
 9.34602e-07  1.64984e-47
 3.17041e-37     0.309047
  9.2709e-49   0.00397219
 2.42875e-06  1.53969e-41
 1.31404e-39  8.13387e-11
 3.60828e-74    0.0348207
 1.13322e-54  3.01964e-08
 1.18824e-07  2.47204e-29
 1.68666e-39  0.000354766
 3.06077e-62  0.000760783
 6.78302e-10  2.59844e-59
 3.39602e-06  7.15281e-45
 2.60612e-09  8.01896e-32
 9.90798e-28  0.000265914
 9.92056e-86  0.000308832
 5.69462e-66  0.000102679
  6.1292e-06  2.67917e-41
 1.33638e-05  2.42488e-34
 2.34087e-53     0.103689
 2.63163e-51    0.0552074
 8.26084e-36  0.000873853
 3.43684e-05  5.97571e-53
 4.44717e-76  1.73611e-08
 0.000158303  1.03477e-48
 3.23984e-49  1.58686e-15
 5.05864e-55  2.50401e-31
 2.01649e-05  4.02951e-54
 0.000165149  1.77898e-41
 2.79357e-30      0.30083
 5.44356e-43  7.19462e-09
 1.56005e-73  4.90863e-09
 5.60931e-51   0.00969663
 1.27188e-27  9.08991e-25
 0.000939066  1.87965e-45
 5.56534e-25  6.29297e-07
  0.00227759  1.25988e-48
 1.81725e-47  7.88296e-08
 4.27277e-47   0.00114512
  3.3246e-05  4.55418e-56
 3.43215e-51  7.33441e-06
  0.00392757  1.45947e-80
 4.68872e-06  4.12348e-89
 9.44364e-13  1.42959e-50
 8.50794e-06  8.87542e-91
 3.81492e-13  1.67185e-54
    0.554463  4.69926e-54
 3.77304e-05  5.89251e-96
   0.0609675  9.97557e-57
    0.688537  1.44753e-76
 1.23283e-10  1.02368e-28
    0.306343  1.14952e-74
 4.21088e-58  5.39755e-17
 3.97932e-85  1.74712e-14
 8.87179e-51  1.16404e-07
    0.197753  6.95706e-61
 2.93355e-13  2.01077e-53
1.30344e-123  6.30843e-34
   0.0213677  1.37173e-66
 9.89508e-14  1.73758e-56
    0.642548  7.88427e-63
 2.37445e-57  1.49366e-08
3.19293e-119   0.00873042
 2.11829e-25  3.73644e-14
 1.09667e-41  1.71396e-15
 3.54506e-23    0.0328419
 5.79681e-55   0.00434038
 1.22556e-44   2.3255e-06
  1.1177e-26  0.000126718
   0.0109945  3.70908e-60
  0.00128527  2.25996e-60
 7.61704e-58  6.77558e-09
    0.149266  5.62332e-65
 1.45812e-52     0.101011
    0.308099  4.90097e-95
  9.6177e-69  9.45298e-11
 1.18293e-48  2.80731e-05
   0.0351284   2.3395e-65
 3.48089e-49  7.91518e-06
 2.58121e-52     0.557259
 5.51537e-44  1.82025e-06
  0.00358528  4.28949e-59
  0.00774036  8.78738e-62
  0.00878794  2.62137e-60
 1.90983e-57  3.41435e-05
 2.66984e-29   0.00770117
 1.31865e-43  7.89384e-10
6.09354e-122  3.82524e-10
   0.0705966  6.94645e-68
   0.0037109  1.66507e-56
 1.90861e-47  1.55251e-11
 1.95263e-10  9.20708e-53
 1.54687e-47  7.29626e-05
    0.690231  4.36499e-86
 2.46431e-48  1.14966e-07
 5.84373e-39  0.000856018
 6.25946e-10   6.7212e-50
    0.639057  6.02877e-60
 6.52399e-15  1.45427e-23
  8.7713e-14  3.25387e-51
 1.31716e-13    2.453e-50
    0.132097   1.0952e-63
 1.58555e-80  2.00133e-05
 1.63539e-59  1.20104e-07
 8.93268e-60  2.99296e-06
    0.215726  7.88769e-58
 2.85112e-81  0.000641764
  3.3473e-08  4.99833e-44
 2.28793e-06  3.78804e-47
 2.13492e-64  4.12016e-06
 7.66652e-39     0.607817
 7.97664e-41  4.42018e-07
 9.06302e-08  2.90539e-42
  6.9221e-07   1.1282e-41
 6.21064e-31  1.79673e-13
 2.25583e-10  5.73127e-40
 8.84601e-10  4.19546e-38
 1.75745e-23  1.05254e-11
  1.2341e-30  2.46436e-24
 5.22508e-53   1.7413e-09
 9.52454e-17  5.50867e-97
 3.14077e-06  3.76015e-66
 2.83875e-75  1.81178e-09
 1.64742e-34   0.00242697
 1.29702e-08  4.22083e-36
 1.78068e-06  1.25173e-60
 1.23399e-57  1.86818e-05
 5.24729e-09  1.24887e-33
 1.98947e-51  3.20134e-09
 2.56426e-16   7.6889e-34
 2.67915e-55  6.01533e-07
 1.60641e-65    0.0197253
 7.85837e-49   2.2699e-16
 4.20061e-74  7.32403e-10
 1.90804e-08  1.96981e-46
 2.28121e-07  9.60586e-56
 5.6555e-107     0.999889
 6.58385e-08  1.54841e-50
 2.16857e-11  6.90576e-31
 4.88165e-46  1.06163e-10
 2.84842e-37  3.69504e-13
 5.66236e-12  3.20946e-80
 6.03158e-13  1.06201e-29
 9.87733e-09  1.22805e-62
 2.34122e-56     0.679575
 1.25863e-10  1.12826e-70
  2.4759e-12  4.74506e-30
 1.54335e-15  3.27053e-39
 9.44558e-14  1.04133e-28
 5.60635e-16  2.28047e-38
 1.36237e-96   3.9268e-17
 1.84142e-23  2.78036e-25
 1.30493e-46  2.40652e-15
 9.05897e-16  5.33979e-28
 1.29983e-13  2.54486e-29
 1.88772e-66   0.00876479
   0.0134239    0.0293823
 2.15946e-90  2.37584e-14
 7.94505e-16  2.27427e-28
  2.2194e-12  9.93832e-44
 8.54875e-26  8.99453e-08
 5.31884e-23  2.57949e-23
 2.05198e-87  4.05268e-14
 2.37761e-73  1.27712e-10
 1.12005e-22  3.40614e-23
 5.67977e-11  1.58068e-42
 1.66636e-37  2.29893e-06
 3.10732e-19  3.50768e-28
 1.11308e-10  8.36186e-49
 2.54209e-40     0.561098
  4.5029e-57  4.71736e-11
 1.26093e-42  5.73454e-09
 2.19126e-15  1.46388e-32
 2.83614e-69  9.06665e-08
 1.96965e-23  4.76626e-28
 3.07358e-39   0.00058474
 1.27169e-40  2.16477e-12
 2.83608e-09  2.07058e-45
 9.20727e-50  1.62804e-05
 9.61297e-78  3.41336e-10
 2.55382e-41  6.21803e-10
 7.97398e-14  5.43137e-33
 1.57766e-21  1.64878e-06
 9.79365e-26  2.89758e-14
   5.294e-11  2.78001e-35
 1.74852e-10  4.38571e-60
 1.65751e-74    9.775e-07
 1.44207e-74     0.675829
 1.12139e-41  3.01206e-13
 2.74848e-08  1.55103e-41
 9.43722e-65  3.83571e-19
 5.38327e-25     0.221619
3.88472e-128  2.08197e-10
 2.03362e-10  3.37555e-37
 1.45514e-63  3.17749e-05
 6.62982e-54  3.22728e-09
 1.82106e-12  1.52267e-36
 1.00599e-07  1.74325e-46
 1.08699e-50     0.619053
 2.96967e-97  1.73763e-17
 4.86638e-12  1.83436e-37
 2.18629e-07  3.61418e-43
 8.38896e-12  2.90077e-40
 1.60416e-90   0.00174279
 1.25261e-25  5.67129e-09
 7.32427e-59  7.71655e-05
 7.00865e-10  1.94731e-54
 6.90002e-88  1.66326e-23
 5.00508e-14   0.00287677
  6.9081e-07  2.70848e-48
 6.16074e-68     0.655758
 2.14888e-11  8.11874e-42
 6.74051e-10  5.10183e-41
 1.29742e-51  2.96316e-06
 1.39651e-07  1.28819e-64
 3.80543e-13  4.41211e-47
 1.66843e-65     0.688381
 1.06223e-52  2.56755e-12
 2.09637e-13  2.40125e-47
 3.13273e-07   4.8904e-68
 0.000206108  2.68959e-54
 5.52129e-80     0.551865
 1.08551e-47  3.36645e-08
 2.96052e-12  8.77192e-06
 2.85732e-72  8.49313e-06
  0.00059416  1.00192e-51
 1.49476e-39  1.73034e-07
 4.89102e-54     0.303143
 4.65459e-60  0.000179414
   6.121e-07  4.73588e-46
 9.22069e-46     0.613274
 1.32001e-06  5.32768e-69
 7.01186e-50  7.15419e-07
 8.21517e-14   0.00013099
 1.41875e-06  2.88649e-49
 1.97976e-08  7.12379e-52
   0.0107632  5.68828e-58
 7.09426e-05  4.29429e-54
   0.0296118  7.05379e-60
  0.00109819  2.35019e-70
   0.0267663  7.50797e-59
   0.0325164  2.98173e-64
    0.583004  2.96529e-62
 1.53518e-51    0.0356563
 2.08615e-05  1.46548e-56
  0.00188735  6.39774e-70
 2.50545e-35  9.89605e-12
 5.85016e-28  4.15738e-11
 4.26818e-07  1.35246e-82
 4.58515e-31  2.68053e-22
    0.129904  3.53854e-63
 0.000463954  2.98923e-75
    0.551665   6.2444e-55
    0.171447  1.83952e-63
    0.128181  1.06711e-64
 9.69774e-54     0.205948
 2.46079e-55  1.03144e-10
    0.637744  1.10254e-64
  0.00015469   6.4462e-79
     0.15278  1.21709e-65
 2.32968e-61  8.61748e-08
  1.2832e-35  3.33646e-05
 4.51682e-65  7.51282e-07
 2.84475e-63  7.72229e-06
 4.70919e-75   0.00522332
  0.00175961  2.71503e-68
 1.19988e-44  1.68683e-05
 2.95094e-39  7.50532e-05
 6.38884e-92  1.08541e-19
 8.62254e-28  1.10348e-14
 5.35227e-64  9.27106e-21
  0.00112788  6.75753e-69
 5.59623e-60   0.00487617
 0.000576133  3.21763e-70
 5.40461e-50  1.48274e-13
  0.00529017   5.4543e-70
 1.44938e-76  8.09109e-13
 2.32467e-08  2.32671e-97
 1.43362e-06  5.67316e-88
 3.61729e-05  1.11506e-73
 4.84774e-21   9.1673e-07
 4.60183e-47  2.48002e-13
 5.15244e-05  2.33293e-74
 2.52483e-80    0.0571165
 1.17459e-07  1.71471e-97
  1.8263e-41   2.6884e-13
 1.60391e-05  3.01327e-77
 2.23149e-76  2.21764e-13
 6.06986e-07   5.0045e-94
 1.16292e-73  0.000795813
 9.82245e-43  1.83791e-11
 1.01356e-92     0.296685
 4.99108e-08  6.78206e-79
 2.35733e-08  5.67996e-81
 9.69231e-22  1.65567e-17
  9.5569e-07  1.45366e-98
 1.92823e-25  1.01687e-05
 1.02985e-20  3.71848e-65
 7.11182e-44  1.42856e-09
 2.03353e-08 2.70713e-101
 1.77777e-07  2.89723e-83
 9.97542e-06  1.28803e-97
 5.14321e-33     0.558381
 2.35968e-44  1.14179e-11
 2.19027e-32   0.00320928
 4.03075e-21  9.04275e-65
 3.76558e-15  5.47239e-78
 1.08857e-14  2.56375e-78
 0.000393563  2.57821e-96
 2.20248e-43    0.0428571
 1.74656e-37    9.626e-14
 1.00643e-58   0.00285593
 6.34997e-43   2.6218e-10
 8.98392e-52  3.81154e-10
 7.45222e-06   6.4771e-87
 4.06494e-43   5.5231e-06
 5.19458e-16  1.68212e-71
  0.00118694  9.73647e-99
 1.42358e-15  6.42604e-72
 1.81669e-05  1.47876e-86
 8.72326e-35   1.4635e-13
 2.13458e-52  0.000169363
 5.13606e-31  7.67005e-05
 6.30518e-42  9.07174e-13
  0.00548937  3.01774e-96
 4.08999e-27   5.2697e-09
 4.90294e-15   1.7452e-72
 2.67636e-05  2.90676e-85
  1.3902e-28   1.6093e-10
   0.0181905  1.16816e-93
  0.00102543  5.78978e-87
 0.000447194  6.97015e-83
    0.169307  2.58941e-89
   0.0907858  3.56633e-87
 5.17534e-05   6.7935e-80
    0.601283  1.55654e-87
 1.25569e-26   2.8802e-29
 6.10671e-63     0.690917
 2.54279e-51   0.00185008
 4.56294e-05  4.88138e-80
   0.0122097  2.20156e-82
   0.0133432  1.07572e-82
 2.13632e-34    0.0339035
    0.935592   3.3273e-74
 3.79535e-61  1.20775e-05
   0.0224496  6.05826e-87
 4.16598e-47  2.90364e-05
    0.010496  1.98937e-76
  0.00806682  2.29968e-76
    0.936142  5.07267e-74
  7.1406e-70  3.73838e-17
   0.0078694  1.53595e-86
 7.16373e-07   1.0779e-94
 4.80545e-73     0.003752
 8.90652e-97  5.99555e-24
 1.13945e-62  6.49368e-10
 0.000100776  4.87846e-77
 1.11619e-23  7.03978e-08
 9.39229e-55      0.06683
 4.52791e-05  3.38828e-77
 8.51909e-74  7.61827e-22
 4.94653e-60  4.90559e-06
 1.31641e-75  1.71198e-23
  0.00034511  6.88791e-61
 3.15627e-54  6.63601e-10
  1.5292e-34  9.33821e-09
   0.0271936  1.24021e-68
 1.50318e-06 1.21527e-106
 1.22444e-39  9.63984e-05
 7.85936e-90     0.690915
 8.07546e-17  2.77883e-14
 9.11376e-07  3.93449e-79
 4.33532e-07  7.00873e-79
 7.77785e-86     0.309047
 9.35579e-21 1.97294e-131
 1.27518e-07  4.83022e-78
  0.00100098  1.58657e-55
 8.33815e-08  5.50494e-78
  1.7745e-22  8.45818e-17
    0.690949  7.81567e-85
    0.309042  2.22157e-88
 7.02305e-06  8.59285e-79
  6.5396e-05  3.40363e-98
 6.55597e-34  6.77193e-11
 4.09778e-64  2.16977e-09
 1.59145e-23   0.00803597
    0.308974   1.7695e-55
 2.93102e-52   0.00053608
  1.9788e-06  3.11749e-77
 1.21103e-05   7.1293e-48
 7.78322e-07  1.62653e-76
 1.07394e-57   0.00586603
    0.690897  9.83367e-61
 1.44913e-59  4.73806e-27
   9.631e-54    0.0025386
 1.92046e-53  4.01952e-12
 1.57648e-08  8.97466e-75
 1.09342e-27  2.74876e-16
 2.76727e-65    0.0233227
 9.54954e-50  3.91417e-10
 6.25931e-19   0.00406269
 7.40674e-77  4.05382e-15
 1.53805e-53     0.204161
  8.3082e-09   2.8419e-74
 1.29101e-75  2.46211e-13
 3.06675e-09  1.84474e-89
 7.63251e-06  8.68424e-56
 3.48089e-06  3.82016e-55
 8.81542e-10  1.40785e-89
 1.19256e-10  5.72305e-86
 5.98627e-11  1.47317e-84
 9.06858e-14  2.99679e-72
 1.18355e-10  1.43366e-89
 1.61939e-36  0.000535955
 6.00576e-50  8.94522e-11
 3.50518e-43  3.02036e-17
 5.47342e-23  2.28218e-06
 1.98469e-13  8.55524e-77
 9.13767e-97    0.0864111
 4.77779e-11  2.61802e-92
  2.8287e-14  8.46205e-60
5.65719e-107  2.49863e-20
 6.07894e-14  2.96618e-96
 3.39023e-17  2.19498e-52
 2.25765e-24   8.4842e-63
 8.66701e-13  1.37247e-82
 9.71687e-28  1.03405e-06
 3.32505e-37  9.66919e-12
 2.83193e-24  1.37632e-55
 1.09572e-44     0.172588
 6.86911e-17  4.94193e-62
 2.23051e-51  3.98192e-12
 1.31535e-26  1.06585e-60
 5.76612e-18  9.26721e-45
 3.89141e-64  1.74396e-05
 9.23453e-17  4.68721e-54
  4.4811e-15  8.67398e-75
 1.56276e-14  5.08635e-69
 5.41241e-21  7.91105e-05
 6.04209e-14  1.38242e-66
 2.42819e-52  5.11139e-06
 4.62643e-15  1.13031e-68
 1.94853e-58  0.000940552
 8.75541e-20  5.54292e-38
 4.35512e-13  1.54164e-64
  2.1197e-35  8.66841e-12
 4.34197e-15  1.19734e-60
 8.04736e-24  2.78944e-13
 8.48393e-55  1.38661e-06
 4.89364e-34  3.58846e-06
 1.22124e-11  4.07703e-68
 9.18541e-54  2.01841e-10
 4.36773e-35   6.2065e-14
 2.44275e-11   3.6301e-68
 1.51222e-47  3.29398e-16
 2.37211e-11  9.71573e-65
 1.30701e-48  0.000168423
  1.7569e-54    0.0251918
 4.31315e-11  1.02528e-63
 1.59862e-21   4.3507e-32
 1.98863e-21  3.17977e-06
 4.82514e-88  1.30865e-18
 8.02998e-10  2.17416e-59
 4.59326e-10  8.04828e-55
 2.16623e-36  1.07369e-20
 1.61414e-50    0.0124756
 1.51893e-09  1.28731e-60
  4.3761e-09  3.48396e-62
 1.34225e-08   1.8227e-43
 1.34329e-24   6.0405e-28
 2.95344e-08  8.69823e-41
  1.1031e-51  2.90833e-05
 2.01249e-29  9.61588e-28
 1.69574e-07  2.34173e-65
  1.0676e-61   0.00209235
 2.06958e-47    0.0022397
 2.45653e-33  8.12361e-24
 7.42105e-06  2.44703e-50
 9.41017e-31  2.74214e-05
 7.32615e-14   8.0493e-23
  7.8725e-41  2.47786e-13
 5.53981e-33  4.48993e-24
 3.46181e-69   1.8052e-05
 7.10228e-76  0.000532637
 7.40399e-06  1.34246e-60
 3.03413e-06  8.71501e-65
 1.28862e-78  3.49589e-18
 2.13001e-05     0.567613
 3.47948e-08  4.43066e-65
  2.1563e-08  6.81289e-65
 9.48757e-08  1.07901e-65
 7.32871e-51  2.41268e-08
 3.76995e-57  2.00991e-14
 4.38707e-45     0.615205
 6.29218e-62  1.42419e-07
 3.14741e-70  9.20842e-07
    0.626627  1.35534e-48
    0.219125  1.60844e-50
   0.0520228  2.00048e-42
    0.074616  9.15412e-51
    0.020246  1.20059e-39
 1.33418e-60  9.73214e-09
 5.75846e-57   0.00114412
 5.54324e-75  3.68335e-08
    0.687046  2.34122e-56
2.71618e-100   1.4429e-15
 7.24914e-60  2.40241e-10
 4.59383e-71  1.24071e-15
  4.1857e-25    0.0661343
   0.0023395  1.51254e-32
    0.303959  1.62736e-55
 1.85096e-47   0.00864443
 1.48613e-51    0.0168721
 2.12354e-13  2.19701e-21
    0.689759  3.46422e-61
  0.00755856  2.78406e-53
 8.91032e-30   3.1945e-07
 9.51482e-62  2.61721e-12
 4.01508e-26     0.630168
 8.54222e-42  4.33459e-13
  8.0695e-75    0.0032084
 9.27104e-45  8.66993e-06
    0.307717  4.66357e-59
 9.48761e-05     0.703662
   0.0129578  3.92601e-55
 1.83539e-58  2.22784e-06
  0.00203978  8.18681e-54
 4.77434e-55     0.560079
  4.7153e-05  3.40124e-51
 3.01711e-40   0.00409403
 0.000762034  5.60749e-55
 8.50786e-61   4.8115e-09
 1.51572e-12  1.64279e-43
 0.000129753  4.41052e-58
  3.5475e-07  1.50355e-48
 2.95753e-60  3.96349e-05
 7.01727e-93  5.93919e-15
 1.77605e-80     0.007646
 3.59285e-09  8.75859e-47
 1.42572e-09  1.68094e-46
 1.68936e-07  2.48788e-48
 1.91512e-06  5.42383e-63
 6.51962e-11  2.80051e-43
 7.73734e-29   2.6441e-23
 1.00217e-49  2.34638e-09
 1.47383e-10  1.14527e-43
2.35326e-186 2.56754e-111
 5.85751e-19  1.62899e-29
 1.51453e-41    0.0302514
  6.4128e-17      0.28267
 3.08193e-12  1.65335e-54
 8.91623e-09  2.16371e-61
 6.79191e-54      0.16564
 7.16787e-09  1.00719e-57
 2.06497e-10  1.01228e-55
 1.96298e-13  2.96007e-53
 5.92969e-13  5.31172e-56
 4.93498e-13  1.17646e-55
 2.17427e-12  5.83343e-57
 4.10487e-24  3.59387e-07
 1.22968e-26   2.9356e-09
 6.69115e-42  5.90236e-08
 6.14885e-92  1.54229e-09
 3.48226e-13  1.08534e-58
 3.89018e-14  6.44684e-64
 1.23513e-64  2.81358e-19
 1.30475e-12  3.13795e-63
 1.11413e-39  0.000403643
 3.89071e-66  4.96178e-13
 2.69411e-39  1.67371e-12
 1.05404e-65     0.551665
 2.51409e-12   5.5855e-66
 7.00168e-09  3.08573e-61
5.76215e-110  6.42218e-42
 2.28403e-08  2.09427e-63
 4.87677e-45  6.03261e-07
 6.31239e-08  3.59278e-66
 7.57909e-53    0.0139563
 6.86944e-10  9.59015e-68
 8.62808e-11  3.69628e-55
 4.73272e-10  2.81911e-55
 3.83678e-50  1.45509e-09
 4.31881e-18  3.50313e-37
 5.21401e-06  2.72351e-46
 6.20523e-08    0.0016959
 2.59961e-26  4.68106e-08
 1.23348e-09  1.05968e-53
    0.046135  3.44432e-70
 1.65769e-08   3.8911e-51
 7.03833e-62  2.36138e-05
 3.87588e-66  6.75629e-06
 1.05896e-33   3.7056e-17
 7.66022e-08  1.47395e-51
    0.685475  4.22337e-72
 9.36208e-22  0.000378039
 1.50202e-32  1.30139e-16
 3.69193e-30  4.21116e-10
 6.31288e-71     0.268097
    0.299344  6.91908e-72
 4.36265e-40    0.0932604
 6.96839e-37  1.72101e-10
 2.00894e-72      0.26201
  2.2091e-06  1.59997e-53
   0.0310201  6.55838e-78
 3.36264e-44     0.690604
    0.309047  1.47143e-42
 7.04411e-06  1.89458e-87
 1.32567e-20    2.261e-05
 8.78228e-06  9.89347e-55
 4.82388e-53   0.00603976
    0.690953  6.53084e-43
 1.91092e-06  1.18042e-55
 3.20974e-51  4.92631e-06
  0.00133066  1.68214e-51
 8.86997e-94  0.000761646
 1.28508e-09  7.76767e-63
 2.28628e-06  2.46282e-91
 2.97593e-09  4.84112e-65
 1.09734e-07  1.16209e-53
 8.56488e-24   0.00045647
 4.21118e-74     0.308996
   0.0042731  5.11436e-42
    0.308711  1.04886e-42
 1.35366e-77  2.61107e-10
 0.000111448   2.7037e-65
    0.690682   2.5356e-40
 0.000373345  2.41673e-57
 2.40169e-55   0.00155116
 1.05879e-07  1.18337e-42
 2.33929e-68  2.54764e-05
  0.00113605  7.01447e-48
 5.70785e-05   1.4586e-32
 3.29077e-60    0.0202455
 9.11334e-05  1.73673e-31
  1.2059e-41   0.00187067
 3.99109e-44     0.178873
  2.3088e-07  3.95975e-38
  0.00868855  1.18856e-47
    0.690989  2.42365e-71
 2.99577e-45     0.635693
    0.309128  1.20538e-74
 2.13277e-17  9.69009e-14
    0.132489  2.83856e-55
 0.000425836  7.42221e-85
 1.12081e-61  3.69456e-08
 9.24007e-60     0.118629
    0.268685  4.35892e-43
    0.678074  3.55775e-49
 1.23262e-55  5.40745e-08
 8.42239e-10  1.71867e-18
 8.42146e-49   5.9003e-16
  4.9724e-60  3.24187e-10
  5.2112e-83  8.70812e-11
    0.551711  2.05702e-63
 6.86137e-78  6.14616e-13
 4.82764e-69  0.000290422
 2.55693e-06  2.84186e-26
 5.27477e-49  2.46097e-06
 7.94216e-58   0.00107402
 1.42693e-05  7.69989e-32
 4.24828e-05  3.21836e-39
 2.80178e-10  1.80939e-17
 1.77216e-07  1.34384e-32
 2.05164e-42  1.20578e-05
   2.653e-81  6.58528e-14
 7.58133e-08  3.12217e-33
  0.00160381  7.01585e-59
 1.39577e-72  3.32707e-22
 7.62036e-63  4.53377e-05
 2.06423e-08  1.28166e-37
  0.00376421   6.9679e-60
 1.06727e-63     0.575306
  6.6551e-57     0.124506
 9.78903e-64  1.34729e-05
 4.58946e-65   1.5348e-07
 2.95224e-05  1.22967e-48
 1.33783e-09  4.41145e-39
    0.306495   1.8263e-65
 9.73682e-27  2.15939e-05
 1.14487e-57  2.49827e-08
    0.689001  1.76279e-69
 6.02176e-67  1.45752e-05
 1.47449e-08  5.50855e-47
 3.58174e-06  1.82477e-54
 1.85387e-08  3.64593e-50
 1.44287e-08  4.59767e-52
 7.30418e-30  6.46836e-13
 6.21543e-20  6.90485e-05
 9.46475e-12   2.9788e-47
 2.77862e-55  1.53704e-06
 1.60009e-13  2.82311e-39
 4.81751e-13  6.05855e-44
 3.51196e-73  1.13965e-16
 1.59067e-09  2.21412e-65
 7.55318e-10   4.8052e-60
  7.4595e-56     0.636224
 3.81982e-82     0.660086
 9.41942e-10  3.75847e-56
 5.63063e-14   6.9029e-52
 2.97517e-14  1.14981e-45
  6.0209e-65  3.22682e-06
 2.70451e-14  3.18109e-49
 5.22313e-14  1.91899e-43
 8.96571e-05   6.1079e-54
  0.00168888  7.29747e-48
 1.29985e-05  2.27523e-54
 8.31379e-06  1.83354e-51
 1.28782e-10  3.01231e-36
   0.0337815   5.1067e-43
 3.49687e-19  4.10976e-65
 6.32772e-37      0.58093
 5.57104e-23  2.33103e-11
   0.0783865  5.11984e-42
    0.560674   3.3366e-41
  4.6851e-10  4.83483e-35
 2.16207e-42    0.0117793
 5.83565e-26  1.64313e-11
  6.1745e-65  0.000407516
 1.65957e-07  2.40911e-38
 3.00409e-07  2.11132e-37
 2.47644e-07  4.09069e-37
 4.56627e-38  8.26946e-06
 0.000214661     0.339465
 7.44148e-09  6.14994e-34
 1.66615e-08  2.53752e-33
 4.45983e-17  2.80948e-14
 1.06439e-37  8.21895e-14
 6.46904e-61  0.000215778
 8.40589e-36  6.18735e-05
 4.04006e-44  1.79086e-11
 2.67563e-34   2.1498e-13
 6.78131e-06  1.87212e-35
  2.7394e-59     0.622066
  2.9429e-06  1.64461e-36
    0.309031  2.95536e-30
 3.47893e-37   0.00151027
 2.10284e-15  2.82276e-48
    0.690941  2.20567e-30
 6.61598e-69   0.00472403
  1.7342e-24  0.000279656
 2.37622e-71  2.40999e-19
 4.92031e-66  1.73655e-13
 1.76034e-47  1.93632e-19
 2.61093e-52     0.664497
 8.71283e-26  5.12165e-73
 0.000256951  8.65784e-27
 8.55966e-05  2.37606e-26
 7.34612e-63     0.690943
 6.56225e-12  3.69039e-42
 2.55276e-58  7.14758e-06
 5.42154e-51  1.14497e-06
  2.7036e-51   3.7006e-05
    0.689521     0.307534
 9.92509e-12  2.82073e-43
 2.73816e-30  1.23398e-24
 8.20391e-23  5.08838e-70
 2.85368e-05  7.93393e-26
  1.4919e-20  2.02109e-59
    0.555818  4.16461e-38
 7.41893e-54  5.31329e-07
   0.0482557  6.58969e-39
1.31561e-101  1.48262e-15
 7.14339e-21  9.70969e-65
 7.66109e-45  1.27728e-18
 1.21938e-38   0.00800596
   0.0050338  5.41542e-38
 1.19178e-61   4.5546e-09
  0.00276072    6.864e-38
 2.34451e-15  4.23363e-15
 1.47535e-48   0.00163133
 1.28201e-41  3.76931e-12
 1.33641e-12  1.30473e-18
 3.27345e-55    0.0341391
 6.52209e-13  6.22458e-19
 5.36976e-13   2.2154e-47
 3.81399e-08  1.14106e-32
 8.79229e-15  1.14549e-52
 1.41692e-14   6.5469e-52
1.33728e-101   8.0158e-31
 3.07513e-74    0.0877453
8.34668e-121  5.67454e-29
 1.16861e-15  3.32318e-25
 2.63762e-12  1.79047e-22
 9.81161e-23    0.0125379
 5.75388e-16  1.89776e-25
 9.27794e-11   1.1585e-42
 7.46886e-17  1.20113e-27
 8.56773e-51  0.000108096
 5.56634e-35    0.0195932
 5.81086e-32  1.98666e-06
 3.78364e-17  9.23677e-28
 4.86561e-12  8.59647e-23
 1.28604e-09  2.23309e-43
  0.00239145  2.15143e-64
 1.57687e-29  1.29982e-20
 1.39804e-11  4.10517e-48
 9.49639e-37   0.00190894
 2.62623e-09   1.4341e-46
 6.37502e-07  1.06346e-43
 1.79857e-64  1.79111e-13
  0.00530683  7.93695e-72
 1.37519e-06  3.44203e-43
  4.7372e-75  0.000676354
  1.0802e-72    0.0887457
 1.69557e-61  2.90764e-11
 5.37557e-60  2.30167e-09
 2.81391e-12  4.04461e-54
  1.2608e-80  6.40539e-14
  4.6565e-31  4.34428e-22
    9.64e-78  8.36889e-15
 5.82667e-71  2.88292e-12
 9.91749e-06  3.31579e-29
 2.68143e-58  0.000335817
 1.98865e-22  6.66081e-17
 1.40801e-38   1.7838e-07
 4.02723e-43     0.106486
  0.00321689  1.35892e-31
 9.79683e-69   6.0104e-06
  0.00904931  2.43351e-32
 0.000181292  6.85387e-39
 5.76033e-50  4.77831e-07
    0.551706  1.02041e-90
    0.307443  9.13687e-34
 2.30383e-37  4.03314e-07
 1.81426e-52  7.45139e-05
  3.6466e-16  5.51872e-15
 1.38312e-46  1.18157e-09
 5.79962e-12  2.62971e-19
 4.21917e-52  7.35727e-08
    0.689675  6.06038e-35
 3.19608e-11  1.74258e-65
 5.64367e-78   1.7039e-05
 4.46212e-07  2.61699e-51
 3.81344e-65  7.80243e-13
 1.65279e-33  4.69653e-19
 2.46329e-05   2.2387e-44
 5.91648e-63  5.90107e-23
 1.12561e-05  3.22128e-48
 1.94429e-40    0.0750887
 6.24722e-05  5.13397e-44
    0.551665  5.21772e-38
 2.10013e-10 2.52138e-106
  1.2808e-15  9.07761e-85
 2.40809e-08  1.35091e-52
 5.99809e-71  1.37277e-27
 1.82932e-45  5.55887e-06
 4.24527e-15  6.27577e-84
 1.65431e-58  4.98312e-08
 9.23031e-08  4.92483e-32
 1.42988e-15  7.14116e-96
 3.37367e-16   0.00640734
 4.06346e-12  4.88721e-72
 8.19513e-09  1.09618e-61
 1.52452e-10  5.04274e-51
 3.97957e-48   0.00188885
 2.99237e-10  2.13249e-51
 1.08294e-25   5.9463e-07
 7.07825e-50   0.00115144
 2.22187e-36  1.18354e-05
 2.75614e-12  2.02015e-77
 2.44857e-59     0.309035
 6.39109e-10  1.05027e-51
 2.97555e-58   1.5853e-13
 5.33826e-81  1.61692e-07
 3.66578e-30  2.15325e-08
 2.27558e-12  5.13495e-77
 6.37126e-09    1.876e-56
  3.3199e-66  1.67459e-05
 1.38195e-53    0.0132301
 5.10099e-29 4.17478e-113
 4.94281e-28 3.63802e-103
8.75256e-102  0.000257176
  1.2515e-13  2.05743e-79
 1.34175e-28 2.84822e-112
 3.81619e-29  4.83971e-07
 1.18703e-34  3.70657e-13
   0.0498931  2.25919e-59
    0.092765  5.58689e-61
    0.104714  8.58768e-58
 2.40083e-67  0.000348982
 0.000729804  2.51439e-66
 1.29967e-73   9.4978e-08
    0.581284   7.9689e-60
 3.64042e-37   3.2339e-07
 0.000320215  8.58451e-70
 4.70545e-19 4.09023e-110
 3.00771e-55     0.230575
 8.43557e-60   6.8945e-06
 5.11505e-13  1.13493e-82
 2.11359e-12  6.02981e-71
 3.77451e-16  7.70728e-97
 1.52224e-22  2.25712e-14
 4.06747e-53  2.09827e-06
 1.03964e-86     0.690953
 4.85746e-39  3.54728e-08
 1.51019e-42  3.54068e-12
 4.13729e-15  1.85453e-88
 1.78128e-36   0.00279178
 9.51581e-16  3.52668e-87
 4.31289e-11  1.35713e-56
  1.5715e-26  2.63255e-11
 2.39596e-41    0.0671765
 2.67469e-49  8.31162e-16
 8.05458e-13  8.35293e-63
 4.25737e-13   3.6057e-05
 7.00813e-08 4.64627e-129
 2.04762e-12  4.79668e-56
 3.32662e-08 7.32713e-114
 1.72272e-13  8.45559e-05
 1.73346e-17  4.59046e-64
 3.91838e-12  3.19598e-51
 7.17138e-18  4.67775e-70
 6.31475e-38    0.0851953
 1.50038e-77    0.0725311
    0.551665 3.17017e-137
 7.13688e-24  6.25283e-05
 5.04059e-15   1.2058e-21
 1.69441e-54  2.41838e-09
 8.81911e-64  2.46224e-11
 1.19424e-16   8.5532e-10
 4.37717e-31  3.83404e-07
 6.54805e-53    0.0108191
 1.70452e-05  5.14635e-38
 3.57386e-72  9.31264e-09
  0.00746939  7.79202e-36
   0.0131084  3.10917e-34
 8.43201e-58  1.89422e-10
 6.61103e-59  3.95885e-17
 0.000870771  3.87832e-30
 4.37828e-27  7.75165e-11
 1.01001e-54  1.02731e-08
   0.0255475  9.23007e-31
 3.42374e-60  7.60455e-11
 1.29462e-47     0.162998
   2.017e-06  1.62255e-38
 3.44129e-57     0.552594
    0.553155   9.0576e-29
  0.00185738  6.86465e-27
 5.57027e-43  9.49632e-12
 3.66796e-43  7.24304e-10
 1.50063e-75  2.80603e-12
 9.67225e-08  3.50112e-29
 8.30041e-07  2.36913e-45
 3.14314e-24  4.97727e-10
 9.86398e-38  1.41075e-12
  1.2097e-46  0.000112177
 9.44974e-46  4.65444e-08
 2.28918e-62   0.00661114
 1.78668e-43  1.95114e-05
 1.04019e-46   1.9995e-05
  0.00873287  4.35185e-30
 1.87447e-64  1.68936e-10
  0.00604044  4.40123e-24
 3.16763e-75  2.18723e-10
 2.59108e-48  4.98215e-11
  0.00285567  3.65403e-24
 3.88798e-20  8.20443e-66
 0.000669396  1.31263e-22
 1.56062e-09   3.3776e-49
 1.64506e-10  2.30706e-58
 5.53631e-10  1.27076e-54
 2.97197e-38    0.0687505
  6.7316e-66  9.57529e-08
 3.11279e-14  4.21148e-70
 1.21679e-12   8.4756e-14
 2.19677e-06  6.25756e-20
 4.33624e-37  4.28373e-12
 1.16571e-55     0.187999
 1.27573e-50  5.54572e-06
 2.18631e-14  1.12669e-77
 3.43261e-52  6.46219e-17
 4.11834e-14  3.79147e-31
 1.75612e-14  8.38352e-34
 2.54752e-08  6.52999e-25
 7.39526e-21  9.75648e-53
 1.21449e-59  2.23994e-07
 2.00153e-38  3.11721e-06
 1.59846e-08   1.3579e-24
 1.66645e-85  3.71268e-13
 6.44331e-16  4.27476e-38
 2.78072e-10  3.04983e-29
 1.60508e-21  1.12512e-59
 2.18048e-17  7.99437e-44
 4.91731e-06  1.73866e-27
 6.87267e-18  2.76473e-47
 8.69989e-55     0.551695
 1.80368e-20  1.69981e-53
 2.51919e-05   1.1267e-28
 1.79423e-07  2.10592e-32
 5.01897e-45     0.673177
 1.10713e-07  3.31874e-35
  0.00980512  1.54007e-31
 3.29342e-23  2.60614e-55
   0.0119381  1.40052e-34
 1.87963e-52  2.37664e-11
    0.562968   2.1259e-33
  6.9762e-75  1.44685e-14
 3.69398e-27  1.35669e-06
 1.30265e-70  0.000800537
 2.62226e-25  3.04085e-65
 7.62823e-09  9.76997e-44
 1.84913e-52  1.33672e-06
 8.60378e-25   2.6256e-65
 2.81117e-67  1.51408e-19
  5.0148e-34  3.57146e-89
 5.82184e-56  3.71074e-10
 3.07147e-68  4.30366e-06
 6.90956e-53  0.000140586
   0.0789264  6.04261e-37
 2.55592e-10  5.18494e-52
 2.14891e-10  1.58286e-52
 3.27832e-61  1.78101e-06
 4.49952e-66     0.551667
 1.14875e-41     0.034159
 1.56076e-10  3.82814e-56
 2.16819e-22  5.40446e-06
 1.52957e-45  2.60471e-16
 1.43748e-14   0.00170289
 7.92263e-14   3.8612e-66
 3.5455e-102  6.70436e-15
 6.96333e-59  0.000552733
 1.90543e-85  0.000355005
 1.36248e-57   0.00895479
 2.32325e-16  4.08264e-10
 9.59847e-32  0.000317901
 1.09027e-29 9.90805e-101
 1.15693e-41  2.24218e-12
 3.65008e-29  2.01499e-95
  3.5316e-64  1.35652e-11
  1.7734e-43  1.52311e-11
 2.02042e-12  1.81194e-69
 2.06047e-53  0.000266845
3.07318e-118  2.93013e-42
 2.60867e-41  0.000591898
4.16082e-110     0.999941
 8.37919e-13  2.97837e-72
     0.30898  5.38294e-50
    0.690903  2.13653e-50
 1.88058e-48     0.552647
 5.69931e-06  3.86571e-58
 1.23866e-05  1.08942e-57
  3.7508e-05  4.06054e-56
 2.53186e-16  1.13323e-34
 1.09289e-16   2.8119e-34
 2.16787e-11  2.65842e-68
 8.78349e-12  5.66418e-71
 6.55334e-39   0.00172718
 2.60843e-12  2.80827e-69
 1.13668e-46    0.0406023
 1.37102e-12  7.72486e-71
 4.28844e-17  9.49804e-63
 2.81533e-14  2.64694e-75
 4.42974e-70  2.19394e-15
 1.72536e-49  1.12096e-09
 5.60942e-54  9.98713e-10
 3.76888e-62  1.34746e-06
  1.9951e-17  3.77036e-63
 5.22693e-46 1.68661e-113
 4.27468e-16  1.54536e-72
 1.83192e-16   9.1714e-73
 8.72209e-45   0.00069616
 5.35855e-22  1.66458e-39
 1.57793e-39    0.0373734
 5.75501e-44  1.0124e-121
 6.62044e-22  5.74737e-39
 8.86128e-51  1.40575e-05
 6.50705e-58     0.690431
 4.28923e-32  2.05224e-10
 5.56841e-91  4.78069e-19
 2.24628e-54     0.152102
  2.6615e-21   2.9217e-81
 5.40142e-32  3.68288e-15
 4.06381e-64  1.99927e-09
 2.17933e-45     0.284332
 1.00237e-21    8.796e-80
  3.8774e-41 1.97107e-109
 5.87353e-27  1.80139e-68
 1.45503e-20  6.61883e-53
 1.17509e-20  3.45151e-55
 9.02487e-29  5.10432e-72
 5.16021e-14  5.26626e-46
 4.13898e-61  8.01346e-12
  1.9316e-26  8.16974e-23
  9.0019e-46  5.24913e-06
 1.16765e-37  1.04018e-86
 1.61049e-38  1.75264e-87
  1.5567e-37  1.13114e-96
 3.63626e-37 3.90066e-105
  1.0865e-18   0.00632504
  1.8918e-10  3.14645e-50
 1.49462e-36  3.03713e-96
 5.72806e-84    0.0023787
 4.62329e-83   0.00170194
 4.93865e-10  7.20901e-52
 2.00979e-49   9.3905e-13
 2.23383e-11  8.36229e-48
 3.27826e-55     0.308364
  2.9489e-31 2.05355e-103
 2.39942e-18     0.211875
 0.000101117  2.96532e-49
  4.7074e-12  1.46184e-46
 0.000231556  3.69457e-50
 7.12092e-57   7.6822e-11
  6.3665e-31 2.89703e-103
 2.51471e-16  1.56849e-68
 1.12242e-08  2.74364e-45
 1.21169e-46  1.48529e-08
 5.18016e-21  5.66157e-05
 5.32805e-39  2.74981e-14
 1.91191e-62  0.000275806
 7.20948e-46  4.22242e-05
 1.87913e-16  2.57796e-76
 1.07126e-36  2.27493e-20
 4.79394e-81  4.13948e-09
 9.39481e-24  2.73651e-29
 6.06833e-53  0.000211064
   0.0180385  7.88702e-53
 1.14254e-60  1.45453e-16
 3.30709e-12  7.71867e-42
 4.05208e-09   1.0726e-44
 1.62576e-34  6.22781e-05
 2.02391e-55  4.85465e-06
 1.05263e-09  3.87932e-44
 3.37812e-72     0.684056
    0.554934  7.23076e-55
 2.54733e-31  1.02396e-12
  0.00329741  3.51914e-62
 2.77704e-27  1.09167e-26
 9.94338e-38  2.91509e-10
   0.0100189  3.07323e-60
   0.0412159  1.07636e-58
 2.01795e-27  2.01598e-09
 4.33323e-45  1.69759e-18
   0.0176805  8.66105e-59
  0.00288487  3.69956e-59
 2.24499e-05  3.98052e-55
 2.14065e-14  0.000970357
 2.08131e-37  1.56845e-07
 0.000980113  2.10089e-58
 2.11717e-28  4.53597e-10
 5.18664e-18  3.87729e-20
 4.99003e-06  1.98793e-20
 1.75303e-38     0.308588
 3.13775e-41  0.000350978
 8.66196e-05  6.73892e-54
  0.00342945  2.64635e-59
 0.000184569  1.73196e-53
  0.00456112  4.96132e-55
 4.99101e-45    0.0593587
 3.20788e-18  1.17363e-36
 6.90333e-55  1.73271e-08
    0.202593  1.97877e-53
    0.618124  8.69978e-55
 1.30605e-10  8.59366e-67
   1.378e-17  5.05037e-37
  0.00221499  1.73851e-51
   1.895e-25  7.02414e-16
  0.00166724  1.42299e-51
  3.1056e-08  4.08216e-60
 2.84309e-15   1.7614e-39
  9.5443e-68   5.8592e-08
 9.05781e-29     0.690006
 4.94737e-57    0.0335347
 7.63268e-08  2.58639e-57
 3.34177e-68  1.38974e-06
 2.97324e-57  1.53019e-11
 1.81808e-30     0.561883
 1.32646e-61  1.96148e-12
 1.85705e-63  2.43121e-07
 1.75152e-11  3.87731e-43
 4.42383e-43   6.2794e-09
 6.64023e-12  9.01519e-43
 3.11691e-27  4.78696e-16
 8.94464e-13   9.7497e-45
 3.43582e-13   7.8709e-45
 1.16853e-31  3.03639e-21
 9.09047e-23  1.22912e-48
 4.52335e-20  3.43808e-46
 9.58335e-42  3.90143e-08
 4.80474e-18  4.48484e-48
 1.87561e-16  1.05489e-49
 2.77166e-18  2.22366e-48
 6.64638e-14  9.51841e-53
 6.32056e-14  2.23168e-52
 2.21026e-64  6.75898e-06
 1.93777e-73     0.551718
 1.59065e-81   0.00318318
  2.6434e-37  5.53664e-13
 2.07686e-63  3.28917e-16
 8.89743e-08   0.00234485
 1.94728e-51  4.15342e-20
 5.38742e-12  7.84896e-54
 1.63899e-11  1.43711e-56
 5.12863e-49  2.78491e-16
 1.73752e-18  8.35938e-52
 6.55636e-78     0.272514
 2.65181e-10  2.51643e-59
 5.79786e-39  1.41971e-05
 6.42403e-10  3.42982e-63
 2.73114e-20  3.52526e-48
  1.2944e-47  1.06267e-07
 6.49238e-68  1.59448e-06
 5.05369e-09  8.54301e-70
 1.38183e-42     0.205267
 1.28195e-46   3.2105e-15
 7.41088e-19  2.70217e-47
 5.73914e-64  3.45291e-06
 8.98227e-25  1.29083e-08
 9.57426e-26  9.35589e-17
 8.75201e-53  4.66457e-20
 5.68717e-67  6.26131e-10
 1.13796e-77    0.0055019
 5.13666e-40     0.164355
 1.79285e-18  1.72748e-47
 6.97716e-49  1.71261e-17
 5.76708e-27  3.56276e-10
 1.84697e-43  1.21276e-07
 2.07005e-70  6.89408e-05
 8.09261e-50  2.09498e-09
 3.66371e-06  3.20993e-61
 4.45012e-56  5.87596e-17
 9.32265e-73  1.72155e-05
    0.242302  4.48201e-88
 2.82319e-22  1.03112e-43
    0.656141  3.88496e-79
 1.09295e-05  5.33678e-63
     1.01061  1.12209e-70
     1.00407  4.30282e-67
 7.64582e-80  1.86838e-10
 1.48284e-43    0.0389926
 7.10826e-07  1.92913e-85
 8.11408e-47  5.51475e-07
 3.92376e-69  5.38428e-20
 3.71317e-05  3.22324e-56
 1.21599e-06   2.4365e-79
 8.43321e-11  1.45886e-45
 1.63049e-20  7.33315e-21
 2.36009e-14  0.000647777
 1.53318e-11  1.60821e-43
 1.19266e-11  3.63348e-42
 3.22652e-10  3.36434e-45
 4.80725e-14  7.43712e-30
 9.33161e-10   1.3239e-46
 1.02157e-13  3.63815e-28
 6.12218e-15  1.33419e-26
 4.13425e-73  1.20169e-08
 1.43814e-70  1.28541e-05
 1.19886e-31  0.000136238
 7.78123e-08  9.33606e-34
 1.32886e-08  7.57367e-46
 5.92417e-13  1.58481e-28
 4.79796e-15  4.19194e-87
 1.07061e-76  9.21703e-14
  1.4253e-90  0.000112074
 1.56687e-06  8.24874e-42
 4.27023e-38     0.128908
 3.93149e-23   0.00195343
 3.22297e-65  7.77774e-08
 1.19258e-41  3.91775e-11
 2.00233e-06  7.41072e-41
 2.14087e-21  7.44173e-06
 2.91756e-50     0.237889
  1.3006e-05   3.2497e-48
 7.65118e-26  1.85429e-08
  0.00256349  3.15298e-56
 1.48766e-31  1.23102e-06
 6.42222e-63  9.83637e-10
 1.61143e-06  2.69406e-36
 1.32541e-44   0.00244755
  1.1472e-06  2.29873e-67
 1.15491e-35  5.28071e-16
  0.00599438  6.79507e-60
 4.08215e-38  2.33964e-12
 5.17515e-10  3.58253e-46
 0.000136427  1.29066e-44
  0.00194002   3.0577e-53
 5.10444e-87  6.80817e-08
    0.552111   1.3355e-65
 4.52874e-06  1.79192e-53
 8.96874e-81   3.7168e-19
 2.13365e-06  1.94568e-55
 1.40373e-31    0.0837038
 6.02116e-20  0.000379833
 1.96386e-08  2.96978e-84
 7.04929e-46  2.83516e-09
 8.85245e-09  1.65188e-88
   0.0146168  6.87123e-72