 5.20228e-08  1.09429e-68
 2.13012e-39  3.48726e-19
 1.25371e-07  2.76395e-67
   0.0573269  4.76659e-51
  1.2557e-08  3.50182e-74
 1.44536e-06  1.25284e-41
    0.038983  5.01913e-59
 4.84095e-52  1.82541e-10
   0.0790778  9.93408e-58
   0.0530432  3.35661e-58
    0.707496  4.07787e-52
2.67075e-102  3.89561e-28
 4.62937e-07  1.07607e-38
1.71708e-113  1.54379e-13
 1.71711e-43  1.90278e-07
 1.11883e-59    0.0702484
    0.783703   2.3934e-54
    0.323601   1.9186e-54
3.63314e-107    0.0112329
 2.03991e-07  1.73944e-38
    0.638986  1.65958e-54
 9.87543e-45  5.31069e-05
 0.000170998  1.27516e-92
 7.87436e-06  6.51246e-75
 8.28127e-53  1.28026e-11
 2.70104e-59  1.48754e-17
 3.52043e-43  9.73628e-05
   0.0395917  1.18243e-49
   0.0742568  4.02899e-51
  0.00248344  5.81253e-59
  3.1586e-84  1.40475e-24
 1.37808e-09  2.65972e-39
  0.00451797  4.06128e-56
  0.00150279  5.25414e-65
 2.27141e-29   8.3295e-06
 3.22178e-78   3.2891e-09
 1.05257e-77  8.40365e-14
 1.69086e-17     0.681399
   0.0159939  3.51383e-48
2.92921e-100  2.41838e-13
 0.000581703  1.52217e-42
  0.00253228  1.54173e-65
 4.04223e-68  1.51816e-05
 7.77252e-76   0.00459255
    0.295508     0.703026
 2.3447e-122  1.81036e-09
4.45071e-159   1.4815e-36
   0.0363634  6.59444e-53
 5.57408e-67   3.4763e-07
 9.45412e-25  7.13391e-45
  0.00797689   1.1494e-63
 9.75808e-51  2.55217e-06
 1.74436e-22  1.45359e-18
    0.100748   4.2549e-56
 0.000205479  1.12772e-37
 1.76309e-06  3.33179e-35
 3.58401e-92  1.28215e-06
1.00927e-104      0.15387
 3.42141e-63  0.000794206
 5.67259e-54  5.56042e-31
   0.0648274  2.60883e-85
 4.3575e-137  6.73315e-22
 3.80339e-06  6.00439e-38
  1.3471e-06  1.26141e-38
 6.82876e-53   3.3252e-08
3.45073e-126  0.000292095
 1.45209e-93     0.676491
1.29946e-144     0.289153
3.01715e-119     0.294316
2.71297e-102  0.000927186
1.49649e-102  2.37641e-11
 1.47041e-48  4.55042e-20
    0.569402  1.60341e-54
    0.619606   6.0936e-97
   0.0146569    1.81e-111
 1.58121e-22     0.699755
 4.55149e-05   9.3869e-33
 1.47539e-50  2.04348e-08
 5.04593e-81  3.72363e-07
 1.38869e-05  1.44928e-32
2.55201e-128  3.78307e-05
 1.66106e-44    0.0394446
 4.43012e-89    0.0224691
 1.35723e-80  1.57781e-08
 2.83037e-65  2.99964e-07
    0.190765 2.23121e-100
 0.000282903  7.62903e-35
1.55721e-133  1.14874e-06
 9.08785e-06  6.54857e-32
 5.69735e-42  0.000188709
   2.752e-22  2.50497e-14
   0.0851142  9.3468e-101
   0.0183614 5.24275e-113
 3.10022e-05   2.9224e-57
 1.12917e-59  1.75234e-13
 1.89908e-05  2.47935e-56
 1.45807e-08   7.4802e-75
    0.557277  5.44204e-37
  0.00440491  1.55231e-33
  1.9431e-20  5.01927e-16
   5.004e-19 7.20614e-150
 6.44929e-66  9.27877e-15
   0.0309819  2.60216e-45
 2.14874e-07  1.48276e-72
 5.59768e-57  4.29334e-09
 3.77495e-80  1.02482e-05
   0.0537529  1.99688e-40
 6.79126e-14  2.01672e-39
4.77751e-120   6.1851e-12
 1.76307e-83  1.12372e-09
 2.07188e-62  3.73911e-09
 7.27586e-15  8.83583e-17
  2.6476e-38    0.0867667
   0.0132859  3.72054e-49
1.94576e-118  4.37286e-12
 1.85066e-62  0.000384376
  0.00656506    6.382e-39
  0.00035639  3.14337e-59
  0.00735833  5.18087e-45
 6.42131e-08  3.44098e-28
1.99702e-111  1.51674e-07
2.17111e-102  2.09065e-16
 1.66127e-98   0.00036573
  0.00266737  1.44245e-43
  1.8621e-08  9.76336e-23
    0.297043 6.68005e-107
    0.702963  1.37684e-99
 0.000241401  9.97538e-57
 2.03756e-57  1.04805e-12
   0.0233073     4.51e-74
 1.40872e-97  2.63249e-08
  0.00585164  1.94303e-70
   0.0596081  1.24858e-80
 1.63025e-75  1.98748e-09
 9.07759e-18  8.12265e-26
 1.58028e-12   2.7436e-40
 1.63281e-14  1.37359e-40
 3.22199e-14  2.05681e-43
 8.20213e-08  4.74775e-58
 3.80581e-85     0.593543
    0.177464  1.95778e-95
    0.613002  1.57798e-87
 1.21648e-27  2.50384e-28
 3.53956e-11  7.05739e-60
 2.27116e-67  7.64571e-36
  7.7366e-68  8.88418e-05
2.07498e-105   2.4498e-16
  1.6736e-05  1.14557e-78
  6.1688e-50    0.0123379
 1.07087e-85    0.0299678
 5.41343e-46  1.25003e-11
  7.9513e-21     0.213425
 1.67971e-19  1.0772e-163
 3.28413e-06  7.37433e-80
 1.89729e-37  3.39203e-21
 2.50056e-06  2.25016e-81
 4.09035e-43  8.63615e-18
 7.87471e-06  1.28506e-84
 8.79133e-09  1.52094e-63
  0.00240527 1.04273e-118
 4.33411e-09  4.16562e-62
 4.05749e-48  2.57963e-15
   0.0114058 1.99682e-104
 1.26805e-38  1.88477e-38
 8.02963e-52  7.70926e-14
 4.55952e-27  3.98879e-05
 7.23873e-07   3.1885e-78
 3.75388e-09  4.03886e-67
 4.35491e-74    0.0621143
5.42274e-107  1.50694e-06
 4.65055e-47  4.10589e-05
 3.12138e-06   3.5767e-77
3.64314e-121  7.87302e-07
5.83497e-116  2.39466e-40
 3.54627e-05 2.23182e-105
  2.2198e-48  4.49143e-11
 1.17352e-05 3.80649e-106
 0.000148607 2.97666e-100
 6.99917e-50  2.92124e-25
  3.3535e-98      0.55171
1.74213e-104  1.69777e-23
 7.14613e-06  6.06507e-84
 2.05408e-69  6.80886e-20
 1.13506e-31  0.000186907
 0.000398557 1.56556e-103
  0.00245714  1.21164e-98
 2.13277e-65     0.647535
 0.000180418 2.47661e-109
3.45324e-100      0.69804
  0.00108172 1.69298e-101
 9.19215e-07 7.84062e-126
   0.0284586  2.39569e-85
2.80352e-118  9.20553e-31
 0.000583559 4.81513e-100
 2.09936e-96     0.223487
  0.00077128  4.05973e-97
     0.55608  1.26636e-72
 2.34309e-20  2.49653e-27
 2.22819e-92  1.97477e-21
   0.0116892   8.3688e-61
   0.0422641  4.02818e-63
   0.0152604  5.59217e-59
  0.00048286  3.40223e-50
 1.24276e-10 1.82725e-144
  4.8096e-38  1.17126e-09
 2.86339e-10 3.16383e-119
1.40099e-106  2.78511e-21
 2.42681e-78     0.702955
  7.4514e-83  1.53883e-15
 2.37106e-14 1.27367e-166
 2.75386e-69   0.00184264
5.91265e-115  3.93698e-07
 4.18885e-79  1.08546e-05
 1.48034e-10  9.24237e-96
 7.16537e-07  8.68116e-68
 2.80727e-70     0.297045
 7.13402e-66   0.00395278
 1.71581e-06  2.22031e-57
 2.33092e-52  8.65746e-11
3.39501e-157    0.0383373
2.93178e-100  3.77376e-12
 8.54237e-08  2.36535e-45
 3.07794e-59  0.000267259
  1.6996e-94  0.000689813
 4.04556e-10  6.82424e-92
  2.0197e-06   7.1875e-61
 2.73151e-10  3.90409e-41
 5.89217e-44  0.000290344
2.74465e-182  0.000347669
 5.45999e-98  7.42167e-05
 5.72293e-06    8.028e-57
 1.81745e-05  1.30202e-49
 1.85125e-76      0.10532
  3.3004e-51    0.0552025
 1.82911e-44  0.000910741
 2.69954e-05  1.45805e-72
1.63342e-115  1.37707e-08
 0.000163218  8.07805e-66
  9.5979e-59  7.42779e-21
 8.14075e-58  7.71094e-41
  2.0343e-05  3.00193e-77
 0.000138301   1.7908e-58
 3.86799e-52     0.289331
 3.75163e-64  2.05552e-09
6.47588e-110   3.2352e-09
 8.61409e-65   0.00998908
 4.43676e-38  3.68062e-30
   0.0010102  1.61264e-62
 1.48117e-40  8.08319e-07
  0.00221696  9.45884e-66
 1.39183e-47  6.03092e-11
  1.6596e-65  0.000972946
 2.92804e-05  1.60116e-84
 1.60835e-76  5.92918e-06
   0.0037808 3.81887e-135
 4.86238e-06 1.13901e-166
 1.02613e-12   2.3747e-62
 5.78175e-06 3.83717e-171
 4.79694e-14  1.95231e-63
    0.554248  4.39249e-77
  4.0914e-05 2.34301e-181
   0.0634494  3.42298e-90
    0.700269 1.29008e-124
 1.00557e-10  2.34429e-32
    0.294541 2.74854e-120
 8.13165e-89  4.30343e-17
1.96504e-138  9.33569e-15
 3.19398e-66  1.21416e-07
    0.193103  9.77224e-96
  7.0061e-17  3.79205e-62
3.06948e-198  3.78012e-42
   0.0227626 1.26703e-107
 9.27905e-14  1.12399e-63
    0.649127  6.22326e-96
 1.09685e-89   2.9348e-14
8.18048e-200   0.00873037
 1.06937e-25  4.10344e-14
 8.70286e-82  1.10586e-22
 1.64502e-32    0.0343059
 1.12576e-74   0.00319999
 3.49552e-83  2.44245e-06
 1.11255e-54  0.000139826
   0.0106591  4.85224e-87
  0.00124468   1.9179e-77
2.75881e-126  1.86277e-12
    0.145251  7.59895e-97
 2.15163e-82     0.103133
    0.296229 2.43509e-176
1.34761e-105  8.06272e-16
 7.63708e-84  2.37598e-05
   0.0373043 1.25366e-102
 1.90745e-62  6.96389e-06
 1.26304e-55     0.557298
 6.17861e-89  2.03274e-06
  0.00373238  8.77886e-87
  0.00785365   1.3614e-94
  0.00779334 6.56841e-100
2.58421e-104  3.39553e-05
 2.07175e-51   0.00727187
 3.82609e-85  5.92774e-10
1.59021e-260  6.89711e-13
   0.0697327 4.13832e-121
  0.00336641  2.41514e-94
 2.11993e-78  4.24083e-13
 1.92382e-10   1.5926e-67
 9.33643e-92  7.99366e-05
    0.702166 1.87768e-155
 1.64792e-92   1.3203e-07
 2.87541e-65  0.000894032
 4.33706e-10  1.52445e-65
    0.641528 1.18305e-107
 5.63802e-16   4.4672e-39
 8.53578e-19  2.10207e-58
  1.0717e-17  4.84794e-59
    0.133099 3.22434e-112
1.35006e-189  1.92362e-05
2.32835e-104  8.27016e-08
5.56332e-124  2.28747e-06
    0.212852 1.56545e-101
2.11613e-139   0.00042519
 9.54547e-10   1.7066e-64
 2.40733e-06  2.50127e-82
6.43849e-105  3.62552e-06
 3.81002e-60     0.609941
 1.85616e-73  3.28097e-07
 8.87923e-08  1.11923e-68
 5.52102e-07  6.80714e-73
 3.85573e-35  2.00769e-19
 1.70513e-16  1.13025e-48
 1.85041e-12   2.4768e-56
 7.57204e-28  5.54578e-31
 1.34043e-30  2.84507e-26
 8.91671e-76  1.48447e-09
 1.84484e-23 4.16554e-212
 2.96805e-06 2.45041e-111
 1.91496e-82  1.64081e-09
 9.20076e-42   0.00250386
 1.19971e-08  3.06907e-63
 1.60614e-06 4.40161e-104
1.55494e-103  1.78447e-05
 2.26632e-10  9.82942e-61
 3.40762e-93  8.03639e-11
 3.30882e-26  8.98241e-43
 9.57432e-97  7.31249e-07
 6.6529e-130    0.0212445
9.26195e-106  1.44541e-20
3.94124e-135  1.36534e-11
 1.48215e-11   8.3107e-76
 1.74124e-07   5.2116e-93
3.91505e-199     0.999886
 1.71409e-08  2.33578e-84
 1.17212e-14   4.5446e-48
 9.33351e-71  7.59304e-11
 1.41876e-60  2.12246e-13
 3.18459e-16 4.31682e-161
 1.59989e-23  1.32974e-39
 6.43051e-09  1.6956e-101
 1.31247e-75      0.68911
 3.05483e-11 1.31889e-127
  1.7528e-20  3.39394e-40
 7.46843e-20  1.68024e-61
 2.67309e-29    1.933e-34
 9.22296e-21  6.85015e-55
4.10569e-157  4.30072e-17
 1.01796e-49  1.55999e-25
 2.62272e-97  8.58877e-16
 2.87411e-37   3.4376e-28
  1.3012e-29  8.89721e-37
6.47493e-163   0.00683967
   0.0145405    0.0282588
 8.5361e-196  1.31668e-15
 1.20048e-36  3.29241e-29
 1.95465e-22  5.48685e-70
 4.56088e-40  2.56446e-09
 1.05085e-42  2.29157e-23
3.07786e-177  3.94341e-15
9.71169e-140  9.79592e-15
 2.30853e-42  2.64539e-23
 4.12486e-19  1.03322e-67
 2.48139e-58  7.97529e-08
 6.47991e-23  3.89299e-53
  3.7655e-18  2.71623e-77
 4.00486e-44      0.56136
 1.15736e-79  3.17993e-13
 7.28443e-75  2.84141e-09
 1.68802e-27  5.83284e-40
3.90532e-133  2.65807e-08
 1.29509e-23  4.61715e-43
 1.48598e-55  0.000589261
  1.9406e-73  1.13771e-15
 5.69108e-16  9.56004e-71
 4.98419e-97  1.75782e-05
 1.59025e-88  1.21193e-10
 6.62059e-82  5.50553e-10
   5.732e-22  4.30426e-47
 1.99834e-25  2.02424e-07
 4.63426e-43  3.21695e-14
 2.77554e-19  1.73953e-53
  8.4883e-16  1.72244e-95
2.25814e-102  8.97996e-07
1.08894e-106     0.684495
 7.72891e-63  8.13649e-22
 4.16789e-13  6.59155e-67
2.90465e-103  2.68567e-20
 4.29868e-38      0.21775
3.75973e-243  1.49572e-14
 9.17798e-16  1.23521e-58
 3.87327e-87  3.32132e-05
1.87703e-112   2.3404e-13
 1.73858e-18  6.41635e-46
 2.44706e-10  1.14698e-72
 1.26641e-72     0.621281
1.58253e-128  1.34541e-17
 3.88842e-16  6.94755e-47
 7.43418e-10   3.1792e-67
 9.29735e-14  1.82279e-53
4.78906e-171   0.00189291
 3.41621e-40  6.27378e-09
1.42932e-130  8.43294e-05
 1.87773e-12  2.72136e-88
2.96338e-165  1.16527e-31
 1.67051e-14   0.00271977
 4.17811e-08  3.79307e-72
5.37489e-124     0.664256
 9.20119e-13  1.72216e-53
  4.7644e-13  5.52989e-51
 5.11762e-81  2.63193e-08
 9.40564e-09 6.08345e-113
 3.94308e-13  3.24446e-47
1.72102e-113      0.70012
 8.53788e-53  3.26062e-22
 1.78365e-13  2.49004e-47
  2.1049e-07 1.13267e-118
 0.000199792  1.60097e-74
 7.14214e-96     0.551881
 1.08474e-59  2.89479e-08
  2.9094e-12  4.23271e-06
 6.66524e-79  8.34429e-06
 0.000483039  5.08818e-69
 1.76864e-82  1.68903e-07
 6.59395e-98     0.291951
4.38937e-107  0.000141896
 3.02906e-07  6.43815e-56
 1.79969e-90     0.618189
 1.41383e-06 6.35285e-117
 1.25061e-52  3.52505e-07
 1.83466e-14  0.000101258
 1.10162e-06  7.92256e-57
 1.90058e-08  6.97037e-52
   0.0109919  3.14514e-75
 6.59507e-05   4.0816e-63
   0.0291832  2.59897e-78
  0.00104568 9.36695e-112
   0.0268869  1.04064e-76
   0.0324151  3.51564e-97
    0.584015  1.32563e-84
 6.86276e-65    0.0354868
 2.02578e-05  1.51416e-67
  0.00199545 2.07457e-113
 3.73289e-49  8.50466e-17
 2.36293e-47  3.69111e-12
 4.89586e-07 9.76902e-147
 3.44362e-42  1.56802e-27
    0.129466  6.12197e-83
 0.000364931 3.22289e-125
    0.551665  1.16611e-58
    0.169477   1.3709e-78
    0.129211  1.98849e-82
 8.27979e-59     0.203246
 2.42665e-74  4.22767e-16
    0.639919  8.94258e-81
 0.000178725 3.67579e-131
    0.151142  3.54707e-85
 1.20403e-75  3.95386e-08
 1.12758e-59   1.9161e-06
 1.38923e-83  2.35798e-07
 8.70087e-89  2.97039e-07
6.87819e-100   0.00566255
  0.00141341  4.54938e-99
 3.90836e-76  1.63323e-05
 1.22847e-55  2.65052e-05
 8.6604e-135  3.48527e-25
 1.58917e-36  1.15339e-17
 1.29104e-98  1.52503e-30
   0.0010933  8.22164e-86
3.05142e-109   0.00521371
 0.000557831  9.51774e-87
 7.82516e-97  6.34109e-21
  0.00557638  2.38606e-92
1.17882e-133  5.06104e-13
 6.07538e-19  4.7744e-185
 2.28466e-09 4.12781e-151
 2.90581e-05  2.63438e-88
 4.51617e-35  1.16039e-11
1.01432e-104  2.85532e-22
 3.96833e-05  5.15794e-90
1.84934e-168    0.0620484
 3.00466e-17 1.52244e-170
 1.20846e-41  3.33002e-14
  1.0946e-05  1.93195e-91
8.07033e-133    8.105e-14
 1.81467e-13 2.72038e-136
 2.44912e-96  0.000771553
 6.44244e-82  2.40151e-16
1.07225e-167     0.285168
 3.25778e-08  3.11882e-98
 2.27935e-08   3.7745e-99
 1.28738e-21  5.95612e-18
 2.97979e-11  2.9477e-133
 1.88757e-41  9.24526e-06
 1.11514e-20  4.03898e-65
 5.66484e-58  9.36485e-10
 2.07037e-15 4.93469e-156
 7.46306e-10  7.26644e-88
 5.03278e-08 1.24392e-123
 2.28634e-62     0.558548
 9.23688e-98  1.37617e-17
  3.9726e-59   0.00348736
 3.17807e-21  8.76478e-65
 8.15279e-20  3.71886e-78
 5.17644e-18  2.08324e-78
 5.26844e-05 2.32911e-114
 2.66395e-70    0.0436531
 6.65884e-45  3.11546e-15
 2.4523e-101   0.00279399
 1.17497e-72  3.64383e-14
5.53685e-105  4.73216e-14
 3.95897e-06  1.21921e-94
  5.1233e-78  5.96678e-06
 2.78545e-16  1.82484e-71
  0.00125413 3.31559e-116
 9.63946e-16  4.42338e-72
 1.28708e-05  7.91803e-94
 2.80737e-60  5.69202e-18
3.56094e-114  0.000152678
 4.49003e-43  6.02255e-05
 2.84363e-69  4.44576e-21
  0.00448773 7.15124e-115
 4.31131e-51  7.26289e-11
 4.47002e-15  2.05461e-72
 2.00243e-05  3.04736e-87
 7.87826e-55  8.42732e-27
   0.0192614 5.32171e-116
 0.000957559  2.55697e-98
 0.000413682  4.28084e-95
    0.167808 2.69675e-114
   0.0923817 1.73241e-108
 5.02809e-05  1.31295e-84
    0.603016 4.79849e-119
 1.43443e-38  4.42406e-45
1.13019e-124     0.702911
 2.02198e-74   0.00185006
 4.44024e-05  1.16762e-86
   0.0119933  1.0752e-111
   0.0130003 1.88197e-115
 1.78087e-42    0.0326153
    0.937305  2.68376e-99
5.89066e-105  1.25595e-05
   0.0218249 1.00095e-129
 3.19541e-61  2.68661e-05
   0.0102054  4.3706e-110
  0.00786902  3.5618e-112
      0.9379 3.22972e-101
1.09398e-100  1.32288e-21
  0.00845124 4.46896e-142
 8.00885e-07 7.03034e-168
1.89685e-166   0.00374061
1.44539e-210  5.58785e-36
4.88106e-130  6.49311e-10
 8.37459e-05 2.27007e-113
 5.92333e-32  7.61187e-08
 5.33014e-70    0.0665238
 3.24382e-05  4.5527e-116
1.10821e-136  2.62498e-35
1.48623e-102  3.38102e-06
6.70057e-172  9.20645e-24
 0.000245398   1.9405e-79
8.61168e-104  6.97549e-10
 3.63397e-48  2.45987e-09
   0.0273152  3.49328e-87
 9.88489e-07 1.21012e-187
 1.09657e-61   1.7131e-05
1.79291e-163     0.702909
 1.02022e-26  1.14484e-16
 3.72249e-07 7.53235e-113
 8.23714e-08 8.92413e-110
1.19233e-124     0.297045
 1.04668e-20 1.04715e-224
 5.18098e-08 8.00948e-103
  0.00110574  2.64172e-65
 5.95126e-08 2.14616e-105
 7.67602e-28  1.53597e-17
     0.70295 1.18243e-141
    0.297041 2.51621e-147
 6.65152e-06 6.81402e-115
 7.10317e-05 6.10955e-166
 8.97294e-78  7.99671e-17
 1.3347e-135  1.91953e-09
 1.33459e-33   0.00793634
    0.296982   2.9463e-65
 4.43928e-67  0.000432841
 2.11633e-06 1.40506e-114
 1.31408e-05  4.35464e-61
 5.72433e-07 7.13096e-114
   3.593e-88   0.00502647
    0.702893  1.23353e-72
 6.17845e-72  2.07969e-40
 1.4948e-102   0.00213347
6.51439e-121  5.11252e-15
 1.28781e-08 8.13319e-105
 5.71583e-32  5.70625e-23
1.88268e-129    0.0252923
2.54936e-105  3.53144e-20
  2.1226e-23   0.00381349
5.53228e-171  3.23399e-15
 2.03839e-80     0.201023
  3.9729e-09 7.11797e-104
8.92377e-121  2.18839e-13
 3.05869e-09 6.26181e-151
 6.87909e-06  1.44594e-65
 3.80264e-06  6.36075e-65
 7.89785e-10 8.89615e-157
 8.78938e-11 1.31789e-139
 4.04745e-11 3.10545e-135
 1.28149e-14 7.92771e-102
 9.11708e-11 9.63384e-154
 4.73159e-40  0.000517999
3.05032e-111  5.26946e-18
 4.90849e-67  4.95696e-20
 2.06331e-40  1.12326e-06
  2.6496e-14 1.34327e-111
7.92747e-176    0.0830613
 1.75248e-12 1.33297e-157
 2.25068e-15  4.57763e-94
1.01731e-173  3.39018e-20
 1.01242e-18 6.50876e-166
 4.35092e-18  5.84588e-78
 8.67229e-25  2.46662e-71
 2.66345e-16 8.21594e-137
 4.76859e-41  5.94158e-07
 1.08299e-70  5.15978e-12
 6.95507e-25  2.83008e-71
 5.29731e-71     0.169845
 6.51243e-20 8.63621e-104
7.53347e-111  3.97232e-17
 2.01603e-27  3.84839e-69
 5.08659e-23  8.92279e-82
4.89639e-129  2.13225e-05
   9.255e-23  8.23159e-96
 3.21219e-22  6.2152e-126
 2.42084e-21 2.39834e-115
 7.40024e-25  5.33319e-05
 6.05257e-21 6.57369e-110
6.15698e-108  7.35231e-06
 2.59649e-20 7.83452e-137
 1.6985e-122  0.000861623
 5.25211e-29   2.1408e-83
 5.91794e-18 1.33462e-107
   9.659e-72  2.58257e-18
 1.60391e-18 1.51917e-142
  3.5922e-45  2.21844e-13
8.48789e-100  1.33062e-06
 1.97899e-52  9.61716e-09
 1.54482e-15 9.76281e-127
 1.07713e-78  6.13632e-11
 3.12589e-55   2.7532e-18
 2.50643e-14 8.35577e-125
 1.98561e-55  5.74277e-21
 5.10181e-13  1.6547e-117
 3.09766e-57  0.000183441
 3.41992e-69    0.0252072
 7.81882e-12  2.3405e-118
  4.4479e-30    1.915e-64
 1.52214e-39  6.98651e-07
7.98896e-120  1.53152e-20
  6.3011e-10 1.31036e-136
 9.17162e-11 6.20071e-102
 1.19079e-36  1.19372e-20
 3.46254e-69    0.0134058
 1.11474e-09 1.74841e-114
 3.48134e-09 1.19999e-129
 9.84961e-09 3.61284e-112
 5.39484e-37  6.40689e-46
 3.19657e-08 1.72448e-109
 3.62027e-93  1.96326e-05
 2.39906e-36  7.83392e-41
 1.64202e-07 3.22436e-116
 2.16039e-95   0.00203491
 2.13682e-71   0.00221587
 2.69221e-33  6.12286e-29
 7.28128e-06 9.37993e-119
 2.60568e-57  2.63649e-05
 1.20636e-15  6.25282e-64
  2.4556e-80  8.36632e-20
 5.02182e-33  5.39668e-36
 3.96612e-75  1.78962e-05
9.39488e-101  0.000443231
 7.30845e-06 1.86121e-126
 2.95009e-06  3.7462e-111
4.40005e-136  1.35515e-18
  1.8449e-05     0.568984
 2.34094e-08  5.01451e-88
 1.18105e-08  5.98454e-84
 7.87187e-08  7.81175e-99
 1.07914e-69  2.00691e-08
1.73108e-120  5.69642e-28
  5.5044e-56     0.616422
2.99908e-126  1.55169e-07
 3.45431e-80  9.47156e-07
    0.631768 3.48046e-106
    0.212854 3.39498e-108
   0.0495739  5.42916e-95
   0.0787432 2.08703e-108
   0.0217929  4.21148e-87
4.04014e-107  8.10117e-10
 1.91402e-61    0.0011364
 7.17665e-90  5.21825e-08
     0.69867  1.31247e-75
2.56502e-178  7.16762e-30
 1.15211e-80  2.92591e-10
5.35613e-119  1.00911e-15
 3.50037e-47    0.0637015
  0.00180251  1.17496e-73
    0.292617  3.16007e-79
2.29998e-105    0.0084906
 1.25569e-64    0.0169058
 2.25044e-13   2.5212e-46
    0.701654 3.56019e-101
  0.00812658  9.57681e-77
 2.00196e-46  6.94063e-14
 2.39966e-97  1.22768e-14
 2.96564e-42     0.634092
   9.635e-42   4.5287e-14
 4.03169e-98    0.0032345
 1.04572e-59  9.01531e-06
    0.295772 6.52579e-102
 6.39623e-05     0.716755
    0.014048  6.24043e-95
1.51501e-103   1.6385e-06
  0.00146965  2.27625e-77
 1.16611e-58     0.560402
 3.85999e-05  1.10735e-64
 1.88161e-80   0.00442961
 0.000819254  3.84115e-83
3.31348e-133  2.38764e-11
 3.20142e-20  1.91402e-43
 4.08034e-05  3.30452e-95
 2.35598e-07  5.29141e-75
1.21628e-104  3.74638e-05
1.84186e-150  3.76739e-18
3.71965e-111   0.00787486
 3.42755e-09  2.16167e-53
 1.93193e-10  4.40552e-47
 1.87709e-07  6.30996e-78
 2.45558e-07  1.80937e-87
 7.45856e-13  1.04142e-53
 2.83294e-41  5.05699e-30
 2.70674e-67  1.75708e-09
 8.09217e-11  3.65734e-65
1.36585e-242 6.09799e-112
 2.70269e-22  1.31048e-38
 7.34654e-58     0.030676
 4.64851e-21        0.274
 1.26593e-17  3.11728e-65
 2.11863e-09 2.77084e-102
 3.59958e-76     0.163993
 8.31585e-10   8.7659e-97
 2.66511e-14  1.45067e-85
 7.09505e-19  2.97086e-85
 5.13627e-18  4.28204e-91
 1.30299e-17   1.0992e-87
  1.1289e-14  2.46836e-92
 3.65404e-46  1.30096e-07
 1.11844e-39  3.85802e-22
 3.30884e-76   5.3346e-08
 6.1612e-199  1.58484e-09
 1.48397e-14  1.99239e-93
 9.04748e-15  1.07244e-95
2.61867e-116   2.6157e-26
 1.22675e-12 1.45941e-105
  7.3606e-40  0.000322274
2.46069e-139  1.42005e-13
 1.13355e-82  5.80564e-22
 1.23353e-72     0.551665
 1.55027e-12 4.90974e-111
 7.70974e-09   1.7525e-85
9.94702e-169  5.78792e-42
 1.53941e-08  9.55171e-90
 2.13583e-87  4.73024e-07
 6.81173e-08  3.44513e-95
  2.0885e-54    0.0144648
   7.389e-10 4.42127e-115
 1.08281e-14  2.25207e-68
 2.61786e-15  1.58332e-75
 8.66827e-91  3.34726e-13
  3.5578e-18  8.41707e-45
 5.66326e-06  2.14296e-48
 4.37943e-08   0.00173613
 3.23655e-35  4.06686e-14
 1.41487e-15  2.97626e-75
   0.0445795 2.57481e-104
 7.13188e-11  4.58161e-59
 7.56468e-87  2.55931e-05
6.70758e-131  9.10215e-08
 9.73781e-34  2.19406e-17
  6.2277e-11  3.23207e-68
    0.696672 1.39147e-111
 7.17925e-31  0.000396407
 1.75779e-39  4.21459e-24
 1.29016e-55  2.30726e-22
  9.415e-114     0.259833
    0.288083 1.86053e-112
 3.20823e-56    0.0925179
 2.51827e-54  1.24428e-10
4.09261e-134     0.254259
 1.60265e-07  1.48133e-77
   0.0328372 1.38697e-121
 2.70734e-91     0.702573
    0.297045  5.68041e-43
  5.7181e-06 3.48853e-153
 3.79007e-23  1.52171e-05
 9.17622e-06  9.93001e-69
 3.62173e-61   0.00533414
    0.702955  4.00486e-44
 1.38391e-07  3.00508e-77
 3.31426e-56  5.28552e-06
 0.000999751  2.45513e-59
3.54413e-179  0.000553035
 5.58546e-13 8.28495e-105
 2.64783e-06 2.43558e-164
  6.6443e-13 2.36768e-108
 3.41413e-11  1.18547e-86
 7.11128e-32  0.000350838
3.32747e-118     0.297002
  0.00467954  1.37909e-61
    0.296742  3.11315e-57
  8.8731e-88  1.49335e-10
 4.54944e-08 9.88194e-135
    0.702654   1.2302e-56
 0.000380558 7.80704e-123
 2.46162e-76   0.00154989
 9.95417e-08  3.32748e-80
 4.10649e-85  2.13014e-05
 0.000905834 1.16973e-113
 5.85867e-05  4.35092e-70
2.56068e-109    0.0195013
 8.38484e-05   3.6997e-61
 3.45567e-82   0.00149247
 3.74412e-54     0.177361
 1.66926e-07  3.73896e-95
  0.00910366 5.46426e-119
    0.702994 3.90208e-160
 7.41317e-71      0.63951
    0.297123  8.1739e-169
 1.31093e-30  3.74276e-15
    0.130115 3.98867e-131
 0.000461783 3.15485e-194
1.31295e-115  3.58504e-08
3.49971e-119     0.117662
    0.261387 1.83783e-113
     0.68616 1.93627e-125
5.79158e-100  6.09466e-08
 8.08456e-10  6.60919e-59
 1.21254e-53  3.99363e-16
5.08687e-125  1.72283e-10
1.65464e-132  9.84153e-11
    0.551713 5.19341e-160
1.39535e-104  5.49833e-13
 9.26845e-99  0.000296151
 1.97891e-06  3.23726e-79
 3.76279e-50  3.88015e-06
 1.50405e-77   0.00115836
 1.50696e-05  9.48075e-96
 4.07979e-05 3.15769e-112
 8.96034e-14  2.23235e-38
 1.36211e-07  8.59978e-82
 2.33049e-72   1.1598e-05
7.76391e-115  8.84088e-14
 4.17251e-08  3.93915e-79
  0.00107563 1.06241e-148
2.10577e-125  2.12552e-28
5.53194e-104  4.12537e-05
 5.24109e-09  1.07873e-86
  0.00411528 2.04543e-144
9.39386e-136     0.576377
 1.63126e-66     0.126134
  4.2339e-97  1.46624e-05
9.23929e-106  1.41879e-07
 1.95212e-05  2.5703e-123
 5.79103e-12  1.63077e-79
    0.294832 5.42558e-148
 6.38293e-59  2.01929e-05
 1.6773e-123  2.50906e-09
    0.700817 2.83273e-150
8.06311e-105   1.0419e-05
  4.0525e-09 1.08012e-107
 3.98377e-06   3.765e-123
 4.18752e-10 1.74556e-112
 3.09583e-10 6.83942e-111
 1.86053e-47  2.35424e-16
 4.72449e-22  7.51442e-05
 1.37387e-13  1.02398e-94
 6.77955e-90  1.11093e-06
 2.59565e-20   4.1481e-64
 2.46176e-16  2.47173e-82
 9.62263e-92  5.29986e-17
 4.29239e-11 8.77942e-117
 5.02695e-10 1.63814e-105
  3.6968e-74     0.636106
1.38728e-137     0.669416
 8.56412e-10  4.53046e-97
 8.56079e-17  1.85611e-84
 7.10601e-19  1.62276e-62
1.84124e-154   2.4206e-06
 1.37198e-16  6.67551e-79
  2.3063e-17  2.98092e-61
 0.000124763 7.27552e-105
  0.00136106  8.77186e-92
 9.80681e-08 1.01693e-105
 9.03141e-08 3.30508e-104
 1.66716e-10  1.66278e-69
   0.0366889   1.7525e-84
 4.08615e-22  1.7318e-131
 2.75692e-64     0.581992
 8.32312e-25  2.71476e-30
   0.0754491  2.38539e-80
    0.561442  7.51008e-72
 3.47733e-10  8.57331e-69
 9.87329e-73    0.0123621
 2.43252e-34  3.13961e-31
4.47272e-100  0.000341456
 1.32588e-07  2.01803e-81
 2.98193e-07  8.65324e-75
   2.312e-07  2.14237e-75
 5.01804e-38  5.90305e-06
  0.00023372     0.326311
 8.08157e-09  8.85329e-52
 1.59557e-08  7.10357e-48
 6.39253e-28  7.92069e-18
 3.46743e-59  8.29904e-29
 5.58418e-90  0.000187633
 2.29224e-62  6.08771e-05
 2.36875e-70  9.51041e-13
  2.9459e-38  2.42148e-22
 6.37051e-06  3.71835e-72
 3.92763e-66     0.623765
 3.02397e-06  2.73527e-78
    0.297031  4.36935e-55
 1.21486e-55   0.00136651
 1.57929e-15 1.68365e-112
    0.702941  1.21199e-55
1.66462e-118     0.004724
 3.45951e-50  0.000186904
5.00651e-110  2.43949e-31
3.33943e-138  4.20183e-14
 6.13509e-84  3.43017e-27
 1.05893e-71     0.665211
 1.15296e-32 1.53506e-159
 0.000264571  5.69625e-35
 7.09529e-05  5.67476e-27
5.29194e-155     0.702943
 5.54431e-12  4.04006e-78
3.52134e-101  6.56881e-06
 2.75094e-94  1.71814e-08
 3.30335e-85   3.2388e-05
    0.701392     0.295591
 1.07625e-11  9.68358e-80
 2.63182e-30  6.34645e-29
 2.21854e-26 6.81067e-146
 2.71783e-05  7.41027e-26
 9.56439e-21 2.88776e-110
    0.555852  1.29896e-44
1.87832e-104  5.20736e-07
   0.0481956  1.90663e-62
3.79311e-169  1.45539e-27
 7.59487e-21 7.29684e-130
2.18429e-100  8.03933e-23
 5.88411e-67   0.00816856
  0.00538566  1.32055e-66
1.72541e-114  3.72926e-10
  0.00241462  2.33981e-64
 1.58167e-15  4.59263e-15
1.91823e-110   0.00177603
 2.11504e-90  1.66556e-19
 5.22645e-13  8.59681e-19
 2.04951e-71    0.0341676
 3.67946e-15   6.9263e-19
 6.64493e-13  1.18877e-78
 4.71001e-08  1.13775e-42
 8.25988e-16 1.48169e-100
 4.68279e-15  4.95886e-93
2.12516e-160  1.92372e-39
 7.1441e-108     0.086439
7.66971e-189  9.30559e-40
 4.56407e-16  5.13823e-28
 1.26115e-16  1.10087e-22
 5.79117e-32    0.0112488
 4.11648e-17  7.26629e-28
 3.75993e-18  3.96905e-69
 2.75725e-17  5.84817e-37
 1.92527e-55  0.000100506
 2.78634e-48    0.0195105
 6.56697e-69  4.41991e-08
 2.65464e-18  6.52592e-38
 7.23882e-13  8.37641e-23
 1.10012e-12  5.58334e-82
  0.00259751  1.2227e-136
 8.10896e-40  1.35001e-20
  2.0265e-14 1.73922e-105
 4.60705e-53   0.00168778
 7.86122e-10  2.51282e-82
 6.35444e-07  3.42763e-70
 4.0799e-111  2.65815e-16
  0.00510075 1.03524e-175
 1.07584e-06  6.74058e-73
1.15658e-101  0.000648134
 9.47294e-98    0.0873203
8.15969e-118  1.88248e-11
1.91124e-104    2.505e-10
 6.02749e-15 3.22944e-113
1.49571e-129  4.17068e-16
 2.74213e-50  3.92885e-27
1.32402e-145  4.20828e-16
2.20572e-160  8.22523e-15
 1.14892e-05  2.97531e-41
4.20793e-107  0.000354626
  1.1002e-27  3.12155e-17
 4.43146e-63  9.09254e-08
 2.64702e-52     0.107503
  0.00244249  2.16608e-52
5.30883e-143  8.97064e-06
  0.00978948  3.13683e-64
 0.000190612   1.9448e-86
 2.04113e-52  1.29523e-11
    0.551709 7.63372e-201
    0.295612  4.34381e-76
 1.45431e-81  2.88693e-08
 8.05935e-63  5.94703e-05
 1.44567e-21  9.63436e-17
 2.13942e-94  1.91023e-12
 1.71972e-12  6.86864e-39
 7.20174e-97  7.14938e-08
    0.701531  1.29663e-77
 2.70027e-11 8.08639e-130
8.69448e-142  1.55055e-05
 3.61322e-07 2.17661e-107
6.04088e-115  1.82999e-15
 1.25851e-61  6.61398e-28
 2.35554e-05  4.15497e-95
 1.05244e-76  9.34482e-29
  1.0953e-05 6.57157e-102
 4.15843e-84    0.0806317
 6.01215e-05  5.41569e-88
    0.551665  3.81005e-60
  2.1001e-10 9.19019e-200
 1.71056e-17 7.17953e-170
 1.74587e-08 5.16427e-112
5.03415e-123  7.21253e-35
 3.35339e-61  5.25548e-06
 1.43634e-17 6.14451e-166
 1.71529e-74  1.98538e-08
 9.23035e-08  6.34625e-45
  1.4131e-15 8.69926e-196
 1.04535e-18    0.0061865
 2.26109e-13 3.31332e-158
 6.08038e-09 2.10058e-123
 1.41679e-10  4.91868e-91
 5.95933e-65   0.00167123
 3.20107e-10 5.62245e-102
 1.14882e-41  4.10608e-12
 3.7538e-114   0.00125055
 8.51519e-55  7.03337e-07
 9.63782e-14 1.02853e-158
7.92188e-149     0.297034
 5.37962e-10 3.12855e-103
4.28364e-123  4.50415e-14
3.09937e-121  1.75897e-07
  2.1043e-54  1.75365e-16
 6.60304e-14 2.70349e-142
 6.58587e-09 8.67007e-109
1.86888e-108  1.33396e-05
 2.06783e-78    0.0144949
 7.33048e-32 2.54444e-219
 1.82829e-32 1.84319e-198
9.70092e-213  0.000324185
 1.64118e-18 5.49147e-137
 1.29541e-32 1.15525e-209
  9.1982e-43   2.9181e-08
 2.07711e-76  3.03929e-13
   0.0538367  6.82098e-80
   0.0917987  1.97829e-94
    0.100524  9.18065e-76
 1.88372e-99  0.000241338
 0.000789777 1.43512e-102
 1.16427e-92  7.92289e-08
    0.583043  2.50573e-85
 1.05149e-80  1.88911e-08
 0.000244078 2.13221e-108
 2.43109e-32 1.81841e-218
 1.03009e-72     0.223435
9.65235e-135  9.47783e-06
 1.48995e-14 1.17488e-160
  2.5055e-12 1.92177e-137
  3.8879e-22 1.97857e-184
 8.28794e-31  3.16361e-14
1.65205e-109   8.0921e-07
1.18135e-132     0.702955
 1.00812e-71  1.26363e-09
 1.24475e-72  9.54082e-17
 8.86673e-20 1.95344e-170
  1.0438e-52   0.00297189
 2.35551e-22 8.81399e-171
 5.53726e-11 2.72834e-106
   1.794e-43  1.05342e-30
 8.87624e-43    0.0664106
2.23793e-106  7.88133e-19
 4.75014e-14 1.43158e-116
 2.51122e-13  2.83626e-05
 6.74785e-08 2.43512e-242
 1.00042e-12 9.62521e-106
 3.58689e-08 2.08088e-221
 5.56319e-14  7.24174e-05
 1.11392e-17 2.24751e-124
 2.96538e-12 6.41799e-101
 6.56634e-19 2.20614e-135
 6.35725e-55    0.0838688
 1.42554e-93    0.0728988
    0.551665 2.59767e-268
 1.08321e-34  5.48977e-05
 3.58636e-16  2.04833e-29
 5.22336e-92  2.47053e-09
9.76779e-119  2.61228e-13
 6.10799e-28  5.59453e-10
 1.38388e-52  1.56032e-11
 1.87097e-60    0.0115352
 1.79561e-05  1.59275e-76
5.67335e-109   6.9417e-09
  0.00780283  5.88975e-60
   0.0127743   2.3918e-60
 3.28494e-71  5.33741e-12
5.03325e-102  4.00059e-17
  0.00084294  4.81318e-53
  4.1998e-54  8.41946e-11
 2.05049e-87  1.39836e-14
   0.0255377  7.01732e-54
1.26303e-101  3.26749e-13
 2.84103e-73      0.16086
 2.18648e-06  5.34365e-86
 2.12593e-82     0.552634
    0.553174  7.31497e-58
  0.00192647   4.5356e-46
 2.40346e-68  3.20939e-13
 7.88188e-55  1.04698e-10
1.86995e-108  3.83666e-12
 5.70094e-08  5.50826e-46
 6.88917e-07  2.12506e-93
  2.8768e-27  1.33523e-23
 5.66012e-75  9.72906e-13
 8.68069e-61  0.000112071
  7.9757e-60  3.59221e-08
1.93854e-121   0.00563413
  9.0258e-68  1.98454e-05
  1.1852e-59  1.93776e-05
   0.0087317  1.37707e-64
1.72416e-103  2.06647e-20
   0.0058495  1.23562e-48
2.32891e-140  3.76961e-14
 7.68583e-74  1.22355e-11
  0.00304443  4.56872e-48
 3.84344e-20  6.60836e-66
 0.000675544  1.73067e-39
  1.9241e-09  1.11241e-96
 1.03528e-14 6.63399e-116
 5.40513e-15 1.59524e-101
 5.97582e-56    0.0700551
  1.6886e-83    9.423e-08
 5.13523e-23 1.36867e-140
 2.84256e-16  3.59603e-14
 1.90471e-06  4.21941e-23
 3.45792e-63  4.73764e-15
 7.57863e-68      0.18245
 4.10638e-86   3.5082e-06
 4.22214e-35 2.71243e-162
 6.06902e-99  5.62702e-22
 2.25198e-14   2.3562e-57
 1.14263e-18  3.06645e-69
 2.12042e-08  4.30165e-37
 2.66203e-28 1.40713e-105
1.33915e-115  6.64101e-15
 1.25655e-38  1.05767e-06
 1.22891e-08  2.91935e-34
4.92816e-164  6.46887e-18
 1.66556e-18  3.31058e-68
 3.00796e-10  5.28907e-37
 2.73861e-37 8.45867e-134
 5.36665e-20  9.64238e-81
 4.73409e-06   2.1139e-48
 3.27257e-21  7.71463e-84
 1.97991e-90     0.551697
 2.75317e-22  1.05912e-98
 2.51816e-05   7.4104e-44
 1.62161e-07  7.89093e-60
 6.27934e-56     0.682927
 9.70466e-08  6.56364e-63
  0.00996305  6.92126e-54
 8.95713e-24  7.57707e-98
   0.0117718  1.17547e-53
7.77225e-110  1.32669e-15
    0.563139  4.87396e-52
1.38743e-141  4.07882e-16
  9.2991e-43  1.01868e-06
5.30496e-108  0.000869119
 5.38069e-27 9.32156e-129
 7.85539e-09  2.91221e-68
 1.35615e-78  9.46676e-07
 5.26415e-26 1.80422e-118
 6.8804e-108  1.80463e-23
 2.48282e-42 4.18895e-179
9.74027e-111  2.68599e-10
 4.52016e-72  4.64781e-06
 3.78024e-86  0.000147334
    0.078894  1.22752e-52
  2.0316e-10   6.0295e-76
 2.10771e-10  2.78991e-71
 9.64817e-81  9.34865e-07
9.60092e-113     0.551667
 4.88762e-66    0.0330252
  1.4376e-10  5.12998e-83
 1.49455e-39  3.51607e-06
 2.08374e-96  5.13143e-29
 1.62495e-15   0.00169075
 2.62123e-14 2.21596e-110
6.37461e-189  1.32026e-27
3.47422e-120  0.000576548
3.10955e-181  0.000385434
 1.17403e-77   0.00936677
 2.47324e-27  4.42835e-10
 1.36675e-46  0.000305884
 4.96916e-32 5.20188e-194
 2.61965e-87  1.61849e-18
 2.45824e-30 2.38882e-177
1.52888e-126  1.36362e-11
 3.38548e-47  1.75998e-11
 1.63907e-12 4.57816e-124
 5.5051e-119  0.000266035
2.11015e-201  3.20118e-42
 5.35792e-60  0.000483267
7.15213e-197     0.999943
 3.02786e-13 4.68996e-130
    0.296988  2.40177e-68
    0.702899    5.992e-75
 1.45467e-87     0.552588
 4.55681e-06 2.28808e-103
 1.31106e-05  4.02727e-99
 3.53324e-05  1.40387e-90
 2.76654e-16  5.89677e-43
 7.17532e-17  6.26356e-36
 1.95499e-11 6.81582e-122
 6.44333e-12 8.04625e-126
 5.15868e-66   0.00165857
 2.16405e-12 2.67107e-112
 5.17121e-61    0.0408687
  7.6057e-13 1.91335e-119
 4.52052e-17  1.15712e-80
 1.39473e-14 5.42623e-129
1.22522e-112  1.53225e-15
 9.23869e-80  9.82658e-10
 1.19888e-78  5.13066e-10
  3.4145e-85  5.06566e-07
 1.18326e-17  9.96551e-97
 1.55945e-48 4.99599e-203
 2.38842e-18 4.48412e-127
 1.93391e-20 7.34982e-128
 1.7813e-100   0.00046944
  2.6115e-37  3.45567e-49
 5.03189e-42    0.0389725
 7.83916e-59 6.43257e-218
 2.61918e-43  7.78643e-48
 1.73628e-85  1.75601e-05
1.92806e-127     0.702383
 1.38911e-66  8.66736e-16
4.65273e-131  3.04289e-24
 7.47164e-78     0.151443
 9.08155e-29  8.5464e-147
 6.84402e-32  5.73374e-32
6.74697e-108   2.0883e-11
 1.67934e-53      0.27563
 2.28743e-31 8.70992e-151
 4.36256e-59 3.43976e-207
 6.00562e-38 7.57829e-133
 9.13212e-37  1.07047e-75
 3.73251e-33  1.08451e-93
 3.48682e-44 2.62388e-152
 4.73502e-29  1.04653e-65
 4.2404e-125  1.11158e-18
 2.11209e-26  4.62079e-35
 1.25984e-82  5.46648e-06
 4.01862e-46 6.32807e-184
 3.42178e-44 2.42916e-178
   1.774e-39 3.45603e-191
 4.07737e-39 7.29029e-213
 4.75788e-23   0.00626322
 1.31371e-17  8.60062e-77
 1.31438e-36 9.32907e-187
2.64649e-159   0.00258972
5.55247e-190   0.00134019
 5.58259e-10  8.71789e-77
 3.42476e-92  7.69477e-15
 1.59753e-19  1.57171e-66
1.75989e-123     0.296455
  3.2289e-35 4.82763e-221
 6.80002e-25     0.204155
 8.15405e-05  1.03716e-92
 5.13154e-24  1.34543e-50
 0.000251602  2.5238e-100
 3.24195e-79  3.08013e-12
 2.88932e-31 2.78632e-225
 1.82194e-16 1.06706e-141
 1.31472e-08  1.13133e-71
 1.14778e-74  1.27274e-08
 6.36519e-30    5.166e-05
 5.61974e-63  9.22836e-23
2.89259e-117  0.000297608
 1.29862e-58   4.1039e-05
 1.69441e-16 1.03359e-159
 9.67543e-37  1.53981e-20
4.34447e-160  2.97137e-09
 1.04768e-23  4.91312e-43
  4.6229e-92   0.00021715
   0.0180235   1.5264e-92
 1.4307e-100  6.17267e-18
 7.18043e-20  7.82715e-42
 1.60755e-10  3.00072e-61
 5.22259e-58  6.70851e-05
2.01763e-107  4.50903e-06
 6.19191e-11  1.16776e-44
3.55274e-119     0.695404
    0.555134  1.97991e-90
  4.4202e-39  3.92217e-15
  0.00350882  1.3007e-111
 2.02414e-51  1.20232e-35
 8.17593e-58  2.22513e-12
  0.00968804  5.31847e-96
   0.0399255  2.21548e-81
 1.32904e-42  1.18664e-10
 2.84752e-50  1.41143e-23
   0.0190703  1.24343e-83
  0.00246588  4.25265e-91
 2.00631e-05   2.2713e-67
 5.84572e-15  0.000994117
 1.13823e-64   1.5336e-07
 0.000974418  3.17725e-79
  9.9411e-48  1.25291e-11
 3.71699e-23  5.46397e-26
 3.97089e-06  4.70496e-30
 1.86201e-81      0.29665
 3.99014e-61  0.000326669
 0.000108226  2.65477e-56
  0.00339014 6.34018e-108
  0.00013395  1.97008e-53
  0.00486221  3.14047e-66
 9.07301e-73    0.0602996
 8.76001e-30  1.27385e-36
 1.06996e-69  1.34773e-08
    0.200257  5.45968e-84
    0.622494 3.22672e-105
 1.19438e-10 8.51077e-147
 6.37914e-21  4.12394e-37
  0.00241369  1.61591e-89
 2.03329e-68  8.15446e-16
  0.00142412 9.77242e-101
  1.1931e-08 8.87763e-134
 3.40556e-16  2.54686e-39
 1.14339e-71  3.67978e-10
 4.87397e-52     0.701832
 1.13394e-80    0.0333543
 7.76419e-08 3.11177e-120
2.48638e-128  1.53715e-06
 1.05656e-88  1.90542e-16
 5.44204e-37     0.562763
1.57274e-108  4.53733e-15
4.88601e-124  1.92566e-07
 1.20172e-11  1.19121e-76
 3.31369e-68  1.37405e-09
 6.87234e-12  6.30658e-68
 5.91139e-28  3.89022e-19
 7.35137e-13  1.60455e-86
 5.40381e-14  8.13375e-86
 4.88227e-55  9.40465e-26
 3.30204e-32  4.63585e-51
 2.38744e-22   6.1285e-62
 1.12457e-88  7.80545e-09
 4.98822e-19  6.54019e-64
 4.34229e-19   1.0456e-89
  2.9334e-25  2.33643e-64
 8.34106e-24  2.68205e-81
 6.26169e-24  5.24255e-79
 9.1328e-108  6.43087e-06
 8.25478e-85     0.551718
2.66983e-119    0.0023907
 1.11608e-67  4.89627e-13
 2.70962e-96  7.37112e-18
 7.26033e-08   0.00228305
6.38241e-100  4.32601e-26
 2.12911e-20  2.07837e-90
  4.6856e-18   3.7094e-97
 4.84668e-60  3.09615e-16
 1.01396e-21  2.15806e-76
2.04975e-149     0.262017
 9.70316e-15  6.8956e-101
 3.27877e-69  4.18931e-06
 1.70485e-12 7.96607e-106
 1.69382e-25  7.22481e-72
 2.97921e-76  1.11247e-07
 6.81789e-72   1.2858e-06
 4.08126e-09 1.84989e-113
  1.0304e-86     0.197875
 1.51612e-74   8.7034e-20
 1.23276e-21  5.53698e-71
  5.2568e-88  8.71772e-08
 1.13124e-35  8.98922e-09
 6.97917e-69  2.30699e-18
 4.17822e-55  5.14769e-20
1.03808e-109  8.86284e-13
 8.95339e-94   0.00549791
 9.42105e-63     0.162501
 1.19745e-18  3.46898e-71
 5.42808e-73  5.06578e-22
  1.5253e-42  9.70324e-11
 1.65689e-49  1.11982e-07
 3.63358e-87  6.56507e-05
 4.57966e-73  1.37803e-09
 3.00564e-06  2.18784e-99
 1.02234e-87  3.93726e-17
3.44075e-115  1.46387e-05
    0.237845 4.44812e-148
 2.69446e-25  1.10791e-58
    0.662456 1.19029e-136
 1.05846e-05  2.93027e-95
     1.00978  1.2137e-127
     1.00463  3.3166e-126
2.30379e-141  1.23778e-10
 2.78439e-70    0.0382259
 6.75914e-07 3.60009e-159
 2.15945e-84  1.12566e-10
3.36116e-107  1.95966e-34
 3.65739e-05 9.72785e-109
 1.17955e-06 7.66105e-149
 8.27332e-11   6.9691e-80
 2.89707e-39  1.49093e-28
 1.77697e-15  0.000695785
 1.07536e-11  2.54029e-76
 4.84091e-12  1.43557e-76
 4.12524e-14  2.15002e-89
  7.5208e-23  2.00155e-47
 5.93684e-15  3.58951e-86
  1.8326e-23  3.27156e-48
 9.31404e-25  1.43351e-41
2.32761e-153  1.03465e-09
 2.39888e-87  1.04758e-05
 2.42244e-52  0.000127154
 7.78129e-08   4.6424e-55
  5.1578e-11  1.02866e-86
  9.9252e-13  8.02019e-59
 5.86362e-15 3.63957e-177
8.23164e-114  4.98944e-15
9.55267e-179  3.60495e-09
 1.10191e-06  8.57428e-90
 3.89019e-80      0.12858
 5.95339e-43   0.00211527
8.66762e-121  1.24363e-07
 1.13692e-70  8.73345e-19
 1.89856e-06  1.97395e-90
 1.67802e-26  8.04001e-06
 1.54773e-71     0.233336
 1.05202e-05 1.07585e-101
 2.46972e-34  8.56729e-19
  0.00277766 4.30786e-121
 3.42033e-70  3.04165e-07
 9.7731e-138  8.62249e-10
 1.63267e-06  7.74608e-73
 7.10194e-61   0.00239744
 1.05041e-06 1.92058e-150
 2.34157e-54  2.08464e-27
  0.00580591 1.26149e-116
  3.6397e-66   7.4357e-15
 8.92202e-10  3.91812e-68
 0.000136025    1.242e-81
  0.00194718  1.6457e-103
4.79108e-133  3.51434e-08
    0.552116 1.13019e-124
 3.71608e-06  2.15614e-82
1.68731e-148  3.19997e-20
 2.85401e-06  1.19702e-87
 4.62053e-45    0.0804533
 1.23605e-23  0.000412707
  1.8874e-08 3.20622e-160
 2.73363e-95  9.96341e-12
 9.61652e-09 1.05517e-166
   0.0146165 1.66837e-126