 7.27915e-08  7.57995e-47
 4.21066e-34  3.65372e-17
 1.49028e-07  2.65514e-46
   0.0568606  1.68319e-41
 1.63845e-08  5.77669e-48
 1.43194e-06  2.89644e-39
   0.0397088  7.69364e-41
 1.77458e-27  1.49284e-08
   0.0797956  1.50039e-40
    0.053589  1.84472e-40
    0.708277  2.86192e-40
 6.02918e-35  2.30273e-14
 5.39032e-07  9.49554e-39
 4.33256e-40  5.08975e-11
 2.80594e-22  9.23184e-07
 4.43404e-53    0.0707005
    0.780067  1.36323e-39
    0.325593  2.34874e-39
 5.15836e-65    0.0116804
  1.8595e-07  2.52621e-38
    0.636682  4.52767e-39
 9.36349e-26  5.03522e-05
 0.000165117  2.57076e-47
 8.47253e-06   3.5116e-45
 1.36827e-24  5.92916e-09
 5.21639e-25  2.76633e-16
 4.53475e-23  0.000114864
   0.0386709  5.06622e-38
   0.0758564  5.52843e-38
  0.00233207  1.38921e-41
 6.55753e-58  4.16621e-24
 8.48719e-09  8.99896e-39
  0.00518871  3.91069e-41
  0.00158034  1.50054e-42
 5.54829e-21  1.20584e-05
 1.05022e-31   4.8848e-09
 5.29947e-37   9.4741e-10
 2.38014e-16     0.671011
   0.0154424  2.05335e-37
  7.9406e-69  2.77992e-13
  0.00071364  7.02191e-36
  0.00273115  2.69696e-42
 4.36582e-55  2.65758e-05
 4.37902e-34   0.00428661
     0.30792      0.69052
 1.56587e-50  2.33111e-09
 1.47145e-86  2.17606e-30
   0.0339811   4.2655e-40
 4.22483e-67  2.55259e-07
  1.5121e-19  5.31419e-27
  0.00780141  1.04695e-41
 3.34266e-44  3.25847e-06
 8.75278e-19  7.81519e-09
    0.102552  2.18876e-40
 0.000205542  3.39747e-35
 9.92274e-06  1.34861e-34
 3.80248e-37  1.34503e-06
 1.72923e-62     0.157805
 1.39206e-40  0.000801722
 9.40097e-29  1.61569e-17
   0.0656936  9.58095e-46
 6.91703e-74  1.45885e-19
 2.05257e-05  2.55569e-34
 1.05874e-05  3.16194e-34
 4.78331e-29  2.59787e-06
 3.41963e-52  0.000249784
 2.38128e-61      0.66867
 2.35884e-48     0.300351
 4.44295e-40     0.306658
 1.48171e-47  0.000896015
 3.86588e-45  4.05979e-09
 5.43436e-37  1.45471e-14
    0.568231  6.99511e-40
     0.61624   1.0973e-46
   0.0145977  2.78402e-48
 3.09518e-17     0.687938
 4.26854e-05   4.2796e-32
 1.26135e-33  1.97342e-08
 7.66743e-28  9.14972e-07
 1.73193e-05   6.5496e-32
 4.75583e-56  3.50203e-05
 2.16756e-31    0.0361833
 2.44006e-42    0.0237291
   2.284e-58  3.99728e-08
 1.40298e-33  3.10326e-07
    0.195368  4.64727e-47
 0.000283868   2.0453e-31
 9.44835e-48  9.16783e-07
 7.38853e-06   2.9126e-31
 2.03183e-26  0.000189908
 7.54214e-17  2.51594e-14
   0.0819814  9.52664e-47
   0.0188204  9.10892e-48
 3.22972e-05  1.37413e-35
 7.83791e-24  2.59184e-08
 1.79085e-05  3.26926e-35
 1.27143e-07  4.02121e-35
    0.557217  7.46499e-30
  0.00440636  2.71374e-28
 4.16276e-15  1.42771e-15
 5.98042e-19  7.44276e-65
    3.04e-39  3.33358e-12
   0.0308696  1.26039e-29
 2.78685e-07  9.24149e-35
 4.74816e-28  4.46946e-08
 5.68029e-29  1.01319e-05
   0.0538344  6.39043e-29
 7.17682e-14  3.60198e-33
 2.32108e-47   6.2079e-07
 6.35079e-58  5.88163e-07
 6.09795e-35  3.87545e-09
 2.10148e-14  2.84266e-16
  8.8743e-23    0.0855388
   0.0131728  1.20019e-29
 1.45629e-50  3.02183e-10
 2.87394e-54  0.000341644
  0.00648471  5.25374e-28
 0.000349402  2.13492e-31
  0.00732212  2.23472e-28
 7.33387e-08  9.95287e-23
 3.14958e-38  1.59803e-07
 6.35435e-71  7.66975e-13
 2.07272e-55  0.000371701
  0.00295411  7.33859e-28
 3.28782e-08  2.05126e-22
    0.309552  9.00465e-41
    0.690454  3.52094e-40
 0.000257215  4.99762e-30
 1.37985e-39  7.65965e-12
   0.0214839  7.93293e-34
 4.21379e-62  6.79984e-08
  0.00735721  1.87051e-33
   0.0614445  2.32244e-34
 1.06263e-57  1.03063e-08
 2.20081e-14   6.2215e-17
 1.94367e-12   2.0966e-27
 8.31205e-13  6.72185e-27
 1.56513e-12  1.88348e-27
 8.99359e-08  3.81906e-30
 2.26201e-54     0.591855
    0.179094  7.22564e-36
    0.609606  2.12105e-35
 1.87265e-23  8.55415e-11
   4.032e-08    1.158e-29
 8.24088e-58  2.45512e-26
 2.68828e-27  0.000139845
 3.26128e-69  3.05874e-16
 1.69721e-05  5.00428e-37
 2.88616e-25    0.0121321
 1.24858e-55    0.0297354
 1.56162e-26  1.96168e-09
 7.14527e-17     0.221829
 2.68103e-19  1.01451e-65
 3.27263e-06  4.63366e-36
 4.99693e-34  6.23212e-13
 2.66282e-06  2.20114e-36
 2.74107e-27  3.97844e-12
 7.79295e-06  3.56069e-37
 1.03919e-08  7.58014e-23
  0.00228064  6.24612e-38
 5.15467e-09  3.35336e-22
 2.27376e-30  1.51214e-13
   0.0114339  3.18836e-37
 4.27941e-28  4.40365e-22
 9.29897e-44  6.49754e-12
 1.11173e-20  3.37072e-05
 8.18815e-07   2.1545e-25
 5.36258e-09  1.18193e-22
 3.82671e-31    0.0626337
 7.51302e-50  9.11897e-07
 9.55741e-29  3.11264e-05
 2.96694e-06  5.02788e-25
 7.88279e-53  7.28762e-07
 1.14729e-66  2.43588e-21
 3.32694e-05  2.44838e-38
 1.00983e-47  1.50972e-07
 1.49483e-05  1.30011e-37
  0.00013953  6.00098e-31
 4.92905e-35  4.15164e-16
 7.29701e-51     0.551709
 1.48845e-36  1.07678e-15
 7.28793e-06  1.84655e-25
  3.8999e-40  1.32597e-12
 9.55625e-21  0.000226997
 0.000429892  1.69046e-30
  0.00240472  1.13281e-29
 4.04203e-34     0.640807
  0.00017163  3.57085e-31
 7.31658e-53     0.685998
  0.00109756  2.05251e-30
 9.34856e-07   3.2058e-38
   0.0284844  6.81116e-30
 1.30653e-66  2.79169e-24
 0.000602101    3.083e-31
 1.66006e-59     0.229689
 0.000753802  2.47535e-31
    0.555978   2.1181e-30
  2.5379e-15  2.48067e-21
 1.64797e-34  5.49203e-14
   0.0117551  2.12934e-32
   0.0426211  1.04603e-31
    0.014878  2.86552e-32
 0.000502879  1.00882e-32
 5.88647e-10  2.56101e-42
 8.21253e-24  3.76307e-08
 8.05312e-10  1.41815e-41
 3.36292e-35   1.4709e-17
 1.46811e-31     0.690446
 1.94613e-40  9.25978e-11
 5.09143e-14  7.63615e-51
 7.48818e-52   0.00176151
 2.42437e-42   3.8306e-07
 2.04753e-46  1.02118e-05
 4.72247e-10  3.62071e-38
 9.48575e-07  2.81749e-35
 4.07987e-31     0.309554
 7.53248e-42   0.00397206
 2.44856e-06  9.51242e-35
 3.50356e-33  8.08038e-11
 3.50537e-52    0.0346875
 4.54858e-51   3.1564e-08
 1.20693e-07  2.85903e-29
 2.72355e-31  0.000357591
   1.919e-57  0.000762835
 7.03988e-10  3.92393e-39
 3.45655e-06  3.26549e-34
 2.67721e-09  7.02966e-31
 1.36897e-23  0.000264915
 8.18467e-65  0.000298261
 1.84538e-58  0.000103771
 6.13858e-06  9.02676e-34
 1.32034e-05  1.63075e-32
 8.52787e-46     0.103652
 3.63318e-48    0.0552074
 2.16927e-35  0.000873025
 3.47528e-05  2.40026e-36
 1.74436e-45  1.74566e-08
 0.000158092  1.46599e-35
  1.2689e-47  1.64887e-15
 3.76125e-54  3.37311e-31
 2.00025e-05  8.22861e-37
 0.000165987  1.23163e-33
 9.06577e-26     0.301307
 1.29802e-42  7.69584e-09
 7.63682e-63  4.97413e-09
 2.04663e-30   0.00968698
 3.19782e-27  3.78618e-19
 0.000936837  2.62011e-34
 9.98557e-24  6.14335e-07
   0.0022795  8.34814e-35
 1.81463e-47  7.35734e-08
 3.70563e-29   0.00114904
 3.34285e-05  9.53063e-38
  9.7016e-32  7.32513e-06
  0.00393371  1.88721e-52
 4.59846e-06  1.95369e-59
 9.19723e-13  8.22982e-42
   8.713e-06  1.65713e-60
 4.16919e-13  2.91595e-42
    0.554469  3.55615e-37
 3.75622e-05  4.59949e-61
   0.0609002  8.52026e-39
    0.688045  3.06758e-47
 1.24243e-10  2.10974e-28
    0.306837  9.81417e-46
 1.40337e-45  6.31145e-17
 2.60951e-70  1.72923e-14
 4.83494e-34  1.16271e-07
    0.197886  1.97356e-39
 3.28577e-13  6.74187e-43
 6.00947e-95  3.48822e-29
   0.0213097   1.1713e-42
 9.89324e-14  1.92096e-45
    0.642368  8.45844e-41
 5.08565e-36   1.7603e-08
 2.55694e-85   0.00873042
 2.26619e-25  3.63683e-14
 2.46585e-36  1.69791e-14
 5.84314e-22    0.0328097
 5.40762e-54   0.00439177
 1.22652e-35    2.323e-06
 3.61333e-24  0.000122857
   0.0110035  3.08547e-41
  0.00128597  9.37636e-43
 1.61056e-45  6.75987e-09
    0.149379  1.94544e-42
 1.80083e-41     0.100963
    0.308596  9.10138e-58
 1.24143e-43  1.25423e-10
 1.29451e-29   2.8166e-05
    0.035065  1.14976e-43
  3.2255e-49  7.94213e-06
 5.64477e-48     0.557259
 9.91242e-29  1.82008e-06
  0.00357959  2.22764e-42
  0.00773445  6.39977e-43
  0.00882047  9.65877e-43
  4.1667e-40  3.41504e-05
 3.48891e-25   0.00771762
 2.42977e-39  8.01523e-10
 4.60377e-76  4.40272e-10
   0.0706062  1.68905e-42
  0.00371349  4.23411e-42
 2.85334e-35  1.66729e-11
 1.98309e-10  7.89173e-40
 4.14821e-39  7.23593e-05
    0.689731   4.8417e-57
  1.6575e-36  1.14512e-07
  1.1579e-35  0.000854543
 6.30318e-10  3.42997e-39
    0.639029  2.21427e-41
 6.79201e-15  1.35808e-23
 1.01626e-13   7.4498e-44
 1.48205e-13  1.75031e-43
    0.132084   1.7569e-41
   1.039e-52  2.00462e-05
 3.02695e-52  1.22799e-07
 3.52427e-48  3.04961e-06
     0.21576  8.91644e-41
 7.31924e-55  0.000658984
  3.6618e-08  3.80542e-36
 2.28507e-06  9.77495e-36
 1.61719e-52   4.1406e-06
 4.04118e-31      0.60779
 8.19194e-35  4.47058e-07
 8.93032e-08  1.03454e-35
 6.96143e-07  3.53723e-35
 2.70745e-28  5.30244e-13
 3.81151e-10  9.59075e-38
 8.94588e-10  2.46699e-37
 1.84812e-23  3.07057e-11
  1.2296e-30  4.37691e-24
 1.60338e-37  1.74696e-09
 1.11658e-16  4.30694e-53
 3.14789e-06  6.80046e-44
 2.92407e-65  1.81786e-09
 1.94278e-28   0.00242445
 1.28401e-08  2.23073e-33
 1.78477e-06  2.46215e-43
 2.22427e-48  1.86911e-05
 5.80511e-09  5.08295e-33
 4.56396e-42  3.78358e-09
  3.8931e-16  1.24683e-33
 1.70195e-52  5.83659e-07
  3.5316e-41    0.0196614
 3.79479e-37  8.48835e-15
 4.43491e-57  7.75912e-10
 2.09137e-08  3.27956e-41
  2.3169e-07  2.35992e-42
 1.77763e-78     0.999889
 6.90137e-08   9.7512e-42
 2.13403e-11  1.17159e-30
 7.01613e-35   1.0881e-10
  4.0037e-37  4.38067e-13
 6.13947e-12  7.45255e-48
 7.08365e-13  1.24857e-29
 1.00324e-08  2.84257e-44
 1.09254e-52     0.679262
 1.29916e-10  2.62646e-46
 4.04772e-12  6.40678e-30
 2.01678e-14  3.40573e-38
 1.86727e-13  1.15839e-28
  1.1718e-14  7.23677e-38
 2.81471e-61  3.90903e-17
 8.74557e-20  2.85929e-25
 6.88765e-36  7.15594e-14
 5.08995e-14  5.50553e-28
  1.5539e-13  2.86022e-29
  6.8629e-53   0.00883494
   0.0133768    0.0294298
 7.29783e-59  2.62341e-14
 3.96841e-14  2.48625e-28
 2.27363e-10  1.59648e-39
 2.92745e-23   1.1291e-07
 5.39204e-19  2.58282e-23
 2.17947e-58  3.85346e-14
 2.69541e-56  1.60938e-10
 7.21529e-19  3.44215e-23
 5.37775e-10  5.21938e-39
 3.71352e-30  2.26666e-06
 3.36613e-19  1.26592e-26
  1.7192e-09  1.55053e-38
  4.7751e-27     0.561089
 1.22885e-56  6.11947e-11
 5.36918e-31  5.88074e-09
 1.75684e-12  2.45649e-32
 7.17763e-49  9.77494e-08
 2.02539e-23  1.82651e-25
 2.40769e-27  0.000583283
 8.30231e-33  3.28309e-12
 4.97031e-09  4.85675e-38
 7.23821e-36  1.62258e-05
 7.80944e-65  3.62263e-10
 6.17808e-39  6.20385e-10
 4.24982e-12  1.04337e-32
 4.02742e-21  1.79922e-06
 1.77654e-24  2.79709e-14
 1.61258e-10  2.81518e-34
 2.87275e-10   3.5031e-41
 1.14684e-57  9.71196e-07
 4.56498e-59     0.675572
  2.7359e-41  1.08836e-12
 3.90128e-08  4.92503e-37
 3.48535e-38  6.14969e-17
 9.38646e-23     0.221687
 3.51472e-78  1.88612e-10
 3.67612e-10  1.17937e-34
 1.90302e-54  3.10982e-05
 1.22592e-45  3.06993e-09
 2.93833e-12  5.07173e-36
 1.15562e-07   9.6532e-38
 2.19641e-41     0.619017
 3.59461e-63  1.75568e-17
 6.54111e-12  2.54908e-36
 2.27964e-07  1.30803e-37
 1.39096e-11  4.06887e-37
  1.1826e-69   0.00173645
 1.79123e-24   5.7746e-09
 6.48342e-40  7.63968e-05
 7.96095e-10   1.5318e-40
 9.68004e-78  2.32414e-23
 5.39849e-14   0.00288258
 7.32357e-07  3.90724e-38
 1.08604e-50     0.655481
 2.88842e-11  1.53724e-37
 7.01226e-10  2.27117e-38
 1.00219e-32  3.21388e-06
 1.39445e-07  7.63538e-45
 3.83627e-13  4.51445e-47
 1.99749e-40     0.687887
 1.07337e-52  2.57023e-12
 2.13793e-13  2.39286e-47
 3.22924e-07  2.12721e-45
 0.000205187  1.03328e-40
 4.92699e-67     0.551864
  1.2195e-34  3.38326e-08
 2.92292e-12  8.94052e-06
 9.22982e-49  8.47418e-06
 0.000597109  2.24771e-41
 1.72012e-39   1.6662e-07
 1.22183e-52     0.303591
 4.51124e-48  0.000181982
 6.38603e-07  2.54153e-41
 3.09761e-35     0.613085
 1.31334e-06  1.48259e-46
 1.09579e-49  7.17474e-07
 9.06612e-14  0.000132359
  1.4269e-06  9.63599e-42
 1.98291e-08  2.77328e-44
   0.0107578  6.27589e-43
 7.10621e-05  1.24429e-43
    0.029621  4.59384e-44
  0.00110071  1.71951e-50
   0.0267622  9.82926e-45
   0.0325171  5.21353e-49
       0.583   1.6151e-46
 1.19935e-31     0.035657
 2.08156e-05  2.02625e-44
  0.00188367  1.08463e-51
  2.5009e-35  9.10494e-12
  9.1973e-28  4.55885e-11
 4.19923e-07  1.64054e-54
  1.0577e-30  2.90129e-21
    0.129907  3.98698e-48
 0.000468041  1.99132e-53
    0.551665  7.48264e-52
    0.171465  1.76195e-49
     0.12817  1.22608e-50
  9.6572e-41     0.205985
 8.02285e-49  1.00471e-10
    0.637722  9.84755e-51
 0.000152121  1.78266e-55
    0.152795  1.17437e-51
 7.60003e-58  8.81375e-08
 2.87443e-27  3.38029e-05
 3.19692e-51  7.71928e-07
 1.04727e-56  8.63844e-06
 1.44023e-64   0.00520503
  0.00176676  6.28196e-54
 1.10457e-29  1.69018e-05
  1.6031e-28  7.66887e-05
 9.98605e-70  2.40233e-19
  7.6086e-25  1.23533e-14
  8.4943e-64  1.32026e-20
  0.00112918   9.7172e-55
  1.4871e-48   0.00485303
 0.000576992   7.1334e-56
    8.49e-38  4.36118e-13
  0.00528367  1.41979e-54
  2.6093e-55  8.36206e-13
 3.52056e-08  2.83313e-63
 1.52023e-06  6.43244e-60
 3.65401e-05  1.67847e-58
 8.04624e-21  9.33185e-07
 4.04574e-28  5.45998e-12
 5.18878e-05  3.18399e-58
 6.48246e-65    0.0569094
 1.13176e-07  5.44211e-64
 1.87577e-41  2.78562e-13
 1.64006e-05  7.72759e-61
 1.74419e-54  2.09414e-13
 6.98835e-07  2.59577e-64
   1.992e-46   0.00079681
  2.4527e-35  4.21492e-11
 3.09628e-66     0.297171
 5.10823e-08  1.10947e-61
 2.32348e-08   1.0371e-63
 9.55022e-22  2.35043e-17
 1.53106e-06  7.77112e-67
 7.56405e-22   1.0145e-05
 1.02706e-20  3.70494e-65
 1.65631e-43  1.46296e-09
 2.82763e-08  4.28823e-66
 1.89662e-07  2.46897e-65
 9.49908e-06  1.45716e-70
 6.00182e-30     0.558376
 5.57277e-42  1.92261e-11
 1.09565e-25   0.00319611
 4.07834e-21   9.0545e-65
 6.17859e-15  2.60124e-77
 1.38283e-14  1.78732e-75
 0.000417695  8.01944e-75
 9.94301e-33    0.0428425
 9.12372e-31  1.08745e-13
 1.59707e-55   0.00285732
 2.69799e-36  2.82788e-10
 3.55887e-46  5.59541e-10
 7.77656e-06  8.62923e-70
 2.06718e-35  5.50453e-06
 5.39292e-16  1.67028e-71
  0.00116703  6.22784e-77
 1.45619e-15  6.58113e-72
 1.83763e-05  2.49548e-70
 7.98813e-30  6.80086e-13
 1.70091e-39   0.00017053
 4.02302e-29  7.74213e-05
 1.74734e-41  2.00457e-12
  0.00552166    2.015e-76
 1.74151e-24   7.1026e-09
 4.92409e-15  1.69808e-72
 2.71956e-05  6.48267e-69
 2.54262e-27  2.91822e-10
   0.0181611  1.14313e-73
  0.00102858  2.99231e-68
 0.000446406  1.00376e-65
    0.169325  7.91718e-71
   0.0907609  7.43454e-69
 5.17985e-05  9.78883e-63
    0.601256  2.89334e-69
 1.75686e-26  2.10439e-24
 6.26795e-46     0.690411
 3.21543e-51   0.00185008
 4.56639e-05  7.05601e-63
   0.0122174  3.20269e-65
   0.0133471  1.57052e-65
  1.0347e-25    0.0339493
    0.935542  4.57824e-57
 2.45372e-53  1.20539e-05
   0.0224616    3.369e-69
 4.59355e-40  2.91052e-05
   0.0105046   2.7484e-59
  0.00807158  3.17351e-59
    0.936091  1.62094e-56
 2.50801e-67  4.50806e-17
  0.00785631  2.17192e-69
 6.91844e-07  4.94585e-68
 6.62534e-47   0.00375216
 5.35091e-58   5.5424e-24
  3.9836e-45  6.49374e-10
 0.000101811  1.53722e-59
 2.46165e-23  7.05499e-08
 2.05979e-45    0.0668332
 4.60522e-05  4.84462e-60
 7.22929e-40  6.87135e-18
 1.36951e-45  5.01101e-06
 1.60909e-68  1.94803e-23
 0.000350802  2.91129e-48
 7.61292e-40  6.62942e-10
 3.92694e-31  9.46651e-09
   0.0271901  7.52125e-55
 1.54565e-06  2.27736e-62
 8.37535e-28  0.000101102
 2.68778e-64     0.690409
 1.83434e-16  2.54553e-14
 9.82022e-07  1.37524e-61
 4.87745e-07  8.94058e-61
 2.88626e-76     0.309554
 9.03455e-21  6.47131e-82
 1.49975e-07  9.42294e-60
 0.000994095  8.80501e-48
 9.64748e-08   6.1442e-56
 1.82978e-22  1.04355e-16
    0.690442  3.92244e-57
    0.309549  4.37148e-59
 7.04275e-06  1.51893e-50
  6.5157e-05   8.1812e-56
 2.33146e-26  1.19345e-10
 1.56343e-44  2.18796e-09
 3.23396e-22   0.00801908
    0.309481  1.04561e-47
 1.04658e-51  0.000540834
 1.96428e-06  4.66793e-48
  1.2067e-05  2.44262e-43
 7.94251e-07  1.26062e-46
 1.43005e-56   0.00591651
     0.69039  4.31363e-48
 1.40952e-58  1.11875e-26
 3.77563e-48   0.00256099
  1.4469e-44  4.12298e-11
 1.55795e-08  5.20267e-44
 1.52982e-27  4.21779e-16
 2.96476e-46    0.0232883
 6.74516e-45  5.99203e-10
 1.47881e-18   0.00407636
  2.8855e-50  4.08841e-15
 1.11322e-40     0.204219
 9.04113e-09  4.70613e-43
 3.55376e-71  2.36488e-13
 3.06648e-09  1.39439e-46
 7.68534e-06  1.44125e-47
  3.4462e-06  2.46311e-47
 8.83757e-10  1.08221e-46
 1.20873e-10  2.66238e-43
 6.08818e-11   6.6349e-42
 1.00826e-13  7.17578e-38
 1.19327e-10  2.22647e-46
 1.77187e-27  0.000534512
 3.89338e-44  1.07872e-10
 4.32126e-42  3.44349e-17
 7.91993e-22  2.38645e-06
 2.14052e-13  1.55964e-38
 8.05914e-67    0.0865525
 5.04535e-11  1.15846e-45
 4.15189e-14  3.88923e-37
 2.19176e-69  2.44551e-20
 6.35911e-14  1.67063e-49
 5.97923e-17  2.29708e-34
 6.71374e-24  1.25553e-41
 9.07826e-13  5.53321e-43
 3.32683e-23  1.08891e-06
  3.6159e-37  1.02814e-11
  1.0801e-23  4.25804e-41
 1.34558e-35      0.17263
 3.69772e-16  2.86058e-36
 2.95995e-39  7.98749e-12
 7.28214e-26  1.39861e-43
 2.53142e-17  8.30416e-34
 1.12006e-46  1.69348e-05
 3.69004e-16  5.42953e-36
 1.25834e-14  6.83367e-40
 4.58327e-14  4.42683e-39
 2.72833e-20  8.09982e-05
 1.12257e-13    1.291e-38
 6.58824e-42  5.02775e-06
 8.71086e-15  2.25402e-41
  1.6851e-52   0.00094573
 7.91815e-19  2.02409e-32
  5.7116e-13  1.81071e-39
 5.00382e-32  1.22231e-11
 7.20624e-15  5.98712e-43
 1.82647e-23  2.81509e-13
 1.52497e-41  1.38896e-06
 9.37439e-29  4.37512e-06
 1.42167e-11  6.43779e-42
 1.48157e-34   2.2186e-10
 3.99556e-35   7.6191e-14
 2.75404e-11  6.80176e-42
 2.86279e-47  7.48034e-16
 2.68006e-11  1.68567e-41
 1.40919e-45  0.000167789
 1.49151e-45    0.0251951
 4.71507e-11  4.64361e-42
 3.72488e-20  4.69354e-31
 2.49977e-21  3.36599e-06
  1.4277e-67  1.73997e-18
 8.15618e-10  6.06006e-42
 4.83906e-10  9.22037e-43
  3.3271e-31  1.04356e-20
 3.64566e-37     0.012457
 1.54631e-09  9.40875e-42
 4.40549e-09  5.17624e-41
 1.36515e-08  4.22226e-33
 2.03687e-23  8.42137e-28
 2.93567e-08  1.02619e-32
 1.49524e-39  2.97921e-05
 8.79022e-24  1.93401e-27
 1.69864e-07  3.21772e-39
 5.25517e-57   0.00209432
 4.67061e-44   0.00224006
 8.81175e-28  9.72348e-24
 7.42551e-06   2.9618e-35
  4.2331e-26  2.79319e-05
 8.12081e-14  5.61267e-21
 3.44673e-34  2.76424e-12
 2.10432e-27  4.22894e-24
 1.12882e-56  1.80583e-05
 2.92228e-65  0.000536361
 7.40346e-06   1.5757e-37
 3.03945e-06   4.5209e-38
 3.02793e-72  3.82794e-18
 2.15505e-05     0.567555
  3.5598e-08  1.55683e-40
 2.23341e-08  3.90978e-41
 9.53534e-08   8.2613e-40
 2.88188e-35  2.42727e-08
 1.57461e-40  2.42347e-14
 4.97629e-27     0.615194
 1.36515e-42   1.4188e-07
 5.63657e-61  9.20001e-07
    0.626465  3.14421e-33
    0.219321  1.08161e-33
   0.0521248  4.78934e-32
   0.0744909  3.06109e-34
   0.0201655  1.36265e-31
 3.34517e-40  1.05216e-08
  2.9326e-55   0.00114452
 4.40397e-61  3.63433e-08
    0.686576  5.22983e-55
 6.18594e-77  2.82399e-15
 1.13782e-42  2.33119e-10
 1.13559e-69  1.23312e-15
 1.73877e-24    0.0662352
  0.00236399  1.06933e-30
    0.304419   9.0759e-55
 1.28724e-37   0.00865035
 1.40958e-44    0.0168739
 2.06461e-13     1.45e-20
    0.689257  2.91589e-46
  0.00752383  7.21262e-51
 6.49955e-29  3.28476e-07
 8.94685e-42  3.13812e-12
 3.58163e-23     0.630102
 8.25087e-42   4.9969e-13
 2.39085e-47   0.00320666
 1.33712e-44  8.65077e-06
    0.308221  1.74467e-45
 9.74213e-05      0.70311
   0.0129117  1.05788e-43
 5.90243e-45  2.25698e-06
  0.00208318  3.24499e-49
 5.45153e-54     0.560076
 4.75806e-05   5.0027e-51
 1.50883e-32   0.00407588
 0.000740718  3.15099e-48
 5.08024e-45  5.27904e-09
 1.45673e-12  1.61415e-43
 0.000139798  3.23864e-47
 3.64611e-07  1.52828e-39
 1.27903e-53  3.97253e-05
 5.47052e-71  7.06663e-15
 2.45476e-63   0.00762412
 3.52721e-09  8.34155e-47
 1.58276e-09  1.86454e-46
 1.63283e-07  2.03934e-39
 1.79434e-06  2.55158e-49
 7.00815e-11  1.29149e-35
 1.27993e-27  1.16106e-18
 2.40959e-49  2.36218e-09
  1.5625e-10  5.28963e-36
2.58839e-165 2.64976e-111
 7.10302e-19  1.13587e-27
 1.33158e-26    0.0302476
   9.967e-17     0.282954
  1.6106e-11  2.60247e-54
 1.29236e-08  1.69488e-50
 9.97592e-46     0.165674
 9.18406e-09  4.34319e-51
 3.68566e-10  4.80653e-53
 2.84624e-13  1.94754e-44
 6.03553e-13  3.45902e-45
 5.10544e-13  2.93079e-45
 2.47594e-12  1.06863e-45
  1.2348e-22  3.69405e-07
 3.13567e-26  4.37506e-09
 1.22024e-35  5.92671e-08
 1.39636e-53  1.54198e-09
 1.62826e-12  1.86088e-56
 1.72758e-13  4.50342e-59
 1.71827e-37  2.22542e-16
 1.32501e-12  1.87867e-59
 8.18098e-28  0.000408696
 9.05108e-48  5.08847e-13
 1.05758e-32  2.67999e-12
 1.54606e-59     0.551665
 2.64618e-12  5.17523e-59
 6.79346e-09  1.78656e-47
1.39979e-105  6.46668e-42
 2.34267e-08  4.09905e-49
 8.61033e-36  6.07331e-07
 6.27091e-08   7.5573e-52
 1.30436e-52    0.0139525
 6.84841e-10  3.16184e-59
 2.41369e-10  1.59408e-41
 7.19617e-10  2.07666e-40
 5.79021e-42  1.67057e-09
 4.35096e-18  1.50378e-36
 5.19503e-06  1.75633e-43
 6.43152e-08   0.00169375
 5.60031e-26  5.07805e-08
 1.90637e-09  6.12329e-39
    0.046198  1.91757e-50
 3.08856e-08  2.91689e-38
 2.65157e-56   2.3015e-05
 9.40695e-48  7.26242e-06
 1.01455e-33   4.1374e-17
 7.21017e-08  6.11792e-37
    0.685022  4.31768e-52
 1.66311e-20  0.000376488
  1.6694e-32   1.8271e-16
  1.0908e-27  6.67428e-10
  1.5917e-58     0.268344
      0.2998  4.71289e-52
 3.02849e-26    0.0932658
 6.58886e-33  1.74847e-10
 4.09107e-51     0.262269
 2.46427e-06  6.88019e-35
   0.0309465  1.36947e-52
 8.36202e-36       0.6901
    0.309554  1.28918e-38
 7.10967e-06  4.70287e-51
 3.20368e-20   2.3186e-05
 8.47753e-06  2.90505e-34
 6.37957e-53   0.00606653
    0.690446  4.71633e-38
 2.13216e-06  5.94261e-35
 1.02711e-46  4.91457e-06
  0.00134774  7.30851e-32
 1.54726e-67  0.000772585
 1.75324e-09  1.44603e-40
 2.24547e-06  2.41934e-48
 3.68071e-09  1.03646e-38
 9.99142e-08  1.03309e-36
 3.60985e-23  0.000460566
 1.43528e-46     0.309503
  0.00424958  2.37195e-31
    0.309216  9.92946e-31
 2.31845e-69  2.50952e-10
 0.000120311  2.11379e-33
    0.690177  2.57552e-30
  0.00036756  6.38961e-32
 3.86749e-48   0.00155118
 1.05211e-07  2.16558e-33
 2.36697e-56  2.56086e-05
   0.0011477  2.66217e-30
 5.68437e-05  1.04091e-26
 3.80979e-49    0.0202739
  9.1611e-05  2.00072e-26
 1.80795e-33   0.00189055
 3.51539e-27     0.178886
 2.34746e-07  5.21145e-33
   0.0086762  7.59716e-29
    0.690482  1.52657e-34
 4.69171e-35     0.635643
    0.309635  2.62393e-35
 5.32077e-17  1.06432e-13
    0.132553  1.38533e-27
 0.000424317  1.06344e-36
 1.50589e-39  3.63524e-08
 2.04491e-45     0.118645
    0.268881  5.84316e-27
    0.677856  9.74872e-27
 7.37486e-52  5.25923e-08
  8.2647e-10  9.59891e-18
 2.46458e-44  6.03947e-16
 5.82841e-50  3.36157e-10
 1.08792e-69  8.41163e-11
     0.55171   7.9584e-32
 1.18308e-66  6.19017e-13
 1.73528e-56   0.00029018
 2.57982e-06  2.67996e-21
 5.63467e-49  2.45273e-06
 4.71198e-55   0.00107211
 1.42268e-05  5.42358e-22
 4.25406e-05  1.51291e-22
 3.07046e-10   2.5719e-17
 1.78813e-07  8.41677e-23
 6.39481e-35  1.20768e-05
 2.40782e-56  6.50751e-14
 7.87131e-08  3.42384e-23
  0.00164525  1.90347e-30
 3.90563e-41  4.27088e-19
 5.04577e-47  4.52211e-05
  2.1641e-08  9.04192e-24
   0.0037289  3.20513e-30
  2.3478e-44     0.575291
 2.21407e-41     0.124484
 2.12365e-46  1.34318e-05
  1.0652e-61  1.51547e-07
 3.03189e-05     5.09e-28
 1.48483e-09  5.24478e-25
    0.306978  2.82592e-32
 5.44042e-25  2.14175e-05
 7.13465e-46  2.69916e-08
    0.688513  3.41641e-33
 3.65345e-55  1.48647e-05
  1.5809e-08  9.54675e-29
 3.46155e-06  3.95667e-29
 2.08521e-08  1.29012e-29
 1.58196e-08  3.45164e-30
 1.20129e-29   6.0428e-13
  9.4668e-20   6.8623e-05
 1.07134e-11  4.61102e-29
 2.67966e-43  1.56821e-06
 2.98589e-13  1.51114e-31
  8.3895e-13  1.95535e-30
  1.2582e-43  1.15297e-16
 1.76317e-09  1.81661e-32
 7.74569e-10  3.22622e-34
 6.22372e-46     0.636228
 1.18671e-64     0.659695
 9.37898e-10  2.42029e-33
 7.01427e-14  2.76411e-32
  2.8067e-14  6.66066e-36
 7.89871e-49  3.26296e-06
 3.15142e-14  2.65008e-33
 6.06108e-14  1.22518e-38
 8.80141e-05  4.16838e-39
  0.00170238  1.82768e-40
 1.42444e-05  5.79732e-44
 7.96795e-06  1.04162e-44
 1.25589e-10  1.99492e-35
    0.033662  5.18425e-42
 3.88004e-19  5.66073e-55
  1.5628e-34     0.580927
 6.46075e-23  4.35102e-11
   0.0785072  1.08625e-41
    0.560642  6.42753e-41
 4.74759e-10  7.22058e-35
 1.67469e-29    0.0117694
 9.75721e-26  2.81405e-11
 8.58562e-58  0.000409757
 1.67769e-07  4.50508e-37
 3.00787e-07  7.75106e-37
 2.48219e-07  1.57936e-36
 9.67117e-30  8.30389e-06
   0.0002126     0.340019
 7.41135e-09  1.16921e-33
 1.66944e-08  2.59808e-33
 6.64117e-17  2.54445e-14
 1.16189e-37  1.29968e-13
 1.21313e-36    0.0002163
 6.38209e-28  6.05272e-05
 4.20512e-34  1.94397e-11
 2.67638e-34  2.56701e-13
 6.80434e-06  4.71825e-35
 2.21463e-41     0.622044
 2.93196e-06  1.98886e-35
    0.309538  5.41675e-30
 1.72658e-34   0.00151421
 2.13456e-15  1.40579e-44
    0.690434  3.43949e-30
 4.84075e-53   0.00472403
 8.69001e-24  0.000286923
 3.96103e-65  2.43745e-19
 2.31301e-48  2.29033e-13
  6.1279e-35  8.05401e-18
 4.30049e-45      0.66448
 7.96818e-26  2.45463e-56
 0.000256272  8.33485e-27
 8.67158e-05  2.76845e-26
 4.29571e-48     0.690436
 6.61354e-12   1.2441e-41
 2.71706e-45  7.12878e-06
 7.94637e-41  1.24351e-06
 2.07747e-46  3.71095e-05
    0.689021     0.308038
 9.88146e-12  5.25277e-42
 2.74265e-30  1.93196e-24
 9.28343e-23  3.92831e-53
 2.82093e-05  7.71518e-26
 1.54127e-20  7.98295e-51
    0.555817  6.84387e-38
 2.02176e-41  5.31775e-07
   0.0482579   1.3696e-38
  1.4984e-71  1.59805e-15
 6.90345e-21  3.02788e-51
 7.51912e-35   6.8057e-18
 2.42621e-28   0.00800435
  0.00501949  7.15948e-38
 2.49569e-52  4.77197e-09
   0.0027748  1.65493e-37
 2.37299e-15  4.21846e-15
 1.88901e-43   0.00161624
 1.65709e-27  1.34284e-11
 1.47784e-12  1.34152e-18
 5.46376e-46    0.0341415
 6.69088e-13  6.01433e-19
 5.31416e-13   2.9256e-47
 3.77514e-08  1.06404e-32
 8.68356e-15  4.45456e-49
 1.50263e-14  8.55589e-49
 7.32381e-87  9.66521e-31
 9.17328e-61    0.0877816
 8.68589e-93  7.37578e-29
 1.24552e-15  4.03998e-25
  2.4823e-12   1.8641e-22
 9.42863e-22    0.0125757
 5.55893e-16  1.77028e-25
 1.38661e-10  2.41783e-42
 8.14968e-17  2.52838e-27
 1.22965e-50  0.000108128
 5.13108e-33    0.0195942
 6.40989e-26  2.19935e-06
 3.73414e-17  1.40849e-27
 5.56055e-12  8.34079e-23
 1.28164e-09   3.6349e-42
  0.00238275  2.98604e-55
 1.56553e-21  1.29914e-20
 2.01125e-11  2.76132e-44
 6.89697e-27     0.001913
 2.96694e-09  6.41885e-42
 6.26234e-07  2.08931e-39
 1.18195e-39  3.22764e-13
  0.00531554  3.87922e-56
   1.399e-06  4.21647e-39
 7.42134e-48  0.000677249
 8.79559e-61    0.0887859
 1.84355e-41  2.98164e-11
 2.04884e-53  2.10819e-09
 3.59618e-12  5.46968e-45
 3.53301e-55  9.80035e-14
 3.54688e-30  2.58784e-21
 6.21643e-48  8.35931e-15
 1.88862e-45    2.941e-12
 9.68145e-06    3.832e-29
 2.89912e-48  0.000334286
 2.09531e-22  8.22806e-17
 7.07916e-29  1.82656e-07
 1.94506e-27     0.106476
  0.00326179  1.30245e-31
 4.25265e-49  5.94481e-06
  0.00899755   4.7675e-32
 0.000180902  6.30573e-37
 8.98125e-50  4.77072e-07
    0.551706  1.18196e-58
     0.30794  1.30592e-33
 2.12523e-27  4.29325e-07
  6.1487e-46  7.51479e-05
  4.7339e-16  9.49458e-15
 1.50547e-41  1.71113e-09
 6.07798e-12  2.23683e-19
 5.79054e-45  7.36608e-08
    0.689179  6.77356e-34
 3.20922e-11  2.70868e-44
 9.60466e-58  1.71096e-05
 4.50211e-07  3.92414e-40
 5.74996e-40  7.14013e-13
 3.82049e-29  4.10075e-17
  2.4684e-05  2.31928e-38
 4.47551e-59  6.90775e-22
 1.12627e-05  1.04575e-38
 9.78392e-33    0.0748757
 6.25696e-05  5.71826e-38
    0.551665  7.63881e-38
 2.10013e-10   1.0853e-58
 2.22201e-15    1.681e-49
 2.44778e-08  1.84552e-41
 5.38922e-67  1.22239e-24
 3.25663e-45  5.57846e-06
 4.91935e-15  1.42158e-48
 5.76847e-58  5.17298e-08
 9.23031e-08  2.17739e-31
 1.44236e-15    4.578e-52
  4.3596e-16   0.00641606
 4.39432e-12   1.9582e-45
 8.27844e-09  5.89433e-42
 1.53344e-10  7.41916e-48
 7.84006e-42   0.00189853
 2.98816e-10  3.60229e-47
 4.58793e-22  6.05296e-07
  2.5514e-45   0.00114725
  5.3609e-29  1.21515e-05
 3.18799e-12  1.13271e-45
 1.04032e-47     0.309542
 6.41822e-10  8.31467e-48
 2.12851e-45  6.63724e-12
 1.73266e-69  1.59253e-07
 1.01279e-28  2.34112e-08
 2.66294e-12  8.94921e-46
 6.36537e-09  7.16224e-49
 7.82308e-46  1.68919e-05
 1.85701e-53    0.0131657
 1.23826e-28   3.7213e-63
 7.42853e-28  1.23401e-61
 5.26637e-69  0.000250171
 1.66193e-13   3.3878e-47
 3.09787e-28  1.13531e-62
 1.31576e-23  5.17326e-07
 3.12558e-28  3.73462e-13
   0.0497372  1.50883e-54
   0.0928018   3.8682e-52
    0.104878  3.23829e-55
 1.01653e-55  0.000356033
 0.000726201  6.12525e-48
 2.07165e-60  9.54985e-08
    0.581219  6.05292e-54
 2.36858e-27   3.5123e-07
 0.000324498  1.34568e-46
 6.14273e-19  3.67957e-56
 9.85412e-54     0.230812
 1.80398e-53  6.75405e-06
 5.53434e-13  7.42979e-43
 2.05861e-12  2.74819e-41
  5.6012e-16  5.27667e-50
 2.31403e-22   2.2144e-14
 7.56904e-41  2.27145e-06
 1.09212e-77     0.690446
 6.50443e-39  4.08651e-08
 6.74564e-42  6.39673e-12
 3.86527e-15  1.18463e-47
  4.6905e-34   0.00278709
 1.64362e-15  3.45809e-50
 4.22293e-11  2.57959e-39
 2.25162e-26  5.70583e-11
 6.61586e-27    0.0672036
 1.38259e-36  2.08273e-14
 8.07282e-13  4.68694e-38
 4.52723e-13  3.64913e-05
 7.01912e-08  4.49005e-80
  2.1658e-12  1.86976e-37
 3.31562e-08  1.00197e-78
 1.77211e-13  8.48947e-05
 1.87391e-17  2.25667e-42
 3.93315e-12  9.56741e-37
 8.37799e-18   6.6694e-43
  9.6431e-33     0.085221
 1.07384e-61    0.0725214
    0.551665  3.16487e-88
 2.33882e-21  6.25414e-05
 5.58805e-15  1.12502e-21
 3.02892e-42  2.40937e-09
 7.14935e-57  2.65963e-11
 1.62452e-16  8.81098e-10
 3.07986e-29  4.14626e-07
 1.56663e-52    0.0107912
 1.70145e-05  5.19295e-30
 8.42143e-45  9.48752e-09
  0.00745834  2.39376e-27
   0.0131194  4.50216e-27
 3.07041e-49  2.25046e-10
  7.1831e-49  3.95711e-17
  0.00087094  6.51902e-27
  6.5275e-26  7.72355e-11
 2.76623e-36  1.37629e-08
   0.0255476  1.05163e-26
   4.231e-42  8.22066e-11
 6.84076e-34     0.163028
  2.0118e-06  3.12899e-30
 5.47666e-56     0.552593
    0.553154  1.97933e-25
  0.00185694  2.44727e-26
 8.29034e-34  1.09498e-11
 3.58863e-43  7.61979e-10
 1.40911e-67   2.7631e-12
 9.80894e-08  6.52795e-29
 8.34384e-07  1.17125e-30
 3.88636e-24  6.44628e-10
 1.55729e-37  1.45081e-12
 2.54574e-39  0.000112155
 9.95387e-46  4.73768e-08
 2.09554e-45   0.00662803
 9.10639e-31  1.95055e-05
  6.4892e-41   1.9998e-05
   0.0087329   1.4693e-26
 7.50173e-39   2.9402e-10
  0.00604689  2.25052e-23
 8.15869e-57  2.61984e-10
 2.18412e-35  5.23688e-11
   0.0028493  2.07836e-23
 3.89027e-20  8.27192e-66
  0.00066919   1.7257e-22
 1.51641e-09  1.70033e-33
 1.49041e-10  7.68381e-35
 6.09728e-10  4.61587e-34
 4.98929e-33    0.0687206
  4.8035e-59  9.60615e-08
 5.50032e-14  7.85293e-39
 1.27255e-12  8.99836e-14
 2.20119e-06  6.41295e-20
 8.31591e-37  4.55746e-12
 3.03578e-51     0.188182
 8.96301e-46  5.62494e-06
 2.18643e-14  9.16992e-41
 1.75177e-35  7.52206e-15
  4.3499e-14  1.79577e-30
 1.91563e-14  7.28441e-31
 2.55434e-08  1.04481e-24
 6.87884e-21  2.04457e-39
 1.59998e-47   2.7337e-07
 2.47379e-30  3.40152e-06
 1.62599e-08  2.22476e-24
  8.3156e-58  3.74722e-13
 7.78818e-16  3.08344e-32
 2.77112e-10  9.29618e-29
 3.06147e-21  5.53473e-40
 3.90479e-17   1.1914e-33
 4.92502e-06  5.10709e-27
 1.63776e-17  5.07225e-34
 1.18742e-49     0.551695
 2.98296e-18  5.96296e-35
 2.51919e-05  1.83278e-28
 1.80484e-07  4.09923e-31
 1.25591e-39     0.672862
 1.10958e-07  1.86374e-31
  0.00979826  2.99566e-30
 1.09625e-20  1.88934e-37
    0.011945  1.35925e-30
 7.52717e-40   3.9231e-11
    0.562968    4.904e-32
 6.44521e-46   1.7567e-14
 4.22101e-24  1.37284e-06
 3.95556e-56  0.000795309
 7.99338e-24  3.71652e-41
 7.61845e-09  9.44477e-37
 3.91584e-52  1.35897e-06
 8.02479e-24    3.215e-41
 2.24379e-38  5.15257e-17
 7.40079e-34  4.55927e-56
 1.78782e-49  3.92859e-10
 1.16057e-61  4.29015e-06
 1.27801e-30  0.000140495
   0.0789264  6.31989e-33
 2.57944e-10  2.13081e-38
 2.15051e-10  4.38697e-39
 1.42009e-48  1.83097e-06
   5.742e-60     0.551667
 2.43463e-29     0.034181
 1.56447e-10  4.87068e-39
 1.96367e-21  5.52609e-06
 2.38527e-34    7.298e-14
 1.73302e-14   0.00170267
 8.87384e-14  1.01183e-44
 5.87991e-75  6.23719e-15
 2.04246e-52  0.000549747
 3.41645e-54  0.000353823
 9.90892e-54   0.00891736
 2.59362e-16  3.94823e-10
 9.09024e-29  0.000318399
 1.77199e-29  7.30913e-63
 1.41899e-41  7.59527e-12
 3.92379e-29  8.71793e-66
 4.26765e-42  1.33594e-11
 2.14678e-43  1.49135e-11
 2.00073e-12    2.305e-46
 1.27559e-40  0.000266856
 6.7417e-106  2.90091e-42
 1.31499e-31  0.000594948
 4.31339e-81     0.999941
 9.33628e-13  1.82435e-47
    0.309487  9.85587e-49
    0.690396  4.61257e-49
 3.26919e-35     0.552648
 5.78238e-06  1.17849e-53
 1.23128e-05  1.39816e-54
 3.76228e-05  1.03435e-53
 2.50657e-16  1.71482e-34
 1.12405e-16  3.86546e-34
 2.18968e-11    1.801e-60
 8.87396e-12  5.31765e-61
 1.13552e-35   0.00172888
 2.65584e-12  1.89962e-61
 8.37602e-41    0.0405935
 1.44058e-12  7.49924e-62
 4.26038e-17  2.41165e-62
 2.98377e-14  1.21808e-63
 2.48011e-69  2.26375e-15
 3.11553e-33  1.14984e-09
 3.00405e-38  1.04715e-09
 5.85691e-49  1.37918e-06
 2.08761e-17   1.0379e-62
 3.55613e-42  7.20632e-88
 5.56956e-16  1.46892e-65
 2.51909e-16  3.78042e-66
 4.43089e-43  0.000714328
 5.67797e-22   4.5009e-39
 3.89346e-26    0.0373163
 8.56967e-42  6.05975e-85
 1.29424e-21  9.31968e-39
 5.67686e-46  1.39277e-05
 3.71747e-46     0.689929
 6.48079e-26  2.72274e-10
 5.90425e-68  5.43415e-19
 9.25854e-54     0.152104
 7.20612e-21  1.58773e-61
 5.39565e-32  4.66228e-15
 5.62944e-41  2.04015e-09
 8.15689e-40     0.284612
  3.1766e-21  3.63395e-60
 2.30041e-40  3.15621e-81
  1.8067e-25  2.37338e-55
 2.83997e-20  5.50641e-45
 1.24598e-20  1.65342e-45
 7.33799e-26  3.68452e-56
 4.67405e-14  1.31804e-38
 3.52532e-42    1.023e-11
 1.87168e-26  1.63405e-22
 1.49902e-45  5.18603e-06
 1.57862e-33  1.65471e-65
 7.48766e-34  2.83287e-66
 6.45221e-35  3.00882e-69
 5.29794e-36  1.03146e-72
 2.23376e-18   0.00632124
 2.10705e-10  4.51023e-41
 6.10122e-36   9.9307e-73
  2.1332e-53   0.00236579
 1.23119e-66   0.00171992
 4.77422e-10  2.15834e-41
  1.1504e-46  1.23417e-12
 2.20066e-11  9.40942e-40
 9.67635e-46     0.308864
 3.10175e-31  1.04772e-76
 9.87106e-18      0.21218
 0.000101922  3.82143e-47
 5.94918e-12  4.39274e-39
 0.000230732  4.15255e-48
 6.29968e-36  8.55222e-11
 6.93384e-31  2.05574e-76
 2.56349e-16  2.30458e-61
 1.08864e-08  4.21527e-45
 5.13239e-32  1.50013e-08
 2.05192e-20  5.66037e-05
 2.83838e-30  2.99033e-13
 1.58729e-56  0.000275312
 1.10783e-40  4.22653e-05
 1.86748e-16  7.96015e-62
 7.90838e-32  2.32858e-20
 1.97513e-50  3.96956e-09
 9.07573e-24  8.91093e-26
 3.05385e-47  0.000211018
    0.018039   2.9289e-51
 9.68159e-42  2.34438e-16
 5.07248e-12  7.56857e-42
 4.50466e-09   1.0616e-44
 2.05998e-27  6.19909e-05
 1.94117e-40  4.73647e-06
  9.5519e-10  4.23255e-44
 1.61986e-45     0.683615
    0.554928  6.97335e-53
 9.87606e-28  1.48843e-12
  0.00328958  3.41868e-55
 7.97416e-27  5.16719e-24
 9.98303e-38  2.82596e-10
   0.0100297  9.42712e-55
    0.041262  3.95056e-54
 2.79028e-25  2.50698e-09
 6.93509e-45  2.42146e-18
   0.0176314  1.90441e-54
   0.0028998   1.9524e-55
 2.26628e-05  3.64618e-55
 2.46471e-14   0.00096896
 2.40906e-34   1.5648e-07
 0.000979814  6.32159e-56
 1.48813e-26  9.31152e-10
 7.69695e-18  4.05587e-20
 5.03531e-06  2.81526e-20
 1.94498e-35      0.30909
 1.48877e-28  0.000349425
 8.42877e-05  7.49142e-54
  0.00342991  5.19911e-56
 0.000187247  1.67561e-53
  0.00455741  1.07102e-54
  3.7977e-35    0.0593331
 5.74688e-18  1.16991e-36
 2.13166e-50  1.75078e-08
    0.202621  2.24086e-53
    0.618073  9.97732e-54
 1.29547e-10  1.67741e-59
 1.31209e-17  5.08477e-37
  0.00220296  3.07711e-51
 2.03742e-25  6.85704e-16
  0.00167979  1.40407e-51
 3.36943e-08  2.64901e-56
 3.13466e-15  1.73225e-39
 1.02233e-67   6.1816e-08
 1.97933e-25     0.689516
 1.65537e-55    0.0335371
 7.46039e-08  6.47408e-56
 1.58873e-48  1.35619e-06
 1.08682e-56  2.21606e-11
 3.43444e-30     0.561845
 2.16985e-41  1.80449e-12
 1.07261e-38  2.45748e-07
 1.79262e-11  3.48133e-43
 5.60131e-43  6.61062e-09
 6.43324e-12   9.6879e-43
 3.40275e-27  7.03937e-16
 8.66335e-13  1.70031e-44
 4.04552e-13  7.82506e-45
 1.26061e-30  8.12469e-21
 1.47638e-21  1.12881e-48
 5.29195e-19  3.56584e-46
 3.94037e-40  4.38989e-08
 5.04951e-17  4.25177e-48
  3.0365e-14  1.48189e-48
 1.04149e-16  2.74589e-48
 1.03206e-12  4.81799e-50
 1.01381e-12  2.06167e-50
 4.94137e-53   6.7726e-06
 1.05153e-50     0.551718
 2.97444e-63   0.00322281
 3.89527e-37  6.10644e-13
 2.77011e-42   5.0845e-16
 8.91166e-08    0.0023479
 1.65623e-35  3.34425e-18
 9.10544e-12  5.56223e-51
 2.62467e-11  1.58923e-51
 1.21442e-44  2.70675e-16
 7.81991e-16  8.92832e-52
 4.17773e-64     0.272954
 2.90563e-10   1.4638e-52
 7.39926e-29  1.55012e-05
 7.04197e-10  2.81771e-52
 3.01918e-20  4.51373e-48
  4.6085e-46  1.05658e-07
 5.02442e-65  1.60746e-06
 5.08748e-09  5.40601e-50
  6.7879e-34     0.205552
 8.14738e-43  5.07642e-15
 8.21433e-19  3.81472e-47
 3.73996e-57  3.46738e-06
 4.44777e-24  1.33814e-08
 1.11515e-25  9.28326e-17
  2.1033e-48  4.53814e-20
 6.52001e-42   8.8503e-10
    9.98e-49   0.00550202
 3.25504e-32     0.164378
 1.83546e-18   3.2053e-47
 1.08852e-36  6.93218e-15
 8.15594e-26  6.55459e-10
 2.53223e-43  1.21278e-07
 8.27563e-58  6.90928e-05
 1.03824e-49  2.15272e-09
 3.68819e-06  2.28999e-46
 2.80791e-45   6.6685e-17
 1.11749e-56  1.73375e-05
    0.242389  1.54571e-54
 3.12574e-22  1.51297e-43
    0.656019  1.03754e-52
 1.09386e-05  5.72392e-46
     1.01065  3.99145e-50
     1.00404  7.64376e-50
 4.91658e-72  1.91844e-10
  4.3373e-34    0.0390106
  7.1235e-07  5.63972e-57
 2.56493e-40  4.95223e-07
 1.03248e-64  1.15833e-19
 3.71537e-05  3.87997e-45
 1.21739e-06  7.28699e-56
 8.53354e-11  1.46206e-39
 1.71819e-20  6.82061e-21
 2.76538e-14  0.000645837
 2.10157e-11   1.1944e-38
 1.85208e-11  2.46627e-38
 4.38214e-10  6.44446e-40
 4.48057e-14  1.84512e-28
 1.08638e-09  2.20015e-40
 1.05886e-13  4.27878e-28
 5.99965e-15  1.95849e-26
 7.26791e-52  1.20771e-08
  3.6937e-55  1.29641e-05
 6.00538e-27  0.000136675
 7.78123e-08  4.15417e-33
 1.34369e-08  3.16686e-41
 5.92073e-13  2.03226e-28
 4.76133e-15  2.64608e-52
 2.06142e-71  1.10842e-13
 1.19405e-63  0.000124911
 1.59908e-06  1.86566e-39
  2.7624e-35     0.128908
 5.94894e-23   0.00194577
 5.99429e-51   7.7567e-08
 4.87506e-40  4.12708e-11
   1.989e-06  3.91702e-39
 1.01185e-20  7.21162e-06
 2.81658e-34     0.237978
 1.30929e-05  4.94003e-40
 1.32843e-25  1.71371e-08
  0.00255616  3.88258e-40
 3.19558e-26  1.31789e-06
 4.68342e-45  9.81015e-10
 1.61035e-06  7.21583e-35
 3.16373e-31   0.00244821
 1.15051e-06  6.14258e-44
  2.2304e-35  8.88263e-16
  0.00600083  9.22867e-40
 3.07456e-33  3.31372e-12
 5.18221e-10  2.32249e-38
 0.000136462  8.56349e-37
  0.00193977  5.89617e-38
 3.14586e-70  7.13004e-08
    0.552111  1.99749e-40
 4.55755e-06  2.72949e-38
 2.46291e-73  3.92946e-19
 2.10675e-06   1.1622e-38
   5.037e-31    0.0838412
 1.32702e-19  0.000378346
 1.96709e-08  6.36598e-48
 2.53224e-41  2.91196e-09
 8.82014e-09  1.98015e-48
   0.0146168  5.08258e-42