  7.2796e-08  1.13509e-45
 4.20496e-34  3.65819e-17
 1.49032e-07  2.38066e-45
   0.0568606  1.04517e-40
  1.6385e-08  1.09126e-46
 1.43194e-06  2.95055e-39
   0.0397088  5.18597e-40
 2.81402e-27  1.49423e-08
   0.0797956    8.306e-40
    0.053589  9.24889e-40
    0.708277  1.30035e-39
 1.05769e-34  2.37267e-14
  5.3903e-07  9.64412e-39
 6.04874e-40  5.12484e-11
 3.56794e-22  9.23695e-07
 4.52834e-53    0.0707005
    0.780067  5.16184e-39
    0.325593  8.70583e-39
 4.39394e-63    0.0116803
 1.85955e-07  2.56306e-38
    0.636682  1.57454e-38
 1.07588e-25  5.03522e-05
 0.000165117  4.66436e-46
 8.47256e-06  3.63481e-44
 2.30793e-24  5.95488e-09
 5.22248e-25  2.76545e-16
 4.77464e-23  0.000114863
   0.0386709  1.50018e-37
   0.0758564  1.60352e-37
  0.00233214  6.42594e-41
 1.95403e-55  4.18923e-24
 8.48716e-09  1.67173e-38
  0.00518862  1.50264e-40
  0.00158034  9.90185e-42
 5.95111e-21  1.20581e-05
 1.03029e-30  4.88592e-09
 1.68312e-36  9.46463e-10
 2.38814e-16     0.671012
   0.0154424  5.68434e-37
 3.92579e-64  2.78016e-13
 0.000713636  1.83584e-35
  0.00273115  1.57987e-41
  9.3813e-55  2.65744e-05
 5.55311e-32   0.00428661
    0.307918     0.690522
 1.87281e-50   2.3311e-09
 1.72234e-84  2.17407e-30
   0.0339811  1.26354e-39
 1.31583e-56  2.55281e-07
 1.51257e-19  5.59719e-27
  0.00780142  4.42104e-41
 3.37976e-44  3.25841e-06
 8.75985e-19  7.81334e-09
    0.102552  7.83017e-40
 0.000205546  6.38605e-35
 9.92238e-06  1.92897e-34
 7.37855e-36  1.34502e-06
 1.84728e-52     0.157804
 3.42443e-39  0.000801757
 1.01829e-28  1.75392e-17
   0.0656936  3.52089e-45
 5.51503e-68  1.45724e-19
  2.0524e-05   3.9666e-34
  1.0595e-05   5.3661e-34
 8.02243e-29  2.60022e-06
 1.57462e-43  0.000249869
 1.14988e-52      0.66867
 1.90459e-40      0.30035
 4.60525e-40     0.306656
 1.97428e-47  0.000896017
 3.78298e-45  4.05957e-09
 5.45535e-37  1.45619e-14
    0.568231  2.32526e-39
    0.616241  4.58959e-46
   0.0145977  2.36566e-47
 3.12977e-17     0.687939
 4.26859e-05  6.17081e-32
 2.49065e-33  1.97344e-08
 1.06166e-27  9.15095e-07
 1.73189e-05  9.64099e-32
 9.05509e-55  3.50209e-05
 2.21608e-31    0.0361838
 1.33301e-41    0.0237291
 4.20794e-58  3.99777e-08
 3.48246e-33  3.10326e-07
    0.195368  2.53421e-46
 0.000283868  2.07214e-31
 5.44288e-47  9.16846e-07
  7.3888e-06  2.94506e-31
  2.8512e-26  0.000189908
   7.553e-17  2.51592e-14
   0.0819815  3.98878e-46
   0.0188203  5.17852e-47
  3.2297e-05  4.06198e-35
 1.01826e-23  2.59232e-08
 1.79087e-05  7.89637e-35
 1.27174e-07   1.2823e-34
    0.557217  1.03173e-29
  0.00440636  3.20107e-28
 4.16412e-15  1.43847e-15
  5.9805e-19  1.07645e-63
 3.13353e-39   3.3337e-12
   0.0308696  2.07354e-29
 2.78678e-07  2.86403e-34
  9.5373e-28  4.47201e-08
 1.06792e-28   1.0132e-05
   0.0538344  8.40241e-29
 7.17681e-14  3.56329e-33
 4.19657e-45  6.21248e-07
 4.71818e-56  5.87867e-07
 2.56499e-34  3.87551e-09
 2.10204e-14   2.8168e-16
 1.02626e-22    0.0855388
   0.0131728  2.06987e-29
 1.74339e-50  3.02262e-10
 2.87645e-54  0.000341651
  0.00648471  6.08054e-28
 0.000349405  3.95078e-31
  0.00732212  2.49657e-28
 7.33419e-08  9.71306e-23
 3.23306e-38  1.59809e-07
 3.86462e-62  7.67532e-13
 7.01545e-55    0.0003717
  0.00295411  8.77092e-28
 3.28798e-08  2.16661e-22
     0.30955  1.11787e-39
    0.690456   2.5158e-39
 0.000257215  7.79107e-30
 1.35743e-39  7.66085e-12
   0.0214841  2.47017e-33
 1.49692e-56  6.79705e-08
  0.00735702  4.95349e-33
   0.0614443  7.86288e-34
 1.09796e-57  1.03096e-08
 2.20208e-14  6.20903e-17
 1.94456e-12  2.16532e-27
 8.32093e-13  6.68118e-27
 1.56645e-12   1.9314e-27
 8.99442e-08  5.03712e-30
 2.34505e-54     0.591855
    0.179094  3.21687e-35
    0.609606  8.14322e-35
 1.87594e-23  8.59668e-11
 4.03211e-08  1.12298e-29
  2.3718e-55  2.47869e-26
 1.02919e-26  0.000139834
 2.48332e-63  3.05998e-16
 1.69721e-05  1.12002e-36
  2.8645e-25    0.0121321
 1.35816e-55    0.0297354
 2.04081e-26  1.97281e-09
 7.18424e-17     0.221828
 2.68127e-19  4.72038e-64
 3.27263e-06  5.37831e-36
 4.99688e-34  6.19883e-13
 2.66282e-06  3.43104e-36
 2.93702e-27  3.97888e-12
 7.79295e-06  8.01091e-37
 1.03917e-08  7.97809e-23
  0.00228064  3.85122e-37
 5.15534e-09  3.30576e-22
 2.31281e-30  1.50833e-13
   0.0114339    1.587e-36
 4.31099e-28  6.64397e-22
 9.33764e-44  6.49582e-12
 1.20026e-20  3.37163e-05
 8.18803e-07  2.31699e-25
 5.36239e-09  1.24423e-22
 9.81937e-31    0.0626337
 1.59318e-49  9.11899e-07
 1.03728e-28  3.11286e-05
 2.96697e-06  5.09163e-25
 1.07971e-52   7.2877e-07
 1.06625e-60  2.45707e-21
 3.32699e-05  1.66824e-37
 1.00959e-47   1.5095e-07
 1.49478e-05   3.6264e-37
  0.00013953  9.74595e-31
 4.95142e-35  4.18354e-16
 1.53004e-50     0.551709
  5.1947e-36  1.17383e-15
 7.28791e-06  2.17227e-25
 3.89993e-40  1.33534e-12
 1.05891e-20  0.000226991
 0.000429892   2.3848e-30
  0.00240472   1.3417e-29
 1.75265e-31     0.640808
 0.000171631  6.85078e-31
 7.54372e-53        0.686
  0.00109756  2.85709e-30
 9.34883e-07   9.6387e-38
   0.0284844   7.7487e-30
 1.06761e-60  2.86535e-24
 0.000602101   6.4332e-31
 3.80296e-53     0.229689
 0.000753803  5.31326e-31
    0.555978  2.47707e-30
  2.5422e-15  2.47937e-21
 2.47213e-34   5.5744e-14
   0.0117551  5.26531e-32
   0.0426211  1.90012e-31
    0.014878  6.65393e-32
 0.000502879  1.19871e-32
 5.88808e-10  1.35293e-40
  1.4538e-23  3.77675e-08
 8.05324e-10  2.54616e-40
 3.40771e-35  1.49766e-17
 2.26606e-31     0.690448
 2.14415e-40  9.25937e-11
 5.09035e-14  8.97123e-50
 7.54905e-52   0.00176151
 1.12427e-38  3.83061e-07
 5.72565e-45  1.02119e-05
 4.72413e-10  1.44476e-37
 9.48614e-07  3.56779e-35
 5.05393e-31     0.309552
 2.29698e-40   0.00397207
 2.44869e-06  1.20837e-34
 4.46693e-33  8.08155e-11
 1.07265e-44    0.0346878
 1.17851e-50    3.156e-08
 1.20696e-07  2.90411e-29
 6.16931e-31  0.000357595
 2.65201e-57   0.00076284
 7.04072e-10  6.47907e-38
 3.45659e-06  3.29138e-34
 2.67762e-09  6.97281e-31
 1.39187e-23  0.000264918
 1.60651e-63  0.000298366
 3.51975e-58  0.000103773
 6.13873e-06  9.72342e-34
 1.32037e-05  1.61235e-32
   1.789e-45     0.103652
 4.83728e-48    0.0552074
 1.68843e-32  0.000873025
 3.47518e-05  3.54806e-36
 5.42159e-42  1.74578e-08
 0.000158093  1.71982e-35
 1.30434e-47  1.66256e-15
 4.15762e-54  3.48039e-31
 2.00038e-05  1.53093e-36
 0.000165985  1.30985e-33
 9.57188e-26     0.301305
  1.3004e-42   7.6963e-09
 1.64648e-62  4.97428e-09
 1.08151e-29   0.00968698
 3.24108e-27  5.34472e-19
 0.000936841  2.60267e-34
 1.03682e-23  6.14395e-07
  0.00227949  1.07609e-34
 1.81575e-47  7.36017e-08
 8.92303e-29   0.00114903
  3.3428e-05   2.5758e-37
   5.769e-31  7.32637e-06
  0.00393369  4.33587e-45
 4.59945e-06  4.93304e-49
 9.19948e-13  8.31511e-42
 8.71208e-06  2.11344e-49
 4.16753e-13  3.76162e-42
    0.554469  3.80853e-37
 3.75631e-05  4.81756e-50
   0.0609003  1.81917e-38
    0.688047   7.4433e-43
 1.24239e-10  2.15274e-28
    0.306835  1.58671e-42
 1.40569e-45    6.318e-17
 1.73282e-68  1.73119e-14
  1.3497e-33  1.16272e-07
    0.197885  3.45822e-39
 3.28864e-13   2.9454e-42
 9.91804e-88  3.42001e-29
   0.0213099  2.35119e-41
 9.89328e-14  2.11774e-45
    0.642368  1.10218e-39
 1.38604e-33  1.76472e-08
 2.89631e-72   0.00873042
 2.26573e-25  3.63769e-14
 2.61049e-36  1.81225e-14
  6.1842e-22    0.0328097
 4.68042e-52   0.00439163
 1.69306e-35  2.32301e-06
 3.77278e-24  0.000122896
   0.0110035  8.20829e-41
  0.00128597  1.03232e-41
 3.53171e-45  6.76413e-09
    0.149379  2.73689e-40
 5.65558e-41     0.100963
    0.308594  6.54993e-54
  5.7551e-42  1.26066e-10
 3.41516e-29  2.81661e-05
   0.0350651  6.41873e-41
 3.23893e-49  7.94206e-06
 1.35593e-47     0.557259
  1.4615e-28  1.82012e-06
   0.0035796  2.62213e-41
  0.00773449  1.57612e-41
  0.00882044  1.80275e-41
 2.50372e-37  3.41504e-05
 5.75484e-25   0.00771758
 2.67729e-39  8.01482e-10
 1.62993e-72  4.39901e-10
   0.0706062  5.07049e-42
  0.00371352  1.28792e-41
 6.94342e-35  1.66835e-11
 1.98301e-10  1.77702e-39
 4.82786e-39  7.23636e-05
    0.689733  2.91436e-54
 2.85297e-36  1.14516e-07
 5.34623e-35  0.000854547
 6.30365e-10  5.64934e-39
    0.639029  4.39944e-41
 6.79252e-15  1.36002e-23
  1.0177e-13  9.10755e-43
 1.48372e-13   1.3282e-42
    0.132084    3.559e-41
 1.61857e-52  2.00461e-05
  3.7798e-52  1.22788e-07
 4.17066e-48   3.0493e-06
     0.21576  1.30909e-40
 4.00409e-43  0.000658893
  3.6612e-08  4.99409e-36
 2.28508e-06  1.17023e-35
 1.97504e-52  4.14063e-06
 1.15729e-29      0.60779
 9.52142e-35   4.4706e-07
 8.93172e-08  1.21761e-35
 6.96139e-07   3.8956e-35
 3.59354e-28  5.31899e-13
 3.80702e-10  1.29018e-37
 8.96689e-10  3.01461e-37
 1.85133e-23  3.08499e-11
 1.22962e-30  4.37803e-24
 2.17369e-35  1.74724e-09
 1.11725e-16  5.41549e-52
  3.1479e-06  1.84686e-43
 9.47527e-59  1.81785e-09
 3.72897e-28   0.00242446
 1.28433e-08  2.33132e-33
 1.78479e-06  4.62831e-43
 3.21003e-48  1.86911e-05
 5.80429e-09   5.1945e-33
 1.01575e-41  3.78548e-09
 3.92296e-16  1.25033e-33
 1.73882e-52  5.83738e-07
 3.72458e-41    0.0196617
 1.31871e-36  8.74977e-15
 1.42845e-56   7.7633e-10
 2.09217e-08  3.62186e-41
   2.317e-07  3.26341e-42
  7.8434e-70     0.999889
 6.90308e-08   1.1843e-41
 2.13689e-11  1.17771e-30
 1.67904e-34  1.08826e-10
 4.01047e-37  4.38198e-13
 6.14132e-12  2.97786e-47
 7.13355e-13   1.2509e-29
  1.0033e-08   4.8665e-44
 3.28142e-50     0.679263
 1.29932e-10  6.30128e-46
 4.04478e-12  6.42132e-30
 2.25784e-14   3.5306e-38
 1.87709e-13  1.15899e-28
 1.40689e-14  7.37843e-38
 7.84007e-58   3.9091e-17
 9.16634e-20   2.8593e-25
 1.07172e-35   7.0902e-14
 5.24438e-14  5.50734e-28
 1.56893e-13  2.86397e-29
 2.27562e-45   0.00883475
    0.013377    0.0294296
 4.48915e-57  2.62254e-14
 4.04552e-14  2.48729e-28
 2.38184e-10  3.57869e-39
 4.36676e-23  1.13109e-07
 6.04279e-19  2.58296e-23
 6.59976e-57  3.85453e-14
 5.76629e-56  1.61226e-10
 7.90026e-19  3.44215e-23
 5.47572e-10  8.25926e-39
 1.66465e-28  2.26885e-06
 3.37291e-19  1.24793e-26
 1.73445e-09  2.34249e-38
 6.22099e-27     0.561089
  1.2539e-56  6.12437e-11
  2.6859e-30  5.88229e-09
 1.90216e-12  2.46775e-32
 9.73251e-49  9.77073e-08
 2.02509e-23  1.89343e-25
 2.68502e-27  0.000583286
 9.69618e-33  3.29391e-12
 5.00093e-09  6.75952e-38
 7.22891e-36   1.6226e-05
 1.86777e-59  3.62164e-10
 6.07693e-39  6.20438e-10
 4.44382e-12  1.05675e-32
 4.16986e-21  1.79854e-06
 1.82915e-24  2.79817e-14
 1.63105e-10  2.90821e-34
 2.87725e-10  9.36254e-41
 6.17334e-50  9.71279e-07
 1.42462e-58     0.675573
 2.73603e-41  1.11358e-12
   3.905e-08  5.56045e-37
 3.68335e-37  8.36769e-17
 1.10107e-22     0.221687
 6.98016e-73  1.89017e-10
 3.69804e-10  1.27799e-34
 2.34189e-54  3.11043e-05
 1.69418e-45  3.07215e-09
 2.95846e-12  5.22986e-36
 1.15624e-07  1.31595e-37
 6.48514e-41     0.619017
 3.43291e-58  1.75561e-17
 6.55046e-12   2.6738e-36
 2.28074e-07  1.64614e-37
 1.40214e-11  4.74667e-37
 8.17364e-63   0.00173648
 1.94751e-24  5.78173e-09
 1.02495e-39  7.64034e-05
  7.9713e-10   2.5943e-40
 8.25607e-72  2.34815e-23
 5.40671e-14   0.00288257
  7.3238e-07  5.81862e-38
 2.57238e-43     0.655482
 2.89455e-11  2.13764e-37
 7.01554e-10  2.66142e-38
 2.53228e-31  3.21351e-06
   1.395e-07  2.38298e-44
 3.83657e-13  4.57139e-47
 2.12618e-40     0.687889
 1.07338e-52  2.57016e-12
 2.13836e-13   2.4304e-47
 3.22887e-07  9.86842e-45
  0.00020519  2.10091e-40
 5.89097e-65     0.551864
 6.15477e-34  3.38326e-08
 2.92349e-12  8.94111e-06
 2.47971e-45  8.47426e-06
 0.000597107  7.02028e-41
  1.7256e-39  1.66712e-07
 1.38376e-52     0.303589
 7.49243e-40  0.000181975
 6.38612e-07   3.6469e-41
 4.47225e-33     0.613086
 1.31339e-06  2.22854e-45
 1.09922e-49  7.17468e-07
  9.0697e-14  0.000132357
 1.42704e-06  1.63394e-41
 1.98295e-08  4.70324e-44
   0.0107578  3.95462e-42
  7.1062e-05  2.97834e-43
    0.029621  1.38741e-42
   0.0011007  1.30015e-46
   0.0267622  6.34513e-43
   0.0325171   3.8306e-45
       0.583  6.89469e-44
 2.93851e-30    0.0356569
 2.08157e-05  7.73455e-44
  0.00188368  2.19458e-46
 2.50179e-35  9.12677e-12
 9.21052e-28  4.55675e-11
 4.19951e-07  4.67479e-50
 1.08971e-30  2.98117e-21
    0.129907  1.68345e-44
 0.000468028  5.32813e-47
    0.551665  1.62795e-51
    0.171465  2.27312e-46
     0.12817  6.70563e-46
  1.4245e-40     0.205984
 8.39817e-49  1.00811e-10
    0.637722  1.50036e-46
 0.000152131  1.68524e-47
    0.152795  9.92087e-47
 1.26949e-57  8.81452e-08
 3.43705e-27  3.38124e-05
 1.60126e-46  7.72027e-07
 8.03671e-55  8.63569e-06
 1.24738e-62    0.0052051
  0.00176676  2.14452e-48
 3.10702e-29  1.69018e-05
 3.58467e-28  7.66888e-05
 7.61348e-67  2.39591e-19
 8.07248e-25  1.23454e-14
 6.72087e-58  1.35615e-20
  0.00112919  3.95849e-49
 1.76395e-42   0.00485314
 0.000576996  1.98955e-49
 8.69293e-38  4.45776e-13
  0.00528367  3.74979e-48
 4.64774e-52  8.36179e-13
 3.51772e-08  3.00647e-51
  1.5199e-06   1.5924e-49
 3.65418e-05   1.3761e-50
  8.0326e-21   9.3372e-07
 2.20981e-27  5.64042e-12
 5.18884e-05  3.31163e-50
 2.11916e-64    0.0569101
 1.13329e-07  1.06873e-50
 1.87551e-41  2.79015e-13
  1.6402e-05   6.3339e-51
 2.15578e-54  2.10092e-13
  7.0416e-07  5.44549e-51
 2.48658e-43  0.000796806
 3.56327e-35  4.19701e-11
 1.40729e-60     0.297169
 5.10802e-08  3.32757e-53
 2.32398e-08  1.40397e-53
 9.55097e-22  2.36354e-17
 1.52843e-06  2.13205e-51
   7.512e-22  1.01457e-05
 1.02709e-20  3.70499e-65
 5.51535e-40  1.46309e-09
 2.83249e-08  1.70913e-51
 1.89762e-07  4.92509e-55
 9.50445e-06  2.41629e-52
 9.12233e-30     0.558376
 5.60048e-42  1.95346e-11
 2.36271e-25   0.00319615
 4.07836e-21  9.05445e-65
 6.21488e-15  9.41274e-63
 1.38534e-14   2.5054e-62
 0.000417632  4.60168e-54
 8.17806e-31    0.0428425
 9.70245e-31  1.09431e-13
 1.83498e-55   0.00285732
 5.74311e-36  2.83595e-10
 4.66011e-46  5.59179e-10
 7.77682e-06  1.20357e-56
 8.73458e-35   5.5046e-06
  5.3943e-16  2.06594e-69
  0.00116712  1.22426e-54
 1.45633e-15  1.99203e-69
 1.83784e-05   4.2561e-57
 1.34181e-29  7.03674e-13
 2.28767e-39  0.000170524
 5.16838e-29   7.7419e-05
  1.8212e-41  2.05023e-12
  0.00552158  1.63338e-55
 2.77081e-24  7.12786e-09
 4.92421e-15  7.61923e-70
 2.71949e-05  1.16579e-58
 2.57386e-27  2.93889e-10
   0.0181611  2.73845e-56
  0.00102858  5.15958e-59
 0.000446416  3.24745e-59
    0.169325  1.45212e-57
   0.0907609  2.15099e-58
 5.17985e-05  5.66944e-60
    0.601256  9.75724e-58
 1.77413e-26   2.7266e-24
  7.8474e-43     0.690412
 3.37585e-51   0.00185008
  4.5664e-05  4.84657e-60
   0.0122174  5.31283e-58
   0.0133471  8.53453e-58
 1.18428e-25    0.0339492
    0.935542   1.4802e-55
 3.64715e-53  1.20541e-05
   0.0224615  2.46362e-56
 8.92406e-36  2.91052e-05
   0.0105046  1.03905e-53
   0.0080716  2.24926e-53
    0.936091  2.36603e-55
 1.75909e-61  4.50214e-17
  0.00785632  7.66041e-56
 6.92103e-07  2.94417e-49
 7.62516e-44   0.00375216
 1.82122e-55  5.54264e-24
 1.90119e-41  6.49374e-10
 0.000101814  2.27194e-51
 2.51264e-23  7.05575e-08
 3.72736e-45    0.0668332
 4.60564e-05  5.14497e-51
 4.10619e-38  9.28483e-18
 1.10898e-44  5.01109e-06
 1.92987e-66  1.94717e-23
 0.000350779  3.58071e-48
 1.39998e-39  6.62945e-10
 4.54184e-31  9.47152e-09
   0.0271901   3.8967e-54
 1.54542e-06   6.8081e-49
 1.11459e-27  0.000101096
  3.2739e-60     0.690411
 1.84336e-16  2.55159e-14
  9.8253e-07  2.28997e-49
 4.88295e-07  4.63933e-49
 6.47252e-75     0.309552
 9.03795e-21  3.85467e-63
 1.50253e-07  2.12262e-48
 0.000994125  1.01484e-47
 9.66808e-08  6.62689e-48
 1.83002e-22   1.0456e-16
    0.690444  2.57367e-50
    0.309547  3.17345e-50
 7.04267e-06   1.0687e-45
 6.51579e-05  2.87592e-47
 4.70277e-26  1.19842e-10
 2.93486e-44  2.18789e-09
 3.57162e-22   0.00801913
    0.309479  1.23897e-47
 1.99767e-50   0.00054082
  1.9644e-06  4.83762e-45
 1.20671e-05  2.53881e-43
 7.94175e-07  1.07743e-44
 1.45594e-51   0.00591633
    0.690392  5.55596e-48
 1.02939e-55  1.11128e-26
 9.05813e-43   0.00256092
 1.49723e-44  4.10529e-11
 1.55893e-08  5.97882e-43
 1.53014e-27  4.31608e-16
 5.44586e-43    0.0232883
 7.04488e-45  5.98711e-10
 1.52124e-18   0.00407632
 5.48497e-50  4.08828e-15
  2.0709e-40     0.204219
 9.03718e-09  1.23487e-42
 3.43584e-65  2.36759e-13
 3.06648e-09  2.26595e-42
 7.68507e-06  1.80194e-47
  3.4465e-06  2.93882e-47
 8.83757e-10   1.7411e-42
 1.20878e-10  5.75747e-41
 6.08884e-11  1.23202e-40
 1.01137e-13  1.95775e-37
 1.19338e-10  8.44368e-43
 2.28229e-27  0.000534537
 4.07136e-44  1.08856e-10
 4.33172e-42  3.46481e-17
 9.22037e-22  2.38702e-06
 2.14091e-13  3.23365e-38
 4.08896e-61     0.086552
 5.04557e-11  5.05873e-43
 4.15423e-14  4.64244e-37
 4.75148e-61  2.44572e-20
 6.36192e-14  6.35503e-46
 6.09675e-17   3.1079e-34
 7.15052e-24  2.78777e-41
 9.08189e-13  9.96462e-42
 4.74473e-23  1.08899e-06
 3.67412e-37  1.02805e-11
 1.11305e-23  5.29102e-41
 3.17414e-32      0.17263
 3.84614e-16  3.41971e-36
 3.54249e-39  8.10217e-12
 7.94406e-26  3.69893e-43
  2.5826e-17  8.32605e-34
 1.59793e-44  1.69366e-05
 3.82779e-16   8.0656e-36
 1.28517e-14  2.01473e-39
 4.65954e-14   1.3315e-38
 2.88314e-20  8.09891e-05
 1.13274e-13  2.11593e-38
 3.14609e-40  5.02799e-06
 8.87832e-15  4.32206e-40
 1.90824e-52  0.000945707
 8.46247e-19  2.19166e-32
 5.72543e-13  4.30461e-39
 5.55558e-32  1.22429e-11
 7.31888e-15  1.53167e-40
 1.84035e-23  2.81499e-13
 1.86332e-41  1.38895e-06
 1.44047e-28  4.37745e-06
 1.42359e-11  3.32233e-41
 1.46228e-32  2.22041e-10
 4.00169e-35  7.61878e-14
 2.75658e-11  3.84555e-41
 2.91099e-47  7.45044e-16
 2.68272e-11  7.26681e-41
 1.43897e-45  0.000167791
 2.76773e-45    0.0251951
 4.71787e-11   3.5792e-41
 3.98518e-20  4.64813e-31
 2.53211e-21  3.36576e-06
 2.94013e-66  1.73766e-18
  8.1564e-10  4.05851e-41
 4.84007e-10  2.12058e-41
 2.21296e-30  1.04384e-20
 8.07778e-33    0.0124571
 1.54639e-09  6.77833e-41
 4.40565e-09   1.9348e-40
 1.36506e-08  5.20614e-33
 2.67938e-23  8.63323e-28
 2.93579e-08  1.15695e-32
 1.98722e-39  2.97887e-05
 1.20114e-23  1.92564e-27
 1.69864e-07  7.24762e-39
 6.44813e-57   0.00209432
 2.36858e-43   0.00224006
 2.35048e-27  9.71271e-24
  7.4255e-06  3.66059e-35
 4.50705e-26  2.79312e-05
 8.11738e-14  5.81191e-21
 4.39912e-34  2.80007e-12
 4.82896e-27  4.24439e-24
 9.42756e-55  1.80582e-05
 2.45983e-63  0.000536347
 7.40348e-06   2.7104e-37
 3.03944e-06  1.11152e-37
 1.60053e-66  3.82655e-18
 2.15491e-05     0.567555
 3.56018e-08  1.30036e-39
 2.23377e-08  8.15437e-40
  9.5357e-08  3.48581e-39
 2.83506e-34  2.42727e-08
 1.95179e-39     2.43e-14
 6.18455e-27     0.615194
 1.90336e-42  1.41882e-07
 4.79287e-56  9.20004e-07
    0.626465  4.67959e-33
     0.21932  2.10078e-33
   0.0521245  5.78901e-32
   0.0744911  7.48172e-34
   0.0201658  1.51455e-31
 4.80069e-40  1.05187e-08
 3.15518e-55   0.00114452
  1.8814e-57  3.63446e-08
    0.686578  1.65611e-50
 8.21744e-74   2.8092e-15
 2.00657e-42  2.33155e-10
 5.45896e-64  1.23362e-15
 1.74974e-24    0.0662349
  0.00236392   1.1098e-30
    0.304417  3.43578e-50
 6.49371e-35   0.00865033
 1.85318e-44    0.0168739
 2.06511e-13  1.47859e-20
    0.689259   1.0848e-44
  0.00752403  1.31745e-48
 6.83731e-29  3.28627e-07
 1.03919e-41  3.13435e-12
 4.57532e-23     0.630102
 8.25375e-42  4.99518e-13
 6.49026e-44   0.00320667
 1.43018e-44  8.65092e-06
     0.30822   2.2944e-44
 9.74076e-05     0.703112
   0.0129119  4.39356e-43
 2.16849e-44  2.25751e-06
  0.00208296  5.42754e-48
 5.39508e-54     0.560076
 4.75791e-05  2.01781e-50
 6.39431e-32   0.00407598
 0.000740929  1.48405e-47
 9.14101e-45  5.27955e-09
 1.45925e-12  1.61424e-43
 0.000139741   8.2042e-47
 3.64557e-07  2.80069e-39
 2.13051e-53  3.97251e-05
 6.13728e-69  7.05755e-15
 4.79572e-53   0.00762426
 3.52868e-09  8.35489e-47
 1.58203e-09  1.86354e-46
 1.63344e-07  3.46387e-39
 1.79618e-06  1.04573e-48
 7.01662e-11  1.45586e-35
 1.30922e-27  1.27254e-18
 2.39053e-49  2.36271e-09
  1.5625e-10  6.52453e-36
8.77021e-165 2.64992e-111
 7.10495e-19  1.17619e-27
 1.51231e-26    0.0302476
 1.00704e-16     0.282953
 1.63759e-11  6.19329e-53
 1.29091e-08   5.8554e-50
 2.13137e-45     0.165674
 9.22597e-09  2.81799e-50
 3.68577e-10  1.36156e-51
 2.84692e-13  2.94214e-44
 6.05071e-13  7.97163e-45
  5.1166e-13   6.8144e-45
 2.47473e-12  3.64599e-45
 1.45148e-22  3.69491e-07
 3.17169e-26  4.36814e-09
 1.50698e-35  5.92703e-08
 3.13012e-50  1.54198e-09
 1.65542e-12   6.0906e-50
 1.73762e-13  5.47305e-51
 1.17144e-36  2.64783e-16
 1.32767e-12  1.86043e-48
 1.23865e-27  0.000408681
 2.92574e-47  5.10059e-13
 1.21893e-32  2.68888e-12
 3.51889e-58     0.551665
 2.64831e-12  4.34802e-48
 6.79569e-09  1.08093e-42
1.57227e-105  6.46645e-42
 2.34238e-08  3.55886e-43
 1.24369e-35  6.07334e-07
 6.27123e-08  1.20252e-43
 1.29935e-52    0.0139525
 6.84848e-10  1.35033e-51
 2.40674e-10  1.61347e-38
 7.32471e-10  4.92621e-38
 1.17045e-41  1.67614e-09
 4.35084e-18    1.597e-36
  5.1951e-06  3.60023e-41
 6.43109e-08   0.00169377
 5.65348e-26  5.07642e-08
 1.90035e-09   1.2794e-37
   0.0461978  5.10363e-48
 3.07411e-08  2.06407e-36
 2.36034e-54    2.302e-05
 6.99041e-45   7.2606e-06
 1.01554e-33  4.14633e-17
 7.23658e-08   4.8779e-36
    0.685023  6.75377e-47
 1.77964e-20    0.0003765
 1.66844e-32  1.83625e-16
 1.16819e-27  6.69677e-10
 3.49472e-58     0.268344
    0.299799  1.31649e-46
 3.78434e-26    0.0932658
 8.26666e-33  1.74846e-10
 9.41738e-44     0.262268
 2.46289e-06  1.66152e-34
   0.0309467  1.27396e-45
 9.25783e-36     0.690102
    0.309552  3.20306e-38
 7.10944e-06  4.14187e-42
 3.25748e-20  2.31833e-05
 8.47999e-06  5.72154e-34
 6.57405e-53   0.00606645
    0.690448   7.1439e-38
 2.13096e-06  1.43813e-34
 3.74474e-45   4.9146e-06
  0.00134767  9.09279e-32
 2.87584e-66  0.000772543
 1.76113e-09   2.1506e-35
 2.24563e-06  1.31267e-41
 3.67993e-09  4.80684e-35
 1.00049e-07  7.88713e-36
 3.93869e-23   0.00046056
 3.51074e-43     0.309501
  0.00424968  2.86733e-31
    0.309214  1.28367e-30
 1.27704e-59  2.51071e-10
 0.000120285  2.46593e-30
    0.690179  2.83184e-30
 0.000367621  7.53813e-30
 5.53721e-48   0.00155118
 1.05229e-07  4.40455e-33
  2.0009e-48  2.56091e-05
  0.00114767  2.35498e-29
 5.68462e-05  1.07968e-26
 8.01829e-42    0.0202738
 9.16089e-05  2.10487e-26
 2.96582e-32   0.00189047
 4.94998e-27     0.178886
 2.34742e-07  9.82662e-33
  0.00867623  1.78054e-28
    0.690484  4.56621e-34
 1.41057e-32     0.635643
    0.309633  2.23456e-34
 5.40833e-17  1.06382e-13
    0.132553  2.64771e-27
 0.000424322  2.64725e-36
 1.66263e-39  3.63584e-08
 2.42388e-42     0.118645
    0.268881   8.6238e-27
    0.677856  1.24025e-26
 8.50638e-52  5.26053e-08
 8.26596e-10  9.60405e-18
 1.08801e-42  6.03888e-16
  7.1329e-50   3.3635e-10
 1.64507e-66  8.41447e-11
     0.55171  1.52982e-31
 8.77897e-64  6.19006e-13
 3.14881e-55  0.000290181
 2.57977e-06  2.75474e-21
  5.6463e-49  2.45273e-06
 4.87059e-55   0.00107211
 1.42269e-05  5.53677e-22
 4.25405e-05  1.73749e-22
 3.06968e-10  2.58615e-17
 1.78828e-07  8.82034e-23
 1.96886e-34  1.20768e-05
 5.11528e-56  6.51324e-14
 7.87187e-08  4.03801e-23
  0.00164503  3.43267e-30
 2.78792e-39  6.31179e-19
 2.19602e-39  4.52252e-05
 2.16467e-08  1.08222e-23
  0.00372917  6.22041e-30
 1.17527e-41     0.575291
 4.40895e-41     0.124484
 7.53972e-45  1.34319e-05
 3.60104e-56  1.51603e-07
 3.03148e-05  5.80974e-28
 1.48541e-09   7.4212e-25
    0.306976  7.57636e-32
 5.67784e-25  2.14213e-05
 1.74967e-45  2.69867e-08
    0.688515  3.40025e-32
 7.29266e-55  1.48646e-05
 1.58141e-08  1.80305e-28
  3.4627e-06  6.57788e-29
 2.08545e-08  4.68477e-29
 1.58303e-08  2.42406e-29
 1.21185e-29   6.0527e-13
 9.53054e-20  6.86259e-05
 1.07286e-11  8.48587e-29
 1.20264e-37  1.56819e-06
 3.01756e-13   2.3854e-30
 8.41722e-13  6.65662e-30
 1.46072e-43   1.1572e-16
 1.76218e-09  3.19324e-32
 7.74561e-10  7.46403e-33
 1.26857e-45     0.636228
 3.83673e-64     0.659696
 9.38041e-10  1.05754e-32
 7.02234e-14    1.078e-31
 2.81606e-14   8.1577e-33
 1.60484e-47  3.26285e-06
 3.16822e-14  4.84181e-32
  6.0593e-14  3.65404e-33
 8.80213e-05  2.99766e-38
  0.00170233  6.72632e-39
 1.42386e-05  4.81036e-39
 7.97483e-06  2.67708e-39
 1.25604e-10  2.12126e-35
   0.0336624   4.2072e-40
 3.87929e-19  1.31131e-52
 2.38735e-34     0.580927
 6.45889e-23  4.37163e-11
   0.0785068  1.91069e-40
    0.560643  8.44289e-41
 4.74734e-10  7.48684e-35
 1.69752e-28    0.0117694
 9.76553e-26  2.84115e-11
 1.35855e-57  0.000409761
 1.67771e-07  4.85988e-37
 3.00795e-07   8.2406e-37
 2.48229e-07  1.65338e-36
 2.26068e-29  8.30672e-06
 0.000212618     0.340017
 7.41149e-09  1.16265e-33
 1.66943e-08  2.61919e-33
 6.66215e-17  2.54752e-14
 1.18126e-37  1.29968e-13
 2.79694e-33  0.000216299
 4.45545e-27  6.05446e-05
 7.05907e-34  1.94553e-11
 2.67711e-34  2.61441e-13
 6.80426e-06  4.81996e-35
 4.40999e-41     0.622044
 2.93206e-06  2.07461e-35
    0.309536  5.40509e-30
 3.42716e-34   0.00151421
 2.13444e-15  1.51024e-44
    0.690436   3.4884e-30
 1.31005e-52   0.00472403
 8.81131e-24  0.000286887
 3.83355e-59   2.4595e-19
 1.44217e-47    2.287e-13
  2.0706e-34  9.46967e-18
    6.99e-45      0.66448
  7.9847e-26  4.56358e-56
 0.000256278  8.36541e-27
 8.67107e-05   2.7652e-26
 5.50905e-48     0.690437
 6.61333e-12  1.25966e-41
 2.71298e-45  7.12924e-06
 1.43843e-39  1.24307e-06
 2.37336e-46  3.71094e-05
    0.689023     0.308037
 9.88169e-12  5.64756e-42
 2.74263e-30  1.96285e-24
 9.27655e-23  5.30096e-53
 2.82141e-05  7.72053e-26
 1.54099e-20  8.80674e-51
    0.555817  6.82136e-38
 1.60084e-38  5.31774e-07
   0.0482579  1.37351e-38
 1.03574e-69  1.60583e-15
 6.90693e-21  3.94755e-51
 7.60181e-35  6.74543e-18
 8.63626e-28   0.00800436
  0.00501954  7.38941e-38
 8.33816e-52  4.77121e-09
  0.00277476  1.64272e-37
 2.37377e-15  4.21852e-15
 1.96447e-43   0.00161636
 5.38095e-27  1.37233e-11
 1.47712e-12  1.34132e-18
 1.25174e-45    0.0341415
 6.70586e-13  6.01659e-19
 5.31435e-13  3.01868e-47
 3.77528e-08  1.06877e-32
 8.68874e-15  4.93548e-49
 1.50227e-14  8.53326e-49
 5.66795e-85  9.74712e-31
 1.87022e-59    0.0877815
 2.23385e-87  7.62827e-29
 1.24524e-15  4.03402e-25
 2.48828e-12  1.86367e-22
 9.96026e-22    0.0125757
  5.5631e-16  1.77809e-25
 1.38316e-10  2.74682e-42
  8.1469e-17  2.51819e-27
 1.23025e-50  0.000108128
  6.6525e-33    0.0195942
 6.74338e-26  2.19819e-06
 3.73971e-17  1.43589e-27
 5.55581e-12  8.34676e-23
 1.28528e-09  4.76488e-42
  0.00238278  8.90994e-55
 1.87293e-21  1.29914e-20
 2.00725e-11  7.39153e-44
 8.80133e-27     0.001913
 2.96473e-09  1.04335e-41
 6.26377e-07  2.17716e-39
 1.26906e-39  3.21473e-13
  0.00531551  4.00108e-55
 1.39889e-06  4.86149e-39
 1.35718e-47  0.000677247
 1.87964e-59    0.0887858
 6.29399e-41  2.98154e-11
 3.69247e-52  2.10898e-09
 3.63162e-12  1.33602e-44
 9.70989e-55  9.76575e-14
 3.59196e-30  2.64416e-21
 1.62292e-44  8.39121e-15
  9.6709e-44  2.94093e-12
 9.68267e-06  3.82865e-29
 4.92126e-40  0.000334299
 2.09527e-22  8.25658e-17
 1.95806e-28  1.82664e-07
 3.04266e-27     0.106476
  0.00326161  1.30858e-31
 4.44485e-46  5.94485e-06
  0.00899778  4.74648e-32
 0.000180903  6.28585e-37
 9.02668e-50   4.7707e-07
    0.551706  3.06432e-57
    0.307938  1.34902e-33
 2.70017e-27  4.29557e-07
 6.49872e-46  7.51456e-05
 4.75145e-16  9.46135e-15
 1.54092e-41  1.70823e-09
 6.07749e-12  2.24856e-19
 1.33786e-43  7.36605e-08
    0.689181  6.71944e-34
 3.20948e-11  3.57361e-44
  1.7461e-55  1.71093e-05
 4.50211e-07  5.01311e-40
 6.57113e-40  7.16078e-13
 4.34323e-29  4.09438e-17
  2.4684e-05  2.55828e-38
 1.34576e-56  6.83789e-22
 1.12629e-05  1.16545e-38
 3.81006e-32    0.0748763
 6.25693e-05  6.23473e-38
    0.551665  8.05885e-38
 2.10013e-10  2.06689e-55
 2.22762e-15  2.27797e-48
 2.44779e-08    2.529e-41
 4.73988e-61  1.28652e-24
 3.84984e-45  5.57841e-06
 4.93471e-15  5.08314e-48
 7.77166e-58  5.17332e-08
 9.23031e-08   2.3161e-31
 1.44267e-15  3.06065e-50
 4.37049e-16   0.00641604
 4.39484e-12  4.54021e-45
 8.27981e-09  8.55389e-42
 1.53346e-10  2.74728e-47
 1.50008e-39   0.00189851
 2.98822e-10  9.52273e-47
 4.55634e-22  6.05643e-07
  2.6492e-45   0.00114726
 9.96064e-29  1.21547e-05
 3.19153e-12  3.29616e-45
 1.22822e-47      0.30954
 6.41819e-10  3.04763e-47
 2.53191e-45  6.90193e-12
  1.7767e-67  1.59277e-07
 1.04635e-28  2.34197e-08
 2.66664e-12  2.75385e-45
 6.36539e-09  4.10671e-48
 1.14541e-45  1.68917e-05
 1.45604e-51    0.0131659
 1.25891e-28  1.64537e-58
  7.4854e-28  4.58666e-58
   9.309e-67  0.000250202
  1.6666e-13  1.72038e-46
  3.1399e-28  1.14567e-57
 2.25593e-23  5.17774e-07
 3.14082e-28  3.73452e-13
   0.0497377  3.02221e-49
   0.0928016  3.95005e-48
    0.104877  2.55055e-49
 2.89934e-55  0.000356009
 0.000726223  6.25947e-46
 4.98246e-57  9.54969e-08
    0.581219  6.53649e-49
 2.94992e-27  3.51441e-07
  0.00032448  1.40347e-45
 6.17728e-19  7.23718e-47
 1.29891e-50     0.230811
 1.34134e-48  6.75437e-06
 5.53248e-13   6.5951e-41
 2.05901e-12  2.45727e-40
 5.60253e-16  6.61105e-44
 2.32069e-22  2.21457e-14
 1.47111e-40  2.27048e-06
 2.89942e-75     0.690448
 6.50422e-39  4.08295e-08
 6.89553e-42  6.42901e-12
 3.87506e-15  4.60307e-43
  7.6217e-34   0.00278709
 1.63954e-15  1.93628e-43
 4.22353e-11  8.63703e-39
 2.27305e-26  5.76195e-11
 1.02752e-26    0.0672036
 3.47446e-36  2.29914e-14
 8.08089e-13  1.56275e-37
 4.52622e-13  3.64926e-05
 7.01908e-08  1.20655e-71
 2.16521e-12  4.30325e-37
 3.31566e-08  8.97787e-72
  1.7738e-13  8.48977e-05
 1.87381e-17  6.10537e-42
 3.93371e-12  1.42453e-36
 8.40084e-18  2.73565e-42
 1.65932e-30     0.085221
 1.01052e-51    0.0725214
    0.551665  1.20678e-78
  2.7274e-21  6.25448e-05
 5.59129e-15  1.12669e-21
 4.21458e-42  2.40947e-09
 7.91945e-57   2.6588e-11
 1.62628e-16  8.80955e-10
  3.3531e-29  4.14576e-07
 1.55588e-52    0.0107913
 1.70146e-05  6.62977e-30
 1.21677e-41   9.4875e-09
  0.00745837  3.00614e-27
   0.0131193  5.12812e-27
 3.76556e-49  2.24866e-10
 4.10476e-47  3.95712e-17
  0.00087094  6.85642e-27
 6.61256e-26  7.72365e-11
 1.08159e-33  1.37862e-08
   0.0255476  1.12275e-26
 5.40571e-42    8.218e-11
 1.13051e-32     0.163028
 2.01181e-06  3.54706e-30
 5.68079e-56     0.552593
    0.553154   2.0751e-25
  0.00185694  2.45723e-26
 1.26783e-33  1.09647e-11
 2.79503e-40  7.62151e-10
 1.24317e-65  2.76325e-12
 9.80977e-08  6.50253e-29
 8.34372e-07  1.47108e-30
 3.89096e-24  6.44035e-10
 1.56505e-37   1.4514e-12
 4.52076e-35  0.000112155
 1.01198e-45  4.73727e-08
 3.80743e-43   0.00662801
 3.81047e-30  1.95055e-05
 6.79613e-36  1.99981e-05
   0.0087329  1.53973e-26
 2.30642e-35   2.9486e-10
  0.00604688  2.28546e-23
 2.07868e-56  2.62258e-10
 7.34668e-35  5.23816e-11
  0.00284931  2.11988e-23
 3.89027e-20  8.27175e-66
 0.000669191  1.74289e-22
 1.51671e-09  2.67393e-33
 1.49207e-10  2.62974e-34
 6.09439e-10   1.0743e-33
 1.32701e-30    0.0687207
 1.13166e-58  9.60636e-08
 5.47911e-14  9.64829e-38
 1.27254e-12  8.99586e-14
 2.20135e-06   6.4291e-20
 8.27723e-37  4.56309e-12
 1.06006e-49     0.188182
 9.97908e-46  5.62481e-06
  2.2106e-14  3.88889e-38
 3.46284e-35   7.8237e-15
 4.35037e-14  1.81334e-30
 1.91766e-14  7.99333e-31
 2.55452e-08  1.06489e-24
 6.90558e-21   3.0702e-39
 3.16931e-45  2.73133e-07
 9.24463e-30  3.40081e-06
 1.62596e-08  2.22217e-24
 2.07681e-52  3.74858e-13
 7.79367e-16  3.24177e-32
 2.77116e-10  9.65138e-29
  3.0491e-21  1.35516e-39
  3.9392e-17  1.63849e-33
 4.92499e-06  5.13174e-27
 1.65838e-17  6.89445e-34
 1.31447e-49     0.551695
 3.07787e-18  1.27991e-34
 2.51919e-05  1.86932e-28
 1.80482e-07  4.41617e-31
 1.33225e-39     0.672862
 1.10964e-07   1.9823e-31
  0.00979828   3.2271e-30
 1.15018e-20   4.7753e-37
    0.011945  1.44568e-30
  9.7294e-40  3.95021e-11
    0.562968  5.43486e-32
 3.63426e-44  1.75586e-14
 4.68573e-24  1.37279e-06
 2.16153e-55  0.000795341
 9.54818e-24  3.79256e-40
 7.61849e-09   1.1536e-36
 4.04782e-52  1.35889e-06
 9.55516e-24  3.58569e-40
 3.17793e-37  7.20525e-17
 7.54156e-34  3.27874e-53
 1.85718e-49  3.92891e-10
 2.23234e-55   4.2902e-06
 5.97608e-30  0.000140496
   0.0789264  7.61961e-33
 2.57944e-10  2.88409e-38
 2.15057e-10  8.46276e-39
 9.78403e-46  1.83109e-06
 7.74123e-60     0.551667
 2.16463e-28     0.034181
 1.56453e-10  9.39825e-39
 2.17093e-21  5.52622e-06
 3.33493e-34  7.36579e-14
 1.73549e-14   0.00170268
 8.86915e-14  2.54469e-44
 1.83485e-73  6.26584e-15
 2.22056e-52  0.000549774
 2.22376e-43  0.000353826
 3.28975e-51   0.00891758
 2.59794e-16  3.94993e-10
 9.61661e-29  0.000318398
   1.769e-29  1.74112e-57
 1.42586e-41  7.61913e-12
  3.9457e-29  7.73769e-58
 2.81979e-41   1.3363e-11
  2.1437e-43   1.4916e-11
 2.00197e-12  1.39896e-45
 2.43044e-38  0.000266856
7.04953e-106  2.90117e-42
 5.73971e-31  0.000594953
 3.44949e-70     0.999941
 9.33159e-13  6.23224e-46
    0.309485  2.92269e-48
    0.690398  1.85531e-48
 1.63546e-32     0.552648
 5.78207e-06  4.64977e-52
 1.23134e-05  2.07684e-52
 3.76224e-05  1.56456e-52
 2.50679e-16  1.74188e-34
 1.12388e-16  3.88522e-34
 2.18967e-11  2.12443e-58
 8.87547e-12  8.50881e-59
 4.29452e-35   0.00172888
 2.65642e-12  1.81294e-59
 1.16436e-40    0.0405935
  1.4409e-12  1.08013e-59
 4.26127e-17  2.50733e-62
 2.98599e-14  2.24944e-61
 1.10314e-63  2.26347e-15
 7.72163e-32  1.15013e-09
 1.41631e-35  1.04718e-09
 7.36791e-46  1.37936e-06
 2.08757e-17  1.12525e-62
 4.42065e-42  7.28168e-80
 5.58456e-16  4.49112e-63
 2.53833e-16  2.95576e-63
 4.44582e-43  0.000714232
 5.77337e-22  4.56225e-39
 4.62904e-26    0.0373165
  9.8859e-42  1.65726e-79
 1.28773e-21  9.44365e-39
 6.12795e-46  1.39279e-05
 4.70094e-46     0.689931
  1.0719e-25  2.73146e-10
 1.97621e-66    5.474e-19
 9.29652e-54     0.152104
 7.34639e-21  4.47456e-59
 5.39573e-32  4.73985e-15
 9.32931e-41  2.04354e-09
 9.18516e-40     0.284611
  3.3285e-21  9.47412e-59
 2.42517e-40  4.14374e-78
 1.97796e-25  1.69399e-54
 2.82573e-20  1.19494e-44
 1.26687e-20  5.35535e-45
 8.86943e-26  7.57839e-55
 4.68103e-14  1.98307e-38
 4.08765e-42  1.02394e-11
 1.87235e-26  1.63624e-22
 5.94316e-42  5.18641e-06
 2.19194e-33  1.85213e-62
 1.24598e-33  1.04814e-62
 1.25772e-34  1.04688e-63
 1.52362e-35  1.20877e-64
 2.28235e-18    0.0063213
 2.10585e-10  1.58824e-40
 1.56092e-35  1.15094e-64
 1.48048e-42   0.00236586
 2.36322e-64   0.00171984
 4.77583e-10  1.00272e-40
 1.18628e-46    1.233e-12
 2.20271e-11  1.85856e-39
 1.01313e-45     0.308863
 3.10774e-31  6.58087e-71
 1.00976e-17     0.212179
 0.000101919  4.69611e-46
  5.9426e-12  6.84855e-39
 0.000230735  2.06859e-46
 5.43348e-33  8.56866e-11
  6.9319e-31  2.83657e-71
 2.56329e-16  1.88926e-58
 1.08896e-08  4.20371e-45
 5.84571e-31  1.50022e-08
 2.15849e-20   5.6606e-05
 5.99989e-30  3.14795e-13
 1.76801e-56  0.000275312
 1.67943e-35  4.22652e-05
 1.86775e-16   8.3783e-59
 9.89445e-31  2.32835e-20
 2.20059e-50    3.972e-09
 9.07916e-24  9.24626e-26
 3.95333e-47  0.000211018
    0.018039  2.12183e-48
 1.42932e-38  2.38059e-16
 5.06007e-12  7.57045e-42
 4.50196e-09   1.0649e-44
 4.60682e-27  6.19925e-05
 3.14579e-40   4.7383e-06
 9.56654e-10  4.23055e-44
 4.36868e-40     0.683617
    0.554928  6.87623e-50
  1.0101e-27  1.49867e-12
   0.0032896  3.84788e-52
 7.95405e-27  6.08176e-24
 9.98641e-38  2.83025e-10
   0.0100297  1.20495e-51
   0.0412619  4.98847e-51
 3.23993e-25  2.51144e-09
 6.96082e-45  2.49021e-18
   0.0176316  2.07657e-51
  0.00289976  3.29489e-52
 2.26619e-05  2.51315e-54
 2.46716e-14  0.000968968
 2.62064e-34  1.56492e-07
 0.000979815  1.09221e-52
 1.95015e-26  9.38167e-10
 7.71656e-18  4.05518e-20
 5.03529e-06   2.8108e-20
   2.067e-35     0.309088
 2.78249e-28  0.000349437
  8.4298e-05  7.60394e-54
  0.00342991  5.79204e-56
 0.000187237  1.68144e-53
  0.00455741  1.07507e-54
  8.9178e-32    0.0593331
  5.7223e-18  1.16992e-36
 9.56378e-48  1.75078e-08
    0.202621  2.27709e-53
    0.618073  9.84313e-54
 1.29573e-10  1.61988e-59
 1.31664e-17  5.08466e-37
  0.00220301  3.06556e-51
 2.03623e-25  6.85842e-16
  0.00167975  1.41846e-51
 3.36773e-08   2.8574e-56
 3.13315e-15  1.73232e-39
 3.19873e-57  6.18041e-08
  2.0751e-25     0.689518
 1.76835e-55    0.0335371
 7.46283e-08   6.3646e-56
 2.04965e-48  1.35654e-06
 1.08038e-56  2.22351e-11
 3.44104e-30     0.561845
 2.32756e-41  1.80945e-12
 1.11281e-38  2.45739e-07
 1.79243e-11  3.48353e-43
 5.94208e-43  6.61321e-09
 6.43483e-12   9.6852e-43
 3.41471e-27  7.11031e-16
 8.67112e-13  1.69423e-44
 4.04102e-13  7.89952e-45
   1.321e-30  8.10327e-21
 2.04655e-21  1.12908e-48
 6.48239e-19  3.56544e-46
 3.94122e-40  4.38675e-08
 5.75816e-17  4.25707e-48
 3.19988e-14  1.46433e-48
 1.14423e-16  2.74274e-48
 1.05884e-12  5.12912e-50
 1.04061e-12  2.01436e-50
 6.40105e-53  6.77267e-06
 2.87974e-50     0.551718
 3.39419e-53   0.00322272
 3.90311e-37  6.10899e-13
 3.14362e-38    5.118e-16
 8.91487e-08   0.00234789
  9.2664e-35  4.24563e-18
 9.17933e-12    6.847e-51
 2.62971e-11  4.93585e-51
 4.82449e-43  2.70749e-16
  8.2494e-16  8.98851e-52
 9.64903e-64     0.272953
 2.90897e-10  3.41997e-50
 1.13908e-27   1.5497e-05
  7.0433e-10  8.22656e-50
 3.02376e-20  4.53207e-48
 4.53704e-46  1.05664e-07
 8.37451e-56  1.60741e-06
 5.08781e-09  5.94951e-49
 1.40735e-32     0.205551
 8.09358e-43  5.07644e-15
  8.2166e-19  3.84592e-47
 3.12593e-55  3.46999e-06
 4.72291e-24  1.33875e-08
 1.11499e-25  9.28733e-17
  8.3055e-47  4.53934e-20
  4.0368e-41  8.84293e-10
 2.96342e-48   0.00550202
 3.45046e-30     0.164378
 1.83606e-18  3.21703e-47
 1.11431e-36  7.73578e-15
 9.44369e-26  6.60389e-10
 4.74279e-38  1.21278e-07
 1.18736e-48  6.90932e-05
 1.07166e-49  2.15281e-09
  3.6882e-06  4.31107e-46
 3.08407e-45  6.70274e-17
 4.53461e-55   1.7337e-05
    0.242389  5.21587e-52
 3.12813e-22  1.51084e-43
    0.656019  1.41529e-51
 1.09387e-05  1.27903e-45
     1.01065  8.32655e-50
     1.00404  1.85994e-49
 7.50549e-67  1.91818e-10
 2.71831e-31    0.0390106
 7.12355e-07  8.89241e-56
 2.41702e-39  4.95621e-07
  9.0925e-59  1.15207e-19
 3.71537e-05  4.35238e-45
  1.2174e-06  1.97302e-55
  8.5364e-11  1.81446e-39
 1.71797e-20  6.82749e-21
 2.76846e-14  0.000645845
 2.11362e-11  1.19974e-38
 1.86137e-11  2.66611e-38
 4.39355e-10   6.7174e-40
 4.48158e-14  1.83313e-28
 1.08646e-09   2.9299e-40
 1.05877e-13  4.33023e-28
 6.00003e-15  1.95573e-26
 2.06959e-51   1.2077e-08
 5.68793e-48  1.29644e-05
  1.0196e-26  0.000136674
 7.78123e-08  4.63862e-33
 1.34398e-08  3.60437e-41
 5.92075e-13  2.03456e-28
 4.76141e-15  4.18649e-52
 1.57246e-65  1.10689e-13
 3.65004e-63  0.000124836
 1.59902e-06  1.93698e-39
 5.29702e-35     0.128908
 5.98277e-23    0.0019458
 1.32931e-50  7.75672e-08
 4.80254e-40  4.13396e-11
 1.98919e-06  4.00999e-39
 1.04506e-20  7.21416e-06
 1.54599e-31     0.237978
 1.30926e-05  5.19001e-40
 1.33738e-25   1.7156e-08
  0.00255618  4.48934e-40
 3.40859e-26  1.31766e-06
 1.31596e-44   9.8112e-10
 1.61035e-06  7.28453e-35
 1.65897e-30   0.00244821
  1.1505e-06  1.01155e-43
  2.2198e-35  9.03652e-16
  0.00600082  1.04784e-39
 3.79846e-33  3.32377e-12
 5.18219e-10   2.3442e-38
 0.000136461  8.64652e-37
  0.00193977  6.07807e-38
  5.8661e-68  7.12824e-08
    0.552111  2.12618e-40
 4.55747e-06  2.88243e-38
 1.52164e-67  3.94038e-19
 2.10683e-06  1.32869e-38
 5.13484e-31    0.0838407
  1.3469e-19  0.000378352
 1.96708e-08  7.57521e-48
 2.63055e-41  2.92474e-09
 8.82026e-09  3.39656e-48
   0.0146168  5.62905e-42