 7.25762e-08  6.19101e-49
 3.98798e-34  3.38818e-17
  1.4879e-07  1.01996e-47
   0.0568613  2.03484e-42
 1.63577e-08  4.09565e-51
   1.432e-06  2.76053e-39
   0.0397077  6.52857e-42
 1.14979e-28  1.40922e-08
   0.0797946  1.68005e-41
   0.0535883   2.7932e-41
    0.708275  3.74504e-41
 2.36482e-41  1.20102e-14
 5.38642e-07  9.46781e-39
 1.26848e-47  4.61222e-11
 5.46087e-23   9.0367e-07
 4.52282e-53    0.0706989
    0.780072  2.20377e-40
     0.32559  3.88602e-40
 4.41022e-73    0.0116768
  1.8605e-07   2.4941e-38
    0.636686  6.43019e-40
 5.76963e-27  5.03541e-05
 0.000165134  1.80784e-51
 8.46988e-06  5.27027e-48
 8.16295e-26  5.35201e-09
 5.20494e-25   2.7095e-16
  3.5592e-23  0.000114791
   0.0386746  8.42814e-39
   0.0758532  1.06099e-38
  0.00233708   2.2472e-42
 1.53231e-61  3.94474e-24
 8.46258e-09  8.09467e-39
  0.00518316  5.56614e-42
  0.00158022  2.49635e-44
 3.03179e-21  1.20109e-05
   1.593e-37  4.83055e-09
  1.1677e-42  9.00231e-10
 2.16473e-16      0.67107
   0.0154447  3.85934e-38
 4.08736e-78  2.78178e-13
 0.000713177  3.66849e-36
  0.00273008  2.48673e-44
 1.58701e-55  2.64814e-05
 2.05315e-46   0.00428748
    0.307817     0.690624
 2.16966e-53  2.32657e-09
 2.09856e-94  2.00086e-30
   0.0339876  8.08981e-41
 4.23929e-67  2.56488e-07
 1.36504e-19  5.22879e-27
  0.00780209  5.65282e-43
 3.22904e-44  3.25162e-06
 8.92562e-19  7.38148e-09
    0.102547  1.72941e-41
 0.000205821   1.8553e-35
 9.87254e-06  6.99781e-35
 9.69311e-41  1.34435e-06
 1.83582e-73     0.157789
 4.56606e-45  0.000802252
 3.34185e-29   2.0488e-18
   0.0656908   2.4955e-52
  4.0286e-75  1.29538e-19
 2.01455e-05  1.08872e-34
 1.05898e-05  1.78249e-34
 2.37081e-30  2.49497e-06
 3.96094e-62  0.000252282
 3.18083e-72     0.668702
 3.60386e-68     0.300269
 1.37524e-46     0.306557
 6.55752e-59  0.000896185
 9.39033e-47  4.02477e-09
 5.68858e-37  1.43654e-14
    0.568233  5.93086e-41
    0.616251  1.09126e-55
   0.0145996  9.35302e-60
 2.43079e-17     0.688026
 4.27055e-05  2.28221e-32
 2.59212e-37   1.9738e-08
 2.45678e-30  9.07166e-07
 1.72917e-05  4.48371e-32
 4.43603e-65  3.50478e-05
  9.5279e-32    0.0362103
 4.89713e-52     0.023725
 1.74422e-59  3.96885e-08
  5.3633e-43  3.10272e-07
    0.195352  2.91607e-55
  0.00028386  6.58907e-32
 1.07127e-55  9.21673e-07
 7.40177e-06  1.34787e-31
 9.42226e-29  0.000189906
 7.30202e-17  2.51508e-14
   0.0819922  1.03342e-52
   0.0188182  1.87825e-58
 3.22857e-05  3.84174e-36
 1.00662e-24  2.53213e-08
 1.79192e-05   1.3942e-35
 1.26836e-07  9.42372e-38
    0.557217   2.9883e-30
  0.00440636   1.1039e-28
 4.03731e-15  1.51797e-15
 5.96867e-19  2.21737e-78
 3.11138e-39  3.28058e-12
   0.0308698  5.41112e-30
 2.77445e-07    4.082e-35
 8.65986e-30  4.41617e-08
 7.27332e-34  1.01335e-05
   0.0538344  2.70202e-29
 7.17444e-14  1.87917e-33
 1.34418e-54  6.25581e-07
 1.60112e-60  5.53525e-07
 2.00204e-39  3.87437e-09
 2.08825e-14  1.99012e-16
 1.84083e-23    0.0855416
   0.0131729  6.02615e-30
 2.36171e-56  2.98554e-10
 1.19093e-54  0.000342165
  0.00648467  2.02177e-28
 0.000349585  8.27096e-32
  0.00732209  7.88554e-29
 7.32584e-08  3.38279e-23
 1.08001e-44      1.6e-07
 1.62822e-78  7.81931e-13
 2.44067e-62  0.000371652
  0.00295385  2.98908e-28
 3.27096e-08  1.84024e-22
    0.309449  3.44376e-50
    0.690557  2.12872e-45
 0.000257205  2.59186e-30
 5.79262e-40  7.63888e-12
   0.0215011   1.8762e-34
 9.85825e-63   6.6435e-08
  0.00734481  7.95404e-34
   0.0614318  3.18357e-36
 8.00223e-58  1.02174e-08
 2.20237e-14  5.65563e-17
 1.91041e-12  1.76287e-27
 7.96848e-13  3.87941e-27
 1.54213e-12  1.46389e-27
 8.98895e-08  2.13676e-33
 1.55699e-54     0.591856
    0.179091  1.59949e-39
    0.609612  4.08961e-38
 1.85354e-23  8.27092e-11
 3.98721e-08  2.87004e-31
 8.08584e-60  2.53874e-26
 4.53636e-31  0.000139022
 2.63947e-69   3.0696e-16
  1.6972e-05  2.69523e-38
 6.98139e-29    0.0121322
 2.36396e-56    0.0297373
 2.62221e-27  1.77804e-09
 6.43544e-17     0.221766
 2.67481e-19  1.25403e-81
 3.27255e-06  4.90353e-39
  4.9548e-34  5.02015e-13
 2.66212e-06   2.4187e-39
 2.09079e-27  3.66988e-12
 7.79268e-06  5.67353e-39
  1.0372e-08  7.45973e-23
  0.00228078  3.71724e-46
 5.15895e-09  1.79169e-22
 1.17496e-30   1.3247e-13
   0.0114337  2.56045e-41
 3.74812e-28  9.81679e-24
 9.73296e-44  6.39134e-12
  4.6029e-21  3.40121e-05
 8.18084e-07  4.07081e-27
 5.33954e-09  1.16454e-22
 1.04935e-33    0.0626299
 9.69266e-55  9.12083e-07
 5.41445e-29  3.12434e-05
 2.96823e-06  7.56795e-26
 7.90764e-57  7.29157e-07
 5.93662e-67  2.08162e-21
 3.32954e-05  1.33178e-44
 9.81607e-48  1.49261e-07
 1.49196e-05  2.90674e-44
 0.000139534  4.85473e-35
 5.12956e-35  2.22384e-16
  3.2752e-56     0.551709
 1.86857e-47  1.73043e-17
 7.28674e-06  1.49242e-27
 3.74354e-40  1.14108e-12
 2.80428e-21   0.00022645
  0.00042987  7.28688e-35
  0.00240472  2.86985e-33
 1.45286e-41     0.640826
 0.000171628  7.65603e-38
 1.43917e-53      0.68609
  0.00109756  2.25443e-36
 9.35952e-07  1.79257e-47
   0.0284843  4.38841e-34
 1.09255e-66   1.9348e-24
 0.000602057  5.29209e-38
 4.18577e-69     0.229665
 0.000753828  2.88175e-38
    0.555978  1.31424e-34
 2.42627e-15   2.4173e-21
 7.78489e-38  3.34441e-14
   0.0117551  1.53765e-34
    0.042621  4.05304e-35
   0.0148783  1.33005e-34
 0.000502874   8.0361e-33
 5.84993e-10  2.89899e-56
 5.41214e-25  3.38202e-08
 7.97085e-10  3.77789e-54
 2.33815e-35  1.45459e-17
 1.33184e-34     0.690549
 1.52453e-40  8.99679e-11
 5.03023e-14   4.5054e-64
 7.00709e-52   0.00176153
 2.87053e-51  3.83147e-07
 1.28217e-54  1.02145e-05
 4.67827e-10   4.1992e-50
  9.4587e-07  1.41487e-39
 2.04773e-32      0.30945
 4.47391e-44   0.00397217
 2.44534e-06  4.25087e-37
 1.09948e-34  8.09296e-11
 1.66034e-63    0.0347119
 1.23103e-54  3.13101e-08
 1.20287e-07  2.98084e-29
  3.3245e-33  0.000357142
 4.02486e-59  0.000762503
 6.97527e-10  1.46949e-50
 3.44451e-06  4.21216e-36
 2.66514e-09  4.15917e-31
 4.86787e-24  0.000265101
 5.69961e-77  0.000301283
 1.79657e-61  0.000103585
 6.13719e-06  7.15452e-34
 1.32315e-05  8.59777e-33
 1.95748e-51     0.103658
 1.76076e-48    0.0552074
 8.32666e-36  0.000873138
 3.46718e-05  6.39355e-42
 2.18471e-58  1.74451e-08
 0.000158135  3.29635e-38
 6.55457e-48  1.67635e-15
 1.08714e-54  3.42579e-31
 2.00449e-05  1.54489e-44
 0.000165839  1.05454e-33
 2.06247e-26     0.301211
  9.6588e-43  7.57137e-09
 5.59533e-67  4.96317e-09
 2.29095e-40   0.00968851
 2.46005e-27   3.1659e-22
  0.00093723  3.23958e-36
 4.30702e-24  6.17535e-07
  0.00227916  8.21637e-38
 1.82006e-47  7.47836e-08
 2.89177e-37   0.00114839
 3.33917e-05   1.9266e-47
 1.04765e-40  7.33509e-06
  0.00393246  1.90511e-71
 4.62449e-06  4.98338e-79
 9.26486e-13  7.99185e-43
 8.66332e-06  4.11312e-80
 4.08026e-13  6.30509e-45
    0.554468  1.55301e-43
 3.75996e-05   1.4329e-80
   0.0609113  7.04784e-51
    0.688145  1.19411e-65
 1.24047e-10  1.59523e-28
    0.306737  3.85637e-64
  1.9466e-47  5.87831e-17
 7.26793e-77  1.74563e-14
 7.83369e-43  1.16291e-07
    0.197863  6.11928e-56
 3.21105e-13  3.45969e-50
2.64598e-114  1.40356e-29
   0.0213215  9.70108e-60
 9.89459e-14  3.43661e-51
    0.642398   2.6191e-57
 2.73345e-47   1.6912e-08
4.33503e-102   0.00873042
 2.22218e-25  3.66406e-14
 1.50894e-36  8.06479e-15
 2.52422e-22    0.0328144
 3.26267e-54   0.00438189
  1.1218e-38  2.32332e-06
 2.02991e-24  0.000123957
   0.0110021  2.50922e-54
  0.00128588  4.94263e-54
 1.32838e-51  6.80118e-09
     0.14936  2.78134e-54
 3.75277e-50      0.10097
    0.308495  1.88797e-79
 6.27761e-50  1.20845e-10
 6.57507e-37  2.81528e-05
   0.0350756  1.82043e-53
 3.37629e-49  7.93717e-06
  5.7516e-52     0.557259
 1.76558e-33   1.8194e-06
   0.0035806  4.32266e-52
  0.00773559  1.35837e-51
  0.00881505   2.4348e-50
 9.04995e-47  3.41491e-05
 5.21603e-27   0.00771457
  1.9515e-39  7.98699e-10
4.32834e-100  4.24248e-10
   0.0706052  3.37629e-55
  0.00371337  9.59678e-47
  4.4601e-39  1.63876e-11
 1.97253e-10  2.37157e-46
 2.12624e-40  7.25091e-05
    0.689833  3.19495e-73
 2.23953e-40  1.14549e-07
  1.0483e-37  0.000854802
 6.30078e-10  7.84463e-43
    0.639032   2.7786e-49
 6.73308e-15  1.39436e-23
 9.69316e-14   8.1886e-50
 1.42999e-13  6.48274e-50
    0.132086  1.31554e-52
  2.2886e-60  2.00395e-05
 2.74001e-54  1.22167e-07
 7.40699e-51  3.03541e-06
    0.215756  3.63199e-47
 4.48838e-68  0.000654725
 3.59115e-08  2.11976e-38
 2.28548e-06  5.78372e-38
 6.67584e-58  4.13661e-06
 3.21462e-38     0.607793
 4.24423e-36  4.46104e-07
 8.96433e-08  1.50409e-36
 6.95503e-07  8.40612e-36
 2.50951e-30  3.84663e-13
 3.29051e-10  3.61214e-38
 9.02889e-10  1.13566e-37
 1.83172e-23  2.35148e-11
 1.23052e-30  3.66851e-24
 3.90083e-45  1.74612e-09
 1.08226e-16   9.7016e-77
 3.14654e-06  1.82619e-54
   3.317e-73  1.81664e-09
 1.34037e-31   0.00242492
 1.28785e-08  1.09771e-33
 1.78406e-06  8.25826e-51
 3.65926e-53  1.86897e-05
 5.66975e-09  3.32299e-33
 2.52645e-45  3.60968e-09
 3.60249e-16  1.10589e-33
 7.18323e-53  5.87869e-07
 3.50971e-48    0.0196744
 2.22913e-42  5.01198e-16
 1.00359e-66   7.6678e-10
   2.046e-08  1.02159e-41
 2.30901e-07  4.51741e-46
 5.36828e-94     0.999889
 6.83716e-08  9.88061e-43
 2.15702e-11  1.02451e-30
   2.209e-39  1.08209e-10
  3.7136e-37  4.16396e-13
 6.04517e-12  7.49975e-66
 7.12905e-13   1.1972e-29
 1.00024e-08  4.66295e-52
 3.09161e-55     0.679319
 1.29056e-10  1.06659e-58
 3.58132e-12  5.92185e-30
 3.85733e-15  1.88557e-38
 1.53718e-13  1.12844e-28
 1.41684e-15  5.04563e-38
 5.88863e-80  3.91274e-17
 3.10163e-20  2.84232e-25
 3.68467e-40  2.97308e-14
 3.09761e-14  5.46478e-28
 1.53779e-13  2.77807e-29
 4.04807e-60   0.00882208
   0.0133864    0.0294201
 3.71637e-72   2.5694e-14
 1.97155e-14  2.43233e-28
 1.15073e-10  2.68266e-41
  2.7213e-24  1.06305e-07
 9.50084e-20  2.58261e-23
 1.11617e-71  3.89962e-14
 1.97871e-65  1.52285e-10
 1.92892e-19  3.43475e-23
  3.0857e-10   2.7102e-40
 1.96107e-35  2.29123e-06
 3.31988e-19  6.75052e-27
 1.09407e-09  9.07436e-43
  2.5671e-31     0.561091
  9.4361e-57  5.74437e-11
 5.63514e-36  5.84624e-09
 5.05578e-13  2.11125e-32
 6.89196e-55  9.58733e-08
 2.01134e-23  1.06603e-25
 9.83411e-33  0.000583499
 2.80952e-34  2.95176e-12
 4.32274e-09  2.01203e-40
 6.72741e-36  1.62369e-05
 2.46337e-74  3.57108e-10
 2.58433e-39  6.21112e-10
 2.01341e-12  8.66835e-33
 2.68472e-21  1.76074e-06
 9.78669e-25  2.82642e-14
 1.18991e-10  1.44575e-34
 2.54778e-10  1.00992e-49
 2.30418e-64   9.7304e-07
 1.14179e-67     0.675616
 1.98883e-41  7.12714e-13
 3.63162e-08  5.10456e-38
 4.32599e-53  8.09932e-19
 1.71938e-23     0.221678
2.81329e-106  1.96854e-10
 3.13754e-10  5.31131e-35
 1.16958e-59  3.12784e-05
 3.67153e-48  3.12347e-09
 2.63337e-12  3.37241e-36
 1.12182e-07  3.62753e-40
 2.66541e-49     0.619022
 2.68103e-82  1.75193e-17
 5.99033e-12  1.25634e-36
  2.2613e-07  7.86431e-39
 1.22382e-11  3.97247e-38
 1.13193e-85   0.00173775
 7.56154e-25  5.70204e-09
 2.58777e-47  7.66007e-05
 7.72936e-10  4.03737e-45
 2.76663e-79  2.21492e-23
  5.3054e-14   0.00288152
 7.24298e-07   6.0055e-41
 3.26318e-56     0.655531
 2.63537e-11  2.04277e-39
  6.9737e-10  6.40522e-39
 1.34855e-41  3.15667e-06
 1.40012e-07  1.97528e-53
 3.82504e-13  4.46286e-47
 3.03327e-48     0.687988
 1.07069e-52  2.57011e-12
 2.12712e-13  2.38332e-47
 3.20431e-07  7.55624e-57
 0.000205376  5.07284e-46
 1.24177e-76     0.551864
 5.37384e-40  3.38026e-08
 2.93493e-12  8.90932e-06
 1.77684e-65  8.47841e-06
 0.000596654  1.15638e-48
  1.6992e-39  1.68743e-07
 8.94496e-53     0.303502
 8.95612e-53  0.000181393
 6.32445e-07  1.54739e-42
 1.11284e-40     0.613122
 1.31488e-06  8.18267e-58
 9.59129e-50   7.1733e-07
 8.81559e-14  0.000132082
 1.42588e-06  2.59471e-44
 1.98247e-08  7.20977e-47
   0.0107586   2.7221e-51
  7.1044e-05  3.94647e-48
   0.0296197  3.78479e-53
   0.0011002  1.26069e-63
   0.0267628  9.54175e-54
    0.032517  8.08458e-59
    0.583001  1.93983e-56
 5.33994e-41    0.0356569
 2.08238e-05  1.36197e-51
  0.00188439  1.06672e-64
 2.50345e-35  9.47179e-12
 8.22368e-28  4.45489e-11
 4.21383e-07   6.7706e-70
 6.71752e-31   2.2118e-21
    0.129907  4.10783e-59
 0.000467223  2.95009e-66
    0.551665  4.40993e-54
    0.171464  1.73164e-59
    0.128172  4.99831e-62
 1.51079e-44      0.20598
 5.42966e-50  1.03016e-10
    0.637724  1.56548e-61
 0.000152665  1.29119e-69
    0.152793  5.53293e-63
  3.0739e-58  8.77765e-08
  5.8556e-29  3.38552e-05
   1.977e-57  7.67811e-07
  1.1112e-57  8.41041e-06
 9.74428e-71   0.00520873
  0.00176586  1.25578e-65
  6.9556e-35  1.68955e-05
 2.73955e-33  7.64522e-05
 6.41929e-88   1.8733e-19
 2.84839e-25  1.20005e-14
 7.27859e-64  1.29686e-20
  0.00112893  4.40575e-66
 6.77149e-49   0.00485816
 0.000576821  2.57245e-67
 2.47463e-38  3.06329e-13
  0.00528452   2.8878e-66
 1.58839e-66  8.29815e-13
 3.18922e-08  3.26821e-83
 1.49862e-06  5.96024e-76
 3.64619e-05  1.12272e-69
 7.06333e-21  9.33747e-07
 3.35263e-35  2.69104e-12
 5.18274e-05  3.89827e-69
 8.12474e-73    0.0569515
 1.14751e-07  4.09797e-82
 1.86348e-41  2.78468e-13
  1.6323e-05   1.8733e-71
 5.42265e-62  2.16473e-13
 7.12696e-07  8.12003e-82
 5.25802e-56  0.000796607
 1.85564e-38  3.38916e-11
 1.13688e-80     0.297072
 5.08235e-08  3.13854e-72
 2.33283e-08   2.8016e-74
 9.57952e-22  2.10841e-17
  1.3469e-06  5.79281e-85
 3.97372e-22  1.01529e-05
 1.02753e-20   3.7077e-65
 1.24107e-43  1.45512e-09
 2.65091e-08  3.31188e-84
  1.8758e-07  7.20561e-76
  9.6521e-06  3.89543e-89
 1.89314e-32     0.558377
 3.72738e-42  1.71814e-11
 2.33578e-28   0.00319865
 4.06727e-21   9.0521e-65
 5.44429e-15  5.57998e-78
  1.2868e-14  2.57994e-78
 0.000412779  6.71064e-88
 5.01141e-40    0.0428445
 4.82052e-31  1.09173e-13
 7.14274e-56   0.00285711
  4.1064e-41  2.91115e-10
 4.81587e-49  5.14271e-10
 7.69718e-06  6.56454e-81
 3.92529e-38  5.50829e-06
 5.34716e-16  1.67328e-71
  0.00117163  4.61758e-92
 1.44872e-15  6.54257e-72
 1.83438e-05  4.91082e-84
 4.84868e-31  4.32804e-13
 1.55367e-42  0.000170247
 1.53243e-29  7.72762e-05
 1.39888e-41  1.56945e-12
  0.00551587  1.80729e-89
 1.42524e-25  6.50478e-09
 4.91972e-15   1.7068e-72
 2.71061e-05  7.59059e-83
 1.25914e-27   2.4761e-10
    0.018166  1.13457e-86
  0.00102795  4.94861e-82
  0.00044666  7.30284e-82
    0.169323  3.24713e-84
   0.0907643  1.24185e-82
 5.17907e-05  3.15083e-78
    0.601259  4.86671e-83
 1.68601e-26  2.06373e-25
 6.12068e-54     0.690514
 3.07186e-51   0.00185008
 4.56583e-05  3.75216e-73
    0.012216  1.45825e-80
   0.0133469  1.08874e-80
 2.00591e-29    0.0339407
     0.93555  1.51253e-70
 1.97873e-59  1.20587e-05
   0.0224599  5.92841e-83
 6.68358e-47  2.90938e-05
   0.0105032  6.16351e-72
   0.0080709  1.33061e-70
    0.936099  2.96467e-65
 1.83549e-68  4.26254e-17
  0.00785819  3.58991e-83
 6.98963e-07  2.98683e-92
 6.28131e-59   0.00375214
 3.52301e-73  5.60357e-24
 5.79172e-54  6.49372e-10
 0.000101588  2.74889e-68
 1.85293e-23  7.04454e-08
 4.88014e-51    0.0668327
 4.58897e-05  5.87558e-70
  2.1183e-58  2.72487e-20
 5.31077e-51   4.9867e-06
 3.24993e-69  1.89773e-23
 0.000349572  8.76895e-53
 1.16847e-45  6.63019e-10
 5.74987e-32  9.46681e-09
   0.0271907  1.59477e-60
 1.53496e-06   2.4602e-93
 2.53471e-32  0.000100194
 8.78258e-78     0.690512
 1.45869e-16  2.65124e-14
 9.63044e-07   3.4256e-71
 4.72785e-07  1.19033e-70
 1.35841e-80     0.309451
 9.12777e-21 2.81581e-109
 1.42771e-07  1.59086e-69
 0.000995616  2.22789e-50
 9.20292e-08  5.59645e-70
 1.82004e-22  9.74236e-17
    0.690546   9.0585e-83
    0.309446  7.43171e-84
 7.03836e-06  2.35483e-75
 6.52058e-05   7.4272e-89
 2.93469e-28  1.02321e-10
 1.66808e-52  2.18352e-09
 9.64255e-23   0.00802253
    0.309377  2.48475e-50
 3.92864e-52  0.000539916
 1.96804e-06  1.99661e-73
 1.20758e-05   9.9026e-44
 7.90346e-07  5.21017e-70
 1.84443e-57   0.00590538
    0.690494   1.2425e-52
 2.45638e-59  8.33293e-27
 1.55207e-48   0.00255627
 6.16127e-47  2.38697e-11
 1.56771e-08  1.65415e-65
 1.36278e-27  3.46092e-16
 9.70284e-56    0.0232927
 3.56633e-46  5.43196e-10
 1.07238e-18   0.00407333
 2.49695e-63  4.08137e-15
 2.34688e-46     0.204211
 8.81595e-09  1.73855e-64
 3.41559e-73  2.40419e-13
 3.06655e-09  2.93713e-74
 7.67249e-06  1.24622e-50
 3.45542e-06  5.37026e-50
 8.83342e-10  6.58134e-75
 1.20534e-10  2.69845e-67
 6.06742e-11  7.29468e-66
 9.87296e-14    5.488e-53
 1.19164e-10  4.11892e-72
 2.02006e-31  0.000534999
 2.71042e-44  1.09019e-10
 2.76591e-42  3.42949e-17
 2.64416e-22  2.36205e-06
 2.09969e-13   3.8179e-56
 2.82475e-82    0.0865237
 4.99063e-11  2.90427e-71
 3.67927e-14  3.03516e-47
 1.62209e-94  2.45677e-20
 6.31074e-14    9.459e-78
 5.10243e-17  6.76433e-40
 4.26197e-24  1.21448e-50
 9.00532e-13  1.01209e-61
 1.25258e-24  1.07358e-06
 3.87345e-37  1.01025e-11
 6.20428e-24  9.94889e-46
 2.14369e-42     0.172625
 2.14467e-16  3.13739e-47
  1.4191e-44  6.39149e-12
 3.81642e-26  7.23888e-51
 1.51297e-17  6.69867e-35
 6.85841e-54   1.7046e-05
 2.26651e-16  1.43976e-41
 8.99933e-15  1.45955e-57
 3.29601e-14  3.85411e-52
 1.57524e-20  8.05485e-05
 9.36259e-14  1.01923e-49
 1.53357e-47  5.04312e-06
 6.84636e-15   4.9074e-54
 6.42536e-54  0.000944501
 4.38016e-19  1.52815e-32
 5.31065e-13  8.02898e-51
 1.38685e-32  1.13921e-11
 5.94531e-15  1.95916e-47
 1.49872e-23  2.80971e-13
 1.56494e-44  1.38848e-06
 6.73882e-30  4.19322e-06
 1.36418e-11  1.79935e-54
 1.67011e-45  2.15951e-10
 4.12818e-35   7.1675e-14
 2.67307e-11  5.66658e-54
  2.3088e-47  5.67782e-16
  2.5961e-11  2.33496e-54
 7.89672e-46  0.000167918
 3.31298e-51    0.0251945
  4.6156e-11  1.21735e-53
  8.8815e-21  2.31692e-31
 2.52106e-21  3.32411e-06
  3.2496e-84  1.60929e-18
 8.12669e-10  3.55719e-46
 4.79172e-10  2.21887e-49
 2.72852e-36  1.05183e-20
 2.29531e-50    0.0124597
 1.53992e-09  9.30537e-51
 4.40083e-09  5.96875e-49
 1.35986e-08  6.02189e-35
 2.48498e-24   8.3173e-28
 2.93992e-08   1.3724e-33
 1.39157e-42  2.96204e-05
 3.85023e-25  1.51875e-27
 1.69803e-07  7.71102e-48
 2.54383e-58   0.00209397
 3.44662e-47   0.00224002
 1.21107e-29  9.22895e-24
 7.42471e-06  4.00305e-37
 9.19929e-27  2.78191e-05
 7.92423e-14  2.69233e-21
 1.39868e-36  2.57695e-12
 1.90617e-28  4.38947e-24
 5.04074e-69   1.8057e-05
 1.53836e-71  0.000535607
 7.40384e-06  1.33197e-45
  3.0383e-06  2.76402e-51
 7.18505e-73  3.73034e-18
 2.14867e-05     0.567567
 3.54169e-08  7.93821e-60
 2.21593e-08  9.92742e-62
 9.52701e-08  9.31477e-55
 3.70234e-43  2.42464e-08
 1.55344e-47  2.39856e-14
 2.62225e-32     0.615195
 2.57103e-50   1.4199e-07
 3.21292e-70  9.20167e-07
    0.626494  6.28509e-37
    0.219286  5.29052e-38
   0.0521049  6.99938e-34
   0.0745128  2.05194e-38
   0.0201821  1.89422e-32
 2.82697e-53  1.03291e-08
 2.01561e-55   0.00114444
 1.04873e-71  3.64313e-08
     0.68667   3.0916e-55
 3.54977e-91  2.30511e-15
 1.58385e-54  2.34801e-10
 2.88647e-70  1.23777e-15
 1.25742e-24    0.0662148
  0.00235911   5.0612e-31
    0.304327  5.20944e-55
 1.82622e-42    0.0086492
 8.45473e-48    0.0168735
 2.08104e-13   9.4154e-21
    0.689359  3.82074e-56
  0.00753191  3.32214e-53
 3.44645e-29  3.27499e-07
 2.21606e-50  2.98135e-12
 2.57573e-24     0.630111
 8.33397e-42  4.81872e-13
 4.84068e-58   0.00320703
 1.22757e-44  8.65496e-06
    0.308119  1.96365e-54
 9.67807e-05     0.703223
   0.0129211  2.00802e-49
 4.64747e-49  2.25166e-06
  0.00207258  1.35082e-53
 2.79456e-54     0.560076
 4.74876e-05   4.4659e-51
 2.93585e-35   0.00407995
 0.000746837  4.04812e-54
 1.42738e-53  5.16857e-09
 1.48579e-12  1.62016e-43
 0.000137177  1.32347e-54
 3.62125e-07  6.23611e-44
 1.88397e-58  3.97074e-05
 8.50708e-79  6.67443e-15
 2.19134e-71   0.00762919
 3.54994e-09  8.55411e-47
 1.53929e-09  1.81379e-46
  1.6493e-07  1.27144e-46
 1.83748e-06   1.9113e-57
 6.91803e-11  1.72877e-36
 7.47063e-28  1.21028e-20
 1.78273e-49  2.36133e-09
 1.53655e-10  7.22146e-38
4.18446e-172 2.63526e-111
 6.70756e-19  5.44864e-28
 8.77225e-31    0.0302479
  8.7176e-17     0.282903
 1.27042e-11  2.17258e-54
 1.15925e-08  2.18992e-57
 1.80417e-51     0.165669
 8.82916e-09  3.14158e-57
 3.06043e-10  1.12376e-55
 2.56789e-13  5.13414e-52
  6.0574e-13  1.02653e-52
 5.08918e-13  8.43773e-53
 2.39257e-12  1.35512e-53
 3.26759e-23  3.67686e-07
 2.36557e-26  3.98292e-09
 3.61218e-37  5.92105e-08
 2.86065e-72  1.54202e-09
 1.28412e-12   3.1693e-58
 1.03145e-13  4.32167e-59
 2.28902e-51  2.07878e-18
 1.30512e-12  1.43098e-59
 2.55978e-32  0.000407539
 1.25046e-54  5.11335e-13
 3.76541e-34  2.38846e-12
 1.14187e-65     0.551665
 2.59377e-12  1.75409e-60
  6.8535e-09  3.35791e-58
 7.3899e-106  6.45586e-42
 2.32813e-08  2.72253e-60
 6.08069e-39  6.06646e-07
 6.28138e-08  4.31414e-62
  1.0946e-52     0.013953
 6.85261e-10  7.10399e-63
 1.64016e-10  2.09613e-54
 6.81948e-10  8.68852e-54
 7.56097e-45  1.61515e-09
  4.3444e-18  7.74548e-37
  5.1989e-06  2.86748e-46
 6.36444e-08   0.00169424
  4.4475e-26  4.98395e-08
 1.63071e-09  2.78344e-53
   0.0461854  3.20664e-68
 2.56131e-08  5.23229e-51
 2.10008e-56  2.31683e-05
 7.19252e-56   7.1548e-06
  1.0314e-33  4.01809e-17
 7.52213e-08  2.24792e-51
    0.685112  1.41547e-69
 6.79121e-21   0.00037686
 1.62509e-32   1.7204e-16
  6.5076e-28  5.97029e-10
 9.23145e-64     0.268302
    0.299709  8.33838e-70
 4.95713e-30    0.0932653
 3.58247e-35  1.74251e-10
 2.27394e-60     0.262222
 2.39899e-06  4.78136e-53
   0.0309612  2.48738e-67
 4.90013e-37     0.690202
    0.309451  1.59507e-42
 7.09619e-06  2.81871e-76
 2.42107e-20  2.30446e-05
 8.56411e-06  8.70514e-45
 6.52804e-53   0.00606149
    0.690549  7.23936e-43
 2.07559e-06  4.69516e-50
 3.67626e-51   4.9167e-06
  0.00134415  1.08358e-37
   2.293e-78  0.000770284
 1.65708e-09  1.10115e-51
 2.25448e-06   2.4151e-65
 3.45099e-09  1.01653e-50
 1.03598e-07  2.79013e-44
 1.71861e-23  0.000459876
 8.08846e-56       0.3094
  0.00425459  5.70824e-33
    0.309113  1.17787e-33
 5.17759e-74  2.54169e-10
 0.000118251  9.91992e-49
     0.69028  2.82918e-31
 0.000369125  1.34025e-43
 7.54955e-53   0.00155118
 1.05408e-07  2.96538e-34
  1.3732e-62  2.55839e-05
  0.00114522  7.82676e-39
 5.69091e-05  2.25262e-27
 6.81838e-50    0.0202685
 9.14971e-05  1.14496e-26
 1.18034e-36   0.00188615
 3.81173e-32     0.178885
  2.3389e-07  2.63867e-33
  0.00867834  1.34719e-38
    0.690586  3.56878e-51
 2.38848e-43     0.635649
    0.309531  6.32179e-54
 4.22701e-17   1.0404e-13
    0.132542  8.74671e-39
 0.000424627  5.86514e-57
 5.47845e-55  3.65229e-08
 2.28995e-53     0.118643
    0.268849  8.28388e-33
    0.677892  1.43161e-35
 7.29205e-53  5.29869e-08
 8.30861e-10  6.60875e-18
 1.02547e-48   6.0063e-16
 9.57932e-53  3.33488e-10
 6.28683e-79   8.4957e-11
     0.55171  5.27041e-45
 5.25724e-76  6.17969e-13
 3.74723e-65  0.000290229
 2.57565e-06  1.85566e-21
 5.57195e-49  2.45348e-06
 1.73189e-55   0.00107239
 1.42349e-05  8.59139e-23
 4.25304e-05  1.61786e-27
  3.0093e-10  2.43846e-17
 1.78531e-07  1.17772e-23
 1.70055e-37   1.2073e-05
 7.89902e-72  6.55204e-14
 7.80348e-08  6.15097e-25
  0.00163506  9.87352e-41
 9.85622e-60  1.95525e-21
 7.70138e-52  4.52679e-05
  2.1438e-08  1.85438e-28
  0.00373801  8.11278e-42
 1.53528e-51     0.575293
 2.79385e-49     0.124486
 1.93253e-56  1.34375e-05
 1.33794e-62  1.52322e-07
 3.01225e-05  3.16104e-37
 1.44964e-09  1.00445e-31
     0.30688  4.50268e-49
 2.83942e-25  2.14825e-05
 1.97709e-51  2.65711e-08
    0.688612  8.16281e-53
 1.07071e-63  1.47991e-05
 1.55521e-08  1.22911e-38
 3.49573e-06  4.13194e-43
 2.02318e-08  8.93671e-43
 1.54935e-08  4.46981e-44
 1.06763e-29  6.20982e-13
 8.31942e-20  6.87253e-05
 1.03926e-11  4.98014e-40
 3.81089e-50  1.56099e-06
 2.52562e-13  1.12183e-38
 7.22952e-13  3.95594e-39
 2.43035e-54  1.18594e-16
 1.71826e-09  1.26864e-52
 7.69964e-10  1.10152e-50
 9.22775e-52     0.636228
 1.22635e-74     0.659774
 9.39392e-10  4.27317e-47
 6.56669e-14  7.69957e-43
 2.86694e-14  5.63398e-40
 1.42754e-58   3.2561e-06
 3.01675e-14  2.33874e-44
 5.81117e-14  4.89058e-39
  8.8361e-05  1.30348e-45
  0.00169966  1.12231e-43
 1.39288e-05  2.11767e-48
 8.10348e-06  1.42014e-47
   1.263e-10  9.90412e-36
   0.0336861  2.02242e-42
 3.78097e-19  5.07054e-56
 8.30129e-36     0.580928
 6.22222e-23  3.69683e-11
   0.0784829  8.60622e-42
    0.560649  5.02932e-41
 4.73412e-10  7.03957e-35
  2.5489e-35    0.0117705
 8.51321e-26   2.4181e-11
 2.49247e-60  0.000409369
 1.67382e-07   1.7958e-37
  3.0068e-07  4.70085e-37
 2.48126e-07  9.93144e-37
 4.69367e-36  8.31327e-06
 0.000213147     0.339906
  7.4178e-09  9.22378e-34
 1.66874e-08  2.66209e-33
 5.77745e-17  2.62808e-14
 1.24417e-37  1.15974e-13
 1.70334e-52  0.000216228
 1.08255e-31  6.09265e-05
 2.06782e-37  1.90114e-11
 2.67759e-34  2.69746e-13
 6.79917e-06  3.43297e-35
  2.7786e-49     0.622047
 2.93487e-06  1.04217e-35
    0.309434  4.38886e-30
 3.81435e-36   0.00151359
 2.12728e-15  5.87671e-45
    0.690537  3.14088e-30
 5.70524e-60   0.00472403
  5.5365e-24  0.000285135
 2.67169e-65  2.51054e-19
 2.02923e-56  2.08338e-13
 4.32621e-38  1.64442e-18
 1.64915e-50     0.664483
 8.25794e-26  6.55274e-63
 0.000256446  8.60224e-27
 8.64401e-05  2.64035e-26
 1.24217e-52     0.690539
 6.60228e-12  7.73766e-42
 5.53149e-47  7.13564e-06
 2.17886e-44  1.22088e-06
 4.15023e-48  3.70929e-05
    0.689123     0.307936
 9.89119e-12   2.9037e-42
 2.74173e-30  1.75857e-24
 8.98098e-23  4.62975e-58
 2.83146e-05  7.79847e-26
 1.52823e-20  2.06189e-51
    0.555818   5.8351e-38
 2.42285e-48  5.31684e-07
   0.0482575  1.05228e-38
 3.63462e-86  1.61341e-15
 6.97869e-21  1.57527e-52
  5.4549e-35  3.92534e-18
 3.73785e-32   0.00800442
  0.00502235  7.34438e-38
 2.74913e-55    4.727e-09
  0.00277199  1.22359e-37
 2.37103e-15  4.22156e-15
 1.35752e-43   0.00162018
 2.03168e-30    9.406e-12
 1.43377e-12  1.33224e-18
 1.97195e-52     0.034141
 6.72811e-13  6.07561e-19
  5.3253e-13  2.99636e-47
 3.78291e-08  1.11236e-32
  8.7523e-15  2.54856e-49
 1.48089e-14  3.03644e-49
 7.10355e-94  9.40004e-31
 3.60328e-70    0.0877754
 1.2365e-108  7.66211e-29
   1.226e-15  3.80879e-25
 2.56647e-12  1.84359e-22
 4.39245e-22    0.0125697
 5.63298e-16  1.85024e-25
 1.22175e-10  1.85341e-42
 7.95533e-17  1.96361e-27
 1.10705e-50  0.000108126
 7.08109e-34    0.0195941
 1.36467e-26    2.144e-06
 3.77681e-17  1.32323e-27
 5.35647e-12  8.43301e-23
 1.30367e-09  3.00441e-43
  0.00238452  2.87703e-56
   1.948e-23  1.29922e-20
 1.79029e-11  1.73785e-45
 1.10727e-30    0.0019125
 2.85975e-09  5.53266e-44
 6.29683e-07   1.9429e-41
 1.24445e-45  2.73844e-13
  0.00531376  1.77572e-59
 1.39306e-06  2.44613e-39
 1.64274e-60   0.00067709
 2.66302e-68     0.088779
  1.8934e-50  2.96461e-11
  3.6178e-55  2.14969e-09
  3.5606e-12   5.3943e-46
 3.06776e-66  8.55664e-14
 2.28833e-30  1.99594e-21
 3.28425e-64  8.47933e-15
 5.76667e-56  2.93344e-12
 9.73812e-06  3.67826e-29
 1.09892e-52  0.000334654
 2.07261e-22  7.73707e-17
 2.46118e-32  1.81838e-07
 4.29734e-32     0.106477
  0.00325203  1.34916e-31
 2.06239e-58  5.95345e-06
  0.00900913  3.88894e-32
 0.000180981  2.79943e-37
 7.92223e-50  4.77442e-07
    0.551706   7.4247e-67
    0.307839  1.28717e-33
 2.63696e-29  4.23071e-07
 3.24064e-46  7.50189e-05
 4.44448e-16  8.18172e-15
 3.47625e-42  1.51152e-09
 6.01127e-12  2.47978e-19
   7.201e-50  7.36428e-08
     0.68928  3.24463e-34
 3.20748e-11    3.918e-47
 7.31697e-67  1.70946e-05
 4.49366e-07  3.46293e-41
 1.99279e-46  7.46166e-13
 2.71943e-30  1.72784e-17
 2.46732e-05  1.00061e-38
 1.05691e-62  3.34939e-22
 1.12621e-05  9.88513e-40
 1.87734e-35    0.0749171
   6.255e-05  3.93813e-38
    0.551665  5.52722e-38
 2.10013e-10  7.79453e-83
 1.90443e-15  1.41801e-63
 2.43904e-08  9.57916e-44
  1.7534e-67  5.63589e-25
 2.79224e-45  5.57424e-06
 4.74001e-15  5.47432e-63
 3.61392e-58  5.13312e-08
 9.23031e-08  1.10112e-31
 1.43848e-15  8.00866e-74
 4.08851e-16   0.00641434
 4.31676e-12  5.92571e-56
 8.26536e-09   2.6741e-49
 1.53179e-10   9.6051e-51
 3.73357e-43   0.00189653
 2.98867e-10  3.15936e-51
 2.41986e-22  6.05661e-07
 1.03832e-45    0.0011481
 2.18622e-31  1.20799e-05
 3.06751e-12  1.00441e-56
 2.22708e-50     0.309439
 6.41312e-10  1.83224e-51
 2.30413e-50  5.53201e-12
 9.49866e-78  1.59935e-07
 4.55279e-29   2.2962e-08
 2.55388e-12  6.88128e-57
 6.36652e-09  1.19525e-52
 7.85492e-52  1.68628e-05
 1.63718e-53    0.0131783
 9.30202e-29  4.60326e-91
 6.51546e-28  3.98392e-81
 1.06825e-82  0.000251744
  1.5368e-13  1.55231e-63
 2.37841e-28  2.75787e-90
 9.59432e-26   5.1085e-07
 2.80475e-28  3.72892e-13
   0.0497678    3.849e-58
   0.0927945  5.39647e-59
    0.104846  1.54673e-57
 3.92317e-64  0.000354448
 0.000727036  8.59669e-62
 1.60185e-71  9.54005e-08
    0.581232  1.38864e-58
 3.43485e-29  3.44746e-07
 0.000323529  5.62187e-57
 5.88948e-19  3.11876e-86
 7.58285e-55     0.230769
 4.51247e-57  6.78025e-06
 5.43488e-13  3.42135e-64
  2.0723e-12  4.24929e-57
 5.09536e-16  4.48737e-76
 2.08221e-22  2.22338e-14
 2.51093e-44  2.22376e-06
  4.6337e-83     0.690549
 6.13336e-39  3.93289e-08
 3.61118e-42  5.32504e-12
 3.99349e-15  3.66973e-70
 2.25938e-35    0.0027878
   1.417e-15  1.03687e-68
 4.24435e-11  1.88907e-46
 2.09749e-26  4.64992e-11
 3.89762e-33    0.0671986
 1.24598e-42  2.47449e-15
  8.1244e-13  5.53734e-49
  4.4496e-13  3.63998e-05
 7.01688e-08 7.92275e-106
 2.13231e-12  3.33619e-45
 3.31786e-08  9.90382e-99
 1.76691e-13  8.48353e-05
 1.82305e-17  3.04162e-50
  3.9345e-12  4.45405e-41
 8.12191e-18  6.67955e-57
  8.6408e-38    0.0852176
 1.95149e-68    0.0725229
    0.551665 5.40573e-114
 3.62227e-22  6.25623e-05
 5.44172e-15  1.15601e-21
 5.69344e-51  2.41197e-09
 3.61777e-57  2.61544e-11
 1.50177e-16  8.74443e-10
 1.11145e-29  4.07058e-07
 1.16468e-52    0.0107964
   1.702e-05  9.99096e-32
 2.21059e-54  9.44527e-09
  0.00746034  3.58436e-29
   0.0131174  6.14131e-28
 5.49655e-52  2.14202e-10
 1.56729e-55  3.95747e-17
 0.000870927  4.46459e-27
 4.30572e-26  7.72927e-11
 4.13738e-45  1.26902e-08
   0.0255476  2.78128e-27
 7.42792e-55  8.08122e-11
 2.89979e-41     0.163024
 2.01271e-06  4.05732e-31
 3.73173e-56     0.552593
    0.553154  1.08227e-25
  0.00185698  1.58168e-26
 1.17307e-36  1.05206e-11
 3.75114e-43  7.54439e-10
 6.23186e-70  2.77179e-12
 9.78595e-08  5.41364e-29
 8.33625e-07  3.44285e-34
 3.67539e-24  6.04234e-10
 1.38834e-37  1.44168e-12
 2.04941e-46  0.000112159
 1.07963e-45  4.71709e-08
 1.87889e-52   0.00662585
 1.01747e-33  1.95062e-05
 1.31662e-46  1.99986e-05
  0.00873289  6.69666e-27
 2.72375e-51  2.54482e-10
  0.00604572  1.41354e-23
 2.56794e-67   2.4955e-10
 8.34586e-41  5.17395e-11
  0.00285046  1.31097e-23
 3.88974e-20  8.25813e-66
 0.000669228  1.68155e-22
 1.52766e-09  1.88664e-41
  1.5396e-10  1.01848e-46
   5.958e-10  6.56868e-45
 3.75116e-38    0.0687247
 1.18451e-60  9.60006e-08
 4.68876e-14  2.81209e-55
  1.2611e-12  8.85863e-14
 2.20102e-06  6.45522e-20
  6.8424e-37  4.51613e-12
 1.59482e-55     0.188149
 5.97415e-46  5.61195e-06
 2.39641e-14    3.335e-62
 6.16514e-42  2.99545e-15
 4.28435e-14  9.76567e-31
 1.88188e-14  3.94587e-31
  2.5542e-08  9.59197e-25
 7.16895e-21  2.78247e-45
 7.59514e-55  2.59101e-07
 1.43971e-36  3.32263e-06
 1.61929e-08  1.86056e-24
 2.16919e-71  3.75057e-13
  7.3742e-16  6.75319e-33
 2.77308e-10  6.01492e-29
 2.53319e-21  1.24019e-49
 3.34891e-17   1.4333e-36
 4.92345e-06  3.50095e-27
 1.23502e-17     1.22e-39
 5.51954e-54     0.551695
 1.65226e-18  1.19994e-42
 2.51919e-05  1.67479e-28
 1.80238e-07  2.20385e-31
 4.04037e-40     0.672918
 1.10945e-07  5.37283e-32
  0.00979965  1.61133e-30
 4.78546e-21   5.2647e-49
   0.0119436  3.91422e-31
 1.22396e-45  3.32392e-11
    0.562968  1.29876e-32
 2.48707e-61  1.65996e-14
 1.48284e-24   1.3695e-06
 5.00184e-65  0.000796524
 3.87091e-25  1.34743e-55
 7.62044e-09  5.52416e-38
 3.17007e-52  1.35426e-06
 9.46949e-25  1.16357e-55
 4.73997e-54  4.73519e-19
 6.96923e-34  1.03323e-71
 1.28514e-50  3.86819e-10
 2.89633e-68  4.29289e-06
 8.14601e-41  0.000140506
   0.0789264  8.77792e-34
 2.57466e-10  3.31131e-42
 2.15026e-10  3.01585e-43
 1.11171e-55  1.82048e-06
  9.3166e-62     0.551667
 1.57942e-35     0.034178
 1.56381e-10  9.05783e-46
 8.26594e-22  5.49907e-06
 1.23511e-37  5.01107e-14
 1.63386e-14   0.00170275
 8.58059e-14  7.45108e-54
  1.2143e-90   6.5296e-15
 6.37579e-54   0.00055055
 1.74834e-75  0.000354054
 2.99157e-57   0.00892628
 2.52977e-16  3.98893e-10
 1.84864e-29  0.000318299
 1.48831e-29  1.12167e-82
 1.37527e-41  4.96383e-12
 3.91217e-29  9.04587e-83
 3.94874e-53  1.34138e-11
 2.02796e-43   1.4993e-11
 2.01175e-12  6.81053e-61
 1.17406e-46  0.000266855
1.54992e-106  2.90868e-42
  5.4271e-35  0.000594484
 4.51545e-97     0.999941
 9.04099e-13  3.21312e-64
    0.309384  9.24953e-50
    0.690499  3.71696e-50
 2.30698e-42     0.552648
 5.76265e-06  5.51365e-56
 1.23316e-05  3.00396e-55
 3.75976e-05  1.21257e-54
  2.5133e-16  1.47161e-34
 1.11619e-16   3.4126e-34
 2.18381e-11  3.31401e-61
 8.86092e-12  5.65493e-63
 1.08504e-37   0.00172861
 2.64367e-12  3.22325e-62
 1.02486e-41    0.0405951
 1.42199e-12  5.26698e-64
 4.26788e-17   1.6306e-62
 2.94029e-14  1.19698e-67
 8.63248e-70  2.24487e-15
 1.53999e-41  1.14213e-09
 3.44909e-47  1.03557e-09
 1.87213e-56  1.37319e-06
 2.06172e-17  6.55958e-63
  5.6585e-43 1.85803e-104
 5.12232e-16   5.7197e-71
  2.2812e-16  4.54961e-71
 2.58197e-43  0.000709816
 6.16219e-22   3.2013e-39
 2.67308e-30     0.037327
 2.63414e-42 1.04974e-100
 1.05739e-21  8.05282e-39
 1.92246e-46  1.39489e-05
 2.19983e-49     0.690031
 2.42463e-27  2.54267e-10
 5.25667e-87  5.52536e-19
 6.20484e-54     0.152104
 5.05663e-21  1.28298e-70
 5.39677e-32  4.74827e-15
 1.06989e-56  2.05145e-09
 2.04765e-40     0.284562
 2.12458e-21  3.86813e-69
 1.21807e-40  2.91673e-92
 6.19717e-26   7.5156e-63
 2.32118e-20  1.00967e-49
 1.35174e-20  1.13791e-52
 2.16722e-26  4.12923e-65
 4.84004e-14  3.55988e-41
 5.08829e-54  9.84819e-12
 1.88923e-26   1.3261e-22
 1.34253e-45  5.20159e-06
 5.11507e-35  6.06502e-76
 9.71465e-36  1.02232e-76
 2.47202e-37  2.69111e-81
 4.04174e-37  6.23188e-88
 1.71389e-18   0.00632255
 2.05069e-10   4.9024e-47
  1.4966e-36  1.43811e-82
 2.67379e-74    0.0023688
 9.55028e-74     0.001716
 4.82065e-10  9.26334e-49
 7.75383e-47  1.13514e-12
 2.22701e-11  1.81385e-44
 1.57767e-47     0.308763
 3.09095e-31  1.08824e-89
 6.76571e-18      0.21212
  0.00010176  4.19401e-49
 5.58186e-12  1.13942e-41
 0.000230898  1.10697e-49
 6.82494e-49  8.26422e-11
 6.75874e-31   2.0853e-83
 2.55163e-16  9.66977e-62
 1.09808e-08  3.68154e-45
 4.28838e-39  1.49671e-08
 1.20873e-20   5.6627e-05
 5.21177e-32  1.33648e-13
 2.99826e-59  0.000275386
 7.25894e-46  4.22581e-05
 1.87198e-16  1.22283e-62
 1.04437e-36   2.3158e-20
 2.23526e-63  4.02659e-09
 9.16858e-24  3.84788e-26
 6.20997e-52  0.000211024
   0.0180389  1.44475e-51
 3.17978e-53  2.00406e-16
 4.55439e-12  7.61329e-42
 4.38447e-09   1.0831e-44
 3.69773e-30  6.20532e-05
 3.68302e-44  4.77625e-06
 9.89055e-10  4.13224e-44
 9.74485e-62     0.683702
    0.554929  1.43918e-53
 1.54704e-29  1.38048e-12
  0.00329105  3.17378e-57
 5.63985e-27  1.32645e-24
 9.98127e-38  2.88343e-10
   0.0100277  3.47535e-56
   0.0412534  1.57974e-55
 6.72811e-26  2.38249e-09
 6.22222e-45  2.37682e-18
   0.0176406   1.9174e-56
  0.00289701  4.13298e-58
  2.2615e-05  3.74483e-55
 2.35862e-14  0.000969244
 8.06617e-35  1.56531e-07
  0.00097987  3.26816e-58
 2.45612e-27  7.46774e-10
 6.97014e-18   4.0184e-20
 5.02608e-06  2.52202e-20
 7.22883e-36     0.308988
 1.75248e-34  0.000349852
  8.4815e-05  7.28907e-54
  0.00342986  4.73235e-56
 0.000186682  1.69149e-53
  0.00455783  7.91667e-55
 1.24859e-41    0.0593366
 4.81783e-18  1.17062e-36
 6.52883e-54  1.74778e-08
    0.202618  2.40998e-53
    0.618078  5.51766e-54
 1.30002e-10  6.83564e-61
 1.36231e-17  5.07818e-37
  0.00220555  2.63151e-51
 1.91661e-25  6.89978e-16
  0.00167715  1.53934e-51
  3.2952e-08  2.27803e-56
 3.06162e-15  1.73782e-39
 1.00558e-67  6.11499e-08
 1.08227e-25     0.689615
 4.82256e-56    0.0335367
 7.51619e-08  3.05243e-56
 3.86936e-53  1.36582e-06
 6.37337e-57  2.04121e-11
 2.96937e-30     0.561853
 9.16896e-43  1.88147e-12
 6.74241e-50  2.45179e-07
 1.78305e-11  3.58564e-43
 5.86639e-43   6.5442e-09
 6.49109e-12  9.54097e-43
 3.34933e-27  5.96741e-16
 8.78286e-13  1.46167e-44
 3.85417e-13  8.53422e-45
 6.73562e-31  5.96589e-21
 1.28931e-22  1.14799e-48
 6.03071e-20  3.54137e-46
 2.80995e-40  4.25022e-08
 8.51864e-18  4.34885e-48
 1.27252e-14  8.83004e-49
 3.67776e-17  2.59368e-48
 5.72762e-13  4.29883e-50
 5.61845e-13  1.47047e-51
 4.93911e-60  6.76997e-06
   1.978e-73     0.551718
 1.19026e-72   0.00321469
 3.56243e-37  5.90994e-13
  1.1206e-55  4.39414e-16
 8.92329e-08   0.00234723
 3.25072e-42  3.19289e-19
 7.98223e-12  3.54198e-52
 2.32676e-11  1.13272e-53
 5.26515e-49   2.7282e-16
 3.18662e-16  9.04066e-52
 1.42527e-70     0.272865
 2.84811e-10  2.54051e-55
 9.62796e-34  1.51632e-05
 6.89242e-10  1.37931e-56
 2.94987e-20  4.23912e-48
 2.39525e-46  1.05822e-07
 7.08726e-68  1.60482e-06
  5.0819e-09  2.41803e-59
 1.33531e-37     0.205496
 4.32393e-43  4.52995e-15
 8.00993e-19  3.57693e-47
 2.17948e-58   3.4868e-06
  2.5991e-24  1.32265e-08
 1.04516e-25  9.33258e-17
 9.02281e-53  4.57292e-20
 5.99202e-58  8.04952e-10
 3.04202e-66     0.005502
 3.50046e-39     0.164375
 1.82608e-18   2.6896e-47
 3.17729e-37  2.10737e-15
 2.85624e-26  5.39628e-10
 2.10768e-43  1.21287e-07
 5.46884e-64  6.90633e-05
 1.08243e-49   2.1387e-09
 3.68348e-06  2.98153e-57
 2.05441e-45  6.45417e-17
 7.51155e-64  1.73113e-05
    0.242377  4.32376e-72
  3.0512e-22  1.38348e-43
    0.656036  2.97082e-65
 1.09374e-05   8.4185e-52
     1.01064  2.92844e-59
     1.00404  1.10412e-55
 1.29315e-76  1.90607e-10
 1.39161e-40    0.0390082
 7.12052e-07  1.49075e-71
 4.00468e-43    5.113e-07
 3.40803e-65  8.87637e-20
 3.71494e-05  9.06186e-50
 1.21711e-06  9.51296e-67
 8.48721e-11  7.60428e-42
 1.70094e-20  6.98512e-21
 2.65625e-14   0.00064622
 1.87931e-11   8.0848e-40
   1.597e-11  1.81502e-38
 4.16071e-10  1.70496e-41
 4.54214e-14  1.05216e-28
 1.04257e-09  7.04386e-43
 1.05186e-13  4.36693e-28
 6.02271e-15   1.7906e-26
 6.33768e-60    1.207e-08
 9.06384e-62  1.29421e-05
 8.50407e-29  0.000136584
 7.78123e-08   1.4656e-33
 1.34395e-08  1.75785e-42
 5.92139e-13  1.86754e-28
 4.76806e-15  2.88209e-68
 7.82137e-74  1.04823e-13
 1.66707e-76   0.00012153
 1.59179e-06  8.37995e-40
 4.45232e-37     0.128908
 5.41407e-23   0.00194741
 1.97499e-56   7.7587e-08
 2.09485e-40  4.09924e-11
   1.993e-06  2.44113e-39
 6.32433e-21  7.27828e-06
 1.58667e-45     0.237965
 1.30767e-05  1.73698e-40
 1.14287e-25  1.76165e-08
  0.00255751  3.96668e-44
 6.79359e-27  1.29624e-06
 2.03837e-51  9.82362e-10
 1.61054e-06  5.32784e-35
 4.38354e-37   0.00244811
  1.1499e-06  2.04164e-53
 1.82892e-35  7.88226e-16
  0.00599965  5.96657e-47
 1.03206e-34  3.02409e-12
 5.18089e-10  1.82574e-38
 0.000136455  6.69495e-37
  0.00193981  2.23419e-39
 2.23602e-80  7.04669e-08
    0.552111  3.03327e-48
 4.55215e-06  8.41177e-40
  1.6019e-74  3.92113e-19
  2.1118e-06  1.42629e-41
 3.76288e-31    0.0838132
 1.00071e-19  0.000378657
 1.96643e-08  2.90903e-63
 1.68691e-41  2.95036e-09
 8.82673e-09  1.61805e-67
   0.0146168  1.56355e-54