  7.2796e-08  8.15379e-46
 4.20496e-34  3.65818e-17
 1.49032e-07  1.84529e-45
   0.0568606  8.87799e-41
  1.6385e-08  7.65096e-47
 1.43194e-06  2.94911e-39
   0.0397088  4.31441e-40
 2.79825e-27  1.49422e-08
   0.0797956  7.15169e-40
    0.053589  8.12633e-40
    0.708277   1.1642e-39
 1.05588e-34  2.37263e-14
  5.3903e-07  9.63745e-39
 6.04267e-40   5.1248e-11
 3.56325e-22  9.23695e-07
  4.5282e-53    0.0707005
    0.780067  4.78175e-39
    0.325593  8.12074e-39
  5.3433e-64    0.0116803
 1.85955e-07  2.56272e-38
    0.636682   1.4819e-38
 1.07561e-25  5.03522e-05
 0.000165117  3.43715e-46
 8.47256e-06  2.92854e-44
 2.29667e-24  5.95486e-09
 5.22248e-25  2.76545e-16
 4.77444e-23  0.000114863
   0.0386709  1.45885e-37
   0.0758564   1.5684e-37
  0.00233214  5.79139e-41
 1.55745e-55  4.18918e-24
 8.48716e-09  1.66503e-38
  0.00518862  1.38886e-40
  0.00158034  8.47519e-42
  5.9498e-21  1.20581e-05
 9.80823e-31  4.88592e-09
 1.67583e-36  9.46463e-10
 2.38814e-16     0.671012
   0.0154424    5.587e-37
 3.64788e-64  2.78016e-13
 0.000713636  1.82794e-35
  0.00273115   1.3772e-41
 9.33883e-55  2.65744e-05
 5.40422e-32   0.00428661
    0.307918     0.690522
 1.87237e-50   2.3311e-09
 2.12575e-85  2.17408e-30
   0.0339811  1.22719e-39
 1.23399e-56  2.55281e-07
 1.51257e-19  5.59684e-27
  0.00780142  4.09775e-41
 3.37789e-44  3.25841e-06
 8.75984e-19  7.81334e-09
    0.102552  7.43694e-40
 0.000205546  6.35392e-35
 9.92238e-06  1.92736e-34
 7.21977e-36  1.34502e-06
 8.24719e-53     0.157804
 3.32411e-39  0.000801757
 1.01813e-28  1.75376e-17
   0.0656936  3.36957e-45
 1.55386e-68  1.45725e-19
  2.0524e-05  3.96237e-34
  1.0595e-05  5.35233e-34
  7.9895e-29  2.60022e-06
 7.35767e-44  0.000249869
 4.51863e-53      0.66867
 1.60809e-40      0.30035
 4.60502e-40     0.306656
 1.97468e-47  0.000896017
 3.78391e-45  4.05957e-09
 5.45533e-37  1.45619e-14
    0.568231  2.26559e-39
    0.616241  4.29913e-46
   0.0145977  1.97981e-47
 3.12973e-17     0.687939
 4.26859e-05  6.16836e-32
 2.48896e-33  1.97344e-08
 1.06067e-27  9.15095e-07
 1.73189e-05  9.62361e-32
  8.9235e-55  3.50209e-05
 2.21604e-31    0.0361838
 1.31622e-41    0.0237291
  4.1566e-58  3.99777e-08
 3.47227e-33  3.10326e-07
    0.195368   2.2688e-46
 0.000283868  2.07264e-31
 5.37631e-47  9.16846e-07
  7.3888e-06  2.94612e-31
 2.84854e-26  0.000189908
   7.553e-17  2.51592e-14
   0.0819815   3.7228e-46
   0.0188203   4.5705e-47
  3.2297e-05  4.01513e-35
 1.01699e-23  2.59232e-08
 1.79087e-05  7.81811e-35
 1.27174e-07  1.26147e-34
    0.557217   1.0308e-29
  0.00440636  3.19992e-28
 4.16412e-15  1.43846e-15
  5.9805e-19  8.23443e-64
 3.13337e-39   3.3337e-12
   0.0308696  2.07027e-29
 2.78678e-07   2.8218e-34
 9.44972e-28  4.47201e-08
 1.06494e-28   1.0132e-05
   0.0538344  8.39495e-29
 7.17681e-14  3.56338e-33
 3.74869e-45  6.21248e-07
 1.28428e-56  5.87867e-07
 2.55171e-34  3.87551e-09
 2.10204e-14  2.81683e-16
 1.02585e-22    0.0855388
   0.0131728  2.06497e-29
 1.74318e-50  3.02262e-10
 2.87599e-54  0.000341651
  0.00648471  6.07911e-28
 0.000349405   3.9405e-31
  0.00732212  2.49646e-28
 7.33419e-08  9.71427e-23
 3.23298e-38  1.59809e-07
 3.13009e-62  7.67532e-13
 6.95804e-55    0.0003717
  0.00295411  8.76732e-28
 3.28798e-08  2.16641e-22
     0.30955  8.93185e-40
    0.690456  2.16528e-39
 0.000257215  7.78063e-30
 1.35752e-39  7.66085e-12
   0.0214841  2.43365e-33
 7.80555e-57  6.79705e-08
  0.00735702  4.90316e-33
   0.0614443  7.64155e-34
 1.09635e-57  1.03096e-08
 2.20208e-14  6.20904e-17
 1.94456e-12  2.16526e-27
 8.32093e-13  6.68121e-27
 1.56645e-12  1.93137e-27
 8.99442e-08  5.03348e-30
 2.34495e-54     0.591855
    0.179094  2.98455e-35
    0.609606  7.74503e-35
 1.87593e-23  8.59666e-11
 4.03211e-08  1.12324e-29
 1.79805e-55  2.47865e-26
 1.01582e-26  0.000139834
 1.91187e-63  3.05998e-16
 1.69721e-05  1.11544e-36
 2.86462e-25    0.0121321
 1.35798e-55    0.0297354
 2.03542e-26  1.97281e-09
  7.1842e-17     0.221828
 2.68127e-19  3.22585e-64
 3.27263e-06  5.37881e-36
 4.99688e-34  6.19888e-13
 2.66282e-06  3.42413e-36
 2.93674e-27  3.97888e-12
 7.79295e-06  7.98337e-37
 1.03917e-08   7.9776e-23
  0.00228064  3.42096e-37
 5.15534e-09  3.30583e-22
 2.31278e-30  1.50833e-13
   0.0114339  1.44814e-36
 4.31096e-28  6.64688e-22
  9.3376e-44  6.49582e-12
 1.20007e-20  3.37163e-05
 8.18803e-07  2.31659e-25
 5.36239e-09  1.24416e-22
 9.78452e-31    0.0626337
 1.59001e-49  9.11899e-07
 1.03699e-28  3.11286e-05
 2.96697e-06  5.09203e-25
 1.07886e-52   7.2877e-07
  5.4396e-61  2.45704e-21
 3.32699e-05  1.64384e-37
 1.00959e-47   1.5095e-07
 1.49478e-05  3.59847e-37
  0.00013953  9.73347e-31
 4.95139e-35  4.18354e-16
 1.52702e-50     0.551709
 5.16336e-36  1.17374e-15
 7.28791e-06  2.17148e-25
 3.89993e-40  1.33532e-12
 1.05865e-20  0.000226991
 0.000429892  2.38236e-30
  0.00240472  1.34154e-29
 1.68198e-31     0.640808
 0.000171631   6.8393e-31
  7.5437e-53        0.686
  0.00109756  2.85405e-30
 9.34883e-07   9.5884e-38
   0.0284844   7.7489e-30
 7.86366e-61  2.86527e-24
 0.000602101  6.41973e-31
 1.04697e-53     0.229689
 0.000753803  5.29885e-31
    0.555978  2.47696e-30
 2.54219e-15  2.47937e-21
 2.46901e-34  5.57435e-14
   0.0117551  5.24899e-32
   0.0426211  1.89639e-31
    0.014878  6.63794e-32
 0.000502879  1.19721e-32
 5.88808e-10  1.31072e-40
 1.44674e-23  3.77675e-08
 8.05324e-10  2.48652e-40
  3.4077e-35  1.49762e-17
 2.26188e-31     0.690448
 2.14368e-40  9.25937e-11
 5.09035e-14  7.52259e-50
 7.54899e-52   0.00176151
 8.03172e-39  3.83061e-07
 5.59179e-45  1.02119e-05
 4.72413e-10  1.43235e-37
 9.48614e-07  3.56534e-35
 5.05034e-31     0.309552
 2.12106e-40   0.00397207
 2.44869e-06  1.20736e-34
 4.46385e-33  8.08155e-11
 1.36262e-45    0.0346878
 7.39234e-51    3.156e-08
 1.20696e-07  2.90405e-29
 6.07318e-31  0.000357595
 2.64921e-57   0.00076284
 7.04072e-10  6.37135e-38
 3.45659e-06  3.29143e-34
 2.67762e-09  6.97295e-31
 1.39188e-23  0.000264918
 1.58213e-63  0.000298366
  3.5109e-58  0.000103773
 6.13873e-06  9.72199e-34
 1.32037e-05  1.61239e-32
  1.6964e-45     0.103652
 4.78186e-48    0.0552074
 1.44675e-32  0.000873025
 3.47518e-05  3.54288e-36
 4.31833e-42  1.74578e-08
 0.000158093  1.71947e-35
 1.30428e-47  1.66254e-15
 4.15664e-54  3.48019e-31
 2.00038e-05  1.52849e-36
 0.000165985  1.30972e-33
  9.5713e-26     0.301305
 1.29493e-42   7.6963e-09
 1.64141e-62  4.97428e-09
 1.07248e-29   0.00968698
 3.24104e-27   5.3405e-19
 0.000936841   2.6031e-34
 1.03677e-23  6.14395e-07
  0.00227949  1.07538e-34
 1.81575e-47  7.36016e-08
 8.89617e-29   0.00114903
  3.3428e-05  2.56416e-37
 5.69712e-31  7.32637e-06
  0.00393369   4.1828e-45
 4.59945e-06  4.12091e-49
 9.19948e-13  8.31653e-42
 8.71209e-06  1.80333e-49
 4.16753e-13  3.75856e-42
    0.554469  3.81031e-37
 3.75631e-05  3.33065e-50
   0.0609003  1.81438e-38
    0.688047  7.08173e-43
 1.24239e-10  2.15266e-28
    0.306835  1.56874e-42
 1.40584e-45    6.318e-17
 4.02723e-69  1.73119e-14
 1.34444e-33  1.16272e-07
    0.197885  3.46332e-39
 3.28863e-13  2.90916e-42
 8.84699e-88  3.42028e-29
   0.0213099  2.32866e-41
 9.89328e-14  2.11884e-45
    0.642368  1.08801e-39
 1.30293e-33  1.76472e-08
 1.52338e-72   0.00873042
 2.26573e-25  3.63769e-14
 2.61019e-36  1.81198e-14
 6.18352e-22    0.0328097
 3.24366e-52   0.00439163
 1.69133e-35  2.32301e-06
 3.77258e-24  0.000122896
   0.0110035  8.19555e-41
  0.00128597  1.01886e-41
 3.52657e-45  6.76412e-09
    0.149379  2.73886e-40
 5.61279e-41     0.100963
    0.308594  3.96201e-54
 5.73285e-42  1.26066e-10
 3.39796e-29  2.81661e-05
   0.0350651  6.18445e-41
 3.23892e-49  7.94206e-06
 1.31006e-47     0.557259
 1.45969e-28  1.82012e-06
   0.0035796   2.5774e-41
  0.00773449  1.50361e-41
  0.00882044  1.74573e-41
 2.35341e-37  3.41504e-05
 5.73926e-25   0.00771758
 2.67673e-39  8.01482e-10
 1.52342e-72  4.39901e-10
   0.0706062  5.04207e-42
  0.00371352  1.24185e-41
 6.90352e-35  1.66835e-11
 1.98301e-10  1.77015e-39
  4.8262e-39  7.23636e-05
    0.689733  1.11203e-54
 2.84723e-36  1.14516e-07
 5.11279e-35  0.000854547
 6.30365e-10  5.63715e-39
    0.639029  4.38516e-41
 6.79252e-15  1.36002e-23
  1.0177e-13   8.8974e-43
 1.48372e-13  1.30288e-42
    0.132084  3.54715e-41
 1.61535e-52  2.00461e-05
 3.77835e-52  1.22788e-07
 4.16823e-48   3.0493e-06
     0.21576  1.30716e-40
 2.39607e-43  0.000658893
  3.6612e-08   4.9899e-36
 2.28508e-06  1.16977e-35
 1.97381e-52  4.14063e-06
 1.10207e-29      0.60779
 9.51817e-35   4.4706e-07
 8.93172e-08  1.21706e-35
 6.96139e-07   3.8949e-35
 3.59116e-28    5.319e-13
 3.80702e-10  1.28748e-37
 8.96688e-10  3.01101e-37
 1.85133e-23  3.08498e-11
 1.22962e-30  4.37804e-24
 2.09961e-35  1.74724e-09
 1.11725e-16   5.3436e-52
  3.1479e-06  1.83529e-43
 8.82336e-59  1.81785e-09
  3.7273e-28   0.00242446
 1.28433e-08  2.33119e-33
 1.78479e-06  4.61123e-43
 3.20589e-48  1.86911e-05
 5.80429e-09  5.19436e-33
 1.01144e-41  3.78548e-09
 3.92294e-16  1.25032e-33
  1.7388e-52  5.83738e-07
 3.72457e-41    0.0196617
 1.30999e-36  8.75089e-15
 1.42179e-56   7.7633e-10
 2.09217e-08  3.62104e-41
   2.317e-07  3.25969e-42
 5.81103e-70     0.999889
 6.90308e-08   1.1836e-41
 2.13689e-11  1.17771e-30
 1.67141e-34  1.08826e-10
 4.01047e-37  4.38197e-13
 6.14132e-12  2.95467e-47
 7.13352e-13  1.25089e-29
  1.0033e-08  4.85499e-44
 2.62341e-50     0.679263
 1.29932e-10  6.27511e-46
 4.04478e-12  6.42131e-30
 2.25735e-14  3.53044e-38
 1.87709e-13  1.15899e-28
 1.40634e-14  7.37826e-38
 6.15831e-58   3.9091e-17
 9.16576e-20   2.8593e-25
 1.07018e-35  7.09037e-14
 5.24421e-14  5.50734e-28
 1.56891e-13  2.86397e-29
  1.1175e-46   0.00883475
    0.013377    0.0294296
 4.39276e-57  2.62254e-14
 4.04545e-14  2.48729e-28
 2.38175e-10  3.55783e-39
 4.35406e-23  1.13108e-07
  6.0413e-19  2.58296e-23
 6.48883e-57  3.85453e-14
 5.75336e-56  1.61226e-10
  7.8989e-19  3.44215e-23
 5.47564e-10  8.23704e-39
  1.5766e-28  2.26884e-06
  3.3729e-19  1.24796e-26
 1.73444e-09  2.33837e-38
 6.21939e-27     0.561089
 1.25382e-56  6.12436e-11
  2.6064e-30  5.88229e-09
 1.90196e-12  2.46774e-32
 9.72305e-49  9.77073e-08
 2.02509e-23   1.8933e-25
 2.68546e-27  0.000583286
 9.69347e-33   3.2939e-12
 5.00091e-09  6.75095e-38
 7.22892e-36   1.6226e-05
 1.50732e-59  3.62164e-10
 6.07734e-39  6.20438e-10
 4.44358e-12  1.05674e-32
 4.16955e-21  1.79854e-06
  1.8291e-24  2.79817e-14
 1.63104e-10  2.90805e-34
 2.87725e-10  9.30821e-41
 4.85294e-50  9.71279e-07
 1.41655e-58     0.675573
 2.73603e-41  1.11354e-12
   3.905e-08  5.55867e-37
 3.60503e-37  8.36248e-17
 1.10055e-22     0.221687
 6.27668e-73  1.89017e-10
 3.69803e-10  1.27779e-34
 2.33899e-54  3.11043e-05
 1.69085e-45  3.07215e-09
 2.95844e-12  5.22959e-36
 1.15624e-07  1.31452e-37
 6.44189e-41     0.619017
 2.63002e-58  1.75561e-17
 6.55046e-12  2.67356e-36
 2.28074e-07  1.64472e-37
 1.40213e-11  4.74431e-37
 6.89488e-63   0.00173648
 1.94652e-24  5.78172e-09
 1.02345e-39  7.64034e-05
  7.9713e-10  2.58687e-40
 1.60066e-72  2.34813e-23
 5.40671e-14   0.00288257
  7.3238e-07  5.80895e-38
 9.63523e-44     0.655482
 2.89455e-11  2.13483e-37
 7.01554e-10  2.65994e-38
 2.48667e-31  3.21351e-06
   1.395e-07  2.35987e-44
 3.83657e-13  4.57016e-47
 2.12618e-40     0.687889
 1.07338e-52  2.57016e-12
 2.13836e-13  2.42955e-47
 3.22887e-07  9.71501e-45
  0.00020519  2.09217e-40
 5.29094e-66     0.551864
 6.11078e-34  3.38326e-08
 2.92348e-12  8.94111e-06
  2.0635e-45  8.47426e-06
 0.000597107  6.96844e-41
  1.7256e-39  1.66712e-07
 1.38347e-52     0.303589
 5.25151e-40  0.000181975
 6.38612e-07  3.63721e-41
 4.36768e-33     0.613086
 1.31339e-06  2.16628e-45
 1.09922e-49  7.17468e-07
  9.0697e-14  0.000132357
 1.42704e-06  1.62795e-41
 1.98295e-08  4.68598e-44
   0.0107578   3.8837e-42
  7.1062e-05  2.94769e-43
    0.029621  1.33932e-42
   0.0011007  1.02975e-46
   0.0267622  6.05701e-43
   0.0325171  3.44318e-45
       0.583  6.44645e-44
 2.90058e-30    0.0356569
 2.08157e-05  7.62244e-44
  0.00188368  1.77914e-46
 2.50179e-35  9.12675e-12
 9.21051e-28  4.55675e-11
 4.19951e-07  2.85132e-50
 1.08967e-30  2.98108e-21
    0.129907  1.51994e-44
 0.000468028  3.77542e-47
    0.551665  1.61512e-51
    0.171465  1.73414e-46
     0.12817  5.57867e-46
 1.42225e-40     0.205984
 8.39805e-49  1.00811e-10
    0.637722  1.06644e-46
 0.000152131  1.02654e-47
    0.152795  7.01609e-47
 1.26004e-57  8.81452e-08
  3.4358e-27  3.38124e-05
 1.44852e-46  7.72027e-07
 3.60726e-55  8.63569e-06
 2.16415e-63    0.0052051
  0.00176676  1.38721e-48
 3.09017e-29  1.69018e-05
 3.57841e-28  7.66888e-05
 7.31354e-67  2.39592e-19
 8.07179e-25  1.23454e-14
 5.21635e-58  1.35608e-20
  0.00112919  2.19966e-49
 6.55082e-43   0.00485314
 0.000576996  9.32029e-50
 8.69365e-38  4.45764e-13
  0.00528367  2.25913e-48
 4.38869e-52  8.36179e-13
 3.51773e-08   6.4739e-52
  1.5199e-06  7.79386e-50
 3.65418e-05  4.60301e-51
 8.03261e-21   9.3372e-07
 2.15467e-27  5.64022e-12
 5.18884e-05  1.56782e-50
  2.1033e-64    0.0569101
 1.13329e-07  3.64059e-51
 1.87551e-41  2.79015e-13
  1.6402e-05  1.65473e-51
 2.15698e-54  2.10091e-13
 7.04157e-07  1.79064e-51
 2.25414e-43  0.000796806
 3.56002e-35  4.19702e-11
 1.27667e-60     0.297169
 5.10802e-08  1.47157e-53
 2.32398e-08  4.64799e-54
 9.55097e-22  2.36353e-17
 1.52843e-06  4.38614e-52
 7.51208e-22  1.01457e-05
 1.02709e-20  3.70499e-65
 3.47587e-40  1.46309e-09
 2.83249e-08  3.78673e-52
 1.89761e-07  1.48945e-55
 9.50445e-06  2.76111e-53
  9.1134e-30     0.558376
 5.60045e-42  1.95341e-11
 2.35137e-25   0.00319615
 4.07836e-21  9.05445e-65
 6.21485e-15  9.26003e-64
 1.38534e-14  4.39465e-63
 0.000417632  1.44573e-55
  7.4216e-31    0.0428425
 9.70164e-31   1.0943e-13
 1.83424e-55   0.00285732
 5.72776e-36  2.83594e-10
 4.65212e-46  5.59179e-10
 7.77682e-06  2.13992e-57
 8.66836e-35   5.5046e-06
  5.3943e-16   9.1368e-71
  0.00116712  6.24975e-57
 1.45633e-15  9.68868e-71
 1.83784e-05  4.22485e-58
 1.33221e-29   7.0364e-13
 2.28556e-39  0.000170524
 5.15978e-29   7.7419e-05
 1.82105e-41  2.05017e-12
  0.00552158  1.26089e-58
 2.75916e-24  7.12784e-09
 4.92421e-15   9.7827e-71
 2.71949e-05  4.59581e-60
 2.57383e-27  2.93888e-10
   0.0181611  4.22293e-60
  0.00102858  1.73617e-60
 0.000446416  6.58332e-61
    0.169325  4.99712e-59
   0.0907609   2.1896e-59
 5.17985e-05  1.25661e-60
    0.601256  2.57643e-58
 1.77411e-26  2.72325e-24
 7.08411e-43     0.690412
  3.3758e-51   0.00185008
  4.5664e-05  1.07055e-60
   0.0122174  8.43847e-59
   0.0133471  1.92192e-58
 1.18402e-25    0.0339492
    0.935542  3.41991e-56
 3.64288e-53  1.20541e-05
   0.0224615  1.45284e-56
 7.73311e-36  2.91052e-05
   0.0105046  1.38561e-54
   0.0080716  4.66596e-54
    0.936091  9.84732e-56
 6.62497e-62  4.50214e-17
  0.00785632  4.30722e-56
 6.92103e-07  2.42434e-49
 7.07864e-44   0.00375216
 1.74931e-55  5.54264e-24
 1.51332e-41  6.49374e-10
 0.000101814  7.84279e-52
 2.51236e-23  7.05574e-08
 3.64469e-45    0.0668332
 4.60564e-05    2.349e-51
 4.02493e-38  9.28154e-18
 9.67682e-45  5.01109e-06
 1.88404e-66  1.94717e-23
 0.000350779  3.58028e-48
 1.39671e-39  6.62945e-10
 4.53987e-31  9.47152e-09
   0.0271901  2.84488e-54
 1.54542e-06  5.35641e-49
 1.11385e-27  0.000101096
 3.06366e-60     0.690411
 1.84336e-16  2.55159e-14
  9.8253e-07  1.39603e-49
 4.88295e-07  3.03786e-49
 6.34706e-75     0.309552
 9.03794e-21  3.17408e-63
 1.50253e-07  1.76046e-48
 0.000994125  1.01445e-47
 9.66807e-08  5.37469e-48
 1.83002e-22   1.0456e-16
    0.690444  2.05978e-50
    0.309547  2.76227e-50
 7.04267e-06  1.01273e-45
 6.51579e-05   2.7378e-47
  4.6737e-26  1.19841e-10
 2.92796e-44  2.18789e-09
 3.57086e-22   0.00801913
    0.309479  1.23821e-47
  1.8472e-50   0.00054082
  1.9644e-06  4.45274e-45
 1.20671e-05  2.53881e-43
 7.94175e-07  1.06348e-44
  1.1062e-51   0.00591633
    0.690392  5.55418e-48
 7.59955e-56   1.1113e-26
 2.75251e-43   0.00256092
 1.49712e-44  4.10531e-11
 1.55893e-08  5.80117e-43
 1.53014e-27  4.31594e-16
 4.46825e-43    0.0232883
 7.04361e-45  5.98711e-10
 1.52114e-18   0.00407632
 5.47729e-50  4.08828e-15
 2.06404e-40     0.204219
 9.03718e-09  1.23777e-42
 9.62035e-66  2.36759e-13
 3.06648e-09  2.10523e-42
 7.68507e-06  1.80122e-47
  3.4465e-06   2.9371e-47
 8.83757e-10  1.63931e-42
 1.20878e-10   5.7616e-41
 6.08884e-11  1.19211e-40
 1.01137e-13  1.94438e-37
 1.19338e-10  7.89122e-43
 2.28111e-27  0.000534537
 4.07115e-44  1.08855e-10
 4.33172e-42  3.46479e-17
 9.21382e-22  2.38702e-06
 2.14091e-13  3.24309e-38
 3.70885e-61     0.086552
 5.04557e-11  4.69004e-43
 4.15424e-14  4.64783e-37
 2.74304e-61  2.44572e-20
 6.36192e-14   5.5678e-46
 6.09654e-17  3.10483e-34
 7.14901e-24  2.77248e-41
 9.08189e-13  9.70182e-42
 4.73667e-23  1.08899e-06
 3.67405e-37  1.02805e-11
   1.113e-23  5.29558e-41
 2.38952e-32      0.17263
 3.84589e-16  3.42373e-36
 3.54072e-39  8.10202e-12
 7.94181e-26  3.67732e-43
 2.58254e-17  8.32808e-34
 1.44909e-44  1.69366e-05
 3.82755e-16  8.04985e-36
 1.28514e-14  2.00928e-39
 4.65946e-14  1.32033e-38
 2.88266e-20  8.09891e-05
 1.13273e-13  2.11305e-38
 3.02986e-40  5.02799e-06
 8.87805e-15  4.17809e-40
 1.90782e-52  0.000945707
 8.46123e-19  2.19133e-32
 5.72542e-13  4.27451e-39
 5.55459e-32  1.22429e-11
 7.31868e-15  1.50805e-40
 1.84034e-23  2.81499e-13
 1.86263e-41  1.38895e-06
 1.43569e-28  4.37745e-06
 1.42359e-11  3.25965e-41
 1.27386e-32  2.22041e-10
 4.00168e-35  7.61879e-14
 2.75658e-11  3.76686e-41
 2.91094e-47  7.45052e-16
 2.68272e-11  7.17775e-41
 1.43891e-45  0.000167791
 2.70295e-45    0.0251951
 4.71787e-11  3.48571e-41
 3.98483e-20  4.64833e-31
 2.53209e-21  3.36576e-06
 2.84454e-66  1.73766e-18
  8.1564e-10  3.98838e-41
 4.84007e-10  2.05352e-41
 2.14803e-30  1.04384e-20
  7.5241e-33    0.0124571
 1.54639e-09  6.65051e-41
 4.40565e-09   1.9148e-40
 1.36506e-08  5.20401e-33
 2.67605e-23   8.6329e-28
 2.93579e-08  1.15668e-32
 1.98555e-39  2.97887e-05
 1.20001e-23  1.92566e-27
 1.69864e-07   7.2176e-39
 6.44504e-57   0.00209432
  2.3421e-43   0.00224006
 2.33567e-27  9.71272e-24
  7.4255e-06  3.65906e-35
 4.50672e-26  2.79312e-05
 8.11738e-14  5.81175e-21
 4.39659e-34  2.80006e-12
 4.79447e-27  4.24438e-24
 9.21678e-55  1.80582e-05
 3.95409e-64  0.000536347
 7.40348e-06  2.70344e-37
 3.03944e-06  1.10649e-37
 7.73872e-67  3.82655e-18
 2.15491e-05     0.567555
 3.56018e-08  1.27236e-39
 2.23377e-08  7.92165e-40
  9.5357e-08  3.44829e-39
 2.80588e-34  2.42727e-08
 1.92576e-39     2.43e-14
 6.18252e-27     0.615194
 1.90226e-42  1.41882e-07
 4.72741e-56  9.20004e-07
    0.626465  4.67366e-33
     0.21932  2.09576e-33
   0.0521245  5.78725e-32
   0.0744911  7.45218e-34
   0.0201658   1.5143e-31
 4.80063e-40  1.05187e-08
 3.15407e-55   0.00114452
 1.77772e-57  3.63446e-08
    0.686578  1.42876e-50
  7.9799e-74  2.80922e-15
  2.0048e-42  2.33155e-10
 3.14292e-64  1.23362e-15
 1.74973e-24    0.0662349
  0.00236392  1.10977e-30
    0.304417  3.10278e-50
 6.12274e-35   0.00865033
 1.82605e-44    0.0168739
 2.06511e-13  1.47857e-20
    0.689259  1.04676e-44
  0.00752403  1.26034e-48
  6.8365e-29  3.28627e-07
 1.03903e-41  3.13435e-12
 4.57153e-23     0.630102
 8.25375e-42  4.99519e-13
 5.38963e-44   0.00320667
 1.42701e-44  8.65092e-06
     0.30822   2.2439e-44
 9.74076e-05     0.703112
   0.0129119  4.36371e-43
 2.09055e-44  2.25751e-06
  0.00208296  5.28452e-48
 5.39525e-54     0.560076
 4.75791e-05  1.93218e-50
  6.3453e-32   0.00407598
 0.000740929  1.46282e-47
 9.11441e-45  5.27955e-09
 1.45925e-12  1.61424e-43
 0.000139741   8.1588e-47
 3.64557e-07  2.79301e-39
 2.12672e-53  3.97251e-05
 7.91889e-70  7.05757e-15
 2.10799e-53   0.00762426
 3.52868e-09  8.35488e-47
 1.58203e-09  1.86354e-46
 1.63344e-07   3.4556e-39
 1.79618e-06  1.03536e-48
 7.01661e-11  1.45552e-35
  1.3092e-27  1.27275e-18
 2.39058e-49  2.36271e-09
  1.5625e-10  6.52186e-36
8.72056e-165 2.64992e-111
 7.10495e-19  1.17616e-27
 1.51225e-26    0.0302476
 1.00703e-16     0.282953
 1.63756e-11  5.11509e-53
 1.29092e-08  5.78278e-50
 2.03155e-45     0.165674
 9.22593e-09  2.76016e-50
 3.68579e-10  1.15388e-51
 2.84692e-13  2.93626e-44
  6.0507e-13  7.92065e-45
 5.11659e-13  6.76966e-45
 2.47473e-12  3.56467e-45
 1.45056e-22  3.69491e-07
 3.17167e-26  4.36814e-09
 1.50611e-35  5.92703e-08
 2.61664e-50  1.54198e-09
 1.65539e-12  2.41476e-50
 1.73764e-13  1.54421e-51
 1.15957e-36  2.64739e-16
 1.32767e-12  1.01292e-48
 1.23693e-27  0.000408681
 2.89837e-47  5.10058e-13
 1.21866e-32  2.68888e-12
 3.46221e-58     0.551665
 2.64831e-12  2.72326e-48
 6.79569e-09  9.99215e-43
1.57145e-105  6.46646e-42
 2.34238e-08  2.98661e-43
 1.24217e-35  6.07334e-07
 6.27123e-08  9.59863e-44
 1.29936e-52    0.0139525
 6.84848e-10  7.01449e-52
  2.4068e-10  1.52036e-38
 7.32454e-10  4.68263e-38
 1.16575e-41  1.67613e-09
 4.35084e-18  1.59679e-36
  5.1951e-06  3.44932e-41
 6.43109e-08   0.00169377
 5.65344e-26  5.07642e-08
 1.90036e-09  1.25517e-37
   0.0461978  2.40521e-48
 3.07412e-08  2.03511e-36
  1.2077e-54    2.302e-05
 6.00348e-45   7.2606e-06
 1.01554e-33  4.14633e-17
 7.23657e-08  4.80786e-36
    0.685023  4.15822e-47
 1.77937e-20    0.0003765
 1.66844e-32  1.83624e-16
 1.16809e-27  6.69675e-10
  3.4858e-58     0.268344
    0.299799  8.66456e-47
 3.78328e-26    0.0932658
 8.26066e-33  1.74846e-10
 2.29457e-44     0.262268
 2.46289e-06  1.65802e-34
   0.0309467   1.0891e-45
 9.25653e-36     0.690102
    0.309552  3.18679e-38
 7.10944e-06  3.66281e-42
 3.25739e-20  2.31833e-05
 8.47998e-06  5.70815e-34
 6.57373e-53   0.00606645
    0.690448  7.13439e-38
 2.13096e-06  1.43504e-34
 3.47496e-45   4.9146e-06
  0.00134767  9.09026e-32
 2.83254e-66  0.000772543
 1.76112e-09   1.8936e-35
 2.24563e-06  1.24715e-41
 3.67993e-09  4.50849e-35
 1.00049e-07  7.76294e-36
 3.93786e-23   0.00046056
 2.82629e-43     0.309501
  0.00424968  2.86636e-31
    0.309214  1.28283e-30
 1.10172e-59  2.51071e-10
 0.000120285  2.38228e-30
    0.690179  2.83149e-30
 0.000367621  7.44121e-30
 5.53036e-48   0.00155118
 1.05229e-07   4.3702e-33
 1.49452e-48  2.56091e-05
  0.00114767  2.33623e-29
 5.68462e-05  1.07967e-26
 4.34751e-42    0.0202738
 9.16089e-05  2.10475e-26
 2.90443e-32   0.00189047
 4.94667e-27     0.178886
 2.34742e-07  9.76902e-33
  0.00867623  1.77752e-28
    0.690484  4.54732e-34
 1.01284e-32     0.635643
    0.309633  2.21149e-34
 5.40825e-17  1.06382e-13
    0.132553  2.64415e-27
 0.000424322  2.64045e-36
 1.66234e-39  3.63584e-08
 2.23755e-42     0.118645
    0.268881  8.61674e-27
    0.677856  1.23989e-26
  8.5034e-52  5.26052e-08
 8.26596e-10  9.60407e-18
 9.81366e-43  6.03888e-16
 7.13057e-50   3.3635e-10
 1.56123e-66  8.41447e-11
     0.55171  1.52765e-31
 8.40115e-64  6.19006e-13
  3.1043e-55  0.000290181
 2.57977e-06  2.75469e-21
 5.64629e-49  2.45273e-06
 4.87046e-55   0.00107211
 1.42269e-05  5.53683e-22
 4.25405e-05  1.73727e-22
 3.06968e-10  2.58615e-17
 1.78828e-07  8.82004e-23
 1.95491e-34  1.20768e-05
 5.11901e-56  6.51323e-14
 7.87187e-08  4.03708e-23
  0.00164503   3.4303e-30
 2.71442e-39  6.30746e-19
 1.78248e-39  4.52252e-05
 2.16466e-08    1.082e-23
  0.00372917  6.20992e-30
 1.09837e-41     0.575291
 4.39415e-41     0.124484
 7.36923e-45  1.34319e-05
 2.01091e-56  1.51603e-07
 3.03148e-05  5.80955e-28
 1.48541e-09  7.41688e-25
    0.306976    7.557e-32
 5.67754e-25  2.14213e-05
 1.74245e-45  2.69867e-08
    0.688515  3.35738e-32
 7.27003e-55  1.48646e-05
 1.58141e-08   1.8007e-28
  3.4627e-06  6.57356e-29
 2.08545e-08   4.6601e-29
 1.58303e-08    2.407e-29
 1.21184e-29  6.05269e-13
 9.53046e-20  6.86259e-05
 1.07286e-11  8.47841e-29
 1.06726e-37  1.56819e-06
 3.01754e-13  2.37177e-30
  8.4172e-13  6.63129e-30
 1.46053e-43   1.1572e-16
 1.76218e-09  3.19227e-32
 7.74561e-10  7.34575e-33
 1.22205e-45     0.636228
 3.81211e-64     0.659696
 9.38041e-10  1.04642e-32
 7.02233e-14  1.07154e-31
 2.81605e-14  7.95128e-33
 1.50346e-47  3.26285e-06
  3.1682e-14  4.79635e-32
  6.0593e-14  3.51539e-33
 8.80213e-05  2.98705e-38
  0.00170233  6.61576e-39
 1.42386e-05  4.77749e-39
 7.97483e-06  2.62645e-39
 1.25604e-10  2.10916e-35
   0.0336624  4.01059e-40
 3.87929e-19   1.2823e-52
 2.38152e-34     0.580927
 6.45889e-23  4.37162e-11
   0.0785068  1.78532e-40
    0.560643    8.196e-41
 4.74734e-10  7.48153e-35
 1.65169e-28    0.0117694
 9.76553e-26  2.84113e-11
 1.35631e-57  0.000409761
 1.67771e-07  4.85883e-37
 3.00795e-07  8.23932e-37
 2.48229e-07  1.65318e-36
 2.25327e-29  8.30672e-06
 0.000212618     0.340017
 7.41149e-09  1.16266e-33
 1.66943e-08  2.61915e-33
 6.66214e-17  2.54752e-14
 1.18124e-37  1.29968e-13
 2.68189e-33  0.000216299
  4.3581e-27  6.05446e-05
 7.04498e-34  1.94553e-11
 2.67711e-34  2.61436e-13
 6.80426e-06  4.81987e-35
 4.39519e-41     0.622044
 2.93206e-06   2.0744e-35
    0.309536  5.40514e-30
 3.40433e-34   0.00151421
 2.13444e-15  1.51011e-44
    0.690436  3.48831e-30
 1.30452e-52   0.00472403
 8.81121e-24  0.000286887
 2.08177e-59  2.45947e-19
 1.41927e-47  2.28701e-13
 2.02016e-34  9.46487e-18
 6.73906e-45      0.66448
 7.98469e-26  4.53987e-56
 0.000256278  8.36538e-27
 8.67107e-05   2.7652e-26
 5.50753e-48     0.690437
 6.61333e-12   1.2597e-41
 2.71418e-45  7.12924e-06
 1.40682e-39  1.24307e-06
 2.37248e-46  3.71094e-05
    0.689023     0.308037
 9.88169e-12  5.64619e-42
 2.74263e-30  1.96281e-24
 9.27656e-23  5.30043e-53
 2.82141e-05  7.72053e-26
 1.54099e-20  8.80714e-51
    0.555817  6.82139e-38
 1.19898e-38  5.31774e-07
   0.0482579  1.37353e-38
 1.16193e-70  1.60583e-15
 6.90692e-21  3.94081e-51
 7.60173e-35  6.74565e-18
  8.5424e-28   0.00800436
  0.00501954  7.38899e-38
 8.27051e-52  4.77121e-09
  0.00277476  1.64275e-37
 2.37377e-15  4.21852e-15
 1.96441e-43   0.00161636
 5.29943e-27  1.37229e-11
 1.47713e-12  1.34132e-18
 1.20946e-45    0.0341415
 6.70585e-13  6.01659e-19
 5.31435e-13  3.01852e-47
 3.77528e-08  1.06876e-32
 8.68874e-15   4.9338e-49
 1.50227e-14  8.53413e-49
 6.26858e-86  9.74699e-31
 1.84629e-59    0.0877815
 2.00787e-87   7.6278e-29
 1.24524e-15  4.03402e-25
 2.48828e-12  1.86367e-22
 9.95921e-22    0.0125757
  5.5631e-16  1.77808e-25
 1.38317e-10  2.74206e-42
 8.14691e-17  2.51822e-27
 1.23025e-50  0.000108128
 6.64416e-33    0.0195942
 6.74305e-26   2.1982e-06
 3.73971e-17  1.43585e-27
 5.55581e-12  8.34676e-23
 1.28527e-09  4.76826e-42
  0.00238278  8.89018e-55
 1.87216e-21  1.29914e-20
 2.00726e-11  7.32685e-44
  8.7982e-27     0.001913
 2.96473e-09  1.04006e-41
 6.26377e-07  2.17769e-39
 1.26888e-39  3.21474e-13
  0.00531551  3.84495e-55
 1.39889e-06  4.85913e-39
 1.35157e-47  0.000677247
 1.85559e-59    0.0887858
 6.24083e-41  2.98154e-11
 3.64113e-52  2.10898e-09
 3.63158e-12  1.33576e-44
 9.64725e-55  9.76579e-14
 3.59193e-30  2.64409e-21
 1.52304e-44  8.39118e-15
 9.47071e-44  2.94093e-12
 9.68267e-06  3.82866e-29
 3.29123e-40  0.000334299
 2.09527e-22  8.25655e-17
 1.92878e-28  1.82664e-07
 3.03994e-27     0.106476
  0.00326161  1.30858e-31
 3.56835e-46  5.94485e-06
  0.00899778  4.74651e-32
 0.000180903  6.28611e-37
 9.02664e-50   4.7707e-07
    0.551706  3.03273e-57
    0.307938  1.34894e-33
 2.69853e-27  4.29557e-07
 6.49802e-46  7.51456e-05
 4.75144e-16  9.46138e-15
  1.5409e-41  1.70823e-09
 6.07749e-12  2.24855e-19
 1.33757e-43  7.36605e-08
    0.689181  6.71981e-34
 3.20948e-11  3.57096e-44
 1.70503e-55  1.71093e-05
 4.50211e-07  5.00927e-40
 6.57038e-40  7.16076e-13
 4.34226e-29  4.09449e-17
  2.4684e-05  2.55765e-38
  1.0719e-56  6.83826e-22
 1.12629e-05  1.16518e-38
 3.78657e-32    0.0748763
 6.25693e-05   6.2335e-38
    0.551665  8.05778e-38
 2.10013e-10  1.95067e-55
 2.22762e-15   2.2247e-48
 2.44779e-08  2.52596e-41
 2.72603e-61  1.28635e-24
 3.83041e-45  5.57842e-06
  4.9347e-15  5.03754e-48
 7.72249e-58  5.17332e-08
 9.23031e-08  2.31578e-31
 1.44267e-15  2.98297e-50
 4.37048e-16   0.00641604
 4.39484e-12  4.52072e-45
 8.27981e-09  8.54351e-42
 1.53346e-10  2.72037e-47
 1.45106e-39   0.00189851
 2.98822e-10  9.45768e-47
 4.55638e-22  6.05643e-07
 2.64921e-45   0.00114726
 9.93325e-29  1.21547e-05
 3.19153e-12  3.27048e-45
 1.22751e-47      0.30954
 6.41819e-10  3.01835e-47
 2.53129e-45  6.90178e-12
 1.89777e-68  1.59277e-07
 1.04632e-28  2.34197e-08
 2.66663e-12  2.73065e-45
 6.36539e-09   4.0422e-48
 1.14354e-45  1.68917e-05
 1.05908e-51    0.0131659
 1.25889e-28  9.09826e-59
 7.48533e-28  2.67915e-58
 9.05183e-67  0.000250202
 1.66659e-13  1.69613e-46
 3.13985e-28  8.13429e-58
 2.24949e-23  5.17774e-07
 3.14081e-28  3.73452e-13
   0.0497377  2.57862e-49
   0.0928016  3.67009e-48
    0.104877  2.06759e-49
 2.51767e-55  0.000356009
 0.000726223  6.03623e-46
 4.59316e-57  9.54969e-08
    0.581219  5.86757e-49
 2.94835e-27  3.51441e-07
  0.00032448  1.36676e-45
 6.17726e-19  5.94785e-47
 1.02108e-50     0.230811
 1.46285e-50  6.75437e-06
 5.53248e-13  6.42739e-41
 2.05901e-12  2.41213e-40
 5.60253e-16  5.86522e-44
 2.32069e-22  2.21457e-14
  1.4667e-40  2.27048e-06
 2.80589e-75     0.690448
 6.50422e-39  4.08295e-08
 6.89516e-42  6.42898e-12
 3.87505e-15  4.26541e-43
 7.59365e-34   0.00278709
 1.63954e-15  1.74397e-43
 4.22353e-11  8.57269e-39
 2.27304e-26   5.7619e-11
 1.02644e-26    0.0672036
 3.45872e-36  2.29886e-14
 8.08089e-13   1.5512e-37
 4.52622e-13  3.64926e-05
 7.01908e-08   8.5126e-72
 2.16521e-12  4.28073e-37
 3.31566e-08   6.1303e-72
  1.7738e-13  8.48977e-05
 1.87381e-17  6.04917e-42
  3.9337e-12   1.4223e-36
  8.4008e-18  2.70061e-42
 1.50103e-30     0.085221
 5.99359e-52    0.0725214
    0.551665  7.05049e-79
  2.7263e-21  6.25448e-05
 5.59129e-15  1.12668e-21
 4.21118e-42  2.40947e-09
 7.91767e-57   2.6588e-11
 1.62628e-16  8.80955e-10
 3.35234e-29  4.14576e-07
  1.5559e-52    0.0107913
 1.70146e-05  6.62491e-30
  1.0719e-41   9.4875e-09
  0.00745837  3.00419e-27
   0.0131193  5.12651e-27
 3.76425e-49  2.24866e-10
 3.84478e-47  3.95712e-17
  0.00087094  6.85586e-27
 6.61251e-26  7.72365e-11
 1.01039e-33  1.37862e-08
   0.0255476  1.12264e-26
 5.40183e-42    8.218e-11
  9.5444e-33     0.163028
 2.01181e-06  3.54603e-30
 5.68055e-56     0.552593
    0.553154  2.07496e-25
  0.00185694  2.45723e-26
 1.26601e-33  1.09647e-11
 1.52169e-40  7.62151e-10
 3.73093e-66  2.76325e-12
 9.80977e-08  6.50257e-29
 8.34372e-07  1.47032e-30
 3.89096e-24  6.44035e-10
 1.56505e-37   1.4514e-12
 4.12771e-35  0.000112155
 1.01196e-45  4.73727e-08
  3.3646e-43   0.00662801
  3.7762e-30  1.95055e-05
 5.59303e-36  1.99981e-05
   0.0087329  1.53965e-26
 2.09776e-35  2.94859e-10
  0.00604688  2.28542e-23
 2.07265e-56  2.62258e-10
 7.28991e-35  5.23816e-11
  0.00284931  2.11982e-23
 3.89027e-20  8.27175e-66
 0.000669191  1.74287e-22
 1.51671e-09  2.66848e-33
 1.49207e-10  2.61031e-34
 6.09439e-10   1.0698e-33
 1.18636e-30    0.0687207
 1.11559e-58  9.60636e-08
 5.47913e-14   9.4568e-38
 1.27254e-12  8.99586e-14
 2.20135e-06  6.42908e-20
 8.27728e-37  4.56309e-12
 9.65798e-50     0.188182
 9.97661e-46  5.62481e-06
 2.21059e-14  3.76361e-38
 3.45417e-35   7.8235e-15
 4.35037e-14  1.81343e-30
 1.91766e-14  7.99081e-31
 2.55452e-08  1.06485e-24
 6.90555e-21  3.06964e-39
 2.80826e-45  2.73133e-07
 9.16918e-30  3.40081e-06
 1.62596e-08  2.22219e-24
 1.88962e-52  3.74858e-13
 7.79368e-16  3.24225e-32
 2.77116e-10  9.65069e-29
 3.04912e-21  1.34085e-39
 3.93915e-17  1.63513e-33
 4.92499e-06  5.13181e-27
 1.65837e-17  6.89605e-34
 1.31422e-49     0.551695
 3.07771e-18  1.27142e-34
 2.51919e-05  1.86925e-28
 1.80482e-07  4.41511e-31
 1.33153e-39     0.672862
 1.10964e-07  1.98236e-31
  0.00979828  3.22633e-30
 1.15015e-20  4.77379e-37
    0.011945  1.44572e-30
 9.72383e-40  3.95018e-11
    0.562968  5.43326e-32
 3.49193e-44  1.75586e-14
 4.68481e-24  1.37279e-06
 1.23828e-55  0.000795341
 9.54351e-24  3.69837e-40
 7.61849e-09  1.15264e-36
 4.04758e-52  1.35889e-06
 9.55072e-24  3.50095e-40
 3.10087e-37  7.20014e-17
 7.54132e-34  3.18453e-53
 1.85715e-49  3.92891e-10
 2.18965e-55   4.2902e-06
 5.92225e-30  0.000140496
   0.0789264  7.61627e-33
 2.57944e-10  2.88233e-38
 2.15057e-10  8.42627e-39
 9.21391e-46  1.83109e-06
 7.73471e-60     0.551667
 2.11138e-28     0.034181
 1.56453e-10  9.35669e-39
 2.17016e-21  5.52622e-06
 3.33216e-34  7.36575e-14
 1.73549e-14   0.00170268
 8.86915e-14  2.53572e-44
  1.7876e-73  6.26582e-15
 2.22029e-52  0.000549774
 1.66694e-43  0.000353826
 2.56595e-51   0.00891758
 2.59794e-16  3.94993e-10
   9.616e-29  0.000318398
 1.76901e-29  1.58246e-57
 1.42585e-41  7.61928e-12
 3.94567e-29  6.92576e-58
 2.77923e-41   1.3363e-11
 2.14371e-43   1.4916e-11
 2.00197e-12  1.36809e-45
 2.37368e-38  0.000266856
7.05211e-106  2.90117e-42
 5.61488e-31  0.000594953
 2.07018e-70     0.999941
 9.33159e-13  6.10412e-46
    0.309485  2.89797e-48
    0.690398  1.82637e-48
 1.40634e-32     0.552648
 5.78207e-06  4.50265e-52
 1.23134e-05  1.91906e-52
 3.76224e-05  1.49231e-52
 2.50679e-16  1.74183e-34
 1.12388e-16   3.8852e-34
 2.18967e-11  1.89883e-58
 8.87547e-12  7.00297e-59
 4.13405e-35   0.00172888
 2.65642e-12   1.4531e-59
 1.14666e-40    0.0405935
  1.4409e-12  8.16865e-60
 4.26127e-17  2.50496e-62
 2.98599e-14  1.52202e-61
 7.36454e-64  2.26347e-15
 7.13838e-32  1.15013e-09
  1.3207e-35  1.04718e-09
 6.88044e-46  1.37936e-06
 2.08757e-17  1.12336e-62
 4.41637e-42  5.41247e-80
 5.58454e-16  2.55613e-63
 2.53831e-16   1.7789e-63
 4.44582e-43  0.000714232
 5.77326e-22  4.56219e-39
 4.62873e-26    0.0373165
 9.88004e-42   1.3432e-79
 1.28774e-21  9.44346e-39
 6.12738e-46  1.39279e-05
  4.6988e-46     0.689931
 1.06785e-25  2.73146e-10
  1.9248e-66  5.47397e-19
 9.29653e-54     0.152104
 7.34614e-21  4.04116e-59
 5.39573e-32  4.73977e-15
 9.31705e-41  2.04353e-09
 9.17849e-40     0.284611
 3.32816e-21   8.8362e-59
 2.42488e-40  3.69973e-78
 1.97734e-25  1.64179e-54
 2.82575e-20  1.18636e-44
 1.26685e-20  5.29144e-45
 8.86204e-26  7.21516e-55
 4.68103e-14  1.97878e-38
 4.08817e-42  1.02394e-11
 1.87235e-26  1.63625e-22
 4.91995e-42  5.18641e-06
 2.18701e-33  1.66447e-62
 1.24074e-33  9.11206e-63
 1.25028e-34  8.61761e-64
 1.50473e-35  8.87619e-65
 2.28226e-18    0.0063213
 2.10585e-10   1.5655e-40
 1.54275e-35  8.43182e-65
 1.08205e-42   0.00236586
 2.32172e-64   0.00171984
 4.77583e-10  9.83713e-41
 1.18625e-46    1.233e-12
 2.20271e-11   1.8496e-39
  1.0131e-45     0.308863
 3.10774e-31  3.95036e-71
 1.00974e-17     0.212179
 0.000101919  4.48681e-46
 5.94261e-12   6.8307e-39
 0.000230735  1.92711e-46
 4.46412e-33  8.56865e-11
 6.93191e-31  1.41828e-71
 2.56329e-16  1.63823e-58
 1.08896e-08  4.20372e-45
 5.53236e-31  1.50022e-08
 2.15822e-20   5.6606e-05
  5.9353e-30  3.14768e-13
 1.76778e-56  0.000275312
 1.44064e-35  4.22652e-05
 1.86775e-16  6.80998e-59
 9.59472e-31  2.32835e-20
 2.20163e-50    3.972e-09
 9.07915e-24  9.24625e-26
  3.9512e-47  0.000211018
    0.018039  1.90406e-48
 9.17639e-39  2.38053e-16
 5.06008e-12  7.57044e-42
 4.50196e-09  1.06489e-44
 4.58067e-27  6.19925e-05
 3.14003e-40   4.7383e-06
 9.56653e-10  4.23055e-44
 3.89033e-40     0.683617
    0.554928  5.83906e-50
 1.01008e-27  1.49866e-12
   0.0032896   2.4765e-52
 7.95415e-27  6.07777e-24
 9.98641e-38  2.83025e-10
   0.0100297  8.80399e-52
   0.0412619  3.73113e-51
 3.23653e-25  2.51144e-09
 6.96081e-45   2.4901e-18
   0.0176316  1.36722e-51
  0.00289976  1.84781e-52
 2.26619e-05  1.76616e-54
 2.46716e-14  0.000968968
 2.62019e-34  1.56492e-07
 0.000979815  5.67192e-53
 1.94497e-26  9.38161e-10
 7.71655e-18  4.05518e-20
 5.03529e-06  2.81081e-20
 2.06681e-35     0.309088
 2.77656e-28  0.000349437
  8.4298e-05  7.54577e-54
  0.00342991   5.6106e-56
 0.000187237  1.67838e-53
  0.00455741  1.06733e-54
 7.17663e-32    0.0593331
 5.72233e-18  1.16992e-36
 9.20224e-48  1.75078e-08
    0.202621  2.27704e-53
    0.618073  9.84324e-54
 1.29573e-10  1.62016e-59
 1.31664e-17  5.08466e-37
  0.00220301  3.06557e-51
 2.03623e-25  6.85842e-16
  0.00167975  1.41845e-51
 3.36773e-08  2.85705e-56
 3.13315e-15  1.73232e-39
 2.53487e-57  6.18041e-08
 2.07496e-25     0.689518
 1.76819e-55    0.0335371
 7.46283e-08  6.36488e-56
 2.04894e-48  1.35654e-06
 1.08045e-56  2.22351e-11
 3.44104e-30     0.561845
 2.32719e-41  1.80945e-12
 1.11282e-38  2.45739e-07
 1.79243e-11  3.48353e-43
 5.86745e-43  6.61321e-09
 6.43483e-12   9.6852e-43
  3.4147e-27  7.11022e-16
 8.67111e-13  1.69423e-44
 4.04102e-13  7.89947e-45
 1.32091e-30  8.10333e-21
  2.0447e-21  1.12908e-48
 6.47924e-19  3.56544e-46
 3.94122e-40  4.38675e-08
  5.7565e-17  4.25706e-48
 3.19971e-14  1.46435e-48
 1.14403e-16  2.74275e-48
 1.05882e-12  5.12659e-50
 1.04058e-12  2.01234e-50
 6.39804e-53  6.77267e-06
 2.87037e-50     0.551718
 1.66388e-53   0.00322272
  3.9031e-37  6.10899e-13
 2.24786e-38  5.11795e-16
 8.91487e-08   0.00234789
  8.9385e-35  4.24219e-18
 9.17928e-12  6.69102e-51
 2.62971e-11  4.86393e-51
 4.32164e-43  2.70749e-16
 8.24896e-16  8.98813e-52
 9.61856e-64     0.272953
 2.90896e-10  3.23224e-50
  1.0994e-27   1.5497e-05
  7.0433e-10  8.21729e-50
 3.02375e-20  4.53206e-48
 4.53717e-46  1.05664e-07
 7.68012e-56  1.60741e-06
 5.08781e-09  5.87462e-49
  1.3769e-32     0.205551
 8.09366e-43  5.07644e-15
  8.2166e-19   3.8459e-47
 1.13108e-55  3.46999e-06
 4.72117e-24  1.33875e-08
 1.11499e-25  9.28733e-17
 7.44195e-47  4.53934e-20
 4.03209e-41  8.84294e-10
 2.94472e-48   0.00550202
 3.19437e-30     0.164378
 1.83606e-18  3.21702e-47
 1.11441e-36  7.73364e-15
 9.43196e-26  6.60385e-10
 3.75827e-38  1.21278e-07
 8.38094e-49  6.90932e-05
  1.0716e-49  2.15281e-09
  3.6882e-06  4.31467e-46
 3.08351e-45  6.70271e-17
 4.43763e-55   1.7337e-05
    0.242389  5.20517e-52
 3.12813e-22  1.51084e-43
    0.656019  1.38322e-51
 1.09387e-05  1.27439e-45
     1.01065  8.33158e-50
     1.00404  1.84997e-49
 6.68109e-67  1.91818e-10
 2.34363e-31    0.0390106
 7.12355e-07  8.65531e-56
 2.37911e-39  4.95621e-07
 5.22384e-59  1.15209e-19
 3.71537e-05  4.35365e-45
  1.2174e-06  1.96978e-55
  8.5364e-11  1.81359e-39
 1.71797e-20  6.82748e-21
 2.76846e-14  0.000645845
 2.11361e-11  1.19985e-38
 1.86137e-11  2.66575e-38
 4.39354e-10  6.71783e-40
 4.48158e-14  1.83315e-28
 1.08646e-09  2.92736e-40
 1.05877e-13  4.33018e-28
 6.00003e-15  1.95573e-26
 2.05992e-51   1.2077e-08
 4.75006e-48  1.29644e-05
 1.01627e-26  0.000136674
 7.78123e-08  4.63737e-33
 1.34398e-08  3.60446e-41
 5.92075e-13  2.03457e-28
 4.76141e-15  4.17998e-52
 2.65013e-66  1.10689e-13
 3.62958e-63  0.000124836
 1.59902e-06  1.93688e-39
  5.2733e-35     0.128908
 5.98275e-23    0.0019458
 1.32638e-50  7.75672e-08
 4.80288e-40  4.13396e-11
 1.98919e-06   4.0099e-39
   1.045e-20  7.21416e-06
 1.48063e-31     0.237978
 1.30926e-05  5.18969e-40
 1.33737e-25   1.7156e-08
  0.00255618  4.48733e-40
 3.40832e-26  1.31766e-06
 1.31043e-44   9.8112e-10
 1.61035e-06  7.28444e-35
 1.64016e-30   0.00244821
  1.1505e-06  1.01139e-43
 2.21982e-35  9.03635e-16
  0.00600082  1.04783e-39
 3.79654e-33  3.32376e-12
 5.18219e-10  2.34422e-38
 0.000136461  8.64658e-37
  0.00193977  6.07777e-38
 5.16213e-69  7.12824e-08
    0.552111  2.12618e-40
 4.55747e-06  2.88202e-38
 5.22888e-68  3.94037e-19
 2.10683e-06  1.32865e-38
 5.13476e-31    0.0838407
 1.34688e-19  0.000378352
 1.96708e-08  7.57113e-48
 2.63047e-41  2.92473e-09
 8.82026e-09  3.39527e-48
   0.0146168  5.62794e-42