 7.26871e-08  7.10171e-48
 4.27063e-34  3.57907e-17
 1.48932e-07  5.21901e-47
   0.0568605  3.10047e-42
 1.63721e-08  1.29124e-49
 1.43185e-06  2.81553e-39
   0.0397084   1.5491e-41
   3.249e-28  1.47282e-08
   0.0797953  3.05519e-41
   0.0535886   3.3676e-41
    0.708278  5.80889e-41
 3.40696e-38  1.45976e-14
 5.39079e-07  9.35261e-39
 1.19124e-43  4.75948e-11
  1.0153e-22  9.13493e-07
 3.64846e-53    0.0707011
    0.780066  2.58629e-40
    0.325595  4.54047e-40
 4.26622e-71    0.0116819
 1.85821e-07  2.52374e-38
    0.636681  9.99234e-40
 3.17363e-26  5.03517e-05
 0.000165111  6.75364e-50
 8.47175e-06  8.36526e-47
 2.30163e-25  5.61758e-09
 5.12197e-25  2.78192e-16
 2.48539e-23  0.000114894
   0.0386701  2.27525e-38
   0.0758582  1.09931e-38
  0.00232994  2.44515e-42
 2.13678e-61  4.03495e-24
 8.48724e-09  7.80539e-39
  0.00519105  8.41517e-42
  0.00158018  1.07319e-43
 3.79729e-21  1.20599e-05
 2.41375e-35  4.86722e-09
 1.23687e-41  9.59319e-10
 2.28585e-16      0.67099
   0.0154418  1.11121e-37
 2.35766e-76  2.77556e-13
 0.000713798  5.33006e-36
   0.0027313   1.8477e-43
 9.26324e-56  2.66144e-05
 9.87084e-43   0.00428642
    0.307963     0.690477
 1.04114e-51   2.3318e-09
 9.70231e-93  2.16711e-30
   0.0339791  8.38862e-41
 4.20563e-67  2.54736e-07
 1.48879e-19  3.02805e-27
  0.00780098  9.30478e-43
 3.29028e-44  3.25993e-06
 8.58747e-19  7.81356e-09
    0.102555  3.56737e-41
 0.000205386  1.98128e-35
 9.93547e-06   8.2717e-35
 3.40433e-39  1.34531e-06
 3.28861e-69     0.157811
 1.53671e-42  0.000800923
 4.95138e-29  7.36961e-18
   0.0656947  2.55124e-48
  7.9459e-75  1.45012e-19
 2.05416e-05  1.29903e-34
 1.04315e-05  1.63217e-34
 8.24569e-30  2.54627e-06
 3.76269e-57  0.000248288
 2.78987e-69     0.668658
 4.28118e-62     0.300387
 3.38642e-40     0.306701
 1.13699e-53   0.00089595
 2.68877e-45  4.06308e-09
 5.17385e-37  1.43107e-14
     0.56823  2.48966e-40
    0.616236  1.10064e-51
    0.014597  2.87055e-55
 2.75698e-17     0.687901
 4.26752e-05   2.4765e-32
 2.24828e-36  1.97304e-08
 5.19889e-29   9.1305e-07
 1.73291e-05  4.21071e-32
 3.02851e-62  3.50077e-05
 1.62397e-31    0.0361719
 1.17457e-49    0.0237306
 1.05503e-58  3.98449e-08
 1.45967e-38  3.10332e-07
    0.195374  2.52672e-51
  0.00028387  7.13922e-32
 6.33088e-53  9.14941e-07
 7.38203e-06  1.42785e-31
 1.59223e-27  0.000189909
 7.32298e-17  2.51609e-14
   0.0819774  2.38491e-49
   0.0188212  8.79488e-54
 3.23018e-05  7.56714e-36
 2.28163e-24  2.57835e-08
 1.79037e-05   1.7124e-35
 1.26621e-07  1.82953e-35
    0.557217  3.33696e-30
  0.00440636  1.11478e-28
 4.13407e-15  1.29676e-15
 5.97798e-19  1.21048e-75
 2.35733e-39  3.32403e-12
   0.0308696  6.45683e-30
 2.78642e-07  4.79744e-35
 3.78617e-29  4.41705e-08
  3.2896e-31  1.01271e-05
   0.0538345  2.72013e-29
 7.17709e-14  3.56963e-33
 1.17058e-52  6.12655e-07
 3.83253e-59  5.90293e-07
 3.54057e-38  3.87397e-09
  2.0891e-14  2.97249e-16
 3.57355e-23     0.085538
   0.0131729  6.20457e-30
 2.42689e-53  3.00592e-10
 2.78779e-54  0.000341429
  0.00648464  2.08847e-28
 0.000349328  1.15295e-31
  0.00732207  8.41928e-29
 7.32637e-08  8.24997e-23
 2.65944e-38  1.59672e-07
 1.01523e-75   7.5682e-13
 1.19976e-60  0.000371722
  0.00295409  3.01639e-28
 3.28423e-08  1.37479e-22
    0.309596  1.01467e-45
     0.69041  1.65887e-43
 0.000257213  2.46902e-30
 1.34784e-39  7.63411e-12
   0.0214765  3.92815e-34
 6.02318e-63  6.82931e-08
  0.00736229   1.0185e-33
   0.0614498  6.26169e-35
 1.03647e-57  1.02296e-08
 2.17809e-14  6.40539e-17
 1.93024e-12  1.33006e-27
 8.18239e-13  7.06579e-27
 1.54152e-12  1.26966e-27
 8.97402e-08  1.29878e-31
  1.5609e-54     0.591855
    0.179096  4.65188e-38
    0.609604  6.12044e-37
 1.81633e-23  7.91643e-11
 4.02966e-08  8.36974e-30
 1.12213e-59  2.24908e-26
 9.01763e-30  0.000140059
 2.00181e-69  3.03996e-16
 1.69719e-05  4.59578e-38
 2.09858e-25     0.012132
 6.16167e-56    0.0297353
 5.16986e-27  1.80928e-09
  6.7075e-17     0.221855
 2.67596e-19  1.41412e-76
 3.27235e-06  1.25501e-38
 4.99784e-34  6.41625e-13
 2.66277e-06  8.23649e-39
  1.4172e-27  3.94652e-12
 7.79291e-06   5.8515e-39
  1.0395e-08  4.33859e-23
   0.0022806  1.66707e-41
 5.14227e-09  3.53535e-22
 1.88133e-30  1.53198e-13
   0.0114339  6.84067e-40
  3.8867e-28  1.54453e-23
 8.83434e-44  6.52933e-12
  6.5867e-21  3.35354e-05
 8.19099e-07   1.2275e-25
 5.36441e-09  6.74402e-23
 2.03049e-33    0.0626353
 1.26494e-51  9.11832e-07
 7.11979e-29  3.10711e-05
 2.96636e-06  3.21716e-25
 4.38408e-55  7.28577e-07
 5.47296e-67  2.24231e-21
  3.3257e-05  3.00674e-43
 1.01052e-47  1.51506e-07
 1.49593e-05  8.92696e-42
 0.000139525  4.42315e-33
 4.67344e-35   3.6582e-16
 2.08591e-55     0.551709
 8.74248e-43  4.25075e-16
 7.28839e-06  5.06692e-26
 3.89777e-40  1.27383e-12
  4.8458e-21  0.000227116
 0.000429893  6.80262e-33
  0.00240471  2.28139e-31
  6.7403e-39     0.640803
 0.000171627  2.51826e-35
  4.6969e-53     0.685961
  0.00109756  5.41314e-34
 9.34235e-07  1.71105e-44
   0.0284844  4.60036e-32
 7.78633e-67  2.19157e-24
  0.00060211  1.64701e-35
 1.54707e-67       0.2297
 0.000753787  1.28798e-35
    0.555978  1.42505e-32
 2.47483e-15  2.49878e-21
 6.01436e-36  4.55842e-14
   0.0117551  2.03671e-34
   0.0426212  7.13543e-35
    0.014878  1.81103e-34
 0.000502882  8.89091e-33
 5.85491e-10  4.56501e-51
 1.24084e-24  3.55774e-08
 8.04285e-10  1.38857e-49
  2.4453e-35  1.24641e-17
 9.18217e-33     0.690402
 9.35263e-41  9.25046e-11
 5.10772e-14  8.03668e-59
 6.79282e-52   0.00176151
 1.69007e-48  3.83021e-07
 1.96378e-54   1.0209e-05
 4.69474e-10   6.7275e-45
 9.47514e-07  3.20965e-37
 1.16212e-31     0.309598
 1.02816e-42   0.00397192
 2.44509e-06  1.78001e-35
 3.96879e-34  8.05493e-11
 1.45893e-60    0.0346789
 8.80329e-54   3.1681e-08
 1.20604e-07  2.41744e-29
 5.24864e-32  0.000357412
 2.01561e-58  0.000762649
 7.01954e-10  5.28779e-47
 3.45531e-06  2.16934e-34
 2.66866e-09  6.99574e-31
 9.02841e-24  0.000264844
 2.55576e-73  0.000296433
 3.12697e-60  0.000103701
 6.13467e-06  4.70758e-34
 1.31924e-05  1.65122e-32
 4.97223e-47     0.103651
 1.92133e-48    0.0552074
 8.23913e-36  0.000872997
 3.47738e-05  6.24718e-39
 1.34171e-54  1.74355e-08
 0.000158069  1.94536e-36
 1.03451e-47  1.52015e-15
  1.9974e-54  2.60975e-31
 1.99696e-05  4.08034e-40
  0.00016605  6.78995e-34
  5.0927e-26     0.301348
   1.336e-42  7.67922e-09
 2.99885e-65  4.96947e-09
  2.6219e-37   0.00968691
 2.75261e-27  7.60639e-21
  0.00093669  1.75517e-34
 7.12816e-24  6.12927e-07
  0.00227964  5.81894e-36
 1.79803e-47  7.28613e-08
 4.52807e-34    0.0011493
 3.34391e-05  6.22163e-43
 2.29539e-37   7.2982e-06
  0.00393424  2.12856e-67
 4.58049e-06  3.61248e-72
 9.15395e-13   5.1087e-42
 8.72879e-06  2.93519e-73
  4.1968e-13  3.85281e-43
     0.55447  4.11759e-40
 3.75432e-05  1.02339e-73
   0.0608965  7.14757e-45
    0.688003  1.65075e-62
 1.24326e-10  1.80404e-28
    0.306879  5.33178e-61
 9.33356e-46  6.20562e-17
 9.14524e-73  1.70559e-14
  1.4594e-40  1.16243e-07
    0.197896   2.6464e-50
 3.24916e-13  3.53791e-49
5.55348e-109   3.4352e-29
   0.0213048  4.22684e-56
  9.8921e-14   3.6994e-48
    0.642358  6.98773e-53
 6.68625e-44  1.69537e-08
 1.89243e-98   0.00873042
  2.2678e-25  3.62041e-14
 1.64811e-36  1.10838e-14
 3.74133e-22    0.0328079
   5.461e-54   0.00439578
 6.28673e-37  2.32262e-06
 2.38121e-24  0.000122159
   0.0110042  2.63799e-48
    0.001286  3.33458e-49
 1.90921e-49  6.65353e-09
    0.149388  4.83443e-50
 5.49419e-47     0.100961
    0.308639  1.42946e-73
 6.89518e-50  1.16538e-10
 2.42505e-33  2.81675e-05
   0.0350609   3.1521e-49
 3.06409e-49  7.94416e-06
 1.74455e-49     0.557259
 1.47852e-30  1.81905e-06
  0.00357917  1.28883e-49
  0.00773301  1.51195e-47
  0.00882137  1.62728e-46
 6.44768e-45   3.4151e-05
  2.8721e-26   0.00771869
 1.13948e-39  8.02164e-10
 1.53142e-88  4.45479e-10
   0.0706066  3.43769e-50
   0.0037123  3.04491e-44
 3.65211e-37  1.65017e-11
 1.98211e-10  2.46777e-43
 1.40556e-39  7.22761e-05
    0.689689  7.13799e-68
 1.43889e-38  1.14386e-07
 3.85813e-37  0.000854415
 6.29467e-10  2.16186e-41
    0.639028  4.16892e-45
 6.77548e-15  1.32737e-23
  9.9104e-14  1.85315e-49
 1.45194e-13  1.19209e-49
    0.132084  9.07466e-48
 3.60689e-57   2.0049e-05
 3.11803e-53  1.23002e-07
 1.27909e-48  3.05459e-06
    0.215761  5.43713e-43
 1.50238e-62  0.000660509
 3.67457e-08  6.18516e-37
 2.28485e-06  2.52524e-36
 4.51992e-53  4.13989e-06
 1.05101e-35     0.607789
 2.79293e-35  4.47061e-07
 8.89624e-08  3.74441e-36
 6.96294e-07  1.63459e-35
  6.4252e-30  4.89954e-13
 3.83331e-10  4.91366e-38
 8.62328e-10  1.42204e-37
  1.7928e-23  2.84273e-11
 1.22922e-30  4.27898e-24
 1.50523e-42  1.74096e-09
 1.09976e-16  1.36438e-70
 3.14764e-06   2.7153e-50
 6.26543e-73  1.81827e-09
 4.10463e-31   0.00242427
 1.27749e-08  1.49433e-33
 1.78416e-06  7.52369e-47
 8.95299e-53  1.86916e-05
 5.81996e-09  4.10383e-33
 4.13563e-45  3.75056e-09
 3.48701e-16  1.19666e-33
 1.36177e-52   5.8175e-07
  8.6424e-42     0.019656
 1.88802e-40  1.39083e-15
 3.43249e-63  7.68883e-10
 2.07221e-08   1.6599e-41
 2.31435e-07  2.68572e-43
 8.90921e-93     0.999889
 6.86748e-08  3.09168e-42
 2.08098e-11  1.08618e-30
  1.2621e-37  1.08558e-10
 3.90104e-37  4.35617e-13
 6.09994e-12  5.04129e-60
 6.30831e-13  1.21228e-29
 1.00187e-08  6.95602e-48
  2.9553e-55      0.67924
 1.29532e-10  6.02484e-54
 4.08057e-12  6.19043e-30
 9.39678e-15  2.45583e-38
 1.70939e-13  1.14873e-28
 3.63906e-15  5.98739e-38
 5.56498e-73  3.90743e-17
 5.12569e-20  2.85881e-25
 3.09659e-38  6.01967e-14
 3.79504e-14  5.47384e-28
 1.36238e-13  2.79929e-29
 3.45023e-60   0.00884088
   0.0133728    0.0294338
 4.69367e-66  2.64224e-14
 3.14277e-14  2.46909e-28
 1.37408e-10   1.1503e-40
  6.6109e-24  1.09748e-07
 2.33694e-19   2.5797e-23
 1.40574e-65  3.82915e-14
 6.86836e-62  1.56505e-10
 3.44877e-19  3.44213e-23
 4.38202e-10  4.23839e-40
 6.01602e-34   2.2274e-06
 3.27741e-19  1.33394e-26
 1.49931e-09  7.43811e-41
 8.10378e-31     0.561088
 1.12941e-56  6.01078e-11
 7.42455e-34  5.85084e-09
 8.62037e-13  2.32647e-32
 2.04871e-50  9.83759e-08
 2.03026e-23  1.37108e-25
 8.39223e-31  0.000583105
 2.27118e-33  3.09062e-12
 4.46524e-09  5.40157e-39
 6.45531e-36  1.62211e-05
 8.90327e-74  3.63945e-10
 6.02153e-39  6.19406e-10
 2.86526e-12  9.03868e-33
 3.16247e-21  1.80919e-06
 1.32543e-24  2.77875e-14
 1.38404e-10   2.1586e-34
 2.78995e-10   1.4581e-45
 2.06183e-61  9.69132e-07
 3.67369e-64     0.675555
 2.67127e-41  8.82429e-13
 3.82225e-08  2.14272e-37
  2.7655e-48  1.25694e-18
  3.6067e-23     0.221691
 9.76305e-95  1.82291e-10
 3.38365e-10  6.35876e-35
 3.17524e-57   3.0968e-05
 8.07059e-47   3.0145e-09
 2.70707e-12  3.96336e-36
 1.14048e-07  1.02923e-38
 1.31578e-46     0.619015
 7.92178e-75  1.75725e-17
 6.37067e-12  1.78227e-36
 2.24988e-07  3.75198e-38
 1.27079e-11  1.60205e-37
 7.79913e-83   0.00173591
 1.07267e-24  5.69637e-09
  6.9619e-43  7.62791e-05
 7.74717e-10  5.50942e-43
 8.01819e-79  2.08733e-23
 5.30647e-14   0.00288285
 7.32113e-07  2.23109e-39
 2.02827e-51     0.655463
 2.80236e-11  1.89663e-38
 6.94712e-10  9.48287e-39
 1.75996e-38  3.21733e-06
 1.38543e-07  3.08829e-49
 3.83083e-13  4.47975e-47
 7.46924e-42     0.687845
 1.07357e-52  2.57216e-12
  2.1331e-13  2.37187e-47
 3.23393e-07  1.25022e-52
  0.00020504  1.99039e-43
 1.61252e-74     0.551864
 2.36101e-38  3.38345e-08
 2.91375e-12  8.92693e-06
  5.2454e-58  8.47233e-06
 0.000597205  1.93184e-46
 1.60903e-39  1.65127e-07
 5.62993e-53     0.303629
 3.79857e-52  0.000182111
 6.38092e-07  7.02916e-42
 1.99208e-37      0.61307
 1.31233e-06  1.29534e-53
 1.04909e-49  7.17702e-07
 8.99184e-14  0.000132397
 1.42399e-06   6.9668e-43
 1.98216e-08   1.9959e-45
   0.0107574    3.275e-49
 7.10668e-05  4.16734e-46
   0.0296214  1.25572e-50
  0.00110092  2.10896e-59
   0.0267619  5.47108e-51
   0.0325172    1.344e-55
       0.583  2.44137e-54
  4.0555e-38    0.0356577
  2.0811e-05   1.0418e-48
  0.00188334  3.60153e-60
 2.48066e-35  8.78654e-12
 8.96263e-28  4.59089e-11
 4.19246e-07  8.98966e-65
 8.21168e-31  2.19484e-21
    0.129907   3.7284e-56
 0.000468357  3.28359e-65
    0.551665  9.46936e-54
    0.171466  1.81626e-56
     0.12817  7.56178e-60
 1.22861e-42     0.205986
 4.38842e-49  9.60298e-11
    0.637721   1.2232e-58
  0.00015187  9.67657e-67
    0.152795   4.9627e-61
 3.54727e-58    8.797e-08
 6.31857e-28  3.35297e-05
 1.42691e-56   7.6963e-07
 7.12608e-57  8.68792e-06
 4.16902e-67   0.00520347
  0.00176704  2.00383e-63
 6.92347e-33  1.69009e-05
  6.1314e-32  7.67071e-05
 1.01694e-85  2.37395e-19
 4.32143e-25  1.24699e-14
 5.37928e-64  1.05941e-20
  0.00112911  1.26681e-63
 5.89544e-49   0.00485039
 0.000576882  2.31745e-65
 5.01666e-38  3.58293e-13
  0.00528334  2.03387e-64
  9.5525e-64  8.36552e-13
 3.56185e-08  3.75395e-77
 1.52547e-06  1.27031e-71
 3.64982e-05    2.814e-68
 8.16825e-21  9.22162e-07
 8.35142e-31  3.86598e-12
 5.18805e-05  5.14485e-68
 1.43513e-69    0.0568917
 1.10638e-07  3.84874e-77
 1.88014e-41  2.71848e-13
 1.63692e-05  6.47539e-70
  1.6129e-57  2.01582e-13
  6.2648e-07  3.16471e-77
 8.44005e-53  0.000796895
 4.34808e-37  4.30632e-11
 1.41947e-74     0.297213
 5.11261e-08  2.21881e-71
 2.31248e-08  1.59198e-72
 9.53253e-22  2.20874e-17
 1.55113e-06  5.38812e-80
 7.47122e-22  1.01305e-05
 1.02655e-20  3.70377e-65
 1.70095e-43  1.45972e-09
 2.76005e-08  3.10001e-79
 1.87826e-07  4.56657e-74
 9.37575e-06  7.41499e-85
 2.99125e-32     0.558376
 5.29812e-42  1.67648e-11
 2.14035e-27   0.00319489
 4.07929e-21  9.05551e-65
 5.77304e-15  5.61473e-78
 1.33944e-14  2.56685e-78
 0.000419175  5.18803e-85
 2.18236e-38    0.0428419
 4.93172e-31  1.01794e-13
 6.47205e-56   0.00285743
 2.75283e-39  2.68854e-10
 9.39928e-48  5.66447e-10
 7.76212e-06  1.74899e-77
   7.579e-38  5.50288e-06
 5.36625e-16  1.66861e-71
  0.00116441  2.47437e-88
 1.45345e-15   6.5947e-72
  1.8335e-05  2.87367e-81
 1.37499e-30   5.1471e-13
 9.67938e-41  0.000170632
 2.17704e-29  7.74776e-05
 1.27261e-41  1.63331e-12
  0.00552381  4.20379e-87
 3.55712e-25   6.7926e-09
 4.92156e-15  1.68275e-72
 2.72081e-05  1.07173e-81
 2.19085e-27  2.61569e-10
   0.0181593  4.17271e-85
  0.00102871  3.47513e-82
 0.000446142  5.21043e-78
    0.169327  4.53507e-83
   0.0907607  8.38443e-82
 5.17962e-05  1.74025e-73
    0.601256  2.36108e-82
 1.58755e-26  5.94694e-25
 1.78027e-50     0.690367
 2.47115e-51   0.00185008
 4.56607e-05  5.87786e-70
   0.0122174  5.73773e-76
   0.0133466   4.9885e-76
 3.53144e-26    0.0339532
    0.935545  1.21584e-65
 2.18568e-56   1.2049e-05
   0.0224623  1.08462e-78
 4.72472e-46  2.91058e-05
   0.0105044  7.51212e-68
  0.00807098    2.904e-67
    0.936094  4.69001e-62
 1.25305e-67   4.5639e-17
  0.00785576  2.83944e-78
 6.87432e-07  8.18906e-90
 1.00134e-53   0.00375217
 1.08682e-67  5.52852e-24
 2.69788e-51  6.49374e-10
 0.000101735  4.34923e-65
 2.12769e-23  7.04496e-08
 1.30366e-48    0.0668328
 4.59582e-05   9.4124e-67
 8.02867e-53  7.28877e-20
 2.41129e-49  5.00864e-06
  1.8921e-69  1.96818e-23
 0.000351305  7.86098e-51
  6.5747e-43  6.62844e-10
 1.51744e-31  9.37588e-09
   0.0271903  1.66872e-58
  1.5494e-06  1.42254e-90
  1.7972e-29  0.000101194
 1.09972e-71     0.690365
 1.70707e-16   2.4565e-14
 9.73727e-07  5.43023e-68
 4.79584e-07  1.88502e-67
 2.92028e-79     0.309598
 8.97678e-21 1.43877e-107
  1.4634e-07  2.01908e-66
 0.000993414  3.45206e-48
 9.39761e-08  5.23744e-68
 1.82466e-22  1.01389e-16
    0.690399  1.12991e-78
    0.309593   9.4571e-82
 7.04437e-06  2.79184e-71
 6.51363e-05  3.74413e-79
 1.59276e-27  1.12066e-10
 1.02344e-47  2.18878e-09
 1.63333e-22   0.00801721
    0.309524  3.85009e-48
 4.44032e-52  0.000541206
 1.96205e-06  2.30055e-67
 1.20632e-05   1.4294e-43
 7.95548e-07  8.15841e-63
 2.24293e-57   0.00592019
    0.690347  1.11384e-50
 3.76729e-59  1.13821e-26
 2.97292e-48   0.00256258
 9.68317e-45  4.08448e-11
 1.54457e-08  1.40743e-59
 1.50076e-27  3.49114e-16
 5.76048e-53    0.0232874
 4.47343e-45  6.07098e-10
 1.22187e-18   0.00407697
 7.40831e-58  4.09139e-15
 1.15921e-43     0.204222
   9.072e-09  2.77241e-58
  3.4365e-72  2.32949e-13
 3.06632e-09  4.85997e-67
 7.68997e-06   1.9135e-48
 3.44086e-06  8.31726e-48
 8.83754e-10  1.20651e-67
 1.20779e-10  4.26782e-60
 6.07367e-11  1.15365e-58
 9.74363e-14  1.24631e-47
 1.19066e-10   1.2646e-64
 2.67755e-28  0.000534007
 2.28931e-44  9.41682e-11
 3.97785e-42  3.19747e-17
 3.99315e-22   2.3755e-06
 2.13009e-13  9.59979e-51
 3.44421e-76    0.0865647
  5.0384e-11    1.619e-63
 4.05537e-14   1.7997e-42
 3.75782e-85  2.44059e-20
 6.29268e-14  4.48358e-70
 5.11067e-17  2.50034e-35
 4.81276e-24  4.55041e-46
 8.99235e-13  1.15003e-54
  5.0279e-24  1.08616e-06
 3.03952e-37  1.02687e-11
 8.54284e-24  8.86459e-45
  1.0837e-41     0.172631
 2.72477e-16   6.1111e-42
 9.63172e-40  6.99813e-12
  4.4634e-26  6.33719e-48
 2.08608e-17  4.99623e-34
 5.96988e-52  1.68875e-05
 2.78748e-16  5.32185e-37
 1.04774e-14  1.73044e-51
  3.8638e-14  7.54495e-47
 1.96468e-20  8.11648e-05
 1.01406e-13  1.99307e-44
 4.53451e-45  5.02187e-06
 7.51677e-15  6.94548e-48
 6.18082e-53  0.000946142
 4.95077e-19  1.09132e-32
 5.52057e-13  1.56976e-45
 2.26659e-32  1.18946e-11
  6.4755e-15  4.30572e-45
 1.64592e-23   2.8173e-13
 9.76021e-43  1.38917e-06
  2.0343e-29  4.32966e-06
 1.39071e-11  1.66596e-48
  4.0262e-42  2.19589e-10
 3.89757e-35  7.54015e-14
 2.71578e-11  7.70042e-48
 2.37338e-47  7.51223e-16
 2.63401e-11  2.40065e-48
  1.1635e-45  0.000167735
 8.66638e-49    0.0251949
 4.67076e-11  6.99981e-48
 2.06274e-20  4.47529e-31
 2.12025e-21   3.3679e-06
 3.95788e-82  1.76508e-18
   8.147e-10  3.31284e-44
 4.81984e-10  1.61377e-49
 9.11739e-33  1.03821e-20
 8.36327e-47    0.0124564
 1.54358e-09   4.6614e-49
 4.40216e-09  4.41027e-44
  1.3669e-08  6.24236e-34
  4.9438e-24  6.80904e-28
 2.93322e-08  4.30525e-33
 8.61177e-41  2.98516e-05
 1.11409e-24  1.94767e-27
 1.69869e-07  1.13389e-41
 1.01975e-57   0.00209429
 3.74902e-47   0.00224008
 9.10373e-29  9.83623e-24
 7.42584e-06  4.29889e-36
 2.25062e-26  2.79324e-05
 8.17998e-14  3.70093e-21
 2.73822e-35   2.2605e-12
 1.27161e-28  4.03299e-24
 5.96122e-69  1.80588e-05
 5.78708e-68  0.000536678
 7.40291e-06  1.92642e-39
 3.03958e-06  2.43377e-45
 8.89263e-73  3.83914e-18
 2.15722e-05      0.56755
 3.55164e-08  4.34719e-53
   2.226e-08  2.84478e-55
  9.5279e-08    7.945e-49
 2.26544e-41  2.42743e-08
 3.29909e-45  2.32347e-14
 6.37568e-31     0.615194
 1.59845e-45  1.41834e-07
 2.55742e-70  9.19933e-07
    0.626454  5.24802e-35
    0.219335  5.50784e-36
   0.0521324  7.26969e-33
   0.0744824  9.90062e-37
   0.0201578  5.93402e-32
 3.18772e-51  1.05649e-08
 1.87998e-55   0.00114455
 6.56381e-72  3.63109e-08
    0.686538  2.95521e-55
 1.73295e-87  2.92745e-15
 1.82162e-48  2.32328e-10
 4.58188e-70  1.22557e-15
 1.57574e-24    0.0662439
  0.00236582  6.97651e-31
    0.304458  8.31611e-55
 6.14041e-41   0.00865084
 2.97962e-45    0.0168738
 2.05396e-13  1.16892e-20
    0.689214  1.33508e-50
  0.00751974  2.94241e-53
 4.55129e-29  3.25825e-07
 4.08483e-43  3.18179e-12
 7.90881e-24     0.630099
 8.20063e-42  5.01196e-13
 3.37602e-56   0.00320651
 1.28367e-44  8.64721e-06
    0.308265  8.46434e-51
 9.76427e-05     0.703063
   0.0129078   1.3851e-47
 3.37536e-48  2.24661e-06
  0.00208691  1.56753e-53
 5.38688e-54     0.560076
 4.76105e-05  5.06915e-51
 5.64257e-35   0.00407387
  0.00073695  4.86087e-54
 3.30857e-51  5.25034e-09
 1.41983e-12  1.61154e-43
 0.000140661  3.85657e-54
 3.65475e-07  1.44336e-41
 8.88044e-58  3.97306e-05
 2.80763e-77  7.11502e-15
 4.96932e-69    0.0076205
  3.5041e-09  8.13181e-47
 1.59156e-09  1.87794e-46
 1.62254e-07  2.44839e-41
 1.76367e-06  1.69889e-56
  6.9002e-11  5.42203e-36
 9.91333e-28  1.23755e-19
 2.47597e-49  2.35164e-09
 1.55882e-10  7.74764e-37
2.98077e-169 2.64401e-111
  7.0087e-19  7.48981e-28
 2.63193e-30    0.0302474
 9.12812e-17     0.282978
 1.35975e-11  2.46729e-54
 1.29341e-08  2.71181e-57
 1.44294e-47     0.165676
 8.71504e-09  5.46118e-57
 3.52595e-10  9.66539e-56
 2.82299e-13  2.91894e-46
 5.81819e-13  1.44726e-50
 4.94015e-13  7.49278e-49
 2.49308e-12  4.69418e-53
 5.50566e-23  3.67639e-07
 2.71176e-26  4.47346e-09
  2.6523e-36  5.91823e-08
 2.58135e-65  1.54197e-09
 1.37901e-12   4.8752e-58
 1.36867e-13  3.14967e-59
 1.12496e-46  3.94002e-18
 1.29114e-12   1.1207e-59
 1.12639e-31   0.00040893
 3.58489e-51  4.95349e-13
 3.02753e-33   2.4994e-12
 2.16374e-65     0.551665
 2.64123e-12  6.51006e-60
 6.75456e-09  4.75492e-57
8.10533e-106  6.47058e-42
 2.34752e-08  9.82252e-59
 3.47517e-37  6.07336e-07
  6.2649e-08  1.06266e-60
 1.33469e-52    0.0139522
 6.84665e-10  7.57017e-63
 2.22665e-10  3.49353e-54
 6.19823e-10  1.06087e-53
 1.20741e-44   1.5987e-09
 4.35373e-18  1.00737e-36
 5.19339e-06  2.81714e-46
  6.4278e-08   0.00169349
 4.95913e-26  5.10769e-08
 1.91492e-09  3.90257e-53
   0.0462033  9.22032e-68
 3.19506e-08  1.83326e-50
 1.52338e-56  2.29025e-05
 8.84989e-54  7.30695e-06
 1.00079e-33  4.03473e-17
 6.86546e-08  1.35312e-49
    0.684984  9.77112e-69
 1.01834e-20  0.000376212
 1.68348e-32  1.72343e-16
 5.87904e-28  6.38686e-10
 6.60286e-62     0.268361
    0.299839  6.02149e-66
 8.38171e-30     0.093266
 1.32253e-33  1.74896e-10
 2.98949e-55     0.262291
 2.48725e-06  2.52291e-45
   0.0309403  2.14005e-62
 3.23771e-36     0.690057
    0.309598  1.64684e-42
 7.11522e-06  7.62855e-66
 2.76401e-20  2.32325e-05
 8.42873e-06   5.8157e-40
 4.94244e-53   0.00606859
    0.690402  5.70567e-41
 2.15208e-06  3.48943e-45
 3.95337e-51  4.91374e-06
  0.00134923  1.81015e-33
 1.03692e-74  0.000773544
  1.6624e-09  3.07306e-47
 2.24145e-06  4.76914e-60
 3.64842e-09  2.83308e-46
 9.74485e-08  2.49503e-40
 2.20214e-23  0.000460756
  2.7437e-54     0.309547
  0.00424742  5.13198e-32
     0.30926  1.31893e-31
 1.53391e-72  2.48785e-10
 0.000120777  4.94569e-44
    0.690133  1.14642e-30
 0.000366255   2.2384e-39
   7.768e-51   0.00155118
 1.04847e-07  1.18308e-33
 3.99913e-60  2.55945e-05
  0.00114835  3.28464e-38
 5.67985e-05  6.06926e-27
 1.87519e-49    0.0202761
 9.16467e-05  1.21634e-26
 1.45182e-35   0.00189222
 3.99822e-31     0.178887
 2.34836e-07  2.88333e-33
  0.00867526  1.19886e-35
    0.690438  1.18167e-45
 7.57261e-41     0.635641
    0.309679  2.57762e-48
 4.40077e-17  1.07259e-13
    0.132557  4.97312e-34
 0.000424186  8.08733e-50
 6.52258e-48  3.62297e-08
 3.49924e-50     0.118646
    0.268894  1.30251e-28
    0.677842  3.01469e-31
 2.69966e-52  5.23396e-08
 8.23216e-10  9.05558e-18
 1.15679e-48  6.05022e-16
 4.57445e-51  3.33045e-10
 1.06342e-76  8.36135e-11
     0.55171  3.66162e-40
 3.80165e-73   6.1915e-13
 1.19961e-62  0.000290159
 2.58123e-06  1.84093e-21
 5.48306e-49  2.45263e-06
 3.54578e-55   0.00107203
 1.42229e-05  3.35965e-22
 4.25443e-05  2.69606e-23
 3.08552e-10  2.35169e-17
 1.78489e-07  4.67864e-23
 3.84233e-37  1.20784e-05
 5.75873e-65  6.44697e-14
 7.85637e-08   7.0985e-24
  0.00164891  6.55264e-36
 3.72642e-54  4.60577e-21
 6.73928e-52  4.51376e-05
 2.15235e-08  7.09841e-25
  0.00372387  5.39038e-37
 5.44707e-50     0.575291
 4.16771e-45     0.124483
 2.76862e-55  1.34293e-05
  4.2191e-62   1.5069e-07
 3.03893e-05  9.04489e-33
 1.47117e-09  8.46828e-28
    0.307019  1.19719e-43
 3.58645e-25   2.1345e-05
 3.64876e-49  2.71182e-08
    0.688472  2.99556e-46
 2.66935e-60  1.48611e-05
 1.57259e-08  2.51404e-34
 3.44111e-06  3.54876e-38
 2.07824e-08  1.93924e-38
 1.56543e-08  5.96738e-40
 1.06802e-29  5.89384e-13
 8.81346e-20  6.85661e-05
 1.04568e-11  1.14214e-35
 6.67709e-50  1.56842e-06
 2.59189e-13  1.62942e-38
 8.01112e-13  4.05477e-39
 1.78833e-48  1.10182e-16
 1.77849e-09  2.00441e-46
 7.74444e-10  2.83544e-47
 7.75449e-50     0.636228
 5.64116e-71     0.659661
 9.35054e-10  4.21042e-44
 6.91982e-14  3.49121e-42
 2.69147e-14  2.23665e-39
 3.00861e-56   3.2661e-06
 2.96377e-14  4.11166e-43
 6.10865e-14  4.03497e-39
  8.7851e-05  5.67736e-45
  0.00170354  1.02083e-43
 1.43347e-05  1.69866e-46
 7.85049e-06  5.14534e-47
 1.25255e-10  1.86251e-35
   0.0336521  3.82686e-42
 3.87964e-19  2.48895e-55
 2.48132e-35     0.580927
 6.49196e-23  4.02493e-11
   0.0785176  7.73402e-42
     0.56064  6.46645e-41
 4.75294e-10  5.75667e-35
 4.75703e-33    0.0117685
 9.60859e-26  2.45289e-11
 3.42003e-59   0.00040961
 1.67726e-07  2.85151e-37
 3.00607e-07  5.28485e-37
  2.4804e-07  1.17636e-36
 4.29665e-34  8.25767e-06
 0.000212281     0.340067
 7.40836e-09  1.18135e-33
 1.66972e-08  2.41791e-33
 6.37997e-17  2.49142e-14
 9.73293e-38  1.28876e-13
 1.14039e-47  0.000216343
 1.34965e-30  6.01802e-05
 9.25436e-36  1.92053e-11
 2.65974e-34  2.12548e-13
 6.80585e-06  3.84437e-35
 4.16892e-45     0.622043
 2.92988e-06  1.47876e-35
    0.309581  5.35804e-30
  1.3888e-35   0.00151447
 2.13648e-15  7.58664e-45
     0.69039  3.06295e-30
 2.80433e-58   0.00472403
 7.37858e-24   0.00028753
 1.65911e-65  2.24064e-19
 5.19662e-54  2.29273e-13
 1.64573e-36  3.38159e-18
 5.54567e-46      0.66448
 7.73029e-26  4.30637e-61
 0.000256162  7.98771e-27
 8.67944e-05  2.79772e-26
 1.11382e-50     0.690392
 6.61789e-12  1.03541e-41
 1.58389e-45  7.11707e-06
 1.59797e-43  1.25242e-06
 8.61976e-47  3.71159e-05
    0.688978     0.308082
 9.87668e-12  3.46907e-42
 2.74304e-30  1.64474e-24
  9.3729e-23  2.11797e-54
  2.8126e-05  7.64311e-26
 1.54539e-20  3.68925e-51
    0.555817  6.98355e-38
 4.13921e-46  5.31812e-07
   0.0482581  1.23577e-38
 1.93565e-79  1.51866e-15
 6.84973e-21  9.24004e-52
 6.74195e-35  6.55364e-18
 7.94162e-31   0.00800394
  0.00501829  5.52808e-38
 1.64242e-55  4.78998e-09
  0.00277598  1.69409e-37
 2.36439e-15  4.21716e-15
 1.14087e-43     0.001614
 2.79543e-29  1.08439e-11
 1.48231e-12  1.34474e-18
 3.60513e-50    0.0341412
 6.51179e-13   5.9759e-19
 5.30946e-13  2.25827e-47
 3.77189e-08  1.00904e-32
 8.59709e-15  2.46648e-49
 1.50741e-14  7.41806e-49
 5.26573e-94  8.97054e-31
 5.83904e-67     0.087784
7.70206e-105  5.63052e-29
 1.25037e-15   4.0975e-25
   2.399e-12  1.86949e-22
 6.19188e-22    0.0125776
 5.48165e-16  1.67931e-25
 1.40296e-10   2.3573e-42
 8.18165e-17  2.53248e-27
 1.21136e-50  0.000108129
  1.5391e-33    0.0195943
 3.62804e-26  2.21704e-06
 3.65573e-17  1.20153e-27
 5.61626e-12  8.25683e-23
 1.23854e-09  2.23183e-43
    0.002382  1.67777e-56
 4.15245e-22  1.29911e-20
 2.02263e-11  4.15049e-45
 1.58511e-28   0.00191308
 2.98528e-09  2.16633e-43
 6.23769e-07  1.09567e-39
 6.68728e-40  3.34944e-13
  0.00531629  1.28969e-56
 1.40085e-06  1.73977e-39
 3.61988e-54  0.000677315
 3.05688e-66    0.0887886
  4.2034e-47  2.98408e-11
 9.63247e-55  2.08943e-09
 3.23908e-12  3.14418e-46
 1.20902e-61  1.00504e-13
  3.0013e-30  2.10663e-21
   9.707e-59   7.9624e-15
 7.70263e-52  2.94516e-12
 9.65423e-06  3.86822e-29
 1.07506e-51  0.000334002
 2.09574e-22  7.94476e-17
 1.79331e-30  1.82569e-07
 2.02689e-31     0.106476
  0.00326573  1.23285e-31
 1.97016e-55  5.94288e-06
  0.00899226  4.89337e-32
 0.000180869  5.75518e-37
 8.45379e-50  4.77087e-07
    0.551706  1.36706e-61
    0.307982  1.00435e-33
 3.22147e-28  4.24789e-07
 3.53654e-46  7.52024e-05
 4.48702e-16  9.83226e-15
 1.01511e-41  1.70657e-09
 6.08172e-12  2.04814e-19
 9.28252e-50  7.36683e-08
    0.689137  6.31757e-34
 3.20346e-11  2.46867e-45
 5.07522e-64  1.71156e-05
 4.50173e-07  7.12548e-41
 6.06865e-41  6.85268e-13
 1.42551e-29  3.10764e-17
 2.46837e-05  1.18384e-38
 1.46908e-62  6.53893e-22
  1.1258e-05  4.67046e-39
 3.57929e-35    0.0748586
 6.25768e-05  3.05806e-38
    0.551665  5.85241e-38
 2.10013e-10  5.86951e-73
 2.14033e-15  2.97128e-55
 2.44712e-08  2.40542e-42
 4.89839e-67  8.69122e-25
 2.99018e-45  5.57932e-06
 4.71997e-15  7.32603e-59
 3.27847e-58  5.16454e-08
 9.23031e-08  1.44315e-31
 1.43885e-15  2.14305e-65
 4.19563e-16   0.00641679
 4.38193e-12  4.47251e-51
 8.25021e-09  3.24021e-44
 1.53295e-10  1.22816e-50
 6.07583e-43   0.00189882
 2.98652e-10  2.91261e-51
 4.53645e-22  5.98148e-07
 1.50094e-45   0.00114689
  2.2532e-30   1.2065e-05
  3.1351e-12  5.87567e-53
 3.84586e-48     0.309586
 6.41904e-10  2.07703e-51
 1.23066e-47  4.03921e-12
 1.04311e-75  1.58834e-07
 7.19739e-29  2.31938e-08
 2.60886e-12  4.02562e-53
 6.36487e-09  1.90101e-52
 2.33459e-47  1.68957e-05
 1.39577e-53    0.0131605
 1.06134e-28  6.16206e-82
 6.86735e-28    1.588e-72
 7.42628e-79   0.00024947
 1.59613e-13  4.30068e-58
  2.7238e-28  1.56446e-81
 7.61394e-25  5.10964e-07
 2.95631e-28  3.73703e-13
   0.0497244  6.33164e-58
   0.0928048  6.46612e-59
    0.104891  2.23822e-57
 9.24904e-61  0.000356534
 0.000725754  2.52258e-57
 3.32165e-71  9.55422e-08
    0.581214  2.32588e-58
 4.12136e-28  3.47484e-07
 0.000324843  2.45634e-53
 5.61808e-19  1.14411e-78
 1.12341e-54      0.23083
 5.75202e-57  6.74469e-06
  5.5682e-13  1.14783e-57
  2.0508e-12  8.27785e-52
 5.55538e-16  9.37439e-69
 2.20634e-22  2.21042e-14
 1.54911e-42  2.28436e-06
 6.09022e-81     0.690402
 6.50118e-39  4.13266e-08
 5.18445e-42  6.05221e-12
 3.72295e-15  1.17093e-63
 6.87562e-35   0.00278685
 1.68398e-15  3.30334e-62
 4.21109e-11  8.40071e-44
 1.97038e-26  5.02834e-11
 5.92746e-31    0.0672059
 1.67263e-40  8.60556e-15
 7.96255e-13  3.38976e-45
 4.53861e-13  3.64581e-05
 7.02007e-08  4.44023e-99
 2.17115e-12  1.19721e-41
 3.31467e-08   2.5234e-92
 1.74869e-13  8.48264e-05
 1.86268e-17  1.33054e-46
 3.92617e-12  1.97935e-38
 8.17326e-18  1.36466e-50
 2.47411e-37    0.0852227
  6.2707e-67    0.0725211
    0.551665  3.0296e-107
 8.27396e-22  6.24696e-05
 5.52851e-15  1.09892e-21
 6.93987e-51  2.40732e-09
  3.2716e-57  2.67761e-11
 1.59157e-16  8.83282e-10
 1.67489e-29  4.15059e-07
 1.60306e-52     0.010789
 1.70122e-05  9.98111e-31
 3.54838e-51  9.48171e-09
  0.00745754  4.71738e-28
   0.0131202  1.80575e-27
 2.43791e-50   2.2686e-10
 3.40781e-53  3.95693e-17
  0.00087095  4.34985e-27
 5.38506e-26  7.72114e-11
 3.77453e-42  1.33532e-08
   0.0255476  5.79782e-27
 4.60099e-45  8.27607e-11
 1.13762e-37     0.163029
  2.0115e-06  1.27749e-30
 3.76891e-56     0.552593
    0.553154  1.28091e-25
  0.00185694  2.24857e-26
  3.1698e-35  1.07434e-11
 3.29245e-43  7.58585e-10
 1.90218e-68  2.75943e-12
 9.79145e-08  6.67217e-29
 8.34744e-07  1.68272e-31
 3.80561e-24  6.52158e-10
 1.43485e-37  1.44419e-12
   1.666e-45  0.000112152
 8.35149e-46  4.74434e-08
 4.76387e-50   0.00662926
  6.0907e-32  1.95044e-05
 1.64887e-46  1.99936e-05
   0.0087329  9.20487e-27
 1.38408e-47   2.8088e-10
  0.00604737  1.89338e-23
 8.91872e-64  2.57055e-10
 1.02966e-38  5.21486e-11
  0.00284882  1.70944e-23
 3.89037e-20   8.2777e-66
 0.000669174  1.55485e-22
 1.51041e-09  5.30549e-37
 1.45987e-10  2.90433e-42
 6.14715e-10  8.60577e-42
 3.84401e-38    0.0687196
 1.31787e-59  9.60134e-08
  5.7002e-14  3.13123e-50
 1.27235e-12  9.02952e-14
 2.19732e-06  6.22352e-20
 8.57566e-37  4.48413e-12
 1.95468e-55     0.188196
  4.0223e-46  5.62996e-06
 1.89173e-14   1.1347e-55
 8.33452e-39  4.44906e-15
 4.33418e-14  1.49017e-30
 1.88844e-14   4.3004e-31
 2.55096e-08  8.95996e-25
 6.54601e-21  2.17412e-42
 6.40889e-53  2.74876e-07
 6.35639e-36  3.40348e-06
 1.62573e-08  2.18186e-24
 7.12073e-67  3.72006e-13
 7.64638e-16  1.59696e-32
 2.77029e-10  7.15191e-29
 3.16551e-21  1.22763e-45
 3.59139e-17  2.82943e-34
 4.92568e-06  4.54708e-27
 1.39229e-17  6.79429e-37
 1.18589e-53     0.551695
 2.29462e-18  1.08939e-39
 2.51919e-05  1.56512e-28
 1.80488e-07  2.64725e-31
 7.74521e-40     0.672842
 1.10854e-07  9.89696e-32
  0.00979767  1.93502e-30
 6.18033e-21  4.94887e-45
   0.0119456  7.21673e-31
 8.11659e-41  3.65035e-11
    0.562968  2.56086e-32
 4.13852e-56  1.76505e-14
 1.96145e-24  1.37422e-06
  2.3888e-64  0.000794595
 2.61487e-24  2.41019e-52
  7.6176e-09  3.12386e-37
 2.99617e-52  1.36095e-06
 2.77006e-24  2.08122e-52
 6.51708e-49  8.47261e-19
 6.33833e-34  1.16713e-68
 1.03848e-49  3.92125e-10
 2.70046e-68    4.289e-06
 4.64143e-37  0.000140491
   0.0789264  1.82087e-33
 2.57956e-10  1.14856e-39
  2.1491e-10  6.13076e-42
 1.59866e-55  1.82855e-06
 4.98479e-61     0.551667
 7.08214e-33    0.0341815
 1.56311e-10  1.08403e-42
 1.15881e-21  5.52168e-06
 9.66896e-36  6.39096e-14
 1.69547e-14    0.0017025
 8.91212e-14  1.38974e-50
 1.08536e-86  5.90727e-15
 9.66501e-53  0.000549242
 4.24553e-71  0.000353731
 5.51018e-57   0.00891229
 2.52532e-16  3.92074e-10
 5.01256e-29  0.000318442
 1.75396e-29      4.4e-76
 1.30571e-41  6.70111e-12
 3.72169e-29  1.12838e-80
 9.60051e-50  1.32874e-11
 2.17778e-43  1.48628e-11
 1.98358e-12  3.28149e-55
 3.19764e-43  0.000266857
3.31315e-106  2.89642e-42
 2.09235e-33  0.000594765
 2.47188e-94     0.999941
 9.37387e-13  9.39171e-59
    0.309531  1.12221e-49
    0.690352  4.14631e-50
 1.03899e-41     0.552648
 5.78791e-06  1.58958e-55
 1.23005e-05  3.69911e-55
 3.76314e-05   1.9285e-54
 2.50269e-16  1.52999e-34
  1.1268e-16  3.66804e-34
 2.18936e-11  5.32928e-61
   8.851e-12  1.33641e-61
 4.02444e-37   0.00172896
 2.64628e-12  4.51149e-62
  2.5742e-41    0.0405935
 1.43521e-12  1.39908e-62
 4.24748e-17  1.97465e-62
 2.95018e-14  1.44346e-65
 9.85428e-70  2.26701e-15
 1.75617e-38   1.1451e-09
 9.27169e-45  1.04637e-09
 6.10791e-56  1.37528e-06
 2.08907e-17  7.31051e-63
 1.17816e-42  1.31813e-99
 5.40137e-16   2.0459e-69
 2.33078e-16   8.3096e-71
 4.11421e-43  0.000715923
 4.74065e-22  3.91447e-39
 7.72482e-30    0.0373123
 4.22558e-42  9.51246e-94
 1.34011e-21  8.28743e-39
  2.8099e-46  1.39195e-05
 1.47011e-47     0.689886
 8.65339e-27  2.60288e-10
 4.01374e-82  4.95207e-19
 8.47305e-54     0.152104
 6.21562e-21  1.27339e-68
 5.39394e-32  3.90324e-15
  1.8981e-51  1.98788e-09
 3.22954e-40     0.284635
 2.29842e-21  3.32623e-67
 1.60793e-40  1.41544e-88
 1.11145e-25  2.88381e-62
 2.94027e-20   1.7145e-47
 1.04067e-20  4.52671e-50
 2.78152e-26  3.37524e-63
 4.55842e-14  1.50104e-39
  1.6554e-47  1.00272e-11
 1.86034e-26  1.53302e-22
 1.23892e-45    5.177e-06
 4.07958e-34  7.62736e-73
 8.98993e-35  1.28775e-73
 1.70632e-36  1.73143e-77
 4.27654e-37  2.89032e-82
 1.90902e-18   0.00631994
 2.12563e-10  8.99243e-45
 1.49278e-36  9.22842e-82
 1.44389e-68   0.00236427
 4.37157e-70   0.00172148
 4.74569e-10  3.21446e-46
 7.57438e-47  1.23834e-12
 2.16758e-11  3.07603e-42
 5.54776e-46     0.308907
 3.03011e-31  1.07374e-83
 7.90627e-18     0.212206
 0.000101991  3.63264e-49
 6.00816e-12  4.80446e-40
 0.000230664  1.85271e-49
 2.98861e-45  8.33982e-11
 6.93693e-31  3.62618e-77
 2.56639e-16  8.72037e-62
 1.08297e-08  4.27554e-45
   3.201e-36  1.49862e-08
 1.49855e-20  5.65562e-05
 2.16913e-31  1.93619e-13
 6.88227e-57  0.000275293
 6.60661e-46  4.22665e-05
 1.86284e-16   4.3353e-62
 1.25083e-36  2.33273e-20
 1.65434e-56   3.9303e-09
 9.01755e-24  5.39326e-26
 1.93835e-48  0.000211015
    0.018039  1.22373e-51
 2.54401e-48  2.05437e-16
 5.23145e-12  7.53784e-42
 4.54483e-09  1.02339e-44
  3.8594e-29  6.19525e-05
 2.45362e-42  4.70576e-06
 9.31687e-10  4.25709e-44
 2.19533e-59     0.683581
    0.554927  4.69684e-53
 6.03416e-28  1.36378e-12
  0.00328895   1.1412e-56
 7.55898e-27   2.2557e-24
 9.90534e-38  2.76167e-10
   0.0100305  1.96154e-55
   0.0412656  8.93067e-55
 1.28381e-25  2.43388e-09
 6.62989e-45  1.89773e-18
   0.0176277  6.94894e-56
  0.00290095  3.89661e-57
 2.26822e-05  3.54242e-55
 2.42755e-14  0.000968698
 1.23855e-34  1.56159e-07
 0.000979792   1.0587e-57
 4.83702e-27  8.48603e-10
 7.36786e-18  4.07128e-20
 5.03537e-06  2.82222e-20
 1.09787e-35     0.309133
 1.06802e-31  0.000349065
 8.40493e-05  7.55466e-54
  0.00342994  3.06295e-56
  0.00018748  1.66496e-53
  0.00455732  1.09714e-54
 4.76594e-41    0.0593318
 5.92078e-18  1.16963e-36
 8.07142e-54  1.75117e-08
    0.202623  1.85834e-53
    0.618072  1.03016e-53
 1.29163e-10  1.29141e-59
 1.25296e-17  5.08771e-37
  0.00220182  3.19096e-51
 2.02552e-25  6.82893e-16
  0.00168089  1.22524e-51
 3.39164e-08  1.37303e-56
 3.16055e-15  1.73012e-39
 1.02625e-67  6.20963e-08
 1.28091e-25     0.689475
 9.36993e-56    0.0335379
 7.42112e-08  6.52566e-56
 6.61042e-51  1.35026e-06
 9.74017e-57  2.08555e-11
 3.31211e-30     0.561842
 1.25866e-41  1.73445e-12
 1.69366e-43  2.45946e-07
 1.79623e-11  3.43087e-43
 4.33089e-43  6.56647e-09
 6.40112e-12   9.7486e-43
 3.28722e-27  6.53888e-16
 8.55232e-13  1.76138e-44
 4.08952e-13  6.87924e-45
 8.33306e-31  7.78742e-21
 1.90399e-22  1.12148e-48
 1.44809e-19  3.57675e-46
 3.87535e-40  4.42932e-08
 2.20354e-17   4.1642e-48
 1.75697e-14  1.58033e-48
 5.16246e-17  2.77824e-48
 7.90508e-13   2.6619e-50
 7.73204e-13  1.65319e-50
 5.73564e-56  6.77083e-06
 3.17147e-68     0.551718
 5.75843e-68    0.0032248
 3.77718e-37  6.05598e-13
  4.8764e-52  4.80612e-16
 8.86754e-08   0.00234813
 1.94158e-38  7.37427e-19
 8.12483e-12  3.25639e-51
 2.54226e-11  1.23056e-52
 4.59753e-49  2.69288e-16
 4.46403e-16  8.36006e-52
 5.63214e-68     0.272992
 2.84566e-10  1.53557e-54
 3.06371e-32  1.55671e-05
  7.0118e-10  1.34514e-55
 2.94664e-20   4.1701e-48
 4.84035e-46  1.05558e-07
 7.37732e-68  1.60858e-06
 5.07968e-09  1.80399e-57
 6.42171e-36     0.205575
 8.16076e-43  5.03371e-15
 8.17101e-19  3.40756e-47
 1.43069e-57  3.41758e-06
 3.22435e-24  1.33388e-08
 1.10464e-25  9.20486e-17
 7.99533e-53  4.51535e-20
 8.08789e-51  8.84944e-10
 2.08208e-59   0.00550203
 4.48132e-38     0.164379
 1.82495e-18  2.97051e-47
 6.44112e-37  3.44257e-15
 4.36219e-26  6.03218e-10
 2.25282e-43  1.21259e-07
 1.19196e-61  6.90842e-05
 7.99188e-50  2.14849e-09
 3.68774e-06  2.83845e-52
 1.31967e-45  6.34037e-17
 3.95647e-62   1.7348e-05
    0.242395  1.09802e-65
 3.08536e-22  1.54573e-43
    0.656014  2.98618e-60
  1.0936e-05  2.36027e-50
     1.01065   5.0227e-56
     1.00403  3.09537e-54
 3.35183e-76  1.92288e-10
 2.16614e-40    0.0390115
 7.12233e-07  1.87929e-66
 5.87612e-42  4.86787e-07
 9.31201e-65  1.16966e-19
 3.71536e-05  1.68489e-47
 1.21727e-06  8.94316e-62
 8.50127e-11  2.04692e-40
 1.72446e-20  6.68936e-21
 2.71976e-14  0.000645636
 1.98835e-11  7.93839e-39
 1.71428e-11  1.27329e-38
 4.21564e-10  3.54513e-40
 4.45235e-14  1.84867e-28
 1.07703e-09  1.99977e-41
 1.06143e-13  3.70026e-28
 5.98899e-15  2.00086e-26
 3.07501e-57  1.20801e-08
 6.36609e-59  1.29554e-05
 4.80458e-28  0.000136702
 7.78123e-08  2.20531e-33
 1.33766e-08  7.09161e-42
 5.92043e-13  1.92176e-28
 4.75893e-15   8.4494e-62
 3.43021e-73  1.12305e-13
 8.88152e-73  0.000126056
 1.59969e-06  1.23966e-39
 1.84207e-36     0.128909
 5.49234e-23   0.00194501
 1.47107e-55  7.75608e-08
 4.70053e-40  4.01673e-11
 1.98456e-06  3.04294e-39
 7.70231e-21  7.16644e-06
 7.01539e-42     0.237985
 1.30992e-05   2.9468e-40
  1.2231e-25  1.67721e-08
  0.00255568   8.6736e-43
 1.68809e-26  1.32052e-06
 1.28276e-49  9.79159e-10
 1.61027e-06  6.68639e-35
 1.86662e-34    0.0024482
  1.1508e-06  8.76134e-48
 2.29967e-35   7.4113e-16
  0.00600138  3.14366e-41
 6.84738e-34  3.16391e-12
 5.18282e-10  1.71453e-38
 0.000136464  6.28893e-37
  0.00193975  4.70501e-38
 4.25267e-78  7.15768e-08
    0.552111  7.46924e-42
 4.55954e-06  1.77208e-38
 6.65388e-74  3.80126e-19
 2.10444e-06  6.76796e-40
 4.01689e-31     0.083853
 1.14962e-19   0.00037821
 1.96737e-08  8.63192e-56
 1.54376e-41  2.77031e-09
 8.81736e-09  4.80253e-60
   0.0146168  3.92378e-48