  7.2796e-08   1.1029e-45
 4.20496e-34  3.65819e-17
 1.49032e-07  2.32613e-45
   0.0568606  1.03348e-40
  1.6385e-08  1.05537e-46
 1.43194e-06   2.9506e-39
   0.0397088  5.11347e-40
 2.81304e-27  1.49423e-08
   0.0797956  8.21412e-40
    0.053589  9.17238e-40
    0.708277  1.29059e-39
 1.05765e-34  2.37267e-14
  5.3903e-07  9.64355e-39
 6.04851e-40  5.12484e-11
 3.56773e-22  9.23695e-07
 4.52833e-53    0.0707005
    0.780067  5.13851e-39
    0.325593  8.67392e-39
 3.40534e-63    0.0116803
 1.85955e-07  2.56308e-38
    0.636682   1.5667e-38
 1.07588e-25  5.03522e-05
 0.000165117  4.54189e-46
 8.47256e-06  3.57611e-44
 2.30736e-24  5.95487e-09
 5.22248e-25  2.76545e-16
 4.77463e-23  0.000114863
   0.0386709  1.49678e-37
   0.0758564   1.6035e-37
  0.00233214  6.39506e-41
 1.90368e-55  4.18923e-24
 8.48716e-09  1.67129e-38
  0.00518862  1.49291e-40
  0.00158034  9.78762e-42
 5.95105e-21  1.20581e-05
 1.02654e-30  4.88592e-09
 1.68291e-36  9.46463e-10
 2.38814e-16     0.671012
   0.0154424  5.67659e-37
 3.90925e-64  2.78016e-13
 0.000713636  1.83604e-35
  0.00273115  1.56292e-41
 9.37949e-55  2.65744e-05
 5.54519e-32   0.00428661
    0.307918     0.690522
  1.8728e-50   2.3311e-09
 1.26182e-84  2.17407e-30
   0.0339811  1.26279e-39
 1.32123e-56  2.55281e-07
 1.51257e-19  5.59717e-27
  0.00780142  4.40303e-41
 3.37965e-44  3.25841e-06
 8.75985e-19  7.81334e-09
    0.102552  7.80211e-40
 0.000205546  6.38371e-35
 9.92238e-06  1.92904e-34
 7.36749e-36  1.34502e-06
 1.72065e-52     0.157804
 3.41674e-39  0.000801757
 1.01828e-28  1.75391e-17
   0.0656936  3.50915e-45
 4.88539e-68  1.45724e-19
  2.0524e-05  3.96674e-34
  1.0595e-05   5.3651e-34
 8.02067e-29  2.60022e-06
 1.47233e-43  0.000249869
  1.0554e-52      0.66867
 1.88766e-40      0.30035
 4.60523e-40     0.306656
 1.97477e-47  0.000896017
  3.7831e-45  4.05957e-09
 5.45534e-37  1.45619e-14
    0.568231  2.32165e-39
    0.616241  4.57863e-46
   0.0145977  2.33122e-47
 3.12977e-17     0.687939
 4.26859e-05  6.17116e-32
 2.49075e-33  1.97344e-08
 1.06162e-27  9.15095e-07
 1.73189e-05  9.63948e-32
 9.04987e-55  3.50209e-05
 2.21608e-31    0.0361838
 1.33224e-41    0.0237291
 4.20524e-58  3.99777e-08
 3.48195e-33  3.10326e-07
    0.195368  2.51332e-46
 0.000283868  2.07222e-31
 5.43548e-47  9.16846e-07
  7.3888e-06  2.94522e-31
 2.85106e-26  0.000189908
   7.553e-17  2.51592e-14
   0.0819815  3.96886e-46
   0.0188203   5.1371e-47
  3.2297e-05  4.06078e-35
  1.0182e-23  2.59232e-08
 1.79087e-05  7.89143e-35
 1.27174e-07  1.28199e-34
    0.557217  1.03172e-29
  0.00440636  3.20097e-28
 4.16412e-15  1.43847e-15
  5.9805e-19  1.05249e-63
 3.13352e-39   3.3337e-12
   0.0308696  2.07351e-29
 2.78678e-07  2.86113e-34
 9.53199e-28  4.47201e-08
  1.0678e-28   1.0132e-05
   0.0538344  8.40203e-29
 7.17681e-14   3.5633e-33
  4.1661e-45  6.21248e-07
 4.14736e-56  5.87867e-07
 2.56431e-34  3.87551e-09
 2.10204e-14  2.81681e-16
 1.02625e-22    0.0855388
   0.0131728  2.06961e-29
 1.74341e-50  3.02262e-10
 2.87644e-54  0.000341651
  0.00648471  6.08048e-28
 0.000349405  3.95068e-31
  0.00732212  2.49662e-28
 7.33419e-08  9.71319e-23
 3.23305e-38  1.59809e-07
 3.86355e-62  7.67532e-13
 7.01232e-55    0.0003717
  0.00295411  8.77066e-28
 3.28798e-08  2.16659e-22
     0.30955  1.09731e-39
    0.690456  2.49077e-39
 0.000257215  7.79039e-30
 1.35744e-39  7.66085e-12
   0.0214841  2.46877e-33
 1.45052e-56  6.79705e-08
  0.00735702  4.95058e-33
   0.0614443  7.84951e-34
 1.09786e-57  1.03096e-08
 2.20208e-14  6.20903e-17
 1.94456e-12  2.16532e-27
 8.32093e-13  6.68118e-27
 1.56645e-12   1.9314e-27
 8.99442e-08  5.03678e-30
 2.34504e-54     0.591855
    0.179094  3.20135e-35
    0.609606  8.12367e-35
 1.87594e-23  8.59668e-11
 4.03211e-08  1.12301e-29
 2.29302e-55  2.47869e-26
 1.02849e-26  0.000139834
  2.4613e-63  3.05998e-16
 1.69721e-05  1.11978e-36
 2.86451e-25    0.0121321
 1.35816e-55    0.0297354
 2.04051e-26  1.97281e-09
 7.18424e-17     0.221828
 2.68127e-19  4.54315e-64
 3.27263e-06  5.37876e-36
 4.99688e-34  6.19883e-13
 2.66282e-06  3.43055e-36
 2.93701e-27  3.97888e-12
 7.79295e-06  8.00961e-37
 1.03917e-08  7.97805e-23
  0.00228064  3.82501e-37
 5.15534e-09  3.30577e-22
 2.31281e-30  1.50833e-13
   0.0114339  1.57741e-36
 4.31098e-28  6.64456e-22
 9.33763e-44  6.49582e-12
 1.20026e-20  3.37163e-05
 8.18803e-07  2.31696e-25
 5.36239e-09  1.24423e-22
 9.81745e-31    0.0626337
 1.59312e-49  9.11899e-07
 1.03729e-28  3.11286e-05
 2.96697e-06   5.0917e-25
 1.07967e-52   7.2877e-07
 1.01509e-60  2.45707e-21
 3.32699e-05  1.66704e-37
 1.00959e-47   1.5095e-07
 1.49478e-05  3.62476e-37
  0.00013953   9.7456e-31
 4.95141e-35  4.18354e-16
 1.52997e-50     0.551709
 5.19334e-36  1.17383e-15
 7.28791e-06  2.17221e-25
 3.89993e-40  1.33534e-12
  1.0589e-20  0.000226991
 0.000429892  2.38469e-30
  0.00240472  1.34172e-29
 1.74881e-31     0.640808
 0.000171631  6.85046e-31
  7.5438e-53        0.686
  0.00109756  2.85692e-30
 9.34883e-07  9.63629e-38
   0.0284844   7.7489e-30
 1.05716e-60  2.86535e-24
 0.000602101  6.43286e-31
  3.3737e-53     0.229689
 0.000753803  5.31259e-31
    0.555978  2.47712e-30
  2.5422e-15  2.47937e-21
   2.472e-34   5.5744e-14
   0.0117551  5.26475e-32
   0.0426211  1.89989e-31
    0.014878  6.65373e-32
 0.000502879  1.19864e-32
 5.88808e-10  1.35082e-40
 1.45346e-23  3.77675e-08
 8.05324e-10  2.54268e-40
 3.40771e-35  1.49766e-17
 2.26584e-31     0.690448
 2.14411e-40  9.25937e-11
 5.09035e-14  8.85555e-50
 7.54904e-52   0.00176151
 1.09295e-38  3.83061e-07
 5.71845e-45  1.02119e-05
 4.72413e-10  1.44428e-37
 9.48614e-07  3.56771e-35
 5.05385e-31     0.309552
 2.28167e-40   0.00397207
 2.44869e-06   1.2083e-34
 4.46689e-33  8.08155e-11
 8.93474e-45    0.0346878
 1.00243e-50    3.156e-08
 1.20696e-07   2.9041e-29
 6.16438e-31  0.000357595
  2.6519e-57   0.00076284
 7.04072e-10  6.47321e-38
 3.45659e-06  3.29143e-34
 2.67762e-09  6.97283e-31
 1.39187e-23  0.000264918
 1.60502e-63  0.000298366
 3.51941e-58  0.000103773
 6.13873e-06  9.72331e-34
 1.32037e-05  1.61236e-32
  1.7797e-45     0.103652
 4.83226e-48    0.0552074
 1.67008e-32  0.000873025
 3.47518e-05  3.54774e-36
 5.32581e-42  1.74578e-08
 0.000158093  1.71983e-35
 1.30433e-47  1.66256e-15
 4.15764e-54  3.48037e-31
 2.00038e-05  1.53092e-36
 0.000165985  1.30984e-33
 9.57188e-26     0.301305
 1.29978e-42   7.6963e-09
 1.64628e-62  4.97428e-09
 1.08106e-29   0.00968698
 3.24108e-27   5.3444e-19
 0.000936841  2.60273e-34
 1.03682e-23  6.14395e-07
  0.00227949  1.07603e-34
 1.81575e-47  7.36017e-08
 8.92228e-29   0.00114903
  3.3428e-05  2.57508e-37
 5.76497e-31  7.32637e-06
  0.00393369  4.34224e-45
 4.59945e-06  4.83962e-49
 9.19948e-13  8.31536e-42
 8.71208e-06  2.11891e-49
 4.16753e-13  3.76134e-42
    0.554469  3.80884e-37
 3.75631e-05  4.63467e-50
   0.0609003  1.81874e-38
    0.688047  7.41036e-43
 1.24239e-10  2.15273e-28
    0.306835  1.58773e-42
 1.40571e-45    6.318e-17
 1.53964e-68  1.73119e-14
 1.34962e-33  1.16272e-07
    0.197885  3.45975e-39
 3.28864e-13   2.9436e-42
 9.88257e-88  3.42004e-29
   0.0213099  2.34955e-41
 9.89328e-14  2.11797e-45
    0.642368  1.10075e-39
 1.38059e-33  1.76472e-08
 2.77131e-72   0.00873042
 2.26573e-25  3.63769e-14
 2.61047e-36  1.81224e-14
 6.18417e-22    0.0328097
 4.60155e-52   0.00439163
 1.69299e-35  2.32301e-06
 3.77277e-24  0.000122896
   0.0110035  8.21133e-41
  0.00128597   1.0317e-41
 3.53217e-45  6.76413e-09
    0.149379  2.74087e-40
 5.65351e-41     0.100963
    0.308594  6.47575e-54
 5.75381e-42  1.26066e-10
 3.41444e-29  2.81661e-05
   0.0350651   6.3944e-41
 3.23893e-49  7.94206e-06
 1.35098e-47     0.557259
 1.46143e-28  1.82012e-06
   0.0035796  2.61828e-41
  0.00773449  1.56993e-41
  0.00882044  1.80214e-41
 2.49434e-37  3.41504e-05
 5.75417e-25   0.00771758
 2.67724e-39  8.01482e-10
  1.6245e-72  4.39901e-10
   0.0706062  5.06932e-42
  0.00371352  1.28514e-41
  6.9417e-35  1.66835e-11
 1.98301e-10  1.77675e-39
 4.82782e-39  7.23636e-05
    0.689733  2.59453e-54
 2.85276e-36  1.14516e-07
 5.33034e-35  0.000854547
 6.30365e-10  5.64884e-39
    0.639029  4.39883e-41
 6.79252e-15  1.36002e-23
  1.0177e-13  9.09666e-43
 1.48372e-13  1.32691e-42
    0.132084  3.55849e-41
 1.61832e-52  2.00461e-05
 3.77981e-52  1.22788e-07
 4.17048e-48   3.0493e-06
     0.21576  1.30902e-40
 3.87083e-43  0.000658893
  3.6612e-08  4.99394e-36
 2.28508e-06  1.17021e-35
 1.97495e-52  4.14063e-06
  1.1539e-29      0.60779
 9.52133e-35   4.4706e-07
 8.93172e-08  1.21759e-35
 6.96139e-07  3.89558e-35
 3.59339e-28    5.319e-13
 3.80702e-10  1.29006e-37
 8.96689e-10  3.01446e-37
 1.85133e-23  3.08499e-11
 1.22962e-30  4.37803e-24
 2.16915e-35  1.74724e-09
 1.11725e-16  5.41241e-52
  3.1479e-06  1.84637e-43
 9.40839e-59  1.81785e-09
 3.72915e-28   0.00242446
 1.28433e-08  2.33132e-33
 1.78479e-06  4.62753e-43
 3.20982e-48  1.86911e-05
 5.80429e-09  5.19449e-33
 1.01558e-41  3.78548e-09
 3.92296e-16  1.25033e-33
 1.73882e-52  5.83738e-07
 3.72459e-41    0.0196617
 1.31842e-36  8.74989e-15
 1.42815e-56   7.7633e-10
 2.09217e-08  3.62184e-41
   2.317e-07  3.26328e-42
 7.68446e-70     0.999889
 6.90308e-08  1.18427e-41
 2.13689e-11  1.17771e-30
 1.67873e-34  1.08826e-10
 4.01047e-37  4.38198e-13
 6.14132e-12   2.9768e-47
 7.13355e-13   1.2509e-29
  1.0033e-08  4.86601e-44
 3.20091e-50     0.679263
 1.29932e-10  6.30024e-46
 4.04478e-12  6.42132e-30
 2.25783e-14   3.5306e-38
 1.87709e-13  1.15899e-28
 1.40687e-14  7.37842e-38
 7.65628e-58   3.9091e-17
 9.16633e-20   2.8593e-25
 1.07168e-35  7.09022e-14
 5.24437e-14  5.50734e-28
 1.56893e-13  2.86397e-29
 1.75446e-45   0.00883475
    0.013377    0.0294296
 4.48415e-57  2.62254e-14
 4.04552e-14  2.48729e-28
 2.38183e-10  3.57753e-39
 4.36616e-23  1.13109e-07
 6.04273e-19  2.58296e-23
 6.59504e-57  3.85453e-14
 5.76559e-56  1.61226e-10
 7.90022e-19  3.44215e-23
 5.47572e-10  8.25853e-39
 1.65937e-28  2.26885e-06
 3.37291e-19  1.24793e-26
 1.73445e-09  2.34237e-38
 6.22104e-27     0.561089
 1.25389e-56  6.12437e-11
  2.6805e-30  5.88229e-09
 1.90216e-12  2.46775e-32
 9.73168e-49  9.77073e-08
 2.02509e-23  1.89342e-25
  2.6851e-27  0.000583286
 9.69612e-33  3.29391e-12
 5.00092e-09  6.75911e-38
 7.22891e-36   1.6226e-05
 1.82355e-59  3.62164e-10
 6.07698e-39  6.20438e-10
 4.44382e-12  1.05675e-32
 4.16985e-21  1.79854e-06
 1.82915e-24  2.79817e-14
 1.63105e-10  2.90821e-34
 2.87725e-10  9.35989e-41
  6.0658e-50  9.71279e-07
 1.42421e-58     0.675573
 2.73603e-41  1.11357e-12
   3.905e-08   5.5604e-37
 3.67959e-37  8.36753e-17
 1.10105e-22     0.221687
 6.92872e-73  1.89017e-10
 3.69804e-10  1.27798e-34
 2.34116e-54  3.11043e-05
 1.69399e-45  3.07215e-09
 2.95846e-12  5.22985e-36
 1.15624e-07  1.31589e-37
 6.48307e-41     0.619017
 3.41075e-58  1.75561e-17
 6.55046e-12  2.67379e-36
 2.28074e-07  1.64609e-37
 1.40214e-11  4.74662e-37
 8.08408e-63   0.00173648
 1.94747e-24  5.78173e-09
 1.02491e-39  7.64034e-05
  7.9713e-10  2.59402e-40
 6.78925e-72  2.34815e-23
 5.40671e-14   0.00288257
  7.3238e-07  5.81823e-38
  2.3646e-43     0.655482
 2.89455e-11  2.13749e-37
 7.01554e-10  2.66138e-38
 2.53065e-31  3.21351e-06
   1.395e-07  2.38169e-44
 3.83657e-13  4.57131e-47
 2.12619e-40     0.687889
 1.07338e-52  2.57016e-12
 2.13836e-13  2.43036e-47
 3.22887e-07  9.86138e-45
  0.00020519  2.10053e-40
 4.16559e-65     0.551864
 6.15243e-34  3.38326e-08
 2.92349e-12  8.94111e-06
 2.44804e-45  8.47426e-06
 0.000597107  7.01795e-41
  1.7256e-39  1.66712e-07
 1.38375e-52     0.303589
 7.30403e-40  0.000181975
 6.38612e-07  3.64634e-41
 4.47051e-33     0.613086
 1.31339e-06  2.22471e-45
 1.09922e-49  7.17468e-07
  9.0697e-14  0.000132357
 1.42704e-06  1.63375e-41
 1.98295e-08  4.70269e-44
   0.0107578  3.95089e-42
  7.1062e-05  2.97642e-43
    0.029621   1.3847e-42
   0.0011007  1.27792e-46
   0.0267622  6.32814e-43
   0.0325171  3.80478e-45
       0.583  6.86668e-44
 2.93723e-30    0.0356569
 2.08157e-05  7.73001e-44
  0.00188368  2.16111e-46
 2.50179e-35  9.12677e-12
 9.21052e-28  4.55675e-11
 4.19951e-07  4.48664e-50
 1.08971e-30  2.98116e-21
    0.129907  1.67264e-44
 0.000468028  5.18444e-47
    0.551665  1.62715e-51
    0.171465  2.22646e-46
     0.12817  6.61822e-46
 1.42442e-40     0.205984
 8.39821e-49  1.00811e-10
    0.637722  1.46053e-46
 0.000152131  1.61734e-47
    0.152795  9.65247e-47
 1.26899e-57  8.81452e-08
   3.437e-27  3.38124e-05
 1.59111e-46  7.72027e-07
 7.61276e-55  8.63569e-06
 1.00337e-62    0.0052051
  0.00176676  2.06102e-48
 3.10631e-29  1.69018e-05
 3.58427e-28  7.66888e-05
 7.58989e-67  2.39591e-19
 8.07245e-25  1.23454e-14
 6.67396e-58  1.35614e-20
  0.00112919  3.75637e-49
 1.62088e-42   0.00485314
 0.000576996   1.8562e-49
 8.69305e-38  4.45776e-13
  0.00528367  3.59102e-48
 4.63265e-52  8.36179e-13
 3.51772e-08  2.61368e-51
  1.5199e-06  1.49804e-49
 3.65418e-05   1.2369e-50
  8.0326e-21   9.3372e-07
 2.20647e-27  5.64041e-12
 5.18884e-05  3.09383e-50
 2.11825e-64    0.0569101
 1.13329e-07  9.68582e-51
 1.87551e-41  2.79015e-13
  1.6402e-05  5.54852e-51
  2.1563e-54  2.10092e-13
  7.0416e-07   4.9075e-51
 2.47551e-43  0.000796806
 3.56319e-35  4.19701e-11
 1.39885e-60     0.297169
 5.10802e-08  3.08033e-53
 2.32398e-08  1.26163e-53
 9.55097e-22  2.36354e-17
 1.52843e-06  1.83852e-51
 7.51201e-22  1.01457e-05
 1.02709e-20  3.70499e-65
 5.31522e-40  1.46309e-09
 2.83249e-08  1.48889e-51
 1.89762e-07  4.37419e-55
 9.50445e-06  1.97691e-52
 9.12231e-30     0.558376
 5.60048e-42  1.95345e-11
  2.3622e-25   0.00319615
 4.07836e-21  9.05445e-65
 6.21488e-15  7.40242e-63
 1.38534e-14  2.08826e-62
 0.000417632   3.4101e-54
 8.12512e-31    0.0428425
 9.70241e-31   1.0943e-13
 1.83493e-55   0.00285732
 5.74241e-36  2.83595e-10
  4.6599e-46  5.59179e-10
 7.77682e-06  1.00564e-56
 8.73405e-35   5.5046e-06
  5.3943e-16  1.45707e-69
  0.00116712  8.26124e-55
 1.45633e-15  1.40023e-69
 1.83784e-05  3.35419e-57
 1.34118e-29  7.03673e-13
 2.28757e-39  0.000170524
 5.16779e-29   7.7419e-05
 1.82119e-41  2.05023e-12
  0.00552158  9.14309e-56
 2.77022e-24  7.12786e-09
 4.92421e-15  5.17589e-70
 2.71949e-05  8.45895e-59
 2.57386e-27  2.93889e-10
   0.0181611  1.30494e-56
  0.00102858  3.61962e-59
 0.000446416  2.18372e-59
    0.169325  5.42633e-58
   0.0907609  1.20831e-58
 5.17985e-05   4.4223e-60
    0.601256  7.43858e-58
 1.77413e-26  2.72645e-24
 7.82642e-43     0.690412
 3.37585e-51   0.00185008
  4.5664e-05  3.72791e-60
   0.0122174  4.58487e-58
   0.0133471  6.86854e-58
 1.18427e-25    0.0339492
    0.935542  1.19386e-55
 3.64702e-53  1.20541e-05
   0.0224615      2.5e-56
 8.84008e-36  2.91052e-05
   0.0105046  8.50066e-54
   0.0080716  1.92631e-53
    0.936091  2.11651e-55
 1.55221e-61  4.50214e-17
  0.00785632  7.03202e-56
 6.92103e-07  2.97439e-49
 7.61666e-44   0.00375216
 1.81703e-55  5.54264e-24
 1.86908e-41  6.49374e-10
 0.000101814  2.06684e-51
 2.51263e-23  7.05575e-08
 3.72193e-45    0.0668332
 4.60564e-05  4.76814e-51
 4.10228e-38  9.28473e-18
 1.08628e-44  5.01109e-06
 1.92724e-66  1.94717e-23
 0.000350779   3.5808e-48
 1.39986e-39  6.62945e-10
 4.54177e-31  9.47152e-09
   0.0271901  3.71327e-54
 1.54542e-06   6.5912e-49
 1.11457e-27  0.000101096
  3.2617e-60     0.690411
 1.84336e-16  2.55159e-14
  9.8253e-07  2.22033e-49
 4.88295e-07  4.41492e-49
 6.46709e-75     0.309552
 9.03794e-21  3.89424e-63
 1.50253e-07  2.14186e-48
 0.000994125  1.01481e-47
 9.66808e-08   6.4332e-48
 1.83002e-22   1.0456e-16
    0.690444   2.5081e-50
    0.309547  3.16242e-50
 7.04267e-06  1.07458e-45
 6.51579e-05  2.88798e-47
 4.70127e-26  1.19842e-10
 2.93458e-44  2.18789e-09
 3.57159e-22   0.00801913
    0.309479  1.23891e-47
 1.99569e-50   0.00054082
  1.9644e-06  4.78473e-45
 1.20671e-05  2.53882e-43
 7.94175e-07  1.08116e-44
 1.44181e-51   0.00591633
    0.690392  5.55613e-48
 1.01865e-55  1.11129e-26
 8.15342e-43   0.00256092
 1.49723e-44  4.10529e-11
 1.55893e-08  5.95561e-43
 1.53014e-27  4.31607e-16
 5.35038e-43    0.0232883
 7.04485e-45  5.98711e-10
 1.52124e-18   0.00407632
 5.48464e-50  4.08828e-15
 2.07063e-40     0.204219
 9.03718e-09  1.23696e-42
 3.14933e-65  2.36759e-13
 3.06648e-09  2.24709e-42
 7.68507e-06  1.80195e-47
  3.4465e-06   2.9387e-47
 8.83757e-10  1.73509e-42
 1.20878e-10  5.78248e-41
 6.08884e-11  1.22673e-40
 1.01137e-13  1.95628e-37
 1.19338e-10  8.40417e-43
 2.28228e-27  0.000534537
 4.07136e-44  1.08856e-10
 4.33172e-42  3.46481e-17
 9.22009e-22  2.38702e-06
 2.14091e-13  3.23685e-38
 4.06437e-61     0.086552
 5.04557e-11  5.04069e-43
 4.15423e-14  4.64377e-37
 4.48086e-61  2.44572e-20
 6.36192e-14  6.28732e-46
 6.09674e-17  3.10762e-34
 7.15042e-24  2.78617e-41
 9.08189e-13   9.9366e-42
 4.74438e-23  1.08899e-06
 3.67411e-37  1.02805e-11
 1.11305e-23  5.29244e-41
 3.10203e-32      0.17263
 3.84613e-16  3.42067e-36
 3.54236e-39  8.10216e-12
 7.94392e-26  3.69685e-43
  2.5826e-17  8.32636e-34
 1.58776e-44  1.69366e-05
 3.82778e-16  8.06402e-36
 1.28517e-14  2.01625e-39
 4.65954e-14  1.33043e-38
 2.88311e-20  8.09891e-05
 1.13274e-13  2.11631e-38
 3.13962e-40  5.02799e-06
 8.87831e-15  4.30596e-40
 1.90822e-52  0.000945707
 8.46239e-19  2.19164e-32
 5.72543e-13  4.30205e-39
 5.55554e-32  1.22429e-11
 7.31887e-15  1.53559e-40
 1.84035e-23  2.81499e-13
 1.86329e-41  1.38895e-06
 1.44022e-28  4.37745e-06
 1.42359e-11  3.31931e-41
  1.4458e-32  2.22041e-10
 4.00169e-35  7.61878e-14
 2.75658e-11  3.84121e-41
 2.91099e-47  7.45045e-16
 2.68272e-11  7.26597e-41
 1.43897e-45  0.000167791
 2.76285e-45    0.0251951
 4.71787e-11  3.57208e-41
 3.98519e-20  4.64815e-31
 2.53211e-21  3.36576e-06
 2.92916e-66  1.73766e-18
  8.1564e-10   4.0551e-41
 4.84007e-10  2.11687e-41
 2.20701e-30  1.04384e-20
 8.04772e-33    0.0124571
 1.54639e-09  6.77197e-41
 4.40565e-09  1.93383e-40
 1.36506e-08  5.20608e-33
 2.67915e-23  8.63321e-28
 2.93579e-08  1.15694e-32
 1.98714e-39  2.97887e-05
 1.20117e-23  1.92564e-27
 1.69864e-07  7.24642e-39
 6.44802e-57   0.00209432
  2.3674e-43   0.00224006
 2.35055e-27  9.71271e-24
  7.4255e-06  3.66055e-35
 4.50705e-26  2.79312e-05
 8.11738e-14  5.81191e-21
   4.399e-34  2.80007e-12
 4.82626e-27  4.24439e-24
 9.40824e-55  1.80582e-05
 1.97104e-63  0.000536347
 7.40348e-06   2.7101e-37
 3.03944e-06  1.11132e-37
 1.50127e-66  3.82655e-18
 2.15491e-05     0.567555
 3.56018e-08  1.29889e-39
 2.23377e-08  8.14191e-40
  9.5357e-08  3.48398e-39
 2.83351e-34  2.42727e-08
 1.95039e-39     2.43e-14
 6.18455e-27     0.615194
 1.90333e-42  1.41882e-07
 4.79797e-56  9.20004e-07
    0.626465  4.67936e-33
     0.21932  2.10061e-33
   0.0521245  5.78896e-32
   0.0744911   7.4805e-34
   0.0201658  1.51454e-31
 4.80075e-40  1.05187e-08
 3.15512e-55   0.00114452
 1.88631e-57  3.63446e-08
    0.686578  1.63903e-50
 8.21168e-74   2.8092e-15
 2.00656e-42  2.33155e-10
 5.16754e-64  1.23362e-15
 1.74974e-24    0.0662349
  0.00236392   1.1098e-30
    0.304417  3.41298e-50
 6.46592e-35   0.00865033
 1.85045e-44    0.0168739
 2.06511e-13  1.47859e-20
    0.689259  1.08285e-44
  0.00752403  1.31408e-48
 6.83728e-29  3.28627e-07
 1.03919e-41  3.13435e-12
 4.57517e-23     0.630102
 8.25375e-42  4.99518e-13
 6.40656e-44   0.00320667
    1.43e-44  8.65092e-06
     0.30822  2.29177e-44
 9.74076e-05     0.703112
   0.0129119   4.3924e-43
 2.15591e-44  2.25751e-06
  0.00208296  5.41995e-48
  5.3951e-54     0.560076
 4.75791e-05  2.01271e-50
 6.39377e-32   0.00407598
 0.000740929  1.48294e-47
 9.13893e-45  5.27955e-09
 1.45925e-12  1.61424e-43
 0.000139741  8.20225e-47
 3.64557e-07  2.80038e-39
 2.13034e-53  3.97251e-05
 4.55203e-69  7.05756e-15
 4.44687e-53   0.00762426
 3.52868e-09  8.35489e-47
 1.58203e-09  1.86354e-46
 1.63344e-07  3.46352e-39
 1.79618e-06  1.04523e-48
 7.01662e-11  1.45585e-35
 1.30922e-27  1.27257e-18
 2.39054e-49  2.36271e-09
  1.5625e-10  6.52446e-36
8.76818e-165 2.64992e-111
 7.10495e-19  1.17619e-27
 1.51232e-26    0.0302476
 1.00704e-16     0.282953
 1.63759e-11  6.00703e-53
 1.29091e-08  5.85137e-50
 2.12551e-45     0.165674
 9.22597e-09  2.81464e-50
 3.68578e-10  1.33982e-51
 2.84692e-13  2.94181e-44
 6.05071e-13  7.96902e-45
  5.1166e-13  6.81205e-45
 2.47473e-12  3.63913e-45
 1.45144e-22  3.69491e-07
 3.17169e-26  4.36814e-09
 1.50694e-35  5.92703e-08
 3.08216e-50  1.54198e-09
 1.65542e-12  5.50715e-50
 1.73762e-13  5.02366e-51
 1.17099e-36  2.64782e-16
 1.32767e-12  1.79396e-48
 1.23856e-27  0.000408681
 2.92453e-47  5.10059e-13
 1.21893e-32  2.68888e-12
  3.5164e-58     0.551665
 2.64831e-12   4.1374e-48
 6.79569e-09   1.0781e-42
1.57219e-105  6.46645e-42
 2.34238e-08  3.50209e-43
 1.24364e-35  6.07334e-07
 6.27123e-08  1.19071e-43
 1.29935e-52    0.0139525
 6.84848e-10   1.2886e-51
 2.40675e-10  1.61047e-38
  7.3247e-10  4.90705e-38
 1.17022e-41  1.67614e-09
 4.35084e-18  1.59699e-36
  5.1951e-06   3.5886e-41
 6.43109e-08   0.00169377
 5.65348e-26  5.07642e-08
 1.90035e-09  1.27896e-37
   0.0461978  4.76565e-48
 3.07411e-08  2.06414e-36
 2.16689e-54    2.302e-05
 6.92122e-45   7.2606e-06
 1.01554e-33  4.14633e-17
 7.23658e-08  4.87305e-36
    0.685023  6.58912e-47
 1.77963e-20    0.0003765
 1.66844e-32  1.83625e-16
 1.16818e-27  6.69677e-10
 3.49447e-58     0.268344
    0.299799   1.2681e-46
 3.78429e-26    0.0932658
 8.26633e-33  1.74846e-10
 8.31128e-44     0.262268
 2.46289e-06  1.66155e-34
   0.0309467  1.26777e-45
  9.2578e-36     0.690102
    0.309552  3.20195e-38
 7.10944e-06  4.10494e-42
 3.25747e-20  2.31833e-05
 8.47999e-06  5.72079e-34
 6.57402e-53   0.00606645
    0.690448  7.14405e-38
 2.13096e-06  1.43815e-34
 3.71746e-45   4.9146e-06
  0.00134767  9.09281e-32
 2.87432e-66  0.000772543
 1.76113e-09  2.13071e-35
 2.24563e-06  1.31127e-41
 3.67993e-09   4.7957e-35
 1.00049e-07  7.87896e-36
 3.93866e-23   0.00046056
 3.44096e-43     0.309501
  0.00424968  2.86728e-31
    0.309214  1.28362e-30
 1.27806e-59  2.51071e-10
 0.000120285  2.46068e-30
    0.690179  2.83185e-30
 0.000367621  7.53648e-30
 5.53687e-48   0.00155118
 1.05229e-07  4.40358e-33
 1.95653e-48  2.56091e-05
  0.00114767  2.35398e-29
 5.68462e-05  1.07968e-26
 7.64126e-42    0.0202738
 9.16089e-05  2.10486e-26
 2.96161e-32   0.00189047
 4.94988e-27     0.178886
 2.34742e-07  9.82352e-33
  0.00867623   1.7805e-28
    0.690484  4.56586e-34
 1.37059e-32     0.635643
    0.309633  2.23329e-34
 5.40832e-17  1.06382e-13
    0.132553  2.64755e-27
 0.000424322   2.6472e-36
 1.66262e-39  3.63584e-08
 2.42073e-42     0.118645
    0.268881  8.62348e-27
    0.677856  1.24026e-26
 8.50622e-52  5.26053e-08
 8.26596e-10  9.60405e-18
 1.07609e-42  6.03888e-16
 7.13277e-50   3.3635e-10
 1.63867e-66  8.41447e-11
     0.55171  1.52971e-31
 8.75638e-64  6.19006e-13
 3.14709e-55  0.000290181
 2.57977e-06  2.75474e-21
 5.64629e-49  2.45273e-06
 4.87062e-55   0.00107211
 1.42269e-05  5.53679e-22
 4.25405e-05  1.73748e-22
 3.06968e-10  2.58615e-17
 1.78828e-07  8.82035e-23
 1.96796e-34  1.20768e-05
  5.1189e-56  6.51324e-14
 7.87187e-08  4.03797e-23
  0.00164503  3.43285e-30
 2.78427e-39  6.31165e-19
 2.16791e-39  4.52252e-05
 2.16467e-08  1.08221e-23
  0.00372917  6.21979e-30
 1.16911e-41     0.575291
 4.40831e-41     0.124484
 7.53069e-45  1.34319e-05
 3.33882e-56  1.51603e-07
 3.03148e-05  5.80978e-28
 1.48541e-09  7.42103e-25
    0.306976   7.5773e-32
 5.67783e-25  2.14213e-05
 1.74936e-45  2.69867e-08
    0.688515  3.39707e-32
 7.28839e-55  1.48646e-05
 1.58141e-08  1.80299e-28
  3.4627e-06  6.57767e-29
 2.08545e-08  4.68367e-29
 1.58303e-08  2.42349e-29
 1.21185e-29   6.0527e-13
 9.53054e-20  6.86259e-05
 1.07286e-11  8.48573e-29
 1.19451e-37  1.56819e-06
 3.01756e-13  2.38509e-30
 8.41722e-13   6.6555e-30
 1.46072e-43   1.1572e-16
 1.76218e-09   3.1933e-32
 7.74561e-10  7.45851e-33
 1.26591e-45     0.636228
 3.83539e-64     0.659696
 9.38041e-10  1.05701e-32
 7.02234e-14   1.0777e-31
 2.81606e-14    8.146e-33
 1.58477e-47  3.26285e-06
 3.16821e-14  4.84036e-32
  6.0593e-14   3.6492e-33
 8.80213e-05  2.99711e-38
  0.00170233  6.72133e-39
 1.42386e-05  4.81032e-39
 7.97483e-06  2.67405e-39
 1.25604e-10  2.12048e-35
   0.0336624   4.1951e-40
 3.87929e-19  1.31034e-52
 2.38711e-34     0.580927
 6.45889e-23  4.37163e-11
   0.0785068  1.90377e-40
    0.560643  8.42525e-41
 4.74734e-10  7.48658e-35
 1.69498e-28    0.0117694
 9.76553e-26  2.84115e-11
 1.35847e-57  0.000409761
 1.67771e-07  4.85984e-37
 3.00795e-07  8.24056e-37
 2.48229e-07  1.65337e-36
 2.26057e-29  8.30672e-06
 0.000212618     0.340017
 7.41149e-09  1.16265e-33
 1.66943e-08  2.61918e-33
 6.66215e-17  2.54752e-14
 1.18126e-37  1.29968e-13
 2.79213e-33  0.000216299
 4.45019e-27  6.05446e-05
 7.05853e-34  1.94553e-11
 2.67711e-34   2.6144e-13
 6.80426e-06  4.81997e-35
 4.40935e-41     0.622044
 2.93206e-06   2.0746e-35
    0.309536   5.4051e-30
 3.42589e-34   0.00151421
 2.13444e-15  1.51024e-44
    0.690436  3.48839e-30
 1.30977e-52   0.00472403
 8.81131e-24  0.000286887
 3.72804e-59   2.4595e-19
 1.44095e-47  2.28701e-13
 2.06688e-34  9.46947e-18
 6.96416e-45      0.66448
  7.9847e-26  4.56106e-56
 0.000256278  8.36541e-27
 8.67107e-05   2.7652e-26
 5.50924e-48     0.690437
 6.61333e-12  1.25967e-41
 2.71318e-45  7.12924e-06
 1.43701e-39  1.24307e-06
 2.37331e-46  3.71094e-05
    0.689023     0.308037
 9.88169e-12  5.64744e-42
 2.74263e-30  1.96284e-24
 9.27655e-23  5.30192e-53
 2.82141e-05  7.72053e-26
 1.54099e-20  8.80726e-51
    0.555817  6.82136e-38
 1.56295e-38  5.31774e-07
   0.0482579  1.37351e-38
 8.33208e-70  1.60583e-15
 6.90693e-21  3.94686e-51
 7.60181e-35  6.74546e-18
 8.63157e-28   0.00800436
  0.00501954  7.38937e-38
 8.33444e-52  4.77121e-09
  0.00277476  1.64273e-37
 2.37377e-15  4.21852e-15
 1.96447e-43   0.00161636
 5.37651e-27  1.37233e-11
 1.47712e-12  1.34132e-18
 1.24709e-45    0.0341415
 6.70586e-13  6.01659e-19
 5.31435e-13  3.01867e-47
 3.77528e-08  1.06877e-32
 8.68874e-15  4.93532e-49
 1.50227e-14  8.53341e-49
 4.47062e-85  9.74711e-31
 1.86924e-59    0.0877815
 2.21214e-87  7.62823e-29
 1.24524e-15  4.03402e-25
 2.48828e-12  1.86367e-22
 9.96022e-22    0.0125757
  5.5631e-16  1.77809e-25
 1.38316e-10  2.74628e-42
 8.14691e-17   2.5182e-27
 1.23025e-50  0.000108128
 6.65212e-33    0.0195942
 6.74339e-26  2.19819e-06
 3.73971e-17  1.43589e-27
 5.55581e-12  8.34676e-23
 1.28528e-09  4.76673e-42
  0.00238278  8.92509e-55
  1.8729e-21  1.29914e-20
 2.00725e-11  7.38443e-44
 8.80114e-27     0.001913
 2.96473e-09  1.04301e-41
 6.26377e-07  2.17729e-39
 1.26905e-39  3.21473e-13
  0.00531551  3.98034e-55
 1.39889e-06  4.86128e-39
 1.35669e-47  0.000677247
 1.87866e-59    0.0887858
 6.29148e-41  2.98154e-11
 3.69057e-52  2.10898e-09
 3.63162e-12  1.33736e-44
 9.70341e-55  9.76575e-14
 3.59196e-30  2.64416e-21
 1.61685e-44   8.3912e-15
  9.6634e-44  2.94093e-12
 9.68267e-06  3.82865e-29
 4.77992e-40  0.000334299
 2.09527e-22  8.25658e-17
 1.95609e-28  1.82664e-07
 3.04257e-27     0.106476
  0.00326161  1.30858e-31
 4.35914e-46  5.94485e-06
  0.00899778  4.74648e-32
 0.000180903  6.28589e-37
 9.02668e-50   4.7707e-07
    0.551706  3.07805e-57
    0.307938  1.34902e-33
 2.70011e-27  4.29557e-07
 6.49869e-46  7.51456e-05
 4.75145e-16  9.46136e-15
 1.54092e-41  1.70823e-09
 6.07749e-12  2.24856e-19
 1.33793e-43  7.36605e-08
    0.689181  6.71949e-34
 3.20948e-11  3.57362e-44
 1.74382e-55  1.71093e-05
 4.50211e-07  5.01289e-40
 6.57114e-40  7.16077e-13
 4.34321e-29  4.09439e-17
  2.4684e-05  2.55824e-38
 1.31115e-56  6.83794e-22
 1.12629e-05  1.16545e-38
 3.80984e-32    0.0748763
 6.25693e-05  6.23463e-38
    0.551665  8.05881e-38
 2.10013e-10  2.05777e-55
 2.22762e-15  2.27396e-48
 2.44779e-08  2.52882e-41
 4.40936e-61  1.28651e-24
 3.84875e-45  5.57842e-06
 4.93471e-15  5.08246e-48
 7.76903e-58  5.17332e-08
 9.23031e-08  2.31608e-31
 1.44267e-15   3.0586e-50
 4.37049e-16   0.00641604
 4.39484e-12  4.53903e-45
 8.27981e-09  8.55388e-42
 1.53346e-10  2.74635e-47
  1.4993e-39   0.00189851
 2.98822e-10  9.51863e-47
 4.55634e-22  6.05643e-07
 2.64921e-45   0.00114726
  9.9596e-29  1.21547e-05
 3.19153e-12  3.29483e-45
 1.22817e-47      0.30954
 6.41819e-10  3.04668e-47
 2.53188e-45  6.90192e-12
 1.31075e-67  1.59277e-07
 1.04635e-28  2.34197e-08
 2.66664e-12  2.75272e-45
 6.36539e-09  4.10297e-48
 1.14522e-45  1.68917e-05
 1.40317e-51    0.0131659
 1.25891e-28  1.56539e-58
  7.4854e-28  4.37556e-58
 9.29294e-67  0.000250202
  1.6666e-13  1.71918e-46
  3.1399e-28  1.11767e-57
 2.25565e-23  5.17774e-07
 3.14082e-28  3.73452e-13
   0.0497377  2.99454e-49
   0.0928016  3.92855e-48
    0.104877  2.50565e-49
 2.80922e-55  0.000356009
 0.000726223  6.25011e-46
 4.94064e-57  9.54969e-08
    0.581219  6.50132e-49
 2.94986e-27  3.51441e-07
  0.00032448  1.40098e-45
 6.17728e-19  7.13359e-47
 1.28566e-50     0.230811
 9.34655e-49  6.75437e-06
 5.53248e-13  6.58893e-41
 2.05901e-12  2.45448e-40
 5.60253e-16  6.56382e-44
 2.32069e-22  2.21457e-14
  1.4709e-40  2.27048e-06
 2.89369e-75     0.690448
 6.50422e-39  4.08295e-08
 6.89553e-42  6.42901e-12
 3.87506e-15  4.57721e-43
 7.62036e-34   0.00278709
 1.63954e-15  1.92634e-43
 4.22353e-11  8.63491e-39
 2.27305e-26  5.76194e-11
 1.02745e-26    0.0672036
 3.47366e-36  2.29912e-14
 8.08089e-13  1.56237e-37
 4.52622e-13  3.64926e-05
 7.01908e-08  1.17684e-71
 2.16521e-12    4.302e-37
 3.31566e-08  8.67614e-72
  1.7738e-13  8.48977e-05
 1.87381e-17  6.10188e-42
 3.93371e-12  1.42447e-36
 8.40083e-18  2.73433e-42
 1.64823e-30     0.085221
 9.67832e-52    0.0725214
    0.551665  1.15043e-78
 2.72736e-21  6.25448e-05
 5.59129e-15  1.12669e-21
 4.21438e-42  2.40947e-09
 7.91933e-57   2.6588e-11
 1.62628e-16  8.80955e-10
 3.35307e-29  4.14576e-07
 1.55588e-52    0.0107913
 1.70146e-05  6.62954e-30
 1.20905e-41   9.4875e-09
  0.00745837  3.00605e-27
   0.0131193  5.12808e-27
 3.76548e-49  2.24866e-10
 4.08734e-47  3.95712e-17
  0.00087094  6.85639e-27
 6.61256e-26  7.72365e-11
 1.07743e-33  1.37862e-08
   0.0255476  1.12275e-26
 5.40549e-42    8.218e-11
 1.11196e-32     0.163028
 2.01181e-06  3.54702e-30
 5.68077e-56     0.552593
    0.553154  2.07509e-25
  0.00185694  2.45724e-26
 1.26776e-33  1.09647e-11
 2.66576e-40  7.62151e-10
 1.06097e-65  2.76325e-12
 9.80977e-08  6.50254e-29
 8.34372e-07  1.47106e-30
 3.89096e-24  6.44035e-10
 1.56505e-37   1.4514e-12
 4.49744e-35  0.000112155
 1.01198e-45  4.73727e-08
  3.7918e-43   0.00662801
 3.80895e-30  1.95055e-05
 6.70616e-36  1.99981e-05
   0.0087329  1.53973e-26
 2.29407e-35   2.9486e-10
  0.00604688  2.28546e-23
 2.07859e-56  2.62258e-10
 7.34413e-35  5.23816e-11
  0.00284931  2.11988e-23
 3.89027e-20  8.27175e-66
 0.000669191  1.74289e-22
 1.51671e-09  2.67369e-33
 1.49207e-10  2.62882e-34
 6.09439e-10  1.07412e-33
 1.31695e-30    0.0687207
 1.13077e-58  9.60636e-08
 5.47911e-14  9.63884e-38
 1.27254e-12  8.99586e-14
 2.20135e-06   6.4291e-20
 8.27723e-37  4.56309e-12
 1.05833e-49     0.188182
 9.97889e-46  5.62481e-06
  2.2106e-14  3.88202e-38
 3.46254e-35  7.82369e-15
 4.35037e-14  1.81336e-30
 1.91766e-14   7.9931e-31
 2.55452e-08  1.06489e-24
 6.90557e-21  3.07153e-39
 3.14376e-45  2.73133e-07
 9.24004e-30  3.40081e-06
 1.62596e-08  2.22218e-24
 2.06407e-52  3.74858e-13
 7.79367e-16   3.2419e-32
 2.77116e-10  9.65136e-29
 3.04911e-21  1.35345e-39
 3.93919e-17  1.63814e-33
 4.92499e-06  5.13175e-27
 1.65838e-17  6.89627e-34
 1.31446e-49     0.551695
 3.07786e-18  1.27897e-34
 2.51919e-05  1.86931e-28
 1.80482e-07  4.41608e-31
 1.33219e-39     0.672862
 1.10964e-07  1.98234e-31
  0.00979828  3.22703e-30
 1.15018e-20  4.77901e-37
    0.011945  1.44571e-30
 9.72934e-40  3.95021e-11
    0.562968  5.43478e-32
 3.62583e-44  1.75586e-14
 4.68569e-24  1.37279e-06
 1.97732e-55  0.000795341
 9.54799e-24  3.78524e-40
 7.61849e-09  1.15351e-36
  4.0478e-52  1.35889e-06
 9.55499e-24  3.58039e-40
 3.17397e-37  7.20508e-17
 7.54154e-34  3.27673e-53
 1.85718e-49  3.92891e-10
 2.23552e-55   4.2902e-06
 5.97371e-30  0.000140496
   0.0789264  7.61955e-33
 2.57944e-10  2.88432e-38
 2.15057e-10  8.46008e-39
 9.74984e-46  1.83109e-06
   7.741e-60     0.551667
 2.16172e-28     0.034181
 1.56453e-10  9.39505e-39
  2.1709e-21  5.52622e-06
 3.33481e-34  7.36579e-14
 1.73549e-14   0.00170268
 8.86915e-14  2.54497e-44
 1.83147e-73  6.26584e-15
 2.22056e-52  0.000549774
 2.17706e-43  0.000353826
 3.19755e-51   0.00891758
 2.59794e-16  3.94993e-10
 9.61661e-29  0.000318398
   1.769e-29  1.72582e-57
 1.42586e-41  7.61915e-12
  3.9457e-29  7.71133e-58
 2.81784e-41   1.3363e-11
  2.1437e-43   1.4916e-11
 2.00197e-12  1.39613e-45
 2.42977e-38  0.000266856
7.05009e-106  2.90117e-42
 5.73284e-31  0.000594953
 3.30328e-70     0.999941
 9.33159e-13  6.23409e-46
    0.309485  2.92229e-48
    0.690398  1.85326e-48
  1.6182e-32     0.552648
 5.78207e-06  4.64909e-52
 1.23134e-05  2.06075e-52
 3.76224e-05   1.5621e-52
 2.50679e-16  1.74188e-34
 1.12388e-16  3.88522e-34
 2.18967e-11  2.11307e-58
 8.87547e-12  8.35067e-59
 4.28342e-35   0.00172888
 2.65642e-12  1.77812e-59
 1.16398e-40    0.0405935
  1.4409e-12  1.05758e-59
 4.26127e-17  2.50709e-62
 2.98599e-14  2.16918e-61
  1.0679e-63  2.26347e-15
  7.6766e-32  1.15013e-09
 1.40834e-35  1.04718e-09
 7.33747e-46  1.37936e-06
 2.08757e-17  1.12511e-62
  4.4205e-42   7.0948e-80
 5.58456e-16  4.26516e-63
 2.53833e-16  2.79451e-63
 4.44582e-43  0.000714232
 5.77336e-22  4.56225e-39
  4.6291e-26    0.0373165
 9.88563e-42  1.62847e-79
 1.28773e-21  9.44364e-39
 6.12797e-46  1.39279e-05
 4.70081e-46     0.689931
 1.07171e-25  2.73146e-10
 1.97397e-66  5.47399e-19
 9.29652e-54     0.152104
 7.34639e-21  4.44094e-59
 5.39573e-32  4.73985e-15
 9.32857e-41  2.04354e-09
 9.18472e-40     0.284611
 3.32849e-21  9.42872e-59
 2.42516e-40   4.1088e-78
 1.97794e-25   1.6907e-54
 2.82573e-20   1.1945e-44
 1.26687e-20  5.35209e-45
 8.86902e-26  7.55527e-55
 4.68103e-14  1.98289e-38
 4.08784e-42  1.02394e-11
 1.87235e-26  1.63625e-22
 5.87802e-42  5.18641e-06
 2.19179e-33  1.83749e-62
 1.24567e-33  1.03715e-62
 1.25739e-34  1.03082e-63
 1.52254e-35  1.17761e-64
 2.28235e-18    0.0063213
 2.10585e-10  1.58703e-40
 1.55988e-35  1.12102e-64
 1.44504e-42   0.00236586
 2.36226e-64   0.00171984
 4.77583e-10  1.00165e-40
 1.18627e-46    1.233e-12
 2.20271e-11  1.85814e-39
 1.01313e-45     0.308863
 3.10774e-31  6.27255e-71
 1.00976e-17     0.212179
 0.000101919  4.68258e-46
  5.9426e-12  6.84779e-39
 0.000230735  2.05874e-46
 5.34636e-33  8.56866e-11
  6.9319e-31  2.65223e-71
 2.56329e-16  1.86876e-58
 1.08896e-08  4.20371e-45
 5.82215e-31  1.50022e-08
 2.15848e-20   5.6606e-05
 5.99594e-30  3.14794e-13
 1.76805e-56  0.000275312
 1.66291e-35  4.22652e-05
 1.86775e-16  8.23955e-59
 9.89255e-31  2.32835e-20
 2.20084e-50    3.972e-09
 9.07916e-24   9.2463e-26
 3.95329e-47  0.000211018
    0.018039  2.10588e-48
 1.37131e-38  2.38059e-16
 5.06007e-12  7.57045e-42
 4.50196e-09   1.0649e-44
 4.60561e-27  6.19925e-05
  3.1456e-40   4.7383e-06
 9.56654e-10  4.23055e-44
 4.33499e-40     0.683617
    0.554928  6.79347e-50
  1.0101e-27  1.49867e-12
   0.0032896  3.70047e-52
 7.95406e-27   6.0816e-24
 9.98641e-38  2.83025e-10
   0.0100297  1.17317e-51
   0.0412619  4.86987e-51
 3.23972e-25  2.51144e-09
 6.96082e-45   2.4902e-18
   0.0176316  2.00242e-51
  0.00289976   3.1268e-52
 2.26619e-05  2.43423e-54
 2.46716e-14  0.000968968
 2.62062e-34  1.56492e-07
 0.000979815  1.02843e-52
 1.94986e-26  9.38167e-10
 7.71656e-18  4.05518e-20
 5.03529e-06   2.8108e-20
   2.067e-35     0.309088
 2.78221e-28  0.000349437
  8.4298e-05  7.59642e-54
  0.00342991  5.76847e-56
 0.000187237    1.681e-53
  0.00455741  1.07398e-54
   8.772e-32    0.0593331
 5.72231e-18  1.16992e-36
 9.54495e-48  1.75078e-08
    0.202621  2.27708e-53
    0.618073  9.84313e-54
 1.29573e-10  1.61991e-59
 1.31664e-17  5.08466e-37
  0.00220301  3.06556e-51
 2.03623e-25  6.85842e-16
  0.00167975  1.41846e-51
 3.36773e-08  2.85737e-56
 3.13315e-15  1.73232e-39
 3.11117e-57  6.18041e-08
 2.07509e-25     0.689518
 1.76835e-55    0.0335371
 7.46283e-08  6.36463e-56
  2.0497e-48  1.35654e-06
 1.08039e-56  2.22351e-11
 3.44104e-30     0.561845
 2.32754e-41  1.80945e-12
 1.11281e-38  2.45739e-07
 1.79243e-11  3.48353e-43
 5.93408e-43  6.61321e-09
 6.43483e-12   9.6852e-43
 3.41471e-27  7.11031e-16
 8.67112e-13  1.69423e-44
 4.04102e-13  7.89952e-45
   1.321e-30  8.10327e-21
 2.04649e-21  1.12908e-48
 6.48228e-19  3.56544e-46
 3.94122e-40  4.38675e-08
 5.75811e-17  4.25707e-48
 3.19987e-14  1.46433e-48
 1.14422e-16  2.74274e-48
 1.05884e-12  5.12902e-50
 1.04061e-12  2.01429e-50
 6.40114e-53  6.77267e-06
 2.88061e-50     0.551718
 3.16486e-53   0.00322272
 3.90311e-37  6.10899e-13
 3.04678e-38    5.118e-16
 8.91487e-08   0.00234789
 9.24413e-35  4.24552e-18
 9.17933e-12  6.82613e-51
 2.62971e-11  4.95403e-51
 4.81481e-43  2.70749e-16
 8.24939e-16  8.98847e-52
 9.64815e-64     0.272953
 2.90897e-10  3.39748e-50
 1.13678e-27   1.5497e-05
  7.0433e-10  8.24458e-50
 3.02376e-20  4.53207e-48
 4.53705e-46  1.05664e-07
 8.29712e-56  1.60741e-06
 5.08781e-09  5.94217e-49
 1.40526e-32     0.205551
 8.09359e-43  5.07644e-15
  8.2166e-19  3.84592e-47
 2.78464e-55  3.46999e-06
 4.72281e-24  1.33875e-08
 1.11499e-25  9.28733e-17
 8.28639e-47  4.53934e-20
 4.03693e-41  8.84293e-10
  2.9619e-48   0.00550202
 3.43368e-30     0.164378
 1.83606e-18  3.21703e-47
 1.11433e-36  7.73571e-15
 9.44301e-26  6.60389e-10
 4.67257e-38  1.21278e-07
 1.15555e-48  6.90932e-05
 1.07166e-49  2.15281e-09
  3.6882e-06  4.31277e-46
 3.08403e-45  6.70274e-17
 4.52931e-55   1.7337e-05
    0.242389  5.22927e-52
 3.12813e-22  1.51084e-43
    0.656019  1.41166e-51
 1.09387e-05  1.27861e-45
     1.01065  8.33149e-50
     1.00404  1.85896e-49
 7.39017e-67  1.91818e-10
 2.68974e-31    0.0390106
 7.12355e-07  8.86552e-56
 2.41502e-39  4.95621e-07
 8.46421e-59  1.15208e-19
 3.71537e-05  4.35272e-45
  1.2174e-06   1.9748e-55
  8.5364e-11   1.8144e-39
 1.71797e-20  6.82749e-21
 2.76846e-14  0.000645845
 2.11362e-11  1.19975e-38
 1.86137e-11  2.66609e-38
 4.39355e-10  6.71755e-40
 4.48158e-14  1.83314e-28
 1.08646e-09  2.92971e-40
 1.05877e-13  4.33022e-28
 6.00003e-15  1.95573e-26
 2.06909e-51   1.2077e-08
 5.61696e-48  1.29644e-05
 1.01945e-26  0.000136674
 7.78123e-08  4.63858e-33
 1.34398e-08  3.60452e-41
 5.92075e-13  2.03456e-28
 4.76141e-15  4.18599e-52
 1.24755e-65  1.10689e-13
 3.64959e-63  0.000124836
 1.59902e-06  1.93697e-39
 5.29587e-35     0.128908
 5.98277e-23    0.0019458
 1.32924e-50  7.75672e-08
 4.80258e-40  4.13396e-11
 1.98919e-06  4.00999e-39
 1.04506e-20  7.21416e-06
 1.54259e-31     0.237978
 1.30926e-05     5.19e-40
 1.33738e-25   1.7156e-08
  0.00255618  4.48919e-40
 3.40859e-26  1.31766e-06
 1.31574e-44   9.8112e-10
 1.61035e-06  7.28452e-35
 1.65819e-30   0.00244821
  1.1505e-06  1.01159e-43
  2.2198e-35  9.03651e-16
  0.00600082  1.04785e-39
  3.7984e-33  3.32376e-12
 5.18219e-10   2.3442e-38
 0.000136461  8.64653e-37
  0.00193977  6.07805e-38
 3.99861e-68  7.12824e-08
    0.552111  2.12619e-40
 4.55747e-06   2.8824e-38
 1.35379e-67  3.94038e-19
 2.10683e-06  1.32871e-38
 5.13484e-31    0.0838407
  1.3469e-19  0.000378352
 1.96708e-08  7.57494e-48
 2.63055e-41  2.92474e-09
 8.82026e-09  3.39663e-48
   0.0146168  5.62898e-42