 4.58979e-12 3.05453e-229
1.60822e-117  1.57731e-84
 2.33123e-10 3.58519e-221
   0.0801972 1.69007e-129
 8.47128e-17 1.44391e-256
  7.0167e-10  2.60419e-90
  0.00867988 3.90194e-158
2.16687e-209  1.81254e-36
   0.0696242 8.69363e-148
    0.032464 1.65041e-157
    0.738977 1.59393e-119
           0 2.67678e-107
 5.16883e-08  2.42722e-75
           0  3.48937e-42
8.34959e-170  1.70449e-26
1.37821e-147     0.118924
    0.757799  3.6425e-127
    0.445485 5.11873e-134
3.19906e-318    0.0170388
 1.15172e-14  4.81183e-56
    0.570608 5.67898e-142
9.44863e-204  2.19927e-10
 1.96807e-05            0
 5.06689e-14 1.47424e-273
3.11309e-214  4.97732e-37
9.45365e-243  6.42725e-98
 4.44529e-98  8.91459e-12
   0.0174455 4.69803e-105
   0.0867109 3.80663e-120
 8.61278e-06 1.35712e-181
           0  1.34185e-61
 5.37697e-16   5.8462e-45
 4.70162e-05 1.29918e-166
 1.52913e-06 1.34648e-211
3.70301e-121  1.74798e-15
6.59867e-255  2.01722e-15
1.14615e-315  1.11534e-30
 4.42379e-62     0.551665
 0.000230197  3.1099e-113
           0  8.05956e-32
 1.28703e-09  4.81023e-82
 5.90417e-05 2.22033e-215
2.04343e-247  1.62019e-14
 2.9311e-249   9.5873e-08
    0.446067     0.551696
           0  7.44815e-30
           0  8.70076e-94
 0.000986145 1.21617e-149
9.69773e-135  4.48068e-32
 7.04358e-82 6.64525e-154
  0.00680539 1.23755e-202
6.72889e-157  1.05519e-09
 2.28326e-38 5.49908e-106
     0.16069 2.29774e-168
 1.17728e-17  9.04025e-74
  1.5811e-28   7.7038e-46
           0  2.90845e-13
           0     0.213761
2.50431e-228  6.38223e-07
1.77064e-208  1.37881e-65
    0.105897 1.44682e-319
           0  5.84713e-90
 1.07465e-13  4.69041e-92
 3.29649e-11  1.80418e-99
1.24938e-195  8.92097e-31
           0  8.99249e-10
           0     0.551665
           0     0.439328
           0     0.444093
4.07582e-264  2.94603e-11
           0  2.62534e-33
3.78888e-211  2.97702e-90
    0.551665 2.03985e-176
    0.551665            0
  0.00887345            0
 2.83054e-77     0.551665
 2.05825e-11   8.1481e-68
7.51363e-157  1.33641e-09
2.79677e-285  1.29279e-20
 2.33571e-14  2.28325e-57
           0  3.55651e-12
 2.09491e-98  3.68773e-09
5.03814e-319  4.99493e-07
           0  9.74789e-29
5.85577e-202  4.10996e-07
    0.277305            0
 0.000494703   2.7561e-89
           0  3.89172e-35
 3.15659e-15  4.09213e-53
 7.1483e-180  0.000316273
 2.58356e-65   4.4733e-14
   0.0400992            0
  0.00136982            0
 4.26957e-05 9.75112e-199
1.18966e-245  1.04518e-17
 5.88685e-06 2.73651e-197
 1.61621e-11 7.67342e-262
    0.551665  3.1531e-126
  0.00790613  2.67806e-88
 7.46503e-61  6.77731e-41
 8.04793e-34            0
8.86774e-310  3.86308e-60
    0.032256 4.94114e-164
 4.35309e-11 6.65241e-269
9.74561e-228  1.65315e-26
1.41109e-306  1.15082e-12
   0.0839627 4.68118e-151
 4.40421e-41  1.30633e-56
           0  1.40637e-55
8.81737e-242  6.03962e-22
2.94019e-199  6.10853e-20
 1.01027e-44  6.96094e-68
9.45796e-153    0.0761635
 3.09084e-05 2.36214e-182
           0  2.28339e-54
6.44071e-211  6.23489e-14
 0.000101784 2.37517e-145
  1.5762e-13 6.09057e-229
 2.17228e-06 3.70589e-171
 2.90327e-17 1.53342e-123
           0  1.79259e-15
           0  1.28512e-61
5.61369e-269  0.000437948
 1.53486e-09 6.75526e-164
 8.56961e-31 8.79181e-121
    0.448327            0
    0.551665            0
 1.62405e-15 4.27673e-218
2.19753e-274  6.04139e-39
  0.00127605 1.96239e-294
2.05258e-301  2.47013e-12
 0.000119626 4.07553e-279
   0.0870129 2.12448e-322
7.77738e-285  5.66325e-37
 9.39072e-84 3.68478e-117
 1.87658e-36 4.95897e-188
 2.27581e-41 1.25193e-191
  4.2087e-41 2.90561e-203
 6.70568e-26 3.62158e-242
           0     0.551665
    0.292529            0
    0.551665            0
4.05185e-139 1.04189e-130
 1.33906e-32 1.06754e-253
  3.507e-286 1.86785e-118
3.16319e-267  5.14873e-14
           0  7.74108e-34
 2.42658e-05 6.63059e-318
1.23806e-130  0.000613822
           0    0.0268397
2.69265e-181  7.28899e-46
 7.47996e-77     0.320751
  1.0536e-37            0
 4.32051e-10 5.53753e-317
1.97164e-194  9.36081e-88
 9.54342e-11            0
6.38028e-136  2.73647e-67
 6.57803e-06            0
 1.29597e-28 1.16232e-277
 4.78122e-08            0
 4.92395e-27 1.87379e-264
5.27537e-144  7.20632e-50
   0.0164429            0
2.27977e-121 6.19088e-139
1.49021e-200   1.2297e-36
 7.09273e-75  1.21516e-21
 2.94655e-16            0
 6.26188e-19  8.4687e-283
6.55207e-285     0.107144
           0  1.51262e-22
1.69249e-134  4.85757e-43
 6.38613e-12            0
           0  9.13317e-11
           0  9.81531e-45
 1.54833e-10            0
1.59899e-123  1.06185e-40
 2.10296e-13            0
 5.24689e-18            0
3.96028e-186 1.66766e-124
2.49441e-312     0.551665
           0  1.04516e-76
 9.53112e-06            0
2.27201e-297  6.74087e-81
7.79222e-110  2.79734e-08
 4.31054e-13            0
 1.06344e-07            0
8.85625e-163     0.551665
 1.69894e-15            0
           0     0.551665
 5.35498e-09            0
 3.63568e-22            0
   0.0508373            0
           0  1.70949e-67
 9.29735e-09            0
           0     0.340782
 1.70129e-07            0
    0.551665  2.2533e-294
  2.1524e-70 2.45894e-124
           0  7.44885e-84
   0.0024083 4.17949e-240
   0.0660536 8.62105e-253
  0.00143014 2.96445e-236
 3.00224e-10 2.69334e-192
 2.30612e-33            0
3.58721e-145  3.91557e-19
 6.59719e-32            0
           0  3.52836e-63
1.57142e-309     0.551665
2.53486e-258  1.55306e-63
 1.15543e-45            0
1.57622e-218  6.02469e-10
           0  2.61737e-07
1.21379e-295  4.19444e-13
 1.23601e-18            0
 4.97886e-07 7.67624e-266
2.10425e-283     0.448335
2.00981e-255  0.000174325
 1.36835e-09 2.74017e-226
1.86551e-192  3.43624e-25
           0  4.14397e-06
           0  1.45566e-77
 2.52377e-29 2.03818e-135
1.26723e-166   1.3547e-06
           0  1.16194e-07
 1.18385e-22            0
  9.7852e-15 6.12002e-230
 7.52425e-60  9.34603e-84
  1.9227e-63  8.54488e-09
           0  5.53026e-42
           0  2.97539e-14
  3.4266e-16 1.20119e-205
  1.7927e-20 5.06442e-164
1.57052e-296    0.0670093
3.79858e-170    0.0990688
 9.9591e-192  5.70676e-08
 8.89022e-11  3.5422e-278
           0  1.72771e-30
 4.96748e-08 1.06365e-245
2.46042e-211  1.96397e-47
7.55045e-177  1.33278e-40
 7.89308e-09 6.73815e-292
 3.94591e-09 1.90352e-183
2.62362e-164       0.4367
 5.0028e-248  2.37049e-56
           0  1.69932e-11
7.51697e-222  1.37278e-06
1.22584e-155  1.04969e-87
 3.86168e-05 5.03865e-211
1.24257e-190  9.67342e-22
  0.00343819 2.08921e-226
8.89321e-136  6.35699e-36
 1.2716e-235  2.87939e-13
 9.65312e-06 1.60783e-306
2.35652e-290  1.03279e-21
  0.00568198            0
 1.53143e-14            0
 1.93375e-18 7.47829e-125
 2.10627e-15            0
 2.70957e-17 1.13671e-127
    0.551665  1.3074e-239
 2.81006e-11            0
   0.0479157 2.29784e-298
    0.551665            0
 1.24877e-49 1.27614e-102
    0.444293            0
8.20471e-162   1.4725e-30
           0  7.31069e-77
3.91434e-203  9.64493e-10
    0.290243            0
 2.15789e-77 2.89418e-201
           0  7.73013e-65
  0.00552601            0
 1.75299e-19 1.13638e-138
    0.551665            0
           0  2.12596e-22
           0   0.00873094
 1.47799e-38  1.19347e-38
7.12293e-316  7.51817e-61
1.07055e-131   0.00362409
6.96936e-192  1.00364e-14
4.39531e-291  5.61461e-09
1.55621e-194  1.99001e-20
   0.0137895 5.08751e-291
 2.11589e-06 3.59052e-242
           0  7.87883e-59
    0.219037            0
5.78826e-276    0.0769351
    0.447411            0
           0  4.49017e-60
           0  1.53255e-09
  0.00541551            0
 6.4918e-216  2.90144e-22
6.20276e-181     0.551665
           0  5.66641e-19
 1.04922e-06 3.07226e-294
 0.000352005            0
 5.11429e-05            0
           0  4.36091e-05
4.35462e-209     0.010137
           0  1.49473e-34
           0  3.72118e-78
    0.108914            0
 2.89033e-07            0
2.23164e-274  5.38866e-45
 7.63074e-43  4.9892e-205
           0  2.52667e-07
    0.551665            0
           0  3.73202e-30
1.03314e-250   0.00012987
  5.1424e-31 3.63277e-263
    0.551665            0
 6.67919e-40 2.39761e-168
 8.34749e-84 1.12183e-188
 2.45858e-81 4.35914e-196
    0.128785            0
           0  2.90339e-05
           0  1.80421e-14
           0  1.49125e-06
    0.290432            0
           0   2.3237e-09
 3.11298e-34 8.94972e-250
  7.1898e-08            0
           0  1.10392e-10
1.41703e-284     0.551665
4.06285e-278  2.53948e-16
 1.45041e-29 9.09342e-257
 7.49422e-18 1.16669e-283
  6.0918e-96  1.34668e-68
 2.08513e-67 5.70482e-180
  1.2954e-55 1.71995e-198
6.04345e-137 1.16737e-140
 4.92754e-48  9.97336e-30
1.06651e-261  1.43816e-26
 1.65714e-37            0
 7.91984e-12            0
9.99807e-253   7.9821e-31
 2.32648e-90  4.06404e-10
 5.85085e-32  9.9333e-237
 1.05283e-11            0
           0  2.78015e-06
 1.46338e-37 7.00431e-222
           0  2.95827e-40
8.90521e-131  4.55462e-98
           0  1.48662e-51
           0   0.00206564
           0  8.08171e-74
           0  7.22203e-39
 8.94429e-20 3.26663e-295
 2.40153e-17            0
           0     0.999915
 1.35244e-20 3.55727e-322
 4.01116e-63 7.64541e-168
1.04286e-237  1.05348e-34
3.04794e-225  9.45739e-56
 1.34316e-18            0
1.94673e-106 1.28759e-112
 4.32384e-29            0
2.47351e-223     0.551665
 9.65011e-21            0
  9.0785e-93 2.38837e-130
 1.25229e-52 1.75764e-221
  4.392e-129  8.28696e-94
 7.59253e-66 5.41091e-197
           0  4.77515e-30
1.09114e-213  8.43428e-39
           0  1.27868e-47
1.10227e-155  6.44082e-76
1.34064e-120 1.82884e-112
           0  2.86157e-15
  0.00045997    0.0424141
           0  1.85578e-62
9.63111e-151  6.23381e-85
  1.9504e-69 2.64155e-244
2.59559e-154  1.39443e-20
1.08757e-194   9.3702e-43
           0   5.7643e-70
           0  2.18926e-50
1.05761e-183  1.11649e-46
 5.63884e-81 3.19233e-240
3.50411e-237  9.59159e-21
  1.5172e-62 3.47662e-181
 1.62456e-73 1.16327e-297
2.81476e-103     0.551666
           0  8.38073e-36
7.32438e-247  1.02419e-14
2.27292e-108 1.01101e-116
           0  3.08545e-24
   2.479e-77  1.06616e-69
2.13119e-167  6.46373e-15
 6.1641e-270  1.38486e-61
 9.76555e-66  2.8472e-269
           0  1.11026e-06
           0  4.76201e-52
           0  1.56406e-36
 9.36233e-87   7.641e-142
1.45928e-109   9.0755e-21
1.70143e-163  3.71929e-48
 2.46189e-69 3.36466e-182
 2.23793e-61            0
           0  1.37071e-20
           0     0.551665
6.44169e-310  7.21677e-75
 3.81771e-51 6.48269e-250
           0  3.13313e-65
2.12417e-155     0.323539
           0  2.03188e-57
 4.59163e-54 3.00166e-200
           0  2.95355e-15
           0  7.30755e-68
 4.04674e-83 8.93484e-115
 7.48337e-40 2.97054e-284
 1.3074e-239     0.551665
8.80885e-304  4.36692e-40
 1.65869e-68 2.98522e-131
 1.56203e-34 2.68078e-255
 8.69246e-44 2.17395e-180
           0  8.14604e-08
5.34087e-136  5.19179e-28
           0  1.37569e-10
  1.9829e-31            0
           0  5.26161e-54
 7.05897e-47   0.00323796
  3.2324e-25 7.83992e-287
           0     0.551665
 3.01964e-40 1.12062e-172
 5.88333e-55 7.46063e-131
7.19307e-316  1.87729e-20
 1.47069e-41            0
 9.80495e-43  4.53498e-61
           0     0.551665
 2.29999e-56  6.42986e-80
 8.18837e-40   6.5059e-48
 8.88142e-40            0
 8.33216e-10 1.44216e-290
1.35841e-281     0.551665
1.10117e-181   1.4579e-09
 1.57122e-30  1.30285e-07
1.76716e-246   4.6029e-31
 1.18925e-10 6.81605e-248
           0  1.59789e-28
           0     0.442565
           0  6.78404e-08
 9.48462e-29  1.4653e-125
           0     0.551665
  1.3127e-28            0
1.02209e-127   2.3478e-39
  3.7605e-41  1.23767e-09
 4.40516e-29 1.15945e-151
 3.44517e-08  1.70993e-81
  0.00018025 2.98041e-260
 2.18465e-11 1.49394e-201
   0.0327654 3.68713e-277
  2.6675e-12            0
    0.030151 2.88809e-267
   0.0556005            0
    0.551665 1.32334e-316
1.60102e-201    0.0401513
  8.6972e-08 1.31876e-198
 2.72182e-10            0
1.67845e-225  9.77292e-58
1.08362e-134  8.90263e-44
 1.01437e-42            0
1.30236e-159  7.87034e-77
    0.213669 1.10553e-305
 5.69483e-19            0
    0.551665 5.56411e-112
    0.222704 1.85584e-276
     0.11889 2.17886e-300
2.62861e-236     0.275937
2.28556e-301  5.64126e-52
    0.551665 3.78092e-284
 8.60636e-25            0
    0.213505 5.86214e-306
1.72729e-284  8.66428e-31
1.77526e-233  1.63225e-09
           0  4.86657e-27
2.62449e-250  7.10255e-29
2.55927e-290  8.83671e-05
 3.38256e-07            0
2.35727e-305  3.22203e-08
6.08506e-158  8.67319e-26
           0 2.73236e-106
5.68886e-141  1.22206e-48
           0  2.60051e-81
  0.00093716 3.75015e-272
           0  3.89209e-05
 6.75895e-05 2.74439e-263
           0   1.7271e-63
 6.20575e-05            0
           0   9.1225e-67
 1.52702e-90            0
 1.65684e-45            0
  5.3659e-10 9.02596e-242
 7.08291e-41  2.41214e-61
           0  1.25941e-65
  2.9856e-09 2.29285e-274
           0  2.04163e-06
 1.34781e-73            0
9.41627e-115  5.13134e-26
 5.82101e-16 4.61538e-229
           0  3.29407e-55
  9.7377e-50            0
           0  8.12544e-19
6.22046e-306  2.80159e-96
           0     0.430394
 7.45627e-22            0
 6.70443e-26            0
 3.50015e-88  1.11621e-53
 4.77872e-47            0
 4.60505e-67  6.95246e-26
 2.42204e-41  2.53144e-77
 1.6757e-164  1.27177e-32
 5.50592e-52            0
 1.73442e-31 5.39545e-255
 1.03155e-31            0
3.21689e-249     0.551665
           0  6.21477e-32
1.27925e-240  9.52598e-07
 1.82906e-65  1.38005e-64
 1.74804e-54 9.72459e-156
 1.09566e-46 4.27607e-172
 3.83262e-19            0
           0     0.025504
3.74798e-143  6.56649e-45
           0   0.00439959
9.48722e-288  4.59558e-62
           0  1.30614e-77
 2.48759e-23 3.11804e-286
           0  1.06733e-07
 5.25214e-55 8.08768e-104
 3.22314e-13            0
  3.7208e-42 3.61407e-118
 1.52116e-18  1.9815e-269
7.74401e-243  1.59333e-52
           0  0.000197492
3.37744e-106   4.7642e-28
           0  1.89328e-78
 1.55251e-07            0
7.90782e-210  5.91879e-31
 8.90193e-31  1.7784e-127
 6.55316e-12  9.0162e-226
1.94216e-262 1.27485e-118
  0.00120347            0
 8.38883e-08 2.09586e-306
 3.44328e-08 5.13614e-276
    0.242679            0
   0.0828347            0
 3.34843e-05 7.28994e-202
    0.551665            0
1.34337e-177 4.48249e-170
           0     0.551665
3.88254e-282   0.00335344
 2.39876e-05 8.81279e-198
  0.00637314            0
   0.0117183            0
  9.2272e-74    0.0357084
    0.961684 5.40204e-269
           0  1.10566e-06
   0.0322929            0
5.87071e-125  2.74298e-05
  0.00739966            0
  0.00364452            0
    0.961684 8.70536e-291
           0  1.58775e-70
 2.40488e-07            0
 8.38199e-16            0
           0   0.00652219
           0 1.62501e-180
           0  1.16944e-09
  3.8127e-06            0
3.82413e-118  3.83215e-14
 2.3085e-232    0.0821374
 4.84181e-09            0
           0 1.40519e-138
           0  1.20761e-17
           0  3.01959e-33
 6.58821e-12 4.78605e-232
           0  4.74839e-18
2.30568e-158  3.81156e-25
   0.0290464 1.83883e-296
 8.63617e-23            0
2.55471e-235  1.67139e-12
           0     0.551665
1.37637e-111   5.7287e-43
 3.49405e-14            0
 1.56843e-14            0
           0     0.448335
 2.02366e-92            0
 7.89277e-17            0
 6.47604e-16 3.66913e-183
 2.70016e-13 8.85366e-321
 1.86305e-98  1.79108e-42
    0.551665            0
     0.44833            0
 9.59379e-06            0
 2.72753e-10            0
1.09448e-313  3.22521e-34
           0  2.81144e-16
3.69881e-130  4.98823e-06
    0.448261 5.05672e-182
2.09715e-133  1.60016e-10
 2.56252e-07            0
 1.62772e-12 5.33159e-107
 2.02679e-09            0
1.62957e-280   0.00314963
    0.551665 3.64083e-191
 5.1794e-274  3.10564e-90
           0   2.5557e-09
           0  1.78848e-37
 1.96403e-10 8.23422e-287
 4.01523e-80  2.95594e-87
           0  1.29352e-11
           0  9.72756e-56
 7.51676e-94   0.00180206
           0  6.45321e-68
 6.7842e-277     0.291728
 1.71934e-09 1.95611e-277
           0  3.99241e-51
 5.98978e-13            0
  8.8908e-06 1.02591e-128
 4.72069e-12 1.52824e-106
 5.50183e-22            0
 3.34559e-21            0
 8.92084e-24            0
 1.08026e-23 4.57876e-295
 6.86464e-33            0
 1.27313e-49  1.04194e-09
           0  3.37445e-40
1.54056e-285  2.39853e-44
1.09274e-155  9.63665e-22
  5.2821e-34            0
           0     0.125313
 1.81707e-41            0
 1.76016e-29 4.47778e-272
   1.65e-303  5.81585e-89
 2.87141e-61            0
 7.62664e-27  7.5541e-200
 2.06074e-40 7.50642e-124
 1.01175e-56            0
1.23557e-152  1.43409e-10
           0  1.90168e-54
 3.15611e-48 1.10302e-136
           0      0.24318
 3.24897e-66            0
           0  5.83732e-55
 4.23852e-71  1.6819e-102
 4.09762e-56 2.36072e-233
           0  9.59824e-46
 1.35149e-71 3.15238e-311
 8.63566e-89            0
 3.83713e-92            0
 2.51922e-64  4.91353e-16
 1.73859e-90            0
           0  4.22967e-26
 1.07653e-74            0
           0   0.00100113
 1.13119e-94  7.0523e-222
 2.83191e-77            0
3.19953e-262  4.24621e-68
 3.37217e-59            0
9.88541e-174  6.82187e-51
           0  1.99167e-06
1.06663e-183  9.57103e-35
 7.30286e-59            0
3.68672e-264  8.59099e-15
1.51519e-255  5.56672e-83
   2.433e-55            0
9.13967e-208  6.77937e-36
 2.49455e-54            0
5.89489e-232  1.73189e-16
8.68367e-216   0.00638369
 3.87779e-50            0
 1.24033e-88 3.16334e-257
 2.02959e-63  3.12528e-46
           0  2.29733e-77
 4.33554e-36            0
 3.18212e-49            0
 1.01645e-72   2.2258e-91
1.02218e-212  3.70715e-08
 1.50379e-37            0
 2.72902e-28            0
 4.94648e-24            0
 4.14631e-57 4.74608e-231
  3.5897e-19            0
           0   6.7555e-13
 2.39294e-49 8.85111e-204
 7.80828e-17            0
           0   0.00115454
3.58242e-200   0.00361085
 7.85579e-59 4.79133e-138
 1.17854e-05            0
3.48475e-223  2.68205e-06
 9.41794e-36 5.63638e-307
           0  1.21519e-57
  6.5605e-33 2.54014e-150
3.27504e-183  3.10521e-05
           0  2.34821e-13
 6.79257e-06            0
 5.60192e-10            0
           0  3.12153e-43
 6.89792e-06     0.551688
  9.0512e-19            0
 2.16623e-14 1.62374e-316
 7.22113e-14            0
 9.1726e-227   1.0546e-15
           0 4.09906e-112
2.45701e-157     0.551666
           0  4.80072e-27
2.26561e-238  1.16416e-09
    0.551665            0
    0.316962            0
   0.0684046            0
   0.0230099            0
 0.000241996            0
           0  2.28505e-31
4.72125e-156   0.00186147
           0  3.60148e-30
    0.551665 2.47351e-223
           0   6.9068e-48
           0  2.29168e-13
           0  7.23716e-31
2.34239e-165     0.094705
 1.28032e-10            0
    0.443158 3.83407e-202
           0    0.0140623
5.69044e-217   0.00671204
 8.59433e-47 4.57747e-197
    0.551665            0
  0.00107952 2.69267e-242
1.32308e-181  3.19494e-59
           0  3.59726e-32
8.86208e-171     0.551665
3.24249e-138  2.25379e-28
           0   0.00266872
4.60628e-158  2.62072e-08
    0.446403            0
 1.08788e-10     0.551674
 0.000302754            0
           0  1.91115e-21
 2.29262e-09 3.92057e-254
5.56411e-112     0.551665
 6.18513e-13 2.54522e-183
           0  0.000174173
 7.88765e-08 6.37968e-274
           0  2.08362e-50
 1.27024e-64   4.9726e-69
 1.66523e-08 7.94775e-310
 9.50503e-22            0
           0  5.24881e-05
           0  1.39508e-98
           0  1.15862e-05
 5.65855e-43 6.02184e-122
 3.52103e-61  6.78235e-89
 1.16764e-24            0
 5.37446e-25 8.32415e-255
 8.14277e-56 6.74846e-244
 2.1658e-176  3.20656e-66
4.42303e-271  6.65637e-47
 1.11207e-47 3.87786e-275
           0 1.67241e-155
 6.71832e-84 7.64837e-132
1.27348e-166    0.0129707
 2.96135e-69     0.421627
 6.52048e-73 4.30514e-141
 6.59722e-46 3.87879e-292
2.67025e-292     0.193783
  7.3657e-55 8.18572e-253
 2.77839e-68 1.44681e-196
 9.17081e-65 1.64443e-316
 1.07978e-66            0
 3.35956e-67  1.4319e-301
 1.99442e-56 1.97626e-322
1.84446e-194  3.52757e-14
 4.2284e-213  4.15746e-94
 4.1784e-298  2.28536e-29
           0  4.18868e-40
 1.10663e-42 8.17115e-186
 2.30025e-49 5.01408e-143
           0  4.27481e-98
 7.13861e-30 5.22366e-232
 2.60191e-50  8.39369e-11
           0  1.06755e-31
1.45153e-306  3.92957e-88
3.64083e-191     0.551665
 3.45663e-25 5.43852e-247
 2.00663e-31            0
           0  7.48175e-42
 7.03183e-23            0
           0  2.08653e-17
 2.50646e-16 2.74592e-319
1.85445e-146  7.01938e-05
 1.02425e-13 1.08531e-214
 7.50877e-39 3.40083e-246
 4.80125e-29 5.25168e-269
           0  1.88064e-48
 7.26254e-31 9.33392e-143
 8.83071e-11 2.74746e-124
 1.94786e-18   0.00113093
3.13505e-150  2.84413e-75
  2.8423e-24 1.83673e-270
   0.0656841            0
 5.54914e-22 4.71969e-198
6.11542e-242  2.79953e-23
           0  4.42982e-53
 2.90504e-62  2.17237e-58
 4.15951e-30 3.21301e-230
    0.551665            0
1.45248e-103  2.71447e-07
8.69004e-190  1.61836e-81
3.82543e-269  2.49026e-97
           0     0.397115
    0.433709            0
9.75305e-151      0.11505
3.33139e-203  1.65554e-24
           0     0.393571
 1.06468e-17 1.27845e-273
  0.00964234            0
           0     0.551665
    0.448335  2.54536e-90
 4.02249e-15 2.13656e-312
  2.2939e-92  5.18256e-15
 4.72567e-27 9.13461e-239
1.19278e-187  2.54235e-08
    0.551665 2.81476e-103
 1.39534e-21 1.46194e-294
5.83288e-137  4.52014e-13
 3.44258e-10 3.98594e-181
           0  7.49727e-08
 3.93246e-18            0
 7.86976e-39            0
 1.56836e-25            0
 2.59178e-33            0
1.46717e-131  2.47615e-12
           0     0.448267
 0.000324898 1.03271e-171
    0.447949 2.00064e-130
9.61898e-293    9.009e-52
 1.16979e-18            0
    0.551665 2.99112e-129
 1.40128e-17            0
1.23001e-296   0.00276119
 4.42968e-25  1.4445e-269
           0  4.56863e-13
 2.76383e-18            0
 2.25625e-05  1.4185e-177
           0    0.0293606
 9.56425e-05 3.48503e-165
           0  1.21247e-05
1.30583e-148     0.237468
 1.20618e-19 3.20482e-314
 2.12974e-06            0
    0.551666            0
           0     0.551665
    0.448452            0
8.15017e-118  4.46649e-49
    0.171066            0
 1.55133e-05            0
           0  7.91304e-24
           0     0.198932
    0.384964            0
    0.551677            0
           0  4.01543e-25
 1.06751e-27  6.4861e-231
5.97792e-161  1.93046e-56
           0  3.17512e-51
           0  4.28525e-21
    0.551678            0
7.44203e-314  6.61659e-23
5.83543e-267  0.000223932
 8.29478e-19            0
3.76819e-129   4.9411e-35
           0  1.28273e-05
 2.53667e-09            0
 4.96608e-05            0
  2.8455e-38 5.10413e-194
 3.00534e-24            0
 2.8959e-305  1.72703e-05
           0  4.62445e-42
 3.42919e-29            0
 8.63497e-08            0
           0 3.54597e-103
           0  6.85564e-11
 3.69026e-30            0
 3.57802e-05            0
           0     0.551665
3.30339e-266     0.108773
           0  5.63665e-24
 3.8006e-319  8.95609e-11
 1.15522e-11            0
 5.27522e-49            0
      0.4458            0
2.35274e-226  8.84181e-12
           0   1.0276e-53
    0.551665            0
           0  1.54421e-22
 3.12902e-27            0
 2.37117e-09            0
 8.80278e-28            0
 2.59059e-28            0
2.32251e-124  2.64903e-66
 3.07377e-88  2.16201e-08
 3.26615e-46 7.90186e-257
1.40393e-301    1.051e-21
 5.98211e-60  2.9459e-169
 2.84684e-42 1.67114e-195
           0  2.97983e-45
 3.60107e-14            0
 6.85028e-34 4.47752e-303
2.58303e-264     0.668336
           0     0.551665
 1.54061e-26 5.10059e-263
 3.79446e-22 9.15266e-203
 1.14159e-41 1.97793e-126
           0  2.48597e-17
 2.04696e-16  3.1263e-182
 2.38856e-38 7.05674e-112
 2.67099e-27 4.40046e-317
  4.3444e-13 1.61914e-261
 2.12016e-29            0
 1.78615e-26 1.28061e-316
 7.39003e-16 3.20402e-103
 8.67951e-06 4.48252e-230
 1.20084e-68            0
  2.488e-257     0.551665
1.49016e-130   2.215e-139
    0.114354 8.67235e-200
    0.551665 1.43116e-158
  1.2322e-14  2.04243e-80
           0  0.000207202
3.15405e-173 8.32933e-139
           0  3.46611e-07
   9.888e-15 3.32735e-250
 1.00492e-11 7.20751e-232
  2.8235e-10 5.66337e-245
 1.22739e-50  1.60521e-18
 3.35636e-07     0.492593
 2.94295e-12   3.7832e-81
 2.39201e-08  5.36578e-97
8.01205e-102  7.09605e-71
3.64625e-141 3.96279e-120
           0  1.26763e-07
4.19871e-246  1.82884e-12
7.38743e-246  1.22403e-43
1.23681e-194 2.24426e-113
 6.71082e-06  9.3664e-253
8.38029e-241     0.551665
 1.72965e-08 7.25653e-278
    0.448319 2.79473e-180
2.91239e-222  0.000329195
 7.22446e-38            0
    0.551665 2.59937e-192
           0   0.00856218
1.05889e-187  3.06822e-15
           0  4.22367e-58
           0  1.62682e-45
           0  1.12833e-89
1.51526e-269     0.668336
2.55427e-149            0
 0.000127332 2.29287e-129
 1.57887e-18  8.86863e-88
           0     0.551665
 2.87815e-12 6.37799e-279
 1.4895e-283  2.61412e-40
           0  2.58987e-16
           0  3.63634e-15
    0.551665     0.446074
 4.57246e-19 1.57388e-300
 3.97225e-30  3.45024e-29
3.53593e-112            0
 7.44766e-19  3.12082e-73
 1.80357e-50            0
    0.551665 3.07664e-173
           0  6.51471e-07
   0.0860526 2.07384e-221
           0 4.17409e-128
 9.90083e-82            0
           0  9.70333e-77
2.37456e-290  0.000260793
  6.8954e-08 1.17505e-252
           0  1.74143e-55
 7.47091e-09 2.53641e-252
 1.25324e-36  1.01474e-31
           0  5.62675e-05
           0  2.98288e-54
 3.04316e-31   4.3008e-72
9.63102e-238    0.0273326
 5.29273e-28    3.371e-83
 8.85729e-39            0
 5.01879e-09 3.07959e-194
 2.17401e-69            0
 1.13312e-64            0
           0  7.95475e-81
           0    0.0972002
           0  5.54214e-54
 5.89522e-31 2.21098e-128
 5.19446e-56   2.4345e-77
1.22839e-124  6.73554e-05
  3.4844e-40 5.34767e-132
 2.45604e-50 2.92061e-310
 3.28335e-45 1.49443e-165
 6.7945e-177  1.53731e-14
4.47867e-203    0.0332535
5.89813e-220  2.17444e-28
 7.68839e-43 5.61239e-168
 8.65953e-52  2.01976e-84
 2.03185e-57            0
 1.53516e-30            0
1.60714e-147  2.99178e-27
  2.4127e-70            0
6.94125e-160  2.33942e-07
 5.68633e-40            0
 5.56528e-24 1.92837e-276
           0  1.51127e-35
  0.00769864            0
 4.18908e-16  4.9657e-275
6.34344e-293  1.25595e-10
           0     0.099254
           0   1.1393e-30
           0  1.00908e-63
  4.9735e-46            0
           0  1.59843e-53
1.48606e-170  2.05116e-97
           0  4.09168e-77
           0 1.22228e-100
  1.0925e-09 1.90392e-114
           0  1.32076e-07
4.55913e-102  3.58014e-43
5.95441e-225  6.59251e-16
3.46737e-139    0.0966929
 3.77164e-09 2.23208e-171
           0  1.37145e-44
  0.00146571 2.92287e-209
 7.31767e-05 4.99993e-301
1.05156e-104  2.49248e-51
    0.551665            0
    0.446528 4.06056e-252
6.69405e-288  2.44541e-25
5.29986e-277    1.425e-14
 1.42536e-93  1.49336e-39
           0  3.51518e-24
 8.42583e-57 3.23247e-187
           0  9.77228e-08
    0.551665 2.83063e-259
 7.82544e-43            0
           0  1.50297e-05
 1.84208e-14            0
           0  2.08306e-30
1.32918e-235  1.26904e-66
 1.99032e-05            0
2.91542e-310 1.43077e-106
 4.49013e-09            0
2.04378e-303   0.00850304
 8.68664e-05 4.17367e-315
    0.551665 5.04528e-202
 3.80662e-10            0
 9.14928e-48            0
 2.41514e-21            0
           0  3.88548e-67
2.16351e-140  2.43709e-14
  3.2322e-71            0
 3.9121e-278  3.89035e-34
 1.64491e-07 3.72612e-145
 1.73759e-59            0
 1.58137e-48   0.00908727
 5.35756e-63            0
 9.51597e-43            0
 2.03888e-13            0
8.14672e-233   0.00145564
 2.33061e-24            0
 1.13502e-89  1.06777e-59
           0  1.11122e-06
1.97568e-186  2.84387e-30
  5.4655e-68            0
           0     0.448319
 5.95634e-21            0
           0  4.96604e-30
           0   5.8501e-17
1.27037e-220   8.3482e-67
 1.74712e-49            0
 1.77272e-18            0
2.69928e-289  2.98578e-25
3.71834e-183  5.28631e-06
2.54992e-141            0
9.66437e-107            0
           0  2.80512e-26
 2.22145e-38            0
9.78141e-120            0
1.49669e-138  1.22018e-14
2.08061e-266  1.58756e-37
  0.00408788 1.08694e-322
     0.15354            0
       0.144 3.07999e-311
           0  1.27502e-09
 2.10217e-05            0
4.79629e-300  2.25396e-15
    0.551665            0
1.36103e-294  2.80405e-27
 9.87172e-09            0
 6.60186e-78            0
7.47167e-195     0.332924
           0  2.67089e-41
 2.89094e-62            0
 3.43422e-36            0
  8.4543e-86            0
4.21973e-129  3.38602e-73
           0   2.0277e-09
           0     0.551665
1.52154e-304   8.9732e-33
           0  8.58917e-60
 1.74895e-92            0
4.87545e-213  0.000579626
 1.40788e-86            0
 1.75431e-19            0
 9.4548e-217 6.40613e-133
 3.67468e-95     0.105872
           0  4.89073e-60
 8.26111e-45            0
 1.57134e-42  2.38261e-14
 1.00288e-07            0
  2.7356e-43            0
 3.05902e-09            0
 7.63816e-44   5.0192e-11
 1.48951e-70            0
  3.8214e-35            0
 3.31149e-81            0
3.57616e-250     0.101401
           0    0.0689268
    0.551665            0
3.37318e-127  6.66121e-10
 3.22557e-67  2.1932e-110
           0  3.43177e-29
           0  2.65603e-48
1.97862e-111  5.12994e-19
1.33828e-175  1.75216e-48
1.01189e-180  6.94476e-08
 2.47839e-06 2.03053e-300
           0  6.98774e-26
 7.17373e-05 2.11427e-217
   0.0146894 1.47353e-226
7.22125e-304  4.94656e-35
           0  3.69016e-29
 3.82916e-11 5.70134e-151
3.90123e-229  3.63326e-20
           0  1.17412e-26
   0.0432462  1.1115e-189
           0  5.93536e-15
           0     0.245869
 4.54776e-15            0
3.78654e-309     0.551665
    0.551665 9.85951e-220
 6.58304e-06  1.6863e-148
2.55603e-239  9.69775e-45
1.59112e-162  2.31109e-38
           0   4.1916e-52
 5.40921e-33 1.05843e-130
 2.95103e-32            0
3.84891e-142 1.22253e-112
1.00761e-256  3.59042e-43
1.93546e-150  9.62864e-05
7.84571e-228   5.1967e-25
           0  3.33647e-23
5.83794e-276  6.37515e-08
6.17853e-126  1.76071e-06
   0.0157841 1.80128e-262
           0   2.3654e-22
  0.00864857 1.54674e-189
           0  2.58825e-45
2.26861e-253   6.2005e-35
 0.000425245  8.5306e-194
 6.63621e-20  1.63722e-97
 1.81073e-07 2.33806e-160
 1.60984e-40            0
 2.76286e-68            0
  8.2934e-55            0
1.23257e-260    0.0565512
           0  1.60705e-15
3.98581e-118            0
 4.38384e-65  3.79064e-41
 1.41431e-36  2.31785e-96
9.00988e-307  4.53727e-69
5.91986e-208      0.26949
           0  1.76817e-25
9.75474e-138            0
           0  8.28073e-79
 1.85278e-36 7.49718e-228
 9.56682e-49  1.3355e-269
 2.83598e-37 5.46457e-152
5.67882e-108            0
           0  1.13345e-57
 5.05622e-55  8.85575e-31
 2.25792e-26 3.97734e-116
           0  1.44277e-67
 8.88399e-55 1.60278e-284
 9.99984e-33 3.28912e-131
1.79381e-166            0
  1.0464e-65            0
 5.24429e-13   5.141e-170
 7.24853e-63            0
           0     0.551665
  2.8414e-78            0
 4.47484e-05  8.77201e-88
 7.22307e-17 1.99709e-237
9.59522e-184     0.551665
 9.01477e-18  2.6631e-250
  0.00790423 2.23355e-183
 3.70372e-66            0
   0.0134248 3.93016e-199
           0  1.56669e-51
    0.551665 1.32805e-154
           0  3.96604e-69
3.68308e-197  1.69203e-13
           0  3.50395e-07
 8.58852e-90            0
 2.19979e-17 1.77659e-283
           0  2.56226e-35
 2.29484e-63            0
           0  6.49532e-74
1.55357e-142            0
           0  3.28544e-43
1.02351e-165  2.62364e-13
           0  2.55491e-05
    0.140197 1.28959e-168
 2.74539e-17 6.97527e-296
 4.06187e-13 1.36205e-267
           0  6.64246e-24
           0     0.551665
2.31361e-304    0.0471603
 5.76784e-11 2.32503e-305
1.81838e-152  6.44857e-23
           0 5.04443e-118
 1.74107e-65   0.00122067
 8.98772e-19            0
           0   5.6602e-67
           0  0.000155018
           0  3.57061e-16
2.53737e-257    0.0026507
 2.27007e-92  1.94349e-30
 2.92169e-95  0.000459912
1.26448e-117            0
           0  4.55529e-48
 1.37205e-86            0
           0  1.29649e-41
5.09522e-177  3.62859e-33
 1.74309e-20            0
           0  0.000463855
           0  2.90162e-45
2.14598e-169  3.92589e-05
           0     0.999915
 1.85336e-26            0
    0.448271 6.41604e-257
    0.551665 1.34751e-294
           0     0.551665
 4.74492e-07            0
 1.33717e-06            0
 4.98392e-05            0
 1.65151e-22 2.59004e-182
 1.02348e-32 1.10193e-165
 4.20506e-23            0
 7.28944e-28            0
 1.3283e-253   0.00224154
 6.14733e-24            0
1.67234e-225    0.0398782
 3.03584e-30            0
 8.63005e-21            0
 6.24485e-50            0
           0  1.46646e-30
2.41972e-268    8.105e-16
2.19611e-273  5.71932e-26
           0  1.54686e-24
 3.45779e-32            0
5.19662e-154            0
 6.01837e-61            0
 4.43876e-66            0
           0  1.54178e-10
 9.48938e-83 9.79355e-221
 1.53728e-75    0.0192981
 3.3219e-187            0
2.98102e-104  1.4395e-219
           0  7.28721e-20
           0     0.551665
 2.5635e-272  1.45717e-39
           0  9.92074e-90
6.11949e-292     0.257208
2.00889e-104            0
8.82442e-127 3.38037e-101
           0  7.28953e-41
9.61143e-171     0.420143
5.00131e-113            0
2.58856e-192            0
2.27141e-113            0
1.02465e-114            0
5.97264e-122            0
7.57435e-124            0
6.45088e-147 7.57848e-308
           0  6.66667e-48
9.36866e-123  6.25317e-40
 1.8564e-299  1.36786e-24
 2.4743e-124            0
4.03402e-113            0
1.03626e-115            0
1.99695e-126            0
  3.5592e-92   0.00432923
 3.74981e-89 1.16928e-318
 5.43379e-92            0
           0  5.88722e-10
           0  1.11357e-20
 2.55271e-68            0
           0  8.86285e-61
 7.85763e-81 2.14234e-264
           0     0.447662
5.94624e-109            0
 1.05222e-86     0.306648
 1.07752e-32            0
 8.18496e-81 1.18788e-213
 3.00999e-18            0
4.57298e-270  1.47808e-17
 5.63206e-98            0
 2.81791e-23            0
 2.32326e-22 1.01009e-296
2.30953e-238  8.02338e-11
 2.0424e-119  2.86875e-10
2.38413e-261   1.3895e-67
           0  4.70771e-17
1.30929e-144  5.56132e-07
 1.45212e-30            0
 1.42118e-82  1.66635e-73
           0  3.47701e-15
 5.86643e-94  8.53734e-86
           0  5.15247e-08
   0.0325027            0
           0  8.40514e-45
 3.69381e-96 1.22529e-123
 4.44086e-23 2.98616e-247
9.22941e-226  1.38313e-07
           0  6.66087e-15
 3.79445e-48 3.37963e-182
           0     0.551665
    0.551665            0
3.57606e-105  7.03606e-58
 1.11096e-06            0
2.11425e-235 2.75234e-121
4.39827e-278  1.70032e-60
   0.0133636            0
   0.0614857            0
5.15492e-145  1.92647e-38
3.77189e-125   1.1003e-62
 0.000307893            0
 5.79312e-09            0
 2.98474e-10 4.97307e-318
 5.92337e-51  1.10788e-08
3.70394e-249  4.65457e-22
 2.50933e-12            0
2.33366e-190  9.65013e-46
 4.25637e-88 8.45596e-115
  1.9695e-21  2.4932e-126
           0     0.447888
 7.4815e-217   4.1803e-12
 4.05876e-25 8.19998e-260
  0.00554917            0
 1.91156e-31 9.82362e-266
 8.17338e-16            0
           0    0.0309165
1.03562e-103  2.34388e-99
4.04208e-249  1.17454e-23
    0.327638            0
    0.551665            0
 1.78753e-10            0
  2.6403e-84 4.64694e-140
  0.00025877            0
 2.9557e-274  2.71437e-73
  0.00112018            0
 2.78891e-10            0
 2.25801e-51 8.53336e-202
7.89252e-164  1.60948e-44
1.32805e-154     0.551665
3.69027e-300    0.0353657
 6.01389e-14            0
           0  3.83885e-10
           0  1.23961e-41
1.59393e-119     0.551665
           0  1.22497e-35
           0   5.4821e-17
 7.78074e-28 2.09079e-302
5.41156e-228  1.85656e-42
 1.29828e-41 1.94773e-259
 5.14923e-64  4.42947e-69
 2.79649e-34            0
 2.59904e-40            0
5.32885e-191   2.3444e-68
2.57198e-138  1.05509e-98
 3.23929e-97  2.0219e-165
           0  7.46402e-29
 1.30308e-81 4.42467e-224
 7.77661e-69            0
4.91872e-103 3.45672e-209
 1.45029e-80 1.48045e-286
 4.33938e-77 2.18386e-266
           0  6.75812e-09
1.42471e-184     0.551665
           0  7.38125e-11
7.62415e-256  3.73285e-42
           0  5.22732e-43
 4.11297e-12   0.00279981
           0  1.55651e-78
  8.3614e-61 6.08344e-302
 4.91603e-49            0
2.77384e-196  8.90249e-57
 4.90285e-72 6.41386e-208
           0     0.395788
 4.19889e-38 1.02004e-318
2.53131e-272  1.44829e-21
 3.11366e-30            0
 3.39963e-95 2.87884e-136
7.90333e-292  3.08169e-08
 7.8806e-140  4.98596e-18
 2.54821e-17            0
           0     0.295122
6.82207e-159  3.57462e-61
 5.39914e-67 4.65781e-174
8.18872e-241  4.66259e-34
3.40083e-122  4.30118e-21
2.99574e-290 1.21932e-101
4.47584e-170 8.58683e-108
           0  9.54459e-45
 1.8282e-243   0.00972262
1.45553e-301     0.253739
 3.20477e-56 3.22098e-190
1.04272e-296  2.17196e-38
7.02899e-161  8.95128e-33
4.59868e-126  2.36049e-19
           0  4.21705e-10
3.32218e-295  1.08613e-58
 3.05285e-15  7.6074e-308
2.14865e-166  3.36898e-34
           0  1.12117e-06
    0.369484            0
 5.77836e-77  2.3521e-144
    0.566304            0
 1.88848e-08 1.54735e-316
     1.01387            0
    0.999277            0
           0  4.92731e-25
           0   0.00621985
 2.53708e-07            0
           0   5.4782e-12
           0  2.99896e-64
 3.41669e-05            0
  8.9388e-07            0
 3.87535e-31 1.39998e-293
6.39879e-149  4.6629e-133
 1.49992e-51  4.28411e-05
 6.55222e-41 4.98822e-303
 2.48129e-45 1.79824e-311
 4.60474e-37            0
 5.79863e-96 1.20275e-247
 1.43144e-51            0
3.48164e-109 3.45561e-254
3.46117e-128 6.12552e-221
           0  1.39235e-25
           0  1.10934e-15
1.29195e-209  0.000170013
 1.37699e-07 2.37854e-110
 3.04314e-56            0
 7.66708e-85 6.28793e-289
 5.53821e-62            0
           0  1.79519e-52
           0  1.50159e-65
 5.82905e-40            0
1.70453e-321     0.221901
4.41801e-171  5.37722e-09
           0  3.00502e-17
1.67878e-205  4.25886e-89
 2.10688e-36            0
3.51668e-107  1.73188e-22
7.20439e-192     0.368566
 3.24772e-24            0
7.60052e-183   9.8948e-90
 9.12817e-13            0
2.84241e-260  4.39254e-23
           0  2.59608e-13
 6.24924e-41            0
5.03929e-188  0.000264718
 1.04277e-06            0
2.29522e-179 5.89538e-121
  0.00884732            0
6.42808e-234  2.09799e-48
 7.33571e-77 2.15326e-206
 8.66295e-20 1.55345e-318
  0.00334315            0
           0  2.58543e-40
    0.551665            0
 2.22595e-25  9.0867e-277
           0  2.66149e-65
 9.69277e-23 3.76199e-279
1.47654e-110     0.121429
  6.6288e-57  6.94296e-08
 2.84575e-08            0
           0  1.07945e-21
 1.58284e-12            0
   0.0264744            0