 6.79388e-08  7.52751e-62
 2.22436e-34   1.5506e-17
 1.43626e-07  1.90801e-60
   0.0569148  7.24051e-44
 1.55646e-08    4.594e-64
 1.43346e-06  1.72203e-39
    0.039627  9.12305e-49
 2.78459e-39  6.08119e-09
   0.0797188  1.46155e-47
   0.0535336  2.29418e-49
    0.708168  7.77907e-46
 4.08009e-68  9.16107e-19
  5.2673e-07  1.02888e-38
 1.35071e-73  1.97153e-11
 2.98597e-28  6.47914e-07
 6.12237e-54    0.0706451
    0.780468  2.45726e-46
    0.325355   1.5065e-46
 7.49673e-90     0.011591
 1.89465e-07  2.30233e-38
    0.636946   1.2632e-45
 3.37337e-34  5.05644e-05
 0.000165896  1.45994e-68
 8.37066e-06  1.10601e-60
 9.12659e-36  1.81566e-09
 6.58488e-35  1.88736e-16
 3.54626e-41  0.000112257
   0.0388298  1.74608e-40
   0.0756559  9.84658e-42
  0.00242062  2.41737e-48
 2.20616e-66  2.80615e-24
 7.42505e-09  4.84806e-39
  0.00504459   1.9562e-46
  0.00157411  4.99625e-51
  3.7563e-22  1.11302e-05
 3.00792e-55  4.18943e-09
 6.14933e-55  4.25596e-10
 1.10426e-16     0.672858
   0.0155421  1.11371e-39
 2.23746e-84    2.746e-13
 0.000692029   1.2298e-36
  0.00269203  2.21487e-51
  2.2722e-63  2.40521e-05
 5.28343e-64   0.00433009
    0.305427     0.693035
 3.08309e-81  2.22364e-09
5.74767e-122  1.07531e-30
   0.0343023  4.86297e-44
 4.64604e-67  2.82195e-07
 3.42196e-20  5.26979e-36
  0.00783125  1.29825e-49
  1.9941e-44  3.10414e-06
 8.56695e-19  1.62189e-09
    0.102303  3.95534e-46
 0.000210849  3.06307e-36
 8.05049e-06  3.10256e-35
 3.91962e-58  1.32928e-06
 2.56301e-89     0.157179
 1.27893e-52  0.000805403
 1.80327e-35  1.32226e-23
   0.0655659  3.07974e-69
 6.08469e-96  4.84286e-20
 1.45063e-05  2.35173e-36
 8.64125e-06  3.10297e-36
 5.15851e-42  7.71833e-07
  8.2179e-89  0.000276169
 6.53635e-88     0.669912
  2.3663e-95     0.298188
  5.3608e-88     0.304182
 9.04939e-88  0.000901472
 8.95206e-76  3.21127e-09
 5.23102e-37  1.05697e-14
    0.568382  1.36467e-47
    0.616728  8.55631e-75
   0.0146508  2.25712e-81
   1.867e-18     0.690238
 4.32165e-05  7.31916e-33
 3.33968e-49  1.98589e-08
 5.47459e-55  7.58639e-07
 1.66314e-05  1.73978e-32
  4.6398e-88  3.56194e-05
 2.85198e-38    0.0368392
 5.14534e-66    0.0235263
 8.02183e-67  3.39961e-08
 3.96015e-53  3.08525e-07
    0.194679  1.83336e-74
  0.00028368  7.12736e-34
  1.6945e-86  1.01568e-06
 7.73902e-06  6.35221e-32
 2.78148e-34  0.000189803
 2.58422e-17  2.51234e-14
   0.0824558  1.63802e-72
   0.0187366  8.19094e-81
 3.20278e-05  3.66903e-45
 1.84495e-37  1.63343e-08
 1.81468e-05  4.39137e-44
 1.06912e-07  8.50618e-52
    0.557221  1.67725e-35
  0.00440633  1.44186e-28
 2.24074e-15  4.87085e-16
 5.74438e-19  2.4084e-108
 9.30803e-46  2.44808e-12
   0.0308862   4.3568e-37
 2.60546e-07  1.85977e-51
 1.73772e-43   3.5479e-08
 1.39764e-59  1.02476e-05
   0.0538292  1.25581e-34
 7.12011e-14  2.02007e-39
 1.00603e-77  5.13735e-07
 2.18742e-69  2.58626e-07
 1.85959e-50  3.85485e-09
 1.79691e-14  9.42075e-17
 5.27469e-28    0.0856979
   0.0131812  9.56554e-38
 1.41268e-82  2.31767e-10
 9.47832e-61  0.000354812
  0.00648861  1.57596e-28
 0.000353198  2.02638e-42
  0.00732214  1.71986e-33
 7.14304e-08  2.43419e-23
 5.25012e-83  1.61074e-07
 1.34055e-86  8.37134e-13
  5.3003e-69    0.0003705
  0.00292803  3.07268e-28
 2.92392e-08  8.00204e-23
    0.307036  4.84693e-75
     0.69297   2.7114e-70
 0.000256056   1.1351e-36
 3.12254e-44  6.53019e-12
   0.0219032  5.13116e-51
 1.69506e-79  5.14364e-08
  0.00704131  4.98572e-49
   0.0610988  1.36111e-54
 1.38968e-61  7.89765e-09
 1.85132e-14   2.1845e-18
 1.59989e-12  1.90664e-29
  4.1026e-13  4.81739e-30
 1.25045e-12  2.49432e-30
 8.86713e-08  1.17955e-37
 6.96422e-66     0.591966
    0.178917  3.84177e-66
    0.609962   3.5429e-61
 1.39608e-23  5.77293e-15
 3.02443e-08  2.46689e-36
 1.59008e-62  1.78332e-26
 1.61848e-45  0.000125557
 2.42433e-80  3.00555e-16
 1.69504e-05  6.13206e-53
 6.79757e-45    0.0121514
 1.95406e-66    0.0297931
 1.35054e-35  1.99975e-10
 1.64079e-17     0.220193
  2.4763e-19 1.83014e-115
 3.27648e-06  1.80875e-53
 3.98106e-34    2.981e-14
 2.63545e-06   5.6331e-54
 1.81746e-35   8.3744e-13
 7.79675e-06  1.10397e-58
 1.00106e-08  3.31331e-34
  0.00229247  2.09163e-78
 5.07329e-09  3.46095e-31
  1.0532e-44  3.62198e-14
   0.0114297  2.18164e-73
 2.69354e-31  7.29832e-28
 8.83036e-44  4.63454e-12
 9.34695e-25  3.72482e-05
 8.00563e-07  1.19987e-47
 4.96045e-09  3.76821e-36
 1.93165e-46    0.0625336
 2.58447e-69  9.37315e-07
 1.53066e-32  3.35869e-05
 2.99851e-06  2.08887e-45
 1.24057e-81  7.39636e-07
 5.89718e-82  3.46501e-26
 3.38207e-05   9.4579e-73
 7.02306e-48  1.10949e-07
 1.42776e-05   2.0787e-72
 0.000140678  1.42084e-63
 4.46206e-35  4.13691e-20
 7.34115e-72     0.551709
 1.18622e-75  9.07565e-20
 7.25894e-06  9.78954e-49
 5.93714e-43  3.10455e-13
  1.1399e-25  0.000216699
 0.000427475  8.16857e-65
  0.00240684  8.08769e-62
 6.38882e-58     0.641748
  0.00017225  1.11099e-69
 1.10195e-67     0.688357
  0.00109691  3.27483e-67
 9.49543e-07   3.8046e-82
   0.0284825  7.79886e-61
 8.97853e-78  1.74427e-29
 0.000599849  9.58671e-68
 3.30595e-86      0.22871
 0.000755762  1.76564e-66
    0.555985  3.05847e-54
 1.18034e-15  1.64349e-21
 4.29144e-61  6.19829e-17
   0.0117458  9.12221e-51
   0.0425948  3.59304e-52
   0.0149109  6.63761e-51
 0.000501652  8.23784e-41
 4.75453e-10  6.18226e-92
 1.59795e-27  8.89061e-09
 6.56434e-10  1.21374e-79
 7.53141e-71  3.41511e-20
   1.351e-48     0.692962
  7.3718e-61  5.85573e-11
 4.20726e-14 4.04786e-106
 4.95378e-53   0.00176672
 2.20253e-75  3.85186e-07
 7.78396e-66  1.03663e-05
 3.82936e-10  1.23351e-67
 8.79823e-07  6.57911e-55
 1.11855e-44     0.307038
 1.74439e-55   0.00397056
 2.32745e-06  1.79221e-52
 2.46748e-48  8.29267e-11
 5.4551e-109    0.0354074
 5.28451e-61  2.44326e-08
 1.12358e-07  4.15948e-37
 1.57257e-50  0.000340688
 3.10298e-75  0.000750334
 6.10073e-10  1.34765e-66
 3.15784e-06  2.10733e-51
 2.26554e-09  1.79797e-37
 5.03757e-42  0.000270284
1.43595e-110  0.000329678
 9.95673e-79  9.76915e-05
 6.07848e-06  6.86213e-50
 1.41251e-05  4.54122e-46
 3.85076e-60     0.103899
 2.65859e-51    0.0552073
 7.54339e-36  0.000878926
 3.29813e-05  3.42976e-57
 1.20463e-85  1.68232e-08
  0.00015913   1.7674e-53
 4.26454e-53  1.13334e-15
 2.87902e-55  1.01541e-37
 2.05013e-05  8.09207e-60
 0.000161175  1.00995e-49
 3.77992e-41      0.29892
 5.21265e-48   5.8494e-09
  8.5505e-93  4.60517e-09
 2.12963e-61   0.00974481
 2.56105e-30     2.54e-29
 0.000949607  1.69033e-51
 1.27867e-33  6.79108e-07
  0.00226862  4.40878e-53
 1.75843e-47   8.8948e-08
   5.247e-60   0.00112356
 3.25346e-05   1.0035e-62
 6.92827e-64  7.18744e-06
  0.00390309  6.48431e-93
 4.85491e-06 1.91662e-110
   9.949e-13  1.18611e-58
 7.90207e-06 4.12536e-112
 2.88292e-13  6.85311e-60
    0.554431  8.31869e-59
 3.83188e-05 2.73195e-117
    0.061313  2.11468e-67
    0.690494  3.15194e-90
  1.1948e-10  4.57931e-29
    0.304375  2.53836e-88
 6.27103e-69  5.19881e-17
2.12152e-101  1.63742e-14
 2.44324e-52  1.17135e-07
     0.19709  2.22351e-73
 1.94287e-13  2.13927e-55
2.36094e-135   3.1304e-40
   0.0215996  8.45982e-82
 9.85751e-14  7.01798e-60
    0.643469  2.31308e-76
 1.39064e-70  9.31355e-09
5.14411e-133   0.00873041
 1.81124e-25  3.94306e-14
 1.72373e-48  2.20918e-19
 2.14991e-26    0.0330289
 1.39671e-60   0.00413335
 1.10013e-55  2.34107e-06
 1.74947e-37  0.000134308
   0.0109476  2.95758e-71
  0.00128059  1.63738e-63
 2.08468e-79  5.86027e-09
    0.148697  3.19337e-77
  8.0062e-61     0.101296
    0.306119 4.56967e-123
 1.88597e-76  5.92393e-12
 3.31914e-64  2.75067e-05
   0.0354446   6.9019e-80
 3.06403e-49  7.78858e-06
 2.43911e-52     0.557259
   5.432e-60  1.84532e-06
  0.00361046  3.89585e-62
  0.00776362  3.89932e-70
  0.00863057  1.85908e-72
 3.55134e-78  3.41142e-05
 1.45325e-36   0.00763029
 2.61969e-51  7.50263e-10
2.36566e-168  2.56896e-10
   0.0705157  6.50555e-86
    0.003682  1.75193e-67
 2.51519e-57  1.25498e-11
  1.9322e-10  8.39323e-56
 2.76818e-60  7.46602e-05
    0.692222 8.10055e-106
 2.22036e-60  1.18141e-07
 2.21834e-44  0.000862622
  5.9497e-10  1.88289e-55
    0.639292  2.52384e-77
   5.573e-15  1.45877e-23
 6.61495e-14  1.31298e-54
 9.91341e-14  2.18337e-55
    0.132201  4.55377e-81
3.30078e-117  1.98833e-05
 2.46467e-67  1.11855e-07
 5.46687e-81  2.83259e-06
    0.215445   3.4928e-75
 6.44269e-92  0.000592391
 2.43169e-08  8.69903e-51
 2.30492e-06  6.05712e-60
 1.65797e-77  4.03683e-06
 2.29429e-46     0.608016
 7.26291e-52  4.21532e-07
  9.3121e-08  4.03441e-52
 6.71673e-07  2.63661e-54
 2.48843e-31   9.2614e-14
 3.75868e-11  1.20013e-45
 7.07229e-10  2.35961e-47
 1.40223e-23  5.44446e-17
 1.25189e-30  3.50576e-25
 5.72305e-56  1.70934e-09
 2.62676e-17 3.11038e-131
 3.11113e-06  7.19701e-81
 1.70294e-78  1.78655e-09
 1.26139e-41   0.00243802
 1.31215e-08  7.38367e-46
 1.75911e-06  1.75008e-74
 8.03167e-71  1.86164e-05
 3.77134e-09  2.20205e-43
 5.92102e-64  2.09919e-09
 6.64655e-19   4.0636e-38
 1.00451e-67  6.49252e-07
 2.08736e-89    0.0199791
 4.92035e-68  9.47073e-17
 6.73807e-88  5.79214e-10
 1.42891e-08  2.51302e-58
 2.16637e-07  2.25646e-69
2.21192e-140     0.999888
 5.47047e-08  1.96109e-62
 1.91893e-11  2.08094e-35
 3.03737e-53   9.7901e-11
 1.05926e-40  2.70804e-13
 3.92751e-12 1.03551e-104
 5.24086e-16   6.7852e-30
 9.25685e-09  5.25533e-77
 2.34781e-61     0.681011
 1.10767e-10  6.40638e-91
 1.72357e-13  1.92746e-30
 4.62591e-16  5.12906e-47
  5.5889e-17   7.4781e-29
 3.15763e-18  1.02097e-40
1.92598e-113  3.99388e-17
 3.85319e-32  2.51454e-25
 3.54774e-64  1.88217e-15
 5.72856e-22  4.88682e-28
 7.93702e-17  1.79562e-29
1.12066e-105   0.00845306
   0.0136105    0.0291943
1.97519e-121  1.56337e-14
 2.12616e-21  1.73528e-28
 1.47762e-15   4.1323e-52
 1.31754e-27   4.9886e-08
 2.06309e-32  2.55065e-23
2.28034e-113  4.40845e-14
 4.72013e-91  5.88545e-11
 5.48232e-32  3.26991e-23
 1.79837e-13   2.3284e-52
    3.76e-39  2.03897e-06
 2.26568e-19  1.30691e-35
 2.64526e-13  1.97804e-61
 4.43887e-43     0.561137
 1.36164e-60  2.06046e-11
  1.1378e-53  5.22214e-09
 4.47098e-20  2.92356e-33
 2.86677e-91  7.30444e-08
 1.81373e-23  3.39436e-33
 5.27459e-49  0.000590925
 1.76182e-51  3.96686e-13
 1.97685e-11  2.84452e-55
 1.30641e-68  1.64971e-05
 8.86375e-82  2.83657e-10
 2.31889e-50  6.16999e-10
 1.76092e-17  3.24674e-35
 5.85092e-22  1.25592e-06
 1.30627e-30  3.08764e-14
 2.07882e-13  1.89009e-41
 1.12162e-11  1.87074e-72
 6.21883e-81   9.8308e-07
 4.45311e-80     0.677083
 1.07388e-46  1.41574e-15
 1.71579e-09  1.91309e-51
 7.13982e-75  2.47335e-19
 4.00763e-29     0.221172
6.81829e-168  1.99694e-10
 7.86591e-12  4.33372e-45
 3.27498e-69  3.31544e-05
 1.41836e-65  3.07865e-09
 1.38287e-14  8.08293e-39
 6.17814e-08   8.2571e-58
 3.05855e-54     0.619291
3.15874e-106  1.66867e-17
 2.46306e-12  1.94863e-41
 1.79524e-07  3.19642e-54
 4.48393e-13   5.8514e-47
3.07904e-119   0.00176791
 4.52288e-30  5.92268e-09
 1.56202e-80  7.90977e-05
 4.68909e-10  3.02766e-67
9.82868e-106  1.90692e-24
 4.01856e-14   0.00285117
 5.40171e-07  4.99158e-60
  4.9464e-91     0.657027
 1.14926e-11   4.3941e-49
 5.40935e-10  5.48319e-48
  4.3637e-66  2.20709e-06
 1.26505e-07  9.13912e-79
 3.78734e-13  4.18344e-47
 4.13562e-86     0.690342
 1.02555e-52  2.54189e-12
 2.00433e-13  2.46012e-47
 2.88097e-07  3.46886e-82
  0.00020825  1.00441e-62
 8.86117e-82     0.551868
 1.92959e-50  3.29052e-08
 3.01184e-12  8.02502e-06
 2.88608e-72  8.53994e-06
 0.000578298  1.05031e-58
 1.60342e-44  1.80964e-07
 7.45388e-67      0.30131
 4.13922e-76  0.000171338
 5.34653e-07  5.89148e-52
 9.54225e-64     0.614068
 1.34283e-06  3.77958e-83
 2.16151e-50  6.89381e-07
 6.46318e-14  0.000125691
 1.37176e-06  3.47039e-54
 1.96417e-08  7.14835e-52
   0.0107947  3.39865e-61
 7.02697e-05  5.21746e-58
   0.0295584   5.0784e-63
  0.00108848  2.61248e-84
   0.0267888  1.70223e-61
   0.0325096  1.52709e-73
    0.583059  1.74704e-67
 1.36992e-61    0.0356451
 2.09841e-05  3.30799e-59
  0.00190339   2.4859e-83
 2.45832e-35  9.20909e-12
 1.47748e-31  3.12897e-11
 4.48927e-07 8.49522e-100
 8.28407e-32  3.10198e-25
    0.129875  2.04331e-68
 0.000447425  1.33487e-90
    0.551665  5.07627e-56
    0.171273  8.10533e-68
    0.128274  1.21986e-71
 7.79413e-59     0.205669
 6.42428e-64  8.60092e-11
    0.637942  5.28486e-70
  0.00016297  2.33677e-96
    0.152636  7.66855e-74
 5.18307e-66  7.77686e-08
 4.33883e-49  2.83497e-05
 5.93158e-74  6.67018e-07
 1.31424e-71  5.43295e-06
 1.02324e-82   0.00529641
  0.00171349   3.9249e-78
 7.04664e-60  1.67456e-05
 3.63071e-48  6.63158e-05
1.47402e-101  6.97049e-21
 3.67899e-30  7.84421e-15
 2.94221e-74  1.16599e-24
  0.00112239  4.28792e-75
 2.65782e-76   0.00495144
 0.000572831  2.28311e-77
 2.27837e-62  1.20668e-15
  0.00533021   2.1559e-78
  8.7837e-92  7.32203e-13
 4.55932e-11 2.12205e-126
  1.1626e-06 8.65978e-110
 3.48605e-05  4.77283e-82
 2.13951e-24  7.57779e-07
 3.85119e-67  3.13218e-18
 4.97109e-05  5.52013e-83
2.28908e-110    0.0579399
 1.12536e-07  6.9978e-120
 1.68515e-41  2.13116e-13
 1.48763e-05  9.47995e-86
 2.26339e-98  2.06851e-13
 5.83268e-08  3.1769e-107
 4.88845e-74  0.000791832
 2.33794e-52   3.6366e-15
6.05745e-121     0.294758
 4.61055e-08   1.6544e-89
 2.41285e-08  7.55319e-91
 1.02487e-21  8.15049e-18
 1.75011e-07 5.98264e-109
 3.55615e-30  1.01732e-05
 1.04319e-20  3.77212e-65
 1.97578e-45   1.3214e-09
 9.81688e-10  3.3382e-116
 1.33048e-07  8.51264e-86
 9.84632e-06 4.11109e-105
 5.32663e-38     0.558401
 1.54374e-56   7.8756e-13
 6.90372e-41   0.00326144
 3.87299e-21  8.99623e-65
 5.67302e-16  5.07206e-78
 6.33103e-15   2.4803e-78
 0.000310489 4.28994e-101
 3.95206e-52    0.0429503
 6.30062e-45  3.82418e-14
 9.14987e-67   0.00284792
 2.28774e-52  2.52161e-11
 4.18382e-58  6.00261e-11
 6.57149e-06  2.55229e-87
 8.97776e-52  5.59726e-06
 4.61207e-16  1.71515e-71
  0.00123661 1.70507e-102
   1.323e-15  5.97958e-72
 1.72158e-05   1.2612e-86
 4.35464e-43  1.58914e-14
 2.91573e-72  0.000165841
 2.21942e-38  7.38623e-05
 6.36197e-53  5.05872e-15
  0.00533805  4.6459e-101
 6.98084e-35  2.65133e-09
 4.82492e-15  1.86035e-72
 2.52489e-05  2.05341e-85
 6.60338e-36  2.08226e-18
   0.0183425  3.21295e-99
  0.00101307  9.24964e-89
 0.000446531  2.17915e-86
    0.169167  3.05574e-96
   0.0909556  2.01721e-93
 5.15372e-05  1.00488e-82
    0.601466   9.2982e-99
 9.12613e-32  1.32908e-32
 2.92071e-85     0.692924
 1.42203e-54   0.00185008
 4.54546e-05  1.43593e-82
   0.0121756  2.03315e-95
   0.0133083  1.11592e-97
 4.80642e-42    0.0337021
    0.935839  2.80097e-82
 5.78407e-74  1.21684e-05
   0.0223735  3.7716e-102
 1.40387e-48  2.87011e-05
    0.010454  8.89459e-82
  0.00804015   2.1984e-80
    0.936395  4.93536e-75
 4.22433e-73  2.38426e-17
  0.00794633 9.99661e-102
 7.63538e-07 8.63152e-125
8.28346e-107   0.00375089
1.61769e-136  8.36026e-24
 9.83876e-78  6.49351e-10
 9.72893e-05  4.57614e-78
 1.69999e-24  7.11189e-08
 2.21704e-57    0.0668061
 4.26351e-05  9.77878e-80
 1.55626e-96  8.64441e-25
 4.55167e-74  4.57746e-06
 1.20987e-95  9.46021e-24
 0.000325258  5.38538e-66
 1.25623e-71  6.68001e-10
 3.05915e-42  8.35749e-09
   0.0272111  2.79257e-72
 1.38424e-06 2.71886e-139
 1.69045e-54  7.87004e-05
 3.7588e-115     0.692922
  1.6788e-21  2.58414e-14
 7.50824e-07  5.70245e-81
 3.18855e-07  1.98154e-80
 5.61935e-91     0.307038
 9.97388e-21 1.75523e-172
  9.3786e-08  2.09315e-79
  0.00102378  2.49179e-65
   6.753e-08  2.37336e-82
 1.51266e-22  5.72565e-17
    0.692958  1.62356e-95
    0.307033 9.13016e-102
  6.9544e-06  3.48202e-85
 6.63406e-05 9.45443e-121
 2.09999e-50  6.33049e-12
 3.12864e-85  2.11581e-09
 8.10704e-25   0.00807822
    0.306968  3.00327e-65
 5.32083e-53  0.000517082
 2.01615e-06  6.74477e-85
 1.22825e-05  5.59999e-56
  7.3199e-07  7.72787e-84
 1.91873e-65    0.0056961
    0.692904  7.62276e-66
 3.30496e-60  5.36002e-29
 6.93238e-70   0.00245883
 4.93806e-74  5.34072e-14
 1.55435e-08  2.59395e-75
 5.77156e-28  2.21761e-16
 6.71402e-81    0.0235548
 1.92641e-58  4.64266e-11
  1.5168e-19   0.00401547
2.49814e-108  3.91654e-15
 3.05303e-60     0.203793
 6.90647e-09  2.27077e-74
 1.84118e-80  2.52209e-13
 3.06703e-09 9.59914e-106
 7.47331e-06  3.11057e-65
 3.56785e-06  6.84739e-65
 8.70698e-10 4.13743e-109
  1.1337e-10  1.9848e-100
 5.61131e-11  2.33482e-98
 6.48215e-14  2.96247e-81
 1.13909e-10 1.61331e-106
  5.4059e-40  0.000536688
 2.30451e-64   1.5092e-13
 1.58789e-48  1.47816e-17
 3.41467e-25   1.9862e-06
 1.56471e-13   2.0592e-84
8.42275e-121    0.0858506
 3.80192e-11 5.50005e-110
 1.16749e-14  4.95248e-81
5.98411e-116  2.69012e-20
 4.88763e-14 5.94501e-115
 7.10962e-18  5.65816e-78
 1.67153e-24  2.10082e-71
 6.95342e-13  2.74234e-99
 5.16893e-33  9.11204e-07
 1.34478e-46  8.36985e-12
 1.19218e-24  3.33839e-71
 2.63348e-53     0.172291
 4.06831e-18   3.0532e-84
 4.22638e-74  6.02946e-13
 8.39451e-27   4.1171e-69
 1.03828e-18   2.9485e-67
 1.58516e-78   1.8892e-05
 2.35376e-18  5.04528e-79
 5.27044e-16  5.17641e-95
 5.12014e-16  3.71069e-89
 5.39368e-24  7.34157e-05
 4.03564e-15  9.81314e-87
 1.38923e-63  5.49579e-06
 1.21023e-15  1.43542e-96
 1.22915e-78  0.000924376
 5.30978e-20  1.79864e-50
 2.04966e-13  1.88707e-83
 1.81953e-45  1.26845e-14
 1.67872e-15  1.52308e-88
 1.95236e-26  2.69145e-13
  2.5166e-68  1.37725e-06
 1.53331e-41  1.77251e-06
 8.22801e-12  2.38925e-90
 1.36003e-63  1.62248e-10
 4.51153e-35   3.8247e-14
 1.70778e-11  8.45813e-88
 3.08858e-52  1.42206e-17
 1.68257e-11  8.22858e-84
 5.98265e-54   0.00017094
 1.50679e-54    0.0251821
 3.29334e-11  8.68352e-83
 7.85556e-26  6.01893e-42
 4.04898e-25  2.59032e-06
 3.36503e-94  5.95344e-19
 7.65148e-10  7.37256e-87
 3.72313e-10  2.61167e-67
 1.89133e-36  1.13691e-20
 1.73845e-56    0.0125894
 1.43477e-09  4.33456e-79
 4.23474e-09  1.60277e-83
 1.26884e-08  3.29984e-61
 3.50198e-32  2.02896e-33
 3.00713e-08  1.57477e-58
 6.19289e-64   2.6984e-05
 1.07363e-33  1.80631e-28
 1.68534e-07   2.2137e-85
 3.99951e-76   0.00208328
 6.15312e-53   0.00223726
  2.5173e-33  5.19674e-24
 7.40026e-06  4.01606e-72
 1.10379e-41  2.61486e-05
 5.25189e-14  4.92003e-36
 1.91049e-50  4.06987e-16
 5.42941e-33   3.9269e-24
 2.71971e-71  1.80268e-05
 1.41906e-83   0.00051776
 7.39703e-06  1.70788e-86
 3.01629e-06  9.59387e-81
 6.29089e-93   2.8203e-18
 2.06177e-05     0.567842
 3.22864e-08   9.3517e-74
 1.92294e-08  1.07071e-69
 9.25785e-08  1.47935e-77
 2.21935e-53  2.34739e-08
 9.53081e-81  2.14894e-15
 1.48527e-47     0.615307
 4.88633e-83  1.44558e-07
 4.70086e-74  9.24476e-07
    0.627387  2.38423e-66
    0.218202  2.32658e-68
   0.0516074   3.6217e-60
   0.0752166  1.43024e-68
   0.0205423  2.20674e-57
 1.87535e-70  7.49398e-09
 4.18282e-58   0.00114251
 5.92286e-79  3.91602e-08
    0.688958  2.34781e-61
3.06013e-118  6.48529e-20
 3.80959e-63  2.59487e-10
 3.90423e-83  1.21783e-15
 2.18876e-31    0.0657301
  0.00224389   9.2452e-46
    0.302093  2.81164e-63
 9.61311e-66   0.00861961
 5.31855e-58    0.0168685
 2.23366e-13  1.39258e-28
     0.69175  3.66707e-76
  0.00767125   7.4964e-60
 1.16029e-32  2.69086e-07
 3.32697e-68  1.64513e-12
 7.23701e-31     0.630612
 9.12022e-42  2.80264e-13
 8.04728e-76   0.00321455
 1.09128e-45  8.73733e-06
    0.305718  5.32642e-75
 8.77438e-05     0.705851
   0.0131402  9.08956e-65
 8.92615e-73  2.11578e-06
   0.0019127  1.78176e-60
 5.07461e-56       0.5601
 4.56124e-05  1.17042e-51
 3.13845e-49   0.00415681
 0.000802437  3.05976e-66
 2.51323e-86  3.55683e-09
 1.41743e-12  1.73323e-43
 0.000104565  1.13571e-70
  3.2719e-07  5.01352e-53
 4.50724e-73  3.92688e-05
1.08384e-111  4.18632e-15
 3.38089e-86   0.00770953
 3.66523e-09  7.91525e-47
 1.06432e-09  1.28023e-46
 1.79715e-07  6.13671e-56
 1.93502e-06  2.36388e-72
  4.8919e-11  1.63406e-44
 6.88578e-33  1.34038e-28
 6.09549e-52  2.24946e-09
 1.28505e-10  5.80947e-47
1.45236e-205 2.20516e-111
 3.70264e-19  2.58319e-35
 4.26414e-47    0.0302876
 2.36697e-17      0.28136
 1.47325e-12   5.6864e-55
 3.26731e-09  6.43909e-74
 1.11733e-60     0.165435
 1.73714e-09  5.52226e-68
 5.65115e-11  1.41026e-60
 6.51269e-14  2.16799e-62
 4.90086e-13  9.31363e-67
  4.0432e-13  5.88328e-65
 1.49997e-12  1.26178e-70
 1.34804e-29  3.15989e-07
 1.90382e-29  1.77039e-10
 1.27067e-52  5.81949e-08
3.34563e-134  1.54489e-09
 1.80404e-13  2.54356e-68
 1.41798e-14  1.04884e-70
 2.85348e-86   6.1593e-22
 1.32961e-12  1.61113e-73
  9.7885e-40  0.000387234
 1.81224e-92  4.10008e-13
 1.16572e-49  8.03153e-16
 7.62276e-66     0.551665
 2.26221e-12  1.83627e-76
 7.40485e-09  2.98126e-68
6.19031e-128  6.28812e-42
 2.11578e-08  6.14932e-72
 4.36739e-56  5.83327e-07
 6.42849e-08   1.1712e-75
 1.99372e-53    0.0139889
 6.95492e-10  2.87681e-79
 9.91772e-13  3.07231e-57
  1.2254e-11  4.94911e-59
 4.14344e-62  9.78773e-10
 4.19147e-18   2.0797e-38
  5.2892e-06   2.0215e-46
 5.72006e-08   0.00170334
 8.76682e-28  3.52601e-08
 5.91696e-10  3.61418e-58
   0.0458791  7.68475e-80
   1.783e-09  1.55814e-51
 1.14262e-69  2.49217e-05
 1.13598e-82  5.09872e-06
 1.09556e-33  2.93513e-17
 6.40553e-08  1.55953e-53
    0.687317  2.32846e-83
 4.97151e-25  0.000382548
 1.08625e-32  5.91648e-19
 6.48881e-37  1.06258e-14
 1.44288e-81     0.266892
    0.297492  3.81607e-83
 2.44319e-46    0.0932033
 1.23807e-47  1.62657e-10
 6.96961e-97     0.260834
 1.58243e-06  2.25976e-60
    0.031319  6.91217e-91
 8.02755e-60     0.692603
    0.307038  1.15974e-42
 6.79713e-06  1.0283e-102
 1.83027e-21  2.09419e-05
  9.3101e-06   7.3707e-56
 1.94462e-56    0.0059244
    0.692962  4.43888e-43
 1.36779e-06  3.31988e-62
 2.02088e-51  4.98027e-06
  0.00126793  8.73579e-53
1.31213e-115  0.000721735
 2.51316e-10  1.21412e-75
 2.40925e-06 2.07606e-106
 1.83826e-09  5.01629e-78
 1.07793e-07  1.37015e-70
 1.06829e-24   0.00043783
 4.12369e-85     0.306989
  0.00435618  2.58336e-53
    0.306709  1.16822e-50
 1.35261e-81  2.68652e-10
  8.4784e-05  1.08232e-90
    0.692684  1.37312e-47
 0.000384751  5.37942e-87
 2.79838e-64   0.00155106
 1.06645e-07  7.39272e-59
 1.61043e-75  2.48755e-05
  0.00109385  3.03528e-79
 5.75992e-05  1.18053e-48
 2.23052e-76    0.0201257
 8.96455e-05  7.40839e-46
 2.18476e-50   0.00180088
 5.02646e-47     0.178744
 2.17962e-07  3.19001e-54
  0.00874867  2.43438e-78
    0.692999 5.40303e-108
 7.24235e-54     0.636074
    0.307118 1.92075e-111
 5.40717e-21  7.12715e-14
    0.132158  1.40393e-83
 0.000431852 1.32381e-126
 1.86083e-72  3.78747e-08
 2.29963e-70     0.118523
    0.267669  5.32274e-71
    0.679202  3.46927e-77
 6.13066e-63  5.73588e-08
 8.65919e-10  1.54032e-27
 4.70662e-49  5.48035e-16
 6.36361e-80  2.88309e-10
 1.01336e-91  9.30123e-11
    0.551711 3.77524e-100
 4.73083e-85  6.01082e-13
 2.95711e-69  0.000291381
 2.45834e-06  2.28944e-42
 4.05884e-49  2.56169e-06
 5.32355e-61   0.00108496
 1.44325e-05  3.98806e-54
 4.22173e-05  3.22545e-67
 2.03018e-10  2.77101e-22
 1.70259e-07  2.52934e-49
 5.50243e-48  1.19817e-05
 1.94939e-87  6.71431e-14
 6.74459e-08  9.65909e-48
  0.00148403  1.63211e-91
 2.15452e-92   3.2519e-23
 8.87478e-76  4.51816e-05
 1.71658e-08  2.61219e-55
  0.00385646   3.1373e-87
 6.53755e-84     0.575406
 1.65932e-59     0.124678
 7.51971e-78  1.37061e-05
 3.84118e-77  1.54169e-07
 2.72349e-05   7.8341e-70
 9.46165e-10  3.91301e-48
    0.304559  7.39846e-97
 1.48511e-37  2.16633e-05
 1.26744e-76  1.86412e-08
    0.690961 7.02784e-101
  2.8887e-76  1.36691e-05
 1.18606e-08  4.43277e-63
 3.81715e-06  1.08684e-74
 1.31222e-08  2.92335e-66
 1.05791e-08  3.47101e-68
 1.11717e-40  6.41279e-13
 2.01486e-20  7.03468e-05
 6.51003e-12  3.27933e-63
 1.87627e-67   1.4416e-06
 3.36732e-15  2.53016e-48
 2.41122e-14  2.34118e-57
 4.16665e-85   7.1772e-17
 1.15587e-09  1.38502e-95
 6.98499e-10  3.77967e-83
  3.0867e-60     0.636203
 3.59357e-94     0.661642
 9.40902e-10   1.3059e-78
 3.40127e-14  1.12954e-67
 2.86688e-14  1.58708e-53
 2.21608e-98  3.07914e-06
 1.87285e-14  4.61454e-69
 3.52429e-14  7.01936e-53
 9.58648e-05  1.35408e-79
  0.00163455  1.34345e-67
  9.6738e-06  2.96594e-75
 8.06026e-06   8.1999e-72
 1.39042e-10  9.59997e-48
   0.0342627  2.78909e-60
 2.54415e-19  1.12751e-85
 2.07858e-40     0.580981
 3.63612e-23   7.5774e-17
   0.0779003  1.42923e-52
    0.560801  1.03331e-41
 4.45941e-10   1.8988e-39
 4.69592e-53    0.0118507
 6.67638e-27    6.157e-17
 1.09912e-80   0.00039714
 1.59536e-07  3.50464e-49
 2.99723e-07  1.46677e-45
 2.45003e-07  2.50951e-45
 4.67734e-38  7.89109e-06
 0.000219827     0.337265
 7.55344e-09  1.91086e-34
 1.65383e-08  1.83551e-33
 1.51947e-17   2.9794e-14
 2.30954e-48  2.15985e-18
 5.67861e-68  0.000212451
 3.11806e-44   6.3896e-05
 6.07477e-55  1.42292e-11
 2.60937e-34  1.28481e-15
 6.70302e-06   1.2542e-43
 1.65966e-59     0.622239
 2.96903e-06  1.28653e-46
    0.307023  7.88291e-31
 4.74174e-41   0.00148952
 1.99909e-15  1.65942e-70
    0.692949  2.18598e-31
 5.81972e-81   0.00472402
 2.42828e-34  0.000258673
 4.46185e-79  1.76792e-19
  3.3151e-94  1.08251e-13
  1.3995e-58  7.06736e-23
 4.31339e-59      0.66459
 8.77916e-26  1.5003e-104
 0.000258795  7.29438e-27
 8.23449e-05   1.7137e-26
 2.10123e-93     0.692951
 6.37866e-12  2.08761e-50
 5.27621e-76  7.13174e-06
 5.77232e-60  8.50586e-07
 1.02592e-58   3.6443e-05
    0.691506     0.305535
 1.00783e-11   1.5997e-55
 2.72036e-30  1.83683e-25
 5.75755e-23  1.89447e-94
 2.89208e-05  8.11719e-26
 1.36283e-20  8.67402e-72
     0.55582  1.37454e-38
 2.63919e-69  5.29558e-07
   0.0482465  1.25893e-43
1.70586e-120  8.21089e-16
 7.53708e-21  1.38099e-80
 1.17431e-64  6.70005e-21
 2.59763e-48   0.00802287
  0.00509187  9.36024e-43
 5.05809e-76  3.74022e-09
   0.0027036   1.6773e-40
 2.19741e-15  4.29372e-15
 7.51282e-64      0.00167
 3.44486e-59  4.26249e-17
  1.0713e-12  1.20189e-18
  8.3475e-56    0.0341339
 5.15613e-13  6.62539e-19
 5.59427e-13  8.54718e-55
  3.9712e-08  9.92795e-33
 8.12676e-15  2.63181e-64
 1.18433e-14  2.10207e-63
6.18662e-117  3.97252e-31
 1.10672e-79    0.0875649
8.30656e-133   1.1815e-39
 9.71077e-16  2.09258e-25
 2.36031e-12  1.61403e-22
 4.40904e-24    0.0123454
 5.56576e-16  1.65224e-25
  3.6249e-11  2.84524e-45
 6.00198e-17  1.25128e-28
 3.17444e-51  0.000107625
 5.78699e-36    0.0195862
 2.16095e-45  1.44826e-06
 3.40045e-17  9.82108e-30
 3.47125e-12  8.87937e-23
 1.04863e-09  2.55917e-53
  0.00242594  2.95679e-88
 9.37027e-40  1.30501e-20
 6.36311e-12   1.8349e-60
 5.63343e-47   0.00188137
 2.00303e-09    7.919e-56
 6.55067e-07  3.93033e-46
 5.21816e-85  1.85179e-15
  0.00527234  1.1986e-108
 1.30741e-06   7.8591e-49
 4.61911e-88  0.000672148
 1.59272e-74    0.0885469
 2.02245e-85   2.6788e-11
 2.35162e-68  2.85316e-09
 1.14528e-13  1.37163e-73
 1.15525e-97  2.37276e-14
 1.76601e-35  2.53123e-25
1.34417e-101   6.8982e-15
1.44861e-100  2.50105e-12
 1.05346e-05  2.26157e-29
 1.93498e-74  0.000340295
 1.60797e-22  4.42509e-17
 4.58892e-49  1.61186e-07
 8.79564e-46     0.106574
   0.0030618  1.14056e-31
 5.07312e-92  6.43156e-06
    0.009216  1.91195e-40
 0.000182845  1.77964e-57
  1.5406e-50  4.56727e-07
    0.551706 1.14307e-135
    0.305469  3.36442e-47
 3.84425e-53  3.23663e-07
 3.59132e-54  7.19963e-05
 1.39588e-16  3.86511e-16
 7.71015e-54  5.71522e-10
  4.9513e-12  6.99105e-23
 6.98962e-66  7.32242e-08
     0.69165  1.00428e-48
 3.12526e-11  7.80262e-89
 2.23814e-98  1.67734e-05
  4.3133e-07  1.49498e-73
 1.40896e-79  7.16934e-13
 5.74169e-40  1.02705e-21
 2.44435e-05  4.58327e-65
 1.50579e-67   1.9623e-27
  1.1215e-05   5.9816e-69
 4.80595e-54    0.0759812
 6.20821e-05  7.53247e-60
    0.551665  4.19761e-38
 2.10012e-10 7.97197e-137
 1.10883e-16 9.87595e-114
 2.27423e-08  1.22616e-74
 7.02948e-82  1.39325e-28
  3.3775e-49  5.49159e-06
 2.81228e-15 4.58926e-112
 2.96282e-66  4.32144e-08
 9.23031e-08  2.54448e-35
 1.41321e-15 3.15025e-133
 1.20641e-16   0.00637137
 3.09498e-12 3.88303e-100
 7.82257e-09  9.94641e-84
 1.48807e-10  6.84027e-63
 3.26009e-54   0.00185149
  3.0235e-10  2.71749e-73
 3.05917e-31  4.91555e-07
  4.9045e-70   0.00116803
 6.87933e-44  1.04297e-05
 1.85896e-12 2.61981e-105
 7.37219e-90     0.307026
 6.26382e-10  9.96803e-74
 7.02505e-85  5.35615e-14
 4.30265e-95  1.66977e-07
 1.39594e-36  1.62649e-08
 1.49663e-12  2.93984e-99
 6.39698e-09  1.70381e-78
 1.82431e-85  1.61655e-05
 3.17764e-61    0.0134782
 2.01527e-30 2.53885e-147
 2.20015e-28 1.96037e-132
4.90936e-134  0.000278139
 5.98636e-14  1.5023e-100
  5.9885e-30  3.2803e-140
 2.14361e-32  3.72231e-07
 5.39475e-52  3.59513e-13
    0.050539  1.19913e-65
   0.0926121  2.25449e-67
    0.104033  3.86778e-62
 1.50377e-77  0.000326107
 0.000741608  1.68827e-75
 1.89645e-77  9.26284e-08
    0.581556  3.22518e-66
 5.85472e-53  2.45351e-07
 0.000305701   2.5112e-81
 4.19806e-22 2.08898e-141
  1.3224e-60     0.229493
 1.09384e-78  7.46503e-06
 3.86957e-13 2.25222e-109
 2.25769e-12  1.23772e-95
 2.59435e-17 5.03741e-124
  1.5489e-23  2.41976e-14
 5.67529e-73   1.7079e-06
1.91072e-101     0.692962
 2.30512e-42  2.41348e-08
 4.26233e-54  6.18442e-13
 3.82419e-15 1.26362e-113
 6.38371e-40   0.00281756
 4.48659e-17 8.10871e-115
 4.59218e-11   4.5015e-75
 1.80443e-29   2.1274e-18
 1.73871e-42    0.0670576
  1.6556e-68  6.20424e-16
 7.05036e-13  2.38152e-85
 3.69731e-13  3.45499e-05
 6.96457e-08 2.49841e-167
 1.77423e-12  1.58969e-74
 3.37018e-08 2.10795e-146
 1.48381e-13  8.29043e-05
 1.53074e-17  9.42377e-89
 3.78273e-12  1.05999e-69
 4.24026e-18  2.74325e-93
 3.51803e-41    0.0850312
 3.02313e-83     0.072584
    0.551665 2.63826e-179
 1.92823e-28  6.18155e-05
 3.73039e-15  1.19833e-21
 5.77964e-65  2.43541e-09
 1.67449e-82  1.85232e-11
 3.99526e-17  7.85631e-10
 1.12004e-36  2.93457e-07
  4.3426e-55     0.010939
 1.71857e-05  7.76746e-52
 1.32576e-82  8.79431e-09
  0.00751999  1.42631e-47
   0.0130578  1.20933e-47
  5.2556e-61  1.23277e-10
 1.96299e-68  3.96575e-17
 0.000868763  6.20419e-41
  3.0043e-34  7.86323e-11
 2.71159e-70  4.81577e-09
   0.0255467  2.59383e-41
 7.68331e-69  5.70472e-11
 2.99621e-56     0.162774
 2.04193e-06  1.86206e-53
 1.25849e-65     0.552596
    0.553157  6.51792e-39
   0.0018624  6.13139e-34
   1.998e-53  6.92675e-12
 2.76034e-43  5.88478e-10
 1.23775e-89  2.97756e-12
 9.03067e-08  9.87795e-31
 8.09259e-07  7.40633e-61
   1.774e-24  2.18438e-10
 4.66185e-45  1.29791e-12
 3.81386e-48  0.000112236
 5.23343e-47  4.41497e-08
 1.26705e-70   0.00649706
 7.53919e-55  1.95482e-05
 5.20693e-47  1.99366e-05
  0.00873275  2.17899e-41
 2.61324e-75  1.50691e-12
  0.00601124  4.26941e-32
 1.83121e-90  1.36978e-10
 2.75165e-54   4.2265e-11
  0.00288454  1.55001e-31
 3.88012e-20   7.9373e-66
 0.000670328  1.12274e-25
 1.67284e-09  3.87646e-64
 1.76256e-10  2.19035e-81
   4.029e-10  3.78856e-69
   3.307e-42    0.0689308
 9.82741e-68  9.47391e-08
 1.56918e-15  2.43051e-91
 1.00354e-12  7.17857e-14
 2.16156e-06  4.93316e-20
 5.69121e-43  3.24911e-12
 9.55953e-56      0.18716
 1.48377e-56  5.16186e-06
 1.28416e-18  8.38712e-99
 5.52833e-69  8.68734e-18
 3.60091e-14    2.316e-36
 1.28093e-14  2.65725e-43
 2.49298e-08  1.38795e-27
 6.56854e-21  1.63688e-67
  5.4269e-75  1.31845e-07
 1.70733e-38  2.48584e-06
  1.5176e-08  5.64104e-25
1.34165e-102  3.26649e-13
 4.02735e-16  5.34012e-49
 2.81875e-10  1.94328e-29
 5.72911e-26  2.84976e-80
 7.78229e-20  5.45183e-58
  4.8867e-06  6.17746e-31
 3.31797e-20  1.87242e-61
 1.50674e-65     0.551696
 4.78638e-21  1.40241e-68
 2.51916e-05  9.63181e-32
 1.76004e-07  1.08252e-41
 1.20752e-46     0.674643
 1.08928e-07  7.27468e-45
   0.0098323  7.91652e-41
 1.21632e-23   9.0084e-73
   0.0119108  4.97611e-46
  4.7231e-72  8.53102e-12
    0.562972  1.10057e-42
 9.62372e-99  9.07897e-15
 5.80364e-33  1.29526e-06
 1.11077e-81    0.0008165
 1.04381e-25    2.686e-83
 7.66696e-09  6.48068e-60
 4.50763e-59  1.25842e-06
 6.13975e-25  1.22755e-82
 4.62834e-79   6.2545e-20
 4.69363e-35 1.34777e-112
 1.21102e-73  3.27114e-10
 3.04145e-68  4.35828e-06
 3.09354e-66  0.000141285
   0.0789257  4.64901e-49
  2.4647e-10  1.85556e-61
 2.14151e-10   6.6633e-62
 3.80471e-71  1.60637e-06
 5.80062e-85     0.551667
  2.7171e-50    0.0340195
  1.5439e-10  1.40958e-62
 6.59984e-24  5.00504e-06
 1.72433e-57   6.3442e-19
 9.75315e-15   0.00170258
 6.14155e-14  1.51561e-74
1.62325e-123  5.83365e-15
  2.6089e-79  0.000559887
3.64812e-112  0.000359929
 2.12249e-62   0.00906193
 1.61704e-16  4.32012e-10
 1.79405e-35  0.000315905
 4.59618e-30 9.92978e-127
 2.20983e-47  1.27237e-14
 2.62647e-29 7.34045e-115
 5.64457e-89  1.39716e-11
 1.11986e-43  1.60588e-11
 1.98693e-12     2.19e-84
 1.88077e-70  0.000266766
 5.5077e-138  3.00338e-42
 1.12097e-52  0.000575747
5.20194e-136     0.999942
 6.58819e-13  1.43244e-88
    0.306974  1.81739e-51
     0.69291  6.38873e-58
 2.33884e-60     0.552641
 5.44807e-06  5.85909e-71
 1.25818e-05  1.74288e-70
 3.71045e-05  1.72923e-68
 2.59527e-16  7.36455e-35
 1.00595e-16  1.84263e-34
 2.11447e-11  3.56905e-85
 8.36587e-12  2.75591e-86
 9.30083e-44   0.00171791
 2.49111e-12  1.46345e-78
 2.51003e-53    0.0406429
 1.20525e-12  4.44824e-80
  4.3582e-17  3.20676e-64
 2.41255e-14   2.0995e-89
 3.76505e-82  2.02326e-15
 4.48862e-62   1.0568e-09
  8.5156e-59  8.66349e-10
 4.11567e-74  1.20754e-06
  1.7805e-17  8.43546e-71
 1.74333e-46 1.36499e-131
 2.45474e-16  1.78285e-87
 9.51167e-17  3.16177e-88
 9.55779e-57  0.000644349
  7.3765e-35  1.13802e-40
 8.50867e-42    0.0376238
 6.62809e-47 6.72912e-142
 8.76088e-29  1.85318e-39
  4.7737e-57   1.4698e-05
 6.53995e-81     0.692427
  4.0941e-45  7.67346e-11
7.38221e-102  4.87077e-20
 1.36235e-58     0.152063
 1.03956e-22 8.17334e-103
 5.44625e-32  3.13631e-18
  5.7161e-74  1.59627e-09
 3.44826e-49     0.283029
 8.60155e-25 1.10131e-103
 1.50293e-44 3.88499e-134
 1.70211e-30   1.2159e-85
 3.82697e-23  1.58644e-58
 3.56673e-28  7.84863e-66
 8.96341e-34   3.4436e-89
 5.43771e-14  1.58936e-48
 1.07877e-86  1.07207e-12
 2.04396e-26  5.88261e-27
 2.53038e-57  5.39911e-06
 2.03492e-39 6.52559e-114
 8.04905e-39 1.09245e-114
 1.10457e-37 6.93563e-124
 2.48389e-37 2.25211e-140
 2.99604e-19   0.00632579
 1.35501e-10  2.15905e-52
 1.47447e-36 6.95743e-125
5.88733e-103   0.00242049
1.01117e-116   0.00163706
 5.27102e-10  6.00271e-53
 1.00052e-56  5.15468e-13
 1.96438e-11  1.28688e-50
 1.10692e-76     0.306375
 2.25272e-31 6.38426e-136
 5.63132e-20     0.210618
 9.78726e-05  2.48406e-59
  2.4907e-12  4.85096e-50
 0.000234878  5.25875e-66
 1.13154e-61  6.36334e-11
 5.27574e-31 1.71135e-134
 2.36807e-16  6.91505e-92
 1.19536e-08  9.79523e-46
 1.95497e-57  1.43885e-08
 5.51605e-22  5.61341e-05
 1.64613e-46  3.34737e-15
 5.40166e-79  0.000278634
 5.70526e-46   4.2038e-05
 1.87753e-16 1.20192e-102
 1.10306e-36  2.11302e-20
7.39861e-108  4.28724e-09
 1.00056e-23  2.15645e-34
 5.31088e-65  0.000211422
   0.0180361  4.87732e-60
 1.61435e-72  1.48493e-17
  1.8068e-13  7.97007e-42
  2.9424e-09  8.79725e-45
 1.09997e-41  6.32681e-05
 1.27031e-75  4.97549e-06
  1.1056e-09  3.08891e-44
 3.68158e-82     0.685892
    0.554965  5.60146e-66
 3.34344e-32  1.50329e-13
  0.00333132   1.5796e-77
 6.06508e-39  1.40014e-31
 9.55286e-38  2.56135e-10
  0.00996958  8.84228e-69
   0.0410137   7.7056e-60
  3.0113e-34  7.64025e-10
 2.16326e-46    2.361e-22
   0.0178968  4.08636e-61
  0.00281938  8.93645e-66
 2.17962e-05  4.17966e-55
 1.60041e-14  0.000975461
 1.39132e-45  1.58035e-07
 0.000981272  8.06187e-59
 1.09882e-35  7.43412e-11
 5.41991e-19  3.19602e-20
 4.81471e-06  9.08804e-21
 5.52072e-50     0.306593
 3.13263e-56  0.000352459
 9.35032e-05  4.85703e-54
  0.00342561  4.68189e-72
 0.000174852  1.85115e-53
  0.00459081   3.5751e-55
 1.09261e-53    0.0595083
   5.058e-19  1.18955e-36
 5.15996e-64   1.6491e-08
    0.202365  1.45396e-56
     0.61855  9.57618e-66
 1.30196e-10  4.92502e-91
 1.14068e-17  4.90315e-37
  0.00225662  1.60914e-56
 7.81479e-44  7.43312e-16
   0.0016213  2.92631e-58
 2.52492e-08  5.48865e-78
 2.10057e-15  1.88623e-39
 7.44475e-68   4.6614e-08
 6.51902e-39      0.69197
 2.06914e-61    0.0335189
 7.87528e-08  7.56296e-66
 4.66893e-92  1.45728e-06
 5.89535e-69  3.77398e-12
 1.67192e-35      0.56203
 1.27579e-73  1.79485e-12
 1.98989e-78  2.33756e-07
  1.6265e-11  4.45174e-43
  3.4053e-52  5.14684e-09
 7.00503e-12  6.84095e-43
 2.34079e-27  3.00508e-16
  8.9901e-13  1.12127e-46
 2.36563e-13  8.85744e-48
  4.5047e-35  4.22888e-23
 1.79512e-23  1.65842e-48
 3.48131e-20  2.89146e-46
 4.05273e-48  2.87812e-08
 3.17709e-18   4.3201e-48
 6.27228e-17  5.27521e-58
 2.19656e-18  1.22738e-48
 3.50976e-18  2.12711e-60
 3.59494e-18  3.06493e-60
 3.36524e-77  6.70372e-06
  2.8799e-77     0.551718
 1.24607e-89   0.00303548
  9.1421e-41  4.90243e-13
 1.60289e-75  1.26837e-16
 8.64763e-08   0.00233381
 2.33091e-63  5.87284e-24
 1.22357e-14     4.93e-67
 1.54546e-12  2.51542e-72
 3.82429e-49  2.94887e-16
 1.72313e-20  1.13389e-60
 2.31944e-98     0.270762
 1.93631e-10  4.75223e-75
  3.7923e-46  1.10971e-05
 4.72278e-10   6.4732e-79
 1.96772e-20   6.8153e-56
 5.14412e-54  1.07738e-07
 4.58744e-68  1.54298e-06
 4.89858e-09  2.73007e-86
 1.75603e-58     0.204076
 2.35688e-57   3.0809e-19
 5.35176e-19  5.22314e-55
 3.91969e-72  2.93236e-06
 2.35222e-28  1.20563e-08
 1.38363e-44  8.65399e-17
 6.49998e-53  4.92786e-20
 7.93874e-77  2.21749e-10
 1.19742e-81   0.00550132
 1.76354e-48     0.164178
 1.66045e-18  3.27236e-55
 6.00107e-58  7.58746e-22
  9.7198e-31  2.03165e-10
 1.16568e-43  1.20699e-07
 1.47841e-77  6.83404e-05
  2.0771e-56  1.92982e-09
 3.55969e-06    4.376e-75
 6.67812e-67  4.62001e-17
 6.28814e-81  1.67637e-05
    0.241764 4.50774e-109
 2.03501e-22  8.12685e-45
    0.656903 3.67345e-101
 1.08797e-05  2.59711e-77
     1.01045  1.39034e-93
      1.0042  5.30632e-90
 8.05486e-93   1.7247e-10
 3.35099e-52    0.0388841
 7.04786e-07 1.38395e-113
 2.07169e-56  6.06739e-07
 7.79411e-79  6.46755e-21
 3.70412e-05   4.2153e-70
 1.21023e-06  2.8608e-102
 8.40777e-11  2.64273e-57
 2.03382e-20  7.60872e-21
 1.50729e-14  0.000655747
 1.36401e-11  1.70232e-51
  6.1529e-12  7.02023e-50
 1.55969e-12  1.48921e-58
 6.15953e-14   1.4682e-33
 6.23685e-10  1.72056e-55
 8.58175e-14  2.47086e-34
 6.60579e-15  1.05152e-27
 4.02172e-99  1.13664e-08
 1.17545e-77  1.24337e-05
 2.52163e-38  0.000134598
 7.78123e-08  8.72882e-41
 1.17931e-08  4.93164e-56
 5.96046e-13  3.05514e-36
 4.96252e-15 2.95188e-120
  1.0279e-81  6.00424e-14
 1.2723e-112    8.025e-05
 1.46495e-06  1.12494e-55
  2.7795e-50     0.128892
 3.72251e-27   0.00198185
 1.87275e-83  8.07644e-08
 5.50371e-53   3.0468e-11
 2.01755e-06  1.01029e-54
 1.10638e-22  7.87078e-06
 7.57033e-58     0.237337
 1.26205e-05   3.3837e-64
 6.52515e-27  1.89544e-08
  0.00259643  4.58595e-75
 8.56353e-46  1.00632e-06
 4.05288e-86  9.75388e-10
 1.61623e-06  3.67362e-50
 1.22824e-58   0.00244283
 1.13232e-06   2.1417e-98
 5.11346e-40  9.23932e-22
  0.00596539    7.217e-80
 3.51011e-48  8.95515e-13
 5.16562e-10  1.03149e-55
 0.000136276  3.53853e-63
  0.00194113  3.12153e-74
3.76854e-101  5.96657e-08
    0.552112   2.9207e-85
  4.4021e-06  1.76861e-72
 4.95801e-96  2.79108e-19
 2.25151e-06  2.64205e-77
 1.49486e-36    0.0831598
 9.19955e-21  0.000385504
 1.95106e-08 3.06238e-108
 9.85157e-55   2.1237e-09
 8.98037e-09 2.00747e-112
   0.0146168  1.50291e-91