 7.27941e-08  1.36654e-46
 4.20086e-34  3.65255e-17
  1.4903e-07  3.97773e-46
   0.0568606  2.32334e-41
 1.63847e-08  1.01366e-47
 1.43194e-06  2.90995e-39
   0.0397088   1.0944e-40
 2.07117e-27  1.49325e-08
   0.0797956  1.99674e-40
    0.053589  2.32622e-40
    0.708277  3.57878e-40
 7.14405e-35  2.33965e-14
 5.39028e-07  9.50179e-39
 4.81318e-40  5.11089e-11
 3.05731e-22   9.2346e-07
 4.54677e-53    0.0707004
    0.780067  1.55805e-39
    0.325593  2.71468e-39
 6.30719e-65    0.0116803
 1.85956e-07  2.52675e-38
    0.636682  5.29409e-39
 9.55103e-26  5.03522e-05
 0.000165117  4.72312e-47
 8.47255e-06  5.77294e-45
 1.62173e-24  5.94211e-09
 5.22352e-25  2.76485e-16
 4.80247e-23  0.000114863
    0.038671   5.5441e-38
   0.0758564  5.69758e-38
  0.00233218  1.70368e-41
 4.92843e-57  4.18822e-24
 8.48699e-09  1.25055e-38
  0.00518859  4.72218e-41
  0.00158034  2.08545e-42
 5.71403e-21  1.20576e-05
 2.05913e-31  4.88524e-09
  7.9079e-37  9.45927e-10
 2.38082e-16     0.671012
   0.0154424  2.20942e-37
 5.30422e-67  2.78021e-13
 0.000713634  9.78719e-36
  0.00273114  3.57285e-42
 5.82351e-55  2.65738e-05
 3.26816e-33   0.00428661
    0.307917     0.690523
 1.74821e-50  2.33106e-09
 2.87787e-86  2.16866e-30
   0.0339811  4.44087e-40
 2.77019e-65  2.55291e-07
 1.50953e-19  5.67752e-27
  0.00780142  1.21425e-41
 3.34435e-44  3.25835e-06
 8.76206e-19  7.80886e-09
    0.102552  2.50578e-40
 0.000205547  4.10913e-35
 9.92218e-06    1.316e-34
 1.76511e-36  1.34501e-06
 2.59178e-61     0.157804
 7.20717e-40  0.000801764
 9.77746e-29  1.75594e-17
   0.0656936  1.10042e-45
 9.72978e-74   1.4532e-19
 2.05204e-05  2.93298e-34
 1.05957e-05  4.69722e-34
 5.74716e-29  2.59928e-06
 3.26656e-50  0.000249903
 5.68229e-60      0.66867
 7.11648e-46     0.300349
 4.55163e-40     0.306655
 1.26071e-47  0.000896018
 3.43381e-45  4.05931e-09
 5.46275e-37  1.45601e-14
    0.568231   8.1482e-40
    0.616241  1.18661e-46
   0.0145977   4.5547e-48
  3.1092e-17      0.68794
  4.2686e-05  5.04202e-32
 1.57509e-33  1.97344e-08
 8.71079e-28  9.15018e-07
 1.73187e-05  8.88226e-32
 2.59103e-55  3.50211e-05
 2.17386e-31     0.036184
 4.26708e-42    0.0237291
 2.53964e-58  3.99751e-08
 2.53765e-33  3.10326e-07
    0.195368  6.11078e-47
 0.000283868  1.73795e-31
 2.09601e-47  9.16877e-07
 7.38889e-06   2.5449e-31
 2.48236e-26  0.000189908
 7.55052e-17   2.5159e-14
   0.0819815  1.13543e-46
   0.0188203  1.08575e-47
 3.22969e-05   1.7774e-35
 8.64895e-24  2.59167e-08
 1.79088e-05  4.24538e-35
 1.27177e-07  4.14206e-35
    0.557217  7.97208e-30
  0.00440636  3.27972e-28
 4.16286e-15  1.44224e-15
 5.98039e-19  1.24078e-64
 3.15494e-39  3.33316e-12
   0.0308696  1.46046e-29
 2.78662e-07  1.41744e-34
 5.91701e-28  4.47118e-08
 7.25628e-29   1.0132e-05
   0.0538344  7.20409e-29
 7.17679e-14  3.50498e-33
 5.94523e-47  6.21396e-07
 6.33991e-58  5.87441e-07
 1.18122e-34  3.87549e-09
 2.10191e-14  2.79575e-16
 9.42424e-23    0.0855389
   0.0131728  1.59803e-29
 1.42476e-50  3.02216e-10
 2.75364e-54  0.000341655
  0.00648471  5.75933e-28
 0.000349406   2.2963e-31
  0.00732212  2.10273e-28
 7.33412e-08  9.19602e-23
 3.22317e-38  1.59812e-07
 1.66959e-67  7.67743e-13
 2.75078e-55    0.0003717
  0.00295411  8.68758e-28
 3.28783e-08  2.19324e-22
    0.309549  1.58122e-40
    0.690457  4.98264e-40
 0.000257215   6.9295e-30
 1.31692e-39  7.66084e-12
   0.0214843  1.02333e-33
 4.80583e-62  6.79454e-08
  0.00735693  2.57561e-33
   0.0614442  2.54507e-34
 1.05315e-57   1.0309e-08
 2.20226e-14  6.20156e-17
 1.94406e-12   2.1656e-27
 8.31588e-13  6.62333e-27
 1.56605e-12  1.92455e-27
 8.99437e-08  5.19316e-30
 2.33481e-54     0.591855
    0.179094  8.69016e-36
    0.609607  2.35628e-35
 1.87568e-23  8.59446e-11
 4.03174e-08  1.02373e-29
 4.92424e-57  2.48463e-26
 4.25181e-27  0.000139826
 8.13992e-66  3.06027e-16
 1.69721e-05  7.93463e-37
 2.71342e-25    0.0121321
 1.28898e-55    0.0297354
   1.705e-26  1.96859e-09
 7.16613e-17     0.221827
 2.68123e-19   3.3394e-65
 3.27263e-06  3.93624e-36
 4.99652e-34  6.16739e-13
 2.66282e-06  2.80696e-36
  2.9493e-27  3.97405e-12
 7.79295e-06  5.43041e-37
 1.03915e-08  8.09237e-23
  0.00228064  8.51266e-38
 5.15545e-09  3.25895e-22
 2.27195e-30  1.50389e-13
   0.0114339  4.04283e-37
   4.304e-28  4.76078e-22
 9.35101e-44  6.49475e-12
 1.13639e-20    3.372e-05
 8.18797e-07  2.24595e-25
 5.36213e-09  1.26214e-22
 6.44147e-31    0.0626336
 1.11042e-49    9.119e-07
 9.83124e-29  3.11295e-05
 2.96698e-06  4.78941e-25
 8.85248e-53  7.28772e-07
 1.27133e-66   2.4503e-21
 3.32701e-05  5.93019e-38
 1.00911e-47  1.50937e-07
 1.49476e-05  1.77312e-37
  0.00013953  7.41817e-31
 4.95845e-35  4.11454e-16
  1.0687e-50     0.551709
 2.52351e-36  1.12009e-15
  7.2879e-06  2.13627e-25
 3.89859e-40  1.33294e-12
  9.9971e-21  0.000226986
 0.000429892  1.92144e-30
  0.00240472    1.227e-29
 5.01143e-33     0.640808
  0.00017163  4.80761e-31
 6.84674e-53        0.686
  0.00109756  2.32835e-30
 9.34893e-07  4.74399e-38
   0.0284844  6.57065e-30
 2.99363e-63  2.81687e-24
 0.000602101  4.28207e-31
 1.13798e-58     0.229689
 0.000753803  3.51001e-31
    0.555978  2.11324e-30
 2.54074e-15  2.47849e-21
 2.00889e-34   5.5318e-14
   0.0117551  2.90456e-32
   0.0426211  1.51049e-31
    0.014878  3.60039e-32
 0.000502879  1.06429e-32
 5.88796e-10  1.43387e-41
 9.90059e-24  3.77036e-08
 8.05238e-10  5.51709e-41
 3.37064e-35  1.50327e-17
 1.82936e-31     0.690449
 2.17651e-40  9.25582e-11
 5.08962e-14  1.36371e-50
 7.54533e-52   0.00176151
  1.7621e-41  3.83062e-07
 1.06678e-45  1.02119e-05
 4.72375e-10  5.57709e-38
 9.48594e-07  3.17256e-35
  4.2823e-31     0.309551
 8.75007e-42   0.00397207
 2.44868e-06  1.14618e-34
 3.67875e-33  8.08161e-11
 5.86921e-52     0.034688
 5.66557e-51  3.15585e-08
 1.20692e-07  2.91546e-29
 3.33168e-31  0.000357593
 2.16812e-57  0.000762839
 7.03988e-10  1.62589e-38
  3.4565e-06  3.00758e-34
 2.67755e-09  6.88076e-31
  1.3575e-23  0.000264919
 5.21128e-64  0.000298408
 2.39101e-58  0.000103773
 6.13872e-06  9.79356e-34
 1.32039e-05  1.58659e-32
 1.04995e-45     0.103652
 3.98575e-48    0.0552074
 1.05542e-34  0.000873025
 3.47512e-05  2.85252e-36
 3.77724e-45  1.74578e-08
 0.000158093  1.54685e-35
 1.28274e-47  1.66496e-15
 3.81126e-54  3.50376e-31
 2.00043e-05  1.06001e-36
 0.000165984  1.32316e-33
  9.1505e-26     0.301305
 1.27616e-42   7.6948e-09
 1.03836e-62  4.97422e-09
 4.21181e-30   0.00968699
 3.22241e-27  4.87842e-19
 0.000936844  2.37822e-34
 1.00263e-23  6.14422e-07
  0.00227949    1.078e-34
 1.81595e-47  7.36114e-08
 5.00602e-29   0.00114903
 3.34277e-05  1.39239e-37
 2.01094e-31  7.32657e-06
  0.00393368  2.51776e-49
  4.5998e-06  1.77736e-56
 9.20032e-13  7.60072e-42
 8.71153e-06  3.94077e-58
 4.16652e-13  3.72127e-42
    0.554469   2.9754e-37
 3.75635e-05   2.5283e-60
   0.0609003  1.67072e-38
    0.688048   2.3746e-45
 1.24238e-10  2.12727e-28
    0.306835  6.27018e-44
 1.28205e-45  6.30264e-17
  2.2792e-70  1.73178e-14
 5.10414e-34  1.16272e-07
    0.197885  1.49424e-39
 3.28796e-13   1.1217e-42
 3.89419e-93  3.30682e-29
     0.02131  1.10659e-41
 9.89329e-14  1.64183e-45
    0.642368  5.90721e-40
 3.70572e-35  1.76381e-08
 8.71916e-83   0.00873042
  2.2649e-25  3.63802e-14
 2.60479e-36  1.74584e-14
 5.98194e-22    0.0328097
  6.1943e-54   0.00439157
 1.40733e-35  2.32301e-06
 3.72084e-24  0.000122911
   0.0110035  3.27364e-41
  0.00128597   3.3166e-42
 1.95939e-45  6.76477e-09
    0.149379  2.91924e-41
 2.83086e-41     0.100963
    0.308593  2.16623e-57
 1.31426e-42  1.26124e-10
 1.86749e-29   2.8166e-05
   0.0350651  1.02571e-42
 3.24357e-49  7.94203e-06
 7.39096e-48     0.557259
  1.1427e-28  1.82011e-06
  0.00357961  9.38893e-42
  0.00773449  9.90224e-43
  0.00882042  1.30517e-42
 1.46131e-39  3.41504e-05
 4.20763e-25   0.00771756
 2.72179e-39  8.01451e-10
 7.55127e-75  4.39684e-10
   0.0706062  2.55244e-42
  0.00371353   4.8234e-42
 3.89725e-35  1.66794e-11
 1.98286e-10    1.079e-39
 4.38967e-39  7.23653e-05
    0.689734  8.08793e-57
 2.04018e-36  1.14515e-07
 1.67554e-35  0.000854548
 6.30371e-10   4.1272e-39
    0.639029  2.90456e-41
 6.79193e-15   1.3607e-23
 1.01678e-13  1.92528e-43
  1.4827e-13  3.59368e-43
    0.132084   2.3222e-41
 1.26429e-52   2.0046e-05
 3.25761e-52  1.22782e-07
  3.8462e-48  3.04912e-06
     0.21576  1.02334e-40
  1.6773e-52  0.000658843
 3.66063e-08  4.24321e-36
 2.28508e-06  1.06258e-35
 1.85774e-52   4.1406e-06
  1.2245e-30      0.60779
 8.67009e-35  4.47054e-07
 8.93201e-08  1.10524e-35
 6.96135e-07  3.67205e-35
 3.51357e-28  5.28267e-13
  3.7981e-10  1.05774e-37
 8.96977e-10  2.63464e-37
  1.8511e-23  3.07212e-11
 1.22963e-30  4.35862e-24
 1.74236e-36  1.74723e-09
 1.11691e-16  1.35579e-52
 3.14789e-06  9.82742e-44
 1.73432e-63  1.81784e-09
 2.40556e-28   0.00242446
 1.28437e-08  2.28144e-33
 1.78478e-06  3.08654e-43
 2.47752e-48  1.86911e-05
 5.80286e-09  5.12804e-33
 6.24851e-42  3.78232e-09
 3.92176e-16    1.248e-33
 1.68213e-52  5.83774e-07
 3.62615e-41    0.0196618
 5.60963e-37  7.99765e-15
 7.18362e-57  7.76229e-10
 2.09165e-08   3.4129e-41
 2.31693e-07  2.67123e-42
 9.30803e-77     0.999889
 6.90256e-08  1.05629e-41
 2.13723e-11  1.17505e-30
 9.53521e-35  1.08819e-10
 4.00648e-37  4.37816e-13
  6.1406e-12  1.24141e-47
 7.13755e-13  1.25006e-29
 1.00328e-08  3.48836e-44
  8.2142e-52     0.679263
 1.29924e-10  3.67631e-46
 4.03862e-12  6.41328e-30
 2.08676e-14  3.46594e-38
  1.8696e-13  1.15858e-28
 1.28099e-14  7.29782e-38
 5.50496e-61  3.90913e-17
 8.84441e-20  2.85915e-25
 8.01935e-36  6.95016e-14
 5.19603e-14  5.50677e-28
 1.56809e-13  2.86272e-29
 8.92932e-53   0.00883467
   0.0133771    0.0294295
 6.35972e-58  2.62206e-14
 3.96947e-14  2.48656e-28
 2.34052e-10  2.27556e-39
 3.35544e-23  1.13011e-07
 5.66226e-19  2.58296e-23
 1.64478e-57  3.85493e-14
 4.47935e-56  1.61109e-10
 7.46014e-19  3.44209e-23
 5.40585e-10  5.81276e-39
 1.23695e-29  2.26932e-06
 3.37292e-19  1.23005e-26
 1.72384e-09  1.68382e-38
 5.15374e-27     0.561089
 1.25264e-56  6.11993e-11
 8.74508e-31  5.88174e-09
 1.81914e-12  2.45943e-32
 9.58085e-49  9.76822e-08
 2.02491e-23   1.8764e-25
 2.08859e-27  0.000583286
 8.67249e-33  3.28852e-12
  4.9908e-09  5.78484e-38
 7.19384e-36  1.62261e-05
 2.32253e-63  3.62106e-10
  5.8905e-39  6.20453e-10
 4.34055e-12  1.05192e-32
 4.08968e-21  1.79806e-06
  1.7976e-24   2.7986e-14
 1.62138e-10   2.8352e-34
 2.87352e-10  5.52893e-41
 3.36405e-55  9.71297e-07
 6.33928e-59     0.675573
 2.70385e-41  1.09701e-12
 3.90272e-08  5.05897e-37
 7.55531e-38  7.04129e-17
 1.00315e-22     0.221687
  1.9782e-76  1.89176e-10
 3.68776e-10  1.23714e-34
 1.85412e-54  3.11063e-05
 1.45384e-45  3.07264e-09
 2.95422e-12  5.14429e-36
 1.15595e-07  1.12701e-37
 3.39302e-41     0.619017
 1.26207e-61  1.75558e-17
 6.53891e-12  2.59874e-36
 2.28054e-07  1.41737e-37
 1.39878e-11  4.19156e-37
 1.80927e-68   0.00173649
 1.83364e-24  5.77853e-09
 7.62096e-40   7.6406e-05
 7.96861e-10  1.75615e-40
 1.16151e-77  2.35075e-23
  5.4057e-14   0.00288257
 7.32332e-07  4.54937e-38
 1.28545e-50     0.655482
 2.88857e-11  1.83474e-37
 7.01543e-10  2.38218e-38
 4.28727e-32  3.21297e-06
 1.39514e-07  1.25857e-44
 3.83632e-13  4.52607e-47
 2.05417e-40      0.68789
 1.07335e-52  2.57017e-12
 2.13822e-13  2.40083e-47
 3.22856e-07  3.05052e-45
 0.000205191  1.32887e-40
  8.9165e-67     0.551864
 2.67339e-34  3.38325e-08
 2.92368e-12  8.94088e-06
 1.99085e-48   8.4743e-06
 0.000597105  3.44715e-41
 1.72562e-39  1.66748e-07
 1.37854e-52     0.303588
 4.19035e-46  0.000181969
 6.38551e-07   2.9195e-41
 2.83583e-34     0.613086
 1.31341e-06  5.03751e-46
 1.09598e-49  7.17468e-07
 9.06517e-14  0.000132355
 1.42704e-06  1.13901e-41
 1.98295e-08  3.27819e-44
   0.0107578  1.15337e-42
  7.1062e-05  1.62971e-43
    0.029621  2.00411e-43
   0.0011007  1.76752e-49
   0.0267622  5.32325e-44
   0.0325171  9.03762e-48
       0.583  1.91565e-45
 5.54455e-31    0.0356569
 2.08157e-05  3.23358e-44
  0.00188368  2.84048e-50
 2.50181e-35  9.13486e-12
 9.19466e-28  4.55544e-11
 4.19962e-07   1.6321e-53
 1.06723e-30  2.98905e-21
    0.129907  6.87356e-47
 0.000468022  2.52286e-52
    0.551665  9.63116e-52
    0.171465  2.89876e-49
     0.12817  1.78915e-49
 1.10956e-40     0.205984
 7.88368e-49  1.00892e-10
    0.637722  4.29847e-50
 0.000152135  6.56554e-54
    0.152795  7.90384e-51
 8.66032e-58  8.81426e-08
 3.16393e-27  3.38145e-05
 2.06899e-49  7.71989e-07
 9.90318e-57  8.63342e-06
 1.90673e-64   0.00520512
  0.00176676  1.95811e-52
 1.61665e-29  1.69018e-05
 3.17253e-28  7.66881e-05
 2.44669e-68  2.38307e-19
 7.84045e-25  1.23406e-14
 2.26148e-60  1.36264e-20
  0.00112919  1.29903e-53
 2.22856e-48   0.00485318
 0.000576995  1.43022e-54
 8.20978e-38  4.40384e-13
  0.00528368  4.10374e-53
 1.04976e-53  8.36115e-13
 3.51297e-08  9.11282e-62
 1.51963e-06  1.74699e-57
 3.65411e-05  6.59931e-57
 8.01771e-21  9.33782e-07
 6.81085e-28  5.51923e-12
  5.1888e-05  1.77254e-56
 9.00591e-65    0.0569104
 1.13351e-07  4.14692e-61
 1.87536e-41  2.79075e-13
 1.64013e-05  8.23353e-59
 1.44706e-54  2.10318e-13
 7.05286e-07  2.02034e-61
 3.94571e-46  0.000796805
  2.8178e-35  4.18488e-11
 1.34308e-64     0.297168
 5.10779e-08  1.08995e-59
 2.32408e-08  1.40623e-61
  9.5512e-22  2.35709e-17
 1.52547e-06  6.86792e-64
 7.41497e-22  1.01458e-05
 1.02709e-20  3.70501e-65
 1.63205e-43  1.46301e-09
 2.83099e-08  3.43596e-63
 1.89755e-07  3.70423e-63
 9.50616e-06  3.02648e-67
 6.46712e-30     0.558376
 5.57082e-42  1.95425e-11
 1.43132e-25   0.00319617
 4.07822e-21  9.05443e-65
  6.2036e-15  7.10041e-75
 1.38323e-14  1.23146e-72
   0.0004176  3.22768e-72
 3.44028e-32    0.0428426
 9.53868e-31  1.09584e-13
 1.77402e-55   0.00285732
 3.76905e-36  2.83899e-10
  3.7742e-46  5.58811e-10
 7.77593e-06  5.99391e-67
  2.8234e-35  5.50463e-06
 5.39381e-16  1.67041e-71
  0.00116715  2.63305e-74
 1.45625e-15  6.58142e-72
 1.83784e-05  3.63016e-68
 9.46216e-30  6.92721e-13
 1.94201e-39  0.000170521
  4.3623e-29  7.74179e-05
 1.81919e-41  2.03385e-12
  0.00552155  5.64759e-74
 2.02756e-24  7.11475e-09
 4.92417e-15  2.55064e-72
 2.71942e-05  6.90091e-67
   2.521e-27   2.9287e-10
   0.0181611  1.42484e-71
  0.00102857  4.33583e-66
 0.000446419  1.57654e-64
    0.169325  1.01351e-68
    0.090761  1.00991e-66
 5.17985e-05  1.56463e-61
    0.601256  3.88897e-67
 1.77651e-26  2.31663e-24
 1.31925e-45     0.690413
 3.34585e-51   0.00185008
  4.5664e-05  1.14245e-61
   0.0122174  5.41588e-64
   0.0133471  2.72091e-64
 1.13974e-25    0.0339492
    0.935542  6.64635e-57
 2.82282e-53  1.20541e-05
   0.0224615  3.70743e-67
 1.11916e-38  2.91051e-05
   0.0105046  7.40943e-59
   0.0080716  6.09742e-59
    0.936091   2.3743e-56
 5.50038e-67  4.49727e-17
  0.00785633  1.98355e-68
 6.92207e-07  1.01747e-62
 1.53128e-46   0.00375216
 3.55941e-57  5.54278e-24
 3.82538e-44  6.49374e-10
 0.000101812  2.29567e-59
 2.47205e-23  7.05542e-08
 2.59994e-45    0.0668332
 4.60551e-05  7.08129e-60
 6.02444e-39  7.80344e-18
 2.69945e-45  5.01083e-06
 1.07404e-67  1.94676e-23
 0.000350769  3.10679e-48
 9.61083e-40  6.62945e-10
  4.1703e-31  9.47209e-09
   0.0271901  8.98329e-55
 1.54529e-06  1.55226e-57
 9.13104e-28   0.00010109
 1.44369e-62     0.690412
 1.83516e-16  2.55384e-14
 9.82247e-07  1.25339e-57
 4.88057e-07  1.31572e-56
 1.60922e-75     0.309551
  9.0393e-21  1.33185e-76
 1.50106e-07  1.45938e-55
 0.000994138  9.57139e-48
 9.65824e-08  9.23562e-53
 1.82995e-22  1.04378e-16
    0.690445   1.5975e-54
    0.309546  8.96595e-55
 7.04263e-06  1.75499e-48
 6.51583e-05  1.78387e-51
 2.94562e-26   1.1949e-10
 2.01519e-44  2.18784e-09
 3.38415e-22   0.00801914
    0.309478  1.14549e-47
 9.73888e-52  0.000540815
 1.96445e-06  9.81139e-47
 1.20672e-05   2.4491e-43
  7.9413e-07  1.20034e-45
 4.60357e-54   0.00591624
    0.690393  4.68799e-48
 4.87397e-58  1.10072e-26
 4.35047e-48   0.00256089
 1.42694e-44  4.06576e-11
 1.55919e-08  2.26736e-43
 1.52476e-27  4.28078e-16
 9.65276e-46    0.0232883
 6.67848e-45  5.98158e-10
 1.49787e-18   0.00407629
 3.93361e-50  4.08823e-15
 1.37363e-40     0.204219
 9.03294e-09  3.79262e-43
  5.5724e-71  2.36854e-13
 3.06648e-09  2.01086e-44
 7.68491e-06  1.57035e-47
 3.44662e-06  2.69635e-47
 8.83754e-10  1.53649e-44
 1.20875e-10  4.65703e-42
 6.08865e-11  4.72405e-41
 1.01138e-13  1.62075e-37
 1.19337e-10  1.57691e-44
 1.95669e-27  0.000534544
 4.03178e-44  1.08992e-10
 4.29875e-42  3.46798e-17
 8.38316e-22  2.38676e-06
 2.14019e-13  1.19714e-38
 3.37226e-65    0.0865518
 5.04512e-11   8.9657e-45
 4.14149e-14  3.13283e-37
 5.01835e-66  2.44582e-20
 6.36165e-14   1.4623e-48
 6.07475e-17  3.09961e-34
   6.987e-24  2.21574e-41
 9.08144e-13  3.43666e-42
  3.7953e-23  1.08874e-06
 3.69122e-37  1.02773e-11
 1.07819e-23  3.55115e-41
 8.13173e-35      0.17263
 3.76315e-16   2.3025e-36
 3.42537e-39  8.04642e-12
 7.68016e-26  2.85004e-43
 2.52762e-17   7.4755e-34
  2.6488e-46  1.69374e-05
 3.74918e-16  7.81044e-36
 1.27095e-14  6.61819e-40
 4.61763e-14  9.21245e-39
 2.81146e-20  8.09843e-05
 1.12765e-13  1.31118e-38
 2.22636e-41  5.02809e-06
 8.78365e-15  1.28195e-40
 1.79637e-52  0.000945693
 8.29389e-19  2.21303e-32
  5.7185e-13  2.67592e-39
 5.32353e-32  1.22348e-11
 7.25565e-15  8.34024e-42
 1.83469e-23  2.81494e-13
 1.67941e-41  1.38895e-06
 1.09236e-28  4.37597e-06
 1.42262e-11   1.0944e-41
 5.18357e-34  2.21932e-10
   4.004e-35  7.60942e-14
 2.75546e-11  1.15414e-41
 2.88652e-47  7.38908e-16
  2.6814e-11  2.56951e-41
 1.41761e-45  0.000167792
 1.87576e-45    0.0251951
 4.71667e-11  9.30327e-42
 3.72888e-20  4.53354e-31
   2.538e-21  3.36536e-06
 1.10132e-66  1.73555e-18
 8.15609e-10  1.21148e-41
 4.83983e-10   2.9489e-42
 6.98793e-31  1.04394e-20
 1.47685e-35    0.0124571
 1.54632e-09  1.91115e-41
 4.40564e-09  8.01803e-41
   1.365e-08  4.61927e-33
 2.39511e-23  8.67077e-28
 2.93584e-08  1.08118e-32
 1.69933e-39  2.97868e-05
 9.13188e-24  1.91147e-27
 1.69863e-07  4.40321e-39
 5.78541e-57   0.00209431
 8.02167e-44   0.00224006
 1.09626e-27  9.70383e-24
  7.4255e-06  3.24304e-35
 4.31704e-26  2.79303e-05
  8.1154e-14  5.69956e-21
 3.86456e-34  2.81203e-12
 3.16723e-27   4.2491e-24
 3.26521e-55  1.80582e-05
 3.67545e-65  0.000536342
 7.40349e-06  1.91318e-37
 3.03943e-06   6.4584e-38
 3.51311e-72  3.82493e-18
 2.15483e-05     0.567555
    3.56e-08  3.27025e-40
  2.2336e-08  1.37051e-40
 9.53563e-08  1.33345e-39
 1.02694e-34  2.42725e-08
  5.6186e-40  2.43154e-14
 4.84998e-27     0.615194
 1.55771e-42  1.41883e-07
 5.81688e-58  9.20005e-07
    0.626466  3.65897e-33
     0.21932  1.42216e-33
   0.0521243   5.2019e-32
   0.0744912  4.22764e-34
   0.0201659  1.42947e-31
  4.3066e-40  1.05165e-08
 3.12986e-55   0.00114452
 7.34027e-61  3.63451e-08
    0.686578  9.06498e-54
  2.6597e-75  2.79635e-15
 1.57855e-42   2.3317e-10
 1.95344e-67  1.23374e-15
 1.73905e-24    0.0662347
  0.00236389  1.08691e-30
    0.304417  1.48956e-52
 5.52365e-37   0.00865033
 1.49677e-44    0.0168739
  2.0653e-13   1.4652e-20
     0.68926   1.0091e-45
  0.00752412  7.88643e-50
 6.65272e-29  3.28639e-07
 9.68022e-42   3.1318e-12
 3.93119e-23     0.630102
 8.25491e-42   4.9926e-13
 5.17252e-47   0.00320667
 1.35041e-44  8.65096e-06
    0.308219  4.49302e-45
 9.73996e-05     0.703113
    0.012912  1.88112e-43
 9.06669e-45  2.25748e-06
  0.00208284  1.08718e-48
 5.28295e-54     0.560076
 4.75782e-05   5.4365e-51
  2.1031e-32   0.00407602
 0.000741014  5.20034e-48
 7.32176e-45  5.27861e-09
 1.45993e-12  1.61428e-43
 0.000139708  4.63145e-47
 3.64526e-07  1.92674e-39
 1.58615e-53   3.9725e-05
 1.04216e-70  7.04821e-15
 2.26678e-62    0.0076243
  3.5291e-09  8.35935e-47
 1.58137e-09  1.86286e-46
 1.63368e-07  2.47588e-39
  1.7969e-06  4.12954e-49
 7.01659e-11  1.36064e-35
 1.29138e-27  1.12661e-18
 2.36766e-49  2.36276e-09
 1.56202e-10  5.78793e-36
4.06833e-165 2.64984e-111
 7.09653e-19  1.15345e-27
 1.33124e-26    0.0302476
 1.00366e-16     0.282953
 1.63754e-11  4.53665e-54
 1.28814e-08  2.61327e-50
 1.24453e-45     0.165674
 9.22888e-09   8.0575e-51
 3.66894e-10  1.73267e-52
 2.84191e-13  2.26875e-44
 6.05164e-13  4.83424e-45
 5.11652e-13  4.09367e-45
 2.47352e-12  1.58585e-45
 1.31191e-22  3.69482e-07
 3.15062e-26  4.36356e-09
 1.33235e-35  5.92695e-08
 2.72273e-53  1.54198e-09
 1.65519e-12  2.06487e-55
 1.71062e-13  1.84935e-57
 3.34299e-37  2.42587e-16
 1.32583e-12   7.0432e-58
 9.77249e-28  0.000408669
 1.31552e-47  5.10313e-13
 1.09717e-32  2.68442e-12
 8.70715e-59     0.551665
 2.64702e-12  2.77457e-56
 6.79654e-09  4.23746e-45
1.56592e-105  6.46633e-42
  2.3422e-08  2.38564e-47
 9.98707e-36   6.0733e-07
 6.27136e-08  1.55128e-49
 1.29383e-52    0.0139525
 6.84852e-10  2.84539e-58
 2.37199e-10  2.17879e-40
  7.3466e-10  2.23727e-39
 7.53867e-42   1.6753e-09
 4.35079e-18  1.53995e-36
 5.19513e-06  7.17783e-43
 6.42981e-08   0.00169377
 5.62347e-26   5.0755e-08
 1.89202e-09  2.35057e-38
   0.0461977  5.21369e-50
 3.06292e-08  2.59138e-37
 2.82646e-56  2.30215e-05
 5.07283e-47  7.25984e-06
  1.0159e-33  4.14448e-17
 7.24603e-08  1.67015e-36
    0.685024  2.19787e-51
 1.70716e-20  0.000376504
 1.66784e-32  1.83625e-16
 1.15403e-27  6.68603e-10
 2.32417e-58     0.268344
    0.299798  1.48855e-51
 3.74171e-26    0.0932658
 7.50676e-33   1.7484e-10
  4.3191e-51     0.262268
 2.46217e-06  8.43057e-35
   0.0309469   2.8546e-51
 8.71134e-36     0.690103
    0.309551  2.11463e-38
 7.10934e-06   7.6419e-49
 3.22816e-20  2.31816e-05
 8.48103e-06  4.27057e-34
 6.61659e-53   0.00606642
    0.690449  4.99433e-38
 2.13034e-06  7.28638e-35
 2.99365e-46  4.91461e-06
  0.00134764  7.52189e-32
 7.89717e-67  0.000772524
 1.76133e-09  5.81255e-39
 2.24571e-06  1.01623e-44
 3.67524e-09  1.25196e-37
 1.00105e-07  2.85851e-36
 3.73228e-23  0.000460558
 2.81062e-46       0.3095
  0.00424972  2.68889e-31
    0.309214  1.16774e-30
 3.58523e-65  2.51115e-10
 0.000120265  2.09085e-32
    0.690179  2.59326e-30
 0.000367638   7.6246e-31
 4.31244e-48   0.00155118
  1.0523e-07  2.33706e-33
  6.6175e-54  2.56089e-05
  0.00114765  9.14704e-30
 5.68471e-05  1.03292e-26
 4.72608e-49    0.0202738
 9.16076e-05  2.08662e-26
 7.22748e-33   0.00189043
 3.89988e-27     0.178886
 2.34734e-07  6.51895e-33
  0.00867624  9.39308e-29
    0.690485  1.98301e-34
 2.07839e-34     0.635643
    0.309632   7.8199e-35
 5.38463e-17  1.06353e-13
    0.132553  2.02137e-27
 0.000424325  1.25646e-36
 1.56675e-39  3.63605e-08
 4.82221e-45     0.118645
    0.268881  7.14088e-27
    0.677856   1.0001e-26
 7.96557e-52  5.26098e-08
 8.26638e-10  9.55111e-18
 7.51665e-44  6.03852e-16
 6.79979e-50   3.3632e-10
 5.29494e-68  8.41563e-11
     0.55171  1.20208e-31
 3.36792e-65  6.18994e-13
 9.31615e-56  0.000290181
 2.57975e-06  2.75116e-21
 5.64622e-49  2.45273e-06
 4.64553e-55   0.00107211
 1.42269e-05  5.33071e-22
 4.25404e-05  1.70197e-22
 3.06921e-10  2.58649e-17
 1.78826e-07  8.37438e-23
 1.13418e-34  1.20767e-05
 1.96405e-56  6.51501e-14
 7.87119e-08  3.84034e-23
  0.00164491  2.01927e-30
 3.32128e-40  5.04043e-19
 4.59851e-45  4.52259e-05
  2.1645e-08  9.65972e-24
  0.00372928  4.96478e-30
 5.95763e-44     0.575291
 2.90489e-41     0.124484
 1.37615e-45  1.34319e-05
 3.21316e-61  1.51619e-07
 3.03125e-05  5.02052e-28
 1.48503e-09  6.20732e-25
    0.306975  3.27913e-32
 5.57853e-25  2.14224e-05
 9.36115e-46   2.6984e-08
    0.688515  1.27128e-32
  5.9549e-55   1.4864e-05
 1.58111e-08  1.24495e-28
 3.46317e-06  5.73595e-29
 2.08456e-08  2.12702e-29
 1.58268e-08  8.31789e-30
 1.20955e-29  6.05599e-13
 9.49611e-20   6.8627e-05
  1.0724e-11  5.97757e-29
 5.48931e-42  1.56811e-06
 3.00762e-13  7.00809e-31
 8.39544e-13  3.20674e-30
 1.36046e-43  1.15863e-16
 1.76162e-09  1.91948e-32
 7.74508e-10  1.52556e-33
 7.71882e-46     0.636228
 1.65438e-64     0.659697
 9.38061e-10  4.04959e-33
 7.01246e-14  4.67114e-32
 2.81599e-14  4.13967e-34
 2.65283e-48  3.26281e-06
 3.16459e-14  1.24231e-32
 6.05451e-14   3.1342e-36
 8.80243e-05  1.64968e-38
  0.00170231  1.11711e-39
 1.42348e-05  5.11183e-40
 7.97716e-06  8.84185e-41
 1.25611e-10   1.9104e-35
   0.0336626  1.41705e-41
 3.87804e-19  5.96349e-55
 1.81468e-34     0.580927
 6.45604e-23  4.36026e-11
   0.0785066  1.14688e-41
    0.560643  6.33923e-41
 4.74722e-10  7.49266e-35
 3.63803e-29    0.0117694
 9.74567e-26  2.83058e-11
 1.02342e-57  0.000409759
 1.67768e-07  4.60927e-37
 3.00793e-07  7.97697e-37
 2.48228e-07  1.61929e-36
 1.34364e-29  8.30724e-06
 0.000212625     0.340016
 7.41154e-09  1.15316e-33
 1.66942e-08  2.62456e-33
 6.63809e-17  2.54872e-14
  1.1869e-37  1.29752e-13
 2.20884e-35  0.000216299
 1.22125e-27  6.05494e-05
 5.13245e-34  1.94476e-11
 2.67712e-34  2.62817e-13
 6.80421e-06  4.75363e-35
 2.90561e-41     0.622044
  2.9321e-06  2.03088e-35
    0.309535  5.36914e-30
 2.16817e-34    0.0015142
 2.13437e-15  1.44782e-44
    0.690436  3.48973e-30
  6.2479e-53   0.00472403
 8.70222e-24  0.000286866
 4.68701e-65  2.46478e-19
 4.60833e-48  2.28157e-13
 8.73449e-35  8.68926e-18
 4.86668e-45      0.66448
 7.99062e-26  3.38126e-56
  0.00025628  8.37527e-27
 8.67074e-05  2.76253e-26
 4.66678e-48     0.690438
 6.61322e-12  1.22779e-41
 2.35417e-45  7.12932e-06
 2.33258e-40  1.24286e-06
 2.18212e-46  3.71093e-05
    0.689024     0.308036
 9.88179e-12  5.57775e-42
 2.74262e-30  1.96234e-24
 9.27189e-23  4.06684e-53
 2.82158e-05  7.72241e-26
  1.5408e-20  7.90307e-51
    0.555817  6.79653e-38
 7.89207e-41  5.31773e-07
   0.0482579  1.35874e-38
 1.24473e-71   1.6079e-15
 6.90821e-21  3.57796e-51
 7.58264e-35  6.62542e-18
  3.7889e-28   0.00800436
  0.00501956  7.44233e-38
 3.25347e-52  4.77086e-09
  0.00277473  1.62681e-37
 2.37391e-15  4.21854e-15
 1.95787e-43   0.00161641
 2.38524e-27  1.36018e-11
 1.47626e-12   1.3412e-18
 7.00552e-46    0.0341415
 6.70907e-13  6.01749e-19
 5.31444e-13  3.03946e-47
 3.77533e-08  1.07035e-32
 8.69026e-15  4.91115e-49
   1.502e-14  8.12306e-49
 6.59704e-87  9.75604e-31
 4.75215e-60    0.0877815
 1.34215e-90  7.69093e-29
 1.24502e-15  4.02937e-25
 2.49041e-12  1.86334e-22
 9.63721e-22    0.0125756
 5.56411e-16   1.7807e-25
 1.37925e-10  2.61515e-42
 8.14382e-17  2.49848e-27
 1.22767e-50  0.000108128
 5.65599e-33    0.0195942
 6.45869e-26   2.1975e-06
 3.74088e-17  1.43907e-27
 5.55257e-12   8.3487e-23
 1.28626e-09  3.01056e-42
  0.00238279  2.83846e-55
  1.7004e-21  1.29914e-20
 2.00192e-11  5.43534e-44
 8.67376e-27     0.001913
 2.96262e-09  9.60711e-42
  6.2643e-07  1.88843e-39
 1.21946e-39  3.20549e-13
  0.00531549  1.33856e-55
 1.39881e-06  4.83437e-39
  9.7637e-48  0.000677246
 4.77552e-60    0.0887858
 2.92918e-41  2.98137e-11
 1.11137e-52  2.10931e-09
 3.63886e-12  4.99592e-45
 7.83966e-55  9.73529e-14
 3.55265e-30  2.64635e-21
 2.88546e-46  8.39497e-15
 7.80763e-45  2.94091e-12
 9.68321e-06  3.82591e-29
 2.66832e-46  0.000334302
 2.09507e-22  8.24651e-17
 9.79049e-29  1.82658e-07
 2.38472e-27     0.106476
  0.00326153  1.31034e-31
 2.41003e-48  5.94487e-06
  0.00899788  4.72413e-32
 0.000180904  6.10753e-37
 9.00397e-50  4.77073e-07
    0.551706  2.98647e-58
    0.307937  1.35608e-33
 2.35917e-27  4.29475e-07
 6.34186e-46  7.51446e-05
 4.74682e-16  9.43821e-15
 1.49739e-41  1.70288e-09
  6.0767e-12  2.25307e-19
 9.63872e-44  7.36603e-08
    0.689182  6.53008e-34
 3.20948e-11  2.79746e-44
 1.28117e-56  1.71091e-05
 4.50203e-07  4.55478e-40
 6.16916e-40  7.16839e-13
 4.00979e-29  4.00161e-17
 2.46839e-05   2.4651e-38
 3.36667e-58    6.657e-22
 1.12629e-05  1.05691e-38
   1.326e-32    0.0748766
 6.25692e-05  6.25394e-38
    0.551665  7.82768e-38
 2.10013e-10  3.14911e-57
 2.22074e-15  6.37196e-49
 2.44771e-08  2.21083e-41
 8.20072e-67   1.2535e-24
 3.32919e-45  5.57838e-06
 4.93173e-15  1.82867e-48
 6.29983e-58  5.17297e-08
 9.23031e-08   2.2308e-31
 1.44259e-15  3.32613e-51
 4.36575e-16   0.00641602
 4.39398e-12   3.0783e-45
 8.27977e-09  6.24257e-42
 1.53345e-10  1.00118e-47
 6.74198e-41   0.00189849
 2.98822e-10  5.91603e-47
 4.49814e-22  6.05683e-07
  2.5588e-45   0.00114727
 5.84573e-29  1.21538e-05
 3.18958e-12  1.77697e-45
 1.13759e-47     0.309539
 6.41815e-10     1.11e-47
 2.44318e-45  6.93132e-12
 2.51817e-69  1.59287e-07
 1.01815e-28  2.34145e-08
 2.66484e-12  1.38975e-45
  6.3654e-09  1.41766e-48
 1.14696e-45  1.68914e-05
 3.64847e-53     0.013166
 1.24758e-28  1.68053e-62
 7.45776e-28  2.05327e-61
 5.01108e-68  0.000250215
 1.66428e-13  5.59303e-47
 3.11513e-28  5.07482e-62
 1.60623e-23   5.1774e-07
 3.14265e-28  3.73448e-13
   0.0497379    1.961e-53
   0.0928016  3.75834e-50
    0.104877  5.38263e-54
 1.76579e-55  0.000355994
 0.000726231  6.01217e-47
 3.13962e-60  9.54962e-08
    0.581219  1.89537e-52
 2.62028e-27  3.51372e-07
  0.00032447  3.38319e-46
 6.17582e-19  5.81813e-53
 1.02411e-52     0.230811
 2.13059e-53  6.75452e-06
 5.53141e-13  7.38399e-42
 2.05916e-12  6.86042e-41
 5.59516e-16  1.97909e-47
 2.31661e-22  2.21465e-14
 9.96426e-41  2.26982e-06
 1.29401e-76     0.690449
 6.50074e-39  4.08069e-08
 6.68099e-42  6.39813e-12
 3.87778e-15  4.22049e-45
  5.5302e-34    0.0027871
 1.63552e-15  1.60701e-47
 4.22376e-11  3.74654e-39
 2.27066e-26  5.74063e-11
 8.59137e-27    0.0672035
 2.07354e-36  2.30829e-14
 8.08298e-13  6.79371e-38
 4.52498e-13  3.64918e-05
 7.01907e-08  4.53437e-79
 2.16466e-12  2.67881e-37
 3.31568e-08   4.4459e-78
 1.77387e-13  8.48972e-05
 1.87234e-17  3.35198e-42
 3.93384e-12  1.07654e-36
  8.4013e-18  1.01173e-42
 4.73523e-32     0.085221
 1.09604e-60    0.0725214
    0.551665  7.56804e-87
 2.49005e-21  6.25453e-05
 5.58899e-15  1.12727e-21
 2.96318e-42  2.40951e-09
  7.7515e-57  2.65844e-11
 1.62435e-16  8.80866e-10
 3.18909e-29   4.1449e-07
 1.54174e-52    0.0107913
 1.70146e-05   5.8577e-30
 1.71192e-44  9.48698e-09
  0.00745838  2.68885e-27
   0.0131193  4.67757e-27
 3.59727e-49  2.24678e-10
 2.59797e-48  3.95713e-17
  0.00087094   6.8191e-27
 6.56268e-26   7.7237e-11
 2.06735e-35  1.37671e-08
   0.0255476  1.07119e-26
 4.51954e-42  8.21675e-11
 1.71162e-33     0.163028
 2.01182e-06  3.28837e-30
 5.64742e-56     0.552593
    0.553154  2.04261e-25
  0.00185694  2.42165e-26
 9.99367e-34  1.09573e-11
   3.631e-43  7.62092e-10
 1.70846e-67  2.76332e-12
 9.80965e-08  6.47474e-29
 8.34369e-07  1.29771e-30
 3.88792e-24  6.43552e-10
 1.56207e-37   1.4513e-12
 7.80889e-38  0.000112155
 1.01716e-45  4.73702e-08
 4.96095e-45     0.006628
 1.53929e-30  1.95055e-05
 1.00448e-39  1.99982e-05
   0.0087329  1.50165e-26
 8.10542e-38  2.94158e-10
  0.00604687  2.25416e-23
 9.34442e-57  2.62064e-10
 3.37767e-35  5.23729e-11
  0.00284932  2.09371e-23
 3.89026e-20  8.27158e-66
 0.000669191  1.74505e-22
 1.51684e-09  1.97969e-33
 1.49275e-10  1.14474e-34
 6.09287e-10   6.6168e-34
 2.73577e-32    0.0687207
 5.78524e-59  9.60631e-08
 5.46426e-14  2.36602e-38
 1.27245e-12  8.99388e-14
 2.20136e-06  6.43249e-20
 8.24129e-37  4.56347e-12
 2.71073e-51     0.188182
 9.97315e-46  5.62476e-06
 2.21916e-14  3.16834e-39
 2.20874e-35  7.67261e-15
 4.34922e-14   1.7546e-30
 1.91745e-14  7.91529e-31
 2.55455e-08  1.06615e-24
 6.91311e-21  2.04216e-39
 4.82992e-47  2.72942e-07
 3.95509e-30  3.39965e-06
 1.62588e-08   2.2088e-24
 1.16975e-55  3.74871e-13
 7.78531e-16   2.9531e-32
 2.77117e-10  9.45862e-29
 3.03729e-21  9.02069e-40
 3.92851e-17  1.49796e-33
 4.92498e-06  5.05876e-27
 1.64265e-17  4.95381e-34
 1.23533e-49     0.551695
 3.03968e-18  9.41296e-35
 2.51919e-05  1.87149e-28
  1.8048e-07  4.34601e-31
 1.26765e-39     0.672862
 1.10964e-07  1.84023e-31
  0.00979829  3.17595e-30
 1.11476e-20   2.2271e-37
    0.011945  1.34201e-30
 8.24259e-40  3.93091e-11
    0.562968  5.10135e-32
 4.41116e-45  1.75406e-14
  4.5135e-24  1.37276e-06
 4.41692e-56  0.000795352
 8.61531e-24   1.0089e-40
  7.6185e-09  1.08447e-36
  4.0248e-52  1.35885e-06
 8.64544e-24  9.13291e-41
 5.75669e-38  5.91014e-17
 7.55297e-34  3.21921e-54
 1.76026e-49  3.92802e-10
  2.3146e-57  4.29022e-06
 2.27114e-30  0.000140496
   0.0789264  6.87545e-33
  2.5794e-10  2.21552e-38
 2.15057e-10  6.01424e-39
 2.45865e-47    1.831e-06
 6.35665e-60     0.551667
 5.10451e-29     0.034181
 1.56453e-10  6.72196e-39
 2.04441e-21  5.52595e-06
 2.84375e-34  7.33327e-14
 1.73301e-14   0.00170268
 8.86368e-14  1.31927e-44
  4.8034e-74   6.2755e-15
 2.06996e-52  0.000549784
 2.77883e-51  0.000353828
 7.47302e-53   0.00891766
 2.59717e-16  3.95058e-10
 9.17395e-29  0.000318397
 1.75917e-29  1.94157e-60
 1.42478e-41  7.50098e-12
 3.94863e-29  3.89423e-63
 8.28895e-42  1.33634e-11
 2.14141e-43  1.49168e-11
 2.00227e-12  4.53754e-46
 1.25439e-39  0.000266856
6.27576e-106  2.90127e-42
 1.86416e-31  0.000594951
   8.653e-79     0.999941
 9.32607e-13  1.02968e-46
    0.309484  1.34473e-48
    0.690399  7.24526e-49
 1.92573e-34     0.552648
 5.78186e-06  6.43148e-53
 1.23136e-05  7.44698e-54
 3.76221e-05  2.36653e-53
 2.50688e-16  1.73302e-34
 1.12379e-16   3.8664e-34
 2.18958e-11  4.33466e-60
 8.87548e-12   7.3196e-61
 1.61955e-35   0.00172888
 2.65624e-12  4.09534e-61
 8.91109e-41    0.0405935
 1.44062e-12  1.00245e-61
 4.26133e-17  2.42443e-62
 2.98534e-14  1.58084e-63
 1.87353e-66   2.2632e-15
 7.73396e-33     1.15e-09
 4.45859e-37  1.04707e-09
 1.23888e-47  1.37931e-06
 2.08713e-17  1.08123e-62
 3.83222e-42   2.7096e-85
 5.57265e-16  1.98743e-65
 2.53159e-16  1.08436e-65
 4.40122e-43  0.000714178
 5.80255e-22  4.50628e-39
 3.99426e-26    0.0373165
 9.09256e-42  1.02935e-82
 1.28192e-21  9.40711e-39
 5.79778e-46   1.3928e-05
 4.49004e-46     0.689932
 7.68187e-26  2.72863e-10
 4.77333e-67  5.48237e-19
 9.20542e-54     0.152104
 7.23444e-21  1.97655e-60
 5.39574e-32  4.75846e-15
 5.89835e-41  2.04418e-09
 8.77199e-40     0.284611
 3.26535e-21  1.05742e-59
 2.34666e-40  1.33612e-79
  1.8401e-25  4.35265e-55
   2.813e-20  7.08915e-45
 1.27326e-20  2.46872e-45
 8.10187e-26  1.06449e-55
 4.68371e-14  1.53062e-38
 3.41558e-42  1.02381e-11
  1.8726e-26  1.62809e-22
  1.5391e-45  5.18655e-06
 1.68994e-33  6.81792e-64
 9.25184e-34  1.21926e-64
 7.93667e-35  4.75393e-67
 7.48034e-36   2.8663e-70
 2.25413e-18   0.00632132
 2.10513e-10  6.83562e-41
 8.17811e-36  2.71099e-70
 1.73485e-50   0.00236589
 1.39393e-65   0.00171981
 4.77646e-10  3.53243e-41
 1.18341e-46    1.231e-12
 2.20334e-11  1.18816e-39
 9.38273e-46     0.308862
 3.10861e-31  9.26378e-77
 9.98919e-18     0.212179
 0.000101918  8.37128e-47
 5.93707e-12  5.15294e-39
 0.000230736  1.68799e-47
 5.60412e-35  8.56187e-11
 6.92842e-31  2.83023e-76
 2.56315e-16  3.10127e-60
 1.08909e-08  4.19067e-45
 1.03669e-31  1.50018e-08
 2.09293e-20  5.66065e-05
 3.57357e-30  3.04243e-13
 1.53883e-56  0.000275313
 1.35369e-39  4.22652e-05
 1.86783e-16  1.03322e-61
 1.49161e-31  2.32821e-20
 1.62325e-50  3.97296e-09
 9.08051e-24  8.94527e-26
 3.46378e-47  0.000211018
    0.018039  4.28494e-50
 2.66699e-41   2.3655e-16
 5.05233e-12  7.57101e-42
 4.50036e-09  1.06578e-44
 2.71266e-27   6.1993e-05
  2.3015e-40  4.73895e-06
 9.57227e-10  4.22886e-44
 1.53781e-43     0.683617
    0.554928  9.54531e-53
 9.19232e-28   1.4979e-12
  0.00328961  3.09213e-55
 7.87663e-27  5.49641e-24
 9.98641e-38  2.83169e-10
   0.0100296  1.20045e-54
   0.0412619  5.05761e-54
 2.98347e-25  2.50937e-09
 6.95098e-45  2.50019e-18
   0.0176316   1.6798e-54
  0.00289974  3.03128e-55
 2.26615e-05  3.65213e-55
  2.4646e-14   0.00096897
 2.50805e-34  1.56491e-07
 0.000979815  9.15696e-56
 1.62386e-26  9.33935e-10
 7.70366e-18  4.05486e-20
 5.03522e-06  2.80374e-20
 2.00563e-35     0.309087
 2.01442e-28  0.000349441
 8.43026e-05  7.48363e-54
  0.00342991  5.53782e-56
 0.000187232  1.67661e-53
  0.00455741  1.05394e-54
 2.80759e-34    0.0593331
  5.7025e-18  1.16992e-36
  3.5011e-49  1.75076e-08
    0.202621  2.28883e-53
    0.618073  9.71127e-54
 1.29582e-10  1.50178e-59
 1.31823e-17  5.08462e-37
  0.00220303  3.05757e-51
 2.03394e-25  6.85888e-16
  0.00167972  1.42361e-51
 3.36663e-08  2.90641e-56
 3.13238e-15  1.73236e-39
 1.07221e-67  6.17988e-08
 2.04261e-25     0.689519
 1.69195e-55    0.0335371
 7.46376e-08   6.2204e-56
 1.74827e-48  1.35668e-06
 1.05179e-56  2.22173e-11
 3.43499e-30     0.561846
 2.23468e-41  1.81127e-12
 1.08253e-38  2.45734e-07
 1.79234e-11  3.48452e-43
 5.81989e-43  6.61278e-09
  6.4355e-12  9.68402e-43
 3.41511e-27  7.06276e-16
 8.67383e-13  1.69009e-44
 4.03759e-13  7.92625e-45
 1.29768e-30  8.04321e-21
 1.67075e-21  1.12921e-48
  5.7773e-19  3.56528e-46
 3.92823e-40  4.38466e-08
 5.29318e-17  4.25893e-48
 3.12035e-14  1.45053e-48
 1.08959e-16  2.74047e-48
 1.04333e-12  5.18967e-50
 1.02534e-12  1.88784e-50
 5.12867e-53  6.77265e-06
 9.70317e-51     0.551718
  2.8759e-61   0.00322266
 3.89832e-37  6.10493e-13
  3.9925e-41  5.09411e-16
 8.91545e-08   0.00234788
 2.74735e-35  3.61105e-18
 9.15867e-12  5.50904e-51
 2.62484e-11  1.81339e-51
 1.10496e-44  2.70776e-16
 8.03747e-16  9.00184e-52
  6.2191e-64     0.272952
 2.90838e-10  2.87275e-52
 1.81277e-28  1.54932e-05
 7.04157e-10  6.34188e-51
 3.02281e-20  4.52502e-48
 4.46266e-46  1.05666e-07
 1.03432e-60  1.60739e-06
 5.08779e-09  3.10883e-49
  3.3161e-33      0.20555
 7.97939e-43  5.06799e-15
 8.21382e-19  3.84399e-47
 4.12238e-57  3.47044e-06
 4.58265e-24  1.33836e-08
 1.11389e-25  9.28819e-17
 2.05773e-48  4.53978e-20
 2.44711e-41   8.8297e-10
 2.06998e-48   0.00550202
 1.43623e-31     0.164378
 1.83596e-18  3.20519e-47
 1.05258e-36  7.24778e-15
 8.65066e-26  6.57635e-10
 5.86104e-43  1.21278e-07
 2.15666e-55   6.9093e-05
  1.0802e-49  2.15264e-09
 3.68816e-06  1.92992e-46
 3.09932e-45   6.6998e-17
 5.16774e-56  1.73367e-05
    0.242389  3.83355e-53
 3.12716e-22  1.50932e-43
    0.656019  5.85749e-52
 1.09387e-05   1.0877e-45
     1.01065  3.42491e-50
     1.00404  1.50407e-49
 4.77273e-70  1.91804e-10
 2.74255e-33    0.0390106
 7.12353e-07  3.27106e-56
  6.7964e-40  4.95796e-07
 1.25302e-64  1.14222e-19
 3.71537e-05  3.38794e-45
 1.21739e-06  6.77875e-56
 8.53467e-11   1.7969e-39
 1.71786e-20  6.82965e-21
 2.76682e-14  0.000645848
 2.10896e-11  1.11106e-38
 1.85407e-11  2.67774e-38
  4.3932e-10  6.03374e-40
 4.48198e-14  1.81136e-28
  1.0858e-09  2.80235e-40
 1.05872e-13  4.33955e-28
 6.00017e-15  1.95375e-26
 9.33295e-52   1.2077e-08
 1.04556e-52  1.29643e-05
 7.28983e-27  0.000136673
 7.78123e-08  4.36084e-33
 1.34403e-08  3.05142e-41
 5.92075e-13  2.02899e-28
 4.76145e-15  2.54213e-52
 1.85312e-71  1.10568e-13
 1.39628e-63  0.000124792
 1.59895e-06   1.8962e-39
 3.46787e-35     0.128908
 5.97493e-23   0.00194582
 9.06958e-51  7.75673e-08
 4.65386e-40  4.13414e-11
 1.98924e-06  3.96452e-39
  1.0265e-20  7.21509e-06
 3.78496e-33     0.237978
 1.30925e-05  5.05176e-40
 1.33354e-25  1.71628e-08
  0.00255618  3.95572e-40
 3.26111e-26  1.31741e-06
 7.01214e-45  9.81148e-10
 1.61035e-06  7.27629e-35
 5.43798e-31    0.0024482
  1.1505e-06  8.75313e-44
 2.20977e-35  9.02178e-16
  0.00600081   9.9631e-40
 3.32457e-33  3.31884e-12
 5.18218e-10  2.32209e-38
 0.000136461  8.56377e-37
  0.00193977  6.01953e-38
 7.75431e-70  7.12717e-08
    0.552111  2.05417e-40
 4.55744e-06  2.78595e-38
 2.97802e-73  3.94205e-19
 2.10686e-06  1.25989e-38
 5.10589e-31    0.0838404
 1.33085e-19  0.000378355
 1.96707e-08  6.57375e-48
 2.61448e-41  2.92758e-09
 8.82031e-09  2.85451e-48
   0.0146168  5.28834e-42