  7.2796e-08  1.18659e-45
 4.20496e-34  3.65819e-17
 1.49032e-07  2.45029e-45
   0.0568606  1.06039e-40
  1.6385e-08  1.14209e-46
 1.43194e-06  2.95074e-39
   0.0397088  5.27463e-40
 2.81511e-27  1.49423e-08
   0.0797956  8.41335e-40
    0.053589  9.35904e-40
    0.708277  1.31133e-39
 1.05777e-34  2.37267e-14
  5.3903e-07  9.64421e-39
 6.04894e-40  5.12484e-11
 3.56814e-22  9.23695e-07
 4.52833e-53    0.0707005
    0.780067  5.19154e-39
    0.325593  8.74948e-39
 7.19647e-63    0.0116803
 1.85955e-07  2.56311e-38
    0.636682  1.57821e-38
  1.0759e-25  5.03522e-05
 0.000165117  4.82401e-46
 8.47256e-06  3.71664e-44
 2.30853e-24  5.95488e-09
 5.22248e-25  2.76545e-16
 4.77463e-23  0.000114863
   0.0386709  1.50126e-37
   0.0758564  1.60682e-37
  0.00233214  6.49129e-41
 1.98074e-55  4.18923e-24
 8.48716e-09  1.67178e-38
  0.00518862  1.50946e-40
  0.00158034  1.00423e-41
 5.95115e-21  1.20581e-05
 1.03494e-30  4.88592e-09
 1.68344e-36  9.46463e-10
 2.38814e-16     0.671012
   0.0154424  5.68602e-37
 3.94493e-64  2.78016e-13
 0.000713636  1.83663e-35
  0.00273115  1.59794e-41
 9.38318e-55  2.65744e-05
 5.55913e-32   0.00428661
    0.307918     0.690522
 1.87282e-50   2.3311e-09
 2.59161e-84  2.17407e-30
   0.0339811  1.26678e-39
 1.33212e-56  2.55281e-07
 1.51257e-19  5.59718e-27
  0.00780142  4.44986e-41
 3.37989e-44  3.25841e-06
 8.75985e-19  7.81334e-09
    0.102552  7.85064e-40
 0.000205546  6.38638e-35
 9.92238e-06  1.92915e-34
 7.38253e-36  1.34502e-06
  2.0497e-52     0.157804
 3.42751e-39  0.000801757
 1.01829e-28  1.75392e-17
   0.0656936  3.52593e-45
 6.99025e-68  1.45724e-19
  2.0524e-05  3.96705e-34
  1.0595e-05  5.36612e-34
 8.02439e-29  2.60022e-06
 1.69623e-43  0.000249869
 1.30884e-52      0.66867
 1.93043e-40      0.30035
 4.60524e-40     0.306656
 1.97471e-47  0.000896017
 3.78304e-45  4.05957e-09
 5.45534e-37  1.45619e-14
    0.568231  2.32803e-39
    0.616241  4.61903e-46
   0.0145977   2.4023e-47
 3.12977e-17     0.687939
 4.26859e-05  6.17124e-32
 2.49084e-33  1.97344e-08
 1.06169e-27  9.15095e-07
 1.73189e-05  9.64073e-32
 9.06184e-55  3.50209e-05
 2.21609e-31    0.0361838
 1.33387e-41    0.0237291
 4.21106e-58  3.99777e-08
 3.48265e-33  3.10326e-07
    0.195368   2.5544e-46
 0.000283868  2.07219e-31
 5.45904e-47  9.16846e-07
  7.3888e-06  2.94515e-31
 2.85123e-26  0.000189908
   7.553e-17  2.51592e-14
   0.0819815  4.00638e-46
   0.0188203  5.24687e-47
  3.2297e-05   4.0652e-35
 1.01831e-23  2.59232e-08
 1.79087e-05  7.89868e-35
 1.27174e-07  1.28408e-34
    0.557217  1.03178e-29
  0.00440636  3.20104e-28
 4.16412e-15  1.43847e-15
  5.9805e-19  1.11484e-63
 3.13353e-39   3.3337e-12
   0.0308696  2.07373e-29
 2.78678e-07  2.86516e-34
 9.54416e-28  4.47201e-08
 1.06803e-28   1.0132e-05
   0.0538344  8.40253e-29
 7.17681e-14   3.5633e-33
 4.23463e-45  6.21248e-07
 6.01214e-56  5.87867e-07
 2.56524e-34  3.87551e-09
 2.10204e-14   2.8168e-16
 1.02628e-22    0.0855388
   0.0131728  2.06995e-29
 1.74342e-50  3.02262e-10
 2.87648e-54  0.000341651
  0.00648471  6.08057e-28
 0.000349405  3.95144e-31
  0.00732212  2.49663e-28
 7.33419e-08  9.71312e-23
 3.23306e-38  1.59809e-07
  3.9936e-62  7.67532e-13
  7.0177e-55    0.0003717
  0.00295411  8.77087e-28
 3.28798e-08   2.1666e-22
     0.30955  1.14188e-39
    0.690456  2.55145e-39
 0.000257215  7.79106e-30
 1.35743e-39  7.66085e-12
   0.0214841  2.47231e-33
 1.69852e-56  6.79705e-08
  0.00735702  4.95511e-33
   0.0614443  7.87305e-34
 1.09806e-57  1.03096e-08
 2.20208e-14  6.20903e-17
 1.94456e-12  2.16532e-27
 8.32093e-13  6.68118e-27
 1.56645e-12   1.9314e-27
 8.99442e-08  5.03702e-30
 2.34505e-54     0.591855
    0.179094  3.23161e-35
    0.609606  8.17118e-35
 1.87594e-23  8.59668e-11
 4.03211e-08  1.12299e-29
 2.42065e-55  2.47869e-26
  1.0299e-26  0.000139834
 2.58723e-63  3.05998e-16
 1.69721e-05  1.12018e-36
 2.86451e-25    0.0121321
 1.35817e-55    0.0297354
 2.04118e-26  1.97281e-09
 7.18424e-17     0.221828
 2.68127e-19  4.96298e-64
 3.27263e-06  5.37877e-36
 4.99688e-34  6.19883e-13
 2.66282e-06   3.4311e-36
 2.93702e-27  3.97888e-12
 7.79295e-06  8.01203e-37
 1.03917e-08  7.97807e-23
  0.00228064  3.88659e-37
 5.15534e-09  3.30576e-22
 2.31281e-30  1.50833e-13
   0.0114339  1.59624e-36
 4.31099e-28   6.6443e-22
 9.33764e-44  6.49582e-12
 1.20027e-20  3.37163e-05
 8.18803e-07  2.31698e-25
 5.36239e-09  1.24423e-22
 9.81991e-31    0.0626337
 1.59333e-49  9.11899e-07
 1.03731e-28  3.11286e-05
 2.96697e-06  5.09167e-25
 1.07973e-52   7.2877e-07
 1.18979e-60  2.45707e-21
 3.32699e-05  1.66991e-37
 1.00959e-47   1.5095e-07
 1.49478e-05  3.62781e-37
  0.00013953  9.74646e-31
 4.95142e-35  4.18354e-16
 1.53018e-50     0.551709
 5.19577e-36  1.17383e-15
 7.28791e-06  2.17226e-25
 3.89993e-40  1.33534e-12
 1.05892e-20  0.000226991
 0.000429892  2.38486e-30
  0.00240472  1.34172e-29
 1.75614e-31     0.640808
 0.000171631  6.85126e-31
  7.5438e-53        0.686
  0.00109756  2.85713e-30
 9.34883e-07  9.64085e-38
   0.0284844  7.74887e-30
 1.12695e-60  2.86535e-24
 0.000602101  6.43382e-31
 4.57659e-53     0.229689
 0.000753803  5.31366e-31
    0.555978  2.47712e-30
  2.5422e-15  2.47937e-21
 2.47221e-34   5.5744e-14
   0.0117551  5.26597e-32
   0.0426211  1.90016e-31
    0.014878  6.65491e-32
 0.000502879  1.19875e-32
 5.88808e-10  1.35571e-40
 1.45416e-23  3.77675e-08
 8.05324e-10  2.54928e-40
 3.40771e-35  1.49766e-17
 2.26616e-31     0.690448
 2.14414e-40  9.25937e-11
 5.09035e-14  9.09214e-50
 7.54905e-52   0.00176151
 1.16936e-38  3.83061e-07
 5.73264e-45  1.02119e-05
 4.72413e-10  1.44541e-37
 9.48614e-07  3.56789e-35
 5.05412e-31     0.309552
  2.3037e-40   0.00397207
 2.44869e-06  1.20838e-34
 4.46713e-33  8.08155e-11
 1.42538e-44    0.0346878
 1.71782e-50    3.156e-08
 1.20696e-07  2.90411e-29
 6.17492e-31  0.000357595
  2.6521e-57   0.00076284
 7.04072e-10  6.48362e-38
 3.45659e-06  3.29143e-34
 2.67762e-09  6.97282e-31
 1.39187e-23  0.000264918
 1.60721e-63  0.000298366
 3.52007e-58  0.000103773
 6.13873e-06   9.7234e-34
 1.32037e-05  1.61236e-32
 1.79851e-45     0.103652
 4.84674e-48    0.0552074
 1.71134e-32  0.000873025
 3.47518e-05  3.54813e-36
 5.50443e-42  1.74578e-08
 0.000158093  1.71985e-35
 1.30434e-47  1.66256e-15
 4.15771e-54  3.48038e-31
 2.00038e-05  1.53109e-36
 0.000165985  1.30984e-33
 9.57191e-26     0.301305
 1.30131e-42   7.6963e-09
 1.64667e-62  4.97428e-09
 1.08179e-29   0.00968698
 3.24108e-27  5.34464e-19
 0.000936841   2.6027e-34
 1.03683e-23  6.14395e-07
  0.00227949  1.07607e-34
 1.81575e-47  7.36017e-08
 8.92426e-29   0.00114903
  3.3428e-05  2.57603e-37
 5.77161e-31  7.32637e-06
  0.00393369   4.3581e-45
 4.59945e-06  4.95603e-49
 9.19948e-13  8.31526e-42
 8.71208e-06  2.16636e-49
 4.16753e-13  3.76155e-42
    0.554469  3.80871e-37
 3.75631e-05  4.90051e-50
   0.0609003  1.81908e-38
    0.688047  7.44796e-43
 1.24239e-10  2.15274e-28
    0.306835  1.58942e-42
  1.4057e-45    6.318e-17
 2.41854e-68  1.73119e-14
 1.35003e-33  1.16272e-07
    0.197885  3.45926e-39
 3.28864e-13  2.94721e-42
 1.00677e-87  3.42002e-29
   0.0213099   2.3513e-41
 9.89328e-14  2.11788e-45
    0.642368  1.10192e-39
 1.39114e-33  1.76472e-08
 3.13973e-72   0.00873042
 2.26573e-25  3.63769e-14
 2.61049e-36  1.81225e-14
 6.18422e-22    0.0328097
 4.97183e-52   0.00439163
 1.69312e-35  2.32301e-06
 3.77278e-24  0.000122896
   0.0110035   8.2121e-41
  0.00128597  1.03286e-41
 3.53254e-45  6.76413e-09
    0.149379  2.74027e-40
 5.65747e-41     0.100963
    0.308594  7.08602e-54
 5.75532e-42  1.26066e-10
 3.41586e-29  2.81661e-05
   0.0350651  6.41668e-41
 3.23893e-49  7.94206e-06
 1.36157e-47     0.557259
 1.46156e-28  1.82012e-06
   0.0035796   2.6223e-41
  0.00773449   1.5775e-41
  0.00882044  1.80773e-41
 2.51076e-37  3.41504e-05
 5.75549e-25   0.00771758
 2.67728e-39  8.01482e-10
 1.63773e-72  4.39901e-10
   0.0706062  5.07173e-42
  0.00371352  1.29037e-41
  6.9451e-35  1.66835e-11
 1.98301e-10   1.7773e-39
 4.82793e-39  7.23636e-05
    0.689733   3.1177e-54
 2.85319e-36  1.14516e-07
 5.36505e-35  0.000854547
 6.30365e-10  5.64978e-39
    0.639029  4.39999e-41
 6.79252e-15  1.36002e-23
  1.0177e-13  9.11921e-43
 1.48372e-13  1.32957e-42
    0.132084  3.55945e-41
 1.61857e-52  2.00461e-05
  3.7799e-52  1.22788e-07
 4.17066e-48   3.0493e-06
     0.21576  1.30917e-40
 4.23529e-43  0.000658893
  3.6612e-08  4.99423e-36
 2.28508e-06  1.17024e-35
 1.97503e-52  4.14063e-06
 1.16113e-29      0.60779
 9.52155e-35   4.4706e-07
 8.93172e-08  1.21763e-35
 6.96139e-07  3.89562e-35
 3.59354e-28  5.31899e-13
 3.80702e-10   1.2903e-37
 8.96689e-10  3.01476e-37
 1.85133e-23  3.08499e-11
 1.22962e-30  4.37803e-24
 2.18154e-35  1.74724e-09
 1.11725e-16  5.41884e-52
  3.1479e-06  1.84741e-43
 9.48566e-59  1.81785e-09
 3.72921e-28   0.00242446
 1.28433e-08  2.33133e-33
 1.78479e-06  4.62899e-43
 3.21013e-48  1.86911e-05
 5.80429e-09   5.1945e-33
 1.01594e-41  3.78548e-09
 3.92296e-16  1.25033e-33
 1.73882e-52  5.83738e-07
 3.72459e-41    0.0196617
 1.31915e-36  8.74983e-15
 1.42865e-56   7.7633e-10
 2.09217e-08  3.62189e-41
   2.317e-07  3.26355e-42
 8.10177e-70     0.999889
 6.90308e-08  1.18432e-41
 2.13689e-11  1.17771e-30
 1.67935e-34  1.08826e-10
 4.01047e-37  4.38198e-13
 6.14132e-12  2.97878e-47
 7.13355e-13   1.2509e-29
  1.0033e-08  4.86691e-44
  3.3279e-50     0.679263
 1.29932e-10  6.30238e-46
 4.04478e-12  6.42132e-30
 2.25786e-14  3.53061e-38
 1.87709e-13  1.15899e-28
 1.40691e-14  7.37843e-38
 7.93271e-58   3.9091e-17
 9.16636e-20   2.8593e-25
 1.07179e-35  7.09021e-14
 5.24438e-14  5.50734e-28
 1.56893e-13  2.86397e-29
 3.40837e-45   0.00883475
    0.013377    0.0294296
 4.49393e-57  2.62254e-14
 4.04553e-14  2.48729e-28
 2.38184e-10  3.57944e-39
 4.36736e-23  1.13109e-07
 6.04283e-19  2.58296e-23
 6.60549e-57  3.85453e-14
 5.76646e-56  1.61226e-10
 7.90031e-19  3.44215e-23
 5.47572e-10  8.26053e-39
 1.67073e-28  2.26885e-06
 3.37291e-19  1.24793e-26
 1.73445e-09   2.3427e-38
 6.22112e-27     0.561089
  1.2539e-56  6.12437e-11
 2.69328e-30  5.88229e-09
 1.90217e-12  2.46775e-32
 9.73233e-49  9.77073e-08
 2.02509e-23  1.89342e-25
 2.68508e-27  0.000583286
 9.69629e-33  3.29391e-12
 5.00093e-09  6.75976e-38
 7.22891e-36   1.6226e-05
 1.88378e-59  3.62164e-10
 6.07695e-39  6.20438e-10
 4.44383e-12  1.05675e-32
 4.16987e-21  1.79854e-06
 1.82916e-24  2.79817e-14
 1.63105e-10  2.90821e-34
 2.87725e-10  9.36463e-41
 6.31061e-50  9.71279e-07
 1.42489e-58     0.675573
 2.73603e-41  1.11358e-12
   3.905e-08  5.56053e-37
 3.68753e-37  8.36784e-17
 1.10109e-22     0.221687
 7.03022e-73  1.89017e-10
 3.69804e-10  1.27799e-34
 2.34409e-54  3.11043e-05
 1.69427e-45  3.07215e-09
 2.95846e-12  5.22986e-36
 1.15624e-07  1.31599e-37
   6.487e-41     0.619017
 3.55442e-58  1.75561e-17
 6.55046e-12  2.67381e-36
 2.28074e-07   1.6462e-37
 1.40214e-11   4.7468e-37
 8.27227e-63   0.00173648
 1.94758e-24  5.78173e-09
 1.02501e-39  7.64034e-05
  7.9713e-10  2.59465e-40
 1.10496e-71  2.34815e-23
 5.40671e-14   0.00288257
  7.3238e-07  5.81899e-38
 2.90791e-43     0.655482
 2.89455e-11  2.13771e-37
 7.01554e-10  2.66149e-38
 2.53506e-31  3.21351e-06
   1.395e-07  2.38403e-44
 3.83657e-13  4.57145e-47
 2.12618e-40     0.687889
 1.07338e-52  2.57016e-12
 2.13836e-13  2.43046e-47
 3.22887e-07  9.87837e-45
  0.00020519  2.10128e-40
 1.09195e-64     0.551864
 6.15572e-34  3.38326e-08
 2.92349e-12  8.94111e-06
 2.50551e-45  8.47426e-06
 0.000597107  7.02264e-41
  1.7256e-39  1.66712e-07
 1.38376e-52     0.303589
 7.72901e-40  0.000181975
 6.38612e-07  3.64724e-41
 4.48079e-33     0.613086
 1.31339e-06  2.23183e-45
 1.09922e-49  7.17468e-07
  9.0697e-14  0.000132357
 1.42704e-06  1.63433e-41
 1.98295e-08  4.70435e-44
   0.0107578  3.95852e-42
  7.1062e-05  2.97969e-43
    0.029621  1.39043e-42
   0.0011007  1.32917e-46
   0.0267622  6.36401e-43
   0.0325171  3.86117e-45
       0.583  6.92657e-44
 2.94048e-30    0.0356569
 2.08157e-05  7.74259e-44
  0.00188368  2.23771e-46
 2.50179e-35  9.12677e-12
 9.21052e-28  4.55675e-11
 4.19951e-07  4.94763e-50
 1.08971e-30  2.98117e-21
    0.129907  1.69622e-44
 0.000468028  5.52741e-47
    0.551665  1.62845e-51
    0.171465  2.33566e-46
     0.12817   6.8162e-46
 1.42459e-40     0.205984
 8.39821e-49  1.00811e-10
    0.637722  1.55519e-46
 0.000152131  1.78363e-47
    0.152795  1.02918e-46
 1.26999e-57  8.81452e-08
 3.43708e-27  3.38124e-05
 1.61286e-46  7.72027e-07
 9.38974e-55  8.63569e-06
 1.78006e-62    0.0052051
  0.00176676  2.27142e-48
 3.10771e-29  1.69018e-05
 3.58465e-28  7.66888e-05
 7.63833e-67  2.39591e-19
 8.07249e-25  1.23454e-14
 6.99779e-58  1.35614e-20
  0.00112919  4.27269e-49
 1.99327e-42   0.00485314
 0.000576996  2.20664e-49
   8.693e-38  4.45777e-13
  0.00528367  3.98509e-48
 4.66658e-52  8.36179e-13
 3.51772e-08  3.72812e-51
  1.5199e-06  1.73727e-49
 3.65418e-05  1.62846e-50
  8.0326e-21   9.3372e-07
 2.21339e-27  5.64042e-12
 5.18884e-05  3.66428e-50
  2.1197e-64    0.0569101
 1.13329e-07  1.24046e-50
 1.87551e-41  2.79015e-13
  1.6402e-05  7.83302e-51
 2.15618e-54  2.10092e-13
  7.0416e-07  6.39704e-51
  2.5046e-43  0.000796806
  3.5634e-35  4.19701e-11
 1.41741e-60     0.297169
 5.10802e-08  3.74474e-53
 2.32398e-08  1.66119e-53
 9.55097e-22  2.36354e-17
 1.52843e-06  2.68958e-51
   7.512e-22  1.01457e-05
 1.02709e-20  3.70499e-65
 5.77583e-40  1.46309e-09
 2.83249e-08  2.11299e-51
 1.89762e-07  5.95722e-55
 9.50445e-06  3.35034e-52
  9.1229e-30     0.558376
 5.60048e-42  1.95346e-11
 2.36321e-25   0.00319615
 4.07836e-21  9.05445e-65
 6.21488e-15  1.42937e-62
 1.38534e-14  3.41514e-62
 0.000417632  7.49836e-54
 8.24174e-31    0.0428425
 9.70246e-31   1.0943e-13
 1.83498e-55   0.00285732
 5.74352e-36  2.83595e-10
  4.6606e-46  5.59179e-10
 7.77682e-06  1.63124e-56
  8.7399e-35   5.5046e-06
  5.3943e-16  3.89036e-69
  0.00116712  2.41556e-54
 1.45633e-15  3.83244e-69
 1.83784e-05  6.42724e-57
  1.3425e-29  7.03674e-13
 2.28773e-39  0.000170524
 5.16842e-29   7.7419e-05
  1.8212e-41  2.05023e-12
  0.00552158  4.12866e-55
 2.77142e-24  7.12786e-09
 4.92421e-15  1.60604e-69
 2.71949e-05  2.03454e-58
 2.57386e-27  2.93889e-10
   0.0181611   9.8389e-56
  0.00102858  1.03317e-58
 0.000446416  6.80999e-59
    0.169325  7.45367e-57
   0.0907609  1.39911e-57
 5.17985e-05  9.77967e-60
    0.601256  2.24826e-57
 1.77413e-26  2.72673e-24
 7.93298e-43     0.690412
 3.37585e-51   0.00185008
  4.5664e-05  8.45261e-60
   0.0122174  8.07591e-58
   0.0133471   1.0674e-57
 1.18428e-25    0.0339492
    0.935542  2.11659e-55
 3.64733e-53  1.20541e-05
   0.0224615  2.76304e-56
 9.02948e-36  2.91052e-05
   0.0105046  1.44218e-53
   0.0080716  2.89568e-53
    0.936091  3.09741e-55
  1.9613e-61  4.50214e-17
  0.00785632  7.83061e-56
 6.92103e-07  3.06455e-49
 7.68058e-44   0.00375216
 1.82434e-55  5.54264e-24
 1.94267e-41  6.49374e-10
 0.000101814  2.64471e-51
 2.51266e-23  7.05575e-08
 3.73843e-45    0.0668332
 4.60564e-05  5.70131e-51
 4.10933e-38   9.2849e-18
 1.15159e-44  5.01109e-06
 1.93199e-66  1.94717e-23
 0.000350779  3.58081e-48
 1.40011e-39  6.62945e-10
 4.54191e-31  9.47152e-09
   0.0271901  3.96009e-54
 1.54542e-06  6.84401e-49
 1.11462e-27  0.000101096
 3.28777e-60     0.690411
 1.84336e-16  2.55159e-14
  9.8253e-07  2.44058e-49
 4.88295e-07   4.7906e-49
 6.47991e-75     0.309552
 9.03795e-21  4.01228e-63
 1.50253e-07  2.20321e-48
 0.000994125  1.01484e-47
 9.66808e-08  6.65168e-48
 1.83002e-22   1.0456e-16
    0.690444  2.60115e-50
    0.309547  3.23081e-50
 7.04267e-06  1.08105e-45
 6.51579e-05  2.90345e-47
 4.70424e-26  1.19842e-10
  2.9351e-44  2.18789e-09
 3.57164e-22   0.00801913
    0.309479  1.23897e-47
 2.01795e-50   0.00054082
  1.9644e-06  4.83793e-45
 1.20671e-05  2.53882e-43
 7.94175e-07  1.08234e-44
 1.52134e-51   0.00591633
    0.690392  5.55623e-48
 1.08519e-55  1.11128e-26
 1.05591e-42   0.00256092
 1.49724e-44  4.10529e-11
 1.55893e-08  5.97465e-43
 1.53014e-27  4.31608e-16
 5.49335e-43    0.0232883
 7.04495e-45  5.98711e-10
 1.52125e-18   0.00407632
 5.48514e-50  4.08828e-15
 2.07122e-40     0.204219
 9.03718e-09  1.23649e-42
 4.46811e-65  2.36759e-13
 3.06648e-09  2.26715e-42
 7.68507e-06  1.80199e-47
  3.4465e-06  2.93883e-47
 8.83757e-10  1.74731e-42
 1.20878e-10  5.77909e-41
 6.08884e-11    1.231e-40
 1.01137e-13   1.9574e-37
 1.19338e-10  8.48161e-43
 2.28235e-27  0.000534537
 4.07137e-44  1.08856e-10
 4.33172e-42  3.46481e-17
 9.22063e-22  2.38702e-06
 2.14091e-13  3.23576e-38
  4.1184e-61     0.086552
 5.04557e-11  5.09301e-43
 4.15423e-14  4.64326e-37
 4.90776e-61  2.44572e-20
 6.36192e-14  6.41156e-46
 6.09675e-17  3.10783e-34
 7.15053e-24  2.78746e-41
 9.08189e-13  9.96377e-42
 4.74505e-23  1.08899e-06
 3.67412e-37  1.02805e-11
 1.11305e-23  5.29197e-41
 3.27421e-32      0.17263
 3.84614e-16  3.42029e-36
 3.54247e-39  8.10217e-12
 7.94408e-26  3.69863e-43
  2.5826e-17  8.32621e-34
 1.60944e-44  1.69366e-05
 3.82779e-16  8.06521e-36
 1.28517e-14  2.01662e-39
 4.65954e-14  1.33143e-38
 2.88314e-20  8.09891e-05
 1.13274e-13   2.1165e-38
 3.15197e-40  5.02799e-06
 8.87832e-15  4.32193e-40
 1.90824e-52  0.000945707
 8.46247e-19  2.19166e-32
 5.72543e-13  4.30484e-39
  5.5556e-32  1.22429e-11
 7.31888e-15  1.53783e-40
 1.84035e-23  2.81499e-13
 1.86333e-41  1.38895e-06
 1.44074e-28  4.37745e-06
 1.42359e-11  3.32645e-41
 1.48487e-32  2.22041e-10
 4.00169e-35  7.61878e-14
 2.75658e-11  3.85025e-41
 2.91099e-47  7.45045e-16
 2.68272e-11  7.27533e-41
 1.43897e-45  0.000167791
 2.77611e-45    0.0251951
 4.71787e-11   3.5829e-41
 3.98522e-20  4.64814e-31
 2.53211e-21  3.36576e-06
 2.94298e-66  1.73766e-18
  8.1564e-10  4.06223e-41
 4.84007e-10  2.12437e-41
 2.21505e-30  1.04384e-20
 8.11069e-33    0.0124571
 1.54639e-09  6.78526e-41
 4.40565e-09  1.93573e-40
 1.36506e-08  5.20621e-33
 2.67941e-23  8.63323e-28
 2.93579e-08  1.15696e-32
 1.98726e-39  2.97887e-05
 1.20126e-23  1.92564e-27
 1.69864e-07  7.24885e-39
 6.44823e-57   0.00209432
 2.36991e-43   0.00224006
 2.35198e-27  9.71271e-24
  7.4255e-06  3.66064e-35
 4.50706e-26  2.79312e-05
 8.11738e-14  5.81192e-21
 4.39917e-34  2.80007e-12
 4.82961e-27  4.24439e-24
 9.42912e-55  1.80582e-05
 3.62064e-63  0.000536347
 7.40348e-06  2.71065e-37
 3.03944e-06  1.11173e-37
 1.79245e-66  3.82655e-18
 2.15491e-05     0.567555
 3.56018e-08  1.30191e-39
 2.23377e-08  8.16784e-40
  9.5357e-08  3.48754e-39
 2.83586e-34  2.42727e-08
 1.95275e-39     2.43e-14
 6.18467e-27     0.615194
  1.9034e-42  1.41882e-07
 4.80439e-56  9.20004e-07
    0.626465  4.67976e-33
     0.21932  2.10097e-33
   0.0521245  5.78906e-32
   0.0744911  7.48273e-34
   0.0201658  1.51456e-31
 4.80074e-40  1.05187e-08
 3.15521e-55   0.00114452
 1.89909e-57  3.63446e-08
    0.686578  1.67709e-50
 8.23934e-74   2.8092e-15
 2.00666e-42  2.33155e-10
  5.8651e-64  1.23362e-15
 1.74974e-24    0.0662349
  0.00236392   1.1098e-30
    0.304417  3.46403e-50
 6.50597e-35   0.00865033
 1.85478e-44    0.0168739
 2.06511e-13  1.47859e-20
    0.689259  1.08696e-44
  0.00752403  1.32103e-48
 6.83734e-29  3.28627e-07
  1.0392e-41  3.13435e-12
 4.57545e-23     0.630102
 8.25375e-42  4.99518e-13
 6.56021e-44   0.00320667
 1.43038e-44  8.65092e-06
     0.30822  2.29696e-44
 9.74076e-05     0.703112
   0.0129119  4.39476e-43
 2.19365e-44  2.25751e-06
  0.00208296  5.43612e-48
 5.39509e-54     0.560076
 4.75791e-05  2.02357e-50
 6.39808e-32   0.00407598
 0.000740929  1.48516e-47
 9.14094e-45  5.27955e-09
 1.45925e-12  1.61424e-43
 0.000139741  8.20627e-47
 3.64557e-07  2.80099e-39
 2.13062e-53  3.97251e-05
 8.83564e-69  7.05755e-15
 5.37195e-53   0.00762426
 3.52868e-09  8.35489e-47
 1.58203e-09  1.86354e-46
 1.63344e-07  3.46417e-39
 1.79618e-06   1.0462e-48
 7.01662e-11  1.45587e-35
 1.30923e-27  1.27256e-18
 2.39054e-49  2.36271e-09
  1.5625e-10  6.52462e-36
8.77212e-165 2.64992e-111
 7.10495e-19  1.17619e-27
 1.51232e-26    0.0302476
 1.00704e-16     0.282953
 1.63759e-11  6.45528e-53
 1.29091e-08  5.85991e-50
 2.14541e-45     0.165674
 9.22597e-09  2.82186e-50
 3.68577e-10  1.41299e-51
 2.84692e-13  2.94245e-44
 6.05071e-13  7.97568e-45
  5.1166e-13  6.81791e-45
 2.47473e-12   3.6511e-45
 1.45152e-22  3.69491e-07
 3.17169e-26  4.36814e-09
   1.507e-35  5.92703e-08
 3.15111e-50  1.54198e-09
 1.65542e-12  6.74111e-50
 1.73762e-13  6.59807e-51
 1.17197e-36  2.64784e-16
 1.32767e-12  2.02897e-48
 1.23868e-27  0.000408681
  2.9272e-47  5.10059e-13
 1.21894e-32  2.68888e-12
 3.52175e-58     0.551665
 2.64831e-12  4.53875e-48
 6.79569e-09  1.08915e-42
1.57225e-105  6.46645e-42
 2.34238e-08  3.59766e-43
 1.24375e-35  6.07334e-07
 6.27123e-08  1.23385e-43
 1.29935e-52    0.0139525
 6.84848e-10  1.47633e-51
 2.40675e-10  1.62158e-38
 7.32471e-10  4.93574e-38
 1.17062e-41  1.67614e-09
 4.35084e-18    1.597e-36
  5.1951e-06   3.6036e-41
 6.43109e-08   0.00169377
 5.65348e-26  5.07642e-08
 1.90035e-09  1.28139e-37
   0.0461978  5.43406e-48
 3.07411e-08  2.06667e-36
 2.54111e-54    2.302e-05
 7.07649e-45   7.2606e-06
 1.01554e-33  4.14633e-17
 7.23658e-08  4.87917e-36
    0.685023  7.12298e-47
 1.77965e-20    0.0003765
 1.66844e-32  1.83625e-16
 1.16819e-27  6.69677e-10
 3.49513e-58     0.268344
    0.299799  1.35229e-46
 3.78434e-26    0.0932658
 8.26678e-33  1.74846e-10
 1.13196e-43     0.262268
 2.46289e-06  1.66179e-34
   0.0309467  1.29176e-45
 9.25787e-36     0.690102
    0.309552  3.20329e-38
 7.10944e-06  4.15919e-42
 3.25748e-20  2.31833e-05
 8.47999e-06  5.72169e-34
 6.57404e-53   0.00606645
    0.690448  7.14476e-38
 2.13096e-06  1.43836e-34
 3.75562e-45   4.9146e-06
  0.00134767  9.09296e-32
 2.87838e-66  0.000772543
 1.76113e-09  2.16392e-35
 2.24563e-06  1.31785e-41
 3.67993e-09  4.83019e-35
 1.00049e-07  7.89162e-36
 3.93872e-23   0.00046056
 3.54947e-43     0.309501
  0.00424968  2.86734e-31
    0.309214  1.28368e-30
 1.30789e-59  2.51071e-10
 0.000120285  2.46811e-30
    0.690179  2.83187e-30
 0.000367621  7.54439e-30
 5.53737e-48   0.00155118
 1.05229e-07   4.4066e-33
 2.05993e-48  2.56091e-05
  0.00114767  2.35536e-29
 5.68462e-05  1.07968e-26
 8.54468e-42    0.0202738
 9.16089e-05  2.10487e-26
  2.9674e-32   0.00189047
 4.95008e-27     0.178886
 2.34742e-07  9.82827e-33
  0.00867623  1.78068e-28
    0.690484  4.56729e-34
 1.46866e-32     0.635643
    0.309633  2.23512e-34
 5.40833e-17  1.06382e-13
    0.132553  2.64776e-27
 0.000424322  2.64768e-36
 1.66263e-39  3.63584e-08
 2.44331e-42     0.118645
    0.268881  8.62389e-27
    0.677856  1.24028e-26
 8.50641e-52  5.26053e-08
 8.26596e-10  9.60405e-18
 1.09349e-42  6.03888e-16
  7.1329e-50   3.3635e-10
 1.65807e-66  8.41447e-11
     0.55171  1.52984e-31
 8.80297e-64  6.19006e-13
  3.1511e-55  0.000290181
 2.57977e-06  2.75474e-21
  5.6463e-49  2.45273e-06
 4.87063e-55   0.00107211
 1.42269e-05  5.53678e-22
 4.25405e-05  1.73749e-22
 3.06968e-10  2.58615e-17
 1.78828e-07  8.82036e-23
 1.96915e-34  1.20768e-05
 5.11831e-56  6.51324e-14
 7.87187e-08  4.03802e-23
  0.00164503  3.43297e-30
 2.79143e-39   6.3119e-19
 2.23007e-39  4.52252e-05
 2.16467e-08  1.08223e-23
  0.00372917  6.22043e-30
 1.17771e-41     0.575291
 4.40953e-41     0.124484
 7.54831e-45  1.34319e-05
 3.80983e-56  1.51603e-07
 3.03148e-05  5.80978e-28
 1.48541e-09  7.42127e-25
    0.306976  7.57864e-32
 5.67784e-25  2.14213e-05
 1.74995e-45  2.69867e-08
    0.688515   3.4006e-32
 7.30313e-55  1.48646e-05
 1.58141e-08  1.80314e-28
  3.4627e-06  6.57789e-29
 2.08545e-08  4.68549e-29
 1.58303e-08  2.42477e-29
 1.21185e-29   6.0527e-13
 9.53054e-20  6.86259e-05
 1.07286e-11  8.48614e-29
 1.21124e-37  1.56819e-06
 3.01756e-13  2.38597e-30
 8.41722e-13  6.65715e-30
 1.46073e-43   1.1572e-16
 1.76218e-09  3.19335e-32
 7.74561e-10  7.46946e-33
 1.27491e-45     0.636228
 3.83758e-64     0.659696
 9.38041e-10  1.05802e-32
 7.02234e-14  1.07819e-31
 2.81606e-14  8.16497e-33
  1.6481e-47  3.26285e-06
 3.16822e-14  4.84391e-32
  6.0593e-14  3.66218e-33
 8.80213e-05  2.99777e-38
  0.00170233  6.73206e-39
 1.42386e-05  4.81287e-39
 7.97483e-06  2.67808e-39
 1.25604e-10  2.12184e-35
   0.0336624  4.21844e-40
 3.87929e-19  1.31267e-52
 2.38762e-34     0.580927
 6.45889e-23  4.37163e-11
   0.0785068  1.92026e-40
    0.560643  8.45974e-41
 4.74734e-10  7.48718e-35
 1.70029e-28    0.0117694
 9.76553e-26  2.84115e-11
 1.35863e-57  0.000409761
 1.67771e-07  4.85992e-37
 3.00795e-07  8.24065e-37
 2.48229e-07  1.65338e-36
 2.26112e-29  8.30672e-06
 0.000212618     0.340017
 7.41149e-09  1.16265e-33
 1.66943e-08  2.61919e-33
 6.66215e-17  2.54752e-14
 1.18126e-37  1.29968e-13
 2.80356e-33  0.000216299
 4.46127e-27  6.05446e-05
 7.05958e-34  1.94553e-11
 2.67711e-34   2.6144e-13
 6.80426e-06  4.81997e-35
 4.41057e-41     0.622044
 2.93206e-06  2.07461e-35
    0.309536   5.4051e-30
 3.42848e-34   0.00151421
 2.13444e-15  1.51025e-44
    0.690436  3.48839e-30
  1.3102e-52   0.00472403
 8.81132e-24  0.000286887
 4.29395e-59   2.4595e-19
  1.4433e-47    2.287e-13
 2.07486e-34  9.46981e-18
 7.00553e-45      0.66448
  7.9847e-26  4.56327e-56
 0.000256278  8.36541e-27
 8.67107e-05   2.7652e-26
  5.5093e-48     0.690437
 6.61333e-12  1.25967e-41
 2.71308e-45  7.12924e-06
 1.44013e-39  1.24307e-06
 2.37337e-46  3.71094e-05
    0.689023     0.308037
 9.88169e-12  5.64753e-42
 2.74263e-30  1.96285e-24
 9.27655e-23  5.30183e-53
 2.82141e-05  7.72053e-26
 1.54099e-20  8.80717e-51
    0.555817  6.82136e-38
 1.65389e-38  5.31774e-07
   0.0482579  1.37351e-38
 1.88425e-69  1.60583e-15
 6.90693e-21  3.94745e-51
 7.60181e-35  6.74544e-18
 8.64105e-28   0.00800436
  0.00501954   7.3894e-38
 8.34074e-52  4.77121e-09
  0.00277476  1.64272e-37
 2.37377e-15  4.21852e-15
 1.96447e-43   0.00161636
 5.38614e-27  1.37233e-11
 1.47712e-12  1.34132e-18
 1.25658e-45    0.0341415
 6.70586e-13  6.01659e-19
 5.31435e-13  3.01868e-47
 3.77528e-08  1.06877e-32
 8.68874e-15  4.93544e-49
 1.50227e-14  8.53335e-49
 1.07523e-84  9.74712e-31
 1.87133e-59    0.0877815
   2.247e-87  7.62826e-29
 1.24524e-15  4.03402e-25
 2.48828e-12  1.86367e-22
 9.96029e-22    0.0125757
  5.5631e-16  1.77809e-25
 1.38316e-10  2.74673e-42
  8.1469e-17  2.51819e-27
 1.23025e-50  0.000108128
 6.65282e-33    0.0195942
  6.7434e-26  2.19819e-06
 3.73971e-17  1.43589e-27
 5.55581e-12  8.34676e-23
 1.28528e-09  4.76632e-42
  0.00238278  8.92606e-55
 1.87295e-21  1.29914e-20
 2.00725e-11  7.39051e-44
  8.8013e-27     0.001913
 2.96473e-09  1.04329e-41
 6.26377e-07  2.17724e-39
 1.26906e-39  3.21473e-13
  0.00531551   3.9991e-55
 1.39889e-06  4.86145e-39
 1.35718e-47  0.000677247
 1.88076e-59    0.0887858
 6.29645e-41  2.98154e-11
 3.69513e-52  2.10898e-09
 3.63162e-12  1.33726e-44
 9.70878e-55  9.76575e-14
 3.59196e-30  2.64416e-21
 1.63009e-44  8.39121e-15
 9.68205e-44  2.94093e-12
 9.68267e-06  3.82865e-29
 5.10879e-40  0.000334299
 2.09527e-22  8.25658e-17
 1.96029e-28  1.82664e-07
 3.04273e-27     0.106476
  0.00326161  1.30858e-31
 4.50773e-46  5.94485e-06
  0.00899778  4.74648e-32
 0.000180903  6.28587e-37
 9.02668e-50   4.7707e-07
    0.551706  3.08063e-57
    0.307938  1.34902e-33
 2.70022e-27  4.29557e-07
 6.49874e-46  7.51456e-05
 4.75145e-16  9.46135e-15
 1.54092e-41  1.70823e-09
 6.07749e-12  2.24856e-19
 1.33793e-43  7.36605e-08
    0.689181  6.71946e-34
 3.20948e-11  3.57381e-44
 1.74807e-55  1.71093e-05
 4.50211e-07  5.01316e-40
 6.57118e-40  7.16078e-13
 4.34327e-29  4.09438e-17
  2.4684e-05  2.55829e-38
 1.36447e-56  6.83792e-22
 1.12629e-05  1.16547e-38
 3.81184e-32    0.0748763
 6.25693e-05  6.23471e-38
    0.551665  8.05888e-38
 2.10013e-10  2.07178e-55
 2.22762e-15  2.27964e-48
 2.44779e-08  2.52905e-41
 4.97419e-61  1.28652e-24
 3.85105e-45  5.57841e-06
 4.93471e-15  5.08707e-48
 7.77463e-58  5.17332e-08
 9.23031e-08  2.31611e-31
 1.44267e-15  3.06729e-50
 4.37049e-16   0.00641604
 4.39484e-12  4.54063e-45
 8.27981e-09  8.55466e-42
 1.53346e-10  2.74904e-47
  1.5049e-39   0.00189851
 2.98822e-10  9.52462e-47
 4.55634e-22  6.05643e-07
 2.64921e-45   0.00114726
 9.96279e-29  1.21547e-05
 3.19153e-12  3.29727e-45
 1.22822e-47      0.30954
 6.41819e-10  3.04961e-47
 2.53192e-45  6.90193e-12
 3.17527e-67  1.59277e-07
 1.04636e-28  2.34197e-08
 2.66664e-12  2.75496e-45
 6.36539e-09  4.10956e-48
 1.14535e-45  1.68917e-05
 1.49435e-51    0.0131659
 1.25891e-28  1.76138e-58
  7.4854e-28  4.85625e-58
 9.32051e-67  0.000250202
  1.6666e-13  1.72167e-46
  3.1399e-28  1.19035e-57
 2.25621e-23  5.17774e-07
 3.14082e-28  3.73452e-13
   0.0497377  3.07371e-49
   0.0928016  3.96629e-48
    0.104877  2.59441e-49
 3.11019e-55  0.000356009
 0.000726223  6.27738e-46
 4.98814e-57  9.54969e-08
    0.581219  6.60364e-49
 2.94996e-27  3.51441e-07
  0.00032448  1.40521e-45
 6.17728e-19  7.34806e-47
 1.34309e-50     0.230811
 2.38088e-48  6.75437e-06
 5.53248e-13  6.60682e-41
 2.05901e-12  2.45906e-40
 5.60253e-16  6.67711e-44
 2.32069e-22  2.21457e-14
 1.47125e-40  2.27048e-06
 2.90453e-75     0.690448
 6.50422e-39  4.08295e-08
 6.89557e-42  6.42901e-12
 3.87506e-15  4.62306e-43
 7.62324e-34   0.00278709
 1.63954e-15  1.95475e-43
 4.22353e-11   8.6409e-39
 2.27305e-26  5.76195e-11
 1.02752e-26    0.0672036
 3.47496e-36  2.29914e-14
 8.08089e-13  1.56344e-37
 4.52622e-13  3.64926e-05
 7.01908e-08  1.25552e-71
 2.16521e-12    4.304e-37
 3.31566e-08  9.33667e-72
  1.7738e-13  8.48977e-05
 1.87381e-17  6.10769e-42
 3.93371e-12  1.42465e-36
 8.40084e-18  2.73813e-42
  1.6729e-30     0.085221
 1.07285e-51    0.0725214
    0.551665   1.2769e-78
 2.72744e-21  6.25448e-05
 5.59129e-15  1.12669e-21
 4.21457e-42  2.40947e-09
 7.91944e-57   2.6588e-11
 1.62628e-16  8.80955e-10
 3.35312e-29  4.14576e-07
 1.55588e-52    0.0107913
 1.70146e-05  6.62989e-30
 1.23029e-41   9.4875e-09
  0.00745837  3.00619e-27
   0.0131193  5.12819e-27
 3.76556e-49  2.24866e-10
 4.12632e-47  3.95712e-17
  0.00087094  6.85642e-27
 6.61256e-26  7.72365e-11
 1.08665e-33  1.37862e-08
   0.0255476  1.12276e-26
 5.40576e-42    8.218e-11
 1.15826e-32     0.163028
 2.01181e-06  3.54708e-30
 5.68079e-56     0.552593
    0.553154   2.0751e-25
  0.00185694  2.45724e-26
 1.26789e-33  1.09647e-11
 2.99128e-40  7.62151e-10
 1.46811e-65  2.76325e-12
 9.80977e-08  6.50253e-29
 8.34372e-07  1.47111e-30
 3.89096e-24  6.44035e-10
 1.56505e-37   1.4514e-12
 4.54878e-35  0.000112155
 1.01198e-45  4.73727e-08
 3.85554e-43   0.00662801
 3.81193e-30  1.95055e-05
 6.90418e-36  1.99981e-05
   0.0087329  1.53974e-26
 2.32292e-35   2.9486e-10
  0.00604688  2.28546e-23
 2.07905e-56  2.62258e-10
 7.34905e-35  5.23816e-11
  0.00284931  2.11988e-23
 3.89027e-20  8.27175e-66
 0.000669191  1.74289e-22
 1.51671e-09  2.67413e-33
 1.49207e-10  2.63056e-34
 6.09439e-10  1.07449e-33
 1.33932e-30    0.0687207
 1.13256e-58  9.60636e-08
 5.47911e-14  9.65851e-38
 1.27254e-12  8.99586e-14
 2.20135e-06   6.4291e-20
 8.27723e-37  4.56309e-12
 1.07348e-49     0.188182
 9.97904e-46  5.62481e-06
  2.2106e-14  3.89612e-38
 3.46316e-35   7.8237e-15
 4.35037e-14  1.81335e-30
 1.91766e-14  7.99328e-31
 2.55452e-08  1.06489e-24
 6.90557e-21  3.07144e-39
  3.2001e-45  2.73133e-07
 9.24649e-30  3.40081e-06
 1.62596e-08  2.22218e-24
 2.09049e-52  3.74858e-13
 7.79367e-16  3.24186e-32
 2.77116e-10   9.6514e-29
 3.04911e-21  1.35495e-39
  3.9392e-17  1.63842e-33
 4.92499e-06  5.13175e-27
 1.65838e-17  6.89594e-34
 1.31447e-49     0.551695
 3.07787e-18  1.27977e-34
 2.51919e-05  1.86932e-28
 1.80482e-07  4.41615e-31
  1.3323e-39     0.672862
 1.10964e-07  1.98233e-31
  0.00979828  3.22709e-30
 1.15018e-20  4.77866e-37
    0.011945   1.4457e-30
  9.7297e-40  3.95021e-11
    0.562968   5.4349e-32
  3.6434e-44  1.75586e-14
 4.68574e-24  1.37279e-06
 2.55148e-55  0.000795341
 9.54831e-24  3.79585e-40
 7.61849e-09  1.15358e-36
 4.04782e-52  1.35889e-06
  9.5553e-24  3.58979e-40
 3.18185e-37  7.20539e-17
 7.54155e-34  3.28776e-53
 1.85718e-49  3.92891e-10
  2.2402e-55   4.2902e-06
 5.97838e-30  0.000140496
   0.0789264  7.61977e-33
 2.57944e-10  2.88444e-38
 2.15057e-10  8.46328e-39
  9.8244e-46  1.83109e-06
 7.74145e-60     0.551667
 2.16781e-28     0.034181
 1.56453e-10  9.39871e-39
 2.17096e-21  5.52622e-06
 3.33499e-34  7.36579e-14
 1.73549e-14   0.00170268
 8.86915e-14  2.54572e-44
 1.83649e-73  6.26584e-15
 2.22057e-52  0.000549774
 2.26815e-43  0.000353826
 3.34731e-51   0.00891758
 2.59794e-16  3.94993e-10
 9.61665e-29  0.000318398
   1.769e-29  1.74959e-57
 1.42586e-41  7.61914e-12
  3.9457e-29   7.8413e-58
 2.82184e-41   1.3363e-11
  2.1437e-43   1.4916e-11
 2.00197e-12  1.39961e-45
 2.43535e-38  0.000266856
7.04988e-106  2.90117e-42
 5.74615e-31  0.000594953
 3.61357e-70     0.999941
 9.33159e-13  6.24817e-46
    0.309485  2.92485e-48
    0.690398  1.85645e-48
 1.65733e-32     0.552648
 5.78207e-06  4.66808e-52
 1.23134e-05  2.08402e-52
 3.76224e-05  1.57222e-52
 2.50679e-16  1.74188e-34
 1.12388e-16  3.88522e-34
 2.18967e-11  2.15183e-58
 8.87547e-12  8.64182e-59
 4.30829e-35   0.00172888
 2.65642e-12  1.85691e-59
 1.16636e-40    0.0405935
  1.4409e-12  1.11861e-59
 4.26127e-17  2.50755e-62
 2.98599e-14  2.35627e-61
 1.16809e-63  2.26347e-15
  7.7837e-32  1.15013e-09
 1.42602e-35  1.04718e-09
 7.40252e-46  1.37936e-06
 2.08757e-17  1.12549e-62
 4.42085e-42  7.55665e-80
 5.58456e-16  4.90057e-63
 2.53833e-16  3.21402e-63
 4.44582e-43  0.000714232
 5.77336e-22  4.56226e-39
 4.62911e-26    0.0373165
  9.8861e-42  1.69855e-79
 1.28773e-21  9.44365e-39
   6.128e-46  1.39279e-05
 4.70094e-46     0.689931
  1.0721e-25  2.73146e-10
 1.98124e-66    5.474e-19
 9.29652e-54     0.152104
  7.3464e-21  4.51701e-59
 5.39573e-32  4.73985e-15
 9.32934e-41  2.04354e-09
 9.18568e-40     0.284611
 3.32851e-21  9.53259e-59
 2.42518e-40  4.18866e-78
 1.97799e-25  1.69766e-54
 2.82573e-20  1.19539e-44
 1.26687e-20  5.35902e-45
 8.86962e-26   7.6067e-55
 4.68103e-14  1.98326e-38
 4.08779e-42  1.02394e-11
 1.87235e-26  1.63625e-22
 6.01964e-42  5.18641e-06
 2.19227e-33  1.87071e-62
 1.24618e-33  1.06283e-62
 1.25816e-34   1.0688e-63
 1.52466e-35  1.25379e-64
 2.28236e-18    0.0063213
 2.10585e-10  1.58959e-40
 1.56193e-35  1.19423e-64
 1.51566e-42   0.00236586
  2.3663e-64   0.00171984
 4.77583e-10  1.00386e-40
 1.18628e-46    1.233e-12
 2.20271e-11  1.85897e-39
 1.01314e-45     0.308863
 3.10774e-31  7.07784e-71
 1.00976e-17     0.212179
 0.000101919  4.71238e-46
  5.9426e-12  6.84935e-39
 0.000230735  2.08044e-46
 5.56281e-33  8.56866e-11
  6.9319e-31  3.14869e-71
 2.56329e-16  1.91673e-58
 1.08896e-08  4.20371e-45
 5.87634e-31  1.50022e-08
  2.1585e-20   5.6606e-05
 6.00523e-30  3.14795e-13
 1.76806e-56  0.000275312
  1.6976e-35  4.22652e-05
 1.86775e-16  8.56897e-59
 9.93062e-31  2.32835e-20
 2.20076e-50    3.972e-09
 9.07916e-24  9.24629e-26
 3.95343e-47  0.000211018
    0.018039  2.14199e-48
 1.52575e-38  2.38059e-16
 5.06007e-12  7.57045e-42
 4.50196e-09   1.0649e-44
 4.60807e-27  6.19925e-05
 3.14603e-40   4.7383e-06
 9.56654e-10  4.23055e-44
 4.39825e-40     0.683617
    0.554928  6.98282e-50
 1.01011e-27  1.49867e-12
   0.0032896  4.07202e-52
 7.95406e-27  6.08192e-24
 9.98641e-38  2.83025e-10
   0.0100297  1.25122e-51
   0.0412619  5.15751e-51
 3.24009e-25  2.51144e-09
 6.96082e-45   2.4902e-18
   0.0176316  2.18741e-51
  0.00289976  3.55885e-52
 2.26619e-05  2.63184e-54
 2.46716e-14  0.000968968
 2.62065e-34  1.56492e-07
 0.000979815  1.19493e-52
  1.9505e-26  9.38167e-10
 7.71656e-18  4.05518e-20
 5.03529e-06   2.8108e-20
 2.06701e-35     0.309088
 2.78263e-28  0.000349437
  8.4298e-05   7.6166e-54
  0.00342991  5.83141e-56
 0.000187237  1.68223e-53
  0.00455741  1.07698e-54
 9.11086e-32    0.0593331
  5.7223e-18  1.16992e-36
 9.58575e-48  1.75078e-08
    0.202621   2.2771e-53
    0.618073  9.84317e-54
 1.29573e-10   1.6199e-59
 1.31664e-17  5.08466e-37
  0.00220301  3.06556e-51
 2.03623e-25  6.85842e-16
  0.00167975  1.41846e-51
 3.36773e-08  2.85739e-56
 3.13315e-15  1.73232e-39
 3.21348e-57  6.18041e-08
  2.0751e-25     0.689518
 1.76836e-55    0.0335371
 7.46283e-08  6.36461e-56
 2.04974e-48  1.35654e-06
 1.08039e-56  2.22351e-11
 3.44104e-30     0.561845
 2.32756e-41  1.80945e-12
 1.11281e-38  2.45739e-07
 1.79243e-11  3.48353e-43
  5.9545e-43  6.61321e-09
 6.43483e-12   9.6852e-43
 3.41471e-27  7.11031e-16
 8.67112e-13  1.69423e-44
 4.04102e-13  7.89952e-45
   1.321e-30  8.10327e-21
 2.04661e-21  1.12908e-48
 6.48248e-19  3.56544e-46
 3.94122e-40  4.38675e-08
 5.75822e-17  4.25707e-48
 3.19988e-14  1.46433e-48
 1.14424e-16  2.74274e-48
 1.05884e-12  5.12939e-50
 1.04061e-12  2.01464e-50
 6.40135e-53  6.77267e-06
 2.88138e-50     0.551718
 3.78457e-53   0.00322272
 3.90311e-37  6.10899e-13
 3.29161e-38    5.118e-16
 8.91487e-08   0.00234789
 9.29868e-35  4.24578e-18
 9.17933e-12  6.84722e-51
 2.62971e-11  4.95961e-51
  4.9019e-43  2.70749e-16
 8.24941e-16  8.98853e-52
 9.65054e-64     0.272953
 2.90897e-10  3.41745e-50
 1.14157e-27   1.5497e-05
  7.0433e-10  8.24357e-50
 3.02376e-20  4.53207e-48
 4.53704e-46  1.05664e-07
 8.38445e-56  1.60741e-06
 5.08781e-09  5.94836e-49
 1.40814e-32     0.205551
 8.09359e-43  5.07644e-15
  8.2166e-19  3.84592e-47
 3.67361e-55  3.46999e-06
 4.72299e-24  1.33875e-08
 1.11499e-25  9.28733e-17
  8.4358e-47  4.53934e-20
 4.03712e-41  8.84293e-10
  2.9635e-48   0.00550202
 3.47043e-30     0.164378
 1.83606e-18  3.21703e-47
 1.11432e-36  7.73585e-15
 9.44432e-26  6.60389e-10
 4.83333e-38  1.21278e-07
 1.23095e-48  6.90932e-05
 1.07166e-49  2.15281e-09
  3.6882e-06  4.31237e-46
 3.08406e-45  6.70274e-17
 4.53924e-55   1.7337e-05
    0.242389  5.22897e-52
 3.12813e-22  1.51084e-43
    0.656019  1.41482e-51
 1.09387e-05  1.27896e-45
     1.01065   8.3307e-50
     1.00404  1.85979e-49
 7.67206e-67  1.91818e-10
 2.75448e-31    0.0390106
 7.12355e-07  8.89066e-56
 2.41863e-39  4.95621e-07
 9.55143e-59  1.15207e-19
 3.71537e-05  4.35261e-45
  1.2174e-06    1.975e-55
  8.5364e-11  1.81445e-39
 1.71797e-20  6.82749e-21
 2.76846e-14  0.000645845
 2.11362e-11  1.19975e-38
 1.86137e-11  2.66611e-38
 4.39355e-10  6.71752e-40
 4.48158e-14  1.83314e-28
 1.08646e-09  2.92988e-40
 1.05877e-13  4.33023e-28
 6.00003e-15  1.95573e-26
 2.06986e-51   1.2077e-08
 5.77941e-48  1.29644e-05
 1.01975e-26  0.000136674
 7.78123e-08  4.63866e-33
 1.34398e-08   3.6045e-41
 5.92075e-13  2.03456e-28
 4.76141e-15  4.18645e-52
 2.05437e-65  1.10689e-13
 3.65139e-63  0.000124836
 1.59902e-06  1.93698e-39
 5.29807e-35     0.128908
 5.98277e-23    0.0019458
 1.32944e-50  7.75672e-08
 4.80256e-40  4.13396e-11
 1.98919e-06     4.01e-39
 1.04506e-20  7.21416e-06
 1.54943e-31     0.237978
 1.30926e-05  5.19001e-40
 1.33738e-25   1.7156e-08
  0.00255618  4.48933e-40
  3.4086e-26  1.31766e-06
 1.31618e-44   9.8112e-10
 1.61035e-06  7.28453e-35
 1.65991e-30   0.00244821
  1.1505e-06  1.01159e-43
  2.2198e-35  9.03652e-16
  0.00600082  1.04785e-39
 3.79853e-33  3.32377e-12
 5.18219e-10   2.3442e-38
 0.000136461  8.64652e-37
  0.00193977  6.07806e-38
 1.22728e-67  7.12824e-08
    0.552111  2.12618e-40
 4.55747e-06  2.88243e-38
 1.79863e-67  3.94038e-19
 2.10683e-06  1.32871e-38
 5.13484e-31    0.0838407
  1.3469e-19  0.000378352
 1.96708e-08  7.57522e-48
 2.63055e-41  2.92474e-09
 8.82026e-09  3.39669e-48
   0.0146168  5.62904e-42