  7.2796e-08  5.03169e-46
  4.2049e-34   3.6581e-17
 1.49032e-07  1.20378e-45
   0.0568606  6.21699e-41
  1.6385e-08  4.60505e-47
 1.43194e-06   2.9381e-39
   0.0397088  2.95939e-40
 2.74904e-27  1.49422e-08
   0.0797956  5.15185e-40
    0.053589  5.93937e-40
    0.708277  8.90957e-40
  1.0422e-34  2.37222e-14
  5.3903e-07  9.62806e-39
 6.00456e-40   5.1246e-11
 3.54117e-22  9.23693e-07
 4.52885e-53    0.0707005
    0.780067  3.83452e-39
    0.325593  6.60686e-39
 1.44122e-64    0.0116803
 1.85955e-07  2.55878e-38
    0.636682  1.26665e-38
 1.07219e-25  5.03522e-05
 0.000165117  2.08324e-46
 8.47256e-06  1.91842e-44
 2.25306e-24   5.9547e-09
  5.2225e-25  2.76544e-16
 4.77542e-23  0.000114863
   0.0386709    1.357e-37
   0.0758564  1.39016e-37
  0.00233214  4.36744e-41
 1.05619e-55  4.18933e-24
 8.48716e-09  1.65458e-38
  0.00518862   1.1492e-40
  0.00158034  6.05248e-42
 5.94322e-21  1.20581e-05
 8.64129e-31  4.88591e-09
 1.63265e-36  9.46458e-10
 2.38799e-16     0.671012
   0.0154424  5.35087e-37
 2.93134e-64  2.78016e-13
 0.000713636  1.75402e-35
  0.00273115  1.01563e-41
 9.13911e-55  2.65744e-05
 4.88593e-32   0.00428661
    0.307918     0.690522
  1.8703e-50   2.3311e-09
 6.19658e-86  2.17396e-30
   0.0339811   1.0758e-39
 7.51063e-57  2.55281e-07
 1.51252e-19  5.59911e-27
  0.00780142  3.30405e-41
 3.37239e-44  3.25841e-06
 8.75986e-19   7.8133e-09
    0.102552    6.392e-40
 0.000205546  6.28151e-35
 9.92237e-06  1.89823e-34
  6.8418e-36  1.34502e-06
  1.2845e-53     0.157804
 3.10674e-39  0.000801757
 1.01737e-28  1.75457e-17
   0.0656936  3.06486e-45
 2.18332e-69  1.45718e-19
  2.0524e-05  3.90518e-34
  1.0595e-05  5.34894e-34
  7.8623e-29  2.60022e-06
 9.09875e-45  0.000249869
 5.74275e-54      0.66867
 9.14543e-41      0.30035
 4.60512e-40     0.306656
 1.92977e-47  0.000896017
 3.77234e-45  4.05957e-09
 5.45547e-37  1.45619e-14
    0.568231  2.08847e-39
    0.616241  3.31067e-46
   0.0145977  1.42524e-47
  3.1294e-17     0.687939
 4.26859e-05  6.11301e-32
 2.45173e-33  1.97344e-08
 1.05484e-27  9.15094e-07
 1.73189e-05  9.64275e-32
  8.4138e-55  3.50209e-05
 2.21542e-31    0.0361838
 1.24657e-41    0.0237291
 3.97648e-58  3.99777e-08
 3.44335e-33  3.10326e-07
    0.195368  1.74249e-46
 0.000283868  2.06141e-31
 5.16721e-47  9.16846e-07
  7.3888e-06  2.93027e-31
 2.84061e-26  0.000189908
 7.55298e-17  2.51592e-14
   0.0819815  3.21922e-46
   0.0188203   3.2819e-47
  3.2297e-05   3.7726e-35
 1.01102e-23  2.59232e-08
 1.79087e-05  7.58984e-35
 1.27174e-07   1.1407e-34
    0.557217  1.02147e-29
  0.00440636  3.20572e-28
 4.16411e-15  1.43853e-15
  5.9805e-19  5.11105e-64
 3.13422e-39   3.3337e-12
   0.0308696  2.04108e-29
 2.78678e-07  2.72135e-34
 9.16521e-28    4.472e-08
 1.05019e-28   1.0132e-05
   0.0538344  8.36811e-29
 7.17681e-14  3.56228e-33
 2.71966e-45   6.2125e-07
 2.39451e-57  5.87864e-07
 2.50688e-34   3.8755e-09
 2.10204e-14  2.81651e-16
 1.02349e-22    0.0855388
   0.0131728  2.04992e-29
 1.73479e-50  3.02262e-10
 2.87132e-54  0.000341651
  0.00648471  6.07242e-28
 0.000349405  3.84794e-31
  0.00732212  2.48383e-28
 7.33419e-08  9.70018e-23
  3.2332e-38  1.59809e-07
 1.28312e-62  7.67534e-13
 6.70302e-55    0.0003717
  0.00295411   8.7747e-28
 3.28797e-08  2.16753e-22
     0.30955  5.71635e-40
    0.690456  1.53663e-39
 0.000257215  7.77527e-30
 1.35645e-39  7.66085e-12
   0.0214841  2.27618e-33
 1.68874e-57  6.79702e-08
  0.00735701   4.7452e-33
   0.0614443  6.95924e-34
 1.09134e-57  1.03096e-08
 2.20209e-14  6.20895e-17
 1.94456e-12  2.16535e-27
 8.32087e-13  6.68041e-27
 1.56645e-12  1.93128e-27
 8.99442e-08  5.04914e-30
   2.345e-54     0.591855
    0.179094   2.4094e-35
    0.609606  6.53334e-35
 1.87593e-23  8.59665e-11
 4.03211e-08  1.12013e-29
 1.15239e-55  2.47885e-26
 9.67399e-27  0.000139834
 8.81286e-64  3.05998e-16
 1.69721e-05  1.10109e-36
 2.86203e-25    0.0121321
 1.35664e-55    0.0297354
 2.01577e-26  1.97275e-09
 7.18393e-17     0.221828
 2.68127e-19   1.9093e-64
 3.27263e-06  5.31431e-36
 4.99688e-34  6.19833e-13
 2.66282e-06  3.41468e-36
 2.93745e-27  3.97882e-12
 7.79295e-06  7.87049e-37
 1.03917e-08  7.98078e-23
  0.00228064   2.4863e-37
 5.15534e-09  3.30496e-22
 2.31204e-30  1.50826e-13
   0.0114339  1.13045e-36
 4.31093e-28  6.57544e-22
 9.33787e-44  6.49581e-12
 1.19795e-20  3.37163e-05
 8.18803e-07  2.31661e-25
 5.36239e-09  1.24465e-22
 9.68523e-31    0.0626337
 1.57032e-49  9.11899e-07
 1.03369e-28  3.11286e-05
 2.96697e-06  5.08387e-25
 1.07456e-52   7.2877e-07
 1.28495e-61  2.45701e-21
 3.32699e-05  1.55534e-37
 1.00959e-47   1.5095e-07
 1.49478e-05  3.49481e-37
  0.00013953  9.65083e-31
 4.95155e-35  4.18227e-16
 1.50849e-50     0.551709
 5.02502e-36    1.173e-15
 7.28791e-06   2.1732e-25
 3.89991e-40  1.33536e-12
 1.05716e-20  0.000226991
 0.000429892  2.37041e-30
  0.00240472  1.33803e-29
 1.45363e-31     0.640808
 0.000171631  6.76418e-31
 7.52538e-53        0.686
  0.00109756  2.84348e-30
 9.34883e-07   9.3684e-38
   0.0284844  7.71375e-30
 3.39351e-61    2.864e-24
 0.000602101  6.33088e-31
 3.72525e-55     0.229689
 0.000753803  5.23451e-31
    0.555978  2.46659e-30
 2.54218e-15  2.47936e-21
  2.4557e-34  5.57393e-14
   0.0117551  5.14947e-32
   0.0426211  1.88864e-31
    0.014878  6.49713e-32
 0.000502879   1.1915e-32
 5.88808e-10  1.16218e-40
 1.41806e-23  3.77668e-08
 8.05323e-10  2.29333e-40
 3.40706e-35  1.49782e-17
 2.24704e-31     0.690448
 2.14579e-40  9.25933e-11
 5.09035e-14  5.01894e-50
 7.54906e-52   0.00176151
 3.98353e-39  3.83061e-07
 5.12859e-45  1.02119e-05
 4.72412e-10  1.37283e-37
 9.48613e-07  3.55175e-35
 5.02223e-31     0.309552
 1.79247e-40   0.00397207
 2.44869e-06  1.20624e-34
 4.43534e-33  8.08155e-11
 5.24154e-48    0.0346878
 7.29489e-51    3.156e-08
 1.20696e-07  2.90437e-29
 5.74323e-31  0.000357595
 2.63327e-57   0.00076284
 7.04071e-10  5.98848e-38
 3.45659e-06   3.2825e-34
 2.67762e-09  6.97111e-31
 1.39136e-23  0.000264918
 1.51777e-63  0.000298367
 3.46488e-58  0.000103773
 6.13873e-06  9.72599e-34
 1.32037e-05  1.61187e-32
 1.56563e-45     0.103652
 4.70544e-48    0.0552074
 9.75922e-33  0.000873025
 3.47518e-05  3.52639e-36
 2.51795e-42  1.74578e-08
 0.000158093   1.7144e-35
 1.30396e-47  1.66262e-15
 4.14418e-54  3.48118e-31
 2.00038e-05  1.50807e-36
 0.000165985  1.31031e-33
 9.56248e-26     0.301305
 1.28963e-42  7.69629e-09
 1.61521e-62  4.97428e-09
 1.03751e-29   0.00968698
 3.24082e-27  5.34884e-19
 0.000936841  2.59627e-34
 1.03603e-23  6.14396e-07
  0.00227949  1.07754e-34
 1.81576e-47  7.36017e-08
  8.7179e-29   0.00114903
  3.3428e-05  2.52259e-37
 5.45112e-31  7.32637e-06
  0.00393369  3.03398e-45
 4.59945e-06  3.15453e-49
 9.19949e-13  8.29193e-42
 8.71208e-06   7.4668e-50
 4.16752e-13  3.76625e-42
    0.554469  3.77873e-37
 3.75631e-05   1.5277e-50
   0.0609003  1.82427e-38
    0.688047  6.59448e-43
 1.24239e-10  2.15214e-28
    0.306835  1.37062e-42
 1.40224e-45  6.31772e-17
 6.30449e-70   1.7312e-14
 1.29688e-33  1.16272e-07
    0.197885  3.33452e-39
 3.28863e-13   2.7695e-42
 5.47768e-88   3.4171e-29
   0.0213099  2.30176e-41
 9.89328e-14  2.09831e-45
    0.642368  1.09913e-39
 1.08481e-33  1.76471e-08
 1.55991e-73   0.00873042
 2.26572e-25   3.6377e-14
 2.61106e-36  1.81038e-14
 6.17917e-22    0.0328097
 1.31334e-52   0.00439163
 1.68245e-35  2.32301e-06
 3.77195e-24  0.000122896
   0.0110035  7.80957e-41
  0.00128597  9.68552e-42
 3.42913e-45  6.76413e-09
    0.149379  2.44361e-40
 5.43883e-41     0.100963
    0.308594  6.79531e-55
 5.61462e-42  1.26068e-10
 3.31669e-29  2.81661e-05
   0.0350651  6.05582e-41
 3.23901e-49  7.94206e-06
 1.24983e-47     0.557259
  1.4491e-28  1.82012e-06
   0.0035796  2.52668e-41
  0.00773449  1.38768e-41
  0.00882044   1.4617e-41
 1.94994e-37  3.41504e-05
 5.66728e-25   0.00771758
 2.67937e-39  8.01481e-10
 1.23981e-72  4.39898e-10
   0.0706062  4.90338e-42
  0.00371352  1.09105e-41
 6.72397e-35  1.66835e-11
 1.98301e-10  1.73604e-39
 4.81412e-39  7.23636e-05
    0.689733  6.20792e-56
 2.81612e-36  1.14516e-07
 4.53957e-35  0.000854547
 6.30365e-10  5.57585e-39
    0.639029   4.3189e-41
 6.79252e-15  1.36003e-23
 1.01769e-13  8.15764e-43
 1.48371e-13   1.2114e-42
    0.132084  3.49165e-41
 1.60933e-52  2.00461e-05
 3.76199e-52  1.22788e-07
 4.16386e-48   3.0493e-06
     0.21576  1.29631e-40
 5.82597e-44  0.000658893
  3.6612e-08  4.96572e-36
 2.28508e-06  1.16722e-35
 1.97341e-52  4.14063e-06
 9.47888e-30      0.60779
 9.49501e-35   4.4706e-07
 8.93172e-08  1.21392e-35
 6.96139e-07  3.88984e-35
 3.59316e-28  5.31846e-13
 3.80692e-10  1.27514e-37
 8.96692e-10  2.99404e-37
 1.85133e-23  3.08485e-11
 1.22962e-30  4.37769e-24
  1.8366e-35  1.74724e-09
 1.11725e-16  5.02671e-52
  3.1479e-06  1.78246e-43
 8.08629e-59  1.81785e-09
 3.67671e-28   0.00242446
 1.28433e-08  2.33033e-33
 1.78479e-06  4.53588e-43
 3.18552e-48  1.86911e-05
 5.80428e-09  5.19325e-33
 9.90968e-42  3.78543e-09
 3.92296e-16   1.2503e-33
 1.73738e-52  5.83738e-07
 3.72239e-41    0.0196617
 1.26446e-36  8.73381e-15
 1.39215e-56  7.76329e-10
 2.09216e-08  3.61571e-41
   2.317e-07  3.23847e-42
 2.29028e-70     0.999889
 6.90307e-08  1.17984e-41
 2.13689e-11  1.17768e-30
 1.63318e-34  1.08826e-10
 4.01043e-37  4.38193e-13
 6.14132e-12  2.85358e-47
 7.13358e-13  1.25089e-29
  1.0033e-08  4.79923e-44
 1.77068e-50     0.679263
 1.29932e-10  6.14334e-46
 4.04472e-12  6.42122e-30
 2.25331e-14  3.52933e-38
 1.87698e-13  1.15899e-28
 1.40339e-14  7.37691e-38
 3.86639e-58   3.9091e-17
 9.15943e-20   2.8593e-25
  1.0601e-35  7.08809e-14
 5.24363e-14  5.50734e-28
  1.5689e-13  2.86396e-29
 3.53935e-50   0.00883475
    0.013377    0.0294296
 4.01152e-57  2.62254e-14
 4.04418e-14  2.48728e-28
  2.3812e-10  3.48957e-39
 4.30016e-23  1.13108e-07
 6.03281e-19  2.58296e-23
 6.06417e-57  3.85453e-14
 5.72495e-56  1.61225e-10
 7.88845e-19  3.44215e-23
 5.47475e-10  8.10615e-39
 1.32517e-28  2.26885e-06
 3.37292e-19  1.24762e-26
 1.73434e-09  2.30987e-38
 6.18927e-27     0.561089
 1.25409e-56  6.12433e-11
 2.39122e-30  5.88229e-09
 1.90043e-12  2.46762e-32
 9.74257e-49   9.7707e-08
 2.02508e-23  1.89333e-25
 2.66888e-27  0.000583286
 9.66748e-33  3.29385e-12
 5.00082e-09  6.71871e-38
 7.22853e-36   1.6226e-05
 1.04898e-59  3.62163e-10
 6.07231e-39  6.20439e-10
 4.44188e-12  1.05668e-32
 4.16773e-21  1.79853e-06
 1.82853e-24  2.79818e-14
 1.63093e-10   2.9065e-34
 2.87723e-10  9.10161e-41
 2.63467e-50  9.71279e-07
 1.37922e-58     0.675573
 2.73526e-41  1.11323e-12
 3.90499e-08  5.54441e-37
 3.30473e-37  8.32854e-17
 1.09763e-22     0.221687
 4.40589e-73  1.89019e-10
 3.69792e-10  1.27697e-34
 2.32439e-54  3.11043e-05
 1.68055e-45  3.07215e-09
 2.95842e-12  5.22785e-36
 1.15623e-07  1.30822e-37
 6.26256e-41     0.619017
 9.38557e-59  1.75561e-17
  6.5503e-12  2.67195e-36
 2.28074e-07  1.63682e-37
 1.40209e-11  4.72518e-37
 4.50877e-63   0.00173648
 1.94136e-24  5.78167e-09
 1.01383e-39  7.64034e-05
 7.97128e-10  2.54626e-40
 2.48717e-73  2.34824e-23
 5.40671e-14   0.00288257
 7.32379e-07  5.75906e-38
 9.00199e-45     0.655482
 2.89446e-11  2.12517e-37
 7.01554e-10  2.64947e-38
 2.27407e-31  3.21351e-06
   1.395e-07  2.28393e-44
 3.83656e-13  4.56664e-47
 2.12453e-40     0.687889
 1.07338e-52  2.57016e-12
 2.13836e-13  2.42648e-47
 3.22887e-07  9.07742e-45
 0.000205191  2.05244e-40
 1.87452e-66     0.551864
 5.97326e-34  3.38326e-08
 2.92349e-12  8.94111e-06
 1.26965e-45  8.47426e-06
 0.000597107  6.74379e-41
  1.7256e-39  1.66713e-07
 1.38376e-52     0.303589
 2.05257e-40  0.000181975
 6.38612e-07  3.60456e-41
 3.78142e-33     0.613086
 1.31339e-06  1.99012e-45
 1.09917e-49  7.17468e-07
 9.06964e-14  0.000132357
 1.42704e-06  1.59617e-41
 1.98295e-08  4.59449e-44
   0.0107578  3.63097e-42
  7.1062e-05  2.85423e-43
    0.029621  1.18859e-42
   0.0011007  5.80438e-47
   0.0267622  5.20612e-43
   0.0325171  2.52912e-45
       0.583  5.24449e-44
 2.70222e-30    0.0356569
 2.08157e-05   7.1653e-44
  0.00188368  1.05083e-46
 2.50179e-35  9.12688e-12
 9.21033e-28  4.55673e-11
 4.19951e-07  9.16325e-51
 1.08918e-30   2.9815e-21
    0.129907  1.12914e-44
 0.000468028  1.71381e-47
    0.551665  1.57538e-51
    0.171465  9.14011e-47
     0.12817  3.46422e-46
 1.40994e-40     0.205984
 8.38674e-49  1.00812e-10
    0.637722  4.81805e-47
 0.000152131  3.26347e-48
    0.152795  3.15223e-47
 1.22689e-57  8.81452e-08
 3.43012e-27  3.38124e-05
  1.0803e-46  7.72026e-07
 7.94471e-56  8.63568e-06
 4.53192e-64    0.0052051
  0.00176676    6.288e-49
 3.01017e-29  1.69018e-05
 3.58487e-28  7.66888e-05
 6.35912e-67  2.39572e-19
 8.06809e-25  1.23453e-14
 2.41051e-58  1.35638e-20
  0.00112919  6.39404e-50
 5.98925e-44   0.00485314
 0.000576996  1.94323e-50
 8.67918e-38  4.45667e-13
  0.00528367  7.51059e-49
 3.63317e-52  8.36178e-13
 3.51767e-08   6.5437e-54
  1.5199e-06   1.5375e-50
 3.65418e-05  4.84032e-52
 8.03244e-21  9.33721e-07
 1.98701e-27  5.63804e-12
 5.18884e-05  3.30139e-51
  2.0395e-64    0.0569101
 1.13329e-07  2.27488e-52
  1.8755e-41  2.79016e-13
  1.6402e-05  1.00607e-52
 2.11434e-54  2.10096e-13
 7.04177e-07  1.10238e-52
 1.53419e-43  0.000796806
 3.53687e-35  4.19689e-11
 9.02068e-61     0.297169
 5.10802e-08  2.91829e-54
 2.32399e-08  4.45391e-55
 9.55097e-22  2.36344e-17
 1.52839e-06     4.66e-54
  7.5107e-22  1.01457e-05
 1.02709e-20  3.70499e-65
 1.15002e-40  1.46309e-09
 2.83248e-08  5.36963e-54
 1.89762e-07  1.29559e-56
 9.50447e-06  4.74647e-56
 9.01192e-30     0.558376
 5.60016e-42  1.95358e-11
 2.30015e-25   0.00319615
 4.07836e-21  9.05445e-65
 6.21478e-15  6.67225e-66
 1.38531e-14  1.20411e-64
 0.000417632  4.73467e-59
 5.71095e-31    0.0428425
 9.69967e-31  1.09434e-13
 1.83375e-55   0.00285732
 5.65493e-36  2.83598e-10
 4.60172e-46  5.59176e-10
 7.77681e-06  5.88606e-59
 8.17815e-35   5.5046e-06
  5.3943e-16  2.19889e-71
  0.00116712  1.40112e-60
 1.45633e-15  2.35334e-71
 1.83784e-05   2.9951e-60
 1.30388e-29  7.03437e-13
 2.27553e-39  0.000170524
 5.13973e-29   7.7419e-05
 1.82124e-41  2.04991e-12
  0.00552158   1.9632e-62
 2.71366e-24  7.12768e-09
 4.92421e-15  6.95973e-71
 2.71949e-05  1.33458e-62
  2.5729e-27  2.93875e-10
   0.0181611  2.83869e-64
  0.00102858  5.06674e-63
 0.000446416  2.31837e-63
    0.169325  1.12848e-62
   0.0907609  5.21745e-63
 5.17985e-05   7.8024e-61
    0.601256   5.6188e-60
 1.77421e-26  2.70717e-24
 4.61801e-43     0.690412
 3.37479e-51   0.00185008
  4.5664e-05  6.83378e-61
   0.0122174  2.87911e-61
   0.0133471  3.89702e-60
 1.18388e-25    0.0339492
    0.935542  1.61121e-56
 3.61416e-53  1.20541e-05
   0.0224615  1.90837e-57
 5.20432e-36  2.91052e-05
   0.0105046  1.53819e-56
   0.0080716  1.13057e-55
    0.936091  4.76398e-56
  1.3328e-62  4.50207e-17
  0.00785632  1.75906e-56
 6.92105e-07  9.47187e-50
 4.79229e-44   0.00375216
 1.51722e-55  5.54264e-24
 8.75188e-42  6.49374e-10
 0.000101814  6.29911e-53
  2.5108e-23  7.05574e-08
  3.4908e-45    0.0668332
 4.60564e-05  4.03616e-52
 3.71727e-38  9.25641e-18
 8.72784e-45  5.01108e-06
 1.69578e-66  1.94717e-23
 0.000350779  3.56366e-48
 1.37929e-39  6.62945e-10
 4.52928e-31  9.47153e-09
   0.0271901  1.84825e-54
 1.54542e-06  3.86272e-49
 1.10775e-27  0.000101096
  2.5357e-60     0.690411
 1.84325e-16  2.55162e-14
 9.82527e-07  4.39463e-50
 4.88293e-07  1.24222e-49
 5.90234e-75     0.309552
 9.03796e-21  1.24011e-63
 1.50251e-07  8.06868e-49
 0.000994125  1.01405e-47
 9.66795e-08  3.91393e-48
 1.83002e-22  1.04557e-16
    0.690444  1.36728e-50
    0.309547  1.71399e-50
 7.04267e-06  7.05671e-46
 6.51579e-05  1.86388e-47
 4.56167e-26  1.19837e-10
 2.89272e-44  2.18789e-09
 3.56641e-22   0.00801913
    0.309479  1.23708e-47
 1.33526e-50   0.00054082
  1.9644e-06  4.04075e-45
 1.20671e-05  2.53651e-43
 7.94175e-07  8.77706e-45
 5.01658e-52   0.00591633
    0.690392  5.51849e-48
 3.34461e-56  1.11105e-26
 1.93455e-44   0.00256092
 1.49589e-44  4.10486e-11
 1.55893e-08  5.83767e-43
 1.53002e-27   4.3154e-16
 2.93247e-43    0.0232883
 7.03364e-45  5.98706e-10
 1.52062e-18   0.00407632
 5.43754e-50  4.08828e-15
 2.03003e-40     0.204219
 9.03712e-09  1.13335e-42
 9.59748e-67  2.36761e-13
 3.06648e-09  1.91875e-42
 7.68506e-06  1.79301e-47
  3.4465e-06  2.93305e-47
 8.83757e-10   1.3753e-42
 1.20878e-10  4.72747e-41
 6.08884e-11  1.20791e-40
 1.01138e-13  1.96492e-37
 1.19338e-10  6.38654e-43
 2.27028e-27  0.000534537
 4.07028e-44  1.08858e-10
 4.33132e-42  3.46488e-17
 9.18192e-22  2.38702e-06
  2.1409e-13  3.05152e-38
 2.61905e-61     0.086552
 5.04557e-11  3.65493e-43
 4.15399e-14  4.55357e-37
 9.16598e-62  2.44572e-20
 6.36192e-14  4.05494e-46
 6.09648e-17  3.11414e-34
 7.14646e-24  2.78506e-41
 9.08189e-13  9.52794e-42
 4.69802e-23  1.08898e-06
 3.67448e-37  1.02804e-11
  1.1119e-23  5.18759e-41
 1.28473e-32      0.17263
 3.84423e-16   3.3547e-36
 3.54282e-39  8.10112e-12
 7.93671e-26  3.68524e-43
 2.58121e-17  8.29789e-34
  1.0857e-44  1.69366e-05
 3.82596e-16  8.08474e-36
  1.2849e-14  1.87219e-39
 4.65884e-14   1.3164e-38
 2.88135e-20   8.0989e-05
 1.13266e-13  2.05984e-38
 2.64886e-40  5.02799e-06
 8.87622e-15  4.06638e-40
 1.90581e-52  0.000945707
 8.45916e-19  2.19275e-32
 5.72534e-13  4.21778e-39
 5.55067e-32  1.22428e-11
  7.3174e-15  1.23049e-40
 1.84029e-23  2.81499e-13
   1.859e-41  1.38895e-06
 1.41878e-28  4.37744e-06
 1.42358e-11  3.03233e-41
 9.35753e-33   2.2204e-10
 4.00172e-35  7.61864e-14
 2.75657e-11  3.49454e-41
  2.9105e-47  7.44923e-16
 2.68271e-11  6.68762e-41
 1.43849e-45  0.000167791
 2.58889e-45    0.0251951
 4.71786e-11  3.24481e-41
 3.97748e-20  4.64548e-31
 2.53222e-21  3.36576e-06
 2.76062e-66  1.73763e-18
  8.1564e-10  3.72736e-41
 4.84007e-10  1.83169e-41
 2.02321e-30  1.04384e-20
 5.80961e-33    0.0124571
 1.54639e-09  6.18768e-41
 4.40565e-09  1.83451e-40
 1.36506e-08  5.18867e-33
 2.66972e-23  8.63448e-28
 2.93579e-08  1.15509e-32
 1.97749e-39  2.97887e-05
 1.18595e-23  1.92535e-27
 1.69864e-07  7.07151e-39
 6.42735e-57   0.00209432
 2.22883e-43   0.00224006
 2.23003e-27  9.71259e-24
  7.4255e-06  3.64812e-35
 4.50313e-26  2.79312e-05
 8.11737e-14  5.81015e-21
 4.38411e-34  2.80023e-12
 4.72413e-27  4.24447e-24
 8.98226e-55  1.80582e-05
 8.70093e-65  0.000536347
 7.40348e-06  2.66972e-37
 3.03944e-06  1.08193e-37
 1.88777e-67  3.82653e-18
 2.15491e-05     0.567555
 3.56018e-08  1.17469e-39
 2.23377e-08   7.1408e-40
 9.53569e-08  3.29797e-39
 2.71494e-34  2.42727e-08
 1.82774e-39  2.43002e-14
 6.14854e-27     0.615194
 1.89345e-42  1.41882e-07
 4.02336e-56  9.20004e-07
    0.626465  4.64199e-33
     0.21932  2.06766e-33
   0.0521245  5.77358e-32
   0.0744911  7.30491e-34
   0.0201658  1.51274e-31
 4.78543e-40  1.05187e-08
 3.15221e-55   0.00114452
 1.16269e-57  3.63446e-08
    0.686578   9.5875e-51
 6.78362e-74  2.80899e-15
 1.98996e-42  2.33155e-10
 1.15444e-64  1.23362e-15
 1.74958e-24    0.0662349
  0.00236392  1.10943e-30
    0.304417  2.34769e-50
 5.28614e-35   0.00865033
 1.78242e-44    0.0168739
 2.06511e-13   1.4784e-20
    0.689259  9.20008e-45
  0.00752403  1.08671e-48
 6.83219e-29  3.28627e-07
   1.037e-41  3.13431e-12
 4.55058e-23     0.630102
 8.25376e-42  4.99515e-13
 3.30136e-44   0.00320667
 1.41734e-44  8.65092e-06
     0.30822   2.0592e-44
 9.74075e-05     0.703112
   0.0129119  4.21813e-43
 1.99115e-44  2.25751e-06
  0.00208296  4.80619e-48
 5.39269e-54     0.560076
 4.75791e-05  1.68914e-50
 5.99412e-32   0.00407598
  0.00074093  1.38471e-47
 9.10164e-45  5.27954e-09
 1.45926e-12  1.61424e-43
 0.000139741  7.95418e-47
 3.64557e-07  2.75455e-39
   2.109e-53  3.97251e-05
 2.20936e-70   7.0574e-15
 3.68656e-54   0.00762426
 3.52869e-09  8.35494e-47
 1.58202e-09  1.86354e-46
 1.63344e-07  3.41499e-39
 1.79619e-06  9.92909e-49
 7.01663e-11  1.45352e-35
  1.3089e-27   1.2686e-18
 2.39004e-49  2.36271e-09
  1.5625e-10  6.50261e-36
8.47835e-165 2.64992e-111
 7.10482e-19  1.17584e-27
 1.50823e-26    0.0302476
 1.00699e-16     0.282953
 1.63767e-11  4.20853e-53
 1.29087e-08  5.52394e-50
 1.84987e-45     0.165674
 9.22611e-09  2.56788e-50
 3.68549e-10  9.72263e-52
 2.84686e-13  2.91183e-44
 6.05073e-13  7.73563e-45
  5.1166e-13  6.60883e-45
 2.47472e-12  3.36779e-45
 1.44558e-22  3.69491e-07
  3.1714e-26   4.3681e-09
 1.50123e-35  5.92703e-08
 1.77157e-50  1.54198e-09
  1.6555e-12   2.2859e-51
 1.73711e-13   2.8223e-53
 1.09956e-36  2.64379e-16
 1.32762e-12  2.33221e-49
 1.23043e-27  0.000408681
 2.78284e-47  5.10065e-13
 1.21565e-32  2.68883e-12
 3.23958e-58     0.551665
  2.6483e-12  1.00962e-48
  6.7957e-09  7.44963e-43
1.57367e-105  6.46645e-42
 2.34237e-08  2.00035e-43
 1.23393e-35  6.07334e-07
 6.27124e-08  4.92551e-44
 1.29926e-52    0.0139525
 6.84848e-10  1.48725e-52
 2.40601e-10  1.19614e-38
 7.32548e-10  4.10095e-38
 1.14572e-41  1.67613e-09
 4.35084e-18  1.59543e-36
  5.1951e-06  3.12903e-41
 6.43107e-08   0.00169377
 5.65307e-26  5.07641e-08
  1.9002e-09  1.13081e-37
   0.0461978   3.3649e-49
 3.07396e-08   1.8225e-36
 4.45278e-55  2.30201e-05
 3.98741e-45   7.2606e-06
 1.01554e-33  4.14631e-17
 7.23672e-08   4.6479e-36
    0.685023  8.71808e-48
 1.77765e-20    0.0003765
 1.66843e-32  1.83627e-16
 1.16795e-27  6.69666e-10
 3.43525e-58     0.268344
    0.299799  3.33388e-47
 3.78515e-26    0.0932658
 8.24219e-33  1.74845e-10
 6.05667e-46     0.262268
 2.46288e-06  1.61617e-34
   0.0309468  5.39722e-46
 9.24504e-36     0.690102
    0.309552  3.15012e-38
 7.10944e-06  2.69367e-42
 3.25685e-20  2.31832e-05
    8.48e-06  5.67448e-34
 6.57532e-53   0.00606645
    0.690448  7.02866e-38
 2.13096e-06  1.39864e-34
 3.00798e-45   4.9146e-06
  0.00134767  9.04727e-32
 2.65325e-66  0.000772543
 1.76115e-09   1.3459e-35
 2.24564e-06    9.333e-42
 3.67986e-09  3.43031e-35
  1.0005e-07  7.44566e-36
 3.93254e-23   0.00046056
 1.79428e-43     0.309501
  0.00424968  2.86389e-31
    0.309214  1.28091e-30
 5.63559e-60  2.51071e-10
 0.000120285  2.15858e-30
    0.690179    2.825e-30
 0.000367621  6.77972e-30
 5.49621e-48   0.00155118
 1.05229e-07  4.17046e-33
 7.43949e-49  2.56091e-05
  0.00114767  2.27591e-29
 5.68462e-05  1.07876e-26
 9.39823e-43    0.0202738
 9.16088e-05  2.10475e-26
 2.75246e-32   0.00189047
 4.92104e-27     0.178886
 2.34742e-07  9.58022e-33
  0.00867623  1.74588e-28
    0.690484   4.4017e-34
 5.37117e-33     0.635643
    0.309633  2.13676e-34
 5.40801e-17  1.06382e-13
    0.132553  2.63043e-27
 0.000424322  2.57213e-36
 1.66251e-39  3.63585e-08
 1.49391e-42     0.118645
    0.268881  8.58928e-27
    0.677856  1.23348e-26
   8.494e-52  5.26053e-08
 8.26597e-10  9.60347e-18
 8.17232e-43  6.03887e-16
  7.1284e-50   3.3635e-10
 1.33118e-66  8.41448e-11
     0.55171  1.52186e-31
 7.19104e-64  6.19006e-13
 2.93257e-55  0.000290181
 2.57977e-06  2.75481e-21
  5.6463e-49  2.45273e-06
 4.86385e-55   0.00107211
 1.42269e-05  5.53371e-22
 4.25405e-05  1.73752e-22
 3.06968e-10  2.58617e-17
 1.78828e-07  8.81171e-23
 1.91945e-34  1.20768e-05
 4.85064e-56  6.51328e-14
 7.87187e-08  4.03485e-23
  0.00164503  3.37158e-30
 2.45095e-39  6.27834e-19
 9.24038e-40  4.52252e-05
 2.16466e-08  1.07956e-23
  0.00372917  6.19421e-30
 9.41645e-42     0.575291
 4.32644e-41     0.124484
 6.76858e-45  1.34319e-05
 8.18052e-57  1.51603e-07
 3.03148e-05  5.79472e-28
  1.4854e-09  7.39474e-25
    0.306976  7.27924e-32
 5.67609e-25  2.14213e-05
 1.70468e-45  2.69867e-08
    0.688515  3.28204e-32
 7.25594e-55  1.48646e-05
 1.58141e-08  1.78257e-28
 3.46271e-06  6.56793e-29
 2.08544e-08  4.54828e-29
 1.58303e-08  2.31314e-29
 1.21182e-29  6.05275e-13
 9.52988e-20  6.86259e-05
 1.07286e-11  8.40831e-29
  7.2345e-38  1.56819e-06
 3.01743e-13  2.27663e-30
 8.41695e-13  6.51402e-30
 1.45783e-43  1.15722e-16
 1.76217e-09  3.15816e-32
  7.7456e-10  6.84728e-33
 1.13075e-45     0.636228
  3.7032e-64     0.659696
 9.38041e-10  1.00326e-32
 7.02219e-14   1.0436e-31
 2.81605e-14  7.22421e-33
  1.3937e-47  3.26285e-06
 3.16815e-14  4.54523e-32
 6.05923e-14  2.94643e-33
 8.80214e-05  2.96637e-38
  0.00170233  6.12501e-39
 1.42385e-05  4.44447e-39
 7.97486e-06  2.48191e-39
 1.25604e-10  2.07283e-35
   0.0336624   3.4764e-40
 3.87928e-19  1.13795e-52
 2.35384e-34     0.580927
 6.45887e-23   4.3715e-11
   0.0785068  1.39533e-40
    0.560643  7.66849e-41
 4.74734e-10  7.47064e-35
 1.50171e-28    0.0117694
 9.76532e-26  2.84098e-11
 1.34419e-57  0.000409761
 1.67771e-07  4.85149e-37
 3.00795e-07  8.23161e-37
 2.48229e-07  1.65252e-36
 2.20299e-29  8.30673e-06
 0.000212618     0.340017
 7.41149e-09  1.16242e-33
 1.66943e-08  2.61933e-33
  6.6618e-17  2.54753e-14
 1.18139e-37  1.29966e-13
 2.22379e-33  0.000216299
  4.0244e-27  6.05447e-05
 6.96899e-34  1.94552e-11
 2.67711e-34  2.61471e-13
 6.80426e-06   4.8182e-35
 4.32747e-41     0.622044
 2.93206e-06  2.07382e-35
    0.309536  5.40432e-30
 3.32202e-34   0.00151421
 2.13444e-15  1.50832e-44
    0.690436  3.48859e-30
 1.27721e-52   0.00472403
 8.80933e-24  0.000286887
 4.81486e-60  2.45964e-19
  1.3367e-47  2.28691e-13
 1.89274e-34  9.44241e-18
 6.36885e-45      0.66448
 7.98479e-26  4.52906e-56
 0.000256278   8.3656e-27
 8.67107e-05  2.76516e-26
 5.47355e-48     0.690437
 6.61333e-12  1.25864e-41
 2.69873e-45  7.12924e-06
 1.28278e-39  1.24307e-06
 2.36856e-46  3.71094e-05
    0.689023     0.308037
 9.88169e-12  5.64805e-42
 2.74263e-30   1.9629e-24
 9.27649e-23  5.22223e-53
 2.82141e-05  7.72056e-26
 1.54098e-20  8.76159e-51
    0.555817  6.82096e-38
 6.51175e-39  5.31774e-07
   0.0482579  1.37315e-38
  3.0549e-71  1.60588e-15
 6.90694e-21  3.94098e-51
 7.60171e-35  6.74293e-18
 8.18525e-28   0.00800436
  0.00501954  7.39115e-38
 7.97004e-52  4.77121e-09
  0.00277476  1.64238e-37
 2.37377e-15  4.21852e-15
 1.96442e-43   0.00161636
 5.02422e-27  1.37213e-11
 1.47711e-12  1.34132e-18
 1.15336e-45    0.0341415
 6.70593e-13   6.0166e-19
 5.31435e-13  3.01936e-47
 3.77528e-08   1.0688e-32
 8.68876e-15  4.93769e-49
 1.50227e-14  8.52007e-49
 1.79594e-86  9.74753e-31
 1.74187e-59    0.0877815
 1.65598e-87  7.63035e-29
 1.24524e-15  4.03395e-25
 2.48831e-12  1.86367e-22
 9.95218e-22    0.0125757
 5.56311e-16  1.77814e-25
  1.3831e-10  2.74497e-42
 8.14687e-17  2.51778e-27
 1.23022e-50  0.000108128
 6.60513e-33    0.0195942
 6.73748e-26  2.19819e-06
 3.73973e-17  1.43604e-27
 5.55577e-12  8.34679e-23
  1.2853e-09  4.64037e-42
  0.00238278   8.0726e-55
 1.86794e-21  1.29914e-20
 2.00717e-11  7.34261e-44
  8.8052e-27     0.001913
 2.96469e-09  1.04353e-41
 6.26378e-07  2.16551e-39
 1.26832e-39  3.21461e-13
  0.00531551  3.79681e-55
 1.39889e-06  4.86402e-39
 1.34329e-47  0.000677247
 1.75059e-59    0.0887858
 6.02197e-41  2.98154e-11
 3.44078e-52  2.10898e-09
  3.6318e-12  1.24852e-44
 9.69873e-55  9.76524e-14
 3.59123e-30  2.64437e-21
 1.24493e-44  8.39126e-15
 8.58256e-44  2.94093e-12
 9.68267e-06  3.82862e-29
 1.15891e-40  0.000334299
 2.09527e-22  8.25644e-17
 1.84541e-28  1.82664e-07
 3.02321e-27     0.106476
  0.00326161  1.30862e-31
  2.1811e-46  5.94485e-06
  0.00899778   4.7461e-32
 0.000180903  6.28146e-37
 9.02637e-50   4.7707e-07
    0.551706  2.42775e-57
    0.307938  1.34929e-33
 2.68909e-27  4.29556e-07
 6.49442e-46  7.51456e-05
 4.75139e-16  9.46106e-15
 1.54025e-41  1.70814e-09
 6.07748e-12  2.24861e-19
 1.32328e-43  7.36605e-08
    0.689181  6.71459e-34
 3.20948e-11  3.54158e-44
 1.53902e-55  1.71093e-05
 4.50211e-07  4.99892e-40
 6.55981e-40  7.16088e-13
 4.33406e-29  4.09286e-17
  2.4684e-05  2.55584e-38
 7.24965e-57  6.83344e-22
 1.12629e-05  1.16186e-38
 3.60311e-32    0.0748763
 6.25693e-05  6.23709e-38
    0.551665  8.05179e-38
 2.10013e-10   1.6945e-55
 2.22752e-15  2.10555e-48
 2.44779e-08  2.51766e-41
 1.14533e-61  1.28587e-24
 3.76816e-45  5.57841e-06
 4.93468e-15  4.75394e-48
 7.55702e-58  5.17331e-08
 9.23031e-08  2.31375e-31
 1.44267e-15  2.61789e-50
 4.37043e-16   0.00641604
 4.39483e-12  4.46647e-45
 8.27981e-09  8.44151e-42
 1.53346e-10  2.58107e-47
 1.20912e-39   0.00189851
 2.98822e-10   9.2834e-47
 4.55556e-22  6.05643e-07
 2.64694e-45   0.00114726
 9.72256e-29  1.21547e-05
 3.19151e-12  3.17611e-45
 1.22647e-47      0.30954
 6.41819e-10  2.86244e-47
 2.52947e-45  6.90245e-12
 6.03016e-69  1.59277e-07
 1.04579e-28  2.34196e-08
 2.66661e-12  2.63958e-45
 6.36539e-09    3.835e-48
 1.14914e-45  1.68917e-05
 6.23909e-52    0.0131659
 1.25869e-28  2.35107e-59
 7.48491e-28  8.04992e-59
 8.13066e-67  0.000250202
 1.66657e-13  1.60116e-46
 3.13944e-28  3.38033e-58
 2.21888e-23  5.17774e-07
 3.14084e-28  3.73452e-13
   0.0497377  1.63776e-49
   0.0928016  3.03745e-48
    0.104877  1.27801e-49
 2.47192e-55  0.000356009
 0.000726223  5.21081e-46
 4.16199e-57  9.54969e-08
    0.581219  4.09908e-49
 2.93963e-27   3.5144e-07
  0.00032448  1.26676e-45
 6.17728e-19  3.61635e-47
 5.20253e-51     0.230811
 3.50536e-53  6.75437e-06
 5.53246e-13  5.70471e-41
 2.05901e-12  2.27509e-40
 5.60245e-16  4.06324e-44
 2.32064e-22  2.21457e-14
 1.44673e-40  2.27047e-06
 2.47254e-75     0.690448
 6.50419e-39  4.08292e-08
 6.88891e-42  6.42847e-12
 3.87509e-15  3.51115e-43
 7.47612e-34   0.00278709
 1.63949e-15    1.221e-43
 4.22353e-11  8.23205e-39
 2.27302e-26  5.76169e-11
 1.02496e-26    0.0672036
 3.39375e-36  2.30026e-14
 8.08093e-13  1.48969e-37
  4.5262e-13  3.64926e-05
 7.01908e-08  3.49459e-72
 2.16521e-12   4.2021e-37
 3.31566e-08  2.81771e-72
  1.7738e-13  8.48976e-05
 1.87378e-17  5.87527e-42
 3.93371e-12  1.40769e-36
 8.40092e-18  2.54504e-42
 1.14197e-30     0.085221
 1.76474e-52    0.0725214
    0.551665  2.12776e-79
 2.71975e-21  6.25448e-05
 5.59127e-15  1.12669e-21
  4.2064e-42  2.40947e-09
 7.91685e-57  2.65879e-11
 1.62626e-16  8.80953e-10
 3.34799e-29  4.14575e-07
 1.55559e-52    0.0107913
 1.70146e-05  6.60399e-30
 6.90281e-42  9.48749e-09
  0.00745837  2.99592e-27
   0.0131193  5.11362e-27
 3.76365e-49  2.24864e-10
 3.17686e-47  3.95712e-17
  0.00087094  6.85589e-27
 6.61184e-26  7.72365e-11
 8.12555e-34   1.3786e-08
   0.0255476  1.12148e-26
 5.38527e-42  8.21799e-11
 7.47371e-33     0.163028
 2.01181e-06  3.54006e-30
 5.68033e-56     0.552593
    0.553154  2.07453e-25
  0.00185694  2.45649e-26
 1.25694e-33  1.09646e-11
 3.30661e-41  7.62151e-10
 8.22461e-67  2.76325e-12
 9.80977e-08  6.50206e-29
 8.34372e-07  1.46544e-30
 3.89093e-24  6.44031e-10
 1.56502e-37   1.4514e-12
 3.05709e-35  0.000112155
 1.01209e-45  4.73726e-08
 2.20997e-43   0.00662801
 3.62701e-30  1.95055e-05
 3.32842e-36  1.99981e-05
   0.0087329  1.53894e-26
 1.54208e-35  2.94851e-10
  0.00604688  2.28485e-23
 2.01567e-56  2.62256e-10
 7.04275e-35  5.23815e-11
  0.00284931  2.11941e-23
 3.89027e-20  8.27175e-66
 0.000669191  1.74295e-22
 1.51671e-09  2.64127e-33
 1.49208e-10  2.52252e-34
 6.09438e-10  1.04893e-33
 8.79222e-31    0.0687207
 1.06234e-58  9.60636e-08
 5.47893e-14  8.78826e-38
 1.27254e-12  8.99584e-14
 2.20135e-06  6.42917e-20
 8.27664e-37  4.56311e-12
 6.74847e-50     0.188182
 9.98185e-46  5.62481e-06
 2.21073e-14  3.32017e-38
 3.40178e-35  7.82163e-15
 4.35035e-14  1.81143e-30
 1.91766e-14  7.99547e-31
 2.55453e-08  1.06498e-24
 6.90568e-21  2.98422e-39
  2.0142e-45  2.73131e-07
 8.90084e-30  3.40079e-06
 1.62596e-08  2.22188e-24
 1.44255e-52  3.74859e-13
 7.79355e-16  3.23039e-32
 2.77116e-10  9.64647e-29
 3.04893e-21  1.33725e-39
 3.93909e-17   1.6372e-33
 4.92499e-06  5.12999e-27
 1.65804e-17   6.7641e-34
  1.3141e-49     0.551695
  3.0774e-18  1.27197e-34
 2.51919e-05  1.86948e-28
 1.80482e-07  4.41588e-31
 1.32923e-39     0.672862
 1.10964e-07  1.97695e-31
  0.00979828  3.22689e-30
 1.14931e-20  4.53434e-37
    0.011945  1.44178e-30
 9.67421e-40  3.94986e-11
    0.562968  5.42568e-32
 3.06755e-44  1.75583e-14
 4.68195e-24  1.37279e-06
 1.04512e-55  0.000795341
 9.51926e-24  3.47961e-40
 7.61849e-09  1.15284e-36
 4.04753e-52  1.35889e-06
 9.52588e-24  3.26356e-40
 2.82679e-37  7.16677e-17
 7.54212e-34  2.75328e-53
 1.85521e-49   3.9289e-10
 1.80206e-55   4.2902e-06
 5.68394e-30  0.000140496
   0.0789264  7.59266e-33
 2.57944e-10  2.84505e-38
 2.15057e-10   8.3482e-39
 7.59701e-46  1.83109e-06
   7.694e-60     0.551667
 1.93271e-28     0.034181
 1.56453e-10  9.27811e-39
 2.16624e-21  5.52621e-06
 3.32051e-34  7.36547e-14
 1.73545e-14   0.00170268
 8.86907e-14  2.44668e-44
 1.68262e-73  6.26602e-15
 2.21703e-52  0.000549774
 7.45728e-44  0.000353826
 1.68547e-51   0.00891758
 2.59793e-16  3.94994e-10
 9.60672e-29  0.000318398
 1.76879e-29  1.29948e-57
 1.42584e-41  7.61647e-12
  3.9458e-29  4.60894e-58
  2.6184e-41   1.3363e-11
 2.14367e-43   1.4916e-11
 2.00197e-12  1.30955e-45
 2.04047e-38  0.000266856
7.01237e-106  2.90117e-42
 5.20449e-31  0.000594953
 7.05701e-71     0.999941
 9.33151e-13  5.36679e-46
    0.309485  2.75919e-48
    0.690398  1.74269e-48
 9.54448e-33     0.552648
 5.78207e-06  3.84745e-52
 1.23134e-05   1.6327e-52
 3.76224e-05  1.26371e-52
 2.50679e-16  1.74173e-34
 1.12388e-16   3.8848e-34
 2.18967e-11  1.36647e-58
 8.87547e-12  4.63237e-59
 3.74862e-35   0.00172888
 2.65642e-12  9.26737e-60
 1.08234e-40    0.0405935
  1.4409e-12  4.42549e-60
 4.26127e-17  2.49921e-62
 2.98598e-14  6.95311e-62
 3.08254e-64  2.26347e-15
 5.86334e-32  1.15013e-09
 1.12111e-35  1.04718e-09
 5.56658e-46  1.37936e-06
 2.08757e-17  1.11997e-62
 4.39271e-42  2.94147e-80
 5.58435e-16  9.33644e-64
 2.53822e-16  8.60745e-64
  4.4452e-43  0.000714231
 5.77397e-22  4.56101e-39
 4.61113e-26    0.0373165
  9.8534e-42  8.62489e-80
 1.28764e-21  9.44304e-39
  6.1178e-46  1.39279e-05
 4.69757e-46     0.689931
 1.05059e-25  2.73143e-10
 1.77411e-66  5.47414e-19
   9.295e-54     0.152104
 7.34351e-21  3.13784e-59
 5.39573e-32  4.74028e-15
 9.27413e-41  2.04355e-09
 9.16288e-40     0.284611
 3.32686e-21  7.37192e-59
  2.4229e-40  2.80725e-78
 1.97245e-25  1.49135e-54
 2.82552e-20  1.15382e-44
 1.26701e-20  5.05786e-45
 8.83757e-26  6.24962e-55
 4.68106e-14  1.95811e-38
 4.06257e-42  1.02394e-11
 1.87235e-26  1.63611e-22
 2.62123e-42  5.18641e-06
 2.15903e-33  1.27865e-62
 1.22388e-33  6.54705e-63
 1.21858e-34   5.5456e-64
 1.44191e-35  4.61611e-65
 2.28159e-18    0.0063213
 2.10584e-10  1.48621e-40
 1.48212e-35  4.36711e-65
 4.69414e-43   0.00236586
 2.07137e-64   0.00171984
 4.77583e-10  9.20807e-41
 1.18628e-46  1.23297e-12
 2.20272e-11  1.81191e-39
 1.01132e-45     0.308863
 3.10777e-31  1.48462e-71
 1.00956e-17     0.212179
 0.000101919  3.93241e-46
 5.94254e-12  6.74763e-39
 0.000230735  1.58741e-46
 2.90136e-33  8.56856e-11
 6.93185e-31  3.77455e-72
 2.56329e-16  1.17661e-58
 1.08897e-08  4.20347e-45
 4.80193e-31  1.50022e-08
 2.15641e-20   5.6606e-05
  5.7301e-30  3.14557e-13
 1.75954e-56  0.000275312
 9.28866e-36  4.22652e-05
 1.86775e-16  4.28669e-59
 8.22815e-31  2.32835e-20
 2.17644e-50  3.97202e-09
 9.07917e-24   9.2386e-26
 3.93561e-47  0.000211018
    0.018039  1.43969e-48
 4.00564e-39  2.38024e-16
 5.05998e-12  7.57045e-42
 4.50194e-09  1.06491e-44
 4.46831e-27  6.19925e-05
 3.10641e-40  4.73831e-06
 9.56661e-10  4.23053e-44
 2.77803e-40     0.683617
    0.554928  3.90255e-50
 1.00761e-27  1.49867e-12
   0.0032896   9.9909e-53
 7.95264e-27  6.05674e-24
 9.98641e-38  2.83027e-10
   0.0100297  4.56383e-52
   0.0412619  1.99233e-51
 3.22669e-25  2.51142e-09
 6.96071e-45  2.49054e-18
   0.0176316  5.67417e-52
  0.00289976  5.65245e-53
 2.26619e-05  9.38407e-55
 2.46712e-14  0.000968968
 2.61785e-34  1.56492e-07
 0.000979815  1.49627e-53
 1.92576e-26  9.38111e-10
 7.71639e-18  4.05518e-20
 5.03529e-06  2.81069e-20
 2.06581e-35     0.309088
  2.7518e-28  0.000349437
 8.42981e-05  7.50254e-54
  0.00342991  5.49275e-56
 0.000187237  1.67669e-53
  0.00455741   1.0629e-54
  4.2931e-32    0.0593331
 5.72203e-18  1.16992e-36
 7.97277e-48  1.75078e-08
    0.202621  2.27727e-53
    0.618073  9.84104e-54
 1.29573e-10  1.61701e-59
 1.31667e-17  5.08466e-37
  0.00220301  3.06546e-51
  2.0362e-25  6.85842e-16
  0.00167975  1.41854e-51
 3.36771e-08  2.85906e-56
 3.13314e-15  1.73232e-39
 1.92619e-57  6.18041e-08
 2.07453e-25     0.689518
 1.76665e-55    0.0335371
 7.46284e-08  6.36164e-56
 2.03721e-48  1.35654e-06
 1.07956e-56   2.2235e-11
 3.44097e-30     0.561845
 2.32604e-41  1.80948e-12
 1.11225e-38  2.45739e-07
 1.79243e-11  3.48354e-43
 5.80098e-43  6.61321e-09
 6.43483e-12  9.68519e-43
 3.41475e-27  7.10934e-16
 8.67115e-13  1.69418e-44
 4.04097e-13  7.89992e-45
 1.32061e-30  8.10227e-21
 2.03324e-21  1.12909e-48
 6.46048e-19  3.56544e-46
  3.9411e-40  4.38672e-08
 5.74499e-17  4.25709e-48
 3.19852e-14  1.46414e-48
 1.14281e-16  2.74272e-48
  1.0586e-12  5.12325e-50
 1.04037e-12  2.00457e-50
 6.35058e-53  6.77267e-06
 2.71982e-50     0.551718
 4.66831e-54   0.00322272
 3.90305e-37  6.10893e-13
 1.17785e-38  5.11753e-16
 8.91488e-08   0.00234789
 8.08383e-35  4.21975e-18
 9.17908e-12  6.53511e-51
 2.62965e-11  3.93207e-51
 2.91224e-43  2.70749e-16
 8.24575e-16  8.98816e-52
 9.45574e-64     0.272953
 2.90896e-10  3.17468e-50
 9.78307e-28  1.54969e-05
 7.04329e-10  7.07375e-50
 3.02375e-20  4.53195e-48
 4.53566e-46  1.05664e-07
 6.95178e-56  1.60741e-06
 5.08781e-09   5.9113e-49
 1.30356e-32     0.205551
 8.09176e-43  5.07634e-15
 8.21657e-19  3.84592e-47
 2.52768e-56  3.46999e-06
 4.71591e-24  1.33875e-08
 1.11498e-25  9.28734e-17
 5.05375e-47  4.53935e-20
 3.97672e-41  8.84277e-10
 2.92497e-48   0.00550202
 2.54866e-30     0.164378
 1.83606e-18  3.21685e-47
 1.11256e-36  7.72044e-15
 9.39391e-26   6.6035e-10
 1.88725e-38  1.21278e-07
 3.64618e-49  6.90932e-05
 1.07193e-49   2.1528e-09
  3.6882e-06  4.15573e-46
 3.08508e-45  6.70274e-17
  4.0422e-55   1.7337e-05
    0.242389  4.42147e-52
 3.12812e-22  1.51083e-43
    0.656019  1.38445e-51
 1.09387e-05  1.27924e-45
     1.01065   7.9362e-50
     1.00404  1.85665e-49
 5.27258e-67  1.91818e-10
 1.61011e-31    0.0390106
 7.12355e-07  8.56486e-56
 2.23865e-39  4.95623e-07
 2.17924e-59  1.15186e-19
 3.71537e-05  4.31497e-45
  1.2174e-06   1.8348e-55
 8.53637e-11  1.81558e-39
 1.71797e-20  6.82751e-21
 2.76844e-14  0.000645845
 2.11358e-11  1.19742e-38
 1.86126e-11  2.66688e-38
 4.39356e-10  6.69565e-40
 4.48159e-14   1.8328e-28
 1.08646e-09  2.92956e-40
 1.05877e-13  4.33041e-28
 6.00003e-15  1.95571e-26
 2.01268e-51   1.2077e-08
 2.93123e-48  1.29644e-05
 1.00164e-26  0.000136674
 7.78123e-08  4.63023e-33
 1.34398e-08  3.58289e-41
 5.92075e-13  2.03447e-28
 4.76141e-15   4.1599e-52
 3.92043e-67  1.10687e-13
 3.48323e-63  0.000124835
 1.59902e-06  1.93627e-39
 5.17378e-35     0.128908
 5.98269e-23    0.0019458
 1.30872e-50  7.75672e-08
 4.79873e-40  4.13397e-11
 1.98919e-06  4.00913e-39
 1.04461e-20  7.21417e-06
 1.26393e-31     0.237978
 1.30926e-05  5.18737e-40
 1.33733e-25  1.71561e-08
  0.00255618  4.48395e-40
 3.40549e-26  1.31766e-06
 1.28189e-44  9.81121e-10
 1.61035e-06  7.28468e-35
 1.55357e-30   0.00244821
  1.1505e-06  1.00629e-43
 2.21964e-35  9.03646e-16
  0.00600082  1.04618e-39
 3.78372e-33  3.32371e-12
 5.18219e-10  2.34375e-38
 0.000136461  8.64483e-37
  0.00193977  6.07832e-38
 2.21267e-69  7.12823e-08
    0.552111  2.12453e-40
 4.55747e-06  2.88159e-38
 9.49922e-69  3.94042e-19
 2.10683e-06  1.32641e-38
 5.13444e-31    0.0838407
 1.34649e-19  0.000378352
 1.96708e-08  7.56036e-48
 2.63036e-41  2.92481e-09
 8.82026e-09  3.37485e-48
   0.0146168  5.62752e-42