 7.03505e-08  5.59386e-56
 4.53631e-34  2.62685e-17
 1.46709e-07  1.30957e-54
   0.0568519  4.38949e-44
 1.60361e-08  3.89948e-57
 1.42964e-06  2.95571e-39
   0.0396793  2.71374e-47
   5.299e-35   1.1584e-08
   0.0797786  6.99806e-46
   0.0535617  3.21821e-46
    0.708352  2.35737e-43
 6.66671e-57  1.97651e-17
  5.4069e-07   8.3968e-39
 1.40412e-64  2.76955e-11
 1.42843e-25  7.64483e-07
 3.94417e-54    0.0707243
    0.779991  2.34889e-42
    0.325732  1.90616e-42
 7.53256e-83    0.0117202
  1.8169e-07  2.57637e-38
    0.636626  1.57989e-42
 1.16554e-33  5.03218e-05
 0.000164828   1.4173e-62
 8.43985e-06  1.50033e-53
 8.96884e-30  3.13607e-09
 5.02121e-25  2.97026e-16
 2.15639e-31  0.000115844
   0.0386171  6.44125e-39
   0.0759412  5.93233e-40
  0.00227416  2.12834e-46
 1.55199e-61  3.70277e-24
 8.48657e-09  4.94321e-39
  0.00524577  2.76183e-44
  0.00157368  6.38103e-49
 8.27803e-22  1.19183e-05
 1.42818e-48   4.5487e-09
 2.18507e-47  8.92631e-10
 1.52086e-16      0.67034
   0.0154054  3.46833e-38
  6.9554e-84  2.70032e-13
 0.000718717  8.73921e-37
  0.00273763  4.55033e-49
 7.37902e-62  2.75981e-05
 1.28254e-59   0.00427628
    0.309035     0.689395
 2.29468e-66  2.35871e-09
4.91737e-113   1.7879e-30
   0.0338903  2.10367e-42
  3.9426e-67  2.42011e-07
 1.01609e-19   1.0123e-33
  0.00778364  1.60766e-47
 2.44513e-44  3.29093e-06
 5.79302e-19  6.34107e-09
    0.102679  1.60984e-44
 0.000198864  4.14231e-36
 1.01748e-05  3.02116e-35
 6.03351e-51  1.35222e-06
  5.0413e-84     0.158071
 2.52526e-52  0.000781913
 3.84813e-33   4.3802e-22
   0.0657438  3.94853e-62
 1.49412e-89  1.03221e-19
  2.0054e-05  3.39219e-36
 8.00132e-06  2.53119e-36
 3.11376e-38  1.75848e-06
 5.87564e-81   0.00022465
 1.17965e-83     0.668207
 1.61743e-82      0.30135
 6.57682e-73     0.307764
 1.77814e-80  0.000893819
 1.30013e-65  4.05916e-09
 2.88579e-37  1.10346e-14
    0.568191  1.91505e-46
    0.616055  9.65578e-66
   0.0145674  7.57911e-75
 7.02226e-18     0.686935
 4.24183e-05  6.48586e-33
 1.19952e-46  1.96156e-08
 1.56481e-46   8.8906e-07
 1.75915e-05    1.875e-32
 7.57936e-81   3.4725e-05
  6.4515e-37    0.0358899
  1.7173e-60    0.0238068
 1.20562e-65  3.64045e-08
 6.56813e-52  3.10614e-07
    0.195636  2.24499e-65
  0.00028393  8.83735e-32
 2.14439e-64  8.65039e-07
 7.21819e-06  1.58144e-31
 1.62619e-29  0.000189972
 4.06429e-17  2.51501e-14
   0.0817979   2.0076e-63
   0.0188497  1.01006e-71
 3.24102e-05  1.08911e-43
  9.4207e-31  2.20925e-08
 1.77891e-05   1.0756e-42
 1.19038e-07   1.1856e-48
    0.557217    1.156e-30
  0.00440639   8.0201e-29
 3.53284e-15  5.12021e-16
 5.89814e-19  1.01067e-97
 1.97978e-44  2.83977e-12
   0.0308715  3.88096e-33
 2.72066e-07  1.17449e-45
 6.11526e-39  3.56253e-08
 5.19549e-51  9.94726e-06
   0.0538383  1.39604e-29
  7.1844e-14  2.35979e-36
   1.069e-68  5.03067e-07
 1.80558e-68  4.94283e-07
 7.14596e-49     3.83e-09
 1.84066e-14  9.53808e-17
 2.63695e-25    0.0854903
   0.0131779  1.10587e-32
  8.2278e-68  2.72822e-10
 8.56994e-58  0.000335305
  0.00647781   1.6365e-28
 0.000347505  3.12899e-39
  0.00731774  7.66058e-29
 7.15407e-08   3.5874e-23
 5.16952e-71  1.57047e-07
 1.88015e-84   6.0119e-13
 4.38491e-69  0.000372238
  0.00295507  2.09858e-28
 3.20228e-08  6.88043e-23
    0.310677  1.03835e-65
    0.689329   1.1295e-61
 0.000257204  1.44157e-31
 1.84254e-44  7.14535e-12
   0.0212815  8.18041e-45
 7.40223e-73  6.91209e-08
   0.0074866  1.02451e-40
   0.0615962  9.46448e-49
 8.31322e-58  8.61308e-09
  1.7941e-14  7.26154e-17
 1.75564e-12  1.58565e-29
 6.77168e-13  1.07592e-29
 1.17092e-12  4.97488e-30
 8.51032e-08  3.77904e-36
 3.42567e-59     0.591846
    0.179195  3.00873e-56
    0.609525   8.9667e-53
 1.12707e-23  2.80312e-11
 3.97505e-08  6.37136e-35
 1.63195e-60  1.05681e-26
 1.37216e-40  0.000143354
 2.73096e-74  2.80306e-16
  1.6975e-05  1.36973e-44
 2.10331e-43    0.0121249
 9.38514e-62    0.0297304
 1.45087e-31  7.09409e-10
 3.41686e-17     0.222557
 2.57541e-19 1.08896e-103
 3.26068e-06  1.33783e-43
 5.00478e-34   5.1072e-13
  2.6633e-06  6.27952e-44
 9.17266e-33  2.93919e-12
 7.78925e-06  1.64856e-49
 1.04313e-08  7.88222e-29
  0.00227873  2.06131e-67
 4.91915e-09  8.22549e-26
 1.50258e-37  1.26693e-13
    0.011439  3.94431e-62
 6.06636e-29  1.91133e-27
 4.88588e-44  6.99256e-12
 1.22514e-23  3.06098e-05
 8.26295e-07  4.78741e-37
 5.34789e-09  1.02583e-30
 5.70714e-39    0.0626775
 3.13709e-62  9.08294e-07
 1.27758e-30  2.96974e-05
 2.95166e-06  7.51671e-35
 9.20532e-67  7.23478e-07
 3.28889e-78  1.06172e-21
 3.29615e-05  1.63075e-61
 9.69203e-48  1.62963e-07
 1.51939e-05  1.33116e-61
 0.000139028  5.36503e-53
 2.57612e-35  6.41063e-18
 7.72689e-67     0.551709
 9.52077e-68  1.24449e-18
 7.29993e-06   4.1923e-38
 3.72668e-40  9.95476e-13
 1.80732e-23   0.00022874
 0.000430388  2.07808e-53
  0.00240422  4.50413e-51
 8.14722e-52     0.640571
 0.000171346  4.72967e-58
 1.58526e-61     0.684991
  0.00109752  1.07338e-55
 9.18797e-07  3.41983e-71
   0.0284849  5.49546e-53
 1.00707e-71  1.07688e-28
 0.000602722  1.27979e-60
 5.71036e-79     0.230106
 0.000752947  6.98926e-61
    0.555976  2.47989e-50
 1.70155e-15  2.65735e-21
  3.1803e-51  4.08742e-16
   0.0117584  1.70406e-42
   0.0426288  2.01173e-44
   0.0148688  1.38159e-42
 0.000503232  8.73273e-35
 5.27682e-10  5.29451e-80
 3.70083e-26  1.74432e-08
 7.64459e-10  1.19383e-70
 4.99138e-60  2.80932e-18
 7.85477e-44     0.689321
 2.45717e-53  8.77511e-11
 5.25609e-14  4.52212e-91
 1.94761e-52     0.001761
 6.13717e-67  3.82066e-07
 2.75624e-60   1.0104e-05
 4.30441e-10  2.86247e-64
 9.16493e-07  1.55331e-52
 5.84134e-40     0.310679
 2.10528e-50   0.00396985
 2.36012e-06  1.45294e-47
 3.14677e-43  7.53583e-11
 1.59852e-89    0.0344132
 1.80535e-57  3.48806e-08
 1.17546e-07  4.40936e-31
 2.47561e-46  0.000350018
 7.16936e-66  0.000756667
  6.5753e-10  2.78869e-62
 3.40793e-06  3.36791e-50
 2.49134e-09  1.27377e-33
 2.94487e-32  0.000262705
5.22155e-100  0.000267865
 1.21404e-69  0.000101329
 6.03411e-06  3.78132e-47
 1.28276e-05  2.28749e-40
 1.25055e-58     0.103574
 2.60542e-51    0.0552074
 6.39436e-36  0.000871406
 3.51075e-05  3.19636e-54
 8.25934e-79  1.70645e-08
 0.000157473  2.32421e-52
 1.38417e-52  7.34946e-16
 4.39345e-55  1.67868e-33
 1.92325e-05  2.18717e-55
 0.000168121  3.52672e-47
 6.37783e-34     0.302375
 9.86691e-43  7.23296e-09
 4.41741e-84  4.81964e-09
 1.03713e-55   0.00968081
  1.9068e-28  1.78302e-26
 0.000931852  2.05372e-50
 8.27489e-28  5.79697e-07
  0.00228435  1.09564e-51
 1.58462e-47  5.63352e-08
 2.39036e-54   0.00115585
 3.36747e-05  3.33564e-58
 1.55367e-58  6.75521e-06
  0.00394739  4.39489e-85
  4.2865e-06  6.08388e-97
 8.41179e-13  6.22689e-56
 8.95248e-06   1.3095e-98
 4.50234e-13  5.91115e-59
    0.554488  2.17257e-55
 3.71324e-05 8.67189e-104
   0.0607635  3.82861e-60
    0.686954   2.1522e-82
 1.26373e-10  6.80264e-29
    0.307938  1.73624e-80
 6.71014e-62  5.38985e-17
  1.8164e-92  1.48011e-14
 3.53243e-51  1.15364e-07
    0.198274  1.35608e-65
 3.00673e-13  3.52098e-55
1.02696e-128  5.32214e-40
   0.0211825   7.8541e-74
 9.84473e-14   8.6315e-59
    0.641991  5.49864e-68
 1.28556e-64  1.00384e-08
5.72367e-123   0.00873042
 2.19756e-25  3.33393e-14
 1.62563e-48  4.01178e-17
 3.25559e-24    0.0327213
 1.42798e-59    0.0044958
  7.3622e-50  2.30918e-06
  2.8355e-30  0.000111021
    0.011025  1.32187e-62
  0.00128596  6.51225e-63
 5.01786e-63  4.68015e-09
    0.149691  5.58558e-67
 2.38269e-55     0.100837
    0.309708  3.6243e-106
 5.79923e-73  4.17165e-11
 3.22234e-56  2.83139e-05
   0.0349124  1.16848e-69
 1.69216e-49  8.00766e-06
  2.6339e-52     0.557259
 2.06949e-51  1.78047e-06
  0.00356248  3.12299e-62
   0.0076777  5.30396e-64
   0.0088453  6.24244e-67
 9.09807e-68  3.41669e-05
 5.23173e-32   0.00774949
 2.80487e-44  8.09527e-10
7.04063e-140  4.84539e-10
   0.0706358  1.12966e-75
  0.00366892  2.87383e-63
 5.38551e-53  1.38555e-11
 1.87166e-10  6.02275e-56
 1.44934e-53   7.0743e-05
    0.688626  1.09541e-94
 6.15037e-54  1.10036e-07
 2.67294e-41  0.000849124
 6.20708e-10  2.92461e-52
    0.638943  4.35514e-67
  6.2481e-15  9.12427e-24
 6.33521e-14  1.62328e-53
 1.04287e-13  1.75569e-54
    0.132046  7.81738e-71
 6.19977e-98   2.0119e-05
 3.69233e-63  1.26227e-07
 7.36934e-68  3.12314e-06
    0.215863  5.69833e-65
 1.25974e-84  0.000681883
 3.81665e-08  4.32456e-49
 2.27477e-06   8.3848e-53
 2.39642e-71  4.12115e-06
  4.1848e-42     0.607725
 4.82759e-46  4.48286e-07
 8.16704e-08  1.43971e-47
 7.02508e-07  3.38878e-47
 4.84343e-31  5.33861e-14
 3.00252e-10  1.25372e-43
 5.31225e-10  2.74815e-42
 1.11158e-23  1.41078e-12
 1.21963e-30  2.75232e-24
 2.05416e-54   1.6285e-09
 7.14504e-17 1.88383e-109
 3.13984e-06   1.1725e-72
 2.67771e-76  1.82879e-09
 6.16379e-40   0.00241911
 1.15935e-08  2.46281e-40
  1.7686e-06   6.7999e-67
 9.74622e-64  1.87251e-05
 5.92591e-09  7.34112e-38
 2.05908e-57  3.28553e-09
 3.17442e-17  6.78211e-34
 1.93635e-59  5.40581e-07
 1.67912e-74    0.0195195
 2.54712e-54  2.28126e-16
 1.33696e-80  6.76013e-10
 1.65843e-08   6.6516e-52
 2.24751e-07  3.90692e-62
3.68932e-122     0.999889
 6.29495e-08   2.6408e-56
 1.34913e-11  3.54011e-31
 1.82318e-51  1.04897e-10
 2.74243e-37  3.88795e-13
 5.23548e-12  3.02802e-92
 3.26703e-14  7.69239e-30
 9.72142e-09  8.73222e-69
 2.57624e-56     0.678548
 1.19798e-10  6.79024e-79
 3.51325e-12    3.765e-30
 1.24485e-15  4.60696e-41
  4.5257e-15  1.01328e-28
 2.08054e-16   5.8003e-39
1.84575e-103  3.86895e-17
 4.82047e-27  2.82169e-25
 4.22965e-52   2.6889e-15
 1.11713e-17  4.97256e-28
 6.37543e-15  1.98797e-29
  8.3625e-82   0.00901803
   0.0132725     0.029535
3.12168e-105  2.81825e-14
  9.9531e-18  2.21765e-28
 1.16749e-13   1.6791e-45
 8.15241e-27  7.48219e-08
  2.9577e-27  2.51042e-23
  1.9074e-98  3.22204e-14
 9.36661e-84  1.03369e-10
 7.62091e-27  3.43799e-23
 3.74461e-12  4.75826e-47
  4.4085e-38  1.71509e-06
 2.34884e-19  3.09978e-30
 7.90468e-12  8.56633e-55
 5.19915e-43     0.561071
 8.14544e-57  4.21469e-11
 5.80203e-47  5.33712e-09
 9.73521e-18  1.26909e-32
 1.95283e-79  1.04963e-07
 2.09549e-23  5.31695e-30
 1.79283e-45  0.000572462
 9.30252e-46  7.18839e-13
  3.1224e-10  5.25653e-50
 1.24163e-59  1.61046e-05
 5.99736e-80  3.83712e-10
 2.48283e-43  6.02699e-10
 4.82653e-15  1.25142e-33
 1.13064e-21  1.89234e-06
 1.63155e-27   2.5009e-14
  3.4876e-12  7.21709e-37
 1.69287e-10  1.14297e-65
   6.286e-78  9.20885e-07
 1.58085e-75     0.674952
 2.03273e-41  4.75164e-14
 2.52384e-08  3.66434e-46
 2.14247e-67  2.70445e-19
 2.03556e-26     0.221903
4.48688e-146  1.10383e-10
 1.19569e-10  5.49299e-40
  3.0359e-66  2.85028e-05
 1.09027e-58  2.03634e-09
   1.122e-12  3.16367e-37
 8.25783e-08  1.26816e-51
 4.98632e-53     0.618918
4.06064e-104   1.7936e-17
 4.02083e-12  5.36951e-39
 1.61896e-07  3.15707e-48
 5.21826e-12  7.09873e-42
7.18553e-100   0.00172239
 6.99343e-27  4.98903e-09
 8.21711e-67  7.43053e-05
 4.84336e-10  1.68408e-60
 6.12046e-94  7.80362e-24
 4.50066e-14   0.00289024
 7.23639e-07   1.5233e-53
 8.33704e-78     0.654912
 1.79065e-11  1.88981e-44
 5.87048e-10  4.32264e-43
 6.87812e-59  3.15252e-06
 1.26026e-07  2.31594e-71
 3.74921e-13  4.52844e-47
 2.36642e-74     0.686791
  1.0887e-52  2.46056e-12
 2.11233e-13  2.24663e-47
 3.23756e-07  8.79077e-75
 0.000198939  3.79871e-59
 7.04832e-81     0.551863
 3.09684e-50  3.39407e-08
 2.78461e-12    8.633e-06
 2.83801e-72  8.42593e-06
 0.000599887  8.70534e-57
 4.20735e-41  1.44835e-07
 1.07232e-60     0.304632
 2.47654e-66  0.000184022
 6.13874e-07  6.00986e-51
  3.1218e-53     0.612659
 1.29234e-06   9.5779e-76
 6.11182e-50   7.2405e-07
  7.6452e-14   0.00013334
 1.36779e-06  2.67265e-52
 1.96954e-08  6.59798e-52
   0.0107398  6.47223e-60
 7.12349e-05   5.5752e-56
   0.0296412  2.01659e-61
   0.0011065  2.50489e-75
   0.0267492  7.21581e-61
   0.0325211  1.43302e-68
    0.582992   5.3601e-63
 8.25857e-56     0.035691
 2.06073e-05  1.37758e-58
  0.00187509   6.8497e-75
 1.99254e-35  5.37953e-12
 5.72319e-28   4.9122e-11
 4.01854e-07  4.19646e-90
 3.16207e-31  1.55829e-23
    0.129922  5.62407e-64
  0.00047591  1.56485e-80
    0.551665  7.29661e-55
     0.17153  4.41054e-64
    0.128143  8.16028e-68
 8.88439e-59     0.206092
 5.70162e-59  5.52662e-11
    0.637657  2.89508e-66
 0.000145441  2.94385e-86
    0.152848  2.34873e-69
 1.49993e-64  8.44634e-08
 8.04735e-42  2.68417e-05
 1.57823e-70  7.16464e-07
 7.31544e-65  9.11675e-06
 5.69555e-76    0.0051643
  0.00178184  9.93625e-73
  6.5233e-52  1.68653e-05
 8.97416e-44  7.74692e-05
 1.08944e-95  3.48912e-20
 2.15013e-29  1.36213e-14
 7.60873e-69   1.1699e-21
  0.00112727  2.44175e-71
 1.96512e-66   0.00478695
 0.000573936  1.75063e-73
 5.73074e-50  5.15524e-14
   0.0052616   8.8257e-74
 3.71726e-85  8.28169e-13
  3.4931e-08 4.71014e-107
 1.60581e-06  5.06105e-98
 3.55354e-05  1.93135e-77
 7.16891e-21  7.18567e-07
 7.58577e-57  1.97864e-17
 5.19731e-05  2.48748e-78
 3.69931e-95    0.0564509
 7.48929e-08 1.35109e-107
 1.94101e-41  1.88825e-13
 1.56601e-05  4.02402e-81
 1.53671e-86  1.35133e-13
 1.18217e-07 7.96176e-100
 2.89871e-74  0.000798764
 7.21933e-47  3.71524e-12
7.73697e-106      0.29825
 5.18275e-08  1.65421e-83
 2.10121e-08  1.37791e-85
 9.09791e-22  1.28018e-17
 1.29804e-06 4.56442e-104
 1.19642e-25  9.80313e-06
 1.01684e-20  3.67488e-65
 1.24802e-43  1.37988e-09
 2.04572e-08 6.04875e-110
 1.60443e-07  1.23731e-85
  7.0007e-06 1.62292e-102
 8.79708e-38     0.558366
 8.45706e-48  5.58926e-12
 1.40056e-36   0.00315992
 4.12861e-21  9.08056e-65
 2.84118e-15  5.56897e-78
 8.39164e-15  2.33459e-78
 0.000441103  6.20416e-99
 8.01077e-47    0.0428001
 6.07949e-44  6.24921e-14
 1.98426e-61   0.00286244
 9.67507e-46  1.24744e-10
 1.42946e-54  5.42377e-10
 7.28378e-06  7.39959e-87
 5.48443e-47   5.4617e-06
 4.90286e-16  1.63909e-71
  0.00109697 2.73022e-100
 1.40218e-15    6.788e-72
 1.76125e-05  8.21465e-87
 1.14926e-38  6.14673e-14
 1.53384e-58  0.000172225
 6.15374e-33  7.87704e-05
 4.07887e-47  1.65024e-13
  0.00558644  1.56316e-98
 7.18274e-29  4.20476e-09
 4.86683e-15  1.53923e-72
 2.71612e-05  3.34547e-85
 1.64367e-30  2.39832e-14
   0.0180936  3.93485e-96
  0.00103039  9.57215e-87
   0.0004396   1.2296e-86
    0.169439  3.06328e-93
   0.0907392  1.02387e-90
 5.17146e-05  2.26544e-82
     0.60123  5.93768e-94
 6.19412e-27  6.27732e-32
 9.37503e-74     0.689287
 2.59432e-52   0.00185008
  4.5554e-05  8.95124e-83
   0.0122074  9.28264e-86
   0.0133309  8.17368e-86
 7.18717e-42    0.0340652
    0.935666   2.0236e-75
   8.321e-68  1.19227e-05
   0.0224989  1.80503e-88
 3.43968e-47  2.91046e-05
   0.0104929   1.1113e-77
  0.00805022  1.39271e-77
    0.936213  8.11495e-74
 6.95597e-72  4.73601e-17
  0.00782554  4.72593e-88
 6.20125e-07 2.29367e-108
 1.49623e-85   0.00375291
2.73013e-112  4.71362e-24
 2.73512e-69  6.49383e-10
 0.000100029   7.6219e-77
 5.64864e-24  6.94565e-08
 3.46331e-55     0.066826
 4.40925e-05  3.60146e-78
  6.5561e-84  2.16682e-23
 2.70033e-66  4.94513e-06
  1.2295e-82  2.32939e-23
 0.000361243  8.79214e-66
 4.71337e-60  6.59176e-10
 9.92888e-37  7.94534e-09
   0.0271989  1.71584e-72
 1.59977e-06 3.36758e-117
 9.77446e-47  9.98104e-05
4.42018e-100     0.689285
 5.08695e-17  1.49457e-14
 8.60626e-07  1.12516e-79
 3.86467e-07  3.58927e-79
 2.31887e-86     0.310679
  8.0953e-21  5.2318e-150
 1.13984e-07   3.4856e-78
 0.000978058  1.95211e-60
 7.49367e-08  6.74809e-80
 1.72391e-22  6.86314e-17
    0.689317  3.53063e-90
    0.310674  1.55674e-94
 7.07718e-06  3.35343e-81
 6.46259e-05  6.3493e-105
 1.28412e-40  3.95992e-11
 1.64584e-71  2.19351e-09
  4.9054e-24   0.00794774
    0.310605  2.17719e-60
 4.23084e-52  0.000550386
 1.92261e-06  2.46277e-78
 1.19705e-05  4.55136e-51
 8.13525e-07  5.83703e-77
 2.12998e-60   0.00598289
    0.689266  1.35539e-65
 9.02382e-60  7.99528e-27
 5.12443e-60    0.0025919
  1.8186e-60  6.23984e-13
 1.39003e-08   1.1552e-74
 1.04886e-27  1.54329e-16
 7.75472e-71    0.0232291
 3.45166e-53  5.70724e-10
 3.68054e-19   0.00408137
 1.40797e-90  4.16537e-15
 8.92266e-55     0.204377
  8.9522e-09  1.42547e-74
 7.82838e-77  1.95184e-13
 3.06152e-09  2.50771e-95
  7.7618e-06  1.06851e-60
 3.35158e-06  4.70032e-60
 8.83285e-10  5.61285e-96
 1.18598e-10  2.30186e-88
  5.7558e-11  6.22196e-87
 6.88336e-14  1.15422e-79
 1.12784e-10  2.18977e-93
 4.62033e-40  0.000524315
 2.97085e-54  8.87457e-12
  7.3391e-45  1.50785e-17
 1.23432e-23  2.18953e-06
 1.92856e-13  4.87536e-82
9.88186e-106    0.0868665
 4.82117e-11  7.45222e-97
  2.6631e-14  4.24285e-75
4.40012e-109  2.32462e-20
 4.79461e-14 2.95263e-104
 1.48125e-17  2.32285e-65
 2.02241e-24  3.10153e-70
 7.04597e-13  1.88715e-91
 3.51223e-30   1.0145e-06
 1.43971e-39  9.65338e-12
 1.67343e-24  8.73353e-63
 5.31925e-48     0.172748
 1.17337e-17  2.48508e-77
 1.34979e-61  2.26895e-12
 9.66549e-27  5.37643e-66
 2.67434e-18  5.88057e-52
 5.40611e-68   1.5752e-05
 2.96697e-17  9.71667e-64
  3.7229e-15  3.51161e-89
   3.067e-15  2.67751e-84
 1.63257e-21  8.37101e-05
 3.54755e-14  1.66655e-78
 1.00034e-59  4.85304e-06
  2.9532e-15    2.275e-79
 5.50006e-62  0.000952506
 3.39462e-20  2.83448e-43
 3.50582e-13  9.76597e-72
  6.5561e-40  7.73055e-12
 3.31358e-15  2.41174e-71
 1.21852e-24  2.86907e-13
 6.16028e-61  1.39421e-06
  8.9939e-38  3.40366e-06
 1.00563e-11    2.612e-78
 1.22155e-59  1.98445e-10
 2.60464e-35   5.4283e-14
 2.26922e-11  6.34702e-76
 7.23059e-49  5.07901e-16
 2.01241e-11   6.1653e-72
 4.05105e-52  0.000166381
 1.13764e-54    0.0251875
 4.08757e-11   6.5061e-71
 2.50052e-21  1.17702e-36
 5.93492e-25  3.30456e-06
 2.07596e-90  1.73874e-18
  7.8343e-10  4.37932e-70
 4.49084e-10  4.11565e-60
 2.38951e-36  9.47303e-21
 2.77055e-51    0.0124235
 1.46749e-09  8.16938e-68
 4.33901e-09  1.27151e-71
 1.39688e-08  1.63825e-50
 4.22009e-29  8.09866e-29
 2.88476e-08  7.81818e-48
 1.50552e-57  3.07424e-05
   1.574e-32  1.34733e-27
 1.69663e-07   1.6589e-73
 2.45478e-65   0.00209304
 2.94863e-48   0.00224107
 2.37263e-33  1.02746e-23
  7.4363e-06   6.9223e-61
 1.86318e-34  2.74107e-05
  8.7799e-14  5.47385e-29
 5.89423e-45   2.8421e-16
 5.62071e-33  2.27094e-24
 6.24038e-69  1.80724e-05
  7.8989e-77  0.000544652
 7.39063e-06  2.69933e-71
 3.03668e-06  6.53902e-74
 1.83968e-85  3.76828e-18
 2.18469e-05     0.567427
 3.39042e-08  1.07977e-68
 2.08319e-08  1.17495e-64
 9.38886e-08  9.81092e-71
  3.6234e-52  2.43671e-08
  1.1751e-66  1.28836e-14
 1.27139e-46     0.615163
 2.57048e-69  1.40686e-07
 1.44621e-72  9.18172e-07
    0.626092  1.18369e-55
    0.219807  1.15513e-57
   0.0523229  1.79805e-49
   0.0742056  7.10091e-58
   0.0199562  1.07912e-46
 4.90021e-67  1.08708e-08
 6.39009e-57   0.00114536
 1.38343e-76  3.53424e-08
    0.685548  2.57624e-56
1.56174e-107  2.61543e-15
 9.71589e-60  2.15763e-10
  4.1597e-76  1.12929e-15
 9.55601e-28    0.0664613
  0.00240777  1.02859e-38
    0.305475  2.52852e-57
 6.26434e-55   0.00866394
 4.10312e-54    0.0168685
 1.86382e-13  2.04779e-22
    0.688142  3.17616e-68
  0.00743729  6.84856e-54
 9.62269e-31  2.86326e-07
 1.21589e-64  3.37156e-12
 4.21855e-28     0.629948
 7.41434e-42  4.98486e-13
 1.26196e-74   0.00320267
 7.50787e-45  8.56414e-06
    0.309341  3.81223e-66
 0.000100597     0.701887
   0.0128096  1.13143e-57
 9.84487e-65  2.06371e-06
   0.0021399  1.62778e-54
 7.29603e-55     0.560069
 4.81987e-05  4.69037e-51
 9.27755e-42   0.00403122
 0.000676751  3.36065e-60
 7.97386e-66  4.14294e-09
 9.81721e-13  1.54339e-43
 0.000149201  1.44891e-63
 3.77042e-07  1.73933e-50
 6.48418e-67   3.9867e-05
8.21588e-102  6.51603e-15
 3.28847e-83   0.00753063
 3.18004e-09  5.73971e-47
 1.64325e-09  1.95359e-46
 1.46606e-07  1.97036e-50
  1.3497e-06  8.96989e-68
 5.77172e-11  2.55549e-43
 1.15006e-30  8.01136e-25
 1.80521e-49  2.15982e-09
  1.4515e-10  7.32318e-45
4.55506e-195 2.45329e-111
 5.01664e-19  2.79798e-35
 1.98867e-46    0.0302333
 4.65605e-17     0.283732
  2.5109e-12  2.27837e-54
 1.02458e-08  6.17357e-67
 4.49438e-59     0.165783
 5.17617e-09  5.62213e-62
 6.93643e-11  2.52645e-56
 2.16227e-13  2.34821e-55
 3.50482e-13  1.15467e-59
  3.0729e-13  6.02694e-58
 2.63456e-12  2.03609e-63
 4.38949e-25  3.34117e-07
 1.54863e-27  4.71549e-09
 6.03235e-47  5.68738e-08
1.06684e-110  1.54145e-09
 2.99059e-13  6.40737e-63
 2.73172e-14  1.88148e-66
  9.7863e-74  2.17178e-20
 1.10802e-12  1.64248e-67
  1.1398e-39  0.000410932
 1.00431e-78  3.87286e-13
 4.60798e-44  9.31071e-15
 1.27812e-65     0.551665
 2.69828e-12  1.89172e-70
 6.14126e-09  4.98219e-63
6.85465e-118  6.53109e-42
 2.41379e-08  3.90989e-66
 2.92453e-50  6.10245e-07
 6.15599e-08  9.41901e-70
 1.17536e-52    0.0139434
 6.80125e-10  3.81958e-73
 1.93717e-11  1.31745e-55
 2.17226e-10  6.61883e-57
 9.04461e-56  9.33173e-10
 4.42229e-18  3.22733e-37
 5.15291e-06  2.10202e-46
 6.20603e-08   0.00168778
 8.54292e-27  5.49114e-08
 1.34286e-09  2.64839e-55
   0.0463392  6.21891e-74
 2.72226e-08  3.47983e-51
 6.36014e-63  2.07628e-05
 5.34639e-70  8.08264e-06
 8.45231e-34   3.2611e-17
 3.89272e-08  6.59975e-52
    0.684005  2.40654e-77
   7.604e-23  0.000370374
 1.82136e-32  9.16837e-17
 3.63321e-32  3.72983e-10
 4.05269e-75     0.268943
    0.300823  3.94389e-77
 8.24783e-46    0.0932834
 1.79893e-40  1.76026e-10
 2.71734e-82     0.262966
 2.70201e-06  3.96291e-55
   0.0307815  8.65688e-84
 2.47375e-50     0.688984
    0.310679  1.45669e-42
 7.23812e-06  1.62447e-94
 6.40231e-21  2.39035e-05
 7.60587e-06   4.6906e-55
 3.23219e-55   0.00612712
    0.689321  5.19951e-43
 2.33762e-06  1.84459e-56
 4.17553e-51   4.8878e-06
  0.00138145   1.6041e-52
2.70251e-101  0.000794077
 9.43896e-10  1.39771e-68
 2.14699e-06  1.99277e-98
 2.70557e-09   5.8938e-71
 6.42215e-08  1.62105e-63
 4.03635e-24   0.00046394
 3.03216e-78     0.310627
  0.00419605  4.72707e-51
    0.310338  6.17089e-48
 8.62484e-80  2.14935e-10
  0.00012589  2.16673e-81
    0.689056  9.07809e-47
 0.000340613  1.29489e-68
 3.53473e-58   0.00155123
 9.77068e-08  1.37358e-47
 8.37935e-73  2.52472e-05
  0.00116127  3.77525e-59
 5.60241e-05  2.18311e-37
 1.64899e-66    0.0203342
 9.21851e-05  2.59962e-36
 6.45837e-43   0.00192621
 2.70245e-46     0.178934
 2.36192e-07  5.92709e-43
  0.00864379  6.39692e-59
    0.689357  4.33488e-88
 1.46211e-48     0.635503
     0.31076  2.45931e-91
 3.63902e-18  1.17321e-13
    0.132715   7.7255e-67
 0.000420947 5.91637e-105
 4.91915e-69  3.38872e-08
 1.36246e-64     0.118715
    0.269375  2.34602e-54
    0.677322  1.90915e-60
 2.66705e-59   4.7932e-08
 7.54455e-10  1.02905e-22
 1.14393e-48  6.21157e-16
 4.73664e-65   2.9007e-10
 1.01607e-86  7.56572e-11
     0.55171  4.83691e-80
 4.97189e-78  6.19271e-13
 4.08303e-69  0.000289643
 2.61678e-06  4.25379e-31
 3.95493e-49  2.43448e-06
 2.70003e-58    0.0010686
 1.41016e-05   1.1554e-42
  4.2652e-05  1.73209e-50
 3.21571e-10  4.62798e-18
 1.72282e-07  4.31615e-38
 9.22271e-43  1.21177e-05
 1.19136e-83  5.96036e-14
 7.44765e-08  3.84887e-38
  0.00170079  2.09536e-74
 4.63061e-80  1.70782e-22
 3.75113e-69  4.36063e-05
 1.94293e-08  4.42543e-46
  0.00363513  6.29642e-72
 7.36785e-71     0.575267
 2.33588e-59     0.124418
 2.93218e-69  1.33114e-05
 4.13763e-70  1.39684e-07
 3.13742e-05  1.52177e-58
 1.18386e-09  2.61429e-43
    0.308068  9.40186e-77
 2.50667e-30  2.00858e-05
 2.17285e-61  2.93316e-08
    0.687437  9.07587e-81
 6.49703e-70  1.45419e-05
 1.44834e-08  8.23614e-52
  3.1167e-06  2.02918e-63
 1.92215e-08  5.43163e-55
 1.35028e-08  6.44919e-57
 1.88563e-33  4.05029e-13
 4.18066e-20  6.74818e-05
 6.99984e-12  4.44932e-52
 3.85519e-61  1.55907e-06
 8.72037e-15  1.69034e-43
 4.46325e-13  9.06979e-49
 5.71182e-84  7.60726e-17
   1.941e-09   7.7121e-77
 7.59515e-10  2.80016e-71
 5.12104e-57     0.636238
 1.07319e-86     0.658829
 8.80422e-10  4.36342e-67
 5.99037e-14  1.80467e-60
 1.59988e-14  2.70515e-50
 1.09796e-76  3.34721e-06
 1.54362e-14  8.19368e-57
 6.59524e-14  9.19488e-50
 8.40352e-05  1.13967e-66
    0.001733  4.48945e-54
 1.52343e-05  4.50519e-62
 6.20195e-06  5.99647e-59
 1.17986e-10  5.02476e-40
   0.0333997  8.96866e-47
  3.3767e-19  1.23203e-72
 1.92438e-37     0.580923
 6.69908e-23  5.90008e-12
   0.0787816  1.18168e-42
    0.560573  4.39061e-41
 4.86745e-10  1.13854e-35
 1.04216e-46    0.0117211
 6.87159e-26  8.09366e-13
 1.21323e-68  0.000404396
 1.67036e-07  1.05622e-41
 2.96341e-07  4.42014e-38
 2.44634e-07  7.56252e-38
 4.42929e-38  7.61321e-06
 0.000206912     0.341252
 7.34082e-09  8.11646e-34
 1.67605e-08  1.38914e-33
 4.51227e-17  1.70672e-14
 2.01727e-41  9.57852e-14
 2.66491e-65  0.000218493
 4.32989e-40  5.44718e-05
 1.19511e-49   1.6364e-11
 2.26073e-34  1.59267e-14
 6.82956e-06  3.77954e-36
 2.33118e-59     0.621978
 2.88866e-06  3.87743e-39
    0.310663  3.44739e-30
 4.40315e-38   0.00152556
 2.16136e-15  9.36588e-56
    0.689309  1.28221e-30
 6.28563e-74   0.00472403
 4.48338e-28  0.000296043
 1.97858e-75  1.06608e-19
 3.88482e-78  1.83845e-13
 3.92766e-51  9.25291e-20
 1.36449e-57     0.664448
 4.95576e-26  9.07438e-88
 0.000254123  5.18436e-27
 8.77023e-05  2.86186e-26
 5.44997e-76      0.68931
 6.70871e-12  6.29155e-43
 7.65858e-66  6.82275e-06
 8.41268e-57  1.38336e-06
 1.29527e-52  3.73739e-05
    0.687912     0.309158
 9.77505e-12  1.16965e-50
 2.75262e-30  1.57195e-25
 1.01225e-22  1.13504e-77
 2.67936e-05  6.82037e-26
 1.59373e-20  2.16656e-64
    0.555816  5.84526e-38
 6.84543e-60  5.32722e-07
    0.048263  1.27318e-39
1.34293e-110  9.52531e-16
 6.10806e-21  4.05285e-72
 7.54112e-54  4.68617e-20
 4.41699e-43   0.00798374
  0.00498742  7.56184e-40
 1.65452e-68  5.20716e-09
  0.00280635  1.22327e-37
 2.30617e-15  4.18479e-15
 2.45503e-54   0.00157546
 6.94789e-50  6.03365e-13
 1.43711e-12  1.38771e-18
 2.97086e-55    0.0341335
 4.88847e-13  5.39154e-19
 5.18895e-13  3.09972e-50
 3.68809e-08  5.54263e-33
 7.36889e-15  3.15828e-57
 1.53575e-14  2.52038e-56
1.24147e-108  4.82099e-31
  3.9425e-75    0.0878683
3.61405e-126  1.40708e-33
 1.29708e-15  4.30768e-25
 1.55467e-12  1.91943e-22
 2.54946e-23    0.0126318
  4.3549e-16  9.26631e-26
 1.12849e-10  2.07505e-42
 8.29387e-17  1.70031e-27
 8.70371e-51  0.000108449
 1.85528e-35    0.0195987
 3.97519e-38  2.40053e-06
 2.78623e-17  3.46988e-28
 5.88926e-12   7.2287e-23
 8.62134e-10  3.06193e-46
  0.00236343  1.77058e-71
 1.12922e-34  1.29715e-20
 1.55529e-11  2.22958e-53
 3.26355e-46   0.00191754
 2.97307e-09  1.51013e-48
 5.85419e-07  3.16807e-45
 6.08489e-74  3.21667e-13
  0.00533486  1.32544e-88
 1.42373e-06  1.82089e-46
 6.69378e-83  0.000679463
 1.23697e-73     0.088882
 2.27912e-72   3.0269e-11
 2.51786e-61  1.65325e-09
 1.15126e-12  3.32543e-61
 9.90455e-89  9.61114e-14
 2.04648e-33  6.09234e-23
 2.46105e-88  4.60587e-15
  4.7258e-85  3.18124e-12
 9.08954e-06  4.07295e-29
 1.42673e-64  0.000328199
 2.07943e-22   6.1253e-17
 7.16528e-43  1.81512e-07
 1.55519e-45      0.10645
  0.00334071  6.71344e-32
 1.11205e-73  5.82727e-06
   0.0088744  4.13433e-32
 0.000180037  3.22726e-47
 4.42045e-50  4.76587e-07
    0.551705 9.22762e-111
    0.309045  1.37084e-38
 1.36546e-44  3.49438e-07
 2.67934e-54  7.65556e-05
 2.19532e-16  9.48672e-15
 5.98448e-50  1.21111e-09
 5.98051e-12    7.911e-21
 1.53203e-55  7.38555e-08
    0.688079  4.09351e-40
 3.07488e-11    1.197e-76
 5.22604e-85  1.72549e-05
  4.4833e-07  2.14313e-61
 5.34208e-71  3.98197e-13
 7.81651e-36  4.56014e-21
 2.46651e-05  5.50892e-53
 1.05923e-62   6.2375e-26
 1.11536e-05  7.72321e-57
 1.48646e-46    0.0743968
 6.27586e-05   9.4231e-48
    0.551665  2.47328e-38
 2.10013e-10 4.78055e-120
 1.27626e-15  5.91724e-97
 2.42276e-08  1.07989e-64
 7.92481e-76  5.66211e-28
 2.67799e-46  5.59507e-06
 2.82232e-15  6.55796e-94
 2.78958e-62  4.92877e-08
 9.23031e-08  4.66153e-32
 1.41683e-15 5.10373e-114
 2.41557e-16   0.00643594
 4.10097e-12  5.54919e-82
 7.69274e-09  9.17319e-74
 1.52331e-10  8.55844e-51
 1.75826e-49   0.00190242
 2.93742e-10  9.95341e-62
 7.28586e-26  4.66108e-07
 6.61087e-57   0.00113796
 4.02589e-40  1.00715e-05
 2.51671e-12  2.19067e-87
 1.81656e-72     0.310667
 6.44845e-10  6.28215e-63
 2.08975e-67  6.21326e-14
 9.59035e-88  1.52125e-07
 4.50742e-32  1.80762e-08
 2.00245e-12  2.12657e-87
 6.35129e-09  1.49938e-68
  2.8496e-75  1.69351e-05
  1.7378e-54    0.0130123
 2.86475e-29 1.80655e-130
 3.34183e-28 9.49964e-116
4.25058e-116  0.000233747
 9.35376e-14  2.70301e-89
 8.64477e-29  1.5804e-123
 1.45974e-31  4.38656e-07
 4.00045e-42  3.79692e-13
   0.0493857   1.9857e-62
   0.0928853  3.90287e-64
     0.10525  5.53386e-59
 2.58973e-70  0.000365299
 0.000716677  1.45311e-69
 4.22315e-75  9.68941e-08
    0.581072   5.5697e-63
 2.15454e-44   2.8804e-07
 0.000331354  7.26847e-74
 2.86052e-20 1.02558e-123
 2.75802e-56     0.231387
  2.4692e-63  6.46254e-06
 6.06631e-13  1.09209e-95
 1.90369e-12  4.15948e-82
 4.26765e-16 3.92678e-110
 1.02291e-22  2.11738e-14
  2.9855e-59  2.36389e-06
 2.51947e-91     0.689321
  5.9626e-39  4.43179e-08
 7.98152e-48  3.36528e-12
 2.21929e-15 4.28714e-100
 5.50299e-37   0.00277703
 1.57469e-15 1.29614e-100
 3.97856e-11  6.52561e-64
 1.52612e-27   9.7471e-13
   2.259e-42    0.0672724
 8.66558e-55  5.59268e-16
 6.68045e-13  9.18903e-74
 4.55822e-13  3.55169e-05
 7.04353e-08 9.46295e-147
 2.16159e-12   2.3045e-63
 3.29122e-08 1.03634e-128
 1.50089e-13  8.32987e-05
 1.59958e-17  3.24365e-75
 3.86507e-12  1.53663e-58
 6.86275e-18  1.93954e-78
 7.18298e-38    0.0853134
  2.8479e-80    0.0725057
    0.551665 6.44825e-155
 6.09975e-26  6.10921e-05
 4.62717e-15  7.53375e-22
  1.5723e-58  2.37023e-09
 4.60298e-72  2.95718e-11
 1.08894e-16  9.10555e-10
 5.34572e-33  4.09363e-07
 1.15951e-52    0.0107264
 1.69419e-05  1.61539e-44
 2.03484e-76  9.19959e-09
  0.00743232   3.4928e-41
   0.0131453  1.12486e-40
 2.51907e-58  2.30073e-10
 4.77116e-62  3.95245e-17
 0.000872418  1.67083e-34
 7.01544e-29   7.6613e-11
 5.70985e-62  8.21362e-09
   0.0255481  7.53651e-35
 1.34245e-63  9.14583e-11
 6.05183e-51     0.163121
 2.00137e-06  4.15631e-45
 8.21341e-61     0.552593
    0.553153  2.07649e-32
  0.00185629  1.42322e-29
 7.10167e-48  8.44029e-12
 1.53719e-43  6.98136e-10
 2.71164e-82  2.66744e-12
 9.42673e-08  5.53791e-29
 8.46865e-07  1.73039e-52
 2.64917e-24  6.24549e-10
 5.01634e-41  1.42088e-12
 2.05245e-46  0.000112072
 2.88714e-47  4.83026e-08
 1.08762e-65   0.00670386
 9.73338e-51  1.94608e-05
 7.14582e-47   1.9836e-05
  0.00873296  8.50639e-35
 2.85322e-72   1.4762e-10
  0.00606194  8.94689e-27
 3.63372e-83  1.78458e-10
 5.46374e-53  4.84043e-11
  0.00283427  7.48419e-27
 3.89387e-20  8.42152e-66
 0.000668681  5.53121e-23
 1.39993e-09  8.65205e-56
 1.00418e-10  1.03392e-66
 6.74958e-10  3.30614e-61
 6.76366e-39    0.0686629
 2.61981e-67  9.48753e-08
 5.41889e-14  6.99167e-79
 1.24954e-12   9.1938e-14
 2.10492e-06  4.54705e-20
 7.49983e-37  3.71475e-12
 5.27464e-56     0.188629
 1.87332e-50  5.81112e-06
 6.33103e-16  2.12581e-86
 6.75363e-60  2.41986e-17
 3.98569e-14    1.905e-33
 1.58631e-14  1.01923e-36
 2.49171e-08   2.7624e-25
 3.63782e-21  2.55012e-59
 2.76743e-66  2.26288e-07
 1.93338e-38  3.23087e-06
 1.59622e-08  1.33938e-24
 3.93791e-92  3.28246e-13
 5.20017e-16  1.90514e-42
 2.74982e-10  2.05304e-29
 2.89805e-21  7.22196e-68
 1.68871e-17  2.24061e-50
 4.94209e-06  3.06407e-28
 4.26188e-20  7.74185e-54
  4.7687e-57     0.551695
 6.15735e-21  9.39317e-61
 2.51921e-05   4.7453e-29
 1.79917e-07  4.24573e-35
 2.73159e-45     0.672199
  1.0895e-07  2.85368e-38
  0.00978301  3.10493e-34
 2.78985e-23   6.6437e-62
   0.0119603  1.98696e-39
 8.84589e-62  1.82384e-11
    0.562967  4.31008e-36
 1.77141e-85  1.75188e-14
 4.12525e-30  1.40608e-06
 1.91767e-74  0.000779623
 2.80829e-25  4.12318e-76
 7.59646e-09  2.49029e-50
  6.2368e-55  1.40031e-06
 5.56416e-25  3.56013e-76
 1.60116e-71  1.10342e-19
 1.95738e-34  2.32659e-96
 1.33955e-59  3.74831e-10
 1.68484e-68  4.26023e-06
 3.27992e-58  0.000140206
    0.078927  1.54297e-43
 2.58124e-10  3.45717e-61
 2.11491e-10  4.51406e-58
 9.44759e-67  1.77145e-06
 1.41362e-72     0.551667
 5.44155e-45    0.0342204
 1.53022e-10  1.56079e-61
 6.17144e-23  5.37869e-06
 4.61968e-51   2.3701e-17
 1.26183e-14   0.00169736
 8.80149e-14   3.8579e-68
1.78686e-109  3.21836e-15
 1.12807e-62  0.000540431
 1.59331e-97  0.000351279
 2.34391e-57   0.00880398
  1.6529e-16  3.52257e-10
 3.51804e-32  0.000319516
 1.17754e-29 3.36116e-115
  6.1659e-44  3.45705e-13
 2.43183e-29 6.10532e-105
 1.08686e-75  1.20115e-11
 2.30399e-43  1.38702e-11
 1.78723e-12  7.06758e-76
 1.31842e-60  0.000266909
2.77534e-128  2.82122e-42
 2.55679e-48  0.000587636
1.01969e-124     0.999941
 9.24147e-13  5.95583e-79
    0.310611  4.76616e-50
    0.689272  8.14697e-52
 9.74357e-54      0.55265
 5.86469e-06  3.60586e-64
 1.20691e-05  1.05885e-63
 3.78048e-05   8.9697e-62
 2.43766e-16  8.26114e-35
 1.16355e-16  2.52765e-34
 2.16906e-11  5.10721e-75
 8.56118e-12  1.09913e-77
 9.28361e-41   0.00173126
 2.50736e-12  2.49479e-72
 4.82509e-48    0.0405898
 1.35527e-12  7.58574e-74
 4.07774e-17  8.40974e-63
  2.5298e-14  1.58815e-81
 4.01126e-75  2.28297e-15
 6.25709e-56  1.07828e-09
 3.14038e-55  1.02094e-09
 1.06453e-67   1.2989e-06
 2.11251e-17   1.4377e-64
 2.85849e-46 2.22965e-121
 4.01981e-16  9.09662e-79
 1.12965e-16    5.386e-79
  3.3244e-48  0.000737933
 1.03514e-27  9.70019e-40
 8.20665e-42    0.0371953
 5.68109e-46 1.71036e-131
 1.19521e-21  3.18691e-39
 6.02695e-51  1.36039e-05
 1.51588e-66     0.688818
 3.86834e-38  1.42117e-10
 9.02661e-95  1.61999e-19
 5.71343e-55     0.152132
   2.201e-21   1.9195e-91
 5.35303e-32  2.15361e-16
 1.75941e-70  1.37476e-09
 1.03649e-46     0.285362
 5.97161e-23  5.38039e-90
 1.76069e-42 1.82676e-122
 1.98113e-28   1.9878e-75
   2.621e-20   7.6985e-55
 1.71578e-23  7.11258e-59
 7.85948e-31  5.63156e-79
 3.01202e-14  1.37403e-46
 1.64635e-73  6.92755e-12
  1.6856e-26  5.27205e-25
 4.75566e-51  4.97964e-06
 6.81424e-39  6.36053e-97
  8.5086e-39  1.07171e-97
 1.54599e-37 6.80568e-107
  3.8303e-37 4.20899e-122
 6.80114e-19   0.00629316
 2.32142e-10  1.14505e-51
 1.34041e-36 1.78916e-108
 2.32116e-91   0.00233411
 6.21179e-98   0.00175467
 4.29358e-10  3.07425e-52
 4.34838e-53  1.07356e-12
 1.74486e-11  1.32319e-50
 9.16849e-64      0.30998
 2.36525e-31 2.46973e-119
  6.9181e-19     0.212875
 0.000103749  8.36406e-50
 5.29962e-12  3.09934e-47
 0.000228917  1.77178e-56
 4.32735e-58  6.31878e-11
 6.57759e-31 3.59522e-117
 2.59828e-16  5.74983e-76
  9.9284e-09  3.47271e-45
 1.81132e-51   1.4788e-08
 2.19251e-21  5.55952e-05
  4.6829e-43  7.10925e-15
  8.8162e-68  0.000274406
 3.19954e-46    4.228e-05
 1.78933e-16  1.06749e-89
 8.47921e-37  2.39493e-20
 6.49695e-93  3.40417e-09
 8.13157e-24  2.77535e-31
 1.10116e-58  0.000210905
   0.0180403  2.22463e-53
 4.35426e-65   6.3886e-17
 5.84789e-12    7.055e-42
 4.95361e-09  6.95033e-45
 1.19216e-37  6.10668e-05
 6.35452e-62   4.2697e-06
 6.25236e-10  4.40258e-44
 7.19836e-75     0.682667
    0.554911  6.32561e-61
 9.43948e-32  5.05923e-13
  0.00326989  5.02897e-67
 4.09157e-32   6.4242e-29
 8.01957e-38  2.03111e-10
   0.0100535  1.05611e-61
   0.0413693  1.75237e-58
 1.66205e-30  1.58534e-09
  4.5244e-45  4.75304e-20
   0.0175181   1.5175e-59
  0.00293442  9.92475e-60
 2.29849e-05  2.42298e-55
  1.9941e-14  0.000960624
 2.30602e-40  1.47631e-07
   0.0009792  2.84715e-58
 1.43585e-31  1.94446e-10
 3.61374e-18  4.43058e-20
 5.02482e-06   2.1567e-20
 7.50719e-44     0.310209
 2.30259e-48  0.000337571
 7.87524e-05  8.26577e-54
  0.00343256  6.70252e-63
 0.000192425   1.5093e-53
  0.00455125  6.08603e-55
 2.20934e-48    0.0592575
 4.95754e-18  1.16203e-36
 1.44072e-59  1.77542e-08
    0.202778  8.13265e-57
    0.617989  4.76822e-57
 1.24881e-10  1.71246e-75
   7.381e-18  5.17001e-37
  0.00217531  3.10502e-51
 4.14929e-34  6.30832e-16
  0.00170431  5.69805e-53
 3.55245e-08  1.24014e-65
 3.41077e-15  1.67048e-39
 1.12472e-67  6.83193e-08
 2.07692e-32     0.688428
 8.68124e-58    0.0335645
  6.8779e-08  5.19231e-60
 3.48253e-80  1.25888e-06
 4.95575e-61  7.48076e-12
   1.156e-30     0.561763
 2.24266e-68  1.01997e-12
 3.77103e-73  2.49387e-07
 1.84965e-11  2.45592e-43
 6.65729e-47  5.91494e-09
 5.83913e-12  1.07821e-42
 2.44023e-27  5.88142e-16
 7.29257e-13  1.71284e-44
 4.16439e-13  5.39445e-46
 3.04805e-32  7.28568e-22
 1.09911e-22  9.16211e-49
 2.87931e-20  3.88216e-46
 1.41406e-44  4.64954e-08
 5.98061e-18  2.93331e-48
 4.60029e-17  1.67283e-51
 1.42421e-18  2.61317e-48
 1.18308e-15  4.44377e-54
 1.07159e-15  1.06785e-52
 4.84654e-71  6.72444e-06
 8.44534e-76     0.551718
 1.57966e-84   0.00325872
 2.36698e-37  5.23052e-13
 5.38141e-67  3.07382e-16
 8.33555e-08   0.00235298
 6.54658e-56  4.43961e-23
 8.78309e-13  3.48247e-59
 1.55519e-11  1.13657e-63
 2.11014e-49  2.45708e-16
 7.36663e-19  3.92501e-52
  2.2851e-89     0.273937
 1.95094e-10  7.04706e-67
 4.85828e-40  1.59366e-05
  6.4313e-10  8.51691e-71
 1.97083e-20  1.67877e-49
 2.34632e-47  1.03816e-07
 8.03658e-68   1.6363e-06
 4.88658e-09   1.0516e-77
 5.19361e-50     0.206204
 1.46779e-53   3.7408e-15
 7.42682e-19  1.28658e-48
 2.14728e-65  2.73841e-06
 2.69609e-25   1.3523e-08
 1.40151e-35  7.94939e-17
 3.79261e-53  4.12638e-20
 1.92975e-72   6.7505e-10
 2.80002e-79   0.00550235
 2.51979e-43     0.164451
 1.65688e-18  8.06058e-49
 7.35796e-49  9.48939e-20
 1.49033e-27  2.91261e-10
 2.37989e-43  1.20647e-07
 7.91734e-75    6.886e-05
 2.73895e-52   2.0217e-09
  3.6683e-06  1.30313e-67
  7.1457e-60  4.67616e-17
 6.73255e-74  1.75826e-05
    0.242715 1.57017e-100
 2.49822e-22  1.68372e-43
    0.655785   5.0446e-91
 1.08661e-05  8.81381e-70
     1.01073  3.75465e-78
     1.00395  1.43986e-74
 1.79824e-83  1.98512e-10
 6.77332e-47    0.0390502
 7.09369e-07 1.46882e-100
 1.78143e-52  3.39359e-07
 4.70256e-74  8.03479e-20
 3.71438e-05  1.25968e-62
 1.21412e-06  7.76303e-87
 8.39963e-11  7.05287e-51
 1.89142e-20  4.65962e-21
 2.12762e-14  0.000640409
 1.43721e-11  4.19323e-45
 6.63827e-12  1.72925e-43
 2.52131e-10  1.61967e-51
 3.63256e-14  3.08339e-32
 7.98216e-10  4.23859e-49
 1.13571e-13  1.75119e-29
  5.6945e-15  2.17855e-26
 2.91581e-84  1.25748e-08
 7.22805e-75   1.2714e-05
 2.21376e-34  0.000137318
 7.78123e-08  5.09639e-37
 1.22916e-08  1.21759e-49
 5.91244e-13  7.52553e-30
 4.68617e-15 9.59599e-107
  4.3787e-78  1.17215e-13
 6.74353e-98  0.000137936
 1.58336e-06  3.34884e-48
  4.6124e-41      0.12892
 1.44259e-23   0.00192786
 2.65531e-72  7.71811e-08
 4.01243e-46  2.61434e-11
 1.88539e-06  3.00853e-47
 6.71981e-22  6.45576e-06
  9.6533e-52     0.238331
 1.32885e-05   1.1837e-55
 5.15749e-26  1.12501e-08
  0.00254108  1.04076e-63
 2.28633e-38  1.31974e-06
 2.13217e-72  9.48803e-10
 1.60816e-06  1.09373e-42
 1.64416e-51   0.00244723
 1.15934e-06   1.0129e-78
 2.00035e-35  1.81437e-17
  0.00601799  2.06712e-67
 1.26462e-42  1.65371e-12
 5.20112e-10  2.54092e-49
 0.000136553  4.33507e-52
  0.00193926  3.99417e-63
 8.59176e-94  7.47284e-08
    0.552111  1.04358e-76
 4.61732e-06  2.16699e-61
 8.42635e-88  2.74115e-19
 2.03722e-06  4.32149e-66
 2.04252e-36    0.0841459
 3.04785e-20  0.000374964
 1.97426e-08  8.31156e-93
 2.05084e-49   1.6763e-09
 8.74843e-09  4.62303e-97
   0.0146168  5.37078e-83