 7.27868e-08   5.4166e-47
 4.18879e-34  3.63658e-17
 1.49022e-07   1.4296e-46
   0.0568606  1.15948e-41
 1.63839e-08  3.26298e-48
 1.43194e-06  2.90152e-39
   0.0397088  4.58375e-41
 1.43121e-27  1.48973e-08
   0.0797956  9.74772e-41
    0.053589  1.24077e-40
    0.708277  2.07123e-40
 3.66982e-35  2.24898e-14
 5.39016e-07  9.49037e-39
  3.1773e-40  5.07516e-11
 2.46289e-22  9.22626e-07
 4.57593e-53    0.0707004
    0.780067  1.03574e-39
    0.325593  1.86822e-39
 2.83052e-65    0.0116802
 1.85958e-07  2.52396e-38
    0.636682  3.89914e-39
 7.65905e-26  5.03523e-05
 0.000165118  1.10976e-47
  8.4725e-06  1.83968e-45
 1.07447e-24  5.90562e-09
 5.22638e-25  2.76266e-16
 4.81947e-23  0.000114861
    0.038671  4.88074e-38
   0.0758563  4.73864e-38
  0.00233233  1.00031e-41
 2.41536e-61  4.17802e-24
  8.4863e-09  8.88627e-39
  0.00518844   3.1853e-41
  0.00158033  9.00284e-43
 5.32146e-21  1.20559e-05
 3.97137e-32  4.88291e-09
 1.56255e-37  9.43979e-10
 2.36363e-16     0.671013
   0.0154424  2.00364e-37
 4.80415e-70  2.78034e-13
 0.000713626  6.56276e-36
  0.00273112  1.68802e-42
 3.42684e-55  2.65712e-05
 2.40468e-35   0.00428663
    0.307914     0.690526
 1.48464e-50   2.3309e-09
 1.63356e-86   2.1558e-30
   0.0339813  3.51886e-40
 4.22309e-67   2.5533e-07
  1.5009e-19  5.81508e-27
  0.00780143  8.03816e-42
 3.33789e-44  3.25812e-06
 8.77033e-19  7.79235e-09
    0.102552   1.8466e-40
 0.000205554   2.4332e-35
 9.92118e-06  8.63364e-35
 3.86676e-38  1.34499e-06
 1.36714e-63     0.157804
  9.9298e-42  0.000801788
 8.95715e-29  1.69272e-17
   0.0656935  9.15999e-46
 5.76285e-74  1.44234e-19
 2.05066e-05  2.06641e-34
 1.05976e-05  3.56604e-34
 3.84312e-29  2.59564e-06
  1.1391e-54  0.000250016
 3.86412e-63     0.668671
 2.90009e-51     0.300347
 4.31902e-40     0.306652
 6.31304e-48  0.000896022
 2.84684e-45  4.05823e-09
 5.48168e-37  1.45533e-14
    0.568231  6.52824e-40
    0.616241  6.79881e-47
   0.0145978  1.87145e-48
 3.05721e-17     0.687942
 4.26866e-05  3.85541e-32
 6.83045e-34  1.97345e-08
 6.08711e-28  9.14733e-07
 1.73179e-05  7.21586e-32
 9.80118e-58  3.50221e-05
 2.06518e-31    0.0361848
 3.76551e-43     0.023729
  1.9608e-58  3.99648e-08
 1.40089e-33  3.10325e-07
    0.195367  3.19536e-47
 0.000283868  1.28855e-31
  2.8132e-48  9.17015e-07
 7.38928e-06  2.04159e-31
 1.88796e-26  0.000189908
 7.54131e-17  2.51584e-14
   0.0819817  8.59187e-47
   0.0188203  4.96704e-48
 3.22965e-05  1.21673e-35
 6.77128e-24   2.5893e-08
 1.79092e-05  2.54696e-35
 1.27181e-07  3.51208e-35
    0.557217  5.59644e-30
  0.00440636  3.24484e-28
 4.15814e-15  1.45167e-15
 5.97997e-19  2.25976e-65
 3.18529e-39  3.33115e-12
   0.0308696    9.695e-30
 2.78609e-07  8.97227e-35
 3.43423e-28  4.46848e-08
 3.90755e-29  1.01319e-05
   0.0538344   5.3995e-29
 7.17672e-14  3.36218e-33
 3.87983e-48   6.2182e-07
  4.9759e-58  5.85903e-07
 1.95667e-36  3.87545e-09
 2.10144e-14  2.73692e-16
 8.08283e-23    0.0855389
   0.0131728  1.11333e-29
 9.15103e-51  3.02063e-10
 2.56106e-54  0.000341669
  0.00648471  5.16266e-28
 0.000349412  1.32308e-31
  0.00732212  1.56236e-28
 7.33384e-08   8.2352e-23
   3.133e-38   1.5982e-07
 3.06744e-72  7.68444e-13
 3.82994e-56  0.000371698
   0.0029541  8.20047e-28
 3.28726e-08  2.22008e-22
    0.309546  2.51428e-41
     0.69046  2.00405e-40
 0.000257215  5.30484e-30
 1.23426e-39  7.66058e-12
   0.0214848  7.27704e-34
 3.38174e-62  6.78671e-08
  0.00735656  1.59782e-33
   0.0614439  2.12818e-34
 1.02488e-57  1.03063e-08
 2.20268e-14  6.17666e-17
 1.94244e-12   2.1614e-27
 8.29945e-13  6.44981e-27
 1.56481e-12  1.90525e-27
 8.99418e-08  5.04919e-30
 2.29601e-54     0.591855
    0.179094  5.36549e-36
    0.609607  1.69168e-35
 1.87482e-23  8.58579e-11
 4.03026e-08  8.51453e-30
 8.37534e-59  2.49534e-26
 1.32245e-27  0.000139796
 2.83823e-69  3.06106e-16
 1.69721e-05  4.50194e-37
 2.36384e-25    0.0121321
 1.14722e-55    0.0297355
 1.35513e-26  1.95682e-09
 7.11815e-17     0.221826
 2.68107e-19  5.85986e-68
 3.27262e-06  2.26389e-36
 4.99512e-34  6.08455e-13
 2.66281e-06  1.76715e-36
 2.94486e-27  3.95881e-12
 7.79294e-06  2.79773e-37
 1.03908e-08  8.28855e-23
  0.00228064  3.52998e-38
 5.15576e-09  3.14023e-22
 2.17477e-30  1.49192e-13
   0.0114339  2.21227e-37
 4.27865e-28  2.56738e-22
 9.38437e-44   6.4908e-12
 1.03498e-20   3.3733e-05
 8.18774e-07  2.03102e-25
 5.36121e-09  1.29291e-22
 2.86691e-31    0.0626335
 5.89636e-50  9.11903e-07
  9.3074e-29  3.11333e-05
 2.96702e-06  4.21216e-25
  5.7131e-53  7.28784e-07
 1.19369e-66  2.42895e-21
  3.3271e-05  1.13923e-38
 1.00766e-47  1.50885e-07
 1.49467e-05   5.3176e-38
  0.00013953  4.67684e-31
 4.97505e-35  3.94853e-16
  5.6536e-51     0.551709
 7.65709e-37  9.88546e-16
 7.28786e-06  1.96563e-25
 3.89338e-40  1.32255e-12
 8.94762e-21  0.000226966
 0.000429892  1.23348e-30
  0.00240472  1.03746e-29
 1.63723e-35     0.640808
  0.00017163   2.5178e-31
 5.72732e-53     0.686003
  0.00109756  1.44345e-30
 9.34931e-07  9.10344e-39
   0.0284844  4.69317e-30
 1.20196e-66  2.72235e-24
   0.0006021  2.10694e-31
 6.82066e-61     0.229689
 0.000753803  1.65081e-31
    0.555978  1.51643e-30
 2.53567e-15  2.47565e-21
 1.38552e-34  5.39836e-14
   0.0117551   9.0371e-33
   0.0426211  9.08726e-32
    0.014878   1.1062e-32
 0.000502879  9.64846e-33
 5.88716e-10  8.30465e-44
 6.28411e-24  3.74965e-08
 8.04925e-10  5.59059e-43
 3.28192e-35  1.51107e-17
 1.29289e-31     0.690452
 2.19139e-40  9.24395e-11
 5.08707e-14  1.88023e-51
 7.52686e-52   0.00176151
 2.11536e-43  3.83065e-07
 1.18734e-47  1.02119e-05
 4.72221e-10  8.70808e-39
 9.48511e-07  2.58666e-35
 3.27419e-31     0.309548
 6.12681e-42   0.00397207
 2.44859e-06  1.02443e-34
 2.62818e-33  8.08195e-11
  2.6943e-52    0.0346886
  3.8567e-51  3.15519e-08
 1.20677e-07  2.93709e-29
 2.34141e-31  0.000357584
  1.5356e-57  0.000762831
 7.03702e-10  1.30903e-40
 3.45613e-06  2.51908e-34
 2.67724e-09  6.65575e-31
 1.27068e-23  0.000264924
 3.90676e-66  0.000298547
 1.26934e-58  0.000103768
 6.13868e-06  9.81961e-34
 1.32046e-05  1.52453e-32
 6.14066e-46     0.103652
 3.43128e-48    0.0552074
 9.64338e-36  0.000873027
 3.47486e-05  1.83599e-36
 1.54046e-46  1.74578e-08
 0.000158094  1.25987e-35
 1.22867e-47  1.66923e-15
 3.30095e-54  3.53516e-31
 2.00059e-05   5.6097e-37
  0.00016598  1.33637e-33
 8.27045e-26     0.301302
 1.24926e-42  7.68955e-09
 4.85877e-63  4.97397e-09
 4.32887e-31   0.00968702
 3.16999e-27  3.48714e-19
 0.000936853  1.98456e-34
   9.333e-24  6.14526e-07
  0.00227948  1.01047e-34
  1.8164e-47  7.36507e-08
 1.77934e-29   0.00114901
 3.34266e-05  3.66905e-38
 2.23113e-32   7.3272e-06
  0.00393364  4.81753e-56
 4.60098e-06  8.24068e-61
  9.2032e-13  6.42762e-42
 8.70955e-06  7.94152e-62
 4.16293e-13  3.41314e-42
    0.554469  1.84446e-37
 3.75648e-05   2.4651e-62
   0.0609006  1.14365e-38
    0.688051  2.29048e-50
 1.24232e-10  2.07351e-28
    0.306831  7.38264e-49
 1.06582e-45  6.26568e-17
 1.40166e-70  1.73319e-14
 2.84826e-35  1.16272e-07
    0.197885  2.12195e-40
 3.28541e-13  2.66187e-43
 5.79686e-98  3.08361e-29
   0.0213104  1.83361e-44
 9.89336e-14  1.03877e-45
    0.642369  3.41659e-42
 4.72055e-37  1.76058e-08
 2.24241e-88   0.00873042
 2.26252e-25  3.63918e-14
 2.55004e-36  1.62398e-14
 5.57429e-22    0.0328098
 5.15735e-54    0.0043913
 1.01793e-35  2.32301e-06
 3.58637e-24  0.000122961
   0.0110035  7.15649e-42
  0.00128597  5.63966e-43
 8.08261e-46  6.76711e-09
    0.149379  4.24207e-44
 1.02805e-41     0.100963
     0.30859  1.90272e-59
 1.95209e-45  1.26151e-10
  7.2725e-30  2.81658e-05
   0.0350654  4.32412e-44
 3.25516e-49   7.9419e-06
 3.11972e-48     0.557259
 7.34275e-29  1.82006e-06
  0.00357963  1.60371e-43
  0.00773452  4.07996e-43
   0.0088203  6.42855e-43
 2.13023e-40  3.41503e-05
  2.6713e-25   0.00771748
 2.74942e-39  8.01342e-10
 8.17917e-78   4.3896e-10
   0.0706062  8.37049e-43
  0.00371353  3.28906e-42
 1.83905e-35   1.6666e-11
 1.98234e-10  4.93502e-40
 3.65909e-39  7.23713e-05
    0.689737  2.03423e-57
 1.15136e-36  1.14514e-07
 6.98968e-36  0.000854554
 6.30389e-10  2.50865e-39
    0.639029   1.4651e-41
 6.78973e-15  1.36271e-23
 1.01394e-13  5.51638e-45
 1.47959e-13  4.31831e-44
    0.132084  1.15042e-41
 7.36356e-53  2.00458e-05
 2.48205e-52  1.22758e-07
 3.22002e-48  3.04853e-06
    0.215759  6.86585e-41
 4.10019e-57   0.00065867
 3.65827e-08  3.21266e-36
 2.28508e-06  8.75276e-36
 1.58431e-52  4.14047e-06
  7.7012e-32      0.60779
 7.24325e-35  4.47028e-07
 8.93318e-08  9.27785e-36
  6.9612e-07  3.25399e-35
 3.20375e-28   5.1821e-13
 3.76975e-10  8.54545e-38
 8.97748e-10  2.23469e-37
 1.85036e-23  3.03114e-11
 1.22966e-30  4.30915e-24
 2.89374e-38  1.74718e-09
 1.11564e-16  7.72823e-56
 3.14785e-06  3.99292e-44
  1.0013e-69   1.8178e-09
 1.05087e-28   0.00242447
 1.28451e-08  2.16721e-33
 1.78476e-06  1.70368e-43
 1.48285e-48  1.86911e-05
 5.79763e-09  4.96947e-33
 3.00597e-42  3.77283e-09
 3.91349e-16  1.24066e-33
 1.56974e-52   5.8392e-07
 3.42929e-41    0.0196622
 1.06278e-37  6.56093e-15
 1.67259e-57  7.75873e-10
 2.08977e-08  3.04975e-41
 2.31664e-07  1.93024e-42
 6.70513e-81     0.999889
 6.90045e-08  8.63507e-42
 2.13839e-11  1.16684e-30
 4.13237e-35  1.08794e-10
 3.99328e-37  4.36637e-13
 6.13763e-12  2.36745e-48
 7.14914e-13   1.2474e-29
 1.00319e-08  2.03189e-44
 4.62872e-55     0.679265
 1.29893e-10  1.57673e-46
 4.01724e-12  6.38792e-30
 1.78757e-14  3.31679e-38
 1.84825e-13  1.15721e-28
  1.0683e-14   7.1045e-38
  8.0141e-63  3.90925e-17
 8.15926e-20  2.85857e-25
 4.76326e-36  6.58728e-14
 5.05905e-14  5.50488e-28
 1.56693e-13  2.85868e-29
 2.51609e-53   0.00883433
   0.0133774    0.0294292
 1.96289e-61  2.62023e-14
 3.78529e-14  2.48412e-28
 2.23503e-10  1.20096e-39
 2.40596e-23  1.12684e-07
 4.95116e-19  2.58296e-23
 5.27265e-61   3.8565e-14
 2.61497e-56  1.60713e-10
 6.64901e-19  3.44185e-23
  5.2174e-10   3.6068e-39
 7.51741e-31  2.27083e-06
 3.37188e-19  1.18493e-26
 1.68823e-09  9.86228e-39
 3.59478e-27     0.561089
 1.23748e-56  6.10385e-11
 2.67258e-31  5.88002e-09
 1.64668e-12  2.43658e-32
  8.7403e-49  9.75993e-08
 2.02432e-23  1.82168e-25
 1.21586e-27  0.000583289
  6.9849e-33   3.2712e-12
 4.95699e-09  4.47367e-38
 7.09208e-36  1.62264e-05
 2.72003e-69  3.61901e-10
 5.51479e-39  6.20496e-10
 4.10423e-12  1.03909e-32
 3.93047e-21  1.79643e-06
 1.72396e-24  2.79998e-14
 1.59297e-10  2.68356e-34
 2.85931e-10  2.52909e-41
 1.09595e-59  9.71369e-07
 8.53638e-60     0.675574
 2.63479e-41  1.06003e-12
 3.89336e-08  4.24297e-37
 4.05368e-39  5.05103e-17
 8.52363e-23     0.221687
 2.07383e-81  1.89659e-10
 3.65616e-10  1.15541e-34
 1.14785e-54  3.11134e-05
 1.21803e-45  3.07468e-09
  2.9396e-12    4.964e-36
  1.1548e-07    8.716e-38
 1.27866e-41     0.619017
 1.34729e-66  1.75546e-17
 6.50567e-12  2.44712e-36
 2.27981e-07   1.1092e-37
 1.38892e-11  3.40188e-37
 2.25854e-71   0.00173653
 1.67117e-24  5.77085e-09
 4.43835e-40  7.64149e-05
 7.95882e-10  9.70541e-41
 6.19025e-78  2.35199e-23
 5.40169e-14   0.00288254
 7.32112e-07  3.09221e-38
 1.03082e-50     0.655483
 2.87211e-11  1.42403e-37
  7.0147e-10  2.01467e-38
 1.39114e-33   3.2109e-06
 1.39554e-07  5.37077e-45
  3.8356e-13  4.49959e-47
 1.91977e-40     0.687893
 1.07322e-52  2.57019e-12
 2.13773e-13  2.38785e-47
 3.22748e-07  4.85694e-46
 0.000205196  6.74119e-41
 8.01691e-68     0.551864
  1.5369e-35  3.38317e-08
 2.92428e-12  8.93992e-06
  8.1315e-50  8.47444e-06
 0.000597096  1.22498e-41
 1.72544e-39  1.66858e-07
 1.35105e-52     0.303586
  1.0913e-50  0.000181948
 6.38319e-07  2.15008e-41
 8.30579e-36     0.613087
 1.31347e-06  1.48631e-47
 1.08707e-49  7.17469e-07
 9.05154e-14  0.000132346
 1.42702e-06  7.46937e-42
 1.98294e-08  2.14937e-44
   0.0107579  1.34835e-43
 7.10616e-05  7.79668e-44
    0.029621  3.65083e-45
  0.00110068  5.56709e-52
   0.0267622  5.80385e-46
   0.0325171  2.05837e-50
       0.583  9.01435e-48
 9.09125e-33    0.0356569
 2.08159e-05  1.31631e-44
  0.00188371   8.8061e-53
  2.5019e-35  9.15806e-12
 9.14479e-28  4.55101e-11
 4.20008e-07  5.10963e-56
 1.02083e-30  2.98253e-21
    0.129907  1.28132e-49
 0.000467996  5.23887e-55
    0.551665  4.82921e-52
    0.171465  3.88003e-50
     0.12817  3.71448e-52
 7.44846e-41     0.205984
 6.84763e-49  1.01097e-10
    0.637722  5.76529e-52
 0.000152152  6.55488e-58
    0.152795  4.09775e-53
 6.78009e-58  8.81319e-08
  2.6562e-27  3.38212e-05
 1.06609e-53  7.71847e-07
 8.61536e-57  8.62472e-06
 1.17818e-64   0.00520524
  0.00176675  1.10895e-55
 5.70359e-30  1.69016e-05
 2.06632e-28  7.66839e-05
 1.30075e-71  2.34747e-19
 7.30876e-25  1.23249e-14
 7.43673e-64     1.37e-20
  0.00112918  2.74695e-56
 1.34257e-48   0.00485335
 0.000576989  1.45746e-57
 7.35555e-38  4.28082e-13
  0.00528369  1.44455e-56
 1.85492e-57  8.35874e-13
 3.49744e-08  2.80178e-65
  1.5187e-06  8.12556e-63
 3.65382e-05  1.62463e-60
 7.96892e-21  9.33941e-07
 1.88739e-28  5.24099e-12
 5.18865e-05  2.12997e-60
 1.26554e-65    0.0569118
  1.1342e-07  3.76266e-67
 1.87485e-41  2.79189e-13
 1.63987e-05  2.46138e-63
 7.76689e-55  2.10864e-13
  7.0792e-07  1.14965e-67
 9.24993e-47  0.000796798
 1.80009e-35  4.14344e-11
 2.02389e-67     0.297165
 5.10689e-08  2.46746e-64
 2.32443e-08  2.20575e-66
 9.55213e-22  2.34004e-17
 1.51597e-06  4.33886e-70
 7.14827e-22  1.01461e-05
  1.0271e-20  3.70509e-65
 1.59565e-43  1.46271e-09
 2.82491e-08  1.94485e-69
 1.89709e-07  3.55102e-68
 9.51249e-06  3.64727e-73
 3.56949e-30     0.558376
 5.47431e-42  1.94761e-11
 7.07832e-26   0.00319623
 4.07776e-21  9.05436e-65
 6.16506e-15  5.65676e-78
 1.37725e-14  5.25568e-78
 0.000417458  1.02352e-77
 1.68982e-33    0.0428426
 9.13088e-31  1.09859e-13
 1.64737e-55   0.00285732
 1.80805e-36  2.84793e-10
 2.85709e-46  5.57257e-10
 7.77272e-06    1.291e-72
 4.01653e-36  5.50474e-06
 5.39198e-16  1.67053e-71
   0.0011673  7.50727e-80
 1.45595e-15  6.57823e-72
 1.83778e-05  2.34545e-72
 6.34473e-30  6.68439e-13
 1.44703e-39  0.000170509
 3.56573e-29  7.74135e-05
 1.80233e-41  1.99519e-12
   0.0055214  1.82153e-79
 1.40325e-24  7.07729e-09
 4.92401e-15  1.69332e-72
 2.71914e-05  5.68501e-71
 2.39747e-27  2.89996e-10
   0.0181613  1.25616e-76
  0.00102855  2.86325e-70
 0.000446429  6.91633e-68
    0.169325    5.466e-73
    0.090761  6.89009e-71
 5.17983e-05  7.11464e-65
    0.601256  2.66506e-71
 1.77861e-26  1.81213e-24
 3.20166e-46     0.690416
 3.30146e-51   0.00185008
 4.56638e-05  6.12921e-65
   0.0122173  2.33452e-67
   0.0133471  1.19283e-67
 1.01532e-25    0.0339489
    0.935542  2.91512e-58
 1.80155e-53  1.20543e-05
   0.0224615  5.27241e-71
 6.34753e-41  2.91049e-05
   0.0105046  1.61715e-60
  0.00807159  2.01067e-60
    0.936091  1.11659e-56
   1.669e-67  4.48343e-17
  0.00785636  7.56294e-71
 6.92539e-07  5.26653e-74
 3.39781e-47   0.00375216
 2.61134e-59  5.54368e-24
 1.83995e-46  6.49374e-10
 0.000101804  1.04817e-59
 2.40533e-23  7.05452e-08
  1.6309e-45    0.0668332
 4.60495e-05  5.08512e-61
  9.6801e-42  4.97393e-18
 3.45145e-46   5.0099e-06
 1.80606e-68  1.94514e-23
 0.000350728  2.41842e-48
 5.04735e-40  6.62945e-10
 3.55112e-31  9.47334e-09
   0.0271901  5.53389e-55
 1.54484e-06  1.10655e-67
 6.26593e-28  0.000101065
 6.38847e-66     0.690415
 1.81132e-16  2.56036e-14
 9.81323e-07  1.56327e-62
 4.87292e-07  4.95753e-62
 2.43595e-77     0.309548
 9.04365e-21  6.87541e-88
  1.4967e-07  4.79491e-61
  0.00099419  8.25094e-48
 9.62974e-08  3.37037e-60
 1.82967e-22  1.03897e-16
    0.690448  2.24833e-61
    0.309543  7.53191e-64
 7.04247e-06  8.81407e-55
 6.51598e-05  1.20028e-60
 1.65953e-26  1.18468e-10
 1.04406e-44  2.18766e-09
 3.04002e-22   0.00801923
    0.309475  9.62254e-48
 5.14151e-52  0.000540789
  1.9646e-06  3.21307e-52
 1.20675e-05  2.27333e-43
 7.93972e-07   1.8905e-48
 4.46242e-57   0.00591586
    0.690396  3.55713e-48
 1.14038e-58  1.07703e-26
 3.31068e-48   0.00256074
 1.26314e-44   3.9464e-11
 1.55987e-08   3.2425e-45
 1.51208e-27  4.19942e-16
 1.45355e-47    0.0232884
 5.93257e-45  5.96003e-10
  1.4519e-18   0.00407618
 1.89797e-50    4.088e-15
 7.23825e-41     0.204219
 9.02063e-09  6.29158e-44
 4.21304e-71  2.37105e-13
 3.06649e-09  6.39571e-51
  7.6844e-06  1.23793e-47
 3.44702e-06  2.24719e-47
 8.83741e-10  4.84787e-51
 1.20863e-10   1.7532e-45
 6.08793e-11  4.73639e-44
  1.0108e-13  9.45108e-38
 1.19332e-10  7.02508e-48
 1.50234e-27  0.000534568
 3.94415e-44  1.09325e-10
 4.20076e-42  3.47352e-17
  7.2752e-22  2.38579e-06
 2.13812e-13  2.19568e-39
 5.65414e-68    0.0865509
 5.04334e-11  1.32324e-46
  4.1091e-14  1.74077e-37
 5.30084e-71  2.44619e-20
 6.36035e-14  4.09834e-53
 6.01138e-17  2.83389e-34
 6.66315e-24  1.27676e-41
 9.07939e-13  7.22313e-44
 2.70054e-23  1.08797e-06
 3.72631e-37  1.02678e-11
 1.01811e-23    1.956e-41
 1.89547e-36      0.17263
 3.58965e-16  1.27413e-36
 3.05506e-39   7.9119e-12
 7.18658e-26   1.5923e-43
 2.41712e-17   6.1541e-34
 1.93258e-47  1.69408e-05
 3.58685e-16  6.74558e-36
 1.23789e-14  1.03807e-40
 4.51138e-14  4.69597e-39
 2.66912e-20  8.09671e-05
 1.11421e-13   6.6403e-39
 2.85017e-42  5.02853e-06
 8.58373e-15  9.24798e-43
 1.56305e-52  0.000945645
 7.90966e-19  2.21622e-32
 5.69688e-13  1.26094e-39
 4.82955e-32  1.22035e-11
 7.12371e-15  2.05399e-43
 1.81668e-23  2.81477e-13
 1.33647e-41  1.38894e-06
 7.63414e-29  4.36985e-06
 1.41957e-11  2.88347e-42
  1.6417e-35  2.21603e-10
 4.01107e-35  7.58292e-14
 2.75168e-11  2.46285e-42
 2.83191e-47  7.24476e-16
 2.67716e-11  7.13127e-42
 1.36704e-45  0.000167797
 1.13108e-45    0.0251951
  4.7124e-11  1.13442e-42
 3.28582e-20  4.29381e-31
 2.54967e-21  3.36384e-06
 5.90004e-69  1.72894e-18
 8.15494e-10  2.42646e-42
 4.83857e-10  1.56877e-43
 1.76399e-31   1.0443e-20
  1.7779e-38    0.0124571
 1.54606e-09  2.93891e-42
 4.40554e-09  2.18064e-41
 1.36481e-08  3.68073e-33
 1.96067e-23  8.71753e-28
   2.936e-08  9.37774e-33
 1.27549e-39    2.978e-05
 6.06066e-24  1.87839e-27
 1.69861e-07  2.09045e-39
 4.71826e-57   0.00209431
 7.04982e-45   0.00224006
  4.2581e-28  9.67736e-24
 7.42548e-06  2.57765e-35
 3.90565e-26  2.79268e-05
 8.10791e-14  5.41935e-21
 2.99611e-34    2.839e-12
 1.73768e-27  4.26115e-24
 5.65541e-61  1.80582e-05
 2.20809e-65  0.000536318
 7.40351e-06  1.10325e-37
 3.03939e-06  2.83842e-38
 2.49372e-72  3.81995e-18
 2.15456e-05     0.567556
  3.5593e-08  3.86319e-41
 2.23293e-08  3.81026e-42
 9.53538e-08  2.49483e-40
 1.31953e-36  2.42718e-08
  3.8089e-41  2.43465e-14
 2.86011e-27     0.615194
  1.0014e-42  1.41887e-07
  3.7856e-63   9.2001e-07
    0.626466  2.32588e-33
    0.219319    7.484e-34
   0.0521238  4.19982e-32
   0.0744918  1.62825e-34
   0.0201664  1.25542e-31
 3.45471e-40  1.05088e-08
 3.09219e-55   0.00114452
 1.48143e-62  3.63475e-08
    0.686581  4.57537e-55
 4.00337e-79  2.76234e-15
 9.76055e-43   2.3323e-10
 9.79845e-70  1.23406e-15
 1.70863e-24    0.0662341
  0.00236375  1.03121e-30
    0.304414  8.47491e-55
 6.35357e-38   0.00865029
 1.14366e-44    0.0168739
 2.06598e-13   1.4279e-20
    0.689263  5.49862e-47
  0.00752442  3.36653e-53
 6.28708e-29  3.28649e-07
 8.45335e-42  3.12389e-12
 3.04084e-23     0.630102
 8.25871e-42  4.98431e-13
 2.12948e-48   0.00320669
 1.33258e-44  8.65109e-06
    0.308216  3.88688e-46
 9.73728e-05     0.703117
   0.0129123  4.16992e-44
 2.97444e-45  2.25732e-06
  0.00208241  2.95607e-50
 5.03493e-54     0.560076
 4.75749e-05  4.91791e-51
 3.19915e-33   0.00407616
 0.000741292  9.41971e-49
 4.33944e-45  5.27472e-09
 1.46179e-12  1.61446e-43
 0.000139596  2.00102e-47
 3.64422e-07  1.06738e-39
 9.25374e-54  3.97244e-05
  6.5854e-71  7.02336e-15
 5.58873e-64   0.00762447
 3.53033e-09  8.37262e-47
 1.57929e-09  1.86057e-46
 1.63445e-07  1.43986e-39
 1.79915e-06   7.6658e-50
  7.0146e-11   1.1803e-35
 1.24713e-27  8.86455e-19
 2.31597e-49  2.36285e-09
 1.56061e-10  4.61018e-36
9.41257e-166 2.64948e-111
 7.07301e-19  1.09675e-27
 1.01098e-26    0.0302476
 9.94551e-17     0.282952
 1.62826e-11  2.39348e-54
  1.2803e-08   9.3996e-51
 7.09588e-46     0.165674
  9.2258e-09  1.20296e-51
 3.62503e-10  4.33055e-54
 2.82668e-13  1.43102e-44
 6.05386e-13  2.25351e-45
 5.11609e-13  1.88267e-45
 2.46962e-12  4.64161e-46
 1.11957e-22  3.69438e-07
 3.09292e-26  4.34708e-09
 1.06178e-35   5.9267e-08
 3.97578e-55  1.54198e-09
 1.64532e-12  4.53149e-58
   1.647e-13  4.74345e-59
 2.06193e-38  1.95965e-16
 1.32254e-12  1.95408e-59
  6.1652e-28  0.000408626
 4.34673e-48    5.108e-13
 8.91414e-33  2.66972e-12
 3.18473e-61     0.551665
  2.6431e-12  7.38377e-60
  6.7993e-09  3.41695e-50
1.50372e-105  6.46589e-42
  2.3416e-08   7.3867e-52
 6.85558e-36  6.07313e-07
 6.27179e-08  1.12256e-54
 1.27951e-52    0.0139525
 6.84864e-10  1.39272e-62
   2.297e-10  1.56735e-44
 7.36522e-10  8.71468e-44
 3.89767e-42  1.67245e-09
 4.35058e-18  1.43486e-36
 5.19525e-06  4.44953e-44
 6.42613e-08   0.00169379
 5.54027e-26  5.07203e-08
 1.87137e-09  5.60632e-40
   0.0461973   2.1323e-51
 3.03068e-08  5.77908e-41
 2.82715e-56  2.30271e-05
 7.55687e-49  7.25655e-06
 1.01692e-33  4.13832e-17
 7.27071e-08  6.88619e-38
    0.685027  3.00421e-53
 1.57172e-20  0.000376517
 1.66589e-32  1.83379e-16
 1.11682e-27  6.65061e-10
 1.14903e-58     0.268343
    0.299795  5.00641e-53
 3.48455e-26    0.0932658
 6.21826e-33   1.7482e-10
 2.74218e-51     0.262267
 2.45957e-06  2.53173e-35
   0.0309473  4.33306e-53
 7.60526e-36     0.690106
    0.309548  1.03905e-38
 7.10892e-06  1.11223e-51
 3.16024e-20  2.31759e-05
 8.48474e-06  2.37269e-34
 6.67878e-53   0.00606628
    0.690452  2.87518e-38
 2.12809e-06   2.1863e-35
 1.16305e-46  4.91467e-06
  0.00134753  5.17417e-32
 1.62609e-68   0.00077245
 1.75951e-09  6.81069e-42
   2.246e-06  1.48888e-50
 3.66173e-09  1.62314e-41
 1.00293e-07  1.16242e-37
 3.38526e-23  0.000460543
 1.65509e-47     0.309497
  0.00424988  2.30467e-31
     0.30921  9.55894e-31
 5.11343e-70  2.51264e-10
  0.00012019  5.03155e-37
    0.690183  2.18618e-30
 0.000367701  6.45981e-33
 2.64068e-48   0.00155118
 1.05238e-07  1.89719e-33
 2.89767e-58  2.56082e-05
  0.00114757  2.22985e-31
 5.68501e-05  9.31137e-27
 3.31358e-49    0.0202736
  9.1603e-05  2.02543e-26
 2.13263e-34   0.00189027
 2.34008e-27     0.178886
 2.34703e-07  4.82911e-33
  0.00867629  2.21398e-29
    0.690488  3.96745e-35
  7.7561e-36     0.635643
    0.309629  2.57286e-36
 5.31459e-17  1.06254e-13
    0.132552  1.12513e-27
 0.000424335  2.62963e-37
 1.18659e-39  3.63679e-08
 1.04751e-45     0.118645
     0.26888  4.69003e-27
    0.677857  6.45263e-27
 6.90223e-52   5.2626e-08
 8.26805e-10  9.38149e-18
 2.70873e-44  6.03724e-16
 5.95815e-50   3.3621e-10
 1.11138e-71  8.41943e-11
     0.55171  6.90776e-32
 1.77109e-68  6.18952e-13
 3.87647e-58  0.000290183
 2.57965e-06  2.72334e-21
 5.64463e-49  2.45274e-06
 4.24699e-55   0.00107212
 1.42271e-05   4.8211e-22
 4.25402e-05  1.56049e-22
 3.06721e-10  2.58477e-17
 1.78818e-07  7.41479e-23
  4.6857e-35  1.20766e-05
 3.15269e-57  6.51893e-14
 7.86861e-08   3.3671e-23
   0.0016445  7.67994e-31
 5.19103e-43  3.02695e-19
 9.73116e-50  4.52281e-05
 2.16383e-08  7.55449e-24
  0.00372966  2.89762e-30
 1.01582e-44     0.575292
 1.46475e-41     0.124484
 5.27877e-48   1.3432e-05
 9.39146e-62  1.51665e-07
 3.03046e-05  3.51417e-28
 1.48365e-09   4.0525e-25
    0.306972  7.43068e-33
 5.33598e-25  2.14258e-05
 3.05031e-46  2.69717e-08
    0.688518  7.22322e-35
 3.59699e-55  1.48616e-05
 1.58005e-08  6.02747e-29
 3.46471e-06  3.74482e-29
 2.08164e-08   3.3461e-30
 1.58137e-08  6.55456e-31
 1.20225e-29  6.06554e-13
 9.41061e-20   6.8631e-05
 1.07086e-11   2.8587e-29
 2.94074e-45  1.56784e-06
 2.97834e-13  2.35951e-33
 8.32887e-13  4.21626e-31
 1.18219e-43  1.16214e-16
  1.7597e-09  4.59266e-33
 7.74323e-10  8.00195e-36
 4.30895e-46     0.636228
 2.07931e-65     0.659699
  9.3813e-10  5.21009e-34
 6.98491e-14  5.89467e-33
 2.81737e-14   7.0718e-39
 6.17295e-50  3.26262e-06
   3.155e-14  4.15571e-35
  6.0408e-14  9.26895e-39
 8.80358e-05  4.56045e-43
  0.00170223  3.05965e-42
 1.42217e-05   1.4132e-45
 7.98445e-06  5.71438e-46
 1.25636e-10  1.79715e-35
   0.0336634   4.4733e-42
 3.87376e-19  5.10338e-55
 1.24488e-34     0.580927
 6.44583e-23  4.32395e-11
   0.0785058  1.10841e-41
    0.560643  6.21572e-41
 4.74676e-10  7.54001e-35
 5.21505e-30    0.0117694
 9.68068e-26  2.80238e-11
 6.31871e-58   0.00040975
 1.67754e-07  4.19441e-37
 3.00788e-07  7.53622e-37
 2.48226e-07  1.55065e-36
 6.04909e-30  8.30847e-06
 0.000212649     0.340013
 7.41176e-09  1.13231e-33
  1.6694e-08  2.63394e-33
 6.57334e-17  2.55264e-14
  1.1983e-37  1.29056e-13
 1.27786e-38  0.000216298
 2.43011e-28  6.05665e-05
 3.08555e-34  1.94244e-11
 2.67716e-34  2.65429e-13
 6.80402e-06  4.62018e-35
 1.46513e-41     0.622044
 2.93222e-06  1.93112e-35
    0.309532  5.28665e-30
 1.24065e-34   0.00151419
 2.13409e-15  1.33649e-44
     0.69044  3.48064e-30
 8.95182e-54   0.00472403
  8.4357e-24  0.000286794
 4.59977e-65  2.47429e-19
 8.58775e-49  2.26747e-13
 3.69414e-35   7.4589e-18
 3.51981e-45     0.664481
  8.0075e-26  1.91142e-56
 0.000256287  8.39836e-27
 8.66961e-05  2.75509e-26
 3.55111e-48     0.690442
 6.61282e-12  1.17162e-41
 1.85333e-45  7.12963e-06
 2.35334e-41  1.24207e-06
 1.82948e-46  3.71089e-05
    0.689027     0.308033
 9.88214e-12  5.35393e-42
  2.7426e-30  1.95564e-24
 9.25736e-23  2.85176e-53
  2.8221e-05  7.72748e-26
 1.54021e-20  6.75578e-51
    0.555817  6.73009e-38
 3.42018e-42   5.3177e-07
   0.0482579  1.32831e-38
 2.45362e-72  1.61179e-15
 6.91205e-21  2.92483e-51
 7.50191e-35  6.35859e-18
 1.20338e-28   0.00800436
  0.00501965  7.51666e-38
  4.4402e-53  4.76943e-09
  0.00277465  1.59105e-37
 2.37413e-15  4.21864e-15
 1.93253e-43   0.00161657
 9.84331e-28  1.32842e-11
 1.47378e-12  1.34081e-18
 3.05201e-46    0.0341414
 6.71551e-13  6.02037e-19
 5.31478e-13  3.06859e-47
 3.77557e-08  1.07419e-32
 8.69466e-15  4.75226e-49
 1.50108e-14   7.4179e-49
 1.19005e-87  9.75932e-31
 7.86547e-62    0.0877813
  1.3404e-94  7.78038e-29
 1.24422e-15  4.01622e-25
 2.49622e-12  1.86234e-22
 8.99762e-22    0.0125755
 5.56765e-16  1.78706e-25
 1.36873e-10  2.42128e-42
 8.13419e-17  2.45312e-27
 1.22034e-50  0.000108128
 4.44113e-33    0.0195942
 5.84348e-26  2.19513e-06
 3.74398e-17  1.44011e-27
 5.54244e-12  8.35405e-23
 1.28848e-09  1.60437e-42
  0.00238285   8.6535e-56
 1.40303e-21  1.29914e-20
 1.98766e-11  3.02318e-44
 7.94216e-27   0.00191299
  2.9566e-09  7.87548e-42
 6.26597e-07  1.48523e-39
 1.09311e-39  3.17801e-13
  0.00531544  1.53528e-56
 1.39857e-06  4.66511e-39
 5.24883e-48  0.000677242
 6.95107e-62    0.0887856
 9.47279e-42  2.98073e-11
 3.02767e-54  2.11065e-09
 3.65022e-12  1.44983e-45
 4.61762e-55  9.65478e-14
 3.45513e-30  2.63369e-21
  3.4445e-50  8.40461e-15
  2.8392e-46   2.9408e-12
 9.68526e-06  3.81784e-29
 1.05767e-50  0.000334316
 2.09429e-22  8.21693e-17
 4.40278e-29  1.82633e-07
 1.45461e-27     0.106476
   0.0032612  1.31438e-31
 3.12533e-50    5.945e-06
  0.00899828  4.66564e-32
 0.000180907  5.74378e-37
 8.93815e-50  4.77084e-07
    0.551706  1.58173e-58
    0.307934  1.36379e-33
 1.83664e-27  4.29194e-07
 6.03433e-46  7.51405e-05
 4.73199e-16   9.3677e-15
 1.38592e-41  1.68909e-09
 6.07399e-12  2.26709e-19
 9.43399e-46  7.36598e-08
    0.689185  6.15431e-34
 3.20946e-11  1.82788e-44
 1.78769e-59  1.71086e-05
 4.50173e-07   3.7996e-40
 5.42999e-40   7.1896e-13
 3.41029e-29  3.77578e-17
 2.46835e-05  2.28548e-38
 1.66152e-62  6.28984e-22
 1.12629e-05  8.83135e-39
  1.8474e-33    0.0748778
 6.25685e-05  6.18188e-38
    0.551665  7.43792e-38
 2.10013e-10  1.45384e-60
 2.20118e-15  6.84807e-51
 2.44739e-08  1.74257e-41
 4.52492e-67  1.18063e-24
 3.22565e-45  5.57824e-06
  4.9222e-15  3.74844e-49
 5.81899e-58  5.17162e-08
 9.23031e-08  2.07419e-31
 1.44235e-15  1.57127e-53
 4.35129e-16   0.00641597
 4.39092e-12  1.58425e-45
 8.27949e-09   3.7467e-42
  1.5334e-10  1.91655e-48
 4.89913e-42   0.00189843
 2.98822e-10   2.8656e-47
 4.33786e-22  6.05786e-07
 2.37891e-45    0.0011473
  2.6402e-29  1.21505e-05
  3.1834e-12  7.48049e-46
 9.57591e-48     0.309536
   6.418e-10  2.14946e-48
 2.24402e-45  6.96888e-12
 7.02926e-70  1.59317e-07
  9.5622e-29  2.33961e-08
 2.65917e-12  5.42068e-46
 6.36544e-09  2.49659e-49
 1.03975e-45  1.68906e-05
 1.62116e-53    0.0131663
 1.22063e-28  1.43196e-64
   7.388e-28  2.89125e-62
 3.21138e-70  0.000250268
 1.65724e-13  7.85089e-48
 3.05506e-28  4.41215e-64
 9.76005e-24  5.17552e-07
 3.14486e-28   3.7343e-13
   0.0497388  4.96725e-57
   0.0928014   2.9953e-53
    0.104876  4.88615e-57
 9.10418e-56  0.000355939
 0.000726263  6.26817e-50
 1.24558e-60  9.54934e-08
     0.58122  1.15192e-55
 2.09384e-27  3.51115e-07
 0.000324434  1.37098e-47
 6.16835e-19  6.12472e-60
 1.13595e-54      0.23081
 9.21331e-54  6.75521e-06
 5.52758e-13   2.0854e-45
  2.0597e-12  2.76524e-42
 5.57119e-16  3.33699e-53
 2.30412e-22  2.21495e-14
 5.44392e-41  2.26764e-06
 2.30644e-78     0.690452
 6.48746e-39  4.07341e-08
 6.28857e-42  6.31939e-12
 3.88563e-15  7.57921e-51
  3.6697e-34   0.00278711
 1.62327e-15  2.13344e-53
 4.22458e-11  1.03457e-39
 2.26307e-26  5.67568e-11
 5.34192e-27    0.0672034
 9.08215e-37   2.2297e-14
 8.08796e-13  1.88296e-38
 4.52114e-13  3.64887e-05
   7.019e-08  1.01041e-82
 2.16297e-12  1.28991e-37
 3.31575e-08  1.00148e-79
 1.77391e-13  8.48953e-05
 1.86871e-17  1.48761e-42
 3.93414e-12  6.87066e-37
 8.39516e-18  2.64898e-43
 1.28929e-33    0.0852209
  5.1978e-62    0.0725215
    0.551665  6.91728e-91
 2.10711e-21  6.25467e-05
 5.58174e-15    1.129e-21
 1.55699e-43  2.40962e-09
 7.34823e-57  2.65697e-11
 1.61819e-16  8.80575e-10
 2.89912e-29  4.14185e-07
 1.50911e-52    0.0107915
 1.70147e-05  4.66431e-30
  3.8889e-45  9.48522e-09
  0.00745843  2.18022e-27
   0.0131193  3.94764e-27
 3.15846e-49  2.24108e-10
 1.30909e-49  3.95714e-17
  0.00087094  6.69852e-27
 6.42045e-26  7.72388e-11
 2.50012e-37  1.37083e-08
   0.0255476   9.6894e-27
 2.99402e-42  8.21192e-11
 1.45669e-34     0.163028
 2.01184e-06  2.82409e-30
 5.54237e-56     0.552593
    0.553154  1.96194e-25
  0.00185694  2.34148e-26
 6.67143e-34  1.09342e-11
 3.64903e-43  7.61851e-10
 1.60485e-67  2.76359e-12
 9.80907e-08  6.40171e-29
  8.3435e-07  1.02749e-30
 3.87766e-24  6.41826e-10
 1.55281e-37  1.45092e-12
 2.67651e-40  0.000112155
 1.02792e-45  4.73618e-08
 3.77784e-46   0.00662797
  4.3584e-31  1.95055e-05
 7.03333e-42  1.99982e-05
   0.0087329    1.417e-26
 3.48574e-40  2.91979e-10
  0.00604684  2.18039e-23
 1.29942e-57  2.61434e-10
 1.12717e-35  5.23443e-11
  0.00284935  2.02889e-23
 3.89024e-20  8.27111e-66
 0.000669192  1.74752e-22
 1.51729e-09  1.20382e-33
 1.49504e-10  2.55425e-35
 6.08737e-10  3.09126e-34
 5.68602e-34    0.0687207
 3.64174e-59  9.60611e-08
 5.41919e-14  2.27282e-40
 1.27207e-12  8.98751e-14
 2.20137e-06  6.43929e-20
 8.14569e-37   4.5633e-12
 4.04004e-52     0.188181
 9.79327e-46  5.62448e-06
 2.24051e-14  3.47537e-43
 1.04673e-35   7.2641e-15
 4.34579e-14  1.65292e-30
 1.91635e-14  7.60617e-31
  2.5546e-08  1.06449e-24
 6.93352e-21  1.25446e-39
 2.53903e-48  2.72285e-07
 7.80147e-31  3.39591e-06
  1.6256e-08  2.17875e-24
 1.46805e-60  3.74909e-13
 7.76139e-16  2.53349e-32
 2.77123e-10  9.07374e-29
 3.00439e-21  4.45496e-40
 3.89498e-17  1.22484e-33
 4.92493e-06  4.90484e-27
 1.60699e-17  3.19779e-34
 9.53234e-50     0.551695
  2.9334e-18  5.05976e-35
 2.51919e-05  1.86815e-28
  1.8047e-07  4.15189e-31
 1.14905e-39     0.672864
 1.10966e-07  1.62333e-31
  0.00979834  3.03429e-30
 1.04275e-20  8.07538e-38
   0.0119449  1.18372e-30
 6.18517e-40  3.88351e-11
    0.562968  4.50774e-32
 1.38607e-47  1.74873e-14
 4.15098e-24  1.37265e-06
 4.85479e-57  0.000795395
 7.08545e-24  5.26359e-43
 7.61857e-09  9.32214e-37
 3.96197e-52   1.3587e-06
 7.18379e-24  4.54707e-43
 2.45879e-39  4.00513e-17
 7.55278e-34  1.71636e-58
 1.55318e-49  3.92515e-10
 1.32676e-66  4.29031e-06
 3.94894e-31  0.000140496
   0.0789264  5.74452e-33
 2.57925e-10  1.53724e-38
 2.15056e-10  3.34053e-39
 2.05689e-50  1.83064e-06
  4.3822e-60     0.551667
 7.85215e-30     0.034181
  1.5645e-10  3.73911e-39
 1.84893e-21  5.52496e-06
 2.07027e-34  7.22136e-14
 1.72642e-14   0.00170268
 8.84766e-14  5.23235e-45
 1.27144e-76  6.29883e-15
 1.77357e-52  0.000549819
 7.48457e-58  0.000353835
 9.17568e-57   0.00891799
 2.59441e-16  3.95257e-10
 8.25244e-29  0.000318394
 1.73644e-29  8.35562e-66
 1.42227e-41  7.24786e-12
 3.95239e-29  1.25656e-68
 6.23722e-43  1.33653e-11
 2.13481e-43  1.49199e-11
 2.00304e-12  4.07422e-47
 5.01653e-41  0.000266856
5.29819e-106  2.90161e-42
 7.63221e-32  0.000594942
 7.86026e-84     0.999941
 9.30992e-13  1.47003e-49
    0.309481  5.44834e-49
    0.690402  2.02964e-49
 3.40412e-36     0.552648
  5.7811e-06  4.82195e-55
 1.23144e-05  8.65253e-55
 3.76213e-05  3.81191e-54
 2.50717e-16  1.71117e-34
 1.12345e-16  3.82487e-34
 2.18931e-11  1.31435e-60
  8.8753e-12  4.30973e-61
 6.91682e-36   0.00172887
 2.65565e-12  1.39343e-61
 7.50705e-41    0.0405936
 1.43972e-12  5.74542e-62
 4.26157e-17  2.31501e-62
 2.98322e-14   9.2216e-64
 2.06666e-69  2.26232e-15
 8.89377e-34  1.14961e-09
 1.72249e-39  1.04662e-09
 9.35046e-51   1.3791e-06
 2.08581e-17  1.01996e-62
 3.09634e-42   1.7791e-88
 5.54166e-16  7.98519e-66
 2.51403e-16  2.11643e-66
 4.27505e-43  0.000713993
 5.86391e-22  4.38324e-39
 2.99822e-26    0.0373168
 7.95221e-42  1.61162e-87
 1.26645e-21  9.31112e-39
 5.23001e-46  1.39284e-05
 3.97621e-46     0.689935
 5.03065e-26  2.71967e-10
  2.4032e-69  5.50075e-19
 8.97145e-54     0.152104
  7.0083e-21  3.07681e-63
 5.39577e-32  4.79131e-15
 8.34934e-42  2.04571e-09
  7.9507e-40      0.28461
 3.14017e-21  8.61532e-62
 2.20312e-40  1.85781e-83
 1.63621e-25  8.20917e-56
 2.77913e-20  3.68792e-45
 1.28668e-20  9.35521e-46
 7.01693e-26  8.95443e-58
 4.69218e-14  1.05624e-38
 2.51046e-42  1.02308e-11
 1.87343e-26  1.60665e-22
 1.51835e-45  5.18712e-06
 1.20213e-33  1.05104e-67
 6.31031e-34  1.78368e-68
 4.56246e-35  1.04905e-71
 3.30279e-36  1.72019e-73
 2.19825e-18   0.00632138
  2.1027e-10  2.49063e-41
 4.21007e-36  1.60014e-73
 4.97459e-57   0.00236601
 2.54348e-67   0.00171967
 4.77855e-10  9.99169e-42
 1.16803e-46   1.2252e-12
 2.20515e-11  6.45178e-40
 7.94846e-46     0.308859
 3.10986e-31   5.5246e-77
 9.72772e-18     0.212177
 0.000101913  9.40089e-48
 5.91923e-12  3.48156e-39
 0.000230741  2.75143e-49
 1.87032e-37  8.54299e-11
 6.91853e-31  2.33523e-76
 2.56266e-16  1.77549e-61
 1.08952e-08  4.15627e-45
 2.03187e-32  1.50003e-08
 1.97838e-20  5.66081e-05
 2.02746e-30  2.82784e-13
 1.20777e-56  0.000275314
 8.80753e-42   4.2265e-05
 1.86808e-16  6.09717e-62
 2.71333e-32  2.32772e-20
 9.22135e-51   3.9759e-09
 9.08486e-24  8.35029e-26
 2.74224e-47  0.000211018
    0.018039   2.1365e-51
 2.60931e-42  2.33269e-16
  5.0275e-12  7.57304e-42
 4.49507e-09  1.06783e-44
 1.32127e-27  6.19951e-05
 1.36228e-40  4.74099e-06
    9.59e-10  4.22386e-44
 5.36921e-48      0.68362
    0.554928  5.68906e-53
 7.60319e-28    1.494e-12
  0.00328965  1.99053e-55
 7.68843e-27  4.69379e-24
 9.98636e-38   2.8357e-10
   0.0100296  1.04235e-54
   0.0412616  4.51191e-54
 2.59655e-25  2.50306e-09
 6.91804e-45  2.51196e-18
   0.0176319  1.10607e-54
  0.00289967  1.90671e-55
 2.26599e-05  3.65197e-55
 2.45774e-14  0.000968978
 2.28702e-34  1.56489e-07
 0.000979817  5.25741e-56
 1.28632e-26  9.21573e-10
  7.6645e-18  4.05361e-20
 5.03492e-06  2.78492e-20
 1.86699e-35     0.309084
 1.10358e-28  0.000349457
 8.43206e-05  7.47385e-54
  0.00342991  5.65257e-56
 0.000187214  1.67736e-53
  0.00455742  1.03221e-54
 3.19344e-36    0.0593332
 5.64572e-18  1.16994e-36
 3.25697e-52  1.75069e-08
    0.202621  2.31436e-53
    0.618073  9.36689e-54
  1.2961e-10  1.27747e-59
  1.3223e-17  5.08443e-37
  0.00220311  3.03331e-51
 2.02635e-25  6.86056e-16
  0.00167964  1.43667e-51
 3.36313e-08  2.95886e-56
 3.12954e-15  1.73252e-39
 1.02122e-67  6.17776e-08
 1.96194e-25     0.689522
 1.53527e-55    0.0335371
 7.46663e-08  5.89963e-56
 1.34153e-48  1.35713e-06
 9.99601e-57  2.21481e-11
  3.4141e-30     0.561846
 2.00574e-41  1.81634e-12
 1.02575e-38  2.45714e-07
 1.79199e-11  3.48839e-43
 5.88982e-43  6.61074e-09
 6.43792e-12  9.67925e-43
 3.41402e-27  6.95586e-16
  8.6814e-13  1.67732e-44
 4.02731e-13  7.99478e-45
  1.2403e-30  7.88614e-21
 1.16807e-21  1.12976e-48
 4.67631e-19  3.56458e-46
 3.88089e-40  4.37799e-08
 4.49994e-17  4.26453e-48
 2.93123e-14  1.41112e-48
 9.88065e-17  2.73313e-48
 1.00367e-12  5.29012e-50
 9.86278e-13   1.6439e-50
 3.48293e-53  6.77256e-06
 3.63525e-52     0.551718
 1.53629e-63   0.00322241
 3.88259e-37  6.09303e-13
 2.87628e-43  5.03752e-16
 8.91673e-08   0.00234786
 8.27481e-36  2.79222e-18
 9.09441e-12  4.87888e-51
 2.60932e-11   1.6185e-51
 1.61585e-45  2.70868e-16
 7.53534e-16  9.02655e-52
 2.99816e-64     0.272949
 2.90612e-10  9.07751e-53
 2.04616e-29  1.54793e-05
 7.03544e-10  3.86141e-53
 3.01961e-20  4.50637e-48
 4.28308e-46  1.05673e-07
 7.35658e-68  1.60731e-06
 5.08766e-09  2.00954e-51
 5.15732e-35     0.205549
 7.68533e-43  5.04082e-15
 8.20462e-19  3.83509e-47
 3.76378e-57  3.47189e-06
 4.35044e-24  1.33731e-08
 1.11016e-25  9.29098e-17
 3.34449e-49  4.54127e-20
 3.68324e-43  8.78815e-10
 1.08153e-48   0.00550202
 4.61337e-33     0.164378
 1.83558e-18  3.17198e-47
 9.43307e-37   6.4354e-15
 7.63472e-26    6.498e-10
 2.22834e-43  1.21279e-07
 1.25376e-58  6.90921e-05
  1.0929e-49  2.15205e-09
 3.68802e-06  3.98219e-47
 3.08145e-45  6.68832e-17
 1.26749e-57  1.73358e-05
    0.242389    1.322e-56
 3.12386e-22   1.5039e-43
    0.656019  4.18341e-54
 1.09387e-05  6.79183e-46
     1.01065  6.95682e-51
     1.00404  8.91326e-50
 7.46298e-73  1.91753e-10
 4.19701e-35    0.0390105
 7.12343e-07  2.09363e-58
 1.01993e-40  4.96444e-07
 8.71407e-65  1.11996e-19
 3.71535e-05  2.14625e-45
 1.21738e-06  1.25692e-56
 8.53049e-11  1.67162e-39
 1.71738e-20   6.8371e-21
 2.76153e-14  0.000645859
 2.09439e-11   9.4819e-39
 1.83506e-11  2.66368e-38
 4.38853e-10  4.93366e-40
 4.48368e-14  1.75369e-28
 1.08365e-09  2.45595e-40
 1.05853e-13  4.35854e-28
 6.00081e-15  1.94672e-26
 9.82208e-53  1.20769e-08
 1.60252e-57  1.29636e-05
 4.56177e-27  0.000136671
 7.78123e-08  3.88689e-33
 1.34416e-08  2.31801e-41
 5.92077e-13  2.01538e-28
 4.76163e-15  1.89212e-53
 1.02781e-71  1.10225e-13
 1.46125e-64  0.000124645
 1.59869e-06  1.79677e-39
  1.9728e-35     0.128908
 5.94867e-23   0.00194587
 4.66797e-51  7.75676e-08
 4.35904e-40  4.13395e-11
 1.98941e-06  3.85181e-39
  9.8732e-21  7.21813e-06
 6.93822e-36     0.237977
 1.30921e-05  4.72575e-40
 1.32212e-25  1.71858e-08
  0.00255622  2.70231e-40
  2.9451e-26  1.31654e-06
 2.15845e-45   9.8123e-10
 1.61035e-06  7.21706e-35
 1.23579e-31    0.0024482
 1.15049e-06  6.39375e-44
 2.18338e-35  8.96671e-16
  0.00600078  9.05949e-40
 2.59315e-33  3.30336e-12
 5.18215e-10  2.27498e-38
 0.000136461    8.388e-37
  0.00193977  5.73191e-38
 4.36978e-71  7.12358e-08
    0.552111  1.91977e-40
 4.55729e-06  2.51295e-38
 1.72929e-73  3.94473e-19
   2.107e-06   1.1398e-38
  5.0224e-31    0.0838396
 1.29795e-19  0.000378365
 1.96705e-08  4.41582e-48
 2.56351e-41   2.9332e-09
 8.82052e-09  2.01075e-48
   0.0146168   4.0671e-42