 7.27956e-08  2.63752e-46
 4.20395e-34  3.65677e-17
 1.49031e-07  6.51093e-46
   0.0568606  3.30094e-41
 1.63849e-08  2.30063e-47
 1.43194e-06  2.91223e-39
   0.0397088  1.59763e-40
 2.45878e-27  1.49402e-08
   0.0797956  2.70213e-40
    0.053589  3.06367e-40
    0.708277   4.6702e-40
 9.18584e-35  2.36445e-14
  5.3903e-07  9.55632e-39
 5.59802e-40   5.1211e-11
 3.35913e-22  9.23644e-07
 4.53443e-53    0.0707005
    0.780067  2.04559e-39
    0.325593  3.32907e-39
 8.59008e-65    0.0116803
 1.85955e-07  2.54042e-38
    0.636682  6.08476e-39
 1.03472e-25  5.03522e-05
 0.000165117  1.03952e-46
 8.47256e-06  9.57998e-45
 1.97839e-24   5.9517e-09
 5.22272e-25  2.76532e-16
 4.78469e-23  0.000114863
   0.0386709  8.38008e-38
   0.0758564  8.29866e-38
  0.00233215  2.19682e-41
 1.36763e-56  4.18956e-24
 8.48712e-09  1.50371e-38
  0.00518862  5.79806e-41
  0.00158034  2.98683e-42
 5.86966e-21   1.2058e-05
 4.65876e-31  4.88577e-09
 1.28479e-36   9.4635e-10
 2.38606e-16     0.671012
   0.0154424  3.61772e-37
 7.92743e-65  2.78017e-13
 0.000713636  1.36371e-35
  0.00273114  4.96124e-42
  7.7021e-55  2.65743e-05
 2.19037e-32   0.00428661
    0.307918     0.690522
 1.83676e-50  2.33109e-09
 3.46116e-86  2.17254e-30
   0.0339811  6.35496e-40
 1.41706e-58  2.55283e-07
  1.5118e-19  5.62224e-27
  0.00780142  1.67144e-41
 3.35402e-44   3.2584e-06
 8.76029e-19  7.81239e-09
    0.102552  3.28199e-40
 0.000205546  5.42483e-35
 9.92234e-06  1.66565e-34
  4.2491e-36  1.34502e-06
 5.78977e-59     0.157804
 1.82109e-39  0.000801759
 1.00609e-28  1.75866e-17
   0.0656936  1.73486e-45
 1.71712e-71   1.4562e-19
 2.05233e-05  3.50582e-34
 1.05951e-05  5.15425e-34
 6.97715e-29  2.60003e-06
 4.87258e-48  0.000249877
 6.51667e-59      0.66867
 1.23025e-42     0.300349
 4.59639e-40     0.306656
  1.6566e-47  0.000896017
 3.66597e-45  4.05952e-09
  5.4573e-37  1.45615e-14
    0.568231  1.30232e-39
    0.616241  1.44954e-46
   0.0145977  6.50372e-48
 3.12422e-17     0.687939
 4.26859e-05  5.70308e-32
 2.12363e-33  1.97344e-08
 9.92712e-28  9.15078e-07
 1.73189e-05  9.46926e-32
 5.51465e-55  3.50209e-05
 2.20505e-31    0.0361838
 8.44369e-42    0.0237291
 3.17729e-58  3.99772e-08
 3.11978e-33  3.10326e-07
    0.195368  7.77072e-47
 0.000283868  1.95383e-31
 3.76395e-47  9.16852e-07
 7.38882e-06  2.79696e-31
 2.72834e-26  0.000189908
 7.55248e-17  2.51591e-14
   0.0819815  1.76812e-46
   0.0188203  1.48864e-47
  3.2297e-05  2.65596e-35
 9.57665e-24  2.59218e-08
 1.79087e-05  5.99781e-35
 1.27175e-07  6.79638e-35
    0.557217   9.3766e-30
  0.00440636  3.24027e-28
 4.16386e-15  1.43945e-15
 5.98048e-19  2.36642e-64
   3.141e-39  3.33359e-12
   0.0308696  1.80656e-29
 2.78675e-07  2.05702e-34
 7.67497e-28  4.47182e-08
 9.24307e-29   1.0132e-05
   0.0538344  7.99934e-29
 7.17681e-14  3.54749e-33
 5.19124e-46  6.21283e-07
 6.91978e-58  5.87778e-07
 2.00789e-34   3.8755e-09
 2.10201e-14  2.81155e-16
 9.97316e-23    0.0855388
   0.0131728  1.88274e-29
 1.63857e-50  3.02252e-10
 2.83129e-54  0.000341652
  0.00648471  5.97954e-28
 0.000349405  3.17343e-31
  0.00732212  2.35753e-28
 7.33418e-08  9.55117e-23
 3.23316e-38   1.5981e-07
 8.36312e-66  7.67579e-13
 4.91967e-55    0.0003717
  0.00295411  8.77459e-28
 3.28795e-08  2.17649e-22
     0.30955  2.78812e-40
    0.690456  7.10167e-40
 0.000257215  7.54103e-30
 1.34508e-39  7.66086e-12
   0.0214842   1.5548e-33
 4.22862e-59  6.79646e-08
    0.007357   3.6861e-33
   0.0614443  4.09513e-34
 1.07083e-57  1.03095e-08
 2.20213e-14  6.20734e-17
 1.94445e-12  2.16558e-27
 8.31977e-13  6.66723e-27
 1.56636e-12  1.92958e-27
 8.99441e-08  5.12506e-30
 2.34311e-54     0.591855
    0.179094  1.12204e-35
    0.609606  3.34589e-35
 1.87587e-23  8.59619e-11
 4.03204e-08   1.0904e-29
 1.49479e-56   2.4806e-26
 7.01568e-27  0.000139832
 5.73536e-65  3.06005e-16
 1.69721e-05  9.81919e-37
 2.82353e-25    0.0121321
 1.33755e-55    0.0297354
 1.89057e-26  1.97175e-09
 7.17945e-17     0.221828
 2.68126e-19  8.50991e-65
 3.27263e-06  4.81368e-36
 4.99681e-34  6.19062e-13
 2.66282e-06  3.23173e-36
 2.94221e-27  3.97774e-12
 7.79295e-06  6.93239e-37
 1.03917e-08  8.01364e-23
  0.00228064  1.14774e-37
 5.15537e-09  3.29324e-22
 2.30144e-30  1.50718e-13
   0.0114339  5.07563e-37
 4.30954e-28  5.93678e-22
 9.34123e-44  6.49559e-12
 1.17769e-20  3.37171e-05
 8.18802e-07  2.30178e-25
 5.36233e-09   1.2498e-22
 8.51216e-31    0.0626337
 1.39824e-49  9.11899e-07
 1.01224e-28  3.11288e-05
 2.96697e-06  4.99695e-25
 1.01618e-52   7.2877e-07
 4.27847e-63  2.45554e-21
 3.32699e-05  1.08519e-37
 1.00948e-47  1.50947e-07
 1.49478e-05  2.75343e-37
  0.00013953  8.85202e-31
 4.95337e-35  4.16452e-16
 1.34473e-50     0.551709
 3.94587e-36  1.15968e-15
 7.28791e-06  2.17002e-25
 3.89965e-40  1.33503e-12
 1.03942e-20   0.00022699
 0.000429892  2.22555e-30
  0.00240472  1.30254e-29
 5.27419e-32     0.640808
 0.000171631  6.05279e-31
 7.31728e-53        0.686
  0.00109756  2.68756e-30
 9.34885e-07  7.51757e-38
   0.0284844  7.35346e-30
  2.1073e-62  2.84994e-24
 0.000602101   5.5546e-31
 2.33307e-58     0.229689
 0.000753803  4.59532e-31
    0.555978  2.35659e-30
 2.54188e-15  2.47917e-21
 2.30397e-34  5.56459e-14
   0.0117551  4.27335e-32
   0.0426211  1.76905e-31
    0.014878  5.34833e-32
 0.000502879  1.13981e-32
 5.88807e-10  5.48122e-41
 1.23196e-23   3.7753e-08
 8.05306e-10  1.34373e-40
 3.39759e-35  1.49957e-17
 2.09683e-31     0.690448
 2.15824e-40  9.25857e-11
 5.09019e-14  2.42276e-50
 7.54855e-52   0.00176151
 2.89594e-40  3.83062e-07
  2.8682e-45  1.02119e-05
 4.72405e-10  9.96306e-38
  9.4861e-07  3.42227e-35
 4.76209e-31     0.309552
 5.44729e-41   0.00397207
 2.44869e-06  1.18774e-34
 4.17315e-33  8.08156e-11
 1.14595e-51    0.0346878
 6.60946e-51  3.15598e-08
 1.20695e-07  2.90758e-29
 4.36388e-31  0.000357595
 2.47173e-57   0.00076284
 7.04053e-10  3.75378e-38
 3.45658e-06  3.19632e-34
 2.67761e-09  6.94753e-31
 1.38295e-23  0.000264918
 1.05029e-63  0.000298376
 3.05457e-58  0.000103773
 6.13873e-06  9.75154e-34
 1.32038e-05  1.60522e-32
 1.30991e-45     0.103652
 4.39185e-48    0.0552074
 1.45259e-33  0.000873025
 3.47517e-05  3.30759e-36
 2.64969e-44  1.74578e-08
 0.000158093  1.66141e-35
 1.29853e-47  1.66332e-15
 4.03153e-54  3.48872e-31
 2.00039e-05  1.33949e-36
 0.000165985  1.31477e-33
 9.44658e-26     0.301305
 1.28452e-42  7.69597e-09
 1.38905e-62  4.97427e-09
 7.65541e-30   0.00968699
 3.23643e-27  5.26895e-19
 0.000936842  2.52928e-34
 1.02648e-23  6.14401e-07
  0.00227949  1.08331e-34
 1.81581e-47  7.36036e-08
 7.23714e-29   0.00114903
  3.3428e-05  2.09034e-37
 3.82081e-31  7.32642e-06
  0.00393369  3.09179e-46
 4.59953e-06  1.73047e-51
 9.19967e-13   8.0711e-42
 8.71196e-06  4.67174e-53
 4.16731e-13  3.77312e-42
    0.554469  3.50681e-37
 3.75632e-05  5.57297e-55
   0.0609003  1.80751e-38
    0.688047  2.80889e-43
 1.24239e-10  2.14509e-28
    0.306835  5.79663e-43
 1.36538e-45  6.31377e-17
 2.72476e-70  1.73135e-14
 9.53021e-34  1.16272e-07
    0.197885  2.54925e-39
 3.28849e-13  1.96604e-42
 2.58724e-89  3.38477e-29
     0.02131  1.86052e-41
 9.89328e-14  1.93768e-45
    0.642368  9.45272e-40
 3.58944e-34  1.76453e-08
 4.12022e-79   0.00873042
 2.26552e-25  3.63777e-14
 2.61231e-36  1.79076e-14
 6.12205e-22    0.0328097
  1.3029e-53   0.00439162
 1.58853e-35  2.32301e-06
 3.75915e-24  0.000122899
   0.0110035  5.69629e-41
  0.00128597   6.5366e-42
 2.80173e-45  6.76425e-09
    0.149379  1.22301e-40
 4.27164e-41     0.100963
    0.308594  5.09972e-57
 3.95134e-42  1.26087e-10
 2.70374e-29  2.81661e-05
   0.0350651  3.10589e-41
 3.24018e-49  7.94206e-06
 1.03413e-47     0.557259
 1.34235e-28  1.82012e-06
   0.0035796  1.84166e-41
  0.00773449  6.22333e-42
  0.00882044  5.37108e-42
 5.14451e-38  3.41504e-05
 5.09315e-25   0.00771758
 2.69592e-39  8.01475e-10
 3.68052e-73  4.39852e-10
   0.0706062  3.89092e-42
  0.00371353  6.06628e-42
 5.47414e-35  1.66825e-11
 1.98298e-10   1.4674e-39
 4.67987e-39   7.2364e-05
    0.689733  1.40999e-56
  2.5289e-36  1.14516e-07
 2.77687e-35  0.000854547
 6.30366e-10  5.02916e-39
    0.639029  3.76524e-41
  6.7924e-15  1.36018e-23
 1.01748e-13  4.69922e-43
 1.48348e-13  7.57684e-43
    0.132084  3.03153e-41
 1.50028e-52  2.00461e-05
 3.59553e-52  1.22787e-07
 4.07289e-48  3.04926e-06
     0.21576  1.19694e-40
 1.55547e-48  0.000658882
 3.66109e-08  4.71821e-36
 2.28508e-06  1.13512e-35
 1.94424e-52  4.14062e-06
 4.17608e-30      0.60779
 9.23475e-35  4.47059e-07
 8.93177e-08  1.17875e-35
 6.96138e-07  3.82513e-35
 3.58053e-28  5.30982e-13
 3.80498e-10  1.18497e-37
  8.9676e-10  2.85495e-37
 1.85128e-23  3.08205e-11
 1.22962e-30   4.3728e-24
  8.1384e-36  1.74724e-09
 1.11718e-16  3.16116e-52
  3.1479e-06  1.42829e-43
 3.11516e-59  1.81784e-09
 3.21214e-28   0.00242446
 1.28434e-08  2.31717e-33
 1.78479e-06  3.94866e-43
  2.9485e-48  1.86911e-05
 5.80399e-09  5.17606e-33
 8.39125e-42  3.78471e-09
 3.92286e-16  1.24978e-33
 1.72123e-52  5.83745e-07
  3.6947e-41    0.0196617
 9.52646e-37  8.52401e-15
  1.1229e-56  7.76308e-10
 2.09206e-08   3.5528e-41
 2.31699e-07   3.0364e-42
 6.17897e-74     0.999889
 6.90297e-08  1.13899e-41
 2.13696e-11  1.17708e-30
 1.34544e-34  1.08825e-10
 4.00956e-37  4.38107e-13
 6.14118e-12  2.13313e-47
 7.13445e-13   1.2507e-29
  1.0033e-08  4.30378e-44
 2.27778e-51     0.679263
  1.2993e-10  5.12351e-46
 4.04344e-12  6.41944e-30
 2.20267e-14  3.51231e-38
 1.87523e-13   1.1589e-28
 1.36553e-14  7.35609e-38
 3.32969e-60  3.90911e-17
 9.07192e-20  2.85927e-25
 9.67441e-36    7.054e-14
 5.23212e-14  5.50721e-28
 1.56862e-13  2.86368e-29
 1.96146e-52   0.00883473
    0.013377    0.0294296
 2.10174e-57  2.62244e-14
 4.02481e-14  2.48713e-28
 2.37106e-10  2.97916e-39
 3.91396e-23  1.13087e-07
 5.92251e-19  2.58296e-23
 3.77264e-57  3.85461e-14
 5.31977e-56    1.612e-10
 7.75983e-19  3.44214e-23
 5.45814e-10  7.17088e-39
 5.12259e-29  2.26895e-06
 3.37297e-19  1.24313e-26
 1.73213e-09  2.07281e-38
 5.85442e-27     0.561089
 1.25461e-56  6.12343e-11
 1.55608e-30  5.88216e-09
 1.87776e-12  2.46562e-32
 9.74337e-49  9.77015e-08
 2.02505e-23  1.88983e-25
  2.4847e-27  0.000583286
 9.35775e-33  3.29267e-12
 4.99867e-09  6.39163e-38
 7.22077e-36   1.6226e-05
 5.12974e-62  3.62151e-10
 6.01963e-39  6.20442e-10
 4.41483e-12  1.05549e-32
 4.14477e-21  1.79843e-06
 1.82025e-24  2.79827e-14
 1.62872e-10   2.8862e-34
 2.87651e-10   7.5845e-41
 4.35759e-52  9.71282e-07
 1.06952e-58     0.675573
  2.7264e-41  1.10879e-12
 3.90456e-08  5.38929e-37
 1.88007e-37  7.91577e-17
  1.0665e-22     0.221687
  3.0904e-74  1.89055e-10
 3.69562e-10   1.2654e-34
  2.1718e-54  3.11047e-05
 1.59019e-45  3.07224e-09
 2.95752e-12  5.20413e-36
 1.15618e-07  1.24503e-37
 5.00808e-41     0.619017
 5.94174e-61  1.75561e-17
 6.54759e-12  2.65076e-36
  2.2807e-07  1.56031e-37
  1.4013e-11  4.54306e-37
 3.77591e-65   0.00173648
  1.9029e-24  5.78086e-09
  9.2387e-40   7.6404e-05
 7.97073e-10  2.23151e-40
 1.18928e-75  2.34915e-23
 5.40652e-14   0.00288257
 7.32371e-07  5.31197e-38
 1.47377e-49     0.655482
 2.89303e-11  2.02392e-37
 7.01553e-10  2.55487e-38
 1.24385e-31   3.2134e-06
 1.39503e-07  1.81354e-44
  3.8365e-13  4.54718e-47
 2.10392e-40     0.687889
 1.07338e-52  2.57016e-12
 2.13833e-13  2.41309e-47
  3.2288e-07  5.95685e-45
 0.000205191  1.75387e-40
 1.44004e-66     0.551864
 4.64137e-34  3.38326e-08
 2.92353e-12  8.94106e-06
 1.37394e-47  8.47427e-06
 0.000597107  5.25781e-41
 1.72561e-39  1.66721e-07
 1.38302e-52     0.303589
 3.56011e-43  0.000181974
 6.38599e-07  3.33712e-41
 1.55242e-33     0.613086
  1.3134e-06  1.16998e-45
 1.09839e-49  7.17468e-07
  9.0686e-14  0.000132357
 1.42704e-06  1.39798e-41
 1.98295e-08  4.02384e-44
   0.0107578  2.34405e-42
  7.1062e-05  2.28584e-43
    0.029621  5.92414e-43
   0.0011007  2.72135e-48
   0.0267622  2.18542e-43
   0.0325171  4.67072e-46
       0.583  1.66288e-44
 1.56996e-30    0.0356569
 2.08157e-05  5.10428e-44
  0.00188368  4.97228e-48
 2.50179e-35  9.12876e-12
  9.2068e-28  4.55645e-11
 4.19953e-07  8.66696e-53
 1.08293e-30  2.98466e-21
    0.129907  2.23468e-45
 0.000468027  1.01656e-49
    0.551665  1.30512e-51
    0.171465  3.29146e-48
     0.12817  2.14469e-47
 1.29958e-40     0.205984
 8.24372e-49  1.00832e-10
    0.637722  5.16111e-49
 0.000152132  2.12768e-51
    0.152795  2.82988e-49
   1.047e-57  8.81447e-08
 3.35119e-27  3.38129e-05
 2.01699e-47  7.72019e-07
 1.20392e-56  8.63524e-06
 2.21677e-64    0.0052051
  0.00176676  2.93013e-50
 2.41446e-29  1.69018e-05
 3.50562e-28  7.66887e-05
 2.56132e-67  2.39268e-19
  8.0074e-25  1.23443e-14
 1.56137e-59  1.35855e-20
  0.00112919  1.64847e-52
 5.21719e-48   0.00485315
 0.000576996  4.06534e-53
 8.53499e-38  4.44237e-13
  0.00528368  2.67284e-51
 1.21086e-52  8.36165e-13
 3.51664e-08   3.7938e-59
 1.51984e-06  8.28469e-55
 3.65417e-05  6.51391e-55
 8.02924e-21  9.33736e-07
 1.26729e-27  5.60618e-12
 5.18883e-05  3.11783e-54
  1.5479e-64    0.0569102
 1.13334e-07  4.13484e-57
 1.87547e-41  2.79033e-13
 1.64018e-05  6.15053e-56
 1.84867e-54  2.10154e-13
 7.04458e-07  2.00347e-57
 1.20012e-44  0.000796806
 3.29405e-35  4.19437e-11
 8.39136e-62     0.297169
 5.10797e-08  2.64923e-57
   2.324e-08  1.63392e-58
 9.55101e-22  2.36185e-17
 1.52775e-06  2.89048e-59
 7.48785e-22  1.01457e-05
 1.02709e-20  3.70499e-65
 2.13971e-43  1.46307e-09
  2.8322e-08  5.22535e-59
 1.89761e-07  4.60024e-60
 9.50481e-06  7.37326e-62
 8.08227e-30     0.558376
 5.59374e-42  1.95429e-11
  1.9321e-25   0.00319615
 4.07833e-21  9.05445e-65
 6.21245e-15  1.13011e-70
 1.38481e-14  1.03149e-68
 0.000417626  5.38213e-66
 1.64897e-31    0.0428425
 9.65849e-31  1.09478e-13
 1.81706e-55   0.00285732
 4.94419e-36  2.83665e-10
 4.26217e-46   5.5911e-10
 7.77663e-06  5.03455e-63
 5.52268e-35   5.5046e-06
  5.3942e-16   1.6794e-71
  0.00116713  4.18208e-68
 1.45631e-15  1.00843e-71
 1.83784e-05   4.0057e-65
  1.1457e-29  7.00476e-13
 2.16403e-39  0.000170523
 4.85621e-29  7.74188e-05
 1.82134e-41  2.04562e-12
  0.00552158  6.99946e-70
 2.41993e-24   7.1246e-09
  4.9242e-15  2.57713e-71
 2.71947e-05  1.55889e-65
  2.5592e-27  2.93633e-10
   0.0181611  5.93054e-68
  0.00102857  9.98373e-65
 0.000446417  3.65257e-64
    0.169325  6.11015e-66
   0.0907609  4.85667e-65
 5.17985e-05  4.28934e-61
    0.601256  2.12886e-65
 1.77499e-26  2.56449e-24
 4.39907e-44     0.690413
 3.36458e-51   0.00185008
  4.5664e-05  3.56319e-61
   0.0122174  2.50608e-63
   0.0133471  1.64017e-63
 1.17399e-25    0.0339492
    0.935542  1.18253e-56
 3.33509e-53  1.20541e-05
   0.0224615  2.02325e-65
 6.87998e-37  2.91052e-05
   0.0105046  1.61217e-58
   0.0080716  1.39074e-58
    0.936091  3.18977e-56
 6.80115e-65  4.50091e-17
  0.00785632  1.63776e-64
 6.92127e-07  1.51185e-53
 3.80122e-45   0.00375216
 5.25056e-56  5.54266e-24
 7.83043e-43  6.49374e-10
 0.000101814  5.51078e-58
 2.49768e-23  7.05566e-08
 3.12184e-45    0.0668332
 4.60562e-05  1.03366e-56
 1.98858e-38  8.85267e-18
 5.53601e-45  5.01103e-06
 7.56661e-67  1.94709e-23
 0.000350777  3.41051e-48
 1.22189e-39  6.62945e-10
 4.41479e-31  9.47168e-09
   0.0271901  1.03896e-54
 1.54539e-06  4.88056e-51
 1.04307e-27  0.000101095
  7.8724e-61     0.690411
 1.84135e-16  2.55215e-14
 9.82465e-07  2.12803e-53
  4.8824e-07  1.92818e-52
 3.65036e-75     0.309552
 9.03826e-21   1.9794e-67
 1.50217e-07  3.37067e-51
 0.000994128  9.99495e-48
 9.66567e-08  1.53558e-49
 1.83001e-22  1.04512e-16
    0.690444  4.93359e-52
    0.309547  1.48988e-51
 7.04267e-06  1.52833e-46
  6.5158e-05  2.82191e-48
 3.84798e-26  1.19754e-10
 2.56552e-44  2.18788e-09
 3.51125e-22   0.00801913
    0.309479  1.21111e-47
 3.39697e-51  0.000540819
 1.96441e-06  1.46516e-45
 1.20671e-05  2.51084e-43
 7.94165e-07  3.92569e-45
 3.24512e-53   0.00591631
    0.690392  5.22401e-48
 2.35639e-57   1.1082e-26
 7.32502e-48   0.00256091
 1.47772e-44  4.09613e-11
   1.559e-08  4.34124e-43
  1.5286e-27  4.30616e-16
 6.99382e-45    0.0232883
 6.92794e-45    5.986e-10
 1.51389e-18   0.00407631
 4.94317e-50  4.08827e-15
 1.76764e-40     0.204219
 9.03613e-09  7.40346e-43
 4.89836e-70  2.36784e-13
 3.06648e-09  7.05567e-43
 7.68503e-06  1.71732e-47
 3.44653e-06  2.86327e-47
 8.83756e-10  4.48262e-43
 1.20877e-10  1.97811e-41
  6.0888e-11  9.05343e-41
 1.01141e-13  1.88743e-37
 1.19337e-10  1.94126e-43
 2.16351e-27  0.000534539
 4.05915e-44   1.0889e-10
 4.32386e-42  3.46577e-17
 8.89628e-22  2.38696e-06
 2.14073e-13  2.16345e-38
 2.41384e-62     0.086552
 5.04548e-11  1.03361e-43
 4.15077e-14  3.98306e-37
  3.4389e-64  2.44574e-20
 6.36188e-14  7.76973e-47
 6.09139e-17  3.13277e-34
 7.09997e-24  2.62532e-41
 9.08181e-13  6.76612e-42
 4.36226e-23  1.08893e-06
 3.67917e-37  1.02797e-11
  1.1012e-23  4.52883e-41
 1.09254e-33      0.17263
 3.82125e-16  2.93263e-36
  3.5208e-39  8.08672e-12
 7.85938e-26  3.43017e-43
 2.56559e-17  8.03023e-34
 2.30016e-45  1.69367e-05
 3.80408e-16  8.07252e-36
 1.28116e-14  1.26355e-39
 4.64838e-14  1.17331e-38
 2.86097e-20   8.0988e-05
 1.13141e-13  1.74246e-38
 1.08846e-40  5.02801e-06
 8.85018e-15  2.71156e-40
 1.87519e-52  0.000945704
 8.41466e-19  2.20122e-32
  5.7238e-13  3.59861e-39
 5.48779e-32  1.22412e-11
 7.29982e-15  4.67431e-41
 1.83904e-23  2.81498e-13
 1.80666e-41  1.38895e-06
 1.28954e-28  4.37717e-06
 1.42337e-11  1.99864e-41
 2.54767e-33  2.22015e-10
 4.00224e-35  7.61642e-14
 2.75633e-11  2.23528e-41
 2.90397e-47  7.43315e-16
 2.68242e-11  4.53844e-41
 1.43284e-45  0.000167792
  2.2933e-45    0.0251951
 4.71761e-11  1.99396e-41
 3.89998e-20  4.61375e-31
 2.53379e-21  3.36568e-06
  2.0324e-66  1.73716e-18
 8.15633e-10  2.40124e-41
 4.84003e-10  9.07208e-42
 1.32053e-30  1.04386e-20
 9.78113e-34    0.0124571
 1.54637e-09  3.91003e-41
 4.40565e-09  1.34467e-40
 1.36505e-08  5.00802e-33
 2.57964e-23  8.64665e-28
  2.9358e-08  1.13335e-32
 1.88575e-39  2.97883e-05
 1.08162e-23  1.92162e-27
 1.69863e-07  5.96322e-39
 6.22239e-57   0.00209432
 1.54609e-43   0.00224006
 1.68822e-27  9.71055e-24
  7.4255e-06  3.51941e-35
 4.45199e-26   2.7931e-05
 8.11698e-14  5.78224e-21
 4.22188e-34  2.80312e-12
 4.08367e-27  4.24563e-24
 6.39502e-55  1.80582e-05
 4.40123e-65  0.000536346
 7.40348e-06  2.37867e-37
 3.03944e-06  8.98608e-38
  7.2032e-69  3.82617e-18
 2.15489e-05     0.567555
 3.56014e-08   7.1269e-40
 2.23374e-08  3.77964e-40
 9.53568e-08  2.36891e-39
 1.97022e-34  2.42727e-08
  1.2022e-39  2.43042e-14
 5.73895e-27     0.615194
 1.78858e-42  1.41883e-07
 1.52487e-56  9.20004e-07
    0.626465  4.30382e-33
     0.21932  1.81992e-33
   0.0521245  5.59891e-32
   0.0744912  6.05821e-34
   0.0201658  1.48936e-31
 4.62617e-40  1.05182e-08
 3.14114e-55   0.00114452
 6.60723e-59  3.63447e-08
    0.686578  1.01296e-51
 2.57465e-74  2.80583e-15
 1.84904e-42  2.33158e-10
 8.41043e-66  1.23365e-15
 1.74706e-24    0.0662348
  0.00236392  1.10366e-30
    0.304417  5.51449e-51
 1.60485e-35   0.00865033
 1.64684e-44    0.0168739
 2.06515e-13  1.47525e-20
    0.689259  4.08605e-45
  0.00752405  4.39897e-49
 6.77916e-29  3.28631e-07
 1.01526e-41  3.13375e-12
 4.33845e-23     0.630102
 8.25402e-42  4.99458e-13
 3.59331e-46   0.00320667
 1.37779e-44  8.65093e-06
    0.308219  1.15877e-44
 9.74058e-05     0.703112
   0.0129119  3.17454e-43
  1.4652e-44  2.25751e-06
  0.00208293  2.70306e-48
 5.36251e-54     0.560076
 4.75789e-05  9.01271e-51
 4.07096e-32   0.00407599
 0.000740949  9.55811e-48
   8.572e-45  5.27937e-09
 1.45943e-12  1.61425e-43
 0.000139734  6.52317e-47
  3.6455e-07  2.43229e-39
 1.92475e-53  3.97251e-05
   1.178e-70   7.0551e-15
 3.88056e-58   0.00762427
 3.52879e-09  8.35595e-47
 1.58187e-09  1.86339e-46
 1.63349e-07  3.05831e-39
 1.79635e-06  7.23027e-49
 7.01671e-11  1.42621e-35
 1.30437e-27  1.22464e-18
 2.38391e-49  2.36272e-09
 1.56238e-10  6.27586e-36
6.59977e-165 2.64991e-111
  7.1028e-19  1.17019e-27
 1.45622e-26    0.0302476
 1.00617e-16     0.282953
 1.63811e-11  1.66852e-53
 1.29022e-08   4.1117e-50
 1.56065e-45     0.165674
 9.22732e-09  1.63491e-50
 3.68133e-10  4.97395e-52
 2.84572e-13  2.68413e-44
 6.05096e-13  6.53194e-45
 5.11658e-13  5.56269e-45
 2.47445e-12  2.48826e-45
  1.3989e-22   3.6949e-07
  3.1664e-26  4.36717e-09
 1.44641e-35  5.92701e-08
 1.59685e-52  1.54198e-09
  1.6559e-12  1.38565e-54
 1.73011e-13  7.39934e-56
 7.22187e-37  2.58501e-16
 1.32707e-12  2.99843e-54
 1.14668e-27  0.000408678
 2.09315e-47  5.10136e-13
 1.17925e-32  2.68787e-12
 2.01566e-58     0.551665
 2.64803e-12  3.11268e-52
 6.79589e-09  1.68116e-43
1.57621e-105  6.46643e-42
 2.34234e-08  1.34864e-44
 1.15151e-35  6.07333e-07
 6.27126e-08  4.95344e-46
 1.29788e-52    0.0139525
 6.84849e-10   2.3907e-57
 2.39657e-10  3.28559e-39
 7.33295e-10  1.59211e-38
 9.86477e-42  1.67595e-09
 4.35083e-18  1.57869e-36
  5.1951e-06  1.25306e-41
 6.43077e-08   0.00169377
 5.64599e-26  5.07623e-08
 1.89809e-09  6.17742e-38
   0.0461978  9.42133e-50
 3.07137e-08  9.07431e-37
 5.91213e-56  2.30203e-05
 4.08941e-46  7.26046e-06
 1.01563e-33  4.14591e-17
 7.23901e-08  3.28521e-36
    0.685023  7.87864e-51
 1.75646e-20  0.000376501
  1.6683e-32  1.83638e-16
 1.16444e-27  6.69436e-10
 3.00991e-58     0.268344
    0.299799  1.41269e-50
 3.78332e-26    0.0932658
 8.01043e-33  1.74844e-10
  6.2937e-51     0.262268
 2.46274e-06  1.29592e-34
   0.0309468  1.81741e-48
 9.09242e-36     0.690102
    0.309552   2.7533e-38
 7.10942e-06  3.17511e-44
 3.24906e-20  2.31829e-05
 8.48021e-06  5.20373e-34
 6.58858e-53   0.00606645
    0.690448  6.23553e-38
 2.13083e-06  1.12084e-34
 1.18591e-45   4.9146e-06
  0.00134767  8.55959e-32
 1.70343e-66  0.000772539
  1.7613e-09  6.09246e-37
 2.24565e-06  1.20043e-42
 3.67877e-09  6.59784e-36
 1.00061e-07   5.3465e-36
  3.8699e-23   0.00046056
 2.47069e-45     0.309501
  0.00424968   2.8165e-31
    0.309214  1.24753e-30
 5.72429e-62  2.51081e-10
 0.000120281  8.58335e-31
    0.690179  2.75318e-30
 0.000367624  3.37258e-30
 5.10028e-48   0.00155118
 1.05229e-07  3.14883e-33
 8.94336e-51  2.56091e-05
  0.00114767  1.70541e-29
 5.68464e-05   1.0663e-26
 9.40638e-47    0.0202738
 9.16086e-05  2.10108e-26
 1.71804e-32   0.00189046
 4.59764e-27     0.178886
  2.3474e-07  8.16941e-33
  0.00867623   1.4408e-28
    0.690484  3.35037e-34
 9.57383e-34     0.635643
    0.309633  1.52871e-34
 5.40257e-17  1.06376e-13
    0.132553  2.43616e-27
 0.000424323  2.03206e-36
 1.64722e-39  3.63589e-08
 1.16906e-43     0.118645
    0.268881   8.1559e-27
    0.677856  1.15905e-26
 8.34224e-52  5.26062e-08
 8.26604e-10    9.592e-18
 2.91304e-43   6.0388e-16
 7.04857e-50  3.36344e-10
 4.91722e-67  8.41473e-11
     0.55171  1.42426e-31
 2.72099e-64  6.19003e-13
 1.94623e-55  0.000290181
 2.57977e-06  2.75473e-21
 5.64635e-49  2.45273e-06
  4.7962e-55   0.00107211
 1.42269e-05  5.48301e-22
 4.25405e-05  1.73188e-22
  3.0696e-10  2.58635e-17
 1.78828e-07  8.69264e-23
  1.5963e-34  1.20768e-05
 3.50683e-56  6.51375e-14
 7.87173e-08  3.98527e-23
    0.001645  2.85659e-30
 1.20193e-39  5.89636e-19
 3.79242e-42  4.52253e-05
 2.16463e-08   1.0463e-23
  0.00372919  5.83247e-30
 2.70343e-42     0.575291
 3.76799e-41     0.124484
 3.77587e-45  1.34319e-05
 7.01278e-58  1.51607e-07
 3.03143e-05  5.57932e-28
 1.48533e-09   7.0503e-25
    0.306976  5.50145e-32
 5.65082e-25  2.14216e-05
 1.39227e-45  2.69862e-08
    0.688515  2.42686e-32
  6.8875e-55  1.48645e-05
 1.58135e-08  1.59368e-28
 3.46281e-06  6.36954e-29
 2.08525e-08  3.55659e-29
 1.58296e-08  1.63669e-29
 1.21131e-29  6.05351e-13
 9.52104e-20  6.86261e-05
 1.07276e-11  7.59443e-29
 2.96357e-39  1.56817e-06
 3.01514e-13   1.5548e-30
 8.41206e-13  5.25326e-30
 1.42779e-43  1.15758e-16
 1.76206e-09  2.75057e-32
 7.74549e-10  4.03513e-33
 9.68894e-46     0.636228
 2.83611e-64     0.659696
 9.38045e-10  7.26361e-33
 7.01983e-14  8.03342e-32
 2.81595e-14  3.22674e-33
 7.89559e-48  3.26284e-06
 3.16726e-14  2.92509e-32
 6.05809e-14  8.61047e-34
 8.80219e-05  2.56548e-38
  0.00170233  3.45612e-39
 1.42377e-05  2.39198e-39
 7.97537e-06  1.24652e-39
 1.25606e-10  1.95856e-35
   0.0336625  1.35549e-40
 3.87901e-19  4.02922e-53
 2.14063e-34     0.580927
 6.45829e-23  4.36903e-11
   0.0785067  3.56418e-41
    0.560643  6.42524e-41
 4.74732e-10  7.46453e-35
 8.51895e-29    0.0117694
 9.76107e-26   2.8384e-11
 1.22809e-57  0.000409761
  1.6777e-07  4.77369e-37
 3.00795e-07  8.14967e-37
 2.48229e-07  1.64286e-36
 1.84461e-29  8.30686e-06
 0.000212619     0.340017
  7.4115e-09  1.15983e-33
 1.66943e-08  2.62093e-33
 6.65601e-17   2.5478e-14
 1.18294e-37  1.29918e-13
 5.82558e-34  0.000216299
 2.49135e-27  6.05456e-05
 6.27954e-34  1.94534e-11
 2.67711e-34  2.61857e-13
 6.80425e-06  4.79924e-35
  3.7689e-41     0.622044
 2.93207e-06  2.06236e-35
    0.309536  5.39473e-30
 2.81278e-34   0.00151421
 2.13443e-15  1.48953e-44
    0.690436  3.48966e-30
 1.02035e-52   0.00472403
 8.78146e-24  0.000286883
 1.52545e-61  2.46119e-19
 8.88664e-48  2.28556e-13
 1.35606e-34  9.19595e-18
 5.48402e-45      0.66448
 7.98618e-26  4.13627e-56
 0.000256278  8.36816e-27
   8.671e-05  2.76452e-26
 5.18981e-48     0.690438
 6.61331e-12  1.24895e-41
 2.58016e-45  7.12925e-06
 6.84912e-40  1.24303e-06
  2.3132e-46  3.71093e-05
    0.689023     0.308036
 9.88171e-12    5.635e-42
 2.74263e-30  1.96307e-24
 9.27544e-23  4.75752e-53
 2.82145e-05  7.72102e-26
 1.54094e-20  8.44742e-51
    0.555817  6.81491e-38
 6.77827e-40  5.31773e-07
   0.0482579  1.36899e-38
  2.0678e-71  1.60646e-15
 6.90724e-21  3.83424e-51
  7.5983e-35  6.71074e-18
 6.09565e-28   0.00800436
  0.00501955  7.40799e-38
 5.84492e-52  4.77114e-09
  0.00277475   1.6381e-37
 2.37381e-15  4.21852e-15
 1.96315e-43   0.00161637
 3.68717e-27  1.36913e-11
 1.47691e-12  1.34129e-18
 9.63379e-46    0.0341415
 6.70681e-13   6.0168e-19
 5.31437e-13  3.02597e-47
 3.77529e-08   1.0692e-32
 8.68911e-15   4.9395e-49
 1.50221e-14  8.39465e-49
   1.165e-86  9.75088e-31
 1.10782e-59    0.0877815
 4.68146e-88  7.65026e-29
 1.24519e-15  4.03284e-25
 2.48882e-12  1.86359e-22
 9.86042e-22    0.0125757
 5.56331e-16   1.7788e-25
 1.38215e-10  2.70455e-42
 8.14617e-17  2.51253e-27
 1.22961e-50  0.000108128
 6.25783e-33    0.0195942
 6.66073e-26  2.19804e-06
 3.74001e-17  1.43725e-27
 5.55504e-12  8.34726e-23
 1.28556e-09  3.94833e-42
  0.00238278  5.23433e-55
 1.81615e-21  1.29914e-20
 2.00586e-11  6.69513e-44
 8.80225e-27     0.001913
  2.9642e-09  1.02274e-41
 6.26389e-07  2.06997e-39
 1.25621e-39  3.21249e-13
   0.0053155  2.62016e-55
 1.39887e-06  4.86572e-39
 1.21373e-47  0.000677246
 1.11347e-59    0.0887858
 4.60831e-41   2.9815e-11
 2.29188e-52  2.10904e-09
 3.63395e-12  8.74461e-45
 9.18332e-55  9.75773e-14
  3.5812e-30  2.64582e-21
 3.89029e-45  8.39218e-15
 4.11835e-44  2.94092e-12
 9.68278e-06  3.82798e-29
 2.24308e-43  0.000334299
 2.09523e-22   8.2541e-17
 1.42671e-28  1.82663e-07
 2.81588e-27     0.106476
  0.00326159  1.30908e-31
 1.94967e-47  5.94485e-06
   0.0089978  4.74056e-32
 0.000180904  6.23128e-37
 9.02109e-50  4.77071e-07
    0.551706  9.79589e-58
    0.307938  1.35169e-33
 2.58195e-27  4.29539e-07
 6.44882e-46  7.51454e-05
 4.75037e-16  9.45583e-15
 1.52958e-41   1.7068e-09
 6.07731e-12  2.24962e-19
 1.20283e-43  7.36604e-08
    0.689181  6.66058e-34
 3.20949e-11  3.27816e-44
 7.14306e-56  1.71092e-05
 4.50209e-07  4.85816e-40
  6.4407e-40  7.16268e-13
 4.23564e-29  4.06953e-17
  2.4684e-05  2.52896e-38
 9.36332e-58  6.78245e-22
 1.12629e-05    1.128e-38
 2.51767e-32    0.0748764
 6.25693e-05  6.24984e-38
    0.551665  7.98134e-38
 2.10013e-10  6.07984e-56
 2.22589e-15  1.36332e-48
 2.44777e-08  2.41524e-41
 1.00873e-62  1.27705e-24
 3.50919e-45  5.57841e-06
 4.93402e-15  3.30936e-48
 6.84381e-58  5.17325e-08
 9.23031e-08  2.28869e-31
 1.44265e-15  1.22624e-50
 4.36935e-16   0.00641603
 4.39466e-12  3.93575e-45
 8.27981e-09  7.61468e-42
 1.53346e-10  1.81314e-47
 4.41107e-40   0.00189851
 2.98822e-10  7.88327e-47
 4.54187e-22  6.05653e-07
 2.62127e-45   0.00114727
  8.1392e-29  1.21545e-05
 3.19108e-12  2.55179e-45
  1.2015e-47      0.30954
 6.41818e-10  2.00939e-47
 2.50467e-45  6.91075e-12
  3.9383e-69  1.59279e-07
 1.03825e-28  2.34185e-08
 2.66621e-12  2.06835e-45
  6.3654e-09  2.63671e-48
 1.15973e-45  1.68916e-05
 8.64727e-53    0.0131659
 1.25575e-28  5.30473e-62
 7.47792e-28  4.34384e-61
 3.59885e-67  0.000250204
 1.66604e-13  1.08005e-46
 3.13306e-28  4.78788e-61
  1.9767e-23   5.1777e-07
 3.14132e-28  3.73451e-13
   0.0497377  1.87405e-50
   0.0928016  9.28099e-49
    0.104877  5.49458e-51
 2.22306e-55  0.000356006
 0.000726224  2.29833e-46
 1.48541e-57  9.54968e-08
    0.581219  5.98665e-50
 2.83761e-27  3.51426e-07
 0.000324478  7.65946e-46
 6.17705e-19  7.07515e-49
 4.28725e-52     0.230811
 2.81883e-53   6.7544e-06
 5.53224e-13  2.71741e-41
 2.05904e-12  1.46987e-40
 5.60084e-16  5.14007e-45
 2.31972e-22  2.21459e-14
  1.2714e-40  2.27033e-06
 1.02778e-75     0.690448
 6.50351e-39  4.08243e-08
 6.82501e-42  6.42072e-12
 3.87572e-15  1.05532e-43
 6.66876e-34    0.0027871
 1.63858e-15   1.7517e-44
 4.22358e-11  6.15766e-39
 2.27248e-26  5.75692e-11
 9.80383e-27    0.0672036
 2.85587e-36  2.30803e-14
 8.08146e-13  1.11517e-37
 4.52592e-13  3.64925e-05
 7.01908e-08  2.83495e-75
 2.16508e-12  3.57696e-37
 3.31566e-08  3.51506e-74
 1.77382e-13  8.48976e-05
  1.8734e-17  4.73989e-42
 3.93374e-12   1.2843e-36
 8.40142e-18  1.77164e-42
 3.05454e-31     0.085221
 2.66801e-56    0.0725214
    0.551665  3.14781e-84
  2.6461e-21  6.25449e-05
 5.59075e-15  1.12683e-21
 3.93861e-42  2.40948e-09
 7.87443e-57  2.65873e-11
 1.62583e-16  8.80934e-10
 3.29844e-29  4.14557e-07
 1.55184e-52    0.0107913
 1.70146e-05  6.36094e-30
  5.0692e-43  9.48738e-09
  0.00745837  2.89738e-27
   0.0131193  4.97398e-27
 3.72447e-49  2.24821e-10
 1.16845e-47  3.95712e-17
  0.00087094  6.84757e-27
 6.60011e-26  7.72366e-11
 2.35117e-34  1.37817e-08
   0.0255476  1.10688e-26
 5.12898e-42  8.21774e-11
 4.01311e-33     0.163028
 2.01181e-06   3.4638e-30
 5.67285e-56     0.552593
    0.553154  2.06632e-25
  0.00185694    2.447e-26
  1.1657e-33  1.09629e-11
 3.68657e-43   7.6214e-10
 1.73371e-67  2.76326e-12
 9.80975e-08  6.49518e-29
 8.34372e-07  1.41115e-30
 3.89029e-24  6.43933e-10
 1.56435e-37  1.45138e-12
 4.91506e-36  0.000112155
 1.01351e-45  4.73721e-08
  4.2363e-44   0.00662801
 2.64622e-30  1.95055e-05
 1.40907e-37  1.99982e-05
   0.0087329  1.52872e-26
  2.6113e-36  2.94695e-10
  0.00604688  2.27667e-23
 1.57021e-56  2.62214e-10
 5.36514e-35  5.23796e-11
  0.00284931  2.11278e-23
 3.89027e-20   8.2717e-66
 0.000669191  1.74364e-22
 1.51674e-09  2.39573e-33
 1.49222e-10  1.90916e-34
 6.09407e-10  8.90295e-34
 2.07041e-31    0.0687207
 8.05842e-59  9.60635e-08
 5.47559e-14  5.39279e-38
 1.27252e-12   8.9954e-14
 2.20135e-06  6.43011e-20
 8.26782e-37  4.56325e-12
 1.49524e-50     0.188182
 9.99144e-46   5.6248e-06
 2.21284e-14  1.47151e-38
 2.93853e-35  7.78588e-15
 4.35009e-14  1.79346e-30
 1.91763e-14  7.98565e-31
 2.55453e-08  1.06559e-24
 6.90747e-21   2.5689e-39
 3.74993e-46  2.73092e-07
 6.73097e-30  3.40054e-06
 1.62594e-08  2.21827e-24
 3.05182e-53  3.74861e-13
 7.79157e-16  3.13591e-32
 2.77116e-10  9.59161e-29
 3.04612e-21  1.17308e-39
 3.93677e-17  1.59922e-33
 4.92499e-06  5.10971e-27
 1.65383e-17  6.01784e-34
 1.29947e-49     0.551695
 3.06852e-18  1.16198e-34
 2.51919e-05  1.87057e-28
 1.80482e-07  4.40032e-31
 1.31013e-39     0.672862
 1.10964e-07  1.93128e-31
  0.00979828  3.21555e-30
 1.13935e-20  3.44049e-37
    0.011945  1.40845e-30
 9.18642e-40  3.94492e-11
    0.562968  5.32679e-32
 1.44684e-44  1.75542e-14
 4.63475e-24  1.37278e-06
 7.83483e-56  0.000795343
 9.23257e-24  2.20597e-40
 7.61849e-09  1.13522e-36
  4.0421e-52  1.35888e-06
  9.2435e-24  2.02949e-40
 1.54233e-37   6.7619e-17
 7.54665e-34  1.23762e-53
 1.82904e-49  3.92871e-10
 6.22039e-56  4.29021e-06
 4.09818e-30  0.000140496
   0.0789264  7.35467e-33
 2.57943e-10  2.59686e-38
 2.15057e-10  7.47944e-39
 2.49341e-46  1.83107e-06
 7.24965e-60     0.551667
 1.13575e-28     0.034181
 1.56453e-10   8.3371e-39
 2.12574e-21  5.52616e-06
 3.16986e-34   7.3587e-14
 1.73484e-14   0.00170268
  8.8678e-14  1.93929e-44
 1.06116e-73   6.2685e-15
 2.17466e-52  0.000549776
 7.95894e-47  0.000353826
 2.13632e-52    0.0089176
 2.59778e-16  3.95008e-10
 9.48481e-29  0.000318397
 1.76619e-29   3.7254e-58
 1.42555e-41  7.58406e-12
 3.94673e-29  6.14702e-59
 1.71743e-41  1.33631e-11
 2.14313e-43  1.49162e-11
 2.00205e-12  8.91403e-46
 8.04629e-39  0.000266856
6.74433e-106  2.90119e-42
 3.32066e-31  0.000594953
 6.83934e-76     0.999941
 9.33023e-13  2.79953e-46
    0.309485  2.06815e-48
    0.690398   1.2435e-48
 1.66148e-33     0.552648
 5.78202e-06  1.85276e-52
 1.23135e-05  5.72918e-53
 3.76223e-05  6.05068e-53
 2.50681e-16  1.73948e-34
 1.12386e-16   3.8797e-34
 2.18965e-11  3.31986e-59
 8.87548e-12  5.31628e-60
 2.52821e-35   0.00172888
 2.65638e-12   1.7008e-60
 9.52297e-41    0.0405935
 1.44084e-12  4.64079e-61
 4.26128e-17   2.4703e-62
 2.98584e-14  4.41297e-63
 2.11975e-65  2.26341e-15
 2.41168e-32   1.1501e-09
 4.22879e-36  1.04716e-09
 1.65647e-46  1.37935e-06
 2.08747e-17  1.10555e-62
 4.18868e-42  1.94853e-81
 5.58139e-16  5.76339e-65
 2.53654e-16  1.37737e-64
 4.43475e-43   0.00071422
 5.78187e-22  4.54581e-39
 4.41656e-26    0.0373165
 9.59164e-42  1.35239e-80
 1.28621e-21  9.43403e-39
 6.01745e-46  1.39279e-05
 4.64489e-46     0.689931
 9.32504e-26  2.73079e-10
 1.08595e-66  5.47632e-19
 9.27237e-54     0.152104
 7.31169e-21  1.00182e-59
 5.39573e-32  4.74561e-15
 8.32311e-41  2.04371e-09
 9.04561e-40     0.284611
  3.3088e-21  3.21929e-59
  2.3996e-40  8.15953e-79
 1.92742e-25  8.92407e-55
  2.8224e-20   9.5401e-45
 1.26874e-20  3.80121e-45
 8.58289e-26  3.01711e-55
 4.68166e-14  1.79235e-38
 3.84054e-42  1.02392e-11
 1.87241e-26   1.6341e-22
 1.25198e-44  5.18644e-06
 1.96903e-33   3.8819e-63
 1.10045e-33  1.49461e-63
 1.02907e-34  7.76401e-65
 1.10455e-35  1.90674e-66
 2.27346e-18    0.0063213
 2.10569e-10   1.0845e-40
 1.15835e-35   1.7739e-66
 4.96858e-46   0.00236587
 9.32563e-65   0.00171984
 4.77597e-10  6.23099e-41
 1.18591e-46  1.23251e-12
 2.20286e-11  1.54766e-39
 9.89995e-46     0.308862
 3.10803e-31  2.07806e-74
 1.00675e-17     0.212179
 0.000101919  2.04037e-46
 5.94133e-12  6.11311e-39
 0.000230735  6.23858e-47
 4.89261e-34  8.56693e-11
 6.93102e-31  4.23874e-75
 2.56326e-16  2.79219e-59
 1.08899e-08  4.20023e-45
 2.45712e-31  1.50021e-08
 2.13645e-20  5.66061e-05
 4.71459e-30  3.11629e-13
 1.68508e-56  0.000275312
 3.88469e-37  4.22652e-05
 1.86777e-16  5.60767e-60
 3.99957e-31  2.32832e-20
 1.97926e-50  3.97223e-09
 9.07947e-24  9.15273e-26
 3.77776e-47  0.000211018
    0.018039  3.80835e-49
 2.34426e-40  2.37611e-16
 5.05828e-12  7.57056e-42
  4.5016e-09  1.06514e-44
 3.70656e-27  6.19926e-05
 2.80806e-40  4.73845e-06
 9.56789e-10  4.23013e-44
 2.09259e-41     0.683617
    0.554928    5.652e-51
 9.80618e-28  1.49857e-12
   0.0032896  5.05297e-55
 7.93281e-27  5.86033e-24
 9.98641e-38  2.83061e-10
   0.0100297  1.89469e-53
   0.0412619  8.65307e-53
 3.14288e-25  2.51094e-09
 6.95858e-45   2.4938e-18
   0.0176316  3.17211e-54
  0.00289976  3.63167e-55
 2.26618e-05  3.66178e-55
 2.46649e-14  0.000968969
 2.58586e-34  1.56491e-07
 0.000979815  1.11946e-55
 1.80387e-26  9.37138e-10
 7.71345e-18  4.05511e-20
 5.03528e-06  2.80896e-20
 2.04961e-35     0.309088
 2.48952e-28  0.000349438
  8.4299e-05  7.48613e-54
  0.00342991  5.48687e-56
 0.000187236  1.67642e-53
  0.00455741  1.06014e-54
  4.4239e-33    0.0593331
 5.71742e-18  1.16992e-36
  3.1002e-48  1.75078e-08
    0.202621  2.28036e-53
    0.618073  9.80895e-54
 1.29575e-10  1.58326e-59
 1.31705e-17  5.08465e-37
  0.00220301  3.06366e-51
 2.03572e-25  6.85852e-16
  0.00167974   1.4198e-51
 3.36747e-08  2.87535e-56
 3.13299e-15  1.73233e-39
 1.38097e-61   6.1803e-08
 2.06632e-25     0.689518
 1.74553e-55    0.0335371
 7.46305e-08  6.32305e-56
 1.93639e-48  1.35657e-06
 1.07107e-56  2.22315e-11
  3.4397e-30     0.561845
 2.30285e-41   1.8099e-12
 1.10394e-38  2.45738e-07
 1.79241e-11  3.48373e-43
 5.79004e-43  6.61314e-09
 6.43497e-12  9.68497e-43
 3.41496e-27  7.09667e-16
  8.6718e-13  1.69325e-44
 4.04019e-13  7.90641e-45
 1.31474e-30  8.08748e-21
 1.90997e-21  1.12911e-48
 6.24098e-19  3.56541e-46
 3.93847e-40  4.38626e-08
 5.60517e-17  4.25751e-48
 3.17823e-14  1.46094e-48
 1.12691e-16  2.74222e-48
 1.05477e-12  5.14093e-50
  1.0366e-12  1.96961e-50
 5.92344e-53  6.77266e-06
 1.89895e-50     0.551718
 5.58798e-57   0.00322271
 3.90201e-37    6.108e-13
 9.91863e-40  5.11127e-16
 8.91503e-08   0.00234789
 5.04013e-35   4.0053e-18
 9.17449e-12  5.71872e-51
 2.62858e-11  2.16881e-51
 6.11787e-44  2.70755e-16
 8.19161e-16  8.99204e-52
 8.17855e-64     0.272953
 2.90885e-10  1.49007e-50
 4.98383e-28  1.54962e-05
 7.04293e-10  3.15382e-50
 3.02354e-20  4.53022e-48
 4.51655e-46  1.05664e-07
  2.4493e-56  1.60741e-06
 5.08781e-09  5.01965e-49
 8.05843e-33     0.205551
 8.06357e-43  5.07449e-15
 8.21596e-19  3.84561e-47
 4.54337e-57  3.47009e-06
 4.67076e-24  1.33865e-08
 1.11475e-25  9.28752e-17
  1.0943e-47  4.53944e-20
 3.47095e-41  8.83984e-10
 2.61125e-48   0.00550202
 7.98812e-31     0.164378
 1.83604e-18  3.21405e-47
 1.09415e-36  7.57039e-15
 9.11518e-26  6.59705e-10
 1.14119e-40  1.21278e-07
 1.00269e-51  6.90932e-05
  1.0746e-49  2.15277e-09
 3.68819e-06   3.1944e-46
  3.0923e-45  6.70221e-17
 2.03073e-55  1.73369e-05
    0.242389  1.91485e-52
 3.12791e-22  1.51052e-43
    0.656019  1.06757e-51
 1.09387e-05  1.23413e-45
     1.01065  5.87138e-50
     1.00404  1.75813e-49
 1.33253e-67  1.91815e-10
  2.8009e-32    0.0390106
 7.12355e-07   6.2635e-56
 1.43429e-39  4.95658e-07
 1.90842e-60  1.14921e-19
 3.71537e-05  3.99245e-45
 1.21739e-06  1.25512e-55
 8.53592e-11  1.81688e-39
 1.71795e-20  6.82796e-21
 2.76808e-14  0.000645845
 2.11257e-11  1.17158e-38
 1.85945e-11  2.67237e-38
 4.39362e-10  6.48363e-40
 4.48166e-14   1.8275e-28
 1.08631e-09  2.90192e-40
 1.05876e-13  4.33292e-28
 6.00006e-15  1.95531e-26
 1.57974e-51   1.2077e-08
 1.18378e-49  1.29644e-05
 8.91612e-27  0.000136674
 7.78123e-08  4.54594e-33
 1.34399e-08   3.3985e-41
 5.92075e-13  2.03305e-28
 4.76142e-15  3.69478e-52
  7.8152e-71  1.10658e-13
 2.54085e-63  0.000124826
 1.59901e-06  1.92593e-39
 4.45655e-35     0.128908
 5.98101e-23   0.00194581
 1.15657e-50  7.75672e-08
 4.75633e-40  4.13404e-11
  1.9892e-06  3.99747e-39
 1.03946e-20  7.21437e-06
 4.33398e-32     0.237978
 1.30926e-05  5.15147e-40
 1.33646e-25  1.71575e-08
  0.00255618  4.35682e-40
 3.36555e-26  1.31761e-06
 1.04695e-44  9.81127e-10
 1.61035e-06  7.28435e-35
 1.04768e-30    0.0024482
  1.1505e-06  9.62392e-44
 2.21716e-35   9.0337e-16
  0.00600081  1.03026e-39
   3.636e-33  3.32261e-12
 5.18219e-10  2.33778e-38
 0.000136461  8.62243e-37
  0.00193977  6.07071e-38
 1.48719e-69    7.128e-08
    0.552111  2.10392e-40
 4.55747e-06  2.86019e-38
 9.72061e-71   3.9409e-19
 2.10683e-06  1.30508e-38
 5.12768e-31    0.0838406
 1.34195e-19  0.000378353
 1.96708e-08  7.30494e-48
 2.62682e-41   2.9256e-09
 8.82027e-09  3.19578e-48
   0.0146168  5.56492e-42