 7.27737e-08  3.62194e-47
 4.22526e-34    3.639e-17
 1.49011e-07  1.07187e-46
   0.0568606  6.97726e-42
 1.63825e-08  2.09034e-48
 1.43192e-06  2.86917e-39
   0.0397087  2.96434e-41
 1.04022e-27  1.48868e-08
   0.0797955  6.04272e-41
    0.053589  6.30617e-41
    0.708277  1.42453e-40
 2.14155e-35  2.10298e-14
 5.39039e-07  9.45955e-39
  2.3364e-40  5.00698e-11
 2.03643e-22  9.21369e-07
 4.22549e-53    0.0707006
    0.780067  7.26157e-40
    0.325593  1.19027e-39
 4.36969e-66    0.0116806
  1.8593e-07  2.52516e-38
    0.636682  2.75601e-39
 7.11498e-26  5.03521e-05
 0.000165116  6.37936e-48
  8.4724e-06  7.60209e-46
 7.61296e-25   5.8585e-09
 5.19636e-25  2.76934e-16
 3.96876e-23  0.000114869
   0.0386708  4.04476e-38
   0.0758566  4.18712e-38
  0.00233173  4.81296e-42
 2.10478e-61  4.12535e-24
 8.48725e-09  8.64408e-39
  0.00518908  2.26732e-41
  0.00158032  4.60543e-43
 4.95084e-21  1.20591e-05
 1.02663e-32  4.88135e-09
 1.87853e-38  9.50258e-10
 2.35854e-16     0.671008
   0.0154423  1.72811e-37
  1.6478e-71   2.7791e-13
 0.000713661  6.58441e-36
  0.00273116  9.28081e-43
 1.69754e-55  2.65819e-05
 2.52778e-37   0.00428658
    0.307927     0.690513
 1.02624e-50   2.3312e-09
 2.65437e-87  2.17679e-30
   0.0339808  3.03733e-40
 4.21851e-67  2.55171e-07
 1.50863e-19   4.6816e-27
  0.00780135  5.03438e-42
 3.33283e-44  3.25873e-06
   8.724e-19   7.8183e-09
    0.102553  1.37507e-40
 0.000205521   2.2829e-35
 9.92463e-06   8.4772e-35
 1.52068e-38  1.34508e-06
 2.79017e-65     0.157806
 6.05423e-42  0.000801587
 7.99535e-29  1.33807e-17
   0.0656938   5.8217e-46
 3.55199e-74  1.45962e-19
 2.05304e-05  1.36861e-34
 1.05592e-05  1.82977e-34
 2.84215e-29  2.58869e-06
 8.07851e-57  0.000249498
  2.2897e-65     0.668668
 6.35337e-55     0.300357
  4.1418e-40     0.306665
 8.09501e-48  0.000896005
 3.70173e-45   4.0605e-09
 5.37614e-37  1.45001e-14
    0.568231  5.37845e-40
     0.61624  5.45793e-47
   0.0145976  1.38148e-49
 3.01201e-17     0.687932
 4.26837e-05  2.56793e-32
 1.48803e-35  1.97337e-08
 4.28059e-28  9.14579e-07
 1.73209e-05  4.50188e-32
 9.54765e-60  3.50181e-05
 2.03823e-31    0.0361814
 9.35995e-45    0.0237293
  1.8599e-58  3.99523e-08
 7.21031e-35  3.10327e-07
    0.195369  1.40845e-47
 0.000283868  1.69674e-31
 2.19846e-49  9.16497e-07
 7.38745e-06  2.49532e-31
 1.12678e-26  0.000189908
 7.50226e-17  2.51599e-14
   0.0819809  5.09834e-47
   0.0188205  3.69131e-48
  3.2298e-05  1.15602e-35
 5.40125e-24  2.58973e-08
 1.79077e-05  2.32414e-35
 1.27041e-07  3.36205e-35
    0.557217  4.79548e-30
  0.00440636  2.03095e-28
 4.15768e-15  1.39768e-15
 5.98005e-19  1.23321e-67
 2.84918e-39  3.33252e-12
   0.0308696  6.95248e-30
 2.78693e-07   7.8362e-35
 2.12603e-28  4.46003e-08
 2.02217e-29  1.01312e-05
   0.0538344  4.43713e-29
 7.17687e-14  3.63964e-33
 2.66851e-49  6.19213e-07
 4.41561e-58  5.88921e-07
 6.71403e-37  3.87522e-09
 2.09934e-14  2.89399e-16
 6.89415e-23    0.0855387
   0.0131729  6.91867e-30
  9.0473e-51  3.01894e-10
 2.89261e-54   0.00034161
   0.0064847  3.95853e-28
  0.00034939  1.28823e-31
  0.00732211  1.71617e-28
  7.3326e-08  9.84797e-23
 2.99224e-38   1.5978e-07
 7.09421e-73  7.65054e-13
  7.8961e-58  0.000371704
   0.0029541   5.4339e-28
 3.28721e-08  1.83694e-22
    0.309559  1.90197e-42
    0.690447  5.58223e-41
 0.000257215   2.8331e-30
 1.39454e-39  7.65513e-12
   0.0214827  6.68342e-34
  2.1832e-62  6.80707e-08
  0.00735804  1.44749e-33
   0.0614454  1.72097e-34
 1.05396e-57  1.02931e-08
 2.19651e-14  6.26021e-17
 1.94091e-12  1.91155e-27
 8.28495e-13  6.82669e-27
 1.56065e-12  1.74385e-27
  8.9903e-08  2.21696e-30
 2.07274e-54     0.591855
    0.179094  3.12638e-36
    0.609606  1.20486e-35
 1.86156e-23  8.41976e-11
 4.03159e-08  1.12603e-29
 3.45934e-59  2.40229e-26
 4.40456e-28  0.000139884
 2.50124e-69  3.05489e-16
  1.6972e-05  1.02823e-37
 2.78458e-25     0.012132
 1.04645e-55    0.0297354
 1.10979e-26  1.92842e-09
 7.04352e-17     0.221833
 2.68013e-19  2.06391e-70
 3.27259e-06   2.9588e-36
 4.99711e-34  6.29543e-13
  2.6628e-06   1.0748e-36
 2.34639e-27  3.97428e-12
 7.79295e-06  3.71512e-38
 1.03925e-08  6.68528e-23
  0.00228063  8.69645e-39
 5.15236e-09  3.43515e-22
 2.17652e-30   1.5193e-13
   0.0114339  1.06245e-37
 4.19181e-28   9.0917e-23
 9.19383e-44  6.50355e-12
 9.63261e-21  3.36753e-05
 8.18862e-07  1.87479e-25
 5.36306e-09  1.04183e-22
 5.39866e-32     0.062634
 1.01886e-50  9.11889e-07
 8.85772e-29  3.11173e-05
 2.96685e-06  4.64873e-25
 4.19877e-53  7.28733e-07
 9.42478e-67  2.38712e-21
 3.32673e-05  4.13603e-40
 1.01021e-47  1.51061e-07
 1.49502e-05  2.48528e-38
  0.00013953  2.31854e-31
 4.87019e-35  4.04653e-16
 1.04549e-51     0.551709
 9.15819e-38  8.71289e-16
 7.28801e-06  1.34481e-25
 3.89967e-40  1.30976e-12
  7.9317e-21   0.00022702
 0.000429892  9.02173e-31
  0.00240472   7.2728e-30
 2.28738e-36     0.640807
  0.00017163  6.88626e-32
 6.55019e-53     0.685992
  0.00109756  1.13961e-30
 9.34752e-07  3.11063e-40
   0.0284844  4.57431e-30
 1.00919e-66  2.62917e-24
 0.000602102  4.51076e-32
 9.64328e-63     0.229691
   0.0007538  4.05159e-32
    0.555978  1.36696e-30
 2.52486e-15  2.48455e-21
 8.36102e-35  5.26878e-14
   0.0117551  1.58451e-33
   0.0426211  3.21659e-32
    0.014878  1.18498e-33
  0.00050288  9.54762e-33
 5.88071e-10  1.02759e-45
 4.30391e-24  3.71989e-08
 8.05189e-10  8.85808e-45
 3.18904e-35  1.41144e-17
  7.5186e-32     0.690439
 1.61339e-40  9.25934e-11
 5.09481e-14  1.04188e-52
 7.32662e-52   0.00176151
 9.98139e-45  3.83053e-07
 1.71699e-49  1.02114e-05
 4.71702e-10  2.66844e-40
 9.48408e-07  1.72988e-35
 2.88339e-31     0.309561
 4.50369e-42   0.00397203
 2.44799e-06   6.3384e-35
 2.20762e-33  8.07593e-11
 9.87871e-53    0.0346862
  1.9718e-51  3.15819e-08
  1.2068e-07  2.74969e-29
 1.63239e-31  0.000357568
 1.11467e-57  0.000762807
 7.03646e-10  4.11276e-42
 3.45638e-06  3.06027e-34
 2.67571e-09  7.08874e-31
 1.27318e-23  0.000264904
 5.97695e-68   0.00029791
 6.03629e-59  0.000103761
 6.13794e-06  7.71383e-34
 1.32017e-05  1.65392e-32
 3.74634e-46     0.103652
 2.96405e-48    0.0552074
 8.45311e-36  0.000873021
 3.47566e-05   1.2119e-36
 1.47557e-49  1.74527e-08
 0.000158088  1.00715e-35
  1.2006e-47  1.61666e-15
 3.14596e-54  3.15799e-31
 1.99969e-05  2.11217e-37
 0.000165996  1.07188e-33
 7.95454e-26     0.301314
 1.31362e-42  7.69337e-09
 1.76687e-63  4.97345e-09
 3.05242e-32   0.00968697
 3.08977e-27   1.9751e-19
 0.000936815  2.47061e-34
 9.18054e-24  6.14098e-07
  0.00227952  5.08535e-35
 1.81121e-47  7.34567e-08
 3.56281e-30   0.00114908
 3.34303e-05  5.00791e-39
 2.79869e-33  7.32041e-06
   0.0039338  7.91512e-60
 4.59507e-06  2.83801e-62
 9.18922e-13  7.55163e-42
 8.71607e-06  2.34801e-63
 4.17469e-13  1.84434e-42
    0.554469  2.49027e-37
 3.75589e-05  8.18704e-64
   0.0608997  1.22998e-39
    0.688038  5.75097e-54
 1.24257e-10  2.02389e-28
    0.306844  1.74883e-52
  1.3161e-45  6.28922e-17
 1.70424e-70  1.72393e-14
 3.45179e-37  1.16267e-07
    0.197887   3.2654e-42
 3.27741e-13  9.12569e-45
1.69068e-101  3.53809e-29
   0.0213089  1.37724e-47
 9.89307e-14  1.29868e-45
    0.642366  3.83245e-44
 2.19614e-38  1.74676e-08
  2.4552e-94   0.00873042
 2.26697e-25  3.63379e-14
 2.20986e-36   1.5076e-14
  5.2105e-22    0.0328095
 5.46397e-54   0.00439241
 6.91602e-36  2.32294e-06
 3.26879e-24  0.000122724
   0.0110036  4.99849e-43
  0.00128598  5.71964e-44
 5.85309e-47  6.74198e-09
    0.149381  1.06102e-45
 1.52294e-42     0.100963
    0.308603  1.54412e-63
 1.93189e-46  1.23505e-10
 2.22849e-30  2.81661e-05
   0.0350644  5.24117e-45
 3.18897e-49  7.94245e-06
 1.59717e-48     0.557259
 4.97669e-29  1.81993e-06
  0.00357953  2.44064e-45
  0.00773425  1.82663e-43
  0.00882061  3.17446e-43
 9.91826e-41  3.41505e-05
 1.72604e-25   0.00771778
  2.0073e-39  8.01653e-10
 4.81431e-81  4.41395e-10
   0.0706063  4.05826e-44
  0.00371333  2.25147e-42
   9.067e-36  1.66389e-11
 1.98315e-10   1.9836e-40
 3.12881e-39   7.2344e-05
    0.689724  4.25274e-59
 6.55149e-37  1.14493e-07
 3.45213e-36  0.000854526
 6.30152e-10  1.56876e-39
    0.639029  7.26413e-42
 6.78955e-15  1.35193e-23
 1.01144e-13  1.93211e-46
 1.47634e-13  1.48506e-45
    0.132084   5.4641e-42
 5.01479e-53  2.00467e-05
 1.91551e-52  1.22837e-07
 2.66862e-48  3.05059e-06
     0.21576  4.62878e-41
  1.2517e-57  0.000659283
 3.66412e-08  2.39988e-36
 2.28504e-06  6.94638e-36
 1.15502e-52  4.14048e-06
 9.06842e-33      0.60779
 6.19119e-35  4.47054e-07
 8.92461e-08  7.83206e-36
 6.96164e-07  2.91371e-35
 1.54752e-28  5.23053e-13
 3.82083e-10  7.26527e-38
  8.8791e-10  1.98856e-37
 1.83725e-23  3.02466e-11
 1.22954e-30  4.36197e-24
 3.54786e-39   1.7459e-09
 1.11381e-16  5.18059e-60
 3.14785e-06  1.27904e-44
 1.94233e-72  1.81793e-09
 1.79906e-30   0.00242442
 1.28283e-08  2.02005e-33
 1.78467e-06  1.00058e-43
  1.1658e-48  1.86912e-05
 5.80801e-09  4.82754e-33
  1.2639e-42  3.77715e-09
 3.80436e-16  1.23628e-33
  1.6134e-52  5.83337e-07
 2.87249e-41    0.0196605
 2.57138e-38  6.74468e-15
  1.7092e-58  7.74527e-10
 2.08817e-08  2.72965e-41
 2.31648e-07  1.38501e-42
 6.53036e-84     0.999889
 6.89516e-08  7.07923e-42
 2.12399e-11  1.15328e-30
 1.91417e-35  1.08759e-10
 3.98263e-37  4.37617e-13
  6.1325e-12  4.24807e-51
  6.9223e-13  1.24123e-29
   1.003e-08  1.22032e-44
 3.96122e-55     0.679259
 1.29854e-10  5.00882e-47
  4.0564e-12  6.36202e-30
 1.63496e-14   3.1397e-38
 1.83592e-13  1.15648e-28
 8.45473e-15  6.91183e-38
 2.94649e-66  3.90876e-17
  7.7828e-20  2.85925e-25
 3.18104e-36  7.09302e-14
 4.73865e-14  5.49945e-28
 1.51115e-13  2.84811e-29
 1.15895e-56   0.00883585
   0.0133761    0.0294304
 2.00215e-62  2.62673e-14
 3.76872e-14  2.48287e-28
   2.022e-10  5.64791e-40
 1.80863e-23  1.12267e-07
 4.34166e-19  2.58229e-23
 5.18265e-62  3.84931e-14
 3.24604e-57  1.60032e-10
 6.00239e-19  3.44215e-23
 5.12896e-10  2.73711e-39
 1.05659e-31  2.25908e-06
  3.3469e-19  1.29671e-26
 1.67179e-09   7.8526e-39
 2.59521e-27     0.561089
 1.19339e-56   6.1004e-11
 9.52551e-32  5.87526e-09
 1.47662e-12  2.42662e-32
 4.07726e-49  9.78794e-08
 2.02636e-23  1.69542e-25
 1.58668e-27  0.000583264
 6.05909e-33  3.24602e-12
 4.86746e-09  2.84219e-38
 7.19086e-36   1.6225e-05
 1.16569e-71  3.62594e-10
 6.24096e-39  6.20201e-10
 3.84685e-12  1.00951e-32
 3.76783e-21  1.80133e-06
 1.65598e-24  2.79352e-14
 1.56022e-10  2.62907e-34
 2.85698e-10  5.77627e-42
 6.04595e-60  9.70854e-07
 6.66532e-61      0.67557
 2.72524e-41  1.03327e-12
 3.88716e-08  3.95791e-37
 5.23015e-41  3.33984e-17
 7.17416e-23     0.221688
 4.60514e-85  1.87324e-10
 3.61163e-10  1.00519e-34
 1.13696e-54  3.10751e-05
 7.73765e-46  3.06061e-09
  2.8845e-12  4.75683e-36
 1.15309e-07  5.72758e-38
 1.92077e-42     0.619017
 3.79703e-68  1.75595e-17
 6.50872e-12   2.3177e-36
 2.27484e-07  9.16691e-38
 1.36218e-11  3.15102e-37
 8.51914e-74   0.00173636
 1.55504e-24  5.75633e-09
 2.86647e-40  7.63745e-05
 7.92158e-10  7.00664e-41
 5.17925e-78  2.26525e-23
  5.3772e-14   0.00288262
 7.32299e-07  2.07505e-38
 6.93493e-51     0.655478
 2.87044e-11  9.08829e-38
 7.00034e-10  1.76649e-38
 1.30554e-34  3.21484e-06
 1.39268e-07  1.22427e-45
 3.83524e-13  4.49204e-47
 1.53621e-40      0.68788
 1.07337e-52  2.57056e-12
 2.13677e-13  2.38035e-47
  3.2303e-07  1.71118e-47
 0.000205167  3.67467e-41
 3.99102e-69     0.551864
 1.93962e-36  3.38328e-08
  2.9211e-12  8.93819e-06
 5.99895e-53  8.47387e-06
 0.000597123  2.39631e-42
 1.69991e-39  1.66323e-07
 9.62003e-53     0.303597
  1.8721e-51  0.000182006
 6.38543e-07  1.66637e-41
  4.2395e-36     0.613083
 1.31316e-06  4.62671e-49
 1.08568e-49  7.17507e-07
 9.05286e-14  0.000132365
 1.42638e-06  4.79808e-42
 1.98278e-08  1.38029e-44
   0.0107578  6.95232e-45
 7.10627e-05  5.06497e-44
   0.0296211  2.14108e-46
  0.00110075  6.12517e-54
   0.0267621  2.36922e-47
   0.0325171  1.93554e-51
       0.583  1.93994e-49
 2.00772e-34    0.0356571
  2.0815e-05  2.90919e-45
  0.00188361   2.3419e-54
 2.49747e-35  9.03834e-12
 9.15212e-28  4.56546e-11
 4.19811e-07  5.05324e-58
 9.89082e-31  2.71413e-21
    0.129907  2.27787e-51
 0.000468093  1.34822e-57
    0.551665  3.19978e-52
    0.171465  1.44964e-51
     0.12817  3.61609e-54
 5.02341e-41     0.205985
 7.04406e-49   9.9497e-11
    0.637722  1.25513e-53
  0.00015208  8.26046e-61
    0.152795  3.84844e-55
 5.83074e-58  8.81082e-08
 2.01418e-27  3.37601e-05
 4.67223e-56   7.7154e-07
 9.84524e-57  8.64818e-06
 6.46703e-65   0.00520477
  0.00176679  9.22866e-58
 1.58985e-30  1.69016e-05
 7.19987e-30  7.66902e-05
 4.39747e-76  2.40777e-19
 6.65698e-25  1.23777e-14
 6.57471e-64  1.24744e-20
  0.00112917  2.90074e-58
 1.05963e-48    0.0048526
 0.000576974   1.0949e-59
  7.6632e-38  4.15131e-13
  0.00528364  3.20198e-59
  3.2747e-60  8.36292e-13
 3.52932e-08   7.8907e-68
 1.52128e-06  3.42422e-66
 3.65331e-05  4.94701e-63
 8.08042e-21  9.31211e-07
 6.24729e-29  5.03655e-12
 5.18861e-05  3.06327e-63
 1.32448e-66    0.0569064
 1.12676e-07   9.8191e-70
 1.87663e-41  2.77178e-13
 1.63951e-05  3.73164e-66
  1.0292e-54   2.0762e-13
 6.82931e-07  2.98685e-70
 8.15224e-48  0.000796824
 1.22342e-35  4.25538e-11
 3.86509e-69     0.297178
 5.10902e-08  2.81195e-67
 2.32155e-08   3.0921e-69
 9.54725e-22  2.31674e-17
 1.53723e-06  1.02208e-72
 7.61763e-22  1.01425e-05
 1.02697e-20  3.70474e-65
   1.675e-43  1.46243e-09
 2.81293e-08  5.07169e-72
 1.89314e-07  5.31532e-71
 9.47788e-06  4.64547e-76
 2.67561e-30     0.558376
 5.50933e-42  1.85657e-11
 3.53046e-26   0.00319592
 4.07841e-21  9.05466e-65
 6.08341e-15  5.61706e-78
 1.37423e-14  2.60976e-78
 0.000417952  1.15218e-81
 1.75926e-34    0.0428425
 7.91585e-31  1.07043e-13
 1.25348e-55   0.00285734
 5.33105e-37  2.80026e-10
 2.42241e-46  5.60922e-10
 7.77467e-06  1.48412e-74
 3.51584e-37  5.50425e-06
   5.388e-16  1.66997e-71
  0.00116661   1.4907e-83
  1.4557e-15  6.58379e-72
 1.83687e-05   1.9458e-75
 4.53205e-30  6.32118e-13
 9.90591e-40   0.00017055
 3.27163e-29  7.74308e-05
 1.60671e-41  1.90482e-12
  0.00552199  4.97305e-83
 1.03108e-24  7.03276e-09
 4.92365e-15  1.69008e-72
 2.71982e-05  1.55265e-73
  2.4607e-27  2.85426e-10
   0.0181608  3.89844e-80
   0.0010286  1.84293e-73
 0.000446363  6.62144e-70
    0.169325  5.62093e-76
   0.0907609  7.44278e-74
 5.17981e-05  6.67814e-67
    0.601256  3.06415e-74
 1.71488e-26  1.45218e-24
  3.6922e-47     0.690403
 2.81349e-51   0.00185008
 4.56634e-05  8.63237e-66
   0.0122174  2.17169e-69
    0.013347  1.09191e-69
 7.88843e-26    0.0339499
    0.935542  2.00866e-60
 1.17082e-53  1.20531e-05
   0.0224617  2.23468e-73
 5.62068e-42  2.91053e-05
   0.0105046  1.13006e-62
  0.00807149  1.66958e-62
    0.936091  7.10968e-58
 1.99691e-67   4.5223e-17
  0.00785625  5.41219e-73
 6.90988e-07  4.36864e-81
 9.67444e-49   0.00375216
 3.08299e-61  5.54082e-24
 5.92556e-49  6.49374e-10
 0.000101798  6.60055e-61
 2.37182e-23  7.05281e-08
 8.66038e-46    0.0668331
 4.60357e-05  1.60667e-62
 1.20045e-44  3.34329e-18
 5.52154e-48  5.01065e-06
 3.86561e-69  1.95145e-23
  0.00035089  1.76294e-48
 2.63162e-40  6.62928e-10
 3.03926e-31   9.4493e-09
   0.0271901  3.83987e-55
  1.5464e-06  1.17564e-73
 4.75859e-28  0.000101124
 4.51091e-67     0.690402
 1.80731e-16  2.52699e-14
 9.80375e-07  8.40341e-64
 4.86052e-07  2.88695e-63
 5.14445e-78     0.309561
 9.02335e-21  4.15452e-95
 1.49175e-07  3.01945e-62
 0.000993979  6.85406e-48
 9.59048e-08  1.60284e-64
 1.82888e-22  1.03737e-16
    0.690435  3.77422e-66
    0.309556  5.44653e-69
 7.04304e-06  1.48541e-59
 6.51535e-05  5.83207e-66
 1.00716e-26  1.17836e-10
 4.80941e-45  2.18814e-09
 2.68342e-22   0.00801883
    0.309488  7.93521e-48
 4.38741e-52  0.000540893
 1.96387e-06  7.46676e-57
 1.20663e-05  2.18209e-43
 7.94504e-07  1.09916e-52
 4.10933e-57   0.00591718
    0.690383  2.49776e-48
  8.0816e-59  1.12877e-26
 3.43596e-48   0.00256127
 1.33392e-44  4.14566e-11
 1.55511e-08  1.88936e-49
  1.5253e-27  4.01137e-16
 1.30905e-48    0.0232882
 6.19826e-45  6.00897e-10
 1.40256e-18   0.00407649
 2.87258e-51   4.0889e-15
 4.32957e-41      0.20422
 9.04995e-09  3.67166e-48
 1.83181e-71  2.35721e-13
 3.06645e-09  9.38545e-56
 7.68623e-06   9.2713e-48
 3.44518e-06  1.83253e-47
 8.83757e-10  6.78545e-56
 1.20857e-10  7.80125e-50
 6.08566e-11  2.10837e-48
 1.00037e-13  1.26737e-38
 1.19283e-10  1.90436e-52
 1.11313e-27  0.000534421
 3.46978e-44   1.0485e-10
 4.26512e-42   3.3862e-17
 6.39249e-22  2.38443e-06
 2.13876e-13  1.56756e-41
 9.57166e-70    0.0865546
 5.04432e-11  3.58331e-51
 4.13588e-14  2.30425e-37
 3.98215e-75  2.44468e-20
 6.34794e-14  1.01073e-57
 5.74051e-17  1.36665e-34
 6.06584e-24  3.95586e-42
 9.06382e-13  8.27219e-45
 1.97604e-23  1.08851e-06
 3.47336e-37   1.0281e-11
 1.01506e-23  2.44078e-41
 2.87277e-37      0.17263
 3.41102e-16  1.68325e-36
 2.17557e-39  7.72912e-12
 6.30709e-26  2.10585e-44
 2.41463e-17  7.59225e-34
 1.31464e-48  1.69271e-05
 3.42469e-16  3.00455e-36
 1.20021e-14  2.14538e-42
  4.4014e-14  6.33365e-40
 2.48293e-20  8.10298e-05
 1.09647e-13  5.79449e-39
 4.94353e-43  5.02681e-06
 8.37405e-15  1.90559e-44
 1.31057e-52   0.00094581
 6.97734e-19   1.7262e-32
 5.67082e-13   5.5132e-40
 4.07028e-32   1.2158e-11
 6.99285e-15  1.39296e-43
 1.78688e-23  2.81547e-13
 9.80384e-42    1.389e-06
 5.91661e-29  4.36679e-06
 1.41546e-11  3.11719e-43
 4.58841e-37  2.21357e-10
 3.97598e-35  7.60985e-14
 2.74614e-11  2.47553e-43
 2.74211e-47  7.51553e-16
  2.6711e-11  7.45839e-43
 1.34603e-45   0.00016778
 6.02767e-46    0.0251951
 4.70615e-11  9.46511e-44
 3.21647e-20  4.70081e-31
 2.41069e-21  3.36656e-06
 7.72844e-71  1.74614e-18
 8.15492e-10  1.13969e-42
 4.83548e-10  1.04062e-44
 6.05216e-32  1.04256e-20
 1.95181e-40     0.012457
 1.54591e-09  4.98904e-43
 4.40489e-09  5.30469e-42
 1.36548e-08  2.77732e-33
 1.35184e-23  7.97773e-28
 2.93523e-08  8.17207e-33
 8.80546e-40  2.98036e-05
 5.19191e-24  1.94444e-27
 1.69865e-07  8.46366e-40
  3.5626e-57   0.00209431
  1.7649e-46   0.00224007
  2.1603e-28  9.75106e-24
 7.42556e-06  1.94145e-35
 3.65521e-26  2.79333e-05
 8.13256e-14  5.11786e-21
 2.12905e-34   2.6525e-12
 7.35599e-28   4.1855e-24
 6.31628e-66  1.80583e-05
 9.88501e-66  0.000536414
 7.40337e-06  6.92848e-38
 3.03948e-06  8.61899e-39
 1.74629e-72  3.83115e-18
 2.15548e-05     0.567554
 3.55835e-08  3.21159e-42
 2.23208e-08  4.68939e-44
 9.53402e-08  2.28159e-41
 1.05877e-38  2.42728e-08
 5.72598e-42  2.40281e-14
 3.01123e-27     0.615194
 6.58685e-43  1.41873e-07
 1.28395e-67   9.1999e-07
    0.626463  1.58892e-33
    0.219323   3.2752e-34
    0.052126  3.20754e-32
   0.0744896  5.67121e-35
   0.0201643  1.10142e-31
  6.1481e-42  1.05307e-08
 2.60334e-55   0.00114453
 5.03171e-67  3.63382e-08
     0.68657  3.96085e-55
 6.17796e-81  2.85491e-15
 2.27631e-43  2.32983e-10
 8.07044e-70  1.23158e-15
 1.70484e-24    0.0662367
   0.0023643  9.71525e-31
    0.304426  8.89957e-55
 3.28306e-38   0.00865043
 9.65277e-45    0.0168739
  2.0627e-13  1.37872e-20
     0.68925  7.86608e-48
   0.0075231  3.20686e-53
 5.89783e-29  3.27965e-07
 6.04111e-42   3.1484e-12
 2.39517e-23     0.630102
 8.24122e-42  5.00097e-13
 3.51343e-51   0.00320664
 1.32423e-44  8.65016e-06
    0.308229  3.45677e-47
 9.74654e-05     0.703102
   0.0129111  9.33293e-45
 7.34476e-46  2.25508e-06
  0.00208391  1.71183e-53
 5.49763e-54     0.560076
  4.7586e-05  4.98934e-51
 2.60968e-34   0.00407553
 0.000740001  8.57669e-50
 2.11791e-45  5.27557e-09
 1.44909e-12  1.61374e-43
 0.000139976  6.00369e-48
 3.64783e-07  5.86595e-40
 5.14124e-54  3.97262e-05
 1.07835e-71  7.08373e-15
  6.0925e-65   0.00762353
 3.52259e-09  8.29889e-47
 1.58478e-09   1.8675e-46
 1.63083e-07  8.94893e-40
  1.7883e-06  7.02393e-51
 6.98453e-11  1.02869e-35
 1.20668e-27  8.23818e-19
 2.43792e-49  2.36027e-09
 1.56205e-10  3.47591e-36
2.19108e-166 2.64893e-111
 7.08896e-19  1.03573e-27
 8.88376e-27    0.0302475
 9.74523e-17     0.282958
 1.54654e-11  2.42841e-54
 1.29428e-08  2.66468e-51
 3.92269e-46     0.165674
 9.07463e-09  1.05917e-52
 3.66477e-10  1.04398e-55
 2.84282e-13  9.84688e-45
 5.98981e-13  6.97095e-46
  5.0712e-13  5.89862e-46
  2.4796e-12  9.79986e-47
 9.67795e-23  3.69088e-07
 3.03697e-26  4.39662e-09
 8.33987e-36  5.92536e-08
    1.46e-58  1.54198e-09
 1.56425e-12  4.77301e-58
 1.66455e-13   4.1612e-59
 2.76092e-40  1.41855e-16
 1.31706e-12  1.60831e-59
 3.99911e-28  0.000408744
 1.70126e-48  5.05702e-13
 7.83936e-33  2.64695e-12
 3.21575e-63     0.551665
 2.64354e-12  8.61478e-60
   6.786e-09  2.45955e-51
1.18175e-105  6.46744e-42
 2.34363e-08  3.92807e-55
 4.57068e-36  6.07326e-07
  6.2698e-08  6.26854e-58
 1.31414e-52    0.0139524
 6.84812e-10  1.06689e-62
 2.39066e-10  9.40911e-49
 6.92237e-10  4.71768e-48
 2.03137e-42  1.65475e-09
 4.35142e-18  1.34423e-36
 5.19475e-06  7.11324e-46
 6.43164e-08   0.00169371
  5.4527e-26  5.08375e-08
 1.91419e-09  3.35653e-44
   0.0461989  1.27646e-55
 3.12059e-08  1.35116e-44
 2.31927e-56  2.29954e-05
  8.8759e-50  7.26998e-06
 1.01163e-33  4.11365e-17
 7.13404e-08  1.35937e-40
    0.685015  1.80178e-57
 1.46054e-20   0.00037644
 1.67235e-32  1.80304e-16
 9.37021e-28  6.61082e-10
 2.14846e-59     0.268347
    0.299807  4.51649e-57
 1.80355e-26    0.0932658
 4.41605e-33  1.74855e-10
  2.1765e-51     0.262272
  2.4689e-06  2.81556e-36
   0.0309455  5.34237e-54
 6.67641e-36     0.690093
    0.309561  2.63561e-39
 7.11061e-06  7.51041e-56
 3.08752e-20   2.3195e-05
 8.46859e-06  8.73426e-35
 5.97874e-53   0.00606685
    0.690439  2.31727e-38
 2.13616e-06  2.43132e-36
 1.54736e-47  4.91444e-06
  0.00134799  4.39437e-32
 9.91571e-70  0.000772749
  1.7322e-09  2.22957e-42
  2.2448e-06  3.52121e-51
 3.67781e-09   1.0221e-41
 9.94427e-08  1.09542e-39
 3.10464e-23  0.000460595
 2.68329e-49      0.30951
  0.00424922  1.63164e-31
    0.309224  6.19725e-31
 1.53293e-70  2.50544e-10
 0.000120402  3.09689e-39
    0.690169  2.10729e-30
 0.000367329  1.48843e-36
 2.04601e-48   0.00155118
 1.05147e-07   1.8926e-33
 1.55729e-58  2.56063e-05
  0.00114782  2.25512e-32
 5.68352e-05  9.30846e-27
  3.2051e-49    0.0202742
 9.16179e-05  1.77588e-26
 6.03004e-35   0.00189085
 1.78893e-27     0.178886
 2.34762e-07  4.23039e-33
  0.00867606  1.85573e-30
    0.690475  1.05462e-36
  1.7481e-36     0.635643
    0.309642   2.5583e-39
 5.09412e-17  1.06596e-13
    0.132553  2.94629e-28
 0.000424295  1.05524e-40
 1.23109e-39  3.63303e-08
 3.62175e-47     0.118645
    0.268883  2.78419e-27
    0.677854  5.60432e-27
 5.67486e-52   5.2546e-08
  8.2593e-10  9.52865e-18
 3.60412e-45  6.04153e-16
 3.74226e-50  3.35539e-10
 1.65997e-72  8.40202e-11
     0.55171  1.71367e-32
 1.07155e-69  6.19048e-13
 4.12143e-60  0.000290177
 2.58004e-06    2.475e-21
 5.60166e-49  2.45272e-06
 4.38064e-55    0.0010721
 1.42262e-05  4.97274e-22
 4.25412e-05  1.07311e-22
 3.07336e-10  2.52622e-17
 1.78756e-07  7.41744e-23
 9.07176e-36  1.20771e-05
 1.30692e-58  6.49311e-14
 7.86895e-08  2.39844e-23
  0.00164596  4.31059e-31
 6.08485e-46  1.82235e-19
 1.37209e-51  4.52061e-05
 2.16198e-08  5.87064e-24
  0.00372796  7.59101e-31
 5.20962e-45     0.575291
 7.26202e-42     0.124484
 3.75261e-50  1.34315e-05
 7.53678e-62  1.51372e-07
 3.03327e-05  3.33515e-28
 1.48253e-09  2.51405e-25
    0.306985   1.0099e-34
 4.92355e-25  2.14042e-05
 8.32188e-47  2.70126e-08
    0.688506  3.32448e-37
 4.45806e-56  1.48646e-05
 1.57926e-08   1.5785e-29
 3.45766e-06  9.46749e-30
 2.08409e-08  2.25839e-31
 1.57861e-08  3.67539e-32
 1.17169e-29   6.0123e-13
 9.31037e-20  6.86126e-05
  1.0663e-11  6.16682e-30
 5.64415e-48  1.56828e-06
 2.89627e-13  2.97626e-37
 8.30783e-13   6.5833e-33
 8.36306e-44  1.14127e-16
  1.7663e-09  4.92463e-37
 7.74574e-10  2.33276e-39
 2.32067e-46     0.636228
 1.23599e-66     0.659689
 9.37383e-10  8.13351e-36
  6.9929e-14  9.19622e-35
 2.78107e-14  3.70264e-39
  2.8442e-51  3.26345e-06
 3.10761e-14   8.4946e-39
 6.06964e-14  6.65899e-39
 8.79863e-05  9.88654e-45
  0.00170257  1.77723e-43
  1.4263e-05  7.38908e-46
 7.94507e-06  4.57837e-46
 1.25531e-10  1.99225e-35
   0.0336604  4.65777e-42
 3.88124e-19  4.55936e-55
 8.89043e-35     0.580927
 6.46712e-23  4.28481e-11
   0.0785089   9.8041e-42
    0.560642  6.46246e-41
 4.74852e-10  6.79255e-35
   9.226e-31    0.0117693
 9.72965e-26  2.73405e-11
 4.03019e-58  0.000409736
  1.6776e-07  3.95511e-37
 3.00757e-07  6.95262e-37
 2.48187e-07  1.45479e-36
 1.90778e-30  8.29474e-06
 0.000212539     0.340027
 7.41083e-09  1.17728e-33
 1.66949e-08  2.55151e-33
 6.58219e-17  2.53424e-14
 1.11495e-37  1.29843e-13
 4.23563e-41  0.000216305
 6.13018e-29  6.04634e-05
 1.80881e-34  1.93916e-11
 2.67356e-34  2.45404e-13
 6.80463e-06  4.48621e-35
 7.26414e-42     0.622044
 2.93158e-06  1.83593e-35
    0.309545  5.41926e-30
  7.6583e-35   0.00151425
 2.13494e-15  1.20492e-44
    0.690426  3.33766e-30
  1.8452e-55   0.00472403
 8.37561e-24  0.000287042
 3.11092e-65  2.38742e-19
 1.10308e-49  2.29451e-13
 1.84564e-35  6.22761e-18
 2.55375e-45      0.66448
  7.9186e-26  1.06838e-56
 0.000256252  8.25463e-27
 8.67318e-05  2.77609e-26
 2.49671e-48     0.690428
 6.61432e-12  1.19418e-41
 2.46329e-45  7.12686e-06
 1.28155e-41  1.24513e-06
 1.64343e-46  3.71104e-05
    0.689014     0.308046
 9.88061e-12  4.65751e-42
 2.74271e-30  1.85949e-24
 9.30304e-23  2.22066e-53
 2.81934e-05  7.69979e-26
 1.54213e-20  6.52602e-51
    0.555817  6.88928e-38
 3.80056e-43  5.31781e-07
    0.048258  1.34473e-38
 8.03843e-74  1.57883e-15
 6.89263e-21  2.12312e-51
  7.3212e-35  6.82747e-18
 4.00684e-29    0.0080043
  0.00501929   6.6986e-38
 5.10576e-54  4.77499e-09
    0.002775  1.67252e-37
 2.37097e-15  4.21825e-15
  1.6976e-43   0.00161582
 4.59202e-28  1.27514e-11
 1.47929e-12  1.34216e-18
 1.53679e-46    0.0341414
 6.65048e-13  6.00686e-19
 5.31339e-13  2.73787e-47
 3.77461e-08  1.05146e-32
 8.66659e-15  3.75787e-49
 1.50367e-14   8.3559e-49
 3.89476e-89  9.48556e-31
 3.59487e-63    0.0877819
 1.29296e-97  6.87791e-29
 1.24649e-15  4.05448e-25
 2.46453e-12   1.8653e-22
 8.44592e-22     0.012576
 5.54427e-16  1.74946e-25
 1.39287e-10  2.30628e-42
 8.15723e-17  2.53886e-27
 1.22664e-50  0.000108128
 3.55613e-33    0.0195942
 5.64802e-26  2.20298e-06
 3.71757e-17  1.35176e-27
 5.57353e-12  8.32319e-23
 1.27186e-09  2.07799e-42
  0.00238262  3.42481e-56
 1.11745e-21  1.29914e-20
 2.01754e-11  8.01335e-45
 4.05148e-27   0.00191301
 2.97196e-09  3.16506e-42
 6.25758e-07  1.81347e-39
 1.02708e-39  3.25967e-13
  0.00531566  2.05456e-56
 1.39938e-06    3.316e-39
 3.16809e-48  0.000677259
 2.83662e-63    0.0887863
 1.35268e-42  2.98207e-11
 3.41309e-54  2.10503e-09
 3.50868e-12  5.78947e-46
 4.09556e-56  9.87338e-14
 3.42144e-30   2.4612e-21
 4.19736e-52  8.27043e-15
 1.38558e-47  2.94148e-12
 9.67673e-06  3.84061e-29
 3.51756e-51  0.000334236
 2.09543e-22  8.15843e-17
 2.20299e-29  1.82636e-07
 7.98006e-28     0.106476
  0.00326248  1.28636e-31
 3.92805e-51  5.94459e-06
  0.00899664  4.80836e-32
 0.000180896  6.23171e-37
 8.85965e-50  4.77076e-07
    0.551706   5.7901e-59
    0.307947  1.22042e-33
 1.36582e-27  4.28493e-07
 5.42307e-46   7.5157e-05
 4.68133e-16  9.58056e-15
 1.39775e-41  1.71384e-09
 6.07914e-12  2.19904e-19
 1.19151e-46   7.3662e-08
    0.689172  6.74394e-34
 3.20822e-11  1.63239e-44
 4.24938e-61  1.71106e-05
 4.50207e-07  2.56406e-40
 4.04001e-40  7.07879e-13
 2.96691e-29  3.95734e-17
  2.4684e-05  1.93716e-38
 1.44892e-62  6.90871e-22
 1.12619e-05  8.50471e-39
 1.13387e-34    0.0748729
 6.25708e-05  4.84805e-38
    0.551665  7.00272e-38
 2.10013e-10  3.01053e-62
  2.2049e-15   4.0377e-53
  2.4477e-08  1.10765e-41
 5.36006e-67  1.11288e-24
 3.19457e-45  5.57861e-06
 4.87573e-15  1.50068e-50
 4.93851e-58  5.17162e-08
 9.23031e-08  1.94074e-31
 1.44154e-15  2.13641e-55
 4.32588e-16   0.00641618
 4.39224e-12  4.18619e-46
 8.27341e-09  3.06794e-42
 1.53335e-10  9.00156e-50
 2.89372e-42   0.00189858
 2.98789e-10  7.59112e-48
 4.62124e-22  6.04016e-07
 2.28318e-45   0.00114719
 1.37991e-29  1.21377e-05
 3.17708e-12  1.81657e-46
 7.91529e-48     0.309549
 6.41834e-10  8.77337e-50
 1.37634e-45  5.94855e-12
 9.76393e-71  1.59173e-07
 9.34678e-29  2.33755e-08
 2.65167e-12  1.25619e-46
 6.36529e-09   4.3026e-50
 4.14885e-46  1.68926e-05
 1.54614e-53    0.0131649
 1.19177e-28   1.1822e-69
 7.29053e-28  1.12555e-63
 5.70542e-72  0.000250052
 1.64795e-13  3.04822e-49
 3.00145e-28  3.64223e-69
 5.95661e-24  5.15987e-07
 3.08137e-28  3.73502e-13
   0.0497351  1.21793e-57
   0.0928023    6.951e-56
     0.10488  3.59764e-57
 1.11604e-56  0.000356123
 0.000726121  4.88033e-51
 4.19006e-62  9.55054e-08
    0.581218  7.89497e-58
 1.56915e-27  3.50514e-07
 0.000324561  1.40285e-49
 6.03491e-19  3.47189e-65
  1.1791e-54     0.230814
 7.04545e-55  6.75262e-06
 5.54076e-13  1.33395e-48
 2.05719e-12   7.7614e-45
 5.59443e-16  5.55359e-57
 2.29237e-22  2.21371e-14
 2.51942e-41  2.27431e-06
 1.39423e-78     0.690439
 6.50457e-39   4.0968e-08
 6.36576e-42  6.31535e-12
 3.83546e-15   1.2688e-54
 2.56768e-34   0.00278706
 1.65407e-15  6.76727e-56
 4.22079e-11  1.05419e-40
 2.18874e-26  5.55176e-11
 2.87306e-27     0.067204
 1.77407e-37  1.67387e-14
 8.04939e-13  1.89466e-39
 4.52995e-13  3.64859e-05
 7.01928e-08  2.31136e-86
  2.1672e-12  5.17935e-38
 3.31546e-08   2.2537e-82
 1.76712e-13  8.48831e-05
 1.87254e-17  5.90856e-43
 3.93161e-12  4.89406e-37
 8.32609e-18  2.65095e-44
 1.04829e-34    0.0852212
 7.53155e-63    0.0725214
    0.551665  1.57706e-94
 1.77358e-21  6.25286e-05
 5.57678e-15  1.11978e-21
 1.41704e-45  2.40899e-09
 5.86194e-57  2.66284e-11
 1.61833e-16  8.81543e-10
 2.61965e-29  4.14749e-07
 1.58271e-52    0.0107909
 1.70141e-05  3.40355e-30
 3.42738e-46  9.48696e-09
  0.00745822  1.59715e-27
   0.0131195  3.54438e-27
 1.97027e-49  2.25503e-10
 1.54055e-50  3.95708e-17
 0.000870941  5.86612e-27
 6.27481e-26  7.72315e-11
 1.14931e-38   1.3683e-08
   0.0255476  9.11909e-27
 2.60197e-42  8.23065e-11
 2.72915e-35     0.163028
 2.01176e-06  2.47745e-30
  5.0142e-56     0.552593
    0.553154  1.78008e-25
  0.00185694  2.41035e-26
 4.08921e-34  1.09059e-11
 3.51361e-43  7.61357e-10
 9.26752e-68  2.76249e-12
 9.80584e-08  6.57637e-29
 8.34437e-07  7.57128e-31
 3.87078e-24  6.46394e-10
 1.53264e-37  1.44922e-12
 2.01765e-41  0.000112154
 9.55333e-46  4.73901e-08
 2.81175e-47   0.00662817
 2.08607e-31  1.95054e-05
 4.57203e-43  1.99974e-05
   0.0087329  1.31594e-26
 1.19169e-42  2.91323e-10
  0.00604697  2.16308e-23
   6.285e-59  2.61055e-10
 3.49966e-36  5.23268e-11
  0.00284922  1.98326e-23
 3.89028e-20  8.27286e-66
 0.000669188  1.68369e-22
 1.51532e-09  8.16501e-34
 1.48463e-10  7.39264e-37
 6.10703e-10  9.81152e-35
   3.367e-35    0.0687205
 3.07017e-59  9.60534e-08
 5.55323e-14  8.61391e-43
 1.27256e-12  9.00541e-14
 2.20054e-06   6.3699e-20
 8.39539e-37  4.54152e-12
 2.60493e-55     0.188184
 7.30077e-46  5.62564e-06
 2.11875e-14  3.60253e-46
 5.40194e-36   6.7349e-15
 4.34742e-14  1.72592e-30
  1.9098e-14  6.25188e-31
 2.55371e-08  1.00384e-24
 6.80444e-21  1.00973e-39
 1.71361e-49  2.73916e-07
 1.52064e-33  3.40277e-06
 1.62601e-08  2.22079e-24
 6.13526e-63  3.74224e-13
 7.76388e-16  2.65949e-32
 2.77098e-10  8.64394e-29
 3.09052e-21  1.88221e-40
 3.82575e-17  7.76488e-34
 4.92513e-06  4.99527e-27
 1.58031e-17  2.72205e-34
 9.73237e-50     0.551695
 2.79005e-18  2.16123e-35
 2.51919e-05  1.75871e-28
 1.80486e-07  3.61557e-31
 1.11183e-39     0.672859
 1.10939e-07  1.60227e-31
  0.00979816   2.6424e-30
 9.66469e-21  1.14832e-39
   0.0119451  1.16856e-30
  4.6315e-40  3.85669e-11
    0.562968  4.09734e-32
 7.10171e-50  1.75886e-14
 3.44626e-24  1.37308e-06
 1.09925e-58  0.000795185
 5.87522e-24  1.98151e-45
 7.61831e-09  6.91608e-37
  3.6542e-52  1.35931e-06
 5.93737e-24  1.71117e-45
 3.14011e-41  2.68113e-17
 7.10911e-34   1.9621e-61
 1.59713e-49  3.92734e-10
 2.77255e-68  4.28996e-06
 3.48751e-32  0.000140495
   0.0789264  4.52037e-33
 2.57946e-10   1.2145e-38
 2.15027e-10  1.72191e-39
 4.19055e-53  1.83054e-06
 3.35573e-60     0.551667
 1.40499e-30    0.0341811
 1.56425e-10   1.9285e-39
  1.6772e-21  5.52545e-06
 1.29585e-34  7.09747e-14
  1.7253e-14   0.00170265
 8.88453e-14  9.25107e-46
 1.38701e-79  6.16133e-15
 1.70443e-52  0.000549652
 1.13619e-62  0.000353808
 7.58506e-57   0.00891648
 2.57989e-16  3.94279e-10
 7.94244e-29  0.000318406
 1.77238e-29  8.89043e-70
 1.39644e-41  7.42614e-12
 3.87309e-29   1.1093e-71
 1.33783e-44  1.33463e-11
 2.15445e-43  1.49044e-11
 1.99709e-12   3.0343e-49
 2.18839e-41  0.000266856
5.74339e-106  2.90006e-42
 5.31274e-32  0.000594923
  4.8072e-87     0.999941
 9.34689e-13  3.59636e-52
    0.309494  2.03073e-49
    0.690389  7.29487e-50
 1.57192e-37     0.552648
 5.78345e-06  3.01564e-55
 1.23105e-05  6.76901e-55
 3.76243e-05  2.66245e-54
 2.50584e-16  1.66183e-34
  1.1246e-16  3.81673e-34
 2.18967e-11  1.06717e-60
 8.86926e-12    3.369e-61
 3.45876e-36   0.00172889
 2.65395e-12  1.05477e-61
 6.25248e-41    0.0405935
 1.43954e-12  4.33115e-62
 4.25772e-17    2.275e-62
 2.97691e-14  5.31552e-64
 1.79053e-69  2.26451e-15
 9.56684e-35   1.1489e-09
 7.64921e-41  1.04702e-09
 4.73075e-53   1.3785e-06
 2.08785e-17  9.30318e-63
 2.58072e-42  2.06415e-90
 5.53054e-16  4.57502e-66
 2.47271e-16  1.37073e-67
 4.37354e-43  0.000714642
 5.44496e-22  4.35321e-39
 2.43882e-26    0.0373157
 6.92395e-42  3.97879e-88
 1.30793e-21  9.04819e-39
  4.7949e-46  1.39265e-05
 2.26057e-46     0.689922
 3.47709e-26  2.69713e-10
 3.12643e-71  5.32392e-19
 9.10929e-54     0.152104
  6.9283e-21  1.73565e-65
 5.39536e-32  4.47233e-15
 1.19187e-43  2.02947e-09
 6.45136e-40     0.284615
 2.90808e-21  5.07464e-64
 2.08449e-40  4.93875e-86
 1.56468e-25  1.94679e-57
 2.86992e-20  2.08666e-45
 1.19494e-20  3.24121e-46
 5.53011e-26  5.68853e-60
 4.65121e-14  7.35569e-39
 2.26491e-42  1.01935e-11
 1.86949e-26  1.61834e-22
 1.43274e-45  5.18451e-06
 1.04197e-33  3.03382e-70
 4.00304e-34   7.7686e-71
 2.79293e-35  1.80346e-72
 1.69589e-36  2.07421e-75
 2.14083e-18   0.00632101
 2.11086e-10  8.69575e-42
 2.68254e-36  1.94544e-75
 3.40138e-58   0.00236551
 1.75932e-67   0.00172019
 4.76877e-10  2.37009e-42
 1.05443e-46  1.23622e-12
 2.19404e-11  3.73775e-40
 8.57429e-46     0.308872
 3.08561e-31  5.76363e-77
 9.35309e-18     0.212184
 0.000101934  6.22854e-49
 5.96568e-12  2.38932e-39
 0.000230721   1.9797e-49
 1.67859e-39  8.50547e-11
 6.93662e-31  1.23226e-76
 2.56409e-16  1.35996e-61
 1.08755e-08  4.23712e-45
 5.68957e-33  1.49983e-08
 1.87583e-20  5.65953e-05
 1.23437e-30  2.68199e-13
 1.28142e-56  0.000275309
 3.51303e-43  4.22655e-05
 1.86658e-16  7.00353e-62
 3.07244e-32  2.32937e-20
 1.32591e-50  3.96174e-09
 9.06443e-24  8.00699e-26
 1.82954e-47  0.000211017
    0.018039  1.74514e-51
 5.74229e-43  2.26675e-16
 5.10827e-12  7.56261e-42
   4.513e-09  1.05289e-44
 6.55046e-28  6.19844e-05
  8.7841e-41  4.73045e-06
 9.50496e-10  4.23817e-44
 6.60121e-51      0.68361
    0.554927  6.53897e-53
 9.00357e-28  1.46008e-12
  0.00328948  2.11554e-55
 7.93906e-27   4.0419e-24
 9.96985e-38  2.81269e-10
   0.0100298  6.06802e-55
   0.0412626   2.6087e-54
  2.2331e-25  2.49263e-09
 6.86328e-45  2.27692e-18
   0.0176309  1.21509e-54
  0.00289998  7.56377e-56
 2.26663e-05  3.62155e-55
 2.45707e-14  0.000968921
 2.03662e-34   1.5643e-07
 0.000979811  1.62912e-56
 1.05231e-26  9.12328e-10
 7.63165e-18  4.05851e-20
 5.03535e-06  2.82149e-20
 1.69803e-35     0.309097
 4.57883e-29  0.000349371
 8.42472e-05  7.50447e-54
  0.00342992  4.59973e-56
 0.000187287  1.67343e-53
   0.0045574  1.08492e-54
 1.23629e-37    0.0593329
 5.80036e-18  1.16986e-36
 9.88299e-54  1.75081e-08
    0.202621  2.14731e-53
    0.618072  1.01844e-53
 1.29467e-10  1.66045e-59
 1.29902e-17  5.08524e-37
  0.00220277   3.1065e-51
 2.03885e-25  6.85197e-16
  0.00167998  1.36347e-51
 3.37435e-08  2.25329e-56
 3.13979e-15  1.73191e-39
 1.02288e-67  6.18632e-08
 1.78008e-25     0.689509
 1.43548e-55    0.0335372
 7.45257e-08  6.59136e-56
 9.20309e-49  1.35505e-06
 1.07182e-56   2.1904e-11
 3.41165e-30     0.561845
 1.89665e-41  1.78963e-12
 8.60778e-39  2.45784e-07
  1.7933e-11  3.47264e-43
 5.24627e-43  6.60202e-09
 6.42742e-12  9.69851e-43
 3.37451e-27  6.89189e-16
 8.64002e-13  1.71597e-44
 4.05676e-13  7.61211e-45
 1.13799e-30    8.107e-21
 8.46651e-22  1.12765e-48
 3.69976e-19  3.56758e-46
 3.93354e-40  4.39882e-08
 3.99359e-17   4.2345e-48
 2.67376e-14  1.51803e-48
 8.66914e-17  2.75416e-48
 9.68468e-13  4.18411e-50
 9.50317e-13  2.05672e-50
 2.83407e-53  6.77231e-06
 1.82126e-56     0.551718
 4.99703e-64   0.00322316
 3.87104e-37  6.09719e-13
 6.93401e-45  5.01172e-16
 8.90234e-08   0.00234794
 2.97629e-36  2.24267e-18
 8.88964e-12  4.97652e-51
 2.60817e-11  1.04722e-51
 5.95157e-49  2.70417e-16
  6.8673e-16  8.78725e-52
 5.25349e-65     0.272961
 2.89421e-10  8.46416e-53
 3.72926e-30  1.55151e-05
  7.0367e-10  9.12587e-54
 3.00469e-20  4.44822e-48
 4.72079e-46  1.05639e-07
 7.33057e-68  1.60765e-06
 5.08617e-09  1.09264e-53
 2.48456e-35     0.205555
 8.21749e-43  5.07153e-15
 8.20631e-19  3.72515e-47
 2.91951e-57  3.45797e-06
 4.05336e-24  1.33683e-08
 1.11464e-25  9.26873e-17
 2.05615e-50   4.5339e-20
 6.52401e-45  8.86074e-10
 3.73896e-50   0.00550202
 3.86086e-34     0.164378
 1.83344e-18  3.16157e-47
 9.82921e-37  5.71203e-15
 6.72961e-26  6.42769e-10
 2.23163e-43  1.21275e-07
  6.0842e-59  6.90914e-05
 9.70834e-50  2.15214e-09
 3.68814e-06  1.47957e-48
 2.32516e-45  6.58618e-17
 2.56562e-59  1.73393e-05
     0.24239  2.97752e-58
  3.1179e-22  1.51984e-43
    0.656018  3.57795e-56
 1.09382e-05  1.18107e-46
     1.01065   2.6165e-52
     1.00404  1.54908e-50
  3.7632e-74  1.91931e-10
 1.84663e-36    0.0390107
  7.1233e-07  1.13427e-60
 4.72865e-41   4.9372e-07
 1.02396e-64  1.16603e-19
 3.71537e-05  2.60593e-45
 1.21737e-06  4.66314e-58
 8.52565e-11  9.54948e-40
 1.71917e-20  6.79613e-21
   2.756e-14  0.000645804
 2.07283e-11   1.1183e-38
 1.82262e-11  2.09505e-38
 4.34706e-10   5.6673e-40
 4.47615e-14  1.86072e-28
 1.08524e-09   1.3157e-40
 1.05926e-13  4.14253e-28
 5.99798e-15  1.96738e-26
 2.33668e-55  1.20774e-08
 7.38002e-58  1.29627e-05
 2.92643e-27   0.00013668
 7.78123e-08  3.43687e-33
  1.3426e-08  2.29645e-41
 5.92068e-13  2.01573e-28
 4.76096e-15  1.04614e-54
 1.14307e-71  1.11213e-13
 3.14569e-66  0.000125147
 1.59925e-06   1.7037e-39
 1.18887e-35     0.128908
 5.85023e-23   0.00194564
 6.30844e-52  7.75662e-08
 4.90838e-40  4.10495e-11
 1.98824e-06  3.69224e-39
 9.44083e-21  7.20299e-06
 3.39373e-37     0.237979
 1.30938e-05   4.3929e-40
 1.30394e-25  1.70691e-08
  0.00255609  2.83913e-40
 2.75318e-26  1.31852e-06
 2.92073e-46   9.8066e-10
 1.61033e-06  7.06941e-35
  2.2053e-32    0.0024482
 1.15056e-06  4.57194e-45
 2.25183e-35   8.5128e-16
  0.00600092  6.29255e-40
 2.09591e-33  3.28258e-12
  5.1823e-10  2.21416e-38
 0.000136462  8.15484e-37
  0.00193977  5.57258e-38
 1.75057e-72  7.13569e-08
    0.552111  1.53621e-40
 4.55786e-06  2.46523e-38
 1.39116e-73  3.90009e-19
 2.10639e-06  7.93789e-39
 4.78518e-31    0.0838431
  1.2812e-19  0.000378323
 1.96714e-08  4.48421e-48
 2.28148e-41  2.87884e-09
 8.81968e-09  9.55495e-50
   0.0146168  4.17174e-42