 3.23982e-08  2.73259e-78
 1.13339e-45  3.85014e-26
 1.04076e-07  2.90387e-76
    0.056778  9.41268e-56
 2.00766e-09  8.58792e-86
 1.35502e-06   1.8105e-46
    0.036887  1.16015e-62
  7.0368e-76  6.45377e-13
   0.0784844     4.36e-61
   0.0513996  1.06006e-61
    0.714116  1.02165e-56
6.94599e-130  1.56526e-36
  5.9257e-07  8.71551e-46
6.80123e-152  6.52827e-16
 5.49087e-56   4.4955e-10
 1.62987e-59     0.073442
    0.775324  1.48332e-57
    0.337059  1.10659e-57
2.32849e-125    0.0126818
 2.77095e-08  3.13462e-38
     0.63247  3.39595e-58
  1.1091e-68  4.62193e-05
  0.00015001 2.13917e-117
 7.01344e-06  6.35539e-91
 2.32603e-71  7.10715e-16
  1.3318e-79  6.00834e-24
 1.04615e-47  0.000125848
   0.0353206  1.77344e-52
   0.0789528  8.42825e-54
   0.0012713  3.37148e-67
1.40859e-113  2.01663e-25
 7.59929e-10  2.51734e-39
  0.00556775  5.20119e-64
  0.00143316  8.66274e-75
 3.07695e-39  5.02237e-06
 7.29259e-93  1.16308e-09
2.51569e-108  1.24319e-13
  1.0948e-20     0.649782
   0.0130651  1.90169e-51
2.81579e-127  1.69013e-13
 0.000720405  1.33245e-47
  0.00269285  1.12054e-76
 8.55514e-87  1.05033e-05
3.56517e-106   0.00371834
    0.335649     0.662618
2.60014e-173  3.27235e-09
5.87333e-203  1.30258e-42
   0.0294764  1.25323e-59
 4.57049e-71  1.48663e-09
 5.08449e-34  7.44293e-53
  0.00721013  1.09941e-73
 1.20017e-63  3.67917e-06
 5.39697e-33  7.82336e-30
    0.109893  4.82832e-64
 3.48354e-05   1.0441e-43
  7.5778e-08  3.71795e-38
2.67189e-123  1.48356e-06
1.17227e-150     0.168119
 5.68106e-77  0.000350313
 3.83654e-70   1.2689e-36
   0.0682999 5.12833e-105
2.86662e-183  4.41218e-30
 1.14295e-06  7.02653e-45
 8.76157e-07   4.6827e-46
 1.64376e-70  1.64612e-11
2.06242e-164  1.63319e-07
1.28697e-135     0.650125
1.99469e-191      0.32718
2.34638e-164     0.334214
5.79071e-123  0.000823834
1.72626e-137  2.34881e-11
 1.98896e-58  6.78734e-29
    0.566102  6.53558e-65
    0.607813 1.66842e-117
   0.0136984 3.97218e-137
 1.32225e-26     0.661427
 3.59266e-05  3.26785e-34
 5.74324e-63    1.652e-08
4.19095e-100   1.8033e-08
 2.41309e-05  2.60618e-32
4.98179e-151   2.8446e-05
 1.06135e-44    0.0289107
5.29132e-110    0.0259973
9.37641e-106  1.22417e-08
 5.53272e-74  3.22753e-07
    0.207677 6.31743e-121
 0.000287756  7.94438e-37
4.42285e-191  9.23257e-08
 3.25036e-06  5.73872e-32
   7.229e-59  0.000200252
 1.21656e-23  2.53519e-14
   0.0741177 2.66407e-121
   0.0184442 1.59582e-135
 3.47374e-05  1.89075e-74
 1.97287e-82  1.04095e-13
 1.52232e-05  1.60587e-74
 5.04534e-09  5.24678e-95
    0.557041  3.29334e-46
    0.004427  6.87834e-35
 1.47558e-20  4.51223e-16
 3.74656e-19 3.09985e-207
 4.53133e-93    1.355e-17
   0.0311833   4.6148e-57
 2.72364e-08  3.58982e-95
 9.54329e-85  5.49913e-10
 1.06474e-99  4.67093e-06
   0.0544334   3.5566e-52
 9.10384e-14  1.98132e-39
7.76858e-159   1.9069e-20
  2.6017e-93  1.95455e-09
 1.02612e-74  3.17144e-09
 9.92277e-20  1.58882e-16
 2.29349e-52    0.0827511
    0.013241  6.44432e-61
8.14726e-165  5.24398e-16
 8.54505e-72   0.00019518
   0.0057284  1.13658e-50
 0.000339127  1.78205e-77
  0.00676393  9.22617e-57
 4.15362e-08  1.18319e-38
7.29331e-152  1.15329e-07
 1.5893e-134  3.42851e-20
3.24353e-121  0.000385017
  0.00337557  1.08714e-55
   1.184e-08  3.35721e-33
    0.337447 1.37288e-137
    0.662558 1.70479e-131
 0.000293553  7.40043e-71
  6.8374e-80  2.13358e-14
   0.0166047 4.65982e-101
8.44262e-125  2.89208e-08
  0.00894796  3.97135e-96
   0.0658839 7.12866e-109
 2.55734e-91  1.87889e-12
 2.59193e-25  1.89667e-36
 4.67522e-14  1.96648e-58
 4.11479e-16  1.14932e-58
 5.10989e-16  1.61857e-64
 7.76993e-11  2.91862e-81
3.78737e-107     0.589222
    0.189373 8.16427e-128
     0.60387 8.98145e-119
 3.74667e-33  1.24798e-41
 1.09242e-13  1.36411e-83
 2.50038e-91   1.8714e-45
 1.44502e-91   0.00015281
3.09267e-138  1.14028e-16
 1.77891e-05 1.41096e-109
 7.24623e-62      0.01113
1.06569e-107    0.0294734
 6.97949e-63  5.75595e-16
 4.98846e-27     0.241078
 1.06995e-19 2.08743e-218
  2.7571e-06 1.84248e-109
 2.37615e-61  7.98879e-30
 2.50004e-06 2.55138e-111
 6.64621e-52  1.13073e-21
 7.49579e-06 1.54184e-118
 9.78535e-09   2.4105e-87
  0.00210824 3.76174e-154
 1.45223e-09  2.09182e-83
 2.43429e-52  6.14402e-18
   0.0119605 1.83573e-142
 3.12155e-48  6.49396e-50
  4.9198e-63  1.92425e-16
 1.49922e-31  5.97227e-07
  1.0465e-06 5.92379e-110
 3.78565e-09  3.47232e-93
4.91138e-104    0.0642393
6.51073e-155  8.85831e-08
  7.4062e-56  6.35041e-12
 2.58489e-06 2.28078e-110
5.85271e-172  5.82826e-07
3.15541e-160   9.4568e-44
 2.60898e-05 5.14434e-144
 7.77802e-49  2.49805e-17
 1.71317e-05 8.76494e-145
 2.72298e-05 1.88613e-140
 4.83412e-60  2.01712e-40
1.12456e-120     0.551709
1.55538e-129  9.10014e-27
 7.55345e-06  3.4883e-122
 2.29988e-93   2.5746e-29
 1.28863e-36  0.000217516
 0.000503295 8.47942e-145
  0.00229678 1.01133e-137
 7.12692e-73     0.628389
 8.78098e-05 1.30004e-150
5.94862e-139     0.659697
  0.00125779 1.41313e-140
  4.8781e-07  8.9464e-165
   0.0287269 1.99973e-124
4.56945e-154   3.0459e-42
 0.000618159 4.01917e-139
3.02093e-141     0.246302
 0.000651284 3.38866e-136
    0.555606 8.42435e-104
   7.727e-26  8.10179e-37
5.10441e-110  5.67432e-28
   0.0118069  2.46757e-81
   0.0440063  6.86572e-86
   0.0136002  3.34452e-79
 0.000585207  4.19815e-63
 8.97956e-14 1.52519e-183
 4.63427e-47    1.926e-09
 2.01306e-13 2.64083e-158
5.66132e-126  1.23375e-22
2.71981e-105     0.662552
 8.47979e-98  1.95616e-18
 1.68027e-14 1.08426e-223
 6.47336e-76   0.00163816
4.73268e-155  3.58272e-07
1.09291e-104  7.80734e-06
 1.69081e-10 7.71457e-135
 5.42688e-07  9.86868e-93
  3.7633e-95     0.337448
 7.73631e-86   0.00393348
 1.49386e-06  2.95612e-76
 4.41799e-61  3.54414e-12
7.48724e-204    0.0268546
2.06576e-132  2.93161e-19
 1.24398e-08  2.36758e-46
 1.30775e-59  0.000130646
 8.6448e-116  0.000591331
 2.40325e-11 5.69617e-131
 1.40768e-06  5.67197e-80
 9.19592e-16  1.11561e-43
 2.35187e-45  0.000195931
2.55876e-234  8.61295e-09
1.36841e-106  4.03446e-05
 2.63006e-06  8.79821e-72
 1.66259e-06  1.96869e-57
1.00538e-106    0.0997267
 1.27491e-54    0.0556293
 6.67633e-53  0.000788126
 3.47693e-05 3.15533e-106
1.05666e-159  1.17545e-08
 0.000140807  3.32291e-92
 5.56062e-66  1.00781e-25
 1.38134e-71  7.35252e-41
 6.67474e-06 2.85492e-110
 0.000232477  2.18318e-69
  8.0467e-54     0.328267
 2.86161e-83  2.22114e-14
2.56389e-140  1.14468e-09
 5.65972e-82    0.0089112
  3.0029e-54  1.20823e-39
 0.000771094  9.65224e-82
 2.20628e-65  1.53983e-08
  0.00244122  1.99425e-88
 3.84418e-52  1.32464e-17
 1.88562e-81   0.00115227
 3.66992e-05 8.42923e-113
2.10315e-103  5.47577e-08
  0.00427575 3.97366e-179
 1.32146e-06  7.4544e-218
 9.36265e-14  3.49198e-63
 9.72003e-06 1.78797e-223
  5.7195e-16  3.96183e-64
    0.555185  5.71725e-89
  2.8712e-05 4.92802e-237
   0.0560753 7.02781e-108
    0.660758 3.64382e-176
 1.76902e-10   1.1797e-36
    0.334351 2.61442e-171
 5.27781e-94  4.00156e-17
1.92045e-166  5.64341e-24
 4.43695e-75  8.89582e-08
    0.212625 1.42785e-120
 2.26199e-23  1.94995e-67
1.80665e-267  4.02504e-44
   0.0181357 7.51156e-147
 7.78924e-14  2.49889e-67
    0.628601  4.0054e-121
8.01803e-132  1.20247e-18
 3.8436e-269   0.00873052
 4.90781e-26  3.22977e-17
 6.68317e-98  4.48572e-26
 9.92773e-43    0.0285057
 1.66124e-84   0.00562035
 4.4661e-102  1.85307e-06
  2.2635e-73  2.16056e-06
   0.0116372 3.97108e-101
  0.00120899  6.60133e-86
3.16104e-185  2.91557e-19
    0.160903 1.17918e-124
 4.22549e-97    0.0955625
    0.336382 1.52225e-238
  3.172e-142  1.43584e-20
  8.382e-108  3.50359e-05
   0.0295692 1.66094e-136
 4.35358e-72  1.15984e-05
 4.59402e-73     0.557211
6.14073e-119  2.73739e-07
  0.00291881 4.63096e-100
  0.00573559 6.56908e-120
  0.00872832 3.08364e-131
1.52464e-150  3.45523e-05
 2.51046e-75   0.00843589
3.54039e-121  7.65022e-10
           0  3.48091e-14
   0.0734187 3.57964e-165
  0.00259937  6.1434e-127
 1.84514e-95  3.73076e-16
  5.2297e-14  1.99205e-77
  9.731e-127  4.82534e-05
    0.662095 6.19023e-208
7.94913e-118  2.51745e-10
 1.65863e-83  0.000656809
 6.11551e-10  4.40901e-85
    0.631187 3.97014e-143
 2.90856e-18   4.0534e-52
 2.74847e-25  9.73943e-63
 3.48342e-24  2.97496e-69
    0.129325 1.98634e-147
6.75075e-248  2.18525e-05
2.58202e-155  1.42348e-07
1.23168e-168  3.46566e-06
    0.224534 4.31005e-133
4.61578e-181  0.000770243
 2.57329e-13  4.10508e-83
  1.8371e-06 2.89033e-106
8.57939e-147  3.54956e-06
 4.10589e-88     0.602218
 2.40327e-92  4.43031e-07
 2.30722e-09  3.86009e-84
 8.32072e-07  4.35576e-92
 4.20504e-39  2.99219e-24
 3.92417e-20  6.45913e-59
  5.9231e-17  1.41388e-66
 2.33145e-33  6.69356e-46
  9.8246e-31  9.85007e-29
 2.85296e-92  3.92374e-10
 1.34883e-23 1.75269e-286
 2.76053e-06 1.24107e-151
 4.81387e-87  2.96123e-09
 1.65413e-41   0.00224966
 3.11483e-10  1.87554e-76
 1.45938e-06  9.5375e-136
 2.4304e-139  3.09886e-05
 2.27798e-12  3.62495e-72
1.35718e-131   4.0929e-13
  4.4453e-41  1.34049e-42
 1.3202e-127  5.69534e-09
2.00693e-170    0.0161269
  4.726e-140  6.23983e-26
2.30043e-187  2.10665e-15
 7.95961e-13  3.87194e-95
  6.3264e-08 2.98156e-121
8.80469e-274     0.999894
 1.91459e-11 1.45008e-105
 9.57369e-20  2.59131e-58
 2.26991e-87  4.70753e-12
 1.48686e-74  8.24537e-16
 1.01408e-18 2.40579e-223
 3.42153e-35  9.98028e-45
 2.36374e-09 4.29682e-136
1.92898e-108     0.656742
 6.71882e-15 1.20838e-172
 1.21294e-30  2.07018e-50
 2.05725e-20  9.49622e-76
 6.07036e-42  1.03015e-38
  4.6669e-26  2.09737e-68
 4.8342e-195  2.99354e-17
 1.40267e-69  9.88957e-29
3.43409e-128  2.81091e-18
 3.75319e-51  2.98306e-34
 3.44016e-42  2.52036e-44
1.14499e-229    0.0123973
   0.0107833    0.0320395
1.20812e-262  9.51614e-24
 9.58257e-51  5.66964e-36
 1.04647e-27  1.94089e-79
 5.16911e-50  1.79995e-10
 6.23484e-63  1.39306e-23
4.35611e-244  3.72966e-23
2.94056e-195  1.16485e-18
 6.67403e-58  3.06029e-23
 2.36347e-25  4.97729e-77
 6.99825e-80  7.17728e-09
 2.09014e-24   3.2353e-62
 7.88586e-24  4.15231e-96
 6.85183e-50     0.560524
5.68623e-101   5.2307e-16
 1.23926e-90  1.09324e-09
 6.52067e-34  9.91513e-47
1.96949e-190  4.75544e-08
 2.33683e-23  3.24765e-43
 5.94237e-67  0.000205192
 7.43384e-91  6.47905e-21
 6.30342e-21  5.90862e-86
1.82034e-137  1.32053e-05
9.50176e-104  9.07728e-14
2.05735e-128  3.87379e-10
  3.5575e-27  8.64158e-56
 8.82329e-35  1.95659e-10
  8.5903e-57  5.50683e-23
 1.61583e-23  3.45931e-62
 1.65248e-19 3.30146e-130
5.25884e-162  6.36791e-08
7.66252e-146     0.654136
 1.04554e-93  1.69084e-29
 3.17685e-16  2.69621e-80
8.80521e-128  3.14413e-23
 9.56503e-53       0.2347
 1.4926e-316  2.21913e-20
 4.39327e-19  4.94801e-66
2.88899e-126  9.23986e-07
2.35315e-162  3.17344e-23
 8.65746e-26  1.55182e-46
  2.4924e-13  5.08462e-92
 5.71725e-89      0.61239
7.30191e-171  2.43364e-17
 1.92527e-22   1.2224e-53
 1.43488e-12   4.3908e-81
 2.58976e-15   3.1326e-60
3.20252e-245   0.00138752
 6.98514e-45   4.0965e-10
2.42991e-171  4.88155e-05
 2.35252e-15 4.80929e-119
1.94948e-211  1.15812e-31
 5.21148e-15   0.00303678
 2.62659e-09  1.43381e-91
1.82774e-165     0.637593
 2.97828e-14  2.95867e-60
 4.86858e-14  9.55588e-58
5.22186e-112  5.42697e-12
 1.04219e-14 5.12491e-158
 3.08414e-13  4.72904e-47
5.23723e-162     0.660575
 1.54752e-52  9.24965e-27
 2.64259e-13   5.0775e-48
 3.12097e-12 1.05836e-166
 1.30045e-05  2.44508e-95
1.05394e-105     0.551826
 1.17136e-69  3.66738e-08
 1.80182e-12  2.41066e-06
 2.45539e-94   7.1328e-06
 0.000582467  8.72806e-86
6.36923e-111  5.11685e-09
1.10647e-136       0.3308
8.19166e-136  0.000182656
 2.53421e-11  1.77025e-56
2.65871e-124     0.601551
 1.03236e-06 2.23474e-162
 4.66471e-62  7.82181e-13
  3.8964e-15  0.000145887
 6.76845e-07  2.37259e-61
 1.90058e-08   4.9903e-53
  0.00971666  1.18074e-89
 6.85931e-05  6.06628e-74
   0.0304596  3.30039e-95
  0.00124868   5.727e-146
   0.0265046  5.49848e-93
   0.0336179  9.7788e-125
    0.581317 4.26246e-107
 2.85986e-80    0.0368372
 1.30495e-05  1.02821e-73
   0.0016408 9.82119e-146
 4.67562e-73  4.65105e-22
 2.87004e-62  1.83692e-14
 1.09575e-11 5.39311e-193
 8.56894e-55  3.46577e-33
    0.134278 9.11884e-107
  0.00055006 6.09375e-163
    0.551665  9.38412e-59
    0.177793  1.95612e-97
    0.125289 3.32498e-107
 4.34692e-88     0.214051
3.48194e-108  8.11079e-21
     0.63062  1.05857e-96
 2.32185e-07 2.31234e-171
    0.158092 2.63358e-103
 5.09262e-95  1.91027e-08
 3.07099e-74  2.58029e-06
2.54396e-123  5.36292e-09
5.55487e-106  9.24687e-11
1.53405e-111   0.00418121
  0.00217642 3.65447e-127
 7.62434e-93  1.21789e-05
 5.47196e-61  2.03069e-08
1.09804e-177  1.21312e-30
 8.85211e-50   4.1223e-27
1.42048e-122  1.78224e-44
  0.00108468  1.05204e-86
  1.102e-141   0.00353918
 0.000488353  6.64335e-87
5.47279e-135  9.71319e-30
  0.00419247 7.35706e-123
7.90692e-192  1.44298e-17
 2.27817e-26 2.68908e-242
 4.47341e-16 1.37765e-187
 2.06995e-05  2.29007e-94
 5.47861e-39  1.73672e-16
1.45955e-140    2.605e-27
 5.76197e-05 6.31173e-108
1.36813e-225    0.0454764
 2.01402e-25 3.60112e-214
 2.19057e-41   2.3115e-15
 2.38581e-06  2.29899e-97
3.78099e-171  4.70825e-17
 3.52232e-19 2.02442e-166
1.42584e-136  0.000785448
4.25728e-106  2.87087e-29
5.05711e-221     0.323941
 5.02425e-08 3.81331e-119
 6.31531e-10  5.3095e-122
  6.4392e-27  3.21668e-21
 1.13432e-16 2.20665e-163
 5.80583e-42  2.36451e-06
 8.17336e-21  2.95998e-65
 1.79926e-65  3.56536e-11
 4.05592e-21 1.07512e-189
 1.93214e-11  6.04453e-94
 2.30037e-10 9.17946e-154
 3.07546e-87     0.558038
4.55499e-140  7.82815e-19
 4.34145e-83    0.0023342
  5.7603e-21  9.70063e-65
 2.02091e-22  4.47998e-78
 1.40618e-19  1.28764e-80
  1.5741e-06 1.60736e-143
1.92431e-110    0.0400198
 4.17525e-49  7.20691e-18
2.09614e-131   0.00308872
1.11736e-101  1.62997e-15
4.06102e-147  3.70504e-24
 8.01037e-10 3.43046e-103
3.79755e-109  4.42627e-06
 2.03216e-18  1.20075e-71
 9.92532e-05 3.59124e-147
 7.49696e-16  8.01123e-72
 9.36109e-06 1.99434e-102
 3.92583e-86  2.04524e-22
6.10985e-155  0.000188214
 8.80511e-47  0.000102133
4.59447e-106  1.43121e-29
  0.00680455 9.01492e-144
 2.41608e-70  9.79618e-15
 3.77091e-15  1.50738e-74
  5.9559e-08  7.20428e-94
 7.15981e-81  6.03833e-38
   0.0152599 1.05479e-145
 0.000956613 8.29348e-118
    0.000331 6.58189e-111
    0.177194 4.44858e-143
   0.0884364 6.31333e-137
 4.87491e-05  7.99745e-95
     0.59841 1.00116e-147
 4.51477e-51  9.02915e-58
5.21477e-167     0.662531
 5.90411e-88   0.00185013
 4.19507e-05  2.44015e-97
   0.0114369 2.39498e-140
   0.0130144 4.19198e-144
 3.58277e-43    0.0372202
    0.939941 2.55908e-115
 1.0142e-143  9.03271e-06
   0.0241625 1.32739e-158
 1.17085e-73  2.83761e-05
   0.0100129 1.12528e-135
  0.00732413 1.02104e-139
    0.940399 5.92653e-128
1.78226e-128  1.11939e-30
  0.00632109  1.8938e-174
 2.57852e-09  6.8347e-205
5.45378e-229   0.00385645
9.75973e-278  6.96973e-60
3.50557e-186  6.49287e-10
 7.07126e-05 4.28226e-140
 9.40163e-40  5.57243e-08
 3.60706e-89    0.0675115
 1.98194e-05 8.58757e-143
 6.3293e-177  3.43361e-47
3.81726e-137  3.63552e-06
1.24143e-231  6.74783e-24
 0.000444823  4.38776e-90
8.79084e-133  5.22507e-10
 8.18959e-61  8.38742e-10
   0.0275024 6.58978e-114
 1.78974e-06 3.74594e-225
 1.57284e-76  3.74351e-07
1.84796e-214      0.66253
 1.77454e-32  7.88955e-17
 7.77054e-08 1.46311e-139
 1.87641e-08 1.93832e-136
2.87068e-173     0.337448
 3.02677e-26 1.05114e-255
 5.23619e-08 4.00363e-129
 0.000695463  5.49959e-79
 4.11548e-08 4.17639e-129
 3.16699e-34  3.53839e-19
    0.662549 4.70119e-166
    0.337443 3.63703e-172
 7.67743e-06 2.52859e-138
 5.20378e-05 1.89288e-195
8.12909e-105  1.74762e-18
2.29007e-176  1.92274e-09
 1.42176e-44   0.00610547
    0.337366  9.88739e-88
 6.32626e-77  0.000641257
 1.37737e-06 2.72149e-137
 9.65861e-06  7.57825e-61
   8.605e-07 1.39213e-136
5.28072e-121   0.00629676
    0.662515  4.13955e-95
 6.80155e-96  2.30269e-45
1.02922e-129   0.00269924
7.91505e-177  8.27199e-18
 4.12419e-09 1.58743e-127
 1.60983e-37  1.61365e-28
1.60627e-169    0.0197963
3.02283e-150  1.58471e-26
 1.33231e-32   0.00383976
1.99488e-243   5.8618e-15
 1.26982e-99     0.213405
 2.00553e-09 1.38962e-126
9.56287e-151  7.12933e-18
 2.78662e-09 2.43737e-171
 8.47987e-06  4.85237e-88
 2.20142e-06  2.13632e-87
 8.17871e-10 2.07673e-180
 7.64751e-11 1.04368e-167
 5.64168e-12 7.53136e-167
  5.4865e-15 1.91153e-135
 3.03374e-13 1.78559e-179
 1.49914e-40   0.00037292
2.08551e-160  3.74089e-21
 3.45151e-89  4.76258e-24
 3.03391e-51  4.95585e-07
 1.41424e-15 3.23889e-145
3.39959e-238    0.0943391
  4.6015e-16 2.46132e-185
 3.52144e-15 2.63681e-124
2.21098e-197   6.3288e-23
 1.14423e-22 3.33057e-214
 5.16938e-25  3.70492e-91
 1.55153e-24  8.90864e-72
 5.09679e-20 1.98102e-170
 3.31533e-56  1.02566e-08
3.48476e-112  3.44968e-15
 5.45951e-27  4.40617e-71
 1.7335e-107     0.180824
  8.5645e-25 2.08236e-137
1.25881e-163  5.12973e-23
 1.55544e-29  3.84808e-69
 1.60642e-27  1.03595e-93
4.08798e-169  5.25453e-14
 2.96047e-29 9.34712e-126
 2.31845e-29 1.49861e-159
 1.15178e-27 5.78285e-149
 2.46681e-29  9.62075e-05
 6.43927e-27 1.58504e-143
4.26406e-134  4.78151e-13
 3.64399e-24 1.88905e-170
5.10437e-162   0.00101063
 9.30722e-29  2.40661e-86
 6.46907e-23 3.21804e-141
 3.70002e-89  5.17851e-24
 6.05298e-20 1.43655e-181
 4.36109e-59  4.02135e-13
3.60827e-138  1.51906e-06
 4.86776e-66  4.44994e-12
 1.47792e-17   2.354e-160
 7.54947e-93  2.53171e-12
 2.36565e-79  1.74338e-21
  7.5134e-17 2.01474e-158
 2.14192e-58  4.22195e-21
 1.42657e-16  3.9898e-151
 4.78189e-81   0.00013279
 6.93491e-85    0.0244695
   2.076e-15  5.6434e-152
 3.43536e-41  9.01455e-94
 6.38376e-41  2.10697e-11
5.43947e-159  1.13441e-23
  2.4456e-13 3.15952e-170
 9.48649e-14 8.78274e-142
 2.15816e-36  7.71446e-28
 4.53814e-85    0.0107069
 2.92421e-10 1.37728e-153
 3.41418e-09 8.07281e-168
 1.69659e-08 9.90217e-157
 9.30922e-37  6.85378e-69
  2.0827e-08 4.87395e-149
2.99342e-122  3.52776e-05
 1.20331e-36  1.24386e-59
 1.49226e-07 1.16387e-150
2.14992e-117   0.00197795
  3.6376e-78   0.00232606
 1.58183e-33  3.89752e-36
 7.78385e-06 2.04367e-156
 2.51578e-70  1.99576e-05
 6.23564e-20  1.08501e-97
4.62862e-107  6.56437e-23
 6.16077e-33  2.00057e-43
 8.62476e-82  1.85178e-05
5.63047e-128  0.000744742
 7.18608e-06 1.76717e-163
 2.66409e-06 4.00126e-144
6.01978e-177  2.83793e-19
 2.20517e-05      0.56437
 1.13461e-08 5.35592e-121
 1.68175e-10 6.39199e-117
 8.05049e-08 8.34361e-132
 4.81321e-83  2.68102e-08
1.36657e-168  4.98595e-36
 1.08349e-64     0.611222
 3.9031e-176  1.12234e-07
 1.20479e-91  8.64545e-07
    0.614276 2.00731e-145
    0.235867 1.04991e-151
   0.0562192 6.67851e-129
   0.0648763 3.59447e-148
   0.0153491  4.9995e-115
5.73994e-135  2.97111e-11
 2.55118e-61   0.00113238
6.47292e-111  4.42377e-09
    0.660026 1.05587e-105
1.50972e-247  1.26993e-29
1.44286e-104  9.16479e-13
7.87198e-152   4.4036e-16
 1.98657e-55    0.0719374
  0.00304682  2.71736e-96
    0.331707  6.52864e-97
2.84012e-140   0.00900961
 5.73766e-80    0.0163723
 3.06896e-15  1.59076e-63
    0.661609 3.70603e-120
  0.00591242  9.97069e-96
 4.52434e-70  1.43454e-19
3.79151e-123  7.22991e-15
 1.18915e-59     0.620929
 1.68234e-49  7.28922e-14
1.86025e-140   0.00310508
 1.28668e-72  6.77515e-06
    0.335988 6.78826e-121
 0.000110786     0.672708
   0.0103776  5.9762e-130
  4.244e-141  2.60562e-08
  0.00236492  2.36987e-96
 9.38412e-59     0.559472
 5.78417e-05  1.63667e-74
1.39276e-111   0.00317448
 9.68998e-05 3.99913e-102
1.22179e-195  4.33867e-16
  1.4363e-27  4.77618e-44
  1.9113e-05 3.44043e-114
 4.18978e-07  1.93539e-96
2.09519e-143  4.30645e-05
 5.3456e-191  1.65799e-27
1.65482e-159   0.00565382
 4.30913e-10  1.86538e-60
  1.6462e-17  4.40551e-53
 3.12502e-09 2.65637e-106
 4.32851e-07 1.88379e-106
 2.64244e-15  1.36817e-68
  1.9174e-57  9.16679e-30
 7.56446e-84  1.35841e-11
 1.30269e-12  4.80404e-80
6.47868e-320 7.24541e-114
 7.52424e-28  1.05282e-45
 2.39349e-70    0.0282956
 2.47382e-25     0.307596
 1.66308e-23  3.24549e-84
 1.04646e-12  5.9365e-124
4.52054e-106     0.170623
 4.10548e-13 1.29394e-113
 5.05581e-18 2.12864e-102
 2.19622e-22 1.70989e-110
 5.03569e-24 2.59831e-114
  1.3997e-24  4.8745e-103
 6.14685e-20 1.44355e-108
 7.77588e-66  2.50105e-12
 2.73454e-65    1.631e-30
  1.3763e-96  1.39182e-10
4.25646e-283  1.47865e-09
 1.45681e-14 2.94106e-110
 1.31439e-14 1.58302e-112
1.39745e-146  7.73655e-37
 1.27576e-13 2.15394e-122
 9.97857e-40  0.000344967
8.85373e-186  9.37099e-14
4.34051e-100  5.86785e-28
 4.13955e-95     0.551665
 2.57991e-12 6.83087e-128
 3.07028e-11 2.08761e-105
1.83948e-240  7.13587e-42
 2.66097e-08 1.03381e-117
2.46743e-107  7.13729e-07
 4.49606e-08 1.91481e-130
 1.44145e-61    0.0129959
 5.62976e-10   1.436e-137
 3.56879e-19  1.34313e-79
 4.82395e-18  7.02813e-87
3.45239e-129  7.12642e-16
 6.11091e-18  3.45021e-55
 4.15088e-06  2.66661e-54
 2.42401e-08   0.00156894
 1.46498e-47  3.65484e-21
 6.45983e-18  1.29321e-88
   0.0498445 1.65337e-147
 1.29276e-10  3.01253e-70
1.58383e-104   8.0865e-09
1.50695e-174  2.17337e-16
 7.63577e-40  8.36615e-19
 6.83716e-16  1.93343e-79
    0.658774 1.62986e-154
 1.29437e-34  0.000267944
 1.30401e-52   5.1831e-29
 1.17251e-81   1.9492e-33
  1.088e-146     0.289421
    0.326199  1.5194e-154
 2.17001e-65    0.0953773
 4.77307e-63  1.88313e-10
5.83667e-180     0.284442
 5.35779e-13   3.9523e-97
   0.0266869  1.7772e-162
4.65477e-132     0.662331
    0.337448  8.93274e-44
 8.38275e-06 6.57233e-176
 5.58361e-29  2.72583e-05
 5.52989e-07  4.30718e-84
 3.48434e-66   0.00712787
    0.662552  6.85183e-50
 4.64269e-13 7.04252e-106
 2.90361e-63  4.06775e-06
  0.00170976  1.85021e-66
7.77774e-233   0.00100098
 7.89028e-13 1.18109e-145
 6.29882e-07 3.84259e-208
 8.50833e-14 3.59921e-149
 6.77407e-15 1.35849e-123
 6.01295e-45  0.000194192
1.53531e-160     0.337384
  0.00315266  3.07259e-70
    0.337066   1.2557e-64
 1.76562e-93  1.12304e-13
 4.14613e-12 4.30095e-178
    0.662364  7.18836e-68
 1.36131e-07 9.99503e-169
 8.26041e-99   0.00157127
 2.29072e-11 6.81737e-104
3.90938e-118  1.86808e-05
  0.00133055 3.90028e-152
 4.54459e-05  8.93136e-82
2.03837e-142    0.0218946
 9.69229e-05  1.68651e-72
2.55787e-113   0.00250635
 7.38491e-63      0.18426
 2.22056e-07 1.09528e-119
  0.00753823 2.20756e-160
    0.662581 8.02179e-210
5.19652e-102     0.625551
    0.337536 1.68029e-218
 9.67211e-34   3.3074e-17
    0.138707 1.69219e-171
 0.000340768 2.02386e-253
8.93133e-143  2.66582e-09
4.07036e-151     0.124098
    0.287717 7.79873e-154
     0.65744 8.21647e-166
6.42254e-151   2.9483e-09
 2.41282e-13  1.46932e-80
   1.081e-59  6.90579e-16
2.62193e-173  1.49207e-14
1.64685e-162  3.40188e-15
    0.551704 2.35984e-210
1.34132e-131  5.39415e-13
1.80961e-121  0.000276864
 2.92677e-06 2.72414e-116
 2.98317e-56  7.90444e-13
6.50672e-101  0.000913539
 1.09196e-05  2.0331e-133
 4.49366e-05 1.34724e-152
 6.11316e-14  1.72859e-58
  9.3588e-08 7.23676e-119
1.72502e-103  1.31068e-05
8.50282e-153  6.56988e-17
 9.78291e-10 3.31482e-116
  0.00191612 2.06516e-196
2.43216e-161  7.66238e-36
1.54769e-137  2.58625e-05
 5.60158e-11 9.07758e-124
  0.00242919 1.25257e-182
1.27829e-177      0.57352
 8.55467e-96     0.119845
4.49892e-136  1.02332e-05
5.53722e-133  5.87116e-08
 3.49136e-05 5.50752e-158
 4.66344e-15  1.3723e-116
    0.334571 3.81927e-178
 9.51656e-78   5.1345e-06
 1.7573e-179  1.31081e-15
    0.661301 6.40524e-180
3.77448e-151  2.95086e-07
 2.35333e-10  2.1899e-131
 8.83522e-08 8.26113e-143
 2.99467e-10 4.88129e-126
 1.91609e-10 1.38848e-123
  1.1666e-51   4.8666e-22
 3.68577e-28  4.94616e-05
 3.60003e-15 4.71407e-109
3.85096e-110  7.53291e-07
 1.11023e-21  6.80649e-82
 7.14153e-20  1.29248e-97
3.54486e-107  9.23026e-22
 4.31101e-11 6.39897e-140
 1.49614e-13 3.42388e-117
6.41636e-100     0.636647
5.65347e-191     0.638082
 2.45261e-13 9.71628e-109
 5.06256e-17  9.52207e-96
 1.31541e-19  2.72757e-78
9.05699e-213   4.0914e-06
 1.56741e-16  5.88724e-90
 1.40119e-18  3.25983e-74
 3.89256e-08 3.07605e-119
  0.00246661  4.9463e-105
  5.2591e-10 3.38375e-121
 1.43485e-08 2.23148e-118
 6.02351e-14  1.05449e-69
   0.0269835  9.88201e-98
 7.32128e-26 1.85637e-154
 1.68532e-84     0.579446
  2.5647e-30  3.11261e-45
    0.085494  4.63397e-93
     0.55888  2.01912e-79
 6.30119e-10  6.28467e-69
3.95816e-106   0.00952278
  1.1532e-50  3.13296e-46
9.54772e-119  0.000267575
 1.50808e-07 1.00615e-106
 2.10549e-07 1.97015e-101
 1.86267e-07 3.82981e-104
 3.01716e-38  2.57737e-06
 0.000136978      0.37065
 5.83695e-09  5.31859e-68
 1.81888e-08  1.18473e-64
 5.42352e-30  3.33239e-23
 2.38668e-69  2.74986e-40
1.18878e-134  0.000321728
 5.59346e-85  7.56741e-06
 9.12229e-88   2.0513e-14
 3.68933e-62  1.71622e-35
 7.01954e-06 5.10479e-102
 2.59879e-95     0.616756
 2.16945e-06 2.97389e-108
     0.33743  5.66392e-75
 7.13207e-74    0.0018134
 2.10351e-15 2.80714e-142
    0.662544  2.33036e-75
1.85489e-153    0.0047244
 1.01944e-69   0.00032865
 1.5188e-139  1.85911e-39
6.44746e-185  1.24103e-16
 7.4524e-116  1.43112e-29
 1.53245e-97     0.663006
 6.88573e-35 3.94815e-220
 0.000221055  9.50735e-52
 8.35275e-05  1.90943e-43
6.00805e-213     0.662544
 8.45606e-12 3.69428e-107
2.03194e-122  1.08242e-10
1.93019e-120  4.85637e-11
1.10755e-107  5.47972e-05
     0.66145     0.335782
 7.67479e-12 6.17847e-109
 2.98979e-30  2.89237e-29
 3.10684e-32 5.04049e-186
 1.25341e-05  1.74403e-26
 1.69478e-20 5.15677e-140
     0.55575  2.16804e-61
3.25738e-139   5.5543e-07
   0.0486557  6.83631e-81
2.19549e-223  4.74476e-37
 2.67342e-28 3.93352e-164
7.22478e-134  5.31484e-25
 1.57372e-91   0.00694982
  0.00418799  3.50412e-93
1.79714e-172  5.66714e-10
  0.00353776  3.08497e-91
 2.74835e-15  3.38359e-15
1.36378e-138   0.00106235
4.65631e-122  6.93189e-22
 3.40897e-20  1.54436e-18
 6.12999e-95    0.0335708
  1.9864e-22   4.3285e-22
 2.23531e-13 3.76194e-111
 1.62699e-08  1.89897e-59
 6.45414e-21 4.68891e-133
 3.65913e-20 1.56926e-125
1.76244e-200  2.08473e-39
6.01881e-152    0.0904505
4.51427e-258  2.50885e-42
 9.36036e-17  1.77714e-41
 2.24436e-16  1.87029e-22
 5.48663e-41    0.0127433
 5.83247e-17  3.83471e-44
 7.38666e-19  1.81224e-97
 5.57026e-18  9.76091e-54
 1.38282e-68  0.000182042
 3.36104e-68     0.020369
 7.63475e-80  1.31434e-10
 3.50414e-18  1.08921e-54
 2.81591e-16  6.48144e-35
 2.56837e-18 5.85141e-106
  0.00190383 5.24393e-194
 1.31281e-39  1.14932e-20
 3.33009e-14 9.04116e-136
 3.56668e-66   0.00196611
 2.51455e-12 4.77778e-108
 2.02609e-07  2.20003e-92
1.02561e-143  1.91228e-17
  0.00579453 2.98967e-240
 1.41917e-06  4.59025e-96
1.44166e-126  0.000748703
7.34973e-134    0.0917316
4.83625e-156  3.04509e-11
2.11384e-162  1.86814e-21
 2.47358e-18 1.53486e-155
1.84917e-169  2.28248e-19
 5.91267e-61  2.41752e-36
6.03748e-201  7.62774e-16
4.97079e-211  2.96492e-24
 1.57792e-06  4.96585e-58
1.11318e-133  0.000232612
 7.51646e-34  4.00691e-17
 4.47133e-85  2.10322e-08
 5.32527e-61     0.103634
  0.00387018  3.61523e-69
4.87284e-197  1.66336e-08
  0.00673808  5.23538e-81
  0.00015934 3.27435e-116
 3.45257e-52  4.24632e-17
    0.551697 6.57209e-272
    0.335603 5.89193e-101
4.55077e-104  2.58461e-10
 1.00932e-86  0.000107801
 4.88889e-29  1.12085e-16
2.75488e-134  1.42206e-15
 1.36001e-15  3.15282e-59
9.01918e-121  7.85182e-08
     0.66169 1.65773e-105
 2.34228e-12 1.50127e-168
1.43369e-170  2.04109e-05
 3.78781e-07 4.06393e-140
1.28982e-156  5.88823e-16
 3.31316e-82  5.56579e-33
 2.38925e-05 7.75738e-128
1.15866e-100  1.30759e-41
 8.85342e-06 1.22694e-134
1.07544e-106    0.0618743
 6.73751e-05 2.78684e-125
    0.551665  2.41244e-78
  2.1002e-10 5.55872e-273
 2.87321e-17 6.05151e-214
 1.79757e-08 7.01237e-151
5.22143e-165  3.54565e-40
 4.96181e-74  5.47095e-06
  2.6746e-18 4.00046e-209
   5.725e-92  9.95442e-09
 9.23323e-08  2.31626e-53
 1.41263e-15 9.80866e-246
 2.75879e-21   0.00694107
 5.86888e-17 9.41787e-194
 4.38655e-10 2.85184e-162
 3.18442e-12 1.31522e-126
 3.23623e-78   0.00188065
 1.38231e-10 7.64018e-141
 3.53541e-42  9.50797e-18
3.15824e-165  0.000916882
  1.0698e-68  3.40006e-10
 9.76479e-25 2.89795e-205
2.14502e-201     0.337435
 8.72821e-10 7.15469e-134
3.80505e-177  3.06877e-14
1.85749e-148  7.85262e-08
  3.1026e-79  1.00664e-20
 3.61681e-18 2.01804e-201
 5.87295e-09 1.65415e-148
1.71054e-127  1.55638e-05
 4.30806e-92   0.00959363
 1.32872e-31 8.64773e-284
 2.85221e-35 5.47203e-269
 8.4807e-269  4.81112e-07
 2.19185e-18  7.1796e-208
  6.2913e-43 1.50701e-280
 1.24389e-51  6.36076e-10
 2.16557e-89  5.28663e-13
   0.0404249  1.41457e-96
   0.0957961 1.28125e-112
    0.114618  1.90394e-92
3.74106e-146  0.000419235
 0.000546261 1.23582e-136
3.53854e-113  1.40732e-07
    0.577106 5.19652e-102
6.68698e-107  1.05353e-10
 0.000425829  9.1952e-148
 6.54643e-33 9.96961e-298
1.53215e-105     0.248913
9.84688e-194  8.07647e-10
 1.56084e-17 1.70875e-228
 5.54534e-14 5.39986e-192
 6.31572e-34 3.94019e-255
 1.57549e-44  2.98447e-20
5.16093e-148  6.75122e-07
5.55297e-187     0.662552
 1.14841e-95  3.36988e-13
  4.984e-111  1.08874e-20
 4.54088e-27  3.9912e-234
 5.65074e-71    0.0024002
 2.03675e-30  8.1366e-235
 1.22555e-12 9.17069e-137
 1.63066e-69  7.48361e-42
 1.41541e-46     0.069392
3.15143e-140  1.04021e-23
 2.73052e-17 2.79422e-165
  1.2366e-13  7.97575e-06
 7.62406e-08            0
 1.28605e-13 2.79071e-146
 2.71068e-08 5.76751e-309
 1.17102e-14  5.81621e-05
 1.46462e-18 2.47524e-175
 3.72317e-12 4.69466e-138
 1.11367e-25 5.42361e-186
 2.91841e-74    0.0894107
2.35583e-132    0.0718632
    0.551665            0
 4.04244e-43  4.31585e-05
 1.19782e-21  6.64728e-39
3.07235e-116  1.97688e-09
9.81172e-164  1.44418e-15
 1.64879e-36  9.87679e-10
 5.27683e-68  7.08848e-16
 9.51811e-66   0.00889595
 1.48188e-05  3.24424e-94
1.71943e-156  1.68347e-09
  0.00662594  1.20325e-77
   0.0139174  4.87217e-78
4.00137e-100    9.372e-16
3.05637e-142  3.84273e-17
  0.00110241  4.56292e-60
 7.45155e-72  6.17418e-11
6.50426e-127  5.40787e-19
   0.0256496   1.4296e-71
1.58102e-125  2.61987e-13
 5.62175e-97      0.17111
  1.6611e-06 6.73762e-111
6.14436e-101     0.552531
    0.553091  1.49004e-75
   0.0017489  1.10953e-52
 9.41666e-86  8.03346e-15
   3.806e-63  3.38296e-12
1.12068e-135  3.72671e-13
 7.90418e-09  1.43269e-47
 1.24866e-06 2.37171e-126
  8.8644e-33  2.62927e-34
 8.03927e-92   1.7634e-12
 1.13808e-76  0.000109713
 6.64506e-76  4.89829e-08
8.70445e-153     0.010213
 1.42518e-78  1.73094e-05
 2.79263e-71  1.52794e-05
  0.00874786  2.80099e-82
2.64605e-150  1.85909e-22
  0.00650939  2.51744e-66
1.84073e-195  4.56389e-18
 2.64506e-90  8.08721e-13
  0.00238856  9.30635e-66
 3.99174e-20  1.19789e-65
 0.000652395  5.78125e-55
 2.22425e-16 8.09843e-123
  1.6703e-19 4.55436e-152
 2.37147e-17 4.16881e-134
 9.63216e-79    0.0662868
9.58211e-115  7.90635e-08
 1.04648e-34 2.85927e-185
 1.68411e-23  7.29909e-17
  4.9173e-10  1.07575e-29
 1.96931e-98  2.14744e-18
 1.1139e-100     0.202373
1.47961e-111  2.26374e-07
 1.23018e-58 1.46906e-221
9.98013e-122  2.82534e-27
 2.47984e-18  4.79706e-75
 1.25294e-21  9.39196e-90
 1.64052e-08  8.76864e-55
 6.20698e-37 2.08889e-143
9.43673e-152  2.32996e-21
 2.24368e-38  8.39053e-09
 4.19838e-09  3.95813e-45
3.12236e-233  3.32579e-26
 1.26523e-18  3.91621e-95
 2.24291e-10  7.37617e-46
 2.48128e-51 8.51157e-186
 3.20692e-23 3.55142e-114
 5.21301e-06  1.14645e-55
 1.49468e-21 2.61292e-122
1.78129e-139      0.55169
 4.96601e-29 5.15786e-139
 2.55765e-05  1.08919e-47
  1.4933e-07  8.20478e-77
 4.09085e-62     0.651501
 7.87997e-08  2.35999e-81
  0.00941854  9.79829e-58
 1.04426e-23 3.39695e-138
    0.012317   3.4717e-63
1.09991e-148   9.8009e-19
    0.562737  8.75564e-52
 2.0248e-195  1.73395e-21
 1.25931e-67  1.80608e-06
 4.1641e-158  0.000536366
 3.31206e-30 4.17904e-169
 6.97618e-09  1.33898e-95
6.85425e-104  1.70228e-06
 1.34072e-27  8.0887e-159
4.53566e-135  5.18975e-27
 2.54014e-51 1.31886e-234
1.08014e-161  2.32615e-14
 1.40509e-74  3.51351e-06
 6.6587e-115  0.000124224
   0.0801314  1.61616e-66
 2.49565e-10 1.72188e-111
 1.30071e-10 1.24066e-104
2.20388e-115   4.9252e-08
8.75018e-135     0.551667
 5.68136e-96    0.0364765
 8.74492e-11 1.11505e-121
  1.9503e-50  1.95584e-06
2.03653e-121  1.27366e-38
 2.69181e-22   0.00157308
 5.90209e-15 6.22847e-150
3.75194e-258  2.09902e-33
4.34653e-163  0.000418443
2.03967e-228  0.000285514
1.72549e-110   0.00698112
 6.67627e-36  9.44962e-13
 1.05024e-48  0.000346575
 5.64653e-43 2.40841e-248
1.83776e-119   2.3162e-21
 1.10836e-31 3.72359e-225
2.20682e-171  6.34248e-14
 2.08127e-58  1.66053e-13
 5.87719e-13 6.51675e-155
1.94707e-152  0.000274274
 8.6378e-273  1.85323e-42
 9.32191e-62   0.00037705
7.72663e-269     0.999936
 7.27628e-14 6.15373e-163
    0.337374  1.19281e-96
     0.66252 2.52966e-104
9.12014e-133     0.552765
  5.8754e-06 9.65966e-133
 8.66882e-06  1.7002e-128
 4.08552e-05 5.92675e-120
 1.60044e-16   3.6258e-53
 1.30067e-16  3.85246e-46
 1.60009e-11 2.87699e-151
 6.12014e-12 4.49903e-156
 2.91759e-84   0.00179591
 1.21727e-12 1.12765e-141
 3.36238e-75    0.0404466
 6.39118e-13 3.20192e-149
 2.46063e-17 4.88507e-110
 1.46842e-16 1.92087e-176
1.80074e-145   1.8229e-15
 9.81709e-95  3.59581e-10
 4.15276e-96  9.48051e-11
3.10126e-125  1.65941e-08
 2.03161e-17 4.20717e-126
 7.20273e-60 5.09795e-276
  3.9096e-22 2.47631e-174
  6.9863e-25 9.14066e-176
3.16871e-128  0.000821923
 5.83975e-43  2.11308e-59
 1.41153e-42    0.0337852
 3.47195e-70 9.52429e-289
 1.10841e-49  4.76126e-58
5.38354e-108  3.54853e-06
1.30865e-153     0.662219
 7.67566e-92  2.04658e-17
2.14578e-173  5.14265e-32
 5.79777e-97     0.158744
 2.79037e-40 1.26087e-205
 2.64378e-35  2.46968e-46
1.62984e-139  4.70684e-14
  1.0941e-59      0.30858
 6.61863e-43 1.08073e-209
 1.53833e-70 3.97055e-276
 4.57014e-44   5.635e-181
 6.51237e-49 5.88354e-123
 5.54978e-41 7.96362e-142
 2.57444e-46 1.92185e-200
 3.41646e-44   4.6775e-95
3.76665e-179  1.16391e-21
 1.97264e-33  3.77234e-40
3.92942e-100  2.25313e-06
 1.32347e-51 3.34778e-245
 1.76746e-48 3.59611e-243
 1.31347e-44 5.09952e-256
  3.0189e-44 1.96618e-278
 1.45336e-32   0.00580848
 1.41245e-25 1.15231e-104
 2.00634e-38 1.35332e-251
1.06994e-202   0.00178248
4.31567e-236    0.0024293
 8.30156e-18 3.75651e-103
9.68262e-135  5.45938e-20
 6.41373e-24  5.39815e-83
6.53869e-151     0.336679
 2.75992e-42 2.12537e-290
 3.49477e-28     0.230562
 0.000147808 1.40399e-122
 6.16156e-24  5.06055e-67
 0.000184599 4.62865e-146
 3.66243e-95  1.56301e-12
 7.19968e-35  7.3874e-298
  2.4933e-16 3.27261e-206
 4.07234e-10  1.39614e-89
 2.32533e-88  1.49349e-08
 3.58082e-39  3.97094e-05
 1.09115e-92  2.15445e-26
1.08707e-161   0.00023432
 2.87961e-74  3.92763e-05
 9.74343e-17 3.06544e-226
 8.75497e-42  2.66267e-20
1.74276e-217  1.40227e-09
 9.79232e-31  2.69355e-43
1.54674e-114  0.000201052
    0.018097 4.89586e-130
3.09649e-125  5.64232e-20
 4.99126e-26  2.20775e-42
 2.91396e-10  7.77607e-78
 8.00296e-69  4.39304e-05
1.51706e-136  9.82444e-07
 1.35753e-17  4.39232e-61
5.45235e-166     0.658141
    0.554465 7.72991e-139
 4.12132e-43  4.99804e-19
  0.00263966 1.77247e-174
 2.54141e-73  9.86775e-45
 1.02392e-81  1.75076e-17
   0.0106981  9.3283e-159
   0.0444672 1.20583e-125
 6.44688e-49  2.08986e-14
 5.94074e-53  3.07348e-27
    0.014334 1.36791e-133
   0.0037927 5.81017e-152
 1.54188e-05  2.23423e-88
 1.98036e-15  0.000744162
 1.54137e-83  4.44576e-10
 0.000959447 3.12977e-124
 8.41127e-67   3.3247e-16
 1.26113e-28  1.77317e-35
 4.35678e-06  5.00681e-40
8.82679e-116     0.336932
 3.53094e-72  1.50449e-05
 1.21637e-06  4.87812e-66
  0.00365723 8.84515e-171
 0.000241826   1.7814e-69
  0.00405987  7.08381e-93
7.42481e-116    0.0555831
 3.94215e-41  9.48878e-37
 2.52913e-76  1.14988e-09
    0.216111  3.2699e-116
    0.610903 8.50564e-149
 1.17913e-10 6.76946e-210
 2.01559e-29  7.47545e-37
  0.00165051 6.16133e-118
 1.03462e-88  3.94152e-17
  0.00196232 7.34346e-136
 1.80587e-08 2.47506e-177
 1.76372e-21  1.28713e-67
 2.00548e-71  2.71297e-13
 8.75564e-52      0.66206
1.43942e-102    0.0342903
 2.61011e-08 1.03868e-159
2.40791e-183  3.68942e-07
  8.554e-120   4.0672e-23
 3.29334e-46     0.559799
1.18449e-140  1.42707e-15
2.35771e-157  2.63894e-07
 1.91433e-11 1.78609e-106
 3.26985e-83  1.68409e-14
 6.99408e-13  3.57332e-90
 1.25877e-31  1.26238e-22
 7.48304e-14 1.79483e-118
 2.21233e-15 1.11977e-118
 2.15562e-65  2.69748e-27
 5.79533e-40   1.7434e-59
 1.03724e-29  9.97738e-62
4.46248e-122  2.01263e-10
 5.85757e-25  2.83208e-81
 7.92821e-23  1.4777e-127
 1.85166e-33  4.27392e-80
  3.9595e-28 3.64192e-112
 4.86829e-27 1.07442e-106
1.73191e-147  5.46728e-06
 9.20883e-92     0.551717
 4.4647e-178   0.00322202
 2.40098e-91  1.28324e-19
8.51845e-123  1.09623e-17
  4.2086e-08   0.00245049
4.61456e-132  1.03886e-28
 5.74564e-23 4.46924e-125
 9.32093e-21 1.23893e-136
 4.17562e-72  6.75362e-21
 2.14739e-24  6.53681e-94
6.46661e-202      0.29751
  5.2362e-18  2.3023e-140
 9.03672e-91  3.58621e-07
  1.5059e-15 2.65956e-145
 2.28462e-29  4.33463e-88
7.25742e-104  8.01235e-08
 1.23481e-71  2.32824e-06
 8.64326e-12 6.62363e-153
1.36449e-114     0.223201
 3.37201e-85  1.30643e-23
 2.11921e-25  3.43997e-94
 7.38039e-98  3.09222e-11
 3.04743e-40  1.59349e-08
 3.88314e-91  1.85266e-29
 9.82695e-59  3.30797e-27
1.45736e-143  1.64209e-15
1.67295e-111   0.00551623
 1.21378e-95     0.171369
 2.71627e-21  2.15518e-94
 4.52248e-89  2.59066e-22
 2.04311e-54  8.81069e-11
 4.80962e-56  1.01113e-07
5.67544e-120   6.0761e-05
 1.39827e-92  1.06019e-11
  3.0066e-06 1.35925e-122
 3.6434e-100  2.83308e-17
6.71784e-138  2.27281e-05
    0.259757 7.83946e-194
 3.80782e-29   3.4975e-67
    0.643721 6.38926e-186
 8.91437e-06  1.8205e-118
     1.01198 2.44377e-171
      1.0025 1.25556e-166
2.23917e-177   2.2435e-10
1.32407e-111    0.0386359
 6.30469e-07 3.89708e-213
 1.5229e-110  7.05957e-11
1.64424e-134  1.38422e-44
 3.66764e-05 4.78246e-134
 1.14306e-06 8.29277e-203
 7.56444e-11 4.32971e-103
 1.06013e-54  5.00664e-36
 2.97931e-18   0.00050918
 1.05991e-11  1.57821e-99
 3.81522e-13 8.91789e-100
 1.38638e-15 1.35523e-120
 7.19559e-28  1.24351e-70
 1.47259e-16 8.57722e-119
 2.42738e-34  2.03253e-71
 7.12935e-36  8.90603e-65
3.78753e-220  1.77787e-09
1.25161e-126  5.85748e-06
 1.00351e-67  0.000148241
 7.78363e-08  1.79829e-62
  7.4351e-14 1.71814e-122
 1.22041e-22  4.98273e-82
 2.44295e-15 5.45605e-251
7.91283e-141  1.63038e-19
2.15518e-243  3.27791e-17
 3.04585e-09 2.41669e-127
6.96419e-109     0.133588
 1.58083e-60   0.00154427
1.41063e-187  6.64528e-09
  1.6688e-82  5.72031e-32
 5.24169e-09 3.12758e-126
 5.59386e-35  1.06277e-07
 4.81956e-89     0.256103
 1.88468e-05 5.87656e-136
 1.07498e-49   2.8363e-26
  0.00209904 4.86202e-162
 1.78441e-96  8.49411e-08
1.66369e-178  5.84178e-10
 2.77249e-06   8.1366e-97
 1.04341e-68   0.00230483
 1.41683e-06 2.11859e-205
 1.61178e-64  9.94159e-40
  0.00652071 1.38656e-149
 1.41491e-83  1.98328e-17
 1.21338e-16  2.40707e-69
 0.000138355 1.30462e-105
  0.00193275  1.7277e-127
2.87133e-160  5.94928e-08
    0.552102 5.21477e-167
 6.22529e-06 2.26484e-106
1.75352e-189  1.82064e-21
 1.14688e-07 1.25736e-111
 3.00003e-51    0.0913962
 4.17127e-24  0.000299223
 2.14468e-08 4.70495e-204
2.41527e-135  2.24079e-15
 7.04366e-09 8.26339e-210
   0.0146259 6.69213e-161