 0.00103641    0.900064
 0.00104098  0.00091158
   0.900104 0.000634811
 0.00103212 0.000627233
 0.00103227 0.000627356
 0.00103251 0.000627537
 0.00103284 0.000627772
 0.00103326  0.00062806
 0.00103375 0.000628395
 0.00103432 0.000628773
 0.00103496 0.000629189
 0.00103564 0.000629637
 0.00103637  0.00063011
 0.00103713 0.000630601
 0.00103791 0.000631103
  0.0010387 0.000631608
 0.00103949 0.000632109
 0.00104026 0.000632597
 0.00104099 0.000633066
 0.00104169 0.000633508
 0.00104233 0.000633916
 0.00104292 0.000634284
 0.00104343 0.000634606
 0.00104385 0.000634877
  0.0010442 0.000635092
 0.00104444 0.000635248
 0.00104459 0.000635343
 0.00104464 0.000635375
 0.00104459 0.000635343
 0.00104444 0.000635248
  0.0010442 0.000635092
 0.00104385 0.000634877
 0.00104343 0.000634606
 0.00104292 0.000634284
 0.00104233 0.000633916
 0.00104169 0.000633508
 0.00104099 0.000633066
 0.00104026 0.000632597
 0.00103949 0.000632109
  0.0010387 0.000631608
 0.00103791 0.000631103
 0.00103713 0.000630601
 0.00103637  0.00063011
 0.00103564 0.000629637
 0.00103496 0.000629189
 0.00103432 0.000628773
 0.00103375 0.000628395
 0.00103326  0.00062806
 0.00103284 0.000627772
 0.00103251 0.000627537
 0.00103227 0.000627356
 0.00103212 0.000627233
 0.00103208 0.000627168
 0.00103213 0.000627163
 0.00103227 0.000627217
 0.00103251 0.000627328
 0.00103285 0.000627495
 0.00103326 0.000627715
 0.00103376 0.000627984
 0.00103433 0.000628298
 0.00103496 0.000628651
 0.00103565 0.000629038
 0.00103638 0.000629453
 0.00103714 0.000629888
 0.00103793 0.000630336
 0.00103872 0.000630791
  0.0010395 0.000631244
 0.00104027 0.000631689
 0.00104101 0.000632118
 0.00104171 0.000632523
 0.00104235 0.000632898
 0.00104293 0.000633238
 0.00104344 0.000633535
 0.00104387 0.000633785
 0.00104421 0.000633985
 0.00104446 0.000634129
 0.00104461 0.000634217
 0.00104466 0.000634247
 0.00104461 0.000634217
 0.00104446 0.000634129
 0.00104421 0.000633985
 0.00104387 0.000633785
 0.00104344 0.000633535
 0.00104293 0.000633238
 0.00104235 0.000632898
 0.00104171 0.000632523
 0.00104101 0.000632118
 0.00104027 0.000631689
  0.0010395 0.000631244
 0.00103872 0.000630791
 0.00103793 0.000630336
 0.00103714 0.000629888
 0.00103638 0.000629453
 0.00103565 0.000629038
 0.00103496 0.000628651
 0.00103433 0.000628298
 0.00103376 0.000627984
 0.00103326 0.000627715
 0.00103285 0.000627495
 0.00103251 0.000627328
 0.00103227 0.000627217
 0.00103213 0.000627163
 0.00103208 0.000627168