 0.00103724         0.9
 0.00104234 0.000943336
        0.9 0.000635323
 0.00103248 0.000626896
 0.00103264 0.000627033
 0.00103291 0.000627234
 0.00103328 0.000627496
 0.00103374 0.000627816
 0.00103429 0.000628189
 0.00103493 0.000628609
 0.00103563 0.000629072
  0.0010364  0.00062957
 0.00103721 0.000630096
 0.00103805 0.000630642
 0.00103892   0.0006312
  0.0010398 0.000631762
 0.00104068 0.000632319
 0.00104153 0.000632862
 0.00104235 0.000633384
 0.00104313 0.000633875
 0.00104385 0.000634329
 0.00104449 0.000634738
 0.00104506 0.000635096
 0.00104554 0.000635397
 0.00104592 0.000635637
 0.00104619  0.00063581
 0.00104636 0.000635916
 0.00104641 0.000635951
 0.00104636 0.000635916
 0.00104619  0.00063581
 0.00104592 0.000635637
 0.00104554 0.000635397
 0.00104506 0.000635096
 0.00104449 0.000634738
 0.00104385 0.000634329
 0.00104313 0.000633875
 0.00104235 0.000633384
 0.00104153 0.000632862
 0.00104068 0.000632319
  0.0010398 0.000631762
 0.00103892   0.0006312
 0.00103805 0.000630642
 0.00103721 0.000630096
  0.0010364  0.00062957
 0.00103563 0.000629072
 0.00103493 0.000628609
 0.00103429 0.000628189
 0.00103374 0.000627816
 0.00103328 0.000627496
 0.00103291 0.000627234
 0.00103264 0.000627033
 0.00103248 0.000626896
 0.00103243 0.000626824
 0.00103248 0.000626818
 0.00103264 0.000626878
 0.00103291 0.000627002
 0.00103328 0.000627188
 0.00103375 0.000627433
  0.0010343 0.000627732
 0.00103494 0.000628081
 0.00103564 0.000628474
 0.00103641 0.000628904
 0.00103722 0.000629365
 0.00103807 0.000629848
 0.00103894 0.000630347
 0.00103982 0.000630853
 0.00104069 0.000631357
 0.00104155 0.000631851
 0.00104237 0.000632328
 0.00104315 0.000632779
 0.00104386 0.000633196
 0.00104451 0.000633574
 0.00104508 0.000633904
 0.00104556 0.000634183
 0.00104594 0.000634404
 0.00104621 0.000634565
 0.00104638 0.000634663
 0.00104644 0.000634696
 0.00104638 0.000634663
 0.00104621 0.000634565
 0.00104594 0.000634404
 0.00104556 0.000634183
 0.00104508 0.000633904
 0.00104451 0.000633574
 0.00104386 0.000633196
 0.00104315 0.000632779
 0.00104237 0.000632328
 0.00104155 0.000631851
 0.00104069 0.000631357
 0.00103982 0.000630853
 0.00103894 0.000630347
 0.00103807 0.000629848
 0.00103722 0.000629365
 0.00103641 0.000628904
 0.00103564 0.000628474
 0.00103494 0.000628081
  0.0010343 0.000627732
 0.00103375 0.000627433
 0.00103328 0.000627188
 0.00103291 0.000627002
 0.00103264 0.000626878
 0.00103248 0.000626818
 0.00103243 0.000626824