7.40042e-54 2.27138e-16
7.33893e-29 7.15725e-05
1.28566e-50 3.21804e-17
1.82177e-17 3.55274e-61
1.09802e-25 4.64917e-29
5.48441e-56 9.30426e-14
 3.0621e-09 4.99706e-38
5.68087e-49 1.24807e-17
0.000108217 8.37211e-69
5.49471e-25 1.16595e-43
4.16895e-39 3.46783e-16
8.48579e-19 6.58201e-51
 0.00280789 3.10654e-70
 5.9284e-34 3.16234e-21
 1.6526e-61 3.36927e-14
1.35065e-13 1.53616e-24
2.37722e-28  0.00169634
8.14031e-18  2.4574e-31
 7.8634e-17 8.33304e-50
2.38865e-44 7.00696e-16
3.54377e-29 5.07958e-13
1.06579e-54 4.43386e-66
1.01373e-50 8.63527e-38
5.58702e-47 1.40937e-24
1.91069e-28 2.38572e-26
4.00847e-22 2.21694e-31
4.74794e-29   1.701e-45
1.04764e-19 5.07975e-55
1.62667e-54 1.07517e-37
1.05041e-32 4.85208e-39
4.51253e-25 2.09074e-53
9.34816e-10 1.73946e-65
6.05299e-31 4.38888e-17
2.64322e-13 2.13101e-30
3.18726e-44 2.40584e-30
 6.5887e-51 1.98574e-09
9.88821e-18 8.81707e-46
 1.2488e-52 2.10461e-18
3.52576e-27 2.47332e-25
7.80634e-29 2.21347e-40
2.52893e-31 1.31757e-52
3.45359e-36 8.89531e-21
5.77444e-33 4.24591e-45
1.03899e-44 9.03898e-29
3.72327e-20 4.23863e-36
4.35524e-25 8.38079e-27
6.18033e-34 3.65984e-38
1.51844e-17 7.93395e-24
4.18505e-09 4.83909e-51
6.78724e-21 2.35712e-28
3.60192e-18 2.64087e-42
9.34159e-72 8.21912e-32
1.11961e-35 1.01661e-15
7.72889e-15  7.7571e-40
5.94556e-47 5.38317e-19
6.03219e-43  4.6118e-15
3.14722e-53 9.47686e-13
1.65759e-29 7.94936e-17
1.01471e-61 1.08894e-25
 2.5999e-12 5.96791e-41
3.61141e-25 8.85649e-28
1.81347e-09 1.80413e-49
9.59861e-19 5.28752e-52
2.87079e-17 5.09126e-54
6.00155e-41 3.17916e-56
1.93571e-17  6.8567e-18
7.47944e-36 3.62439e-68
6.42082e-36 6.10205e-13
4.16407e-49 6.11571e-31
8.26403e-37 1.92536e-21
1.35502e-09 1.10911e-43
3.42691e-05 6.15056e-34
1.20912e-27 1.90672e-67
8.44012e-43 1.73106e-41
2.94875e-45 2.14697e-25
2.21193e-35 1.46261e-05
2.21593e-54  1.4621e-17
3.04776e-50 3.17651e-51
7.72098e-44  4.1872e-77
3.14679e-13 7.01714e-45
1.69609e-81 1.74775e-33
4.54986e-24 1.13517e-45
3.05816e-19  2.1724e-58
 1.0077e-05 7.66832e-69
7.36237e-12 1.99171e-57
9.99863e-52 9.06054e-35
1.40535e-40 2.32784e-24
 5.0273e-52 1.19844e-16
9.02829e-55 2.32998e-57
 2.4135e-39 0.000123743
9.99568e-28 5.76819e-39
2.72794e-81 2.49224e-30
 3.6861e-30 5.72246e-31
8.27943e-19 1.25028e-50
3.34978e-48 2.31742e-30
4.95738e-47 7.90028e-35
4.33287e-49 2.10913e-17
5.54851e-08 1.06922e-58
1.01726e-06 3.22404e-29
1.58596e-21 1.09059e-10
2.11735e-30 4.55712e-31
7.86819e-48  8.0779e-27
5.57206e-36 6.08223e-25
8.60495e-09 7.98351e-44
9.94921e-14 4.85425e-19
1.36831e-31 2.97282e-39
1.30312e-19 2.01106e-49
6.20146e-42 1.15179e-43
1.58833e-28 1.63237e-49
7.81318e-32 8.99773e-37
3.32272e-39 1.35905e-37
1.73501e-38 4.91116e-76
7.82334e-43 1.73007e-18
1.17702e-09 1.05607e-26
3.26338e-26 5.68453e-17
2.00075e-40 1.92605e-38
3.49308e-25 5.42304e-33
4.52345e-60 2.42696e-08
4.77796e-29  5.2771e-75
9.16635e-23 2.88004e-14
9.47532e-62 4.60657e-23
3.86013e-31 1.06409e-43
2.43435e-42 1.45665e-32
 2.8647e-33 1.08929e-30
2.17049e-41 3.34166e-11
2.75398e-12 7.63558e-37
 5.0375e-05 1.23852e-34
 0.00255664 1.70455e-40
4.06178e-19 1.11274e-25
3.34006e-28 6.29468e-24
2.05059e-26 1.23693e-27
  1.303e-12 5.51249e-59
3.91205e-24 3.14165e-47
6.25055e-19  4.9023e-23
6.45228e-45 4.52431e-20
6.84123e-30 1.32837e-44
1.80077e-21  1.4949e-26
7.53239e-41 3.85995e-28
1.64478e-35 1.02793e-14
2.83491e-21 5.62865e-32
9.25656e-30 1.60928e-25
2.87535e-46 1.15894e-83
 4.1886e-46 5.29294e-12
3.67772e-37 3.47649e-25
1.38091e-20 2.54507e-19
1.65397e-29 3.86452e-56
3.77693e-23  7.0372e-21
5.41933e-39 4.30545e-58
1.66864e-14 6.96227e-61
1.11925e-43 1.16004e-26
2.53179e-47 2.38698e-16
1.07112e-22 2.55702e-23
5.32445e-34 2.02058e-44
2.43596e-18 2.97668e-56
 2.2846e-36 6.91907e-22
7.72848e-27 1.81494e-31
1.43272e-54 9.49445e-19
1.16028e-11 1.96007e-21
1.18169e-21 3.93912e-48
5.50982e-47 1.86687e-15
1.81682e-14 1.13611e-42
2.07443e-20 2.31682e-48
2.46013e-46 1.87526e-09
4.85567e-27 4.01572e-53
7.82849e-15 1.79717e-39
 1.3018e-11 1.27461e-41
1.31397e-21 1.65636e-38
1.06081e-17 1.64193e-65
4.66791e-48 6.44489e-10
5.74888e-18 9.22466e-59
4.48421e-41 1.92322e-32
 5.9256e-56 2.34622e-13
2.81972e-20 3.11614e-44
2.17536e-42 1.83186e-23
1.79521e-18 6.33418e-34
5.41175e-06 1.33769e-29
2.72509e-49 1.05829e-17
3.22668e-09 6.51612e-26
1.61291e-48 8.01385e-27
8.46339e-15 4.33472e-29
1.18364e-18 2.13248e-57
5.90444e-25 2.80607e-36
1.60172e-47 2.59304e-12
 1.8216e-50 1.73719e-27
3.91919e-16 1.85292e-14
0.000597623 5.53842e-32
6.14443e-22 7.21833e-50
 1.8772e-25 4.93564e-07
4.03931e-32 2.73446e-47
9.79611e-37 6.18255e-54
1.06485e-17 5.59909e-32
 2.1627e-36 2.84998e-37
3.57846e-55 9.62695e-19
8.10064e-20 5.10088e-61
7.02545e-21 5.06068e-43
 9.2118e-13 2.35331e-20
2.69223e-51 1.60429e-48
1.36969e-44 2.21551e-43
3.71977e-25 1.13278e-50
1.49021e-22   3.414e-42
1.86377e-60 5.68159e-81
5.66109e-30 3.46589e-62
6.71582e-29  1.1136e-53
1.03475e-08 3.01964e-28
8.23729e-33 1.06528e-54
1.27442e-68  2.2842e-17
 2.9586e-58 3.75175e-09
1.19818e-17 9.11801e-14
6.28463e-42 1.06215e-23
1.84757e-34 3.76814e-32
6.48095e-36  5.6039e-46
 2.3526e-30 2.20649e-15
6.26802e-07 2.56571e-48
3.75084e-26 2.41025e-29
2.77845e-61 7.90791e-76
5.84839e-09 1.97158e-27
5.89986e-40 2.83805e-85
8.66414e-38 6.07814e-14
8.76832e-47 5.58069e-30
2.05278e-36 2.12803e-45
1.85445e-19 9.21732e-15
1.40754e-32 6.09626e-19
7.67867e-37 2.06604e-25
3.68711e-19 8.78764e-37
1.02641e-35 3.39373e-48
4.55461e-53 1.70442e-17
2.74225e-06 1.23198e-74
5.01403e-22 6.27627e-61
1.57876e-13 4.27572e-17
2.45796e-25 6.61549e-51
1.76371e-29 0.000285982
6.77985e-14 2.19096e-66
1.85188e-52 2.80184e-05
1.31241e-28 1.20077e-35
2.74709e-06 2.97863e-35
2.48378e-51 5.48528e-16
1.48951e-10 1.97389e-45
8.59606e-37  3.0214e-95
3.82966e-20  3.0001e-36
2.57336e-50 2.65801e-19
1.36116e-15 4.21075e-17
5.81672e-38 1.01529e-37
 1.5752e-45 4.89862e-09
1.65591e-16 9.02843e-65
1.05046e-29 4.22436e-15
1.18365e-33 1.61923e-07
2.65853e-33 3.34344e-19
2.69524e-50 5.12429e-15
3.51829e-16 8.38213e-49
2.78698e-21 8.90509e-69
4.87732e-12 2.60965e-39
 2.2236e-25 1.61829e-22
 2.2135e-35 1.85591e-12
1.56929e-38 2.59808e-10
8.33183e-10  4.2428e-36
2.69911e-20 1.37388e-61
1.19164e-69  1.2826e-21
3.92758e-08 6.45068e-29
7.53185e-48 1.10215e-35
3.36229e-22 2.99612e-47
7.75225e-56 1.23805e-24
6.29725e-29 8.08824e-49
3.40157e-31 4.27144e-27
2.40814e-23 3.02155e-49
2.09497e-28 5.31778e-68
1.53465e-14  2.2717e-27
2.44471e-43 2.35083e-32
2.71457e-21 1.46856e-68
1.92385e-44 1.62038e-21
6.26235e-33 1.48944e-91
 1.9456e-37 2.19643e-19
4.85102e-40 7.61335e-40
1.02705e-16 3.56662e-49
1.49288e-19 5.73828e-32
1.36025e-31 1.08718e-52
4.70722e-26 1.18876e-34
1.87085e-31 8.18718e-57
7.65069e-20 1.68742e-18
 8.8052e-13 2.71737e-48
5.99179e-28 1.94864e-65
 4.4868e-33  0.00011947
2.83658e-22 1.40746e-61
1.54766e-21 1.02578e-36
2.03677e-35 6.47623e-33
1.85751e-24  4.2379e-44
2.32638e-41 3.41755e-44
1.08131e-34  1.4289e-79
1.73167e-43  1.8296e-95
1.08493e-32  1.7337e-25
 6.2207e-44  1.8585e-25
4.73491e-51 4.92929e-32
2.29967e-22 4.62814e-37
 1.6456e-42 2.35108e-23
6.48238e-31 8.02198e-27
7.26193e-11 8.34701e-29
 1.2944e-54 1.78673e-06
3.88846e-64 3.25123e-69
2.04202e-34 4.44137e-97
 7.0596e-18 4.93456e-52
3.66881e-15 7.14151e-54
3.47681e-35 5.55544e-42
1.35683e-33 5.11411e-55
3.14511e-43 2.77717e-36
5.83617e-52 3.66416e-31
1.11115e-26  1.9333e-60
7.60401e-22 6.71367e-60
4.20787e-50 1.08143e-35
5.64281e-27 2.68429e-58
6.17227e-13 4.31503e-51
1.04652e-45 4.59667e-14
1.44812e-11 3.07748e-22
3.83787e-23 6.38338e-24
 1.2591e-06 1.58037e-35
1.50838e-11 3.88643e-63
2.91559e-64 4.80125e-67
 4.3014e-33  3.8021e-41
1.62058e-32  5.7045e-61
3.47665e-26 1.60029e-25
1.17968e-43 6.24934e-23
4.45892e-15 2.64031e-47
2.35671e-24 1.76855e-51
2.23592e-36 1.00054e-29
7.30284e-17 4.00492e-43
2.34799e-55 1.33174e-08
7.69108e-31  3.1837e-27
1.72508e-14 4.69139e-53
6.85566e-48 1.82405e-49
5.18687e-32 5.65992e-06
 5.2156e-50 1.23283e-60
1.08308e-26 2.63313e-53
6.23193e-44 4.47479e-29
2.35569e-42 1.06587e-34
1.20656e-20 2.49254e-12
3.98464e-07 6.66699e-69
 4.4948e-25 6.28213e-33
2.96381e-31  0.00244363
   7.91e-10 1.29251e-33
 1.8882e-63  0.00033686
1.49862e-14 1.57261e-17
6.02787e-12 2.29823e-41
3.20227e-25 4.18535e-18
1.09609e-14 3.37908e-60
1.14294e-37  3.0406e-57
2.68005e-38 3.89794e-74
1.32004e-39 2.80449e-39
2.51728e-48 1.67868e-39
9.32449e-35  5.2633e-31
2.98303e-24 4.09421e-14
1.92359e-10 8.22486e-46
6.55548e-48 0.000475111
3.83233e-44 3.39259e-16
7.89581e-14 1.20951e-29
3.18028e-11  4.3344e-40
2.81428e-15 1.53672e-44
2.49082e-24 4.14464e-50
5.91197e-13  8.2727e-62
3.56378e-55 1.04601e-18
1.27784e-15 1.16389e-25
1.42681e-16 2.84509e-41
1.60981e-29 1.18154e-45
 2.5176e-13 3.94639e-27
5.57037e-05 4.24154e-73
1.24672e-18   1.239e-39
8.97641e-59 1.55781e-25
1.07825e-62 5.64371e-13
2.20154e-25 9.33105e-82
1.76927e-54 1.47097e-40
9.05443e-37 4.76211e-41
8.53264e-29 4.42908e-40
 1.1003e-20 4.72526e-21
3.79837e-05 2.22161e-32
1.65096e-19 1.88448e-82
1.27493e-33 8.79069e-55
 1.6784e-27 3.65147e-24
3.38924e-65 4.23763e-77
1.57972e-30 4.55188e-37
3.32622e-48 1.94009e-18
5.72549e-26 4.47886e-18
1.26271e-31 1.47988e-27
1.46553e-14 6.62478e-43
   0.996007 7.37174e-30
2.28383e-38 4.42988e-21
2.77879e-38 2.89521e-74
7.53476e-42 4.04895e-31
6.06384e-18 7.86512e-44
4.72298e-24 4.85804e-26
1.58267e-21  1.4067e-11
7.79344e-21 1.72651e-37
1.76947e-23 7.16918e-18
4.36064e-31 1.25327e-32
6.51381e-35 4.27824e-19
5.46419e-48 2.20857e-84
 1.3126e-60 1.47873e-26
1.06362e-21 6.99422e-11
8.54406e-43 3.39468e-26
1.33462e-37  4.3848e-25
1.49882e-37  1.1066e-37
1.01896e-65 2.17448e-31
1.63488e-47 9.19943e-08
1.67008e-15 7.56262e-54
2.50435e-19 4.14138e-65
3.92061e-15 5.48841e-43
1.68332e-46 4.56548e-61
1.20622e-39    0.996014
2.02908e-30 1.32589e-30
4.60815e-27 4.67261e-15
 6.6149e-30 6.54203e-51
4.38089e-57 3.07945e-71
 1.6983e-38 9.12464e-17
2.71237e-36  2.2552e-85
1.20188e-48   2.966e-17
3.71045e-10 2.15675e-43
 8.9261e-30 5.01047e-32
2.09135e-06 1.94347e-66
 5.0261e-26 1.78411e-47
1.90576e-55 2.26954e-19
4.13898e-29 1.29745e-22
7.31917e-62 1.73059e-23
6.58119e-18 2.71526e-38
1.06034e-41 5.32338e-11
6.92208e-52 4.32004e-20
4.89375e-11 2.05166e-36
6.53497e-19 1.18581e-51
1.04766e-42   6.611e-81
5.23864e-28 2.74807e-47
6.33439e-27 6.10105e-32
8.09992e-12 2.40788e-30
1.47877e-30    0.996005
4.31064e-14 3.61158e-61
6.31756e-23 1.55772e-16
4.75382e-31 2.67239e-58
1.47374e-12 4.40159e-19
1.72163e-62 2.25791e-28
1.49766e-64   2.999e-14
4.27257e-38 2.44958e-57
3.58512e-23 6.45967e-51
5.17884e-21 7.65619e-44
4.10733e-14 5.60826e-25
3.09265e-22 2.68853e-35
3.66241e-58 6.72471e-74
2.96094e-15 3.61045e-53
 1.5886e-25 2.61709e-33
7.61174e-14 1.30442e-40
4.55162e-47 3.35176e-39
9.65661e-39 8.77375e-33
2.20784e-48 1.82944e-36
2.34225e-30  5.7642e-14
9.32266e-05 3.18215e-29
5.58197e-28 3.44723e-41
 9.2834e-20 1.20259e-21
2.86976e-36 7.39353e-75
3.92024e-16 8.09388e-36
2.75614e-15 9.35475e-52
3.18624e-17 5.06867e-29
1.09335e-18  1.3528e-31
5.13813e-32 2.36838e-19
2.52888e-26 3.48549e-43
1.28238e-45 9.05803e-39
5.98303e-24 1.08648e-14
1.03142e-32 9.08988e-89
6.45745e-37 6.58957e-21
4.19393e-33 1.10364e-57
3.00829e-26 2.92535e-05
1.95556e-18 2.17695e-42
2.19345e-28 1.85691e-12
2.38424e-52 2.02521e-60
3.02601e-24 3.93253e-30
 4.1608e-41 2.14844e-10
1.96313e-52 8.03747e-45
4.05433e-51 1.05158e-79
8.52839e-51 2.22756e-29
2.75222e-39 2.33118e-38
  3.794e-43 6.54827e-23
 1.5313e-53  1.0397e-16
5.94341e-37 1.96443e-33
4.45853e-12 4.37221e-42
1.71485e-39 1.93318e-68
2.95639e-44 3.44326e-34
3.23864e-27  1.0918e-60
5.53325e-52 6.87238e-61
1.48457e-21  3.6705e-72
1.32375e-41  0.00010075
6.40855e-27 3.57527e-17
1.05371e-21 6.50868e-70
2.77827e-20 2.31392e-55
2.66083e-11 1.47063e-25
 2.0809e-19 1.53789e-47
4.56699e-25 1.24566e-51
8.78025e-26 4.18716e-66
3.21972e-20  4.6207e-58
2.09789e-36 1.00918e-17
4.94321e-36 2.19042e-35
2.84001e-46 1.50052e-22
 8.4832e-49 5.89193e-24
1.20336e-40 9.55472e-32
1.70303e-32 1.87922e-34
1.47817e-48 1.26387e-11
7.86633e-59 1.20565e-09
5.72367e-32 9.67085e-32
3.79686e-15 3.58993e-19
5.85707e-36 3.27327e-32
2.38408e-28 1.78964e-05
 1.7447e-36 2.51883e-22
 4.2356e-19 4.16581e-16
1.58516e-06 1.32668e-72
5.30546e-78 2.71649e-27
2.01101e-08 3.41693e-23
6.51187e-16 1.35387e-71
5.77342e-30 0.000178027
1.13081e-05 4.09855e-26
4.16319e-26 2.87585e-28
3.59236e-20   1.689e-10
7.37174e-30    0.996009
6.46458e-21 5.81295e-45
1.50744e-26  1.5151e-68
1.58742e-26  1.4956e-58
1.25188e-34 5.04837e-52
2.51574e-26 9.53152e-26
1.81088e-36 3.48128e-18
 2.1423e-28 2.34021e-31
3.11246e-33 5.14548e-25
1.25788e-29 1.13316e-15
8.24184e-18 6.20643e-21
1.14924e-20 1.24793e-36
3.40191e-23 4.86491e-50
6.44874e-25 5.03667e-44
6.08366e-59 1.63565e-09
4.29533e-31 2.85731e-14
2.62217e-36 7.51268e-26
4.88895e-17 4.02101e-28
7.94838e-10  1.5624e-43
1.11861e-23 2.13874e-67
2.16953e-26 1.55161e-43
2.46874e-38 5.41663e-33
1.30374e-30 3.90046e-68
2.35186e-15 2.11067e-63
7.02789e-27 2.46152e-30
9.18664e-11 4.48028e-72
4.10082e-19 3.66463e-27
2.26353e-43 1.18483e-26
1.43828e-12 2.71896e-46
3.33776e-57 3.99045e-72
1.54128e-34 1.73354e-33
7.46751e-14 1.16231e-30
 2.5667e-14  6.6424e-53
7.19273e-27  5.1888e-35
6.19768e-17 3.47401e-43
1.20038e-50 9.32233e-21
 2.0803e-22 1.10937e-41
 4.5495e-38 7.69307e-20
8.26537e-50 8.76871e-34
8.84934e-25 1.30554e-32
8.41828e-09  1.6129e-65
2.48937e-26 8.56509e-15
1.11171e-07 8.12335e-47
5.42674e-23 8.55238e-49
1.93856e-38 2.79426e-31
1.02553e-43 1.27453e-27
1.96002e-24 1.88293e-54
7.10999e-06  1.8706e-57
5.83396e-19 1.57008e-72
5.02016e-35 3.20159e-50
1.43606e-42 2.04633e-46
1.79733e-30 5.26325e-39
4.45184e-08 9.94124e-51
6.14143e-23 3.18074e-43
1.83808e-52 2.60459e-26
1.40531e-23 1.75288e-49
 7.5766e-25 2.47665e-42
2.93606e-16 3.50803e-33
 1.7607e-11 7.16682e-42
4.54369e-30 2.41645e-60
9.95117e-58 9.96416e-23
1.16386e-26 6.31074e-44
7.33665e-44  2.2869e-14
8.49789e-42 1.57755e-33
6.88619e-29  5.9884e-11
3.39906e-34 8.09249e-25
2.99727e-38  5.8943e-26
 6.5402e-19  3.1834e-43
2.02001e-51 5.21662e-75
4.09321e-21 1.60989e-44
1.85563e-40 3.44916e-59
3.46933e-24 7.93648e-50
7.55075e-22 1.09509e-31
1.83474e-28 3.93462e-42
1.91757e-16 1.28603e-46
4.53512e-30 0.000229144
9.90603e-46 1.00102e-19
1.15152e-16 2.46182e-24
6.54414e-37 5.91777e-53
4.55395e-28 9.60285e-13
4.47724e-43 8.35876e-41
1.95028e-36 1.07651e-44
2.68853e-13 8.90548e-39
2.01276e-13 1.14388e-59
8.70806e-38 7.04376e-30
1.03786e-39 1.00856e-28
3.91689e-27 2.30372e-41
1.48349e-10 1.15971e-22
5.05821e-07 6.66423e-26
 8.4289e-47 2.79437e-22
4.32128e-44 3.41969e-21
1.03396e-31 5.10624e-32
 0.00141769 2.80415e-31
9.24562e-40 8.56847e-33
 7.1198e-19 1.24745e-51
1.00868e-15  1.2417e-29
4.98117e-17 1.78859e-53
 0.00011052 4.29656e-69
2.82804e-22 2.12659e-12
1.20626e-21 3.28641e-53
 2.8491e-40 5.08441e-12
2.46701e-24 2.06412e-60
1.86668e-28 1.44543e-58
1.13759e-31 2.33152e-37
4.90864e-54 2.19399e-15
2.13454e-30 3.22326e-19
9.46686e-22 2.38944e-47
7.35619e-07  2.4014e-58
6.09448e-21 4.80438e-52
 6.6445e-58 2.30185e-28
4.31289e-24 6.80987e-67
2.17378e-09 3.37719e-44
6.40687e-39 3.10547e-26
3.79985e-34 4.65349e-56
2.42058e-45 3.29735e-06
2.12566e-42 7.87187e-26
4.22188e-21 1.79142e-44
6.76718e-09 3.82069e-50
3.25788e-11 1.87333e-40
3.28932e-75 1.59162e-25
2.58359e-37 1.23253e-28
3.81672e-52 8.66137e-41
 2.8222e-15  2.7128e-18
1.51831e-38 1.99775e-56
3.43783e-29 3.40397e-26
 2.7554e-14 2.73462e-66
2.13614e-37 8.18449e-47
1.00902e-09 1.88811e-37
5.79577e-13 1.39335e-49
4.66691e-26 5.02995e-47
1.92142e-28 3.43483e-90
4.92021e-19 1.23344e-39
 2.1788e-25 7.37426e-25
1.78701e-45 2.89774e-25
6.35359e-10 1.04959e-20
5.26994e-28 1.17602e-13
3.82668e-08 2.10776e-23
9.78333e-42 1.19208e-13
8.91626e-31 3.50442e-11
 2.1581e-34 4.94036e-88
3.99956e-68 7.92858e-21
1.12362e-20 6.56919e-58
 4.2769e-42 7.25298e-43
2.09281e-49 5.87207e-24
1.21161e-36 1.47479e-49
6.23272e-50 1.01257e-30
8.06516e-13 4.62582e-22
2.09231e-29 1.14561e-22
2.41288e-19 1.06002e-39
4.53191e-07 4.48204e-34
4.14806e-25 6.24361e-18
1.21047e-38  7.2872e-68
2.35927e-58 4.19434e-20
5.10397e-35 1.21886e-37
5.16763e-27 3.52852e-64
1.01884e-40  0.00379253
1.12196e-31 1.78879e-44
1.97159e-09 1.91325e-42
4.91872e-56 2.02108e-13
 2.9246e-15 2.30011e-17
1.82005e-35  9.1154e-56
 9.7521e-18   3.805e-47
8.62318e-37 1.46452e-35
2.73804e-45 1.58162e-27
1.38218e-48 7.97097e-17
9.74063e-21 2.14004e-11
6.01719e-31 1.35576e-30
5.01354e-27 7.00469e-33
8.95681e-42 3.91578e-66
1.55524e-23 2.48553e-30
3.45644e-55   7.179e-15
3.54827e-48 1.02135e-48
 1.1408e-18 6.16561e-45
8.33202e-29 2.97187e-25
1.70774e-42 2.68432e-15
 8.3734e-13  7.6566e-54
 2.6896e-08 1.16308e-50
1.42007e-22 1.94757e-61
4.90167e-48 5.73831e-31
0.000933211 7.07559e-67
1.48305e-33 1.61345e-24
1.77633e-55 1.48769e-14
1.68241e-21 1.54385e-44
1.89011e-50 1.85935e-18
3.00151e-35 2.78101e-44
5.39824e-76 9.56433e-26
6.08148e-29 2.50181e-62
3.92446e-22 1.67088e-61
1.44813e-19  5.1873e-51
6.82376e-52 2.51471e-30
1.22686e-31 1.65648e-46
1.26013e-26 2.14614e-32
5.86002e-15 2.95801e-26
1.82579e-18 6.14443e-44
1.13129e-52 3.09408e-13
3.41967e-17  4.6569e-42
4.30979e-56 1.03841e-09
5.92073e-24 4.37008e-46
2.21685e-21 3.11094e-77
1.35522e-35 1.78357e-17
1.11267e-18 8.26116e-57
3.01357e-08 1.03567e-44
1.71371e-34 3.17375e-22
4.05385e-45 2.16799e-46
7.41049e-31  1.0006e-36
3.38211e-38 2.51196e-15
3.36167e-05 3.08841e-31
2.73607e-37 2.87073e-14
6.07474e-63 7.35145e-13
7.88756e-17 4.67966e-31
6.37848e-43 1.59168e-24
4.18036e-22 9.28532e-10
1.07241e-35 1.32869e-62
3.43157e-49 1.92956e-17
 2.4334e-26 2.36628e-15
1.01932e-83 2.26192e-33
2.85508e-72 1.49685e-23
3.53158e-35 2.62276e-36
1.18341e-13 2.60155e-63
2.46932e-23 1.61546e-61
4.54878e-19 1.99741e-42
5.67485e-17 1.55182e-78
0.000600004 3.58308e-43
1.29634e-78 3.75815e-31
1.15068e-22 2.85788e-34
3.65589e-54 2.98056e-22
4.96422e-40 3.77031e-28
1.80671e-51  0.00152292
3.62799e-17 1.92094e-40
7.38653e-61 3.63491e-24
1.42024e-38 2.97469e-18
3.25891e-15 3.36167e-48
3.39319e-47 2.05925e-12
1.92304e-17 9.65578e-46
2.02607e-27 2.31497e-31
2.50508e-56 3.75333e-49
9.47679e-37 3.50816e-27
5.83996e-37 1.47669e-30
5.14199e-24   2.675e-56
1.49952e-07 5.82193e-33
2.81406e-34 3.05318e-34
4.06519e-58 1.24177e-59
3.23815e-51 1.52844e-19
2.02411e-51 5.51711e-37
5.60199e-59 1.97312e-11
4.45895e-20  7.7319e-61
1.25022e-23 4.92792e-10
4.37336e-35 2.36425e-45
5.84531e-14 1.49648e-36
  2.974e-56 4.29107e-20
5.84134e-29  8.9605e-16
 1.0984e-10 1.42103e-47
2.25684e-36 2.18884e-24
9.47346e-10 1.10484e-41
1.88453e-38 1.31327e-59
2.14803e-61 4.84871e-15
2.62153e-56 9.41809e-54
2.80116e-63 9.86141e-29
 4.9282e-35 7.47947e-79
3.32556e-47 4.77752e-47
4.05377e-38 9.16358e-14
4.35793e-22 1.02849e-36
5.21061e-38 2.63343e-12
6.76427e-14 6.20917e-20
5.66516e-16 2.58707e-57
5.41446e-48 1.26831e-19
4.45315e-21 3.29188e-31
 8.9123e-11 2.71896e-35
 9.0938e-24 7.76396e-52
2.34462e-21 1.80666e-34
1.80951e-08 2.28669e-32
5.61809e-44 2.72729e-40
1.05917e-34 3.11196e-59
5.26938e-10 1.89177e-22
3.12095e-50 2.21844e-47
3.87336e-47 2.23716e-43
1.16573e-24 4.83344e-32
 1.2111e-25 4.27028e-23
6.86012e-35 2.56325e-33
8.88303e-18 2.02552e-24
1.40856e-61 4.23588e-12
1.62161e-33 2.15239e-44
3.74849e-48 7.14693e-35
8.35998e-26 2.36116e-34
1.71772e-54 7.15435e-15
1.11733e-48 2.65299e-06
1.00634e-52 3.85304e-38
2.00446e-48 2.01692e-22
4.30308e-36 8.07286e-30
 9.6104e-30 5.95742e-49
5.69098e-49 3.68565e-38
7.31326e-21 8.05622e-30
4.95622e-23 3.30709e-30
3.40228e-38 7.33115e-35
6.87465e-22 9.43376e-22
1.33159e-27 1.03013e-58
3.13796e-40 1.05716e-44
5.18648e-20 1.26267e-14
1.11905e-14 4.80241e-47
1.27829e-43 1.25667e-42
2.33916e-20 1.90979e-62
2.93589e-18 2.83385e-32
3.53369e-45 2.02606e-23
1.43365e-50 2.54422e-19
2.22882e-38  8.7477e-26
4.56406e-29 1.18063e-47
2.62789e-40 3.18328e-28
4.39668e-36 0.000115251
1.36743e-18 1.95263e-36
6.06805e-31  1.2005e-58
9.88649e-18 1.59933e-59
   0.996009 2.17043e-70
7.20697e-07 7.41096e-34
1.07113e-36 4.73077e-96
2.39556e-09 1.98068e-47
8.86672e-43 8.17208e-29
1.14869e-40 6.64815e-17
3.81474e-49 1.96623e-34
3.71127e-12 1.01511e-71
2.97711e-35 6.90759e-22
6.70454e-28   4.457e-73
1.14971e-23 2.50605e-64
 1.3791e-55  1.7824e-40
7.01793e-18 4.30731e-56
7.96909e-43 3.96968e-12
 5.3994e-52 1.15685e-18
4.20056e-33 4.68489e-91
1.75459e-18 5.56644e-64
1.14167e-10 8.11111e-62
7.35092e-19 1.29784e-14
7.67367e-16 1.51121e-34
1.36193e-20 1.24993e-41
4.21906e-53 9.08948e-42
4.09094e-19 4.59848e-32
7.86676e-54 4.11208e-71
3.97041e-31 1.67611e-24
6.57437e-09 4.58188e-50
1.14738e-31 1.38462e-67
2.68369e-26 6.97408e-40
8.33456e-26 1.87918e-28
2.00124e-51 8.74842e-66
1.53962e-56 1.30375e-10
7.02993e-12 1.52907e-47
5.28496e-27 8.49795e-07
3.21506e-29 6.32213e-48
8.73158e-18 7.06133e-45
1.16516e-12 3.83438e-21
2.28747e-35 6.72146e-44
 1.8222e-45 1.50122e-17
  1.342e-37 1.75076e-22
5.44132e-17 1.61618e-68
1.71205e-27 6.23311e-17
8.11316e-18 9.01813e-20
1.63268e-17 3.63482e-30
 3.1063e-33 0.000220347
5.76438e-30 2.39964e-46
1.11393e-28 3.21659e-32
9.39927e-44 9.62521e-32
6.50115e-10 5.62826e-36
4.24231e-36 3.19607e-31
2.53011e-51 1.29595e-05
7.35376e-23 3.16084e-29
2.84062e-33 1.16502e-40
3.90238e-33 1.14161e-18
1.68326e-47  4.2588e-30
2.44894e-20 2.63573e-38
2.68864e-45 6.58688e-35
3.21693e-07 1.90285e-26
8.13358e-28 9.12407e-49
6.89652e-06 3.16784e-35
0.000166527 1.66476e-28
 3.5834e-18 6.11603e-38
6.02968e-25 5.74047e-31
1.45409e-05 2.66601e-47
1.03162e-64 4.92931e-26
3.05501e-37 2.11579e-38
3.09076e-38 6.90182e-48
3.06932e-35 8.92403e-54
1.87744e-31 1.84253e-39
 4.8513e-27 1.66052e-26
2.67566e-21 1.11926e-10
3.16883e-08 2.46014e-51
 8.9395e-30  5.8256e-12
1.53389e-10 2.13706e-48
2.20248e-14 2.40481e-38
1.13744e-25 4.02417e-06
5.86369e-50 2.22814e-14
1.26646e-33 3.94826e-21
8.77556e-29 6.30469e-57
3.94855e-36 8.45612e-35
7.06261e-28 8.64721e-20
1.10173e-39 5.78644e-23
3.28126e-17 7.50318e-26
1.29072e-18 1.92494e-29
1.77944e-50   1.348e-46
1.57986e-28 8.46787e-48
1.79337e-31 1.68654e-30
2.24547e-38 3.29707e-23
9.93612e-15 3.68229e-31
1.61653e-23 4.55993e-62
7.82175e-22 1.45993e-48
 1.4687e-34 2.07917e-75
1.53212e-19 6.12759e-58
1.12077e-08 2.26826e-48
 2.9463e-27 7.22509e-31
2.94374e-13 6.10121e-48
 1.2381e-28  5.7245e-40
2.08098e-07 1.71494e-35
1.32986e-32 3.07306e-24
2.29872e-21 5.42071e-40
3.18132e-06 1.26013e-47
9.07268e-18 2.03392e-45
2.16136e-19 1.14428e-33
8.38675e-14 8.95748e-38
1.80695e-21 3.72669e-33
4.60808e-48 4.37865e-43
1.69885e-19 2.36538e-45
2.41513e-12 2.02838e-26
1.71007e-27 1.25429e-33
 1.8089e-36 1.71832e-16
3.45002e-34 4.32406e-22
1.60452e-29 1.36499e-25
6.76298e-56  2.3349e-18
2.25596e-24 2.14419e-14
3.75223e-12 1.30429e-40
3.04407e-24 5.27424e-63
2.51215e-28 1.78147e-34
1.22502e-45 4.80066e-33
 8.6473e-54 1.45881e-16
2.38354e-20 9.49095e-48
6.06515e-26 1.17983e-26
2.17728e-26 1.99167e-65
7.83638e-22 1.06912e-13
1.40036e-37 3.27144e-40
5.97765e-57 2.26092e-28
5.15798e-28 1.73794e-27
7.03785e-61 1.40581e-80
6.94549e-50 5.29245e-39
4.48523e-44 5.82864e-29
3.55782e-46 5.44032e-39
4.76694e-38 9.87449e-39
3.10584e-13 5.98156e-43
1.48835e-62 0.000150797
2.90764e-28 7.91078e-24
6.32244e-20 2.99676e-64
1.98043e-38 4.56227e-37
1.53338e-45 1.51572e-19
7.35606e-12 6.93112e-45
4.66685e-34 2.51745e-68
1.60459e-37  1.8749e-20
3.53687e-49 5.12378e-10
6.26132e-22 1.29351e-45
5.51928e-65 8.35944e-18
2.13782e-32 5.63233e-17
1.07368e-18 9.05541e-72
1.17104e-46  3.4019e-39
 3.6156e-50 1.06162e-11
5.01886e-72 1.15168e-26
1.16607e-08 4.14391e-23
5.62722e-44 1.27454e-32
2.95494e-37 1.17465e-86
 1.4666e-50 8.53104e-15
1.15157e-58 2.64426e-68
 1.0347e-19 1.26694e-34
9.38982e-39 1.63396e-35
1.79761e-44 5.28252e-09
 6.8472e-19 2.00928e-57
4.07726e-13 2.36206e-51
1.97059e-44 3.45185e-28
3.17874e-39 1.74619e-40
    1.5e-37 1.46998e-40
7.12952e-20 7.89481e-48
   0.996016  3.2377e-52
7.00622e-26 9.32757e-39
1.42034e-39 1.03811e-26
6.35705e-33 3.02691e-42
9.06146e-17 3.21474e-37
6.81246e-21 3.37487e-55
1.96477e-18 2.94531e-41
2.80993e-44 8.41587e-39
1.20993e-27 1.89962e-41
1.31542e-47 6.55197e-63
1.20104e-42 4.52812e-23
5.16138e-29 2.25452e-22
3.16425e-26 1.75097e-41
 0.00110662 2.67294e-28
8.88581e-17 3.60938e-56
2.70718e-29 1.43703e-41
5.40138e-13 1.72592e-41
1.68223e-29 0.000467274
4.17969e-16 1.68908e-48
2.56957e-43 9.05712e-07
3.62282e-65 0.000640914
 2.5028e-45 6.75197e-18
1.34372e-19 2.36673e-22
1.51997e-64 8.68279e-66
9.32954e-58 3.14102e-10
3.50688e-23 8.29392e-61
4.39343e-09 3.27974e-60
3.79102e-41 3.37165e-36
1.30543e-12  2.2294e-62
3.72705e-53  6.8005e-43
4.61889e-67 1.81871e-33
3.36112e-31 5.55823e-10
3.89804e-15 4.64909e-69
1.40271e-27 4.38926e-16
 6.7307e-29 1.49129e-07
3.80228e-50 1.47074e-11
   1.66e-46 1.00029e-21
1.27452e-35 2.41245e-93
1.42382e-27 1.10838e-32
2.99403e-46 2.38019e-68
3.48588e-14 3.97139e-27
2.77208e-33 2.47677e-34
1.06764e-25 3.90173e-39
6.35365e-14 5.98223e-56
8.55105e-44  4.4311e-25
6.44191e-25 4.15433e-39
1.54992e-62 2.28807e-27
 9.7362e-19 4.75445e-22
1.26116e-25 1.49237e-49
1.29059e-18 1.13953e-49
1.07981e-28 1.31878e-44
 0.00205758 1.39723e-28
1.20876e-48 1.34461e-47
5.47046e-17 5.47242e-41
4.88831e-28  1.1526e-42
1.17946e-08 5.25129e-50
1.02803e-14 2.98439e-60
7.58566e-26 2.83289e-52
6.12193e-24  2.3011e-55
1.07172e-13 1.24654e-43
9.25907e-60 1.30722e-15
   0.996007 2.62469e-42
4.75845e-46 8.58018e-44
6.80705e-16 7.14134e-19
7.75939e-31 1.06336e-09
 1.1325e-31 0.000335653
2.21068e-27  9.7067e-28
1.49333e-31 2.66556e-21
1.66624e-42 1.43641e-14
2.02803e-27  5.2431e-56
2.17569e-32 3.57435e-08
3.89578e-18 2.20516e-32
 8.8736e-64 1.10072e-68
1.21629e-11 1.61229e-37
3.90406e-36 1.30187e-85
2.02637e-21 6.13153e-21
3.19528e-44 2.63664e-64
6.09127e-42 3.41414e-94
2.43594e-43 8.05637e-25
7.59105e-23 3.90597e-26
1.31236e-42 7.63577e-44
6.23966e-12  2.0903e-35
6.37031e-17 4.23242e-57
2.85701e-45 6.35868e-43
1.02434e-42 1.08016e-15
3.23149e-58 1.58507e-69
3.28716e-46 4.20216e-15
1.32859e-14  8.3625e-44
2.72608e-27 1.40286e-46
6.27947e-23 5.19107e-37
3.09626e-24 5.03106e-14
4.71082e-31 2.32601e-24
1.52149e-49 5.70225e-22
3.83229e-10 1.12822e-33
  6.026e-28 4.69432e-30
9.88955e-13 1.02236e-39
1.47445e-12 2.70209e-19
6.65113e-37 2.43034e-91
1.08307e-17 1.24172e-37
3.15394e-55 1.04137e-48
1.09781e-21 8.96417e-23
2.30794e-57 9.89764e-24
8.28832e-49  0.00110904
1.96994e-38 5.21645e-55
 9.9905e-51 6.72767e-19
1.63682e-36 9.72159e-43
1.53028e-10 2.04045e-26
8.63002e-57  7.8096e-17
9.57439e-21 8.64455e-12
4.69657e-42 7.00344e-26
3.63837e-17 3.59811e-69
5.87384e-46 3.42021e-48
 2.2756e-39 2.89344e-14
1.99021e-54 9.52865e-60
5.98201e-14 4.94699e-19
2.41702e-38 2.58307e-54
3.17831e-13  6.6185e-43
 2.2315e-49 1.74603e-11
7.77674e-20 2.10599e-45
6.16941e-36 4.48122e-08
 1.1364e-31 4.43474e-39
4.72552e-59 3.63941e-23
1.82081e-26 1.92441e-15
5.92031e-33 5.86827e-57
 3.4284e-21 5.95586e-41
2.25768e-45  2.1962e-28
2.20559e-22 4.59716e-84
1.90756e-11   1.753e-21
5.52974e-24 5.17256e-67
 4.9227e-35 1.61997e-71
3.56179e-59 6.73938e-11
1.55873e-22 6.35957e-79
9.86966e-33 6.58251e-05
1.87864e-45 3.18145e-85
3.50083e-17 1.01291e-35
2.71232e-11 6.17428e-24
2.03863e-59  2.1828e-09
7.32686e-22 7.82387e-68
6.86942e-35 9.29671e-35
3.59643e-10 2.31538e-53
3.60506e-19  2.3528e-68
1.72487e-15 9.49456e-24
 2.4531e-11 6.43794e-22
2.71308e-52 1.05424e-42
5.66315e-17  5.0891e-57
7.24903e-17  6.7075e-66
7.10073e-42 1.54458e-12
2.87763e-37 2.94563e-76
1.10035e-15 2.77747e-43
7.43468e-30  1.5718e-84
8.25228e-26  4.8993e-09
8.02486e-06 3.30786e-70
1.32615e-32 3.29647e-12
1.63445e-16 1.29419e-57
7.33136e-31 3.24989e-11
4.46101e-31  9.9304e-19
1.41508e-23 1.10552e-10
2.17808e-14 2.27256e-61
5.82798e-39 1.18782e-79
4.45859e-10  4.5698e-43
2.27932e-41 3.92199e-30
1.28979e-16 4.32519e-58
8.94597e-25 5.09023e-16
5.83806e-22 5.22712e-66
7.14716e-31 1.59574e-47
9.92231e-36 7.83328e-27
6.05345e-21 2.41975e-11
1.07199e-11 8.68156e-22
2.26736e-31  2.7114e-79
9.89002e-55 3.69538e-19
3.60104e-47 1.94102e-25
5.12494e-52 1.07562e-14
1.89044e-10 4.45871e-50
5.74639e-28 5.04091e-25
5.71312e-51 4.43777e-44
5.24736e-35 3.46347e-06
3.15873e-25 3.80143e-18
4.15012e-08 2.14965e-29
 2.3746e-25 6.89058e-18
2.78031e-12 5.20301e-31
3.30264e-44 1.31918e-22
7.64364e-11 4.48438e-46
 9.5403e-32 1.14753e-54
1.61289e-28 4.92306e-45
 3.0134e-33 1.62749e-11
2.71966e-44 1.79004e-37
 3.7621e-14 4.28231e-39
2.89241e-21 6.15687e-58
3.75744e-32 3.51276e-49
4.29293e-44  1.0593e-24
  5.841e-39 5.63677e-28
 1.8461e-45 1.63814e-17
1.15324e-46 1.67943e-29
2.17589e-51 3.15796e-19
8.04886e-21 3.72609e-35
9.29954e-19 4.10395e-54
1.08331e-29 1.59468e-24
1.29289e-12  1.6119e-20
 2.0111e-35 1.82424e-38
2.44986e-22  7.5898e-71
 1.9124e-24 5.50698e-20
2.43166e-35 3.07238e-33
8.08141e-53 4.76308e-16
7.51615e-34 8.15229e-35
3.36233e-34 5.98001e-72
5.86453e-15 1.11753e-38
4.46439e-41 3.95315e-13
 4.0894e-37 1.25608e-52
6.43163e-43 1.57808e-53
1.32659e-22 5.24474e-59
6.75515e-50 1.49776e-37
1.88181e-26 4.00384e-43
1.51816e-19 6.81098e-63
3.73216e-33 2.36714e-50
1.12059e-50    0.996006
2.30577e-11 2.35247e-25
 2.6911e-15 3.54922e-43
4.10009e-11 9.19914e-45
3.69296e-51 7.01083e-19
1.23707e-17 3.52027e-59
4.21745e-24 5.78205e-62
6.00121e-44 7.40155e-26
4.56319e-32 1.43219e-15
2.59401e-23 1.60806e-35
8.72178e-13 2.61674e-60
4.65286e-11   1.064e-22
1.09074e-33 1.30324e-05
1.45906e-20 2.39693e-37
4.64135e-13 2.71563e-41
3.34954e-32 1.09333e-70
5.74422e-32 1.26963e-45
2.47262e-54 4.18805e-71
7.32899e-43 1.37044e-32
4.15609e-11 7.00299e-27
5.36776e-50 2.51467e-18
 5.4068e-67    0.996007
4.26627e-21 2.83097e-42
2.46788e-68  4.6764e-17
 2.3291e-23 3.80035e-58
2.13891e-17 1.52493e-17
1.78779e-48 1.54527e-36
1.14117e-32 2.15995e-50
1.32049e-11 1.15099e-45
1.43529e-20 1.59498e-62
0.000207137 2.02928e-39
2.27118e-34 1.47687e-52
1.91461e-13 3.99767e-40
5.73288e-26 1.39023e-57
   0.996002 1.47877e-30
1.09618e-54 1.11458e-18
2.06334e-21 1.28315e-39
2.17104e-55 4.82086e-20
5.56716e-53 1.00581e-69
2.81577e-65  0.00245261
5.13515e-45 2.99211e-47
 3.0887e-23 2.63411e-35
8.67777e-31 7.74177e-28
1.25128e-51 1.48669e-24
2.08253e-41 8.46187e-62
9.86104e-35  4.3016e-19
1.04474e-25 7.69752e-52
2.15456e-51 5.35362e-16
 1.0069e-29 2.19123e-32
5.01806e-41 4.28507e-11
4.10314e-09 6.11146e-29
6.13652e-34 2.20778e-17
8.71503e-18 3.69905e-57
1.22044e-27 4.54809e-64
1.00244e-25 4.46356e-56
2.01607e-36 4.47521e-42
1.40705e-23 5.21308e-07
 3.7012e-17 1.61783e-31
1.68131e-62 1.57097e-31
4.75959e-28 1.09614e-31
1.40186e-17 1.12626e-37
2.17436e-59 3.87848e-07
 2.2375e-50 3.82052e-14
2.88671e-29 3.85006e-12
9.07706e-35 7.07764e-49
3.41013e-50  0.00140893
3.91053e-15 6.14352e-39
2.69003e-39 1.15971e-14
8.77638e-26 1.61774e-76
6.59934e-25 3.39476e-45
3.80075e-35 5.87525e-37
3.82871e-17 5.17181e-29
  6.298e-21 8.83009e-84
5.68133e-40 9.14211e-12
2.16726e-44 1.77886e-97
1.01752e-36 3.23936e-35
2.89722e-24  3.2943e-59
0.000497602 1.35646e-26
7.51317e-12 7.16634e-38
2.25487e-43 1.60291e-15
1.05733e-26 9.22389e-22
5.76242e-51 1.09242e-56
2.26695e-24  2.3062e-44
1.45208e-08 8.24014e-68
7.48637e-16 1.60112e-59
2.44615e-43 8.87905e-43
3.16181e-19 4.76544e-36
5.81526e-49 1.43935e-28
  3.747e-41  6.4722e-41
2.75734e-50 7.76726e-15
2.20809e-12 1.29971e-44
1.72669e-27 2.39608e-86
1.83505e-12  1.5255e-55
8.07184e-25 3.20806e-58
5.26399e-30 1.71833e-18
1.12144e-58 2.83977e-61
1.95242e-54 2.44268e-42
6.05931e-75 3.20852e-28
3.78835e-30 3.67907e-18
2.90642e-06 9.58935e-70
 4.7458e-49 2.20411e-38
1.61448e-18 2.48108e-42
2.42889e-26 3.23973e-32
1.01903e-18 5.80527e-40
2.28058e-30 7.38426e-38
4.35705e-32 4.21875e-22
3.29054e-17 2.44389e-39
1.54957e-39 3.50915e-29
9.73977e-35 6.59926e-37
1.90388e-37 1.50261e-38
2.57481e-51 9.00641e-66
2.51726e-20 2.06133e-39
7.43296e-11  2.8434e-48
3.66144e-24 8.87828e-59
2.46155e-14 2.57412e-43
6.46529e-41 4.77098e-25
1.31077e-38 1.15657e-10
2.72009e-18 1.05614e-32
5.17456e-19 2.47973e-49
7.85718e-20 4.43318e-22
3.43935e-30 2.35616e-25
3.69981e-65 1.03515e-26
6.40148e-45 9.43622e-21
1.14512e-23 3.78484e-17
4.99438e-58 2.98815e-32
2.37879e-52 5.82307e-10
6.26763e-07  1.1102e-68
1.87479e-65 6.99358e-70
1.02961e-34 1.41979e-10
1.90284e-26 3.17672e-86
8.31863e-36 1.38897e-33
2.52152e-18 1.74071e-31
0.000151459 2.73459e-33
 7.8021e-37 7.79474e-23
8.28873e-35 3.97392e-23
3.46379e-24 5.49884e-39
9.21923e-18 6.65013e-35
3.35116e-42 7.72169e-88
1.40322e-21 1.61395e-52
7.74841e-44 7.04878e-46
7.20623e-40 1.91394e-11
2.09064e-58 3.01349e-13
1.32639e-53 5.10127e-18
5.08655e-30 8.01395e-14
7.30769e-33 9.50632e-56
1.20726e-30 9.40294e-15
1.32813e-12 2.74163e-72
2.15589e-23 1.79429e-46
2.15869e-20 7.10372e-48
 1.7752e-16 6.35623e-55
9.07101e-54 2.37199e-18
1.37861e-60 2.29108e-24
1.95693e-27 1.26812e-44
5.06483e-16 2.84127e-20
3.24849e-27 5.61778e-28
1.52778e-05 2.24265e-43
2.82528e-26 1.13549e-12
7.33793e-34 5.95258e-22
 1.8227e-26 4.73684e-50
5.73769e-11 1.63905e-24
4.26769e-19 1.22587e-58
3.94786e-21 2.71525e-74
3.25095e-54 2.01216e-11
3.46624e-33 8.58709e-41
1.30999e-32 1.71174e-59
1.52525e-07 1.98133e-75
8.58251e-09 7.83823e-37
3.16567e-13 4.27126e-22
7.47612e-21 8.35169e-28
1.07602e-41 7.41373e-10
8.74057e-16 2.85415e-42
4.01459e-59  1.5806e-63
2.11201e-53 1.00345e-17
1.89007e-44 9.27774e-47
3.81709e-34 1.26149e-41
2.14025e-14 5.22459e-38
1.99095e-25 8.82722e-34
1.03424e-12 1.38668e-50
1.76665e-23 2.95189e-40
2.26656e-33 1.98997e-33
4.07426e-28 2.77906e-05
1.52871e-20 5.79737e-52
1.24355e-29 2.56562e-24
1.02765e-18 9.36976e-34
7.42996e-42 6.18312e-19
4.62547e-29 3.09258e-19
5.33938e-09 7.36243e-67
6.69759e-42 1.25759e-17
5.04051e-40 6.44253e-41
9.87239e-17 1.48083e-37
4.84685e-46 2.96196e-41
1.14274e-43 6.96505e-39
4.53278e-36 5.01937e-45
1.81538e-56 5.23267e-11
1.64289e-38 7.78983e-21
2.88551e-23 8.25342e-69
7.04881e-34 8.17314e-38
2.43986e-35 1.79287e-48
2.88364e-65 3.62085e-18
9.68576e-23 2.17382e-49
7.88068e-51 4.00623e-08
1.03415e-62 9.28605e-10
4.72388e-67 5.32643e-16
6.19817e-31 5.69068e-91
1.38421e-44 1.37335e-44
2.10709e-38 1.10318e-29
1.07272e-36 2.02039e-23
3.19503e-35 2.30378e-53
1.40913e-29 2.58934e-17
2.29181e-14 7.71255e-56
3.87035e-46 4.45153e-46
8.66474e-19 2.73553e-33
8.47385e-35 1.12285e-20
7.80903e-31  0.00206534
 2.5835e-55 9.13724e-14
5.13108e-51 7.49746e-25
2.22283e-51  1.1598e-19
3.78805e-17 6.95024e-44
 5.2022e-15 3.84088e-20
1.06652e-23 7.12345e-60
9.20168e-35 1.41361e-43
3.88629e-40 8.93001e-34
1.62935e-19 9.94683e-34
2.53056e-37 2.07068e-33
 1.7551e-14 4.00096e-40
1.52213e-21 2.37558e-11
2.23464e-46 2.35211e-35
3.76447e-12 9.47154e-72
1.00381e-20 1.43794e-15
1.15592e-15 1.49681e-46
1.66281e-32 9.91286e-68
1.80472e-32 2.49356e-37
9.13678e-31 1.57384e-50
2.43547e-05 1.84903e-56
1.08952e-32 4.84796e-28
 2.1787e-18 1.92717e-54
2.63305e-52  3.8887e-15
 2.1039e-32 1.30764e-16
9.37823e-38 4.25726e-27
7.43552e-17 8.60149e-56
1.07251e-50 2.35352e-38
1.24225e-28 1.76385e-16
1.45859e-16 9.73287e-28
7.56027e-20 1.41988e-56
4.43777e-30 2.10311e-55
1.08145e-30 3.84877e-44
1.85045e-14 3.90938e-43
4.60745e-21 1.44843e-54
2.94438e-55 2.96808e-32
1.35329e-23   1.449e-35
 4.1833e-42 1.23317e-23
4.18176e-30 1.01335e-54
4.76126e-24 1.35187e-27
4.46897e-45 8.81729e-28
3.54422e-52  3.2689e-37
7.53956e-11 1.39514e-51
 6.8863e-22 3.60861e-23
7.87104e-27 1.04088e-17
1.42596e-29 3.53343e-40
1.01683e-24 1.79756e-37
 1.4305e-32 1.91097e-51
 4.7304e-42 3.48108e-28
2.36908e-58  4.3168e-58
3.82899e-21   1.895e-19
2.50002e-48 4.26052e-17
4.58925e-37  2.2077e-84
2.50945e-20 1.29879e-22
 2.2916e-39 6.29986e-36
 2.1522e-31 3.15369e-18
7.03789e-09 4.85372e-73
6.92707e-09 3.76232e-32
1.17253e-43 1.33583e-32
2.80626e-15 6.30576e-41
5.27343e-11 6.19557e-67
6.48276e-34 7.23719e-43
2.25824e-40 4.67128e-43
2.13987e-10 2.98505e-61
4.01649e-22 7.31373e-52
3.26248e-15 4.90232e-48
2.93412e-15  1.4852e-58
 0.00396419 2.43656e-51
3.32722e-44 2.85395e-38
 4.7092e-20 1.12124e-30
2.99329e-12 3.71301e-44
1.93227e-58 1.50057e-20
7.46156e-22 1.12147e-63
1.02438e-60 3.77096e-26
8.95572e-44 2.85833e-40
4.13633e-48 4.15178e-17
1.04372e-47 1.32219e-53
3.21745e-78 9.28415e-30
1.86252e-57 3.50001e-81
2.23708e-20 8.16138e-45
8.98786e-72 2.21221e-23
3.45901e-31 1.95659e-11
8.08971e-61  1.1889e-68
7.66738e-61 5.86268e-14
2.01827e-54 1.35151e-41
  1.765e-41 2.67558e-30
1.46728e-34 2.03255e-15
1.21628e-07 4.91054e-36
2.41648e-29 6.22419e-29