          0 1.07784e-17
          0 7.15726e-05
          0 2.01501e-21
 4.8058e-22           0
          0           0
          0 2.52225e-14
2.77577e-09           0
          0 1.30416e-20
0.000108218           0
5.89497e-41           0
          0 2.57728e-20
5.34589e-25           0
 0.00280786           0
          0 1.26109e-26
          0 3.14935e-14
1.87493e-14 3.96148e-31
          0  0.00169633
1.17976e-19           0
8.94434e-18           0
          0 3.08972e-18
          0 2.14384e-13
          0           0
          0 6.53937e-74
          0 2.03612e-27
          0 8.99603e-44
6.61018e-32           0
          0           0
5.56066e-24           0
          0 3.99647e-65
          0           0
1.25619e-36           0
 8.6405e-10           0
          0 3.12157e-20
2.22445e-13           0
          0 1.03247e-43
          0 1.96691e-09
8.04068e-18           0
          0  4.3378e-21
          0  2.5175e-39
          0           0
          0           0
          0  1.0801e-21
          0           0
          0 8.86482e-44
6.16604e-27           0
          0           0
          0           0
4.01517e-21  1.4718e-37
4.14832e-09           0
4.42412e-26 5.44345e-46
2.81724e-20           0
          0 7.77291e-71
          0 6.61888e-18
5.70547e-17           0
          0 4.60579e-22
          0  3.6777e-17
          0 2.92237e-13
          0 7.96656e-19
          0 1.17473e-41
1.81479e-12           0
7.73114e-37 1.67619e-44
1.76468e-09           0
 2.4554e-24           0
1.18188e-23           0
          0           0
1.33801e-20  7.2235e-22
          0           0
          0 6.02225e-13
          0 1.54986e-48
          0 2.09225e-28
1.31794e-09           0
3.42705e-05           0
          0           0
          0           0
          0 7.85716e-34
          0 1.46263e-05
          0 8.72747e-23
          0           0
          0           0
1.78521e-13           0
          0 5.82438e-69
1.93232e-38           0
2.40056e-21           0
1.00773e-05           0
1.73556e-12           0
          0 7.35387e-67
          0  9.3726e-34
          0 1.48465e-20
          0           0
          0 0.000123744
          0           0
          0 9.05727e-56
          0           0
1.00801e-24           0
          0           0
          0           0
          0 2.82513e-22
5.56809e-08           0
1.01826e-06           0
1.78163e-28 1.06969e-10
          0           0
          0   8.135e-34
          0 2.58134e-36
8.62893e-09           0
7.29614e-14 3.73329e-22
          0           0
1.50092e-22           0
          0           0
          0           0
          0           0
          0           0
          0           0
          0 7.69602e-23
1.14964e-09 1.18566e-43
          0 1.46018e-21
          0           0
          0           0
          0  2.4311e-08
          0           0
1.41185e-29 6.48866e-15
          0 3.52267e-31
          0           0
          0 1.74216e-56
          0           0
          0  2.8409e-11
4.60168e-13           0
5.03745e-05           0
 0.00255661           0
9.04682e-22 1.16141e-39
          0 1.07908e-34
          0           0
4.23838e-14           0
2.50238e-34           0
1.85754e-24 3.47886e-32
          0 2.23613e-25
          0           0
6.74855e-28 4.60348e-45
          0 2.33753e-48
          0 8.84153e-17
4.19527e-30           0
          0 2.17655e-36
          0           0
          0 3.56761e-12
          0 4.84823e-43
1.01013e-26 3.37977e-23
          0           0
 3.0595e-32 6.25174e-25
          0           0
1.24702e-14           0
          0           0
          0 1.19902e-22
9.25795e-37 1.29294e-31
          0           0
7.92133e-22           0
          0 4.84011e-25
          0           0
          0 3.48756e-19
9.99707e-12 2.50585e-31
8.64353e-30           0
          0 1.99152e-20
8.54227e-18           0
1.84332e-28           0
          0 1.82724e-09
          0           0
1.41446e-16           0
8.04483e-12           0
9.95963e-29           0
3.69522e-24           0
          0  6.0542e-10
1.39371e-20           0
          0           0
          0 7.21039e-14
3.47419e-27           0
          0 1.02544e-32
4.84855e-23           0
5.41174e-06           0
          0 9.08989e-25
3.21248e-09 9.95051e-42
          0           0
1.68843e-16           0
 2.1603e-22           0
          0           0
          0 2.63178e-14
          0           0
6.30583e-19 3.02975e-15
 0.00059762           0
 6.9512e-25           0
          0 4.93275e-07
          0           0
          0           0
1.97654e-21           0
          0           0
          0 5.77879e-25
4.33735e-26           0
1.03367e-27           0
4.83232e-13 4.10778e-24
          0           0
          0           0
          0           0
          0           0
          0           0
          0           0
7.19678e-50           0
1.01311e-08           0
          0           0
          0 5.88107e-19
          0 3.74217e-09
1.08467e-20  8.2025e-15
          0 4.19989e-34
          0 3.08603e-58
          0           0
          0 2.40428e-17
6.26822e-07           0
          0 6.26394e-51
          0           0
5.69018e-09           0
          0           0
          0 7.21596e-15
          0           0
          0           0
 2.5456e-23 3.14742e-16
          0 6.09475e-30
          0 2.77171e-37
8.82658e-27           0
          0           0
          0 9.70762e-18
2.74183e-06           0
1.39218e-24           0
7.26983e-15  1.0374e-22
6.69658e-41           0
          0 0.000285983
3.46367e-16           0
          0 2.80182e-05
          0           0
2.74841e-06           0
          0 1.14352e-22
1.44888e-10           0
          0           0
5.84827e-27           0
          0 5.66633e-22
4.46865e-16 4.28113e-20
          0           0
          0 4.89171e-09
6.34942e-20           0
          0  3.6709e-19
          0 1.61619e-07
          0 3.98869e-30
          0  2.9034e-16
2.02946e-16           0
4.39964e-28           0
2.61131e-12           0
          0 2.19089e-35
          0 1.41487e-12
          0 2.59998e-10
7.60182e-10           0
  6.471e-28           0
          0 7.16097e-26
3.92458e-08           0
          0 1.12523e-70
6.95579e-35           0
          0 1.26334e-34
          0           0
          0 1.71653e-37
 9.1194e-30           0
          0           0
7.21849e-15           0
          0           0
1.74573e-21           0
          0 6.99138e-40
 1.3326e-57           0
          0 1.76511e-21
          0           0
7.58035e-19           0
1.86905e-27           0
          0           0
          0           0
          0           0
2.71281e-25 6.90644e-22
2.21224e-13           0
4.97108e-53           0
          0 0.000119469
3.57835e-30           0
1.26292e-30           0
          0           0
1.17534e-39           0
          0           0
          0           0
          0           0
          0 8.04831e-32
          0 2.03883e-33
          0           0
 5.2003e-32           0
          0 5.54986e-30
          0           0
4.04187e-11           0
          0 1.78674e-06
          0           0
          0           0
9.41163e-20           0
1.00555e-15           0
          0           0
          0           0
          0           0
          0           0
          0           0
2.01947e-30           0
          0           0
          0           0
1.83744e-13           0
          0 1.43276e-17
6.57349e-12 2.03364e-36
9.42621e-35 7.18056e-37
1.25901e-06           0
1.91103e-12           0
          0           0
          0           0
          0           0
          0  1.5388e-38
          0 1.29834e-31
2.56981e-17           0
1.65767e-31           0
          0 7.32304e-52
1.01476e-18           0
          0 1.32396e-08
          0           0
1.18626e-14           0
          0           0
          0  5.6591e-06
          0           0
 2.8447e-43           0
          0 1.91639e-47
          0 3.93779e-61
2.80952e-27 2.10322e-12
3.97404e-07           0
6.70072e-35           0
          0  0.00244362
7.68789e-10           0
          0  0.00033686
5.22039e-15 1.05085e-19
2.91189e-12           0
2.13246e-37 6.06034e-20
1.06701e-14           0
          0           0
          0           0
          0           0
          0           0
          0 6.53529e-54
9.06619e-31 3.91094e-14
1.55467e-10           0
          0 0.000475112
          0 5.87129e-17
5.85798e-14           0
2.31888e-11           0
8.43735e-16           0
1.71516e-37           0
5.88794e-13           0
          0 7.15184e-21
1.16686e-17 3.74943e-42
4.00647e-20           0
          0           0
5.92833e-15 9.17794e-47
5.57037e-05           0
3.47805e-22           0
          0 4.46053e-38
          0 3.70255e-13
3.67568e-36           0
          0 4.37263e-79
          0           0
          0           0
4.46004e-27 5.88888e-26
 3.7986e-05           0
2.34089e-21           0
          0           0
          0  5.5503e-33
          0           0
          0           0
          0 5.05456e-23
 3.1159e-45 1.88774e-22
          0 3.84032e-51
1.43684e-15           0
   0.996007           0
          0 1.21515e-23
          0           0
          0 1.08369e-52
9.65487e-22           0
1.23236e-38  9.9032e-39
4.85708e-34 1.24409e-11
1.06287e-26           0
          0 2.17794e-22
          0           0
          0 9.27168e-23
          0           0
          0 1.80907e-50
1.80527e-26 6.81142e-11
          0 6.39568e-41
          0 7.31076e-35
          0           0
          0           0
          0 9.19783e-08
1.37128e-16           0
6.31028e-29           0
9.65117e-17           0
          0           0
          0    0.996015
          0           0
1.74041e-41 3.56264e-16
          0           0
          0           0
          0 1.76806e-17
          0           0
          0 4.07792e-20
3.54753e-10           0
          0           0
2.09111e-06           0
2.11494e-40           0
          0 1.07053e-22
          0  9.5382e-39
          0 2.03526e-32
 1.0144e-23           0
          0 4.54479e-11
          0  1.5966e-24
1.66038e-11           0
5.84349e-23           0
          0           0
          0           0
8.48864e-43           0
1.94842e-12           0
          0    0.996005
4.15967e-14           0
          0  2.7842e-17
          0           0
8.30994e-13 3.60483e-22
          0 3.12981e-57
          0 1.42896e-14
          0           0
          0           0
1.19267e-26           0
1.56533e-14 5.84748e-41
2.48853e-32           0
          0           0
3.87718e-16           0
6.69409e-37           0
1.42299e-15           0
          0           0
          0 7.38894e-76
          0 1.94799e-70
          0 3.02117e-15
9.32355e-05           0
          0           0
1.07594e-24 3.87826e-28
          0           0
3.32224e-20           0
4.01754e-16           0
1.91939e-24 6.70886e-39
2.07638e-22           0
          0 2.41507e-22
          0           0
          0 7.31567e-76
9.35583e-33 6.29831e-16
5.23812e-65           0
          0   1.959e-27
          0           0
          0 2.92524e-05
8.69348e-26           0
          0 2.67084e-13
          0           0
          0           0
          0 1.98631e-10
          0           0
          0           0
          0 1.05973e-45
          0           0
          0  1.8365e-31
          0 4.52062e-18
          0           0
6.09779e-13           0
          0           0
          0           0
          0           0
          0           0
9.11873e-29           0
          0  0.00010075
          0   2.163e-21
2.38714e-31           0
1.89071e-25           0
 4.4571e-12 7.01529e-39
9.67712e-21           0
2.31855e-34           0
          0           0
 6.7484e-24           0
          0 6.06861e-20
          0           0
          0 7.25151e-27
          0           0
          0 1.76282e-56
          0           0
          0 5.40411e-12
          0 1.19747e-09
          0           0
1.01556e-16 1.56754e-22
          0           0
7.36157e-44 1.78942e-05
          0 8.42491e-30
5.86877e-23 2.66129e-19
1.58416e-06           0
          0 1.39059e-44
2.00289e-08 3.54861e-38
3.38391e-18           0
          0 0.000178026
1.13106e-05           0
          0 8.62067e-48
4.16738e-29 1.60006e-10
          0    0.996009
4.22274e-30           0
6.80515e-45           0
3.87845e-43           0
          0           0
          0 2.52716e-40
          0  2.5483e-23
          0           0
          0 8.59686e-32
          0 1.59944e-17
2.07815e-20 4.21171e-28
4.87098e-26           0
4.38085e-36           0
          0           0
          0  1.6288e-09
          0 4.20907e-16
          0  4.9545e-50
1.46103e-18           0
7.49896e-10           0
6.00269e-42           0
 2.0178e-43           0
          0  2.3959e-77
          0           0
3.09608e-19           0
          0           0
7.87845e-11           0
6.30507e-23 3.67611e-45
          0 1.95251e-37
 1.3605e-12           0
          0           0
          0           0
5.58932e-15           0
1.82009e-14           0
4.64917e-43           0
8.02986e-19           0
          0 2.61404e-27
1.00402e-34           0
          0 7.05673e-26
          0 1.07003e-60
          0           0
8.23058e-09           0
          0 4.54043e-16
1.11569e-07           0
1.18233e-33           0
          0           0
          0 5.72021e-40
7.71017e-36           0
7.10985e-06           0
4.95448e-24           0
          0           0
          0           0
          0           0
4.45205e-08           0
1.27747e-35           0
          0 2.64497e-36
1.18697e-32           0
          0           0
6.96918e-19           0
1.45935e-11           0
          0           0
          0  3.0737e-38
          0           0
          0 1.58397e-14
          0           0
          0 5.69571e-11
          0 2.38649e-35
          0 9.74019e-40
3.66181e-19           0
          0           0
          0           0
          0           0
          0           0
1.65809e-30           0
          0           0
8.72718e-20           0
          0 0.000229148
          0 1.25632e-25
1.66209e-19 6.95108e-39
          0           0
          0 3.18296e-13
          0           0
          0           0
 1.6252e-15           0
3.55647e-14           0
          0           0
          0 3.64484e-50
          0           0
 1.2535e-10 5.50165e-31
5.04264e-07           0
          0  4.1428e-31
          0 4.96732e-30
          0           0
 0.00141767           0
          0           0
2.72946e-25           0
2.36759e-21           0
4.24886e-20           0
0.000110519           0
1.21796e-28 1.25502e-12
 1.7818e-31           0
          0 5.01907e-12
1.42584e-41           0
1.60054e-46           0
          0           0
          0 1.59934e-15
          0 1.33317e-23
 1.0255e-29           0
7.35643e-07           0
1.31267e-25           0
          0           0
1.01426e-34           0
2.11687e-09           0
          0 1.24925e-40
          0           0
          0 3.29659e-06
          0 2.22093e-36
3.01361e-28           0
 6.7627e-09           0
3.21336e-11           0
          0 8.38782e-40
          0 2.25929e-47
          0           0
4.76317e-16 1.35759e-21
          0           0
          0           0
1.55329e-18           0
          0           0
9.54691e-10           0
  5.808e-13           0
          0           0
 5.4696e-43           0
1.16653e-25           0
          0 4.08012e-40
          0 1.38298e-33
6.22238e-10 3.64592e-32
          0 6.56278e-15
3.69526e-08 8.62839e-32
          0 4.28677e-14
          0 1.25243e-11
          0           0
          0 1.61466e-26
1.88809e-28           0
          0           0
          0 4.78188e-31
          0           0
          0 1.84435e-46
3.81338e-13 3.88054e-30
          0 1.67291e-34
2.73164e-26           0
4.51924e-07           0
5.90328e-37 1.52694e-19
          0           0
          0 1.95409e-24
          0           0
          0           0
          0  0.00379247
          0           0
1.97902e-09           0
          0 6.03317e-14
6.98171e-16 2.24737e-19
          0           0
2.20866e-20           0
          0           0
          0  4.7409e-41
          0 9.86761e-20
8.07151e-26  2.0239e-11
          0           0
          0           0
          0           0
1.77022e-35           0
          0 6.75277e-17
          0           0
4.71523e-19           0
          0 2.47731e-45
          0  1.7939e-15
7.55161e-13           0
2.68965e-08           0
5.22307e-25           0
          0  4.3956e-48
0.000933214           0
          0 7.58045e-35
          0 2.90282e-15
9.32733e-28           0
          0 7.04568e-24
          0           0
          0 1.61354e-39
          0           0
2.86071e-32           0
5.07458e-26           0
          0 2.60619e-49
          0           0
  9.813e-42           0
5.05598e-21  5.6558e-32
1.55606e-22           0
          0 5.63849e-14
1.41495e-23           0
          0 8.66768e-10
7.99466e-38           0
4.50284e-28           0
          0 4.92605e-20
7.96405e-22           0
  2.998e-08           0
          0 1.45898e-30
          0           0
          0           0
          0 9.86392e-18
 3.3625e-05           0
          0 7.78071e-15
          0  7.1808e-13
1.28368e-21           0
          0           0
2.38933e-28 9.19175e-10
          0           0
          0 3.80012e-24
          0  5.0537e-17
          0 5.80334e-68
          0 2.86734e-31
          0           0
5.55085e-17           0
3.80539e-41           0
3.30167e-24           0
3.40504e-17           0
     0.0006           0
          0 6.74375e-61
6.58129e-35           0
          0 3.04396e-29
          0           0
          0  0.00152292
6.88667e-22           0
          0 7.54518e-37
          0 9.28061e-19
1.83306e-16           0
          0 1.93477e-12
1.56244e-17           0
2.67074e-44           0
          0           0
          0           0
          0           0
7.35969e-35           0
 1.4631e-07           0
          0           0
          0           0
          0 3.20415e-27
          0 2.31973e-69
          0 3.22081e-12
7.33108e-27           0
          0 4.90436e-10
          0           0
 2.4405e-15           0
          0 5.51448e-24
          0 9.28644e-20
5.27457e-11           0
          0 2.32085e-33
9.44545e-10           0
          0           0
          0 5.85943e-16
          0           0
          0 3.39355e-56
          0           0
          0           0
          0 5.23287e-14
2.70173e-31           0
          0 2.55043e-12
1.76998e-14 2.70326e-27
7.83039e-20           0
          0 9.40172e-26
1.89632e-30           0
6.22431e-11           0
1.65086e-30           0
5.61775e-30           0
1.76983e-08           0
          0           0
          0           0
5.22767e-10 1.01859e-34
          0           0
          0           0
1.33999e-42           0
          0 3.90713e-33
          0           0
4.65673e-19 3.17264e-37
          0 3.41761e-12
          0           0
          0           0
          0           0
          0  5.5934e-15
          0 2.65262e-06
          0           0
          0 3.52999e-27
          0 7.86964e-51
          0           0
          0           0
 2.6048e-32  4.2538e-59
4.03149e-34           0
          0           0
6.59235e-35 6.36719e-28
          0           0
          0           0
1.55994e-25  5.4902e-15
5.76706e-15           0
          0           0
3.83226e-32           0
4.79982e-20           0
          0 9.74984e-35
          0 1.05226e-24
          0 4.23391e-41
          0           0
          0 7.81054e-51
          0 0.000115249
 4.8916e-23           0
          0           0
1.07271e-19           0
   0.996009           0
7.20842e-07           0
          0           0
2.38723e-09           0
          0 1.51145e-38
          0 6.55508e-17
          0           0
3.08229e-12           0
          0 1.13589e-23
2.91718e-50           0
          0           0
          0 9.90012e-76
1.39275e-21           0
          0 1.34502e-12
          0 4.05073e-30
1.26047e-62           0
9.06595e-20           0
1.77137e-11           0
 2.6565e-24 1.74341e-16
4.33969e-17           0
4.26435e-26           0
          0           0
 4.1448e-28           0
          0           0
          0 4.50183e-34
6.57067e-09           0
          0           0
          0           0
          0           0
          0           0
          0 1.29618e-10
 6.7693e-12           0
          0 8.50351e-07
          0           0
 7.5308e-18           0
4.11569e-13 2.39261e-27
          0           0
          0  3.6605e-21
          0 5.38562e-28
7.33543e-20           0
          0  3.8424e-21
5.25702e-21 1.65209e-25
1.10182e-20           0
          0 0.000220345
          0           0
          0           0
          0           0
5.38101e-10           0
          0           0
          0 1.29591e-05
 4.0983e-36           0
          0           0
          0 7.90107e-23
          0 9.87969e-47
7.53467e-27           0
          0           0
3.22229e-07           0
          0           0
6.89657e-06           0
0.000166525           0
2.28367e-23           0
9.70453e-36           0
1.45424e-05           0
          0 3.69735e-38
          0           0
          0           0
          0           0
          0           0
          0           0
2.12292e-27 1.09998e-10
3.16928e-08           0
          0 5.30272e-12
1.53385e-10           0
8.28906e-16           0
2.66339e-37 4.02363e-06
          0 2.22941e-14
          0  1.3979e-26
          0           0
          0           0
          0 9.82461e-27
          0 1.22526e-31
3.08789e-18 2.47157e-41
1.24248e-26 4.65522e-41
          0           0
          0           0
          0 4.44124e-61
          0 2.67635e-30
6.45152e-16           0
1.98707e-36           0
1.61144e-26           0
          0           0
 6.5914e-21           0
 1.1112e-08           0
          0 9.05737e-61
4.06769e-14           0
          0           0
2.06885e-07           0
          0 1.09557e-27
2.19739e-24           0
3.18128e-06           0
1.49732e-21           0
6.41058e-26           0
4.66321e-17           0
4.19442e-29           0
          0           0
5.02401e-23           0
1.13176e-12           0
          0           0
          0 7.90703e-20
          0 8.73124e-31
          0 1.14466e-32
          0 1.85127e-24
          0 7.63375e-15
3.37685e-12           0
1.39095e-34           0
          0           0
          0           0
          0  2.0411e-20
2.47109e-24           0
          0 2.46725e-41
          0           0
6.91939e-32 2.97956e-14
          0           0
          0           0
          0           0
          0           0
          0 4.27131e-80
          0           0
          0           0
          0           0
6.99304e-15           0
          0 0.000150798
          0 2.38885e-37
6.02962e-20           0
          0           0
          0 9.66406e-24
6.55193e-12           0
          0           0
          0 4.16482e-23
          0 4.91348e-10
2.34134e-27           0
          0 6.80437e-19
          0 4.17849e-20
1.17413e-23           0
          0           0
          0 7.44089e-12
          0 9.21044e-40
  1.156e-08 3.91521e-31
          0  4.8509e-55
          0           0
          0 3.74211e-16
          0           0
 5.5337e-24           0
          0           0
          0 4.67856e-09
2.19103e-24           0
4.05117e-13           0
          0 1.63436e-47
          0           0
          0           0
2.32011e-23           0
   0.996016           0
          0           0
          0           0
          0           0
6.81076e-20           0
2.64421e-28           0
1.18198e-21           0
          0           0
          0           0
          0           0
          0 2.11742e-31
          0 6.88252e-32
          0           0
 0.00110662           0
3.52152e-19           0
          0           0
 2.3547e-14           0
          0 0.000467269
2.61888e-16           0
          0 9.04679e-07
          0 0.000640908
          0 1.33041e-21
7.45715e-25 7.73356e-33
          0           0
          0 2.33453e-10
6.90639e-31           0
4.39396e-09           0
          0           0
1.24951e-12           0
          0           0
          0           0
          0  4.6985e-10
 6.8594e-16           0
          0 3.97237e-18
          0   1.481e-07
          0  1.2699e-11
          0 2.71265e-27
          0           0
          0           0
          0           0
8.39867e-15           0
          0           0
          0           0
1.48928e-14           0
          0  4.0291e-38
          0           0
          0 2.15504e-50
8.73598e-24 3.92054e-32
7.36678e-38           0
8.08889e-21           0
          0           0
 0.00205756           0
          0           0
1.79003e-21           0
          0           0
1.17945e-08           0
6.32687e-18           0
3.13388e-37           0
          0           0
9.24658e-15           0
          0 8.67185e-16
   0.996007           0
          0           0
 2.0037e-17 2.36733e-23
          0 1.06419e-09
          0 0.000335652
          0 2.12862e-46
          0 1.83887e-29
          0 2.97364e-15
          0           0
          0 3.54982e-08
 7.6964e-20           0
          0           0
8.37994e-12           0
          0           0
2.29719e-28 1.70932e-29
          0           0
          0           0
          0  2.2685e-33
1.47864e-30 1.44723e-37
          0           0
 4.6181e-12           0
5.46919e-19           0
          0           0
          0 2.77673e-16
          0           0
          0 8.47456e-17
1.12635e-14           0
          0           0
4.00646e-30           0
 2.5059e-34 3.53342e-15
          0 1.58386e-34
          0 3.82239e-27
1.97738e-10           0
          0           0
6.59735e-14           0
9.90959e-13 2.66468e-22
          0           0
6.87412e-22           0
          0           0
4.57749e-32 2.70583e-33
          0 3.96449e-41
          0  0.00110904
          0           0
          0 7.50794e-21
          0           0
1.43661e-10           0
          0 3.21699e-19
 1.2125e-26 8.01863e-12
          0 2.01057e-39
1.39123e-20           0
          0           0
          0 2.32265e-15
          0           0
2.31338e-14 8.07364e-22
          0           0
 3.7889e-14           0
          0 1.63305e-11
5.94785e-26           0
          0 4.47518e-08
          0           0
          0 1.78501e-36
          0 3.86228e-17
          0           0
3.20635e-24           0
          0 4.46897e-35
9.53319e-31           0
9.07667e-12 1.40668e-33
3.78702e-42           0
          0           0
          0 6.74439e-11
4.56241e-28           0
          0 6.58252e-05
          0           0
4.03487e-21           0
1.63965e-11 4.56244e-32
          0 2.05376e-09
1.69737e-22           0
          0           0
3.59609e-10           0
3.42153e-19           0
4.23675e-16 9.92231e-37
2.16227e-11 8.20924e-28
          0           0
1.13584e-18           0
4.18946e-18           0
          0 1.46279e-12
          0           0
4.42168e-16           0
1.03068e-53           0
          0 4.79705e-09
8.02474e-06           0
          0 1.25615e-15
1.84191e-17           0
          0 1.69357e-11
          0 4.99102e-23
1.34612e-31 8.17811e-11
2.03467e-14           0
          0           0
4.11741e-10           0
          0           0
8.44396e-19           0
          0 5.26966e-17
2.30309e-29           0
          0           0
          0           0
3.99848e-25  2.2765e-11
9.28007e-12 3.11508e-28
          0           0
          0 6.82438e-26
          0 1.79544e-27
          0 6.56038e-16
1.69744e-10           0
          0           0
          0           0
          0 3.46399e-06
          0 1.21052e-20
3.97379e-08           0
          0 4.87532e-20
2.82849e-13           0
          0 4.97631e-29
 4.7166e-11           0
          0           0
          0           0
          0 1.24239e-11
          0           0
7.74697e-18           0
4.31857e-23           0
          0           0
          0 2.06313e-37
          0 5.29382e-45
          0  1.0992e-18
          0 1.74615e-45
          0 2.83126e-22
2.74415e-26           0
4.08079e-20           0
          0           0
7.03482e-13 1.87572e-24
          0           0
2.86871e-30           0
4.24122e-43 7.48248e-26
          0           0
          0 4.60921e-16
          0           0
          0           0
1.09305e-16           0
          0 1.33394e-13
          0           0
          0           0
8.87305e-32           0
          0 2.00392e-90
3.61267e-44           0
6.24982e-21           0
          0           0
          0    0.996006
2.05449e-11  3.2594e-43
6.13487e-17           0
2.90697e-11           0
          0 4.42342e-19
1.20012e-23           0
          0           0
          0 1.92401e-34
          0 1.09838e-20
 1.1631e-35           0
 1.1613e-14           0
3.08674e-11 5.71307e-30
          0 1.30329e-05
2.50711e-27           0
1.40584e-14           0
          0           0
          0           0
          0           0
          0           0
 3.2123e-11           0
          0   5.102e-20
          0    0.996007
5.04781e-28           0
          0 1.53525e-18
1.01583e-34           0
1.37913e-20 2.66376e-21
          0 8.69223e-70
          0           0
4.01829e-12           0
1.40834e-28           0
0.000207162           0
          0           0
1.21849e-13           0
1.68486e-39           0
   0.996002           0
          0 1.72395e-22
3.07979e-25           0
          0 2.44873e-20
          0           0
          0  0.00245259
          0           0
3.20737e-33           0
          0 4.51111e-45
          0 1.34208e-32
          0           0
          0 4.38208e-23
7.66619e-41           0
          0 7.41572e-19
          0           0
          0 3.65585e-11
3.98585e-09           0
          0 1.82552e-19
1.15968e-20           0
          0           0
4.98783e-44           0
          0           0
          0 5.21274e-07
1.06154e-18           0
          0           0
          0           0
2.32659e-22           0
          0 3.87025e-07
          0  6.1288e-15
          0 3.11058e-12
          0           0
          0  0.00140892
2.77458e-17           0
          0 6.41998e-15
1.27821e-42           0
8.07656e-40           0
          0           0
6.93097e-19           0
8.75065e-27           0
          0 8.61846e-12
          0           0
          0           0
3.91486e-34           0
0.000497617           0
7.47388e-12           0
          0 5.98475e-19
          0 2.60477e-29
          0           0
6.16791e-39           0
1.41797e-08           0
6.45888e-16           0
          0           0
1.73153e-25           0
          0           0
          0           0
          0 7.75383e-15
3.40377e-13           0
6.07091e-41           0
9.63084e-13           0
 1.1231e-36           0
          0 1.78287e-22
          0           0
          0 2.56029e-87
          0 2.71501e-46
          0 3.88802e-22
2.90643e-06           0
          0           0
2.37032e-20           0
          0           0
9.36262e-23           0
          0           0
          0 8.96747e-40
3.81625e-22           0
          0           0
          0           0
          0 5.07272e-82
          0           0
4.67738e-25           0
6.85192e-11           0
5.17907e-37           0
  1.853e-15           0
          0 3.89955e-37
          0 1.15935e-10
5.81349e-22           0
1.71149e-25           0
3.78721e-25 2.98659e-32
          0  7.7481e-49
          0           0
          0  9.7087e-28
          0 3.44468e-21
          0           0
          0 5.55611e-10
6.25627e-07           0
          0           0
          0 1.40592e-10
  9.041e-39           0
          0           0
2.46024e-23           0
0.000151457           0
          0 1.25453e-30
          0 5.31148e-31
          0           0
1.45717e-19           0
          0           0
9.65882e-30           0
          0           0
          0 1.90194e-11
          0 2.46434e-13
          0 2.86352e-18
          0 5.09719e-15
          0           0
          0  1.1424e-16
1.13243e-12           0
1.14211e-38           0
4.15061e-24           0
1.06234e-18           0
          0 6.82738e-25
          0 1.84829e-37
          0           0
9.39128e-17 1.08496e-27
          0           0
1.52774e-05           0
          0 1.48201e-13
          0 8.48834e-28
4.43539e-44           0
4.96676e-11  8.4919e-41
3.74241e-22           0
3.80967e-27           0
          0 1.84215e-11
          0           0
          0           0
1.52141e-07           0
8.47558e-09           0
1.63748e-13 9.08677e-31
1.48413e-29 6.87144e-51
          0 7.40281e-10
 1.8863e-16           0
          0           0
          0 5.62938e-18
          0           0
          0           0
8.13269e-16           0
1.72469e-35           0
6.10789e-13           0
          0           0
          0           0
          0 2.77906e-05
 4.3151e-30           0
          0  1.0029e-33
3.58567e-24           0
          0 5.57489e-27
          0 5.55912e-25
5.33951e-09           0
          0 4.09758e-19
          0           0
9.07893e-20           0
          0           0
          0 9.90868e-74
          0           0
          0 9.66796e-12
          0 9.65076e-27
3.45478e-34           0
          0           0
          0           0
          0  3.9325e-20
1.09902e-30           0
          0 3.98772e-08
          0 9.28668e-10
          0 6.78108e-17
4.26119e-52           0
          0           0
          0 4.78058e-44
          0  2.6279e-32
          0           0
          0 1.57089e-20
1.76076e-15           0
          0           0
3.82483e-25           0
          0  4.1259e-26
          0  0.00206533
          0  5.4464e-15
          0           0
          0  7.0457e-25
4.03822e-23           0
6.65086e-16 3.85429e-26
1.21681e-41           0
          0           0
          0           0
  5.223e-25           0
          0           0
1.35512e-16           0
1.28681e-28 2.08707e-11
          0           0
2.20031e-12           0
9.07798e-28 1.05781e-16
2.90222e-17           0
          0           0
          0           0
          0           0
2.43542e-05           0
          0  5.4214e-57
3.25134e-19           0
          0  7.2794e-17
          0 1.27086e-18
          0 8.77998e-47
3.97761e-18           0
          0           0
          0 3.64382e-21
1.00753e-19 1.80933e-43
 1.0241e-24           0
          0           0
          0           0
1.18665e-15           0
2.35391e-28           0
          0           0
5.76041e-36           0
          0 3.82503e-33
          0           0
          0           0
          0 5.83046e-41
          0 4.45705e-69
7.53718e-11           0
6.63723e-29 6.49287e-32
          0 4.81579e-20
          0           0
 3.0538e-38           0
          0           0
          0 6.30405e-66
          0           0
4.67345e-30 1.49778e-26
          0 4.81471e-24
          0           0
3.76282e-32   1.841e-28
          0 1.82927e-71
          0 4.26499e-21
6.93138e-09           0
6.71638e-09           0
          0           0
4.96448e-17           0
5.20602e-11           0
          0           0
          0           0
2.11193e-10           0
7.75418e-28           0
3.66876e-17           0
1.25266e-17           0
 0.00396412           0
          0           0
5.67839e-26           0
6.77901e-13           0
          0 1.05789e-25
1.85785e-28           0
          0           0
          0           0
          0 5.97249e-24
          0           0
          0 4.31965e-55
          0           0
6.89443e-29           0
          0 2.66089e-32
          0 6.75895e-12
          0           0
          0 5.43831e-14
          0           0
          0 1.06805e-51
          0  3.3315e-16
1.21341e-07           0
          0           0