 1.27065e-54  2.27138e-16
 7.33885e-29  7.15725e-05
 5.95342e-52  3.21804e-17
 1.82177e-17  8.17323e-64
 1.09802e-25  4.64913e-29
 2.70459e-58  9.30426e-14
  3.0621e-09  4.61503e-38
 1.11294e-50  1.24807e-17
 0.000108217  8.82755e-73
 5.49471e-25  7.12513e-44
 4.11768e-39  3.46783e-16
 8.48579e-19  3.95085e-52
  0.00280789  3.10498e-74
 5.92624e-34  3.16234e-21
 1.13139e-63  3.36927e-14
 1.35065e-13  1.53616e-24
 2.37722e-28   0.00169634
 8.14031e-18  2.45625e-31
  7.8634e-17   3.2705e-50
 2.15527e-44  7.00696e-16
 3.54375e-29  5.07958e-13
 1.81818e-56  4.22633e-69
 3.63362e-52  8.63524e-38
 2.08814e-47  1.40937e-24
 1.91067e-28  2.38572e-26
 4.00847e-22  2.21679e-31
 4.74793e-29  1.18627e-46
 1.04764e-19  5.63352e-56
 3.85148e-57  1.07517e-37
 1.05007e-32  4.46446e-39
 4.51253e-25  1.04018e-55
 9.34816e-10  5.39931e-69
 6.05285e-31  4.38888e-17
 2.64322e-13  2.13099e-30
 2.35126e-44  2.40576e-30
 2.23532e-53  1.98574e-09
 9.88821e-18  6.79877e-46
 1.94473e-54  2.10461e-18
 3.52575e-27  2.47332e-25
 7.80631e-29  1.50344e-40
 2.52498e-31  4.17803e-54
 3.40727e-36  8.89531e-21
 5.77315e-33  3.31687e-46
  2.9898e-45  9.03842e-29
 3.72327e-20  4.14137e-36
 4.35524e-25  8.38079e-27
 6.16465e-34  2.54898e-38
 1.51844e-17  7.93395e-24
 4.18505e-09  8.29868e-53
 6.78724e-21  2.35709e-28
 3.60192e-18  2.28153e-42
 2.17903e-80  8.21887e-32
 1.10857e-35  1.01661e-15
 7.72889e-15  4.01934e-40
 6.35306e-48  5.38317e-19
 5.73106e-43   4.6118e-15
 2.45583e-55  9.47686e-13
 1.65753e-29  7.94936e-17
 2.78523e-64  1.08894e-25
  2.5999e-12  4.05191e-41
  3.6114e-25  8.85648e-28
 1.81347e-09  2.13113e-50
 9.59861e-19  7.54746e-54
 2.87079e-17  3.79823e-56
 4.16768e-41  1.98663e-56
 1.93571e-17   6.8567e-18
 7.09097e-36  2.75107e-74
 6.41874e-36  6.10205e-13
 1.13163e-49  6.11562e-31
 8.23747e-37  1.92536e-21
 1.35502e-09   8.4841e-44
 3.42691e-05  6.14114e-34
 1.20912e-27  3.84531e-73
 5.10574e-43  1.13438e-41
 1.95737e-45  2.14697e-25
 2.16499e-35  1.46261e-05
 1.03799e-56   1.4621e-17
 1.63363e-51  3.06101e-51
 6.96122e-44  4.66635e-82
 3.14679e-13  4.38519e-45
 9.66429e-93   1.7457e-33
 4.54986e-24  2.23284e-46
 3.05816e-19  1.92808e-60
  1.0077e-05  1.06848e-72
 7.36237e-12  6.96549e-60
 8.66486e-54  9.05932e-35
 5.15019e-41  2.32784e-24
 2.69614e-53  1.19844e-16
 1.86748e-56  3.71416e-58
 2.24326e-39  0.000123743
 9.99566e-28  5.71274e-39
 3.69936e-92  2.49219e-30
 3.68462e-30  5.71883e-31
 8.27943e-19  4.32783e-52
 7.75816e-49  2.31667e-30
 1.16881e-47  7.86386e-35
    9.28e-50  2.10913e-17
 5.54851e-08  2.56557e-61
 1.01726e-06  3.22404e-29
 1.58596e-21  1.09059e-10
 2.11729e-30  4.55706e-31
 2.04862e-48   8.0779e-27
  5.3979e-36  6.08223e-25
 8.60495e-09  5.88182e-44
 9.94921e-14  4.85425e-19
   1.368e-31  2.96684e-39
 1.30312e-19  9.41362e-52
 5.66099e-42  1.14916e-43
 1.58816e-28  1.90986e-50
 7.81289e-32  8.91261e-37
 3.03791e-39  1.27864e-37
 1.72461e-38  4.38737e-82
 7.25982e-43  1.73007e-18
 1.17702e-09  1.05607e-26
 3.26338e-26  5.68453e-17
 1.95309e-40  1.73922e-38
 3.49308e-25  5.42257e-33
 1.71084e-63  2.42696e-08
 4.77796e-29  6.35316e-81
 9.16635e-23  2.88004e-14
 4.25377e-65  4.60657e-23
 3.85985e-31  9.71933e-44
 1.12333e-42  1.45202e-32
 2.83262e-33  1.08891e-30
 1.81251e-41  3.34166e-11
 2.75398e-12  7.12788e-37
  5.0375e-05  1.23735e-34
  0.00255664   1.6721e-40
 4.06178e-19  1.11274e-25
 3.34005e-28  6.29468e-24
 2.05059e-26  1.23693e-27
   1.303e-12   1.4849e-62
 3.91205e-24  5.18372e-48
 6.25055e-19   4.9023e-23
 9.02183e-46  4.52431e-20
 6.84116e-30  7.30314e-45
 1.80077e-21  1.49489e-26
 4.12637e-41  3.85983e-28
 1.63347e-35  1.02793e-14
 2.83491e-21  5.62752e-32
 9.25649e-30  1.60928e-25
 1.57557e-46  4.75428e-94
 2.74287e-46  5.29294e-12
 3.36963e-37  3.47649e-25
 1.38091e-20  2.54507e-19
 1.65388e-29  5.18722e-57
 3.77693e-23   7.0372e-21
 5.01689e-39   2.3287e-60
 1.66864e-14  1.21727e-63
 8.05962e-44  1.16004e-26
 7.37778e-48  2.38698e-16
 1.07112e-22  2.55702e-23
  5.3211e-34   1.7029e-44
 2.43596e-18  3.90684e-58
  2.0151e-36  6.91907e-22
 7.72848e-27  1.81492e-31
 4.44669e-56  9.49445e-19
 1.16028e-11  1.96007e-21
 1.18169e-21  3.20262e-49
 1.51939e-47  1.86687e-15
 1.81682e-14  1.00981e-42
 2.07443e-20  2.81106e-49
 2.63946e-47  1.87526e-09
 4.85567e-27  8.09303e-55
 7.82849e-15  1.71212e-39
  1.3018e-11  1.19075e-41
 1.31397e-21  1.22148e-38
 1.06081e-17  7.68487e-70
 2.25304e-48  6.44489e-10
 5.74888e-18  4.85816e-62
 4.00577e-41  1.92313e-32
 2.40994e-58  2.34622e-13
 2.81972e-20  1.35054e-44
 9.45642e-43  1.83186e-23
 1.79521e-18  6.32127e-34
 5.41175e-06  1.33746e-29
 2.62434e-50  1.05829e-17
 3.22668e-09  6.51612e-26
 4.21809e-49  8.01381e-27
 8.46339e-15  4.33472e-29
 1.18364e-18  1.02902e-61
 5.90444e-25  2.76595e-36
 4.53575e-48  2.59304e-12
  2.0421e-51  1.73717e-27
 3.91919e-16  1.85292e-14
 0.000597623  5.53726e-32
 6.14443e-22  5.16574e-51
  1.8772e-25  4.93564e-07
 4.03863e-32  1.76041e-48
 9.71669e-37  1.14811e-55
 1.06485e-17  5.59905e-32
 2.11361e-36  2.08665e-37
 1.36562e-57  9.62695e-19
 8.10064e-20  1.94679e-64
 7.02545e-21  4.74837e-43
  9.2118e-13  2.35331e-20
 2.11795e-53  2.14568e-49
 3.82977e-45  2.21156e-43
 3.71977e-25  2.72057e-51
 1.49021e-22  7.31588e-43
 1.69575e-63  2.38669e-89
 5.66049e-30   2.7406e-67
 6.71464e-29  1.08243e-55
 1.03475e-08  3.01963e-28
 8.23069e-33  2.41875e-57
 1.01678e-74   2.2842e-17
 1.40911e-61  3.75175e-09
 1.19818e-17  9.11801e-14
 4.72857e-42  1.06215e-23
 1.83016e-34  3.76801e-32
  6.3693e-36  3.07372e-46
 2.35258e-30  2.20649e-15
 6.26802e-07  1.87214e-48
 3.75084e-26  2.41024e-29
 2.42741e-64  3.86959e-82
 5.84839e-09  1.97157e-27
 5.61483e-40  2.47049e-95
 8.55215e-38  6.07814e-14
 4.03329e-47  5.57982e-30
 2.05056e-36  2.09729e-45
 1.85445e-19  9.21732e-15
 1.40591e-32  6.09626e-19
 7.65939e-37  2.06604e-25
 3.68711e-19  8.72159e-37
  1.0194e-35  2.13486e-49
 1.58566e-54  1.70442e-17
 2.74225e-06  7.40925e-80
 5.01403e-22  3.76928e-63
 1.57876e-13  4.27572e-17
 2.45796e-25  3.07884e-51
 1.76367e-29  0.000285982
 6.77985e-14  2.55226e-71
  3.7285e-55  2.80184e-05
  1.3124e-28  1.19752e-35
 2.74709e-06  2.95145e-35
  1.5906e-52  5.48528e-16
 1.48951e-10  1.09203e-45
 8.34462e-37 1.73678e-107
 3.82966e-20  2.92644e-36
  3.5402e-52  2.65801e-19
 1.36116e-15  4.21075e-17
 5.29813e-38  1.01367e-37
 1.36983e-46  4.89862e-09
 1.65591e-16  3.47647e-69
 1.05045e-29  4.22436e-15
 1.18304e-33  1.61923e-07
 2.64904e-33  3.34344e-19
 7.64134e-52  5.12429e-15
 3.51829e-16  2.22363e-49
 2.78698e-21  4.33345e-74
 4.87732e-12  2.28225e-39
  2.2236e-25  1.61829e-22
 2.19658e-35  1.85591e-12
 1.53612e-38  2.59808e-10
 8.33183e-10  4.12401e-36
 2.69911e-20  6.65855e-64
 3.38801e-78   1.2826e-21
 3.92758e-08  6.45005e-29
 5.45935e-49  1.09707e-35
 3.36229e-22   3.6999e-48
 1.68173e-57  1.23805e-24
  6.2967e-29  3.84254e-49
 3.39167e-31  4.27144e-27
 2.40814e-23  1.69314e-49
 2.09497e-28  4.07611e-71
 1.53465e-14   2.2717e-27
 1.66412e-43  2.35067e-32
 2.71457e-21  4.30048e-72
 7.87441e-45  1.62038e-21
 6.26181e-33 7.82812e-102
 1.91792e-37  2.19643e-19
 4.07019e-40  7.48607e-40
 1.02705e-16  9.54789e-50
 1.49288e-19  5.73765e-32
 1.36022e-31  5.76091e-53
 4.70722e-26  1.18835e-34
 1.87056e-31  1.10416e-60
 7.65069e-20  1.68742e-18
  8.8052e-13  5.83921e-49
 5.99172e-28  3.15996e-69
 4.48127e-33   0.00011947
 2.83658e-22  2.72899e-66
 1.54766e-21  8.54397e-37
 2.02421e-35   6.2596e-33
 1.85751e-24  2.50693e-44
  1.7787e-41  5.27746e-45
  1.0812e-34  7.73226e-89
 1.58482e-43 7.10076e-107
 1.07629e-32   1.7337e-25
  3.7365e-44   1.8585e-25
 3.32578e-52  4.92509e-32
 2.29967e-22  4.59536e-37
 1.36368e-42  2.35108e-23
 6.48237e-31  8.02198e-27
 7.26193e-11  8.34675e-29
 1.56266e-57  1.78673e-06
 1.82207e-68  3.73798e-74
 2.03973e-34 1.98676e-107
  7.0596e-18  1.26432e-52
 3.66881e-15   9.0004e-56
 3.42996e-35  4.56255e-42
 1.35258e-33  1.75661e-56
 2.05059e-43  2.77195e-36
  1.4174e-53  3.66303e-31
 1.11115e-26   1.8957e-63
 7.60401e-22  3.24081e-64
  3.4964e-51  1.06669e-35
  5.6428e-27  6.33664e-63
 6.17227e-13  2.09559e-53
 3.02315e-46  4.59667e-14
 1.44812e-11  3.07748e-22
 3.83787e-23  6.38338e-24
  1.2591e-06  1.57947e-35
 1.50838e-11  1.03675e-66
   1.213e-68   1.3687e-71
 4.29988e-33  3.75535e-41
 1.62015e-32   6.2039e-63
 3.47665e-26  1.60029e-25
 7.83232e-44  6.24934e-23
 4.45892e-15  1.33487e-47
 2.35671e-24  7.17894e-52
 2.12558e-36  1.00054e-29
 7.30284e-17  2.79553e-43
 1.16243e-58  1.33174e-08
 7.67292e-31  3.18369e-27
 1.72508e-14  2.33375e-55
 3.35788e-49  1.05078e-50
 5.18434e-32  5.65992e-06
 1.75993e-50  1.65169e-62
 1.08308e-26   1.4573e-53
 3.96035e-44  4.47479e-29
 2.11777e-42  1.06587e-34
 1.20656e-20  2.49254e-12
 3.98464e-07  6.94717e-73
  4.4948e-25  6.28091e-33
 2.96309e-31   0.00244363
    7.91e-10  1.29218e-33
 4.08817e-67   0.00033686
 1.49862e-14  1.57261e-17
 6.02787e-12  2.16179e-41
 3.20227e-25  4.18535e-18
 1.09609e-14   1.3511e-63
 1.11198e-37  1.82962e-59
 2.65953e-38   1.3149e-78
 1.23673e-39  2.80435e-39
 1.97808e-49   1.6786e-39
 9.29504e-35  5.26329e-31
 2.98303e-24  4.09421e-14
 1.92359e-10  4.94793e-46
 2.93788e-49  0.000475111
 1.50733e-44  3.39259e-16
 7.89581e-14   1.2095e-29
 3.18028e-11  3.47259e-40
 2.81428e-15  9.56727e-45
 2.49082e-24  6.01022e-51
 5.91197e-13  2.90298e-65
 4.03831e-56  1.04601e-18
 1.27784e-15  1.16389e-25
 1.42681e-16  1.18673e-41
 1.60981e-29  1.04184e-45
  2.5176e-13  3.94637e-27
 5.57037e-05  4.02825e-78
 1.24672e-18  1.11477e-39
 4.00776e-61  1.55781e-25
 9.93933e-68  5.64371e-13
 2.20154e-25  2.47861e-92
 8.59481e-57  1.47082e-40
 9.04349e-37  4.72338e-41
 8.53259e-29  3.85731e-40
  1.1003e-20  4.72526e-21
 3.79837e-05  2.22089e-32
 1.65096e-19  1.72811e-89
  1.2743e-33  3.69539e-55
  1.6784e-27  3.65147e-24
 8.41808e-70  1.66092e-84
 1.57971e-30  4.49661e-37
 1.49176e-48  1.94009e-18
 5.72549e-26  4.47886e-18
 1.26172e-31  1.47988e-27
 1.46553e-14  3.07291e-43
    0.996007  7.37164e-30
 1.84135e-38  4.42988e-21
 2.75807e-38  9.11403e-79
 5.93152e-42  4.04891e-31
 6.06384e-18  1.11457e-44
 4.72298e-24  4.85804e-26
 1.58267e-21   1.4067e-11
 7.79344e-21  1.71741e-37
 1.76947e-23  7.16918e-18
 4.35776e-31  1.24598e-32
 6.42385e-35  4.27824e-19
  2.5141e-48  7.40234e-94
 9.28707e-63  1.47872e-26
 1.06362e-21  6.99422e-11
 4.73777e-43  3.39468e-26
 1.32598e-37   4.3848e-25
  1.4402e-37   1.1049e-37
 1.15496e-70  2.17446e-31
 5.72405e-49  9.19943e-08
 1.67008e-15  1.81618e-56
 2.50435e-19  6.66334e-69
 3.92061e-15   2.7369e-43
 9.36859e-47  2.86256e-61
 9.36964e-40     0.996014
 2.02888e-30  1.32588e-30
 4.60815e-27  4.67261e-15
 6.61488e-30   1.3843e-53
 7.06191e-59  1.53159e-76
 1.64994e-38  9.12464e-17
 2.70802e-36  1.41709e-95
 5.82941e-50    2.966e-17
 3.71045e-10  1.75032e-43
   8.926e-30  5.01031e-32
 2.09135e-06  4.10588e-70
 5.02609e-26  7.51952e-48
 1.03263e-56  2.26954e-19
 4.13875e-29  1.29745e-22
 3.89227e-65  1.73058e-23
 6.58119e-18  2.68474e-38
 8.91507e-42  5.32338e-11
  6.1927e-53  4.32004e-20
 4.89375e-11  1.93451e-36
 6.53497e-19  2.94441e-54
  9.6192e-43  2.32871e-87
 5.23864e-28  2.98969e-48
 6.33439e-27   6.1006e-32
 8.09992e-12  2.40783e-30
 1.47872e-30     0.996005
 4.31064e-14  1.50873e-64
 6.31756e-23  1.55772e-16
 4.75331e-31   1.2139e-60
 1.47374e-12  4.40159e-19
  2.5069e-65  2.25782e-28
 1.19819e-69    2.999e-14
 4.10799e-38  1.39554e-59
 3.58512e-23  3.64736e-54
 5.17884e-21  3.60354e-44
 4.10733e-14  5.60825e-25
 3.09265e-22  2.67859e-35
 5.82655e-60  2.93384e-79
 2.96094e-15  4.80081e-55
  1.5886e-25  2.61661e-33
 7.61174e-14  9.77604e-41
 2.15015e-47  3.02432e-39
  8.4538e-39  8.77102e-33
 4.17913e-50  1.81735e-36
 2.34222e-30   5.7642e-14
 9.32266e-05  3.18213e-29
 5.58194e-28  2.49931e-41
  9.2834e-20  1.20259e-21
 2.86727e-36   3.1003e-81
 3.92024e-16  7.93631e-36
 2.75614e-15  3.12492e-53
 3.18624e-17  5.06866e-29
 1.09335e-18  1.35265e-31
  5.1362e-32  2.36838e-19
 2.52888e-26  9.43125e-44
 2.75442e-46  9.05797e-39
 5.98303e-24  1.08648e-14
 1.03076e-32 6.60764e-100
 6.33535e-37  6.58957e-21
 4.18968e-33  1.15135e-58
 3.00829e-26  2.92535e-05
 1.95556e-18  2.06316e-42
 2.19343e-28  1.85691e-12
 5.18911e-53  2.34174e-62
 3.02601e-24  3.93101e-30
 3.45892e-41  2.14844e-10
 2.87664e-54   4.7768e-45
 2.11842e-52  3.17274e-90
 1.84793e-51  2.22756e-29
 2.46164e-39  2.32515e-38
 1.69282e-43  6.54827e-23
 2.48401e-54   1.0397e-16
 5.80854e-37  1.96441e-33
 4.45853e-12  3.73823e-42
 6.82874e-40  1.54305e-74
  1.6163e-44  3.44214e-34
 3.23863e-27  3.71093e-64
 1.31566e-52   7.8615e-63
 1.48457e-21  6.49544e-78
 9.26707e-42   0.00010075
 6.40855e-27  3.57527e-17
 1.05371e-21  3.83027e-77
 2.77827e-20  3.91909e-57
 2.66083e-11  1.47063e-25
  2.0809e-19  2.67663e-48
 4.56699e-25  2.95693e-53
 8.78024e-26  5.00742e-71
 3.21972e-20  4.11859e-60
  2.0779e-36  1.00918e-17
 4.86857e-36  2.19012e-35
 1.26461e-46  1.50052e-22
 3.27189e-49  5.89193e-24
 6.80192e-41  9.53261e-32
 1.70052e-32   1.7906e-34
 8.81899e-50  1.26387e-11
 1.54161e-62  1.20565e-09
 5.67604e-32  9.67054e-32
 3.79686e-15  3.58993e-19
 5.30214e-36  3.26033e-32
 2.38406e-28  1.78964e-05
 1.74104e-36  2.51883e-22
  4.2356e-19  4.16581e-16
 1.58516e-06  5.98204e-77
 6.70131e-89  2.71649e-27
 2.01101e-08  3.41693e-23
 6.51187e-16   3.9225e-77
 5.77317e-30  0.000178027
 1.13081e-05  4.09855e-26
 4.16319e-26  2.87585e-28
 3.59236e-20    1.689e-10
 7.37164e-30     0.996009
 6.46458e-21  5.38399e-45
 1.50744e-26  9.41976e-75
 1.58742e-26  1.35818e-59
 1.24761e-34  3.66649e-52
 2.51574e-26  9.53152e-26
  1.7831e-36  3.48128e-18
 2.14221e-28  2.33553e-31
 3.01196e-33  5.14548e-25
 1.25784e-29  1.13316e-15
 8.24184e-18  6.20643e-21
 1.14924e-20  1.24328e-36
 3.40191e-23  6.47855e-52
 6.44874e-25  1.68631e-44
 2.82752e-62  1.63565e-09
 4.29446e-31  2.85731e-14
  2.4151e-36  7.51268e-26
 4.88895e-17  4.02097e-28
 7.94838e-10  9.06958e-44
 1.11861e-23  2.59401e-72
 2.16953e-26  9.53299e-44
 2.24681e-38   5.4144e-33
 1.30355e-30  5.39701e-74
 2.35186e-15  5.99607e-67
 7.02786e-27   2.4615e-30
 9.18664e-11  5.14922e-79
 4.10082e-19  3.66462e-27
 1.67327e-43  1.18483e-26
 1.43828e-12  8.78155e-47
 5.42898e-59  1.78083e-77
 1.54026e-34  1.73256e-33
 7.46751e-14  1.16226e-30
  2.5667e-14  3.32532e-55
 7.19273e-27   5.1884e-35
 6.19768e-17  2.38917e-43
 2.28232e-51  9.32233e-21
  2.0803e-22  6.40385e-42
 4.45384e-38  7.69307e-20
 4.40012e-51  8.76871e-34
 8.84934e-25  1.29143e-32
 8.41828e-09  2.02189e-69
 2.48936e-26  8.56509e-15
 1.11171e-07    5.661e-47
 5.42674e-23  4.55976e-50
 1.56685e-38  2.79407e-31
 6.33752e-44  1.27452e-27
 1.96002e-24  6.10754e-57
 7.10999e-06  1.83026e-61
 5.83396e-19   4.2657e-78
 5.00147e-35  2.76934e-50
 1.12983e-42  1.19757e-46
 1.79731e-30  4.95218e-39
 4.45184e-08  1.14913e-51
 6.14143e-23  2.47627e-43
 6.73762e-53  2.60459e-26
 1.40531e-23  2.74111e-50
  7.5766e-25  5.05928e-43
 2.93606e-16  3.50423e-33
  1.7607e-11  6.43182e-42
 4.54334e-30  9.58496e-63
 7.05122e-59  9.96416e-23
 1.16386e-26  5.69308e-44
 6.61816e-44   2.2869e-14
 4.37084e-42  1.56512e-33
 6.88616e-29   5.9884e-11
 3.39846e-34  8.09249e-25
 2.96708e-38   5.8943e-26
  6.5402e-19   1.7622e-43
 1.08813e-51  5.79978e-80
 4.09321e-21  2.60173e-45
 1.72586e-40  1.76396e-61
 3.46933e-24  1.22243e-50
 7.55075e-22  1.09235e-31
 1.83472e-28  3.63811e-42
 1.91757e-16  6.86985e-47
 4.53493e-30  0.000229144
 6.96586e-47  1.00102e-19
 1.15152e-16  2.46182e-24
 6.49466e-37  8.90733e-55
 4.55393e-28  9.60285e-13
  1.8825e-43  8.35745e-41
 1.92195e-36  5.97866e-45
 2.68853e-13  8.57545e-39
 2.01276e-13   8.5408e-63
 8.57804e-38  7.03031e-30
 5.92927e-40   1.0085e-28
 3.91688e-27  1.26727e-41
 1.48349e-10  1.15971e-22
 5.05821e-07  6.66422e-26
 3.88783e-47  2.79437e-22
 1.93036e-44  3.41969e-21
 1.03368e-31  5.10547e-32
  0.00141769  2.80393e-31
 6.32365e-40  8.53335e-33
  7.1198e-19  4.37442e-53
 1.00868e-15   1.2417e-29
 4.98117e-17  2.71971e-55
  0.00011052  4.59861e-73
 2.82804e-22  2.12659e-12
 1.20626e-21  2.70233e-54
 2.39238e-40  5.08441e-12
 2.46701e-24  6.46489e-64
 1.86667e-28  8.80387e-60
 1.13724e-31  2.23595e-37
 2.58965e-56  2.19399e-15
 2.13449e-30  3.22326e-19
 9.46686e-22  7.94402e-48
 7.35619e-07  1.57881e-60
 6.09448e-21  5.03399e-54
 1.79251e-59  2.30185e-28
 4.31289e-24  6.34824e-70
 2.17378e-09  2.27251e-44
 6.20681e-39  3.10545e-26
 3.77737e-34  1.53421e-57
 2.27117e-46  3.29735e-06
  1.6109e-42  7.87187e-26
 4.22188e-21  1.53639e-44
 6.76718e-09  5.45365e-51
 3.25788e-11  1.81092e-40
 6.85283e-83  1.59162e-25
 2.52441e-37  1.23253e-28
 1.34819e-53  6.53089e-41
  2.8222e-15   2.7128e-18
 1.47365e-38  8.23908e-59
 3.43782e-29  3.40397e-26
  2.7554e-14  8.04211e-70
 1.92025e-37  1.15912e-47
 1.00902e-09  1.67055e-37
 5.79577e-13   5.0825e-50
 4.66691e-26  2.33967e-49
 1.92142e-28  1.63681e-99
 4.92021e-19    1.152e-39
  2.1788e-25  7.37426e-25
 1.11931e-45  2.89774e-25
 6.35359e-10  1.04959e-20
 5.26993e-28  1.17602e-13
 3.82668e-08  2.10776e-23
 4.15305e-42  1.19208e-13
 8.91559e-31  3.50442e-11
  2.1541e-34  8.04032e-99
  2.4035e-76  7.92858e-21
 1.12362e-20   3.9678e-62
 3.07607e-42  3.44166e-43
 1.67438e-49  5.87207e-24
 1.19277e-36  1.28828e-49
 1.17012e-50  1.01257e-30
 8.06516e-13  4.62582e-22
 2.09228e-29  1.14561e-22
 2.41288e-19  9.79475e-40
 4.53191e-07  4.47517e-34
 4.14806e-25  6.24361e-18
 5.81613e-39   5.5643e-74
 3.04346e-60  4.19434e-20
 5.07303e-35  1.21686e-37
 5.16762e-27  5.42476e-68
 7.26778e-41   0.00379253
 1.12108e-31  1.56468e-44
 1.97159e-09   1.6044e-42
 2.03694e-58  2.02108e-13
  2.9246e-15  2.30011e-17
 1.79194e-35  6.77333e-58
  9.7521e-18  1.69922e-48
 8.37509e-37  1.46427e-35
 9.15324e-46  1.58162e-27
 5.99427e-50  7.97097e-17
 9.74063e-21  2.14004e-11
 6.01681e-31  1.35575e-30
 5.01354e-27  7.00442e-33
 8.87663e-42  1.29719e-67
 1.55524e-23  2.48549e-30
 1.44308e-57    7.179e-15
 1.04527e-49  1.97814e-49
  1.1408e-18  4.21979e-45
 8.33134e-29  2.97187e-25
 1.59517e-42  2.68432e-15
  8.3734e-13  8.93945e-55
  2.6896e-08  1.61329e-51
 1.42007e-22  5.91592e-64
 1.38138e-48  5.73796e-31
 0.000933211  7.47413e-71
 1.47698e-33  1.61345e-24
 9.71343e-58  1.48769e-14
 1.68241e-21  7.10422e-45
 1.11725e-51  1.85935e-18
 2.99541e-35  6.29718e-45
 9.60594e-86  9.56433e-26
  6.0813e-29  3.35709e-66
 3.92446e-22  1.39251e-63
 1.44813e-19  2.92096e-52
 4.43454e-53   2.5147e-30
 1.22676e-31  7.06354e-47
 1.26013e-26  2.14588e-32
 5.86002e-15  2.95801e-26
 1.82579e-18   4.0064e-44
 1.92656e-54  3.09408e-13
 3.41967e-17  4.18274e-42
 1.40825e-58  1.03841e-09
 5.92073e-24  8.50207e-47
 2.21685e-21  2.29742e-84
 1.32958e-35  1.78357e-17
 1.11267e-18  7.60422e-59
 3.01357e-08  7.80331e-45
 1.70299e-34  3.17375e-22
 2.53994e-45  1.28024e-46
 7.40978e-31  8.87899e-37
  3.3424e-38  2.51196e-15
 3.36167e-05  3.08793e-31
 2.70175e-37  2.87073e-14
 1.49681e-65  7.35145e-13
 7.88756e-17  4.67965e-31
 5.28116e-43  1.59168e-24
 4.18036e-22  9.28532e-10
 1.06869e-35  4.29132e-65
 2.96466e-49  1.92956e-17
  2.4334e-26  2.36628e-15
 7.10773e-95  2.25866e-33
 5.00203e-81  1.49685e-23
 3.50805e-35  2.07929e-36
 1.18341e-13   8.4219e-67
 2.46932e-23  1.60118e-65
 4.54878e-19  1.85217e-42
 5.67485e-17  1.97672e-88
 0.000600004  3.54844e-43
 7.72011e-88  3.75795e-31
 1.15068e-22  2.85592e-34
 1.66123e-56  2.98056e-22
 4.77772e-40   3.7703e-28
 1.03687e-53   0.00152292
 3.62799e-17  1.76789e-40
 1.30062e-63  3.63491e-24
 1.30385e-38  2.97469e-18
 3.25891e-15  9.85764e-49
 5.02428e-48  2.05925e-12
 1.92304e-17   6.9715e-46
 2.02607e-27  2.31488e-31
 3.31294e-60  3.63956e-49
 9.46845e-37  3.50816e-27
 5.79208e-37  1.47667e-30
 5.14199e-24  3.51741e-57
 1.49952e-07  5.80679e-33
 2.78171e-34  2.93509e-34
 1.30904e-60  5.83808e-61
 6.13949e-53  1.52844e-19
 6.13692e-53   5.5171e-37
 2.01061e-63  1.97312e-11
 4.45895e-20  2.86353e-64
 1.25022e-23  4.92792e-10
 4.34758e-35  1.01083e-45
 5.84531e-14  1.47018e-36
 1.59895e-57  4.29107e-20
 5.84132e-29   8.9605e-16
  1.0984e-10  3.39812e-48
 2.16764e-36  2.18884e-24
 9.47346e-10  8.89525e-42
 1.73672e-38  1.51758e-62
 1.67579e-65  4.84871e-15
  2.6475e-58  6.83973e-54
 4.04688e-66   9.8607e-29
 4.92747e-35  4.70784e-88
 4.93362e-48  6.25659e-48
 3.61434e-38  9.16358e-14
 4.35793e-22  1.02044e-36
 4.64926e-38  2.63343e-12
 6.76427e-14  6.20917e-20
 5.66516e-16  1.38876e-59
 9.34955e-49  1.26831e-19
 4.45315e-21  3.29135e-31
  8.9123e-11  2.70798e-35
  9.0938e-24  2.43452e-52
 2.34462e-21  1.80095e-34
 1.80951e-08  2.28614e-32
 1.50861e-44  2.01517e-40
 1.05352e-34   1.6218e-60
 5.26938e-10  1.89177e-22
 1.20357e-52  5.21135e-48
 1.09304e-48  1.41547e-43
 1.16573e-24  4.83329e-32
  1.2111e-25  4.27028e-23
 6.80466e-35   2.5623e-33
 8.88303e-18  2.02552e-24
 1.48872e-66  4.23588e-12
 1.61361e-33  1.44234e-44
 7.27122e-49  7.09586e-35
 8.35998e-26   2.3605e-34
 7.31329e-57  7.15435e-15
 3.95723e-51  2.65299e-06
 1.86329e-54  3.65413e-38
 3.53806e-49  2.01692e-22
 4.21348e-36  8.07286e-30
 9.61033e-30  1.82715e-51
 9.61277e-50  3.55699e-38
 7.31326e-21  8.05617e-30
 4.95622e-23  3.30704e-30
  3.3851e-38  7.30373e-35
 6.87465e-22  9.43376e-22
 1.33159e-27   7.4588e-60
 3.06833e-40  7.25897e-45
 5.18648e-20  1.26267e-14
 1.11905e-14  1.07191e-47
 7.60019e-44  1.16078e-42
 2.33916e-20  1.44503e-66
 2.93589e-18  2.83078e-32
 5.29292e-46  2.02606e-23
 2.85972e-51  2.54422e-19
  1.9627e-38   8.7477e-26
 4.56368e-29   7.7114e-48
 2.22543e-40  3.18272e-28
 4.29453e-36  0.000115251
 1.36743e-18  1.94673e-36
 6.06722e-31  8.08113e-60
 9.88649e-18  8.58338e-63
    0.996009  2.15311e-74
 7.20697e-07  7.35834e-34
 1.04299e-36 2.41927e-108
 2.39556e-09   7.7086e-48
 5.60546e-43  8.17207e-29
  7.2082e-41  6.64815e-17
 5.34493e-50  1.95521e-34
 3.71127e-12  4.21162e-76
 2.94242e-35  6.90759e-22
 6.70453e-28  3.55551e-80
 1.14971e-23  2.02101e-68
 3.33924e-58  1.78228e-40
 7.01793e-18  2.60092e-58
 7.12544e-43  3.96968e-12
 2.47585e-52  1.15685e-18
 4.19708e-33 9.52253e-103
 1.75459e-18  3.72015e-68
 1.14167e-10  9.44426e-67
 7.35092e-19  1.29784e-14
 7.67367e-16  1.50478e-34
 1.36193e-20    1.036e-41
 1.50846e-54  5.87166e-42
 4.09094e-19    4.598e-32
 4.08754e-54  2.90633e-76
 3.96898e-31  1.67611e-24
 6.57437e-09  6.08167e-51
 1.14736e-31  1.59482e-70
 2.68369e-26  6.92465e-40
 8.33456e-26  1.87917e-28
 1.06865e-51  1.25565e-69
 5.25125e-58  1.30375e-10
 7.02993e-12  3.67037e-48
 5.28496e-27  8.49795e-07
 3.21504e-29  8.35961e-50
 8.73158e-18  5.55891e-45
 1.16516e-12  3.83438e-21
 2.28607e-35   2.8857e-44
 1.39061e-45  1.50122e-17
 1.07396e-37  1.75076e-22
 5.44132e-17  5.50471e-73
 1.71205e-27  6.23311e-17
 8.11316e-18  9.01813e-20
 1.63268e-17  3.63476e-30
 3.10268e-33  0.000220347
 5.76354e-30  1.96106e-46
 1.11391e-28  3.21645e-32
 6.40172e-44  9.62416e-32
 6.50115e-10  5.57402e-36
  3.9989e-36   3.1959e-31
 6.42678e-54  1.29595e-05
 7.35376e-23  3.16082e-29
 2.83944e-33    5.325e-41
     3.9e-33  1.14161e-18
 6.07312e-48   4.2588e-30
 2.44894e-20  2.33269e-38
 1.81781e-45  6.49957e-35
 3.21693e-07  1.90285e-26
 8.13358e-28  2.89396e-51
 6.89652e-06  3.16558e-35
 0.000166527  1.66476e-28
  3.5834e-18  5.86576e-38
 6.02968e-25  5.73966e-31
 1.45409e-05  1.09381e-47
 7.75752e-70   4.9293e-26
 3.05127e-37  2.10423e-38
 2.90535e-38  6.46047e-48
 3.05426e-35  4.53692e-54
 1.87707e-31  1.83811e-39
  4.8513e-27  1.66051e-26
 2.67566e-21  1.11926e-10
 3.16883e-08  3.43098e-52
 8.93947e-30   5.8256e-12
 1.53389e-10  7.07598e-49
 2.20248e-14    2.355e-38
 1.13744e-25  4.02417e-06
 2.00764e-50  2.22814e-14
 1.26613e-33  3.94826e-21
 8.77544e-29  8.37574e-58
 3.86275e-36  8.42354e-35
  7.0626e-28  8.64721e-20
  9.5431e-40  5.78644e-23
 3.28126e-17  7.50318e-26
 1.29072e-18  1.92494e-29
 2.36822e-52  6.77693e-47
 1.57985e-28  8.68281e-49
 1.79311e-31  1.68651e-30
  2.0827e-38  3.29707e-23
 9.93612e-15  3.68192e-31
 1.61653e-23  4.65343e-65
 7.82175e-22  1.09838e-49
 1.46865e-34  9.62341e-82
 1.53212e-19  9.91508e-61
 1.12077e-08  1.78519e-48
  2.9463e-27  7.22499e-31
 2.94374e-13   2.9527e-48
 1.23809e-28  3.12191e-40
 2.08098e-07  1.69986e-35
 1.32906e-32  3.07306e-24
 2.29872e-21   5.3184e-40
 3.18132e-06  9.56282e-48
 9.07268e-18  4.44226e-46
 2.16136e-19  1.14421e-33
 8.38675e-14  8.85681e-38
 1.80695e-21  3.72498e-33
 1.08111e-49  4.37188e-43
 1.69885e-19  1.39264e-45
 2.41513e-12  2.02838e-26
 1.71007e-27  1.25406e-33
 1.80351e-36  1.71832e-16
 3.44849e-34  4.32406e-22
 1.60452e-29  1.36499e-25
 2.38943e-58   2.3349e-18
 2.25596e-24  2.14419e-14
 3.75223e-12  1.25021e-40
 3.04407e-24  5.84823e-66
 2.51213e-28  1.77999e-34
 7.48007e-46   4.7892e-33
 4.39289e-56  1.45881e-16
 2.38354e-20  1.20008e-49
 6.06511e-26  1.17983e-26
 2.17728e-26  4.41344e-70
 7.83638e-22  1.06912e-13
 1.35859e-37  1.50155e-40
 1.90155e-58  2.26091e-28
 5.15797e-28  1.73793e-27
  1.5039e-64  1.27978e-88
 2.68927e-51  5.29233e-39
 3.04215e-44  5.82845e-29
 5.18106e-47  4.56896e-39
 4.74877e-38   9.8616e-39
 3.10584e-13  5.09892e-43
 4.72237e-66  0.000150797
 2.90763e-28  7.91078e-24
 6.32244e-20   2.3564e-67
 1.73595e-38  3.87923e-37
 9.60317e-46  1.51572e-19
 7.35606e-12   4.1494e-45
 4.66523e-34  4.52559e-71
 1.58149e-37   1.8749e-20
  1.4672e-49  5.12378e-10
 6.26132e-22   1.1342e-45
 3.46642e-71  8.35944e-18
 2.13767e-32  5.63233e-17
 1.07368e-18  2.12673e-78
 6.08577e-47  3.07981e-39
  5.8679e-52  1.06162e-11
   7.142e-79  1.15168e-26
 1.16607e-08  4.14391e-23
 4.32766e-44  1.27454e-32
 2.81345e-37  1.01967e-96
 1.20462e-51  8.53104e-15
 1.25148e-61  4.09002e-73
  1.0347e-19  1.25348e-34
 8.02034e-39  1.55028e-35
 8.33303e-45  5.28252e-09
  6.8472e-19  4.83844e-59
 4.07726e-13  7.45782e-52
 1.14244e-44  3.45185e-28
 3.14029e-39  1.68235e-40
 1.49885e-37  1.41166e-40
 7.12952e-20  1.06575e-49
    0.996016  1.38855e-54
 7.00621e-26  6.80697e-39
 1.38366e-39  1.03811e-26
 6.35699e-33  2.93798e-42
 9.06146e-17  3.18488e-37
 6.81246e-21  1.05722e-58
 1.96477e-18  2.80521e-41
 1.65635e-44  8.28961e-39
 1.20992e-27   1.2865e-41
 8.89225e-48  2.99283e-64
 4.57681e-43  4.52812e-23
 5.16134e-29  2.25452e-22
 3.16425e-26  9.72149e-42
  0.00110662  2.67293e-28
 8.88581e-17   8.6651e-60
 2.70717e-29   1.2431e-41
 5.40138e-13  1.49495e-41
 1.68222e-29  0.000467274
 4.17969e-16  6.98974e-49
 1.55006e-43  9.05712e-07
 9.25984e-69  0.000640914
 2.06503e-45  6.75197e-18
 1.34372e-19  2.36673e-22
 4.24838e-69  2.77874e-70
 3.14109e-60  3.14102e-10
 3.50688e-23  2.23436e-65
 4.39343e-09   4.1392e-63
 3.60623e-41  3.28385e-36
 1.30543e-12  2.08245e-65
 3.48646e-56  6.79557e-43
 2.61138e-73  1.81845e-33
  3.3611e-31  5.55823e-10
 3.89804e-15  1.79953e-73
 1.40271e-27  4.38926e-16
 6.73045e-29  1.49129e-07
 1.97315e-50  1.47074e-11
 2.09786e-47  1.00029e-21
 1.26105e-35 2.33598e-105
 1.42382e-27   1.1083e-32
 2.70416e-46  1.44316e-70
 3.48588e-14  3.97139e-27
 2.77164e-33  2.47477e-34
 1.06764e-25  3.86422e-39
 6.35365e-14  3.26127e-58
 1.86659e-44  4.43109e-25
 6.44191e-25  3.01938e-39
 2.23813e-65  2.28805e-27
  9.7362e-19  4.75445e-22
 1.26116e-25  1.01313e-50
 1.29059e-18   5.4271e-50
  1.0798e-28  9.61797e-46
  0.00205758  1.39723e-28
 4.31337e-50  2.09007e-48
 5.47046e-17  4.77451e-41
 4.88827e-28  1.08626e-42
 1.17946e-08  3.18851e-50
 1.02803e-14  8.24361e-63
 7.58565e-26  3.29864e-54
 6.12193e-24  6.45549e-60
 1.07172e-13  1.04421e-43
 2.17691e-61  1.30722e-15
    0.996007  2.46835e-42
 1.62545e-47  5.05574e-44
 6.80705e-16  7.14134e-19
 7.75935e-31  1.06336e-09
 1.13232e-31  0.000335653
 2.21056e-27   9.7067e-28
 1.49325e-31  2.66556e-21
 7.61761e-43  1.43641e-14
 2.02803e-27   7.0487e-57
 2.17421e-32  3.57435e-08
 3.89578e-18  2.20255e-32
 4.74016e-68   1.7496e-73
 1.21629e-11  1.49828e-37
  3.8981e-36  7.44875e-96
 2.02637e-21  6.13153e-21
 2.87617e-44  1.04527e-65
 5.77791e-42 3.74109e-105
 1.28766e-43  8.05637e-25
 7.59105e-23  3.90597e-26
 7.31469e-43  3.94177e-44
 6.23966e-12  2.08704e-35
 6.37031e-17   4.2773e-59
 7.49899e-46  2.88591e-43
 1.00111e-42  1.08016e-15
  2.2002e-60  1.73376e-74
 4.43748e-47  4.20216e-15
 1.32859e-14  4.42958e-44
 2.72608e-27  1.71366e-47
 6.27947e-23  5.08275e-37
 3.09626e-24  5.03106e-14
 4.71071e-31  2.32601e-24
 3.12479e-50  5.70225e-22
 3.83229e-10  1.12505e-33
 6.02598e-28   4.6943e-30
 9.88955e-13  9.33302e-40
 1.47445e-12  2.70209e-19
 6.39338e-37 1.46147e-103
 1.08307e-17  1.23628e-37
 6.72183e-59  1.00722e-48
 1.09781e-21  8.96417e-23
 1.94422e-58  9.89764e-24
 5.79328e-50   0.00110904
  1.8185e-38   2.6793e-55
 2.80877e-51  6.72767e-19
 1.62791e-36  5.43312e-43
 1.53028e-10  2.04045e-26
 7.53777e-58   7.8096e-17
 9.57439e-21  8.64455e-12
 3.62766e-42  7.00344e-26
 3.63837e-17   6.8376e-74
 6.62919e-47  1.89682e-49
 2.14875e-39  2.89344e-14
  2.6942e-56   2.5537e-61
 5.98201e-14  4.94699e-19
 2.23662e-38  1.40933e-54
 3.17831e-13   5.8805e-43
 1.14214e-50  1.74603e-11
 7.77674e-20  1.25121e-45
 6.14727e-36  4.48122e-08
 1.13612e-31  4.42177e-39
 3.21899e-61  3.63941e-23
 1.82081e-26  1.92441e-15
 5.91663e-33  8.17431e-58
  3.4284e-21  5.15887e-41
 5.95911e-46   2.1962e-28
 2.20559e-22  9.56267e-95
 1.90756e-11    1.753e-21
 5.52974e-24  7.54676e-72
 4.91812e-35  2.03799e-74
 2.24883e-62  6.73938e-11
 1.55873e-22  1.03471e-87
 9.86152e-33  6.58251e-05
 9.76798e-46  9.41376e-96
 3.50083e-17  1.00885e-35
 2.71232e-11  6.17428e-24
 3.73317e-62   2.1828e-09
 7.32686e-22   3.3239e-71
  6.8295e-35   8.5908e-35
 3.59643e-10  4.81526e-54
 3.60506e-19   9.4226e-72
 1.72487e-15  9.49456e-24
  2.4531e-11  6.43794e-22
 9.86823e-55  1.05368e-42
 5.66315e-17    2.545e-60
 7.24903e-17  3.85029e-70
  5.1702e-42  1.54458e-12
 2.87202e-37  1.17443e-82
 1.10035e-15  1.49245e-43
 7.43461e-30  7.40319e-96
 8.25228e-26   4.8993e-09
 8.02486e-06  3.04407e-75
 1.32548e-32  3.29647e-12
 1.63445e-16  3.29278e-60
 7.32957e-31  3.24989e-11
 4.46087e-31   9.9304e-19
 1.41508e-23  1.10552e-10
 2.17808e-14   8.6879e-65
 5.79783e-39  2.37498e-86
 4.45859e-10  2.87921e-43
 2.19085e-41  3.92166e-30
 1.28979e-16  1.72732e-60
 8.94597e-25  5.09023e-16
 5.83806e-22   4.6914e-69
 7.13977e-31  7.95782e-48
  9.9193e-36  7.83328e-27
 6.05345e-21  2.41975e-11
 1.07199e-11  8.68156e-22
 2.26731e-31  4.16661e-86
 3.72079e-56  3.69538e-19
 8.12119e-48  1.94102e-25
  4.0219e-54  1.07562e-14
 1.89044e-10    9.941e-51
 5.74639e-28  5.04091e-25
 6.75342e-53  4.42743e-44
 5.20491e-35  3.46347e-06
 3.15873e-25  3.80143e-18
 4.15012e-08  2.14955e-29
  2.3746e-25  6.89058e-18
 2.78031e-12  5.20283e-31
 1.77308e-44  1.31918e-22
 7.64364e-11  2.52799e-46
  9.5343e-32  7.03592e-56
 1.61289e-28  4.38661e-45
 3.01179e-33  1.62749e-11
 7.66412e-45  1.77664e-37
  3.7621e-14  4.24656e-39
 2.89241e-21  9.93828e-61
 3.75676e-32  3.69086e-51
 8.67588e-45   1.0593e-24
 5.51759e-39  5.63677e-28
 3.95788e-46  1.63814e-17
 5.22794e-47  1.67943e-29
 4.20687e-53  3.15796e-19
 8.04886e-21  3.72429e-35
 9.29954e-19  3.35038e-55
  1.0833e-29  1.59468e-24
 1.29289e-12   1.6119e-20
 1.99492e-35  1.21193e-38
 2.44986e-22  1.46503e-76
  1.9124e-24  5.50698e-20
 2.42863e-35  3.07062e-33
 9.39452e-54  4.76308e-16
 7.47126e-34  8.12573e-35
  3.3614e-34  2.03488e-75
 5.86453e-15  1.03281e-38
 2.38225e-41  3.95315e-13
 4.05658e-37  1.63997e-54
 3.57177e-43   1.5141e-53
 1.32659e-22  9.09513e-61
 1.87654e-51  1.39135e-37
 1.88181e-26  2.19357e-43
 1.51816e-19  1.14807e-66
 3.73044e-33  7.31373e-52
 2.07659e-52     0.996006
 2.30577e-11  2.35247e-25
  2.6911e-15  1.74793e-43
 4.10009e-11   7.1432e-45
 1.07388e-51  7.01083e-19
 1.23707e-17   1.1695e-63
 4.21745e-24  7.13834e-65
 3.16777e-44  7.40155e-26
 4.56184e-32  1.43219e-15
 2.59401e-23  1.60528e-35
 8.72178e-13  4.23747e-64
 4.65286e-11    1.064e-22
 1.08892e-33  1.30324e-05
 1.45906e-20  2.17871e-37
 4.64135e-13   2.4779e-41
 3.34945e-32  6.97945e-74
 5.74418e-32  1.12338e-45
 1.20524e-54  3.12442e-76
 3.16951e-43  1.36945e-32
 4.15609e-11  7.00298e-27
 2.03295e-51  2.51467e-18
 2.58383e-71     0.996007
 4.26627e-21  7.23381e-43
 2.58034e-74   4.6764e-17
  2.3291e-23  1.15976e-59
 2.13891e-17  1.52493e-17
 9.63299e-50  1.54527e-36
 1.14108e-32  1.34117e-51
 1.32049e-11  7.79555e-46
 1.43529e-20  2.92562e-65
 0.000207137  1.99382e-39
 2.26883e-34  7.17126e-54
 1.91461e-13  2.07629e-40
 5.73288e-26  6.51596e-59
    0.996002  1.47872e-30
 9.46506e-57  1.11458e-18
 2.06334e-21  1.26214e-39
 4.34414e-57  4.82086e-20
 2.92698e-53  1.87547e-74
 2.00341e-69   0.00245261
 9.81403e-46  2.55265e-48
  3.0887e-23  2.62374e-35
 8.67766e-31  7.74176e-28
 6.92268e-52  1.48669e-24
 1.70029e-41  1.36689e-64
 9.83942e-35   4.3016e-19
 1.04474e-25   8.9468e-54
 1.24439e-52  5.35362e-16
  1.0069e-29  2.19079e-32
 4.18463e-41  4.28507e-11
 4.10314e-09  6.11141e-29
 6.13389e-34  2.20778e-17
 8.71503e-18  4.11776e-59
 1.22043e-27  4.44322e-67
 1.00244e-25  1.60956e-58
 2.01457e-36  4.43398e-42
 1.40705e-23  5.21308e-07
  3.7012e-17  1.61699e-31
   3.694e-67  1.57095e-31
 4.75955e-28  1.09611e-31
 1.40186e-17  1.08928e-37
 3.80414e-62  3.87848e-07
  1.2823e-50  3.82052e-14
 2.88669e-29  3.85006e-12
 9.07282e-35   5.8992e-49
  3.8424e-52   0.00140893
 3.91053e-15  6.14285e-39
 2.59311e-39  1.15971e-14
 8.77638e-26   7.7019e-86
 6.59934e-25  1.71237e-45
 3.76518e-35   5.8692e-37
 3.82871e-17  5.17167e-29
   6.298e-21  2.63282e-93
 5.18905e-40  9.14211e-12
 1.83974e-44 2.88802e-109
  1.0159e-36  3.22837e-35
 2.89722e-24  7.18888e-64
 0.000497602  1.35646e-26
 7.51317e-12  7.14248e-38
 2.08681e-43  1.60291e-15
 1.05733e-26  9.22389e-22
 4.98747e-52  3.36932e-57
 2.26695e-24  8.86366e-45
 1.45208e-08  1.00573e-71
 7.48637e-16  1.24079e-61
 1.46926e-43  8.34538e-43
 3.16181e-19  4.71394e-36
 6.17963e-50  1.43929e-28
 2.62825e-41  3.23587e-41
 9.41579e-51  7.76726e-15
 2.20809e-12  1.05243e-44
 1.72669e-27   4.1531e-97
 1.83505e-12  6.97957e-58
 8.07184e-25  6.85156e-63
 5.26395e-30  1.71833e-18
 1.26237e-61  1.14098e-63
 1.98174e-57  2.44126e-42
 8.57128e-83  3.20851e-28
 3.78827e-30  3.67907e-18
 2.90642e-06  8.90523e-75
 9.60501e-50  2.02254e-38
 1.61448e-18  2.18674e-42
 2.42889e-26  3.23966e-32
 1.01903e-18   4.9952e-40
 2.28047e-30  7.12654e-38
 4.34147e-32  4.21875e-22
 3.29054e-17  2.39229e-39
 1.37314e-39  3.50689e-29
 9.68645e-35  4.77903e-37
 1.90151e-37   1.4927e-38
  1.3771e-51  1.30022e-69
 2.51726e-20  1.91458e-39
 7.43296e-11  9.91263e-49
 3.66144e-24  2.55492e-60
 2.46155e-14  2.24827e-43
 5.06082e-41  4.77098e-25
 1.28816e-38  1.15657e-10
 2.72009e-18  1.05566e-32
 5.17456e-19  2.85426e-50
 7.85718e-20  4.43318e-22
 3.43434e-30  2.35616e-25
 3.09288e-70  1.03515e-26
 1.81646e-45  9.43622e-21
 1.14512e-23  3.78484e-17
 6.21537e-61  2.98778e-32
 2.75747e-53  5.82307e-10
 6.26763e-07  1.16376e-72
 5.08782e-70  6.29051e-75
 1.02112e-34  1.41979e-10
 1.90284e-26  6.79203e-97
 8.25493e-36  1.33265e-33
 2.52152e-18  1.74047e-31
 0.000151459  2.73273e-33
 7.77256e-37  7.79474e-23
 8.28706e-35  3.97392e-23
 3.46379e-24   3.9982e-39
 9.21923e-18  6.56997e-35
  2.7232e-42  4.74675e-98
 1.40322e-21  1.79079e-54
    2.47e-44  1.14096e-46
 6.81545e-40  1.91394e-11
 3.33617e-61  3.01349e-13
  4.1909e-55  5.10127e-18
 5.08653e-30  8.01395e-14
 7.28438e-33  5.70003e-57
 1.20722e-30  9.40294e-15
 1.32813e-12  2.43253e-77
 2.15589e-23   1.3139e-47
 2.15869e-20  4.52189e-48
  1.7752e-16  1.67221e-58
 4.48123e-55  2.37199e-18
 6.77793e-63  2.29108e-24
 1.95693e-27  1.05373e-44
 5.06483e-16  2.84127e-20
 3.24837e-27  5.61768e-28
 1.52778e-05  1.85773e-43
 2.82528e-26  1.13549e-12
 7.33451e-34  5.95258e-22
 1.82269e-26   2.3682e-50
 5.73769e-11  1.63905e-24
 4.26769e-19   1.6997e-61
 3.94786e-21  5.45155e-81
 4.52653e-55  2.01216e-11
 3.46516e-33  8.47186e-41
 1.30918e-32  6.80574e-61
 1.52525e-07  9.19202e-81
 8.58251e-09  7.07021e-37
 3.16567e-13  4.27126e-22
 7.47612e-21  8.35169e-28
 9.93339e-42  7.41373e-10
 8.74057e-16  9.99955e-43
 1.51991e-62  3.96811e-67
 6.81917e-55  1.00345e-17
 1.22061e-44  5.71337e-47
 3.80847e-34  4.48852e-42
 2.14025e-14  5.16114e-38
 1.99095e-25  8.82138e-34
 1.03424e-12  1.85132e-51
 1.76665e-23  2.00183e-40
 2.25352e-33  1.95617e-33
 4.07424e-28  2.77906e-05
 1.52871e-20  5.46443e-53
 1.24343e-29  2.56562e-24
 1.02765e-18  9.34813e-34
  6.3857e-42  6.18312e-19
 4.62547e-29  3.09258e-19
 5.33938e-09  2.84372e-70
 3.30155e-42  1.25759e-17
 4.85011e-40  6.10739e-41
 9.87239e-17  1.46549e-37
 2.48915e-46  2.77521e-41
 4.25204e-44    6.965e-39
 4.46779e-36  9.22442e-46
 2.90219e-59  5.23267e-11
 1.59951e-38  7.78983e-21
 2.88551e-23  1.57109e-72
 7.03536e-34  7.76178e-38
 2.43759e-35  1.56255e-48
 6.61301e-72  3.62085e-18
 9.68576e-23  3.27098e-50
 8.63241e-53  4.00623e-08
  3.1458e-66  9.28605e-10
  1.4714e-72  5.32643e-16
 6.19789e-31  1.1527e-102
 3.60069e-45  5.06904e-45
 1.88903e-38  1.10317e-29
 1.05801e-36  2.02039e-23
 3.17953e-35  1.24376e-53
 1.40913e-29  2.58934e-17
 2.29181e-14  8.23208e-58
  1.8604e-46  2.47535e-46
 8.66474e-19   2.7329e-33
 8.45888e-35  1.12285e-20
 7.80853e-31   0.00206534
 8.86477e-58  9.13724e-14
 7.94856e-52  7.49746e-25
  1.9721e-52   1.1598e-19
 3.78805e-17  5.86078e-44
  5.2022e-15  3.84088e-20
 1.06652e-23  1.62017e-63
 9.19284e-35  1.18605e-43
 3.74145e-40  8.90402e-34
 1.62935e-19  9.92467e-34
 2.41007e-37   2.0352e-33
  1.7551e-14  3.99323e-40
 1.52213e-21  2.37558e-11
 5.31413e-47  2.34521e-35
 3.76447e-12  4.01925e-80
 1.00381e-20  1.43794e-15
 1.15592e-15  4.77665e-47
  1.6597e-32  3.29532e-73
 1.80418e-32  1.44334e-37
 9.13012e-31  1.59941e-51
 2.43547e-05  3.84786e-59
 1.08757e-32  4.84796e-28
  2.1787e-18  1.02431e-55
 1.31995e-54   3.8887e-15
 2.09953e-32  1.30764e-16
 8.26191e-38  4.25725e-27
 7.43552e-17  3.90902e-58
  3.0129e-52  2.18551e-38
 1.24224e-28  1.76385e-16
 1.45859e-16  9.73287e-28
 7.56027e-20  1.27793e-58
 4.43774e-30  3.96033e-59
 1.08128e-30  1.50098e-44
 1.85045e-14  1.57441e-43
 4.60745e-21  9.55353e-58
 1.59071e-57  2.96772e-32
 1.35329e-23  1.44672e-35
 1.76924e-42  1.23317e-23
 4.18005e-30  1.37202e-56
 4.76126e-24  1.35187e-27
 2.14134e-45  8.81729e-28
 6.51234e-54  3.26889e-37
 7.53956e-11    5.198e-52
  6.8863e-22  3.60861e-23
 7.87104e-27  1.04088e-17
 1.42595e-29  3.20852e-40
 1.01683e-24  1.78823e-37
 1.43018e-32  1.46417e-53
 3.82841e-42  3.48099e-28
  1.9234e-61  2.41297e-59
 3.82899e-21    1.895e-19
 5.85805e-49  4.26052e-17
  4.5799e-37  2.95598e-94
 2.50945e-20  1.29879e-22
 2.23084e-39  6.29412e-36
 2.15186e-31  3.15369e-18
 7.03789e-09  4.18819e-80
 6.92707e-09  3.76217e-32
 9.19553e-44  1.33369e-32
 2.80626e-15  5.71979e-41
 5.27343e-11  6.12888e-72
 6.45337e-34  2.14972e-43
 1.90348e-40  2.62629e-43
 2.13987e-10  4.45916e-63
 4.01649e-22  4.16717e-53
 3.26248e-15  1.83837e-48
 2.93412e-15  8.03746e-61
  0.00396419  1.05319e-53
 1.99634e-44  2.82934e-38
  4.7092e-20  1.12119e-30
 2.99329e-12  3.08011e-44
 3.07894e-60  1.50057e-20
 7.46156e-22  1.08337e-66
 4.66257e-65  3.77096e-26
 6.23247e-44  2.32759e-40
 1.11508e-48  4.15178e-17
  1.9022e-48  9.49697e-54
 5.71583e-88  9.28409e-30
 2.83729e-59   5.0731e-89
 2.23708e-20  7.41833e-45
 2.46513e-80  2.21221e-23
 3.45856e-31  1.95659e-11
 8.55033e-65  3.46959e-74
 1.81585e-62  5.86268e-14
 4.60736e-58  8.00974e-42
 9.53117e-42  2.67453e-30
 1.46563e-34  2.03255e-15
 1.21628e-07  4.88306e-36
 2.41512e-29  6.22418e-29