 1.70732e-57  2.27138e-16
 7.33402e-29  7.15725e-05
 1.59283e-53  3.21804e-17
 1.82177e-17  1.77559e-66
 1.09802e-25  4.64571e-29
 1.50959e-60  9.30426e-14
  3.0621e-09  2.28459e-38
 3.49539e-52  1.24807e-17
 0.000108217  1.08028e-75
  5.4947e-25  1.34909e-44
 3.58122e-39  3.46783e-16
 8.48579e-19  1.47927e-53
  0.00280789  3.78687e-77
 5.87281e-34  3.16234e-21
 1.44499e-67  3.36927e-14
 1.35065e-13  1.53615e-24
 2.37675e-28   0.00169634
 8.14031e-18  2.42108e-31
  7.8634e-17   1.5335e-51
 1.38571e-44  7.00696e-16
 3.54257e-29  5.07958e-13
 4.23471e-59  1.18759e-72
 4.00607e-54   8.6327e-38
 3.95965e-48  1.40937e-24
 1.90856e-28  2.38567e-26
 4.00847e-22  2.20955e-31
 4.74695e-29  2.05886e-48
 1.04764e-19  1.26559e-57
 3.42628e-60  1.07512e-37
 1.02666e-32   2.8857e-39
 4.51251e-25  2.98516e-58
 9.34816e-10  9.43599e-72
  6.0455e-31  4.38888e-17
 2.64322e-13  2.12906e-30
 8.74591e-45  2.40359e-30
 2.47644e-56  1.98574e-09
 9.88821e-18  3.35116e-46
 4.36104e-56  2.10461e-18
 3.52509e-27  2.47331e-25
 7.80268e-29  4.33794e-41
  2.4745e-31  1.27146e-55
 3.04345e-36  8.89531e-21
 5.71504e-33  1.05121e-47
 5.16803e-46  8.98986e-29
 3.72327e-20  3.50822e-36
 4.35523e-25  8.38046e-27
  5.8066e-34  1.08033e-38
 1.51844e-17  7.93394e-24
 4.18505e-09  1.03499e-54
 6.78723e-21  2.35543e-28
 3.60192e-18  1.28803e-42
 1.75775e-86  8.21293e-32
 9.93598e-36  1.01661e-15
 7.72889e-15   9.6519e-41
 9.83552e-49  5.38317e-19
 3.96235e-43   4.6118e-15
  4.4846e-57  9.47686e-13
 1.65371e-29  7.94936e-17
 6.53756e-67  1.08869e-25
  2.5999e-12  1.28378e-41
 3.61075e-25  8.85632e-28
 1.81347e-09  2.24419e-52
 9.59861e-19  1.97964e-55
 2.87079e-17   2.9185e-58
 1.49069e-41  1.25036e-57
 1.93571e-17   6.8567e-18
 2.55391e-36  2.09874e-79
 6.35641e-36  6.10205e-13
 1.65322e-50  6.11273e-31
 7.66414e-37  1.92536e-21
 1.35502e-09  3.09982e-44
 3.42691e-05  5.95676e-34
 1.20823e-27  2.76778e-77
 2.09921e-44  3.49992e-42
 6.16091e-46  2.14695e-25
 1.55384e-35  1.46261e-05
 9.14784e-61   1.4621e-17
 8.30574e-53  2.20124e-51
 4.12807e-44  5.05963e-89
 3.14679e-13  7.46661e-46
6.13511e-100  1.69027e-33
 4.54986e-24  2.62214e-47
 3.05816e-19  2.82624e-62
  1.0077e-05   1.4091e-75
 7.36237e-12  5.29884e-62
 1.32676e-55  8.99496e-35
 6.99897e-42  2.32783e-24
 1.22827e-54  1.19844e-16
  5.5849e-59  7.57705e-60
 8.25619e-40  0.000123743
 9.99397e-28  4.61552e-39
 7.61767e-99  2.48788e-30
 3.64323e-30  5.44792e-31
 8.27943e-19  1.91207e-53
 3.54665e-50  2.29935e-30
 9.89032e-49  7.33846e-35
 1.61452e-51  2.10913e-17
 5.54851e-08  2.08756e-64
 1.01726e-06  3.22381e-29
 1.58596e-21  1.09059e-10
 2.11346e-30  4.55508e-31
 3.08694e-49   8.0779e-27
 4.01063e-36  6.08223e-25
 8.60495e-09   1.4118e-44
 9.94921e-14  4.85425e-19
 1.34734e-31  2.84303e-39
 1.30312e-19  6.03108e-54
 1.72651e-42  1.10222e-43
 1.58292e-28  8.58702e-52
 7.79943e-32  8.05028e-37
 1.92895e-39  1.10769e-37
 1.60817e-38  1.31657e-86
 4.81052e-43  1.73007e-18
 1.17702e-09  1.05586e-26
 3.26336e-26  5.68453e-17
 1.41915e-40  1.07091e-38
 3.49308e-25  5.40732e-33
 2.97627e-66  2.42696e-08
 4.77784e-29  3.41789e-87
 9.16635e-23  2.88004e-14
 3.41331e-70  4.60656e-23
 3.84616e-31  6.42892e-44
 1.89276e-43  1.37661e-32
 2.54994e-33  1.04829e-30
  2.5542e-42  3.34166e-11
 2.75398e-12  3.23727e-37
  5.0375e-05  1.21077e-34
  0.00255664  1.44139e-40
 4.06178e-19  1.11272e-25
  3.3395e-28  6.29468e-24
 2.05058e-26  1.23679e-27
   1.303e-12   5.7183e-65
 3.91193e-24  5.57678e-49
 6.25055e-19  4.90229e-23
 9.52023e-47  4.52431e-20
 6.83641e-30  1.48219e-45
 1.80077e-21   1.4946e-26
 5.65174e-42  3.85112e-28
 1.45628e-35  1.02793e-14
 2.83491e-21   5.5864e-32
 9.24934e-30  1.60928e-25
 1.93819e-47 1.57631e-101
 7.95503e-47  5.29294e-12
 1.32569e-37  3.47648e-25
 1.38091e-20  2.54507e-19
 1.64704e-29  8.66122e-60
 3.77693e-23   7.0372e-21
 3.75187e-39  1.56984e-63
 1.66864e-14  1.74463e-65
  2.9871e-44  1.15987e-26
 2.34415e-49  2.38698e-16
 1.07112e-22  2.55702e-23
  5.2137e-34  8.98261e-45
 2.43596e-18  9.12264e-60
 1.27205e-36  6.91907e-22
 7.72846e-27   1.8133e-31
 6.82429e-58  9.49445e-19
 1.16028e-11  1.96007e-21
 1.18169e-21  1.35349e-50
 2.65945e-49  1.86687e-15
 1.81682e-14  5.71685e-43
 2.07443e-20  1.78488e-50
 9.38815e-49  1.87526e-09
 4.85504e-27  1.08968e-56
 7.82849e-15   1.2327e-39
  1.3018e-11  7.81424e-42
 1.31397e-21  3.81972e-39
 1.06081e-17  1.01272e-73
 5.21642e-49  6.44489e-10
 5.74888e-18  5.52949e-65
 2.61408e-41  1.92025e-32
 1.12257e-60  2.34622e-13
 2.81972e-20  2.68962e-45
 1.38388e-43  1.83186e-23
 1.79521e-18  6.08169e-34
 5.41175e-06  1.32729e-29
 4.41887e-52  1.05829e-17
 3.22668e-09  6.51557e-26
 6.42998e-50  8.01153e-27
 8.46339e-15  4.33468e-29
 1.18364e-18  1.52737e-64
 5.90443e-25  2.28816e-36
 6.14645e-49  2.59304e-12
 2.14038e-52  1.73618e-27
 3.91919e-16  1.85292e-14
 0.000597623  5.49626e-32
 6.14443e-22  3.24407e-52
 1.87718e-25  4.93564e-07
 4.00154e-32  3.60236e-50
 8.26335e-37  3.66673e-57
 1.06485e-17  5.59609e-32
 1.66307e-36  8.98699e-38
 6.26009e-62  9.62695e-19
 8.10064e-20  1.83286e-67
 7.02545e-21  3.11914e-43
  9.2118e-13  2.35331e-20
 1.12119e-55  8.97633e-51
 2.90156e-46  2.12761e-43
 3.71974e-25  2.17484e-52
 1.49021e-22   1.8245e-44
 3.19638e-66  7.46387e-96
 5.62581e-30  1.10225e-70
 6.67378e-29   1.8925e-57
 1.03475e-08  3.01919e-28
 8.02438e-33  7.21723e-60
 1.34435e-79   2.2842e-17
  5.8273e-65  3.75175e-09
 1.19818e-17  9.11801e-14
 1.41382e-42  1.06215e-23
 1.48515e-34  3.76118e-32
 4.70921e-36  7.90905e-47
  2.3512e-30  2.20649e-15
 6.26802e-07  6.72694e-49
 3.75084e-26  2.40976e-29
 3.50412e-67  2.02896e-88
 5.84839e-09  1.97143e-27
 3.88741e-40 1.24859e-101
 7.18254e-38  6.07814e-14
 2.07837e-48  5.55723e-30
  1.9115e-36  1.89013e-45
 1.85445e-19  9.21732e-15
 1.36513e-32  6.09626e-19
 7.21412e-37  2.06604e-25
 3.68711e-19  7.59123e-37
  8.7241e-36  9.01823e-51
 3.56445e-56  1.70442e-17
 2.74225e-06  6.77818e-85
 5.01403e-22  4.86849e-65
 1.57876e-13  4.27572e-17
 2.45782e-25   6.4491e-52
 1.76156e-29  0.000285982
 6.77985e-14  4.02355e-78
  3.9355e-58  2.80184e-05
 1.31191e-28  1.12178e-35
 2.74709e-06  2.54057e-35
 1.05236e-53  5.48528e-16
 1.48951e-10  2.99245e-47
 2.91753e-37 1.89507e-118
 3.82966e-20  2.45477e-36
 8.16796e-54  2.65801e-19
 1.36116e-15  4.21075e-17
 3.51751e-38  9.62647e-38
 4.11483e-48  4.89862e-09
 1.65591e-16  1.42047e-72
 1.04869e-29  4.22436e-15
 1.15826e-33  1.61923e-07
 2.46372e-33  3.34344e-19
 2.34782e-53  5.12429e-15
 3.51829e-16  6.07036e-51
 2.78698e-21   3.9522e-78
 4.87732e-12  9.99024e-40
 2.22351e-25  1.61829e-22
 1.97132e-35  1.85591e-12
 6.01644e-39  2.59808e-10
 8.33183e-10  3.43364e-36
 2.69911e-20  3.67893e-66
 2.72998e-84   1.2826e-21
 3.92758e-08  6.41427e-29
 3.43762e-50   8.9021e-36
 3.36229e-22  2.88439e-49
 8.02341e-61  1.23805e-24
 6.27295e-29  8.37672e-50
 2.78603e-31  4.27141e-27
 2.40814e-23  1.60127e-50
 2.09493e-28  4.32691e-75
 1.53465e-14   2.2717e-27
  5.4767e-44  2.34639e-32
 2.71457e-21  3.50122e-77
 9.96319e-46  1.62038e-21
 6.25065e-33 5.85956e-109
  1.6777e-37  2.19643e-19
 2.50259e-40  5.96964e-40
 1.02705e-16  7.85639e-51
 1.49288e-19  5.69517e-32
 1.35511e-31   7.3939e-54
  4.7072e-26  1.17997e-34
 1.85484e-31   1.1742e-63
 7.65069e-20  1.68742e-18
  8.8052e-13  2.82065e-50
 5.98784e-28  5.90431e-74
  4.2532e-33   0.00011947
 2.83658e-22  1.94727e-69
 1.54766e-21  4.75052e-37
 1.76415e-35   4.8776e-33
  1.8575e-24  4.67778e-45
 2.35752e-42  5.29635e-46
 1.07737e-34  3.92975e-96
 9.97192e-44 4.26139e-114
 1.02144e-32   1.7337e-25
 1.20543e-44   1.8585e-25
 1.01827e-53   4.8509e-32
 2.29967e-22  4.02579e-37
 6.79781e-43  2.35108e-23
 6.48126e-31  8.02191e-27
 7.26193e-11  8.32983e-29
 7.84407e-61  1.78673e-06
 7.20167e-72  2.94579e-78
 2.00879e-34 1.46791e-114
  7.0596e-18  3.53838e-54
 3.66881e-15  1.23371e-57
 2.97104e-35   3.3058e-42
 1.31476e-33  5.46651e-58
 8.39453e-44  2.67415e-36
 1.58016e-55  3.63844e-31
 1.11096e-26   1.6518e-66
 7.60401e-22   7.2672e-67
 1.07901e-52  9.38564e-36
 5.64228e-27   4.1602e-66
 6.17227e-13  7.25473e-56
 5.40599e-48  4.59667e-14
 1.44812e-11  3.07748e-22
 3.83787e-23  6.38337e-24
  1.2591e-06  1.56481e-35
 1.50838e-11  6.90829e-70
 5.76757e-72  1.18373e-75
 4.26914e-33  3.35629e-41
 1.60881e-32  5.15898e-65
 3.47645e-26  1.60028e-25
 2.10186e-44  6.24934e-23
 4.45892e-15   2.4346e-49
 2.35671e-24  5.29429e-53
 1.45383e-36  1.00051e-29
 7.30284e-17  8.61973e-44
 4.93253e-62  1.33174e-08
 7.17464e-31  3.18261e-27
 1.72508e-14  6.91429e-58
 6.27599e-51  4.51651e-52
 5.11916e-32  5.65992e-06
 9.13585e-52  1.17118e-64
 1.08306e-26  1.41053e-54
 1.26613e-44  4.47461e-29
 4.96565e-43  1.06582e-34
 1.20656e-20  2.49254e-12
 3.98464e-07  8.48617e-76
 4.49478e-25  6.24357e-33
 2.90421e-31   0.00244363
    7.91e-10  1.28196e-33
 5.40524e-70   0.00033686
 1.49862e-14  1.57261e-17
 6.02787e-12  1.44524e-41
 3.20225e-25  4.18535e-18
 1.09609e-14  1.60563e-66
 9.91607e-38  1.72039e-62
 2.45157e-38  7.24169e-83
 4.55049e-40  2.79951e-39
 1.04352e-50   1.6747e-39
 7.98143e-35  5.26261e-31
 2.98303e-24  4.09421e-14
 1.92359e-10  1.09541e-46
 5.34661e-51  0.000475111
   2.771e-45  3.39259e-16
 7.89581e-14  1.20916e-29
 3.18028e-11  1.27096e-40
 2.81428e-15  2.66529e-45
 2.49081e-24  1.70747e-52
 5.91197e-13  3.41252e-68
 4.39898e-60  1.04601e-18
 1.27784e-15  1.16385e-25
 1.42681e-16  1.90974e-42
  1.6098e-29  6.72196e-46
  2.5176e-13  3.94542e-27
 5.57037e-05  1.83808e-81
 1.24672e-18  6.54671e-40
 1.04656e-65   1.5578e-25
 6.62113e-72  5.64371e-13
 2.20152e-25 3.78332e-101
 8.17672e-60  1.46365e-40
 8.36664e-37   4.5295e-41
 8.52926e-29  2.16554e-40
  1.1003e-20  4.72526e-21
 3.79837e-05   2.1967e-32
 1.65096e-19  2.86918e-95
 1.25175e-33  1.21071e-56
 1.67838e-27  3.65147e-24
 1.33564e-74  1.19153e-90
 1.57916e-30    3.978e-37
 3.63172e-49  1.94009e-18
 5.72548e-26  4.47886e-18
 1.22085e-31  1.47986e-27
 1.46553e-14  4.89958e-44
    0.996007  7.36207e-30
 1.01174e-38  4.42988e-21
 2.54682e-38  4.97042e-83
 2.69937e-42  4.04674e-31
 6.06384e-18  1.08142e-45
 4.72297e-24  4.85795e-26
 1.58267e-21   1.4067e-11
 7.79344e-21  1.60632e-37
 1.76947e-23  7.16918e-18
 4.29058e-31  1.10915e-32
 5.64156e-35  4.27824e-19
 5.68669e-50 7.15547e-101
 7.01093e-65  1.47839e-26
 1.06362e-21  6.99422e-11
 1.24635e-43  3.39465e-26
 1.15658e-37   4.3848e-25
 1.22904e-37  1.04949e-37
 2.36021e-76  2.17385e-31
 8.30069e-51  9.19943e-08
 1.67008e-15  1.31672e-58
 2.50435e-19  2.40163e-72
 3.92061e-15  4.31458e-44
 3.75113e-47  1.67224e-62
 2.93418e-40     0.996014
 2.01661e-30  1.32553e-30
 4.60812e-27  4.67261e-15
  6.6134e-30    8.743e-57
 1.14519e-61  6.18753e-81
 6.49395e-39  9.12464e-17
 2.57453e-36 2.13588e-102
 1.96342e-51    2.966e-17
 3.71045e-10  4.32873e-44
  8.9162e-30  5.00547e-32
 2.09135e-06  5.78495e-73
 5.02553e-26  1.12039e-48
 4.73652e-58  2.26954e-19
 4.12634e-29  1.29745e-22
 3.12309e-70  1.73058e-23
 6.58119e-18  2.29499e-38
 2.28036e-42  5.32338e-11
 5.07011e-54  4.32004e-20
 4.89375e-11  9.84419e-37
 6.53497e-19  9.86062e-57
 5.44595e-43  2.58435e-94
 5.23832e-28  1.32092e-49
 6.33436e-27  6.07472e-32
 8.09992e-12  2.40525e-30
 1.47654e-30     0.996005
 4.31064e-14   1.8039e-67
 6.31755e-23  1.55772e-16
 4.73678e-31  4.80053e-63
 1.47374e-12  4.40159e-19
 1.60967e-69  2.24235e-28
 6.35376e-74    2.999e-14
 3.51024e-38   1.0965e-62
 3.58512e-23  6.67751e-57
 5.17884e-21  5.58111e-45
 4.10733e-14  5.60822e-25
 3.09265e-22  2.54588e-35
  8.8532e-63  1.09148e-85
 2.96094e-15  1.05553e-56
 1.58859e-25  2.60067e-33
 7.61174e-14  1.77277e-41
 1.37643e-48  1.84645e-39
 4.95761e-39  8.60386e-33
 9.03316e-52  1.66414e-36
 2.34026e-30   5.7642e-14
 9.32266e-05   3.1806e-29
 5.58106e-28  8.93119e-42
  9.2834e-20  1.20259e-21
 2.81131e-36  8.56011e-87
 3.92024e-16  6.54878e-36
 2.75614e-15  9.13276e-55
 3.18624e-17  5.06862e-29
 1.09335e-18   1.3446e-31
 5.05332e-32  2.36838e-19
 2.52887e-26  1.41764e-44
 2.87101e-47  9.05335e-39
 5.98303e-24  1.08648e-14
 1.00772e-32 3.36504e-109
  4.9321e-37  6.58957e-21
   4.121e-33  2.67874e-60
 3.00822e-26  2.92535e-05
 1.95556e-18  1.49871e-42
 2.19193e-28  1.85691e-12
 1.35614e-54  2.08518e-65
 3.02589e-24   3.7834e-30
 2.43527e-42  2.14844e-10
 2.28839e-56  1.04206e-45
 4.22467e-54  1.56155e-98
  2.5391e-52  2.22749e-29
 1.60423e-39  2.19969e-38
 2.52126e-44  6.54826e-23
  1.0593e-56   1.0397e-16
 4.09815e-37  1.96308e-33
 4.45853e-12  9.97458e-43
 5.57652e-41  1.38584e-79
 5.46246e-45  3.42509e-34
 3.23833e-27  1.31938e-67
 3.55204e-54  4.53605e-66
 1.48457e-21  1.40681e-82
  1.4097e-42   0.00010075
 6.40847e-27  3.57527e-17
 1.05371e-21  4.19407e-83
 2.77827e-20  1.26684e-58
 2.66083e-11  1.47063e-25
  2.0809e-19  3.96846e-49
 4.56695e-25  4.46159e-55
 8.78002e-26  4.59599e-76
 3.21972e-20  6.01956e-62
 1.85357e-36  1.00918e-17
 3.56475e-36  2.17709e-35
   2.535e-47  1.50052e-22
 6.91795e-50  5.89187e-24
 1.02045e-41  9.00694e-32
 1.65881e-32  6.87785e-35
 3.02763e-51  1.26387e-11
 5.48557e-66  1.20565e-09
 5.21193e-32  9.65601e-32
 3.79686e-15  3.58993e-19
  3.2638e-36  2.94899e-32
 2.38311e-28  1.78964e-05
 1.65493e-36  2.51883e-22
  4.2356e-19  4.16581e-16
 1.58516e-06  6.33023e-80
 2.18776e-95  2.71637e-27
 2.01101e-08  3.41693e-23
 6.51187e-16  4.99745e-81
 5.76291e-30  0.000178027
 1.13081e-05   4.0985e-26
 4.16318e-26  2.87574e-28
 3.59236e-20    1.689e-10
 7.36207e-30     0.996009
 6.46458e-21  3.91103e-45
 1.50743e-26  3.45243e-80
 1.58735e-26  1.79587e-62
 1.09576e-34  1.55163e-52
 2.51568e-26  9.53144e-26
 1.45108e-36  3.48128e-18
 2.13815e-28  1.93606e-31
 2.30614e-33  5.14548e-25
 1.25513e-29  1.13316e-15
 8.24184e-18  6.20643e-21
 1.14924e-20    1.173e-36
 3.40191e-23   1.6466e-53
 6.44873e-25  2.83876e-45
 1.21851e-65  1.63565e-09
 4.26872e-31  2.85731e-14
 9.84142e-37   7.5126e-26
 4.88895e-17  4.01798e-28
 7.94838e-10  3.07335e-44
 1.11861e-23   1.0134e-76
 2.16951e-26  2.00213e-44
 1.43293e-38  5.28526e-33
  1.2969e-30   5.7107e-79
 2.35186e-15  7.40009e-70
  7.0263e-27  2.46039e-30
 9.18664e-11  1.16211e-84
 4.10082e-19  3.66403e-27
 6.63714e-44  1.18475e-26
 1.43828e-12  1.79093e-47
 8.92425e-62  5.29383e-83
   1.511e-34   1.7095e-33
 7.46751e-14  1.15916e-30
  2.5667e-14   9.8473e-58
 7.19231e-27   5.1617e-35
 6.19768e-17  7.27096e-44
 9.48673e-53  9.32233e-21
  2.0803e-22  1.29645e-42
 3.77083e-38  7.69307e-20
 6.30957e-53   8.7687e-34
 8.84909e-25   9.5342e-33
 8.41828e-09  2.55204e-72
 2.48926e-26  8.56509e-15
 1.11171e-07  9.00242e-48
 5.42673e-23  1.57043e-51
 8.85442e-39  2.78702e-31
 2.27614e-44  1.27315e-27
 1.96001e-24  5.17118e-59
 7.10999e-06  3.32773e-63
 5.83396e-19  3.96469e-82
  4.3814e-35  1.54677e-50
 5.17726e-43  3.43816e-47
 1.79626e-30   2.2481e-39
 4.45184e-08  3.74106e-53
 6.14143e-23  7.87981e-44
 1.20561e-53  2.60459e-26
 1.40531e-23  8.55953e-52
 7.57659e-25  7.87913e-45
 2.93606e-16  3.38934e-33
  1.7607e-11  2.80941e-42
 4.53004e-30  1.92109e-67
 6.55833e-61  9.96416e-23
 1.16385e-26  4.16444e-44
 3.91425e-44   2.2869e-14
 1.22047e-42  1.43364e-33
 6.88419e-29   5.9884e-11
  3.3577e-34  8.09248e-25
 2.47183e-38  5.89429e-26
  6.5402e-19  5.56891e-44
 2.80008e-53  6.11897e-87
 4.09321e-21  3.95471e-47
 1.28765e-40  1.17548e-64
 3.46932e-24  4.37778e-52
 7.55074e-22  1.07208e-31
 1.83426e-28  2.30556e-42
 1.91757e-16  3.84606e-48
 4.52712e-30  0.000229144
 4.33107e-48  1.00102e-19
 1.15152e-16  2.46181e-24
 5.53324e-37  2.54296e-56
 4.55145e-28  9.60285e-13
 3.25416e-44  8.31173e-41
 1.44151e-36   3.2649e-45
 2.68853e-13  6.64846e-39
 2.01276e-13  2.55244e-65
 7.11099e-38   6.4856e-30
 9.14338e-41  1.00546e-28
 3.91595e-27  3.61585e-42
 1.48349e-10  1.15971e-22
 5.05821e-07  6.66416e-26
 9.56639e-48  2.79437e-22
 2.91335e-45  3.41969e-21
 1.01262e-31  5.05651e-32
  0.00141769  2.79279e-31
 2.23586e-40  7.89513e-33
  7.1198e-19  1.50532e-54
 1.00868e-15  1.24169e-29
 4.98117e-17  7.25982e-57
  0.00011052  5.66948e-76
 2.82804e-22  2.12659e-12
 1.20626e-21  1.48803e-55
 2.56209e-41  5.08441e-12
 2.46701e-24  1.76296e-67
 1.86584e-28  1.03548e-61
 1.11338e-31  1.49665e-37
  3.4874e-58  2.19399e-15
 2.13184e-30  3.22326e-19
 9.46686e-22  1.27272e-48
 7.35619e-07  3.06341e-62
 6.09448e-21  4.08771e-56
 2.66674e-63  2.30157e-28
 4.31289e-24  5.16061e-73
 2.17378e-09  4.32486e-45
 5.25321e-39  3.10161e-26
 3.54657e-34  4.74255e-59
 4.53787e-48  3.29735e-06
 6.46008e-43  7.87169e-26
 4.22188e-21  8.74657e-45
 6.76718e-09  1.78298e-52
 3.25788e-11  1.28132e-40
 7.79404e-89  1.59162e-25
 2.23144e-37  1.23244e-28
 2.53698e-55  2.70732e-41
  2.8222e-15   2.7128e-18
 1.17337e-38   1.4345e-61
 3.43717e-29  3.40386e-26
  2.7554e-14  1.20798e-73
  1.1204e-37  1.21354e-48
 1.00902e-09  9.16191e-38
 5.79577e-13  3.98572e-52
 4.66689e-26  6.65272e-52
 1.92129e-28  6.6633e-107
 4.92021e-19  7.07325e-40
 2.17871e-25  7.37424e-25
 3.46107e-46  2.89771e-25
 6.35359e-10  1.04959e-20
 5.26945e-28  1.17602e-13
 3.82668e-08  2.10776e-23
  7.6634e-43  1.19208e-13
 8.88934e-31  3.50442e-11
 2.01725e-34 1.78702e-107
 2.14202e-82  7.92858e-21
 1.12362e-20  1.13858e-64
 1.22395e-43  9.13704e-44
 7.70126e-50  5.87207e-24
 9.83553e-37  7.26081e-50
 1.12907e-52  1.01257e-30
 8.06516e-13  4.62582e-22
 2.08845e-29  1.14561e-22
 2.41288e-19  5.55215e-40
 4.53191e-07  4.33493e-34
 4.14804e-25  6.24361e-18
 8.16908e-40  4.33569e-79
 3.14798e-65  4.19434e-20
 4.46196e-35  1.17401e-37
  5.1667e-27  1.81656e-71
  1.6343e-41   0.00379253
 1.10813e-31   1.0011e-44
 1.97159e-09  6.10485e-43
 1.67985e-60  2.02108e-13
  2.9246e-15  2.30011e-17
 1.64936e-35  6.58132e-61
  9.7521e-18  3.40488e-50
 5.87787e-37  1.45499e-35
  1.5529e-46  1.58162e-27
  2.2657e-51  7.97097e-17
 9.74063e-21  2.14004e-11
 5.99614e-31  1.35543e-30
 5.01352e-27  6.99338e-33
 8.04979e-42  9.20158e-71
 1.55524e-23  2.48317e-30
 2.68567e-61    7.179e-15
 1.63907e-51  1.90816e-50
  1.1408e-18  1.23413e-45
 8.30416e-29  2.97177e-25
 9.70059e-43  2.68432e-15
  8.3734e-13  2.67325e-57
  2.6896e-08  5.19768e-53
 1.42007e-22  5.83888e-66
 2.02889e-49  5.72248e-31
 0.000933211   9.1478e-74
 1.40208e-33  1.61345e-24
 8.44333e-60  1.48769e-14
 1.68241e-21  1.08966e-45
 1.82142e-53  1.85935e-18
 2.83417e-35   1.4605e-45
 6.69364e-92  9.56429e-26
  6.0528e-29  1.95592e-69
 3.92446e-22  1.11687e-65
 1.44813e-19  1.08366e-53
 1.60484e-54  2.51433e-30
 1.21957e-31  9.80473e-48
 1.26012e-26  2.13425e-32
 5.86002e-15  2.95801e-26
 1.82579e-18  1.14559e-44
 5.40033e-56  3.09408e-13
 3.41967e-17  2.46928e-42
 4.14655e-61  1.03841e-09
 5.92073e-24  9.95776e-48
 2.21685e-21  9.71284e-90
 1.12835e-35  1.78357e-17
 1.11267e-18  1.17106e-60
 3.01357e-08  3.44014e-45
 1.59852e-34  3.17375e-22
 6.31475e-46  3.01886e-47
 7.36876e-31  5.46522e-37
 2.97113e-38  2.51196e-15
 3.36167e-05  3.07517e-31
 2.27341e-37  2.87073e-14
 6.77379e-69  7.35145e-13
 7.88756e-17  4.67918e-31
 2.81416e-43  1.59168e-24
 4.18036e-22  9.28532e-10
 9.52729e-36  1.06424e-69
 1.60774e-49  1.92956e-17
 2.43336e-26  2.36628e-15
7.36276e-102  2.15578e-33
 3.83612e-87  1.49685e-23
 3.04885e-35  1.07411e-36
 1.18341e-13  1.18547e-69
  2.4693e-23  6.44058e-70
 4.54878e-19  1.21457e-42
 5.67485e-17  4.55683e-95
 0.000600004  3.10247e-43
 5.19489e-94  3.74843e-31
 1.15068e-22  2.81687e-34
 7.76015e-61  2.98056e-22
 3.33002e-40  3.76966e-28
 1.69834e-55   0.00152292
 3.62799e-17  1.00098e-40
 3.78131e-66  3.63489e-24
 9.02969e-39  2.97469e-18
 3.25891e-15  1.12678e-49
 3.49092e-49  2.05925e-12
 1.92304e-17  2.94311e-46
 2.02605e-27  2.30851e-31
  1.4453e-63  2.77614e-49
 9.23376e-37  3.50808e-27
 5.13744e-37  1.47541e-30
 5.14197e-24  5.54475e-60
 1.49952e-07  5.46578e-33
 2.49524e-34  7.30436e-35
 4.90231e-63  2.41525e-64
 7.88105e-55  1.52844e-19
 5.60383e-55  5.51645e-37
 1.17179e-66  1.97312e-11
 4.45895e-20  2.13897e-67
 1.25021e-23  4.92792e-10
 3.73917e-35  1.40351e-46
 5.84531e-14  1.18595e-36
 7.32582e-59  4.29107e-20
 5.83663e-29   8.9605e-16
  1.0984e-10  2.68671e-49
 1.55107e-36  2.18884e-24
 9.47346e-10  2.28911e-42
 1.15794e-38  1.14158e-65
 1.18152e-70  4.84871e-15
 7.41783e-61  5.11907e-55
 5.44319e-71  9.82912e-29
 4.90121e-35   2.3802e-95
 1.37101e-49  4.08835e-49
 1.88696e-38  9.16358e-14
 4.35793e-22  8.92375e-37
 2.42567e-38  2.63343e-12
 6.76427e-14  6.20917e-20
 5.66516e-16  8.88785e-62
 3.62296e-50  1.26831e-19
 4.45315e-21  3.26303e-31
  8.9123e-11  2.46155e-35
  9.0938e-24  1.23446e-53
 2.34462e-21  1.71098e-34
 1.80951e-08    2.267e-32
 6.95565e-46   7.7789e-41
 1.01036e-34  3.24075e-62
 5.26938e-10  1.89177e-22
 1.00637e-54  6.31816e-49
 1.13933e-50  5.17192e-44
 1.16573e-24  4.82079e-32
 1.21109e-25  4.27028e-23
 6.14116e-35  2.49301e-33
 8.88303e-18  2.02551e-24
 1.59046e-70  4.23588e-12
 1.51106e-33  5.43554e-45
 3.15219e-50  6.54109e-35
 8.35992e-26   2.3441e-34
 6.11674e-59  7.15435e-15
 1.26349e-53  2.65299e-06
 3.14692e-56  2.68138e-38
 3.17339e-50  2.01692e-22
 3.24802e-36  8.07261e-30
 9.60461e-30  9.59404e-54
 1.15191e-50  2.53341e-38
 7.31326e-21  8.05107e-30
 4.95622e-23  3.30354e-30
 3.17883e-38  6.93961e-35
 6.87465e-22  9.43376e-22
 1.33131e-27  9.87422e-63
 2.09083e-40  2.32937e-45
 5.18648e-20  1.26267e-14
 1.11905e-14  6.06962e-49
 2.52688e-44  7.00795e-43
 2.33916e-20  3.24239e-71
 2.93589e-18  2.75648e-32
 4.36672e-47  2.02605e-23
 1.50038e-52  2.54422e-19
 7.54626e-39  8.74752e-26
 4.54863e-29  2.85322e-48
 5.33937e-41  3.14365e-28
  3.1186e-36  0.000115251
 1.36743e-18  1.85228e-36
 6.03695e-31  1.54637e-61
 9.88649e-18   9.6066e-66
    0.996009  2.62462e-77
 7.20697e-07  6.54868e-34
 3.79726e-37 4.12623e-119
 2.39556e-09  7.96703e-50
 1.90207e-43  8.17107e-29
 1.74301e-41  6.64815e-17
 1.99046e-51  1.82809e-34
 3.71127e-12  3.42557e-79
 2.73999e-35  6.90759e-22
 6.70368e-28  2.90779e-86
 1.14971e-23  4.58748e-72
 2.29003e-61  1.77635e-40
 7.01793e-18   1.6494e-60
 2.22518e-43  3.96968e-12
 3.91936e-53  1.15685e-18
 4.09041e-33 2.56812e-112
 1.75459e-18  1.88903e-71
 1.14167e-10  1.13975e-69
 7.35092e-19  1.29784e-14
 7.67367e-16  1.41217e-34
 1.36193e-20  4.04481e-42
 2.98886e-56  1.30343e-42
 4.09094e-19  4.58522e-32
 1.15202e-55  4.00287e-80
 3.94128e-31  1.67611e-24
 6.57437e-09  1.99841e-52
 1.14622e-31  4.14422e-75
 2.68368e-26  6.59865e-40
 8.33454e-26  1.87853e-28
 3.01548e-53  3.34673e-73
 7.27171e-63  1.30375e-10
 7.02993e-12  4.04906e-49
 5.28427e-27  8.49795e-07
 3.21369e-29  1.21214e-51
 8.73158e-18  2.66969e-45
 1.16516e-12  3.83438e-21
 2.23675e-35  4.04552e-45
 3.99465e-46  1.50122e-17
  4.3894e-38  1.75076e-22
 5.44132e-17  1.18181e-76
 1.71197e-27  6.23311e-17
 8.11316e-18  9.01813e-20
 1.63268e-17  3.63018e-30
 3.02622e-33  0.000220347
  5.7418e-30   1.1419e-46
 1.11314e-28  3.20998e-32
 2.10003e-44  9.56016e-32
 6.50115e-10  4.82024e-36
 3.03095e-36  3.18953e-31
 9.71422e-57  1.29595e-05
 7.35376e-23  3.15885e-29
 2.80582e-33  1.54667e-41
 3.81799e-33  1.14161e-18
 8.82624e-49  4.25805e-30
 2.44894e-20  1.37417e-38
 1.92803e-46  5.77433e-35
 3.21693e-07  1.90285e-26
 8.13321e-28  8.60736e-54
 6.89652e-06  3.12207e-35
 0.000166527  1.66474e-28
  3.5834e-18  4.02312e-38
 6.02968e-25   5.6986e-31
 1.45409e-05  9.47733e-50
 4.40697e-75  4.92921e-26
  2.8189e-37  2.04927e-38
 1.88269e-38  4.69893e-48
 2.62688e-35  3.58269e-55
 1.85096e-31  1.75577e-39
 4.85127e-27  1.66043e-26
 2.67566e-21  1.11926e-10
 3.16883e-08  1.10174e-53
 8.93711e-30   5.8256e-12
 1.53389e-10  4.62644e-51
 2.20248e-14  2.00509e-38
 1.13742e-25  4.02417e-06
 1.72928e-51  2.22814e-14
  1.2569e-33  3.94826e-21
 8.76279e-29  1.16881e-60
 2.97592e-36    7.905e-35
 7.06246e-28  8.64721e-20
   5.246e-40  5.78644e-23
 3.28126e-17  7.50287e-26
 1.29072e-18   1.9249e-29
 1.87468e-54  1.04253e-47
 1.57962e-28  4.04966e-50
 1.77629e-31  1.68415e-30
 1.05908e-38  3.29707e-23
 9.93612e-15  3.65853e-31
 1.61653e-23  1.60735e-67
 7.82175e-22  5.79144e-51
 1.46594e-34  2.34489e-87
 1.53212e-19  2.41452e-63
 1.12077e-08  2.96597e-49
 2.94628e-27  7.21686e-31
 2.94374e-13  3.20732e-50
 1.23774e-28  4.00581e-41
 2.08098e-07  1.49172e-35
 1.31701e-32  3.07306e-24
 2.29872e-21  4.59525e-40
 3.18132e-06  3.54269e-48
 9.07268e-18  1.30792e-47
 2.16136e-19  1.14103e-33
 8.38675e-14  7.58421e-38
 1.80695e-21  3.68354e-33
 2.03331e-52  4.22123e-43
 1.69885e-19  3.16399e-46
 2.41513e-12  2.02825e-26
 1.71003e-27  1.24916e-33
 1.68665e-36  1.71832e-16
 3.39527e-34  4.32406e-22
 1.60436e-29  1.36499e-25
 8.95586e-63   2.3349e-18
 2.25591e-24  2.14419e-14
 3.75223e-12   8.1061e-41
 3.04406e-24  9.90956e-70
 2.51096e-28  1.73448e-34
  7.0428e-47  4.60975e-33
 7.83864e-60  1.45881e-16
 2.38354e-20  1.50211e-51
  6.0617e-26  1.17983e-26
 2.17719e-26  1.18755e-73
 7.83638e-22  1.06912e-13
 1.02182e-37  3.92845e-41
 3.28937e-62  2.26066e-28
 5.15756e-28  1.73784e-27
 2.27829e-67  4.31494e-95
 5.40004e-53   5.2856e-39
 2.25971e-45  5.81985e-29
 2.33028e-48  2.54926e-39
 4.28346e-38  9.79945e-39
 3.10584e-13  1.27927e-43
 7.19018e-69  0.000150797
 2.90618e-28  7.91078e-24
 6.32244e-20  4.99484e-71
  5.5244e-39  2.18422e-37
 2.98603e-46  1.51572e-19
 7.35606e-12   4.1562e-46
 4.62505e-34  9.11352e-76
 1.38075e-37   1.8749e-20
 3.36998e-50  5.12378e-10
 6.26132e-22  6.41004e-46
 1.79965e-76  8.35944e-18
 2.13217e-32  5.63233e-17
 1.07368e-18  3.24354e-85
 4.22538e-48   1.9025e-39
 8.22055e-54  1.06162e-11
 1.03454e-84  1.15168e-26
 1.16607e-08  4.14391e-23
 9.60746e-45  1.27453e-32
   1.116e-37 4.81767e-104
 6.02936e-53  8.53104e-15
 1.83248e-64  9.79094e-77
  1.0347e-19  1.10399e-34
 4.31427e-39  1.10583e-35
 1.38765e-45  5.28252e-09
  6.8472e-19  5.27118e-61
 4.07726e-13  2.67628e-53
 3.20822e-45  3.45118e-28
 2.95254e-39   9.9178e-41
 1.46716e-37  7.81951e-41
 7.12952e-20  1.40523e-51
    0.996016  2.94814e-57
 7.00573e-26   1.9246e-39
 1.00267e-39   1.0381e-26
 6.35172e-33  2.66304e-42
 9.06146e-17  2.90238e-37
 6.81246e-21  3.39839e-61
 1.96477e-18  2.31478e-41
  5.5269e-45  7.32347e-39
  1.2098e-27   3.5342e-42
 3.04156e-48  1.21116e-65
 6.27395e-44  4.52811e-23
 5.15895e-29  2.25452e-22
 3.16401e-26  2.78443e-42
  0.00110662  2.67255e-28
 8.88581e-17  2.26738e-62
 2.70629e-29  6.70384e-42
 5.40138e-13  7.37406e-42
 1.68172e-29  0.000467274
 4.17969e-16  3.95889e-50
 2.29384e-44  9.05712e-07
 1.42239e-71  0.000640914
 1.31259e-45  6.75197e-18
 1.34372e-19  2.36673e-22
  1.6665e-72  2.89912e-74
 1.96029e-62  3.14102e-10
 3.50688e-23  2.36758e-68
 4.39343e-09  2.08207e-65
 2.47964e-41  2.69285e-36
 1.30543e-12  4.27429e-68
 2.12237e-59  6.67741e-43
 4.78561e-79  1.81378e-33
 3.35936e-31  5.55823e-10
 3.89804e-15  4.09162e-77
 1.40261e-27  4.38926e-16
 6.70332e-29  1.49129e-07
 5.33737e-51  1.47074e-11
 8.40183e-49  1.00029e-21
   8.347e-36 5.26237e-115
 1.42365e-27  1.10469e-32
 1.59142e-46  3.93465e-74
 3.48588e-14  3.97046e-27
 2.75443e-33   2.4353e-34
 1.06763e-25  3.10013e-39
 6.35365e-14  5.29441e-60
 1.92186e-45  4.43076e-25
 6.44176e-25  8.52159e-40
 6.19364e-70  2.28681e-27
  9.7362e-19  4.75445e-22
 1.26097e-25  3.65454e-52
 1.29059e-18   2.1605e-51
 1.07968e-28  1.67273e-47
  0.00205758  1.39692e-28
 8.51679e-52  1.80754e-49
 5.47046e-17  1.73078e-41
 4.88757e-28  6.96991e-43
 1.17946e-08  7.23471e-51
 1.02803e-14  2.04459e-65
 7.58475e-26  3.87009e-56
 6.12193e-24  4.93534e-63
 1.07172e-13  5.40366e-44
 6.90218e-63  1.30722e-15
    0.996007  1.89436e-42
 2.23538e-49  1.47522e-44
 6.80705e-16  7.14134e-19
 7.75522e-31  1.06336e-09
 1.11917e-31  0.000335653
 2.20593e-27  9.70659e-28
 1.48893e-31  2.66556e-21
 1.65153e-43  1.43641e-14
 2.02753e-27  9.51157e-60
 2.12738e-32  3.57435e-08
 3.89578e-18  2.14156e-32
 2.19664e-71  1.42494e-77
 1.21629e-11  7.31808e-38
 3.70237e-36 6.28801e-103
 2.02637e-21  6.13153e-21
 1.64748e-44   1.2815e-68
 3.81683e-42 3.20379e-112
 2.71987e-44  8.05635e-25
 7.59099e-23  3.90596e-26
  1.7241e-43   3.9785e-45
 6.23966e-12  2.00673e-35
 6.37031e-17  2.55014e-61
  3.1134e-47  3.85673e-44
 7.23498e-43  1.08016e-15
 3.32915e-63   4.2964e-78
 2.04059e-48  4.20216e-15
 1.32859e-14  1.11701e-44
 2.72603e-27  8.63475e-49
 6.27947e-23  4.34346e-37
 3.09626e-24  5.03106e-14
 4.70578e-31  2.32601e-24
 3.36274e-51  5.70225e-22
 3.83229e-10  1.05514e-33
 6.00815e-28  4.69341e-30
 9.88955e-13  5.85542e-40
 1.47445e-12  2.70209e-19
 1.97041e-37  3.3125e-114
 1.08307e-17  1.17071e-37
 4.02597e-62  7.52621e-49
 1.09781e-21  8.96417e-23
 1.82576e-60  9.89762e-24
 1.37421e-51   0.00110904
 1.16789e-38  2.04831e-56
 4.91773e-53  6.72767e-19
 1.50691e-36  2.91167e-43
 1.53028e-10   2.0403e-26
 5.06346e-63   7.8096e-17
 9.57439e-21  8.64455e-12
 1.87308e-42  7.00341e-26
 3.63837e-17  1.37382e-77
 1.55532e-48  5.52745e-51
 1.40028e-39  2.89344e-14
 1.16775e-58   4.9164e-63
 5.98201e-14  4.94699e-19
 1.44895e-38  1.66314e-55
 3.17831e-13  3.32718e-43
 5.96297e-52  1.74603e-11
 7.77674e-20  2.97851e-46
  5.7007e-36  4.48122e-08
 1.11884e-31  4.18589e-39
  1.3196e-63  3.63941e-23
 1.82078e-26  1.92441e-15
 5.85079e-33  2.00606e-59
  3.4284e-21  2.64292e-41
 1.02988e-46  2.19587e-28
 2.20559e-22 3.83075e-102
 1.90756e-11    1.753e-21
 5.52974e-24  1.24858e-75
 4.82248e-35  3.99561e-79
 7.44766e-65  6.73938e-11
 1.55873e-22  1.25309e-94
    9.67e-33  6.58251e-05
 2.48675e-46 5.00424e-104
 3.50083e-17  9.53258e-36
 2.71232e-11  6.17427e-24
 1.47276e-64   2.1828e-09
 7.32686e-22  3.05328e-76
 5.96403e-35  5.82538e-35
 3.59643e-10  3.17954e-55
 3.60506e-19  7.05964e-77
 1.72487e-15  9.49454e-24
  2.4531e-11  6.43794e-22
 6.43821e-58  1.03816e-42
 5.66315e-17  3.02873e-63
 7.24903e-17  8.89779e-74
 2.61359e-43  1.54458e-12
 2.74323e-37  2.90714e-88
 1.10035e-15  3.84852e-44
  7.4299e-30 4.84208e-105
 8.25224e-26   4.8993e-09
 8.02486e-06  1.03698e-80
 1.30024e-32  3.29647e-12
 1.63445e-16  2.55643e-62
  7.2701e-31  3.24989e-11
 4.45452e-31   9.9304e-19
 1.41507e-23  1.10552e-10
 2.17808e-14   1.0922e-67
 5.34277e-39   5.4317e-92
 4.45859e-10  1.05066e-43
 1.53588e-41  3.91066e-30
 1.28979e-16  2.44885e-62
 8.94594e-25  5.09023e-16
 5.83806e-22  6.22076e-73
  7.0387e-31  1.77156e-48
 9.77542e-36  7.83319e-27
 6.05345e-21  2.41975e-11
 1.07199e-11  8.68156e-22
 2.26405e-31   2.1681e-92
 1.58877e-57  3.69538e-19
 1.12615e-48  1.94102e-25
 6.83538e-56  1.07562e-14
 1.89044e-10  8.77045e-52
 5.74617e-28   5.0409e-25
 4.47256e-56  4.26443e-44
 4.57008e-35  3.46347e-06
 3.15859e-25  3.80143e-18
 4.15012e-08  2.14424e-29
 2.37445e-25  6.89058e-18
 2.78031e-12  5.19452e-31
 5.63623e-45  1.31918e-22
 7.64364e-11  5.42688e-47
 9.43736e-32  2.45596e-57
 1.61279e-28  2.75366e-45
 2.91777e-33  1.62749e-11
 3.90048e-46  1.26222e-37
  3.7621e-14  3.68311e-39
 2.89241e-21  2.44566e-63
 3.72528e-32  1.27041e-52
  8.5871e-46  1.05926e-24
 3.97326e-39  5.63668e-28
 6.34702e-47  1.63814e-17
 8.07984e-48  1.67932e-29
 1.05511e-54  3.15796e-19
 8.04886e-21  3.66873e-35
 9.29954e-19  7.29563e-57
 1.08271e-29  1.59468e-24
 1.29289e-12   1.6119e-20
 1.59601e-35  5.66151e-39
 2.44986e-22  4.05666e-81
  1.9124e-24  5.50698e-20
  2.3618e-35  3.02717e-33
 6.71879e-55  4.76308e-16
 6.75378e-34  7.65001e-35
 3.33914e-34  4.15845e-80
 5.86453e-15  6.42584e-39
 5.82179e-42  3.95315e-13
 3.45108e-37  4.24292e-56
 1.05323e-43  1.07598e-53
 1.32659e-22  1.83109e-63
  3.3027e-54  8.83429e-38
 1.88179e-26  4.70663e-44
 1.51816e-19   1.8716e-69
 3.67972e-33  3.70767e-53
 4.20856e-54     0.996006
 2.30577e-11  2.35243e-25
  2.6911e-15  2.67145e-44
 4.10009e-11  1.74104e-45
 1.90126e-53  7.01083e-19
 1.23707e-17  8.11377e-67
 4.21743e-24  3.17165e-67
 7.32743e-45  7.40155e-26
 4.50819e-32  1.43219e-15
 2.59401e-23  1.55546e-35
 8.72178e-13  1.01881e-66
 4.65286e-11    1.064e-22
 1.05622e-33  1.30324e-05
 1.45906e-20  1.37482e-37
 4.64135e-13  1.52259e-41
 3.34572e-32  1.63991e-78
  5.7409e-32  7.28705e-46
 3.38986e-56  4.16492e-80
 6.66623e-44  1.35845e-32
 4.15609e-11    7.002e-27
 6.07755e-53  2.51467e-18
 4.15976e-75     0.996007
 4.26627e-21  2.63203e-44
  3.5005e-79   4.6764e-17
  2.3291e-23  1.07241e-61
 2.13891e-17  1.52493e-17
 2.00486e-51  1.54513e-36
 1.13439e-32  5.59799e-53
 1.32049e-11  1.81096e-46
 1.43529e-20  9.60043e-68
 0.000207137   1.6771e-39
 2.20428e-34  2.90574e-55
 1.91461e-13   5.0549e-41
 5.73286e-26  7.63079e-61
    0.996002  1.47654e-30
 7.96185e-59  1.11458e-18
 2.06334e-21  1.10151e-39
 5.88691e-59  4.82086e-20
 8.25231e-55  3.24244e-78
 7.79966e-73   0.00245261
 5.09812e-47  1.17942e-49
  3.0887e-23  2.36207e-35
 8.67078e-31  7.74122e-28
 2.55864e-52  1.48669e-24
 1.07587e-41  8.99538e-68
 9.47089e-35   4.3016e-19
 1.04446e-25  2.10942e-55
  5.7807e-54  5.35362e-16
 1.00424e-29  2.17099e-32
 3.49362e-42  4.28507e-11
 4.10314e-09  6.10913e-29
 6.05978e-34  2.20778e-17
 8.71503e-18  2.99726e-61
  1.2197e-27  8.34618e-72
 1.00233e-25  3.74053e-61
 1.89297e-36  4.17191e-42
 1.40705e-23  5.21308e-07
  3.7012e-17  1.59052e-31
 4.24067e-72  1.57031e-31
 4.75798e-28  1.09487e-31
 1.40186e-17  7.80526e-38
 7.96731e-65  3.87848e-07
 3.65058e-51  3.82052e-14
 2.88562e-29  3.85006e-12
 8.88885e-35   3.0831e-49
 6.34227e-54   0.00140893
 3.91053e-15  6.12541e-39
 1.91601e-39  1.15971e-14
 8.77631e-26  3.34251e-92
 6.59933e-25  3.17489e-46
 3.07766e-35  5.67883e-37
 3.82871e-17  5.16322e-29
   6.298e-21  1.34175e-99
 1.79323e-40  9.14211e-12
 1.02166e-44 1.37864e-116
 9.82822e-37  3.08134e-35
 2.89722e-24  5.24644e-67
 0.000497602  1.35645e-26
 7.51317e-12  6.68229e-38
 6.84882e-44  1.60291e-15
 1.05723e-26  9.22389e-22
 3.19457e-53  1.02781e-58
 2.26694e-24  1.47582e-45
 1.45208e-08  1.31344e-74
 7.48637e-16  1.78424e-63
 4.91654e-44  4.58752e-43
 3.16181e-19  4.24119e-36
 3.44615e-51  1.43748e-28
 1.22059e-42  8.81081e-42
 8.10859e-52  7.76726e-15
 2.20809e-12  2.59853e-45
 1.72657e-27 1.49514e-106
 1.83505e-12   3.4548e-60
 8.07181e-25  4.46551e-66
 5.26138e-30  1.71833e-18
 3.75462e-64  4.17013e-67
 1.12992e-60  2.40471e-42
 9.69893e-89  3.20825e-28
 3.78031e-30  3.67907e-18
 2.90642e-06  3.29436e-80
 4.56554e-51  1.22225e-38
 1.61448e-18  1.28762e-42
 2.42889e-26  3.23592e-32
 1.01903e-18  2.69265e-40
 2.27273e-30  4.73567e-38
 4.00395e-32  4.21875e-22
 3.29054e-17  1.94831e-39
 4.45379e-40    3.404e-29
 8.26975e-35  6.70271e-38
 1.75635e-37  1.44848e-38
 3.88635e-53  3.46679e-73
 2.51726e-20  1.31402e-39
 7.43296e-11   1.0706e-50
 3.66143e-24   2.3669e-62
 2.46155e-14  1.25931e-43
 2.20795e-41  4.77088e-25
 5.84826e-39  1.15657e-10
 2.72009e-18  1.04179e-32
 5.17456e-19  1.22131e-51
 7.85718e-20  4.43318e-22
 3.29631e-30  2.35608e-25
  1.7768e-75  1.03512e-26
 2.54803e-46  9.43622e-21
 1.14512e-23  3.78484e-17
 2.68439e-64  2.97624e-32
 1.67206e-55  5.82307e-10
 6.26763e-07  1.42282e-75
 8.64266e-74  4.99831e-79
 9.07144e-35  1.41979e-10
 1.90281e-26 2.21524e-106
 7.13406e-36   9.9614e-34
 2.52152e-18  1.73461e-31
 0.000151459  2.65626e-33
 7.13194e-37  7.79474e-23
 8.18337e-35  3.97392e-23
 3.46374e-24  1.12652e-39
 9.21923e-18  5.70764e-35
 1.44127e-42 5.62448e-105
 1.40322e-21    4.212e-56
 9.15199e-46  1.05754e-47
 1.70228e-40  1.91394e-11
 2.78034e-63  3.01349e-13
   6.472e-57  5.10127e-18
 5.08362e-30  8.01395e-14
 6.98469e-33  1.97966e-58
 1.20456e-30  9.40294e-15
 1.32813e-12  1.12654e-80
 2.15589e-23  9.40547e-49
 2.15869e-20  1.11354e-48
  1.7752e-16   8.7985e-61
 2.00835e-56  2.37199e-18
 2.10574e-65  2.29106e-24
 1.95689e-27  7.00251e-45
 5.06483e-16  2.84127e-20
 3.24119e-27  5.60207e-28
 1.52778e-05   8.5655e-44
 2.82526e-26  1.13549e-12
 7.25255e-34  5.95258e-22
 1.82231e-26  5.22046e-51
 5.73769e-11  1.63904e-24
 4.26769e-19  1.32739e-64
 3.94786e-21  9.74488e-88
  5.4319e-59  2.01216e-11
 3.44108e-33  7.43817e-41
 1.29032e-32  1.23256e-62
 1.52525e-07  1.59794e-86
 8.58251e-09  4.05223e-37
 3.16567e-13  4.27125e-22
 7.47612e-21  8.35133e-28
 3.14709e-42  7.41373e-10
 8.74057e-16  1.72766e-43
 1.71972e-65  1.03758e-70
 1.16993e-56  1.00345e-17
 3.06132e-45   1.4745e-47
 3.66041e-34  9.87706e-43
 2.14025e-14   4.6504e-38
 1.99093e-25  8.65669e-34
 1.03424e-12  6.80033e-53
 1.76665e-23  5.33036e-41
 2.09614e-33  1.22249e-33
 4.07285e-28  2.77906e-05
 1.52871e-20  6.28909e-54
 1.24003e-29  2.56561e-24
 1.02765e-18  8.89761e-34
 3.00512e-42  6.18312e-19
 4.62469e-29  3.09258e-19
 5.33938e-09  4.42159e-75
 7.76505e-43  1.25759e-17
 3.98873e-40  2.74028e-41
 9.87239e-17  1.32734e-37
 7.74159e-47  1.97692e-41
 5.75728e-45  6.96263e-39
 3.79157e-36  8.16343e-47
  7.0277e-62  5.23267e-11
 1.31713e-38  7.78983e-21
 2.88551e-23  1.19868e-75
 6.70003e-34  5.36063e-38
 2.34061e-35  8.94228e-49
 3.14206e-77  3.62085e-18
 9.68576e-23  8.96806e-52
 2.34705e-55  4.00623e-08
 7.80821e-69  9.28605e-10
 2.53138e-77  5.32643e-16
 6.18962e-31 3.07268e-112
 1.21405e-46  4.50995e-46
 1.10438e-38  1.10278e-29
  8.8296e-37  2.02037e-23
 2.73077e-35  1.64465e-54
  1.4085e-29  2.58934e-17
 2.29181e-14  1.15196e-59
 4.21794e-47  4.85473e-47
 8.66474e-19   2.6643e-33
 8.15106e-35  1.12285e-20
 7.79138e-31   0.00206534
 1.45287e-60  9.13724e-14
 6.31953e-53  7.49734e-25
 3.30822e-54   1.1598e-19
 3.78805e-17  3.13218e-44
  5.2022e-15  3.84088e-20
 1.06651e-23    1.171e-66
 8.97339e-35  6.51638e-44
 2.65711e-40  8.50205e-34
 1.62935e-19  9.61205e-34
 1.59541e-37  1.54519e-33
  1.7551e-14  3.92388e-40
 1.52213e-21  2.37558e-11
 5.24201e-48  2.25398e-35
 3.76447e-12  1.32787e-86
 1.00381e-20  1.43794e-15
 1.15592e-15   5.3062e-48
 1.56133e-32  5.08061e-78
 1.78493e-32  1.75874e-38
 9.03862e-31  6.33459e-53
 2.43547e-05  4.63506e-62
 1.02882e-32  4.84786e-28
  2.1787e-18  1.96256e-57
  6.2788e-57   3.8887e-15
 2.00293e-32  1.30764e-16
 3.18039e-38  4.25631e-27
 7.43552e-17  5.37079e-60
 8.40713e-55  1.38735e-38
 1.24188e-28  1.76385e-16
 1.45859e-16  9.73215e-28
 7.56027e-20  1.87636e-60
  4.4354e-30  2.52888e-62
 1.07426e-30  3.66548e-45
 1.85045e-14  2.64307e-44
 4.60745e-21  2.57263e-60
 3.78213e-60  2.96077e-32
 1.35329e-23  1.40471e-35
  2.5528e-43  1.23316e-23
 4.14425e-30  3.20011e-58
 4.76126e-24  1.35167e-27
 3.34884e-46  8.81725e-28
 4.46101e-56  3.26847e-37
 7.53956e-11  5.47504e-53
  6.8863e-22   3.6086e-23
 7.87091e-27  1.04088e-17
 1.42539e-29  1.97232e-40
 1.01683e-24  1.45477e-37
 1.41879e-32  3.25991e-55
 6.05222e-43  3.46547e-28
 5.47798e-64  9.65902e-63
 3.82899e-21    1.895e-19
  1.0215e-50  4.26052e-17
 4.36414e-37 2.82346e-100
 2.50945e-20  1.29879e-22
 1.58188e-39  6.22988e-36
  2.1307e-31  3.15369e-18
 7.03789e-09  9.86572e-86
 6.92707e-09  3.75526e-32
 3.19832e-44  1.29283e-32
 2.80626e-15  3.74637e-41
 5.27343e-11  1.99755e-77
 5.92858e-34   3.9288e-44
 6.05414e-41  2.51978e-44
 2.13987e-10  4.86023e-65
 4.01649e-22  3.10251e-54
 3.26248e-15  1.02238e-49
 2.93412e-15  2.71452e-63
  0.00396419  2.20496e-56
  6.9438e-45  2.59019e-38
  4.7092e-20   1.1169e-30
 2.99329e-12  7.66058e-45
 3.13306e-65  1.50057e-20
 7.46156e-22  1.83737e-70
 3.80951e-70  3.77091e-26
 7.94256e-45  1.08099e-40
 1.95804e-50  4.15178e-17
 1.41517e-49   1.0609e-54
 4.19411e-94  9.27988e-30
 5.64815e-62  4.36123e-96
 2.23708e-20  5.16654e-45
  1.9261e-86   2.2122e-23
 3.44338e-31  1.95659e-11
 7.72893e-68  2.52921e-78
 6.19867e-64  5.86268e-14
 3.07206e-61  1.78213e-42
 1.28593e-42  2.64094e-30
 1.43087e-34  2.03255e-15
 1.21628e-07  4.40348e-36
 2.38561e-29  6.22398e-29