 4.56768e-54  2.27138e-16
 7.33893e-29  7.15725e-05
   4.503e-51  3.21804e-17
 1.82177e-17  4.08828e-62
 1.09802e-25  4.64917e-29
  7.7898e-57  9.30426e-14
  3.0621e-09  4.97716e-38
 1.21809e-49  1.24807e-17
 0.000108217  1.75561e-70
 5.49471e-25   1.1047e-43
  4.1669e-39  3.46783e-16
 8.48579e-19  2.59396e-51
  0.00280789  6.24037e-72
 5.92835e-34  3.16234e-21
 2.47252e-62  3.36927e-14
 1.35065e-13  1.53616e-24
 2.37722e-28   0.00169634
 8.14031e-18  2.45738e-31
  7.8634e-17  6.68191e-50
 2.36749e-44  7.00696e-16
 3.54377e-29  5.07958e-13
 6.25804e-55  2.64079e-67
 3.21458e-51  8.63527e-38
 4.38881e-47  1.40937e-24
 1.91069e-28  2.38572e-26
 4.00847e-22  2.21694e-31
 4.74794e-29  9.45436e-46
 1.04764e-19  3.06626e-55
 2.16375e-55  1.07517e-37
 1.05041e-32   4.8213e-39
 4.51253e-25  2.98616e-54
 9.34816e-10  5.60893e-67
 6.05299e-31  4.38888e-17
 2.64322e-13  2.13101e-30
 3.07652e-44  2.40583e-30
 6.92317e-52  1.98574e-09
 9.88821e-18  8.41435e-46
 2.47456e-53  2.10461e-18
 3.52576e-27  2.47332e-25
 7.80634e-29  2.13576e-40
 2.52881e-31  3.96502e-53
 3.44926e-36  8.89531e-21
 5.77442e-33  2.46044e-45
 8.41109e-45  9.03897e-29
 3.72327e-20  4.23047e-36
 4.35524e-25  8.38079e-27
 6.18006e-34  3.46984e-38
 1.51844e-17  7.93395e-24
 4.18505e-09  2.49965e-51
 6.78724e-21  2.35712e-28
 3.60192e-18  2.59626e-42
  3.1964e-75  8.21911e-32
 1.11917e-35  1.01661e-15
 7.72889e-15  7.35199e-40
 2.76535e-47  5.38317e-19
 6.01972e-43   4.6118e-15
 4.54331e-54  9.47686e-13
 1.65759e-29  7.94936e-17
 1.35321e-62  1.08894e-25
  2.5999e-12  5.63938e-41
 3.61141e-25  8.85649e-28
 1.81347e-09  1.19017e-49
 9.59861e-19  9.96567e-53
 2.87079e-17  8.53952e-55
 5.71322e-41  2.95405e-56
 1.93571e-17   6.8567e-18
  7.4678e-36  1.10909e-69
 6.42078e-36  6.10205e-13
 2.97888e-49  6.11571e-31
 8.26358e-37  1.92536e-21
 1.35502e-09  1.07169e-43
 3.42691e-05  6.15032e-34
 1.20912e-27  4.89437e-70
 7.91536e-43  1.66364e-41
 2.82839e-45  2.14697e-25
 2.21049e-35  1.46261e-05
 5.96736e-55   1.4621e-17
 1.09347e-50  3.17159e-51
  7.6482e-44  1.71149e-78
 3.14679e-13  6.53073e-45
 1.16443e-86  1.74771e-33
 4.54986e-24  7.66002e-46
 3.05816e-19  3.51573e-59
  1.0077e-05  1.81487e-70
 7.36237e-12   2.0471e-58
 1.80595e-52  9.06053e-35
 1.28389e-40  2.32784e-24
 1.98612e-52  1.19844e-16
 2.54656e-55  1.82688e-57
  2.4056e-39  0.000123743
 9.99568e-28  5.76277e-39
 2.57223e-86  2.49224e-30
 3.68607e-30  5.72243e-31
 8.27943e-19  3.54966e-51
 2.57764e-48   2.3174e-30
  3.5629e-47   7.8997e-35
 3.28345e-49  2.10913e-17
 5.54851e-08  3.91423e-59
 1.01726e-06  3.22404e-29
 1.58596e-21  1.09059e-10
 2.11735e-30  4.55712e-31
 5.69588e-48   8.0779e-27
 5.56652e-36  6.08223e-25
 8.60495e-09  7.67486e-44
 9.94921e-14  4.85425e-19
  1.3683e-31  2.97267e-39
 1.30312e-19  5.12544e-50
 6.17512e-42  1.15172e-43
 1.58832e-28  9.74107e-50
 7.81318e-32  8.99421e-37
 3.30005e-39  1.34847e-37
 1.73459e-38  9.69421e-78
  7.7992e-43  1.73007e-18
 1.17702e-09  1.05607e-26
 3.26338e-26  5.68453e-17
 1.99894e-40  1.90705e-38
 3.49308e-25  5.42303e-33
 1.53671e-61  2.42696e-08
 4.77796e-29  5.98481e-77
 9.16635e-23  2.88004e-14
 1.32925e-62  4.60657e-23
 3.86013e-31    1.056e-43
 2.07246e-42  1.45653e-32
 2.86363e-33  1.08929e-30
 2.14226e-41  3.34166e-11
 2.75398e-12  7.61242e-37
  5.0375e-05   1.2385e-34
  0.00255664  1.70251e-40
 4.06178e-19  1.11274e-25
 3.34006e-28  6.29468e-24
 2.05059e-26  1.23693e-27
   1.303e-12  1.34046e-60
 3.91205e-24  1.90702e-47
 6.25055e-19   4.9023e-23
 3.49126e-45  4.52431e-20
 6.84123e-30   1.2029e-44
 1.80077e-21   1.4949e-26
  6.8067e-41  3.85995e-28
 1.64442e-35  1.02793e-14
 2.83491e-21  5.62863e-32
 9.25656e-30  1.60928e-25
 2.63583e-46  3.16022e-87
 3.99406e-46  5.29294e-12
  3.6632e-37  3.47649e-25
 1.38091e-20  2.54507e-19
 1.65397e-29  2.32915e-56
 3.77693e-23   7.0372e-21
  5.3601e-39  5.69447e-59
 1.66864e-14  4.52677e-62
 1.08712e-43  1.16004e-26
 2.28453e-47  2.38698e-16
 1.07112e-22  2.55702e-23
 5.32439e-34  1.97487e-44
 2.43596e-18  5.17591e-57
 2.26287e-36  6.91907e-22
 7.72848e-27  1.81494e-31
  5.1823e-55  9.49445e-19
 1.16028e-11  1.96007e-21
 1.18169e-21  1.87696e-48
 4.89719e-47  1.86687e-15
 1.81682e-14  1.12388e-42
 2.07443e-20  1.36316e-48
 1.73837e-46  1.87526e-09
 4.85567e-27   1.1169e-53
 7.82849e-15  1.79222e-39
  1.3018e-11  1.26836e-41
 1.31397e-21  1.62501e-38
 1.06081e-17  3.57103e-67
 4.07895e-48  6.44489e-10
 5.74888e-18  5.57011e-60
 4.45868e-41  1.92322e-32
  7.6609e-57  2.34622e-13
 2.81972e-20  2.70733e-44
 2.00156e-42  1.83186e-23
 1.79521e-18   6.3337e-34
 5.41175e-06  1.33768e-29
 1.38167e-49  1.05829e-17
 3.22668e-09  6.51612e-26
 1.22109e-48  8.01385e-27
 8.46339e-15  4.33472e-29
 1.18364e-18  2.49949e-59
 5.90444e-25  2.80473e-36
 1.14495e-47  2.59304e-12
 1.12383e-50  1.73719e-27
 3.91919e-16  1.85292e-14
 0.000597623   5.5384e-32
 6.14443e-22  2.91756e-50
  1.8772e-25  4.93564e-07
  4.0393e-32  1.39502e-47
 9.79446e-37   1.2897e-54
 1.06485e-17  5.59909e-32
 2.16083e-36  2.75933e-37
 7.98361e-56  9.62695e-19
 8.10064e-20  1.11223e-61
 7.02545e-21  5.03811e-43
  9.2118e-13  2.35331e-20
 6.45547e-52  1.00616e-48
 1.25557e-44  2.21544e-43
 3.71977e-25  7.75946e-51
 1.49021e-22  2.51991e-42
  1.0764e-61  1.67609e-84
 5.66108e-30  2.72914e-64
 6.71581e-29  1.89863e-54
 1.03475e-08  3.01964e-28
 8.23719e-33  7.41626e-56
 4.42252e-71   2.2842e-17
 1.27222e-59  3.75175e-09
 1.19818e-17  9.11801e-14
  6.1367e-42  1.06215e-23
 1.84735e-34  3.76814e-32
 6.47489e-36  4.51667e-46
  2.3526e-30  2.20649e-15
 6.26802e-07  2.42843e-48
 3.75084e-26  2.41025e-29
 1.56359e-62  1.57071e-78
 5.84839e-09  1.97158e-27
 5.88876e-40  7.04886e-90
 8.66021e-38  6.07814e-14
 7.65572e-47  5.58067e-30
 2.05274e-36  2.12446e-45
 1.85445e-19  9.21732e-15
 1.40751e-32  6.09626e-19
 7.67837e-37  2.06604e-25
 3.68711e-19  8.78668e-37
 1.02629e-35  1.53462e-48
 1.69941e-53  1.70442e-17
 2.74225e-06  6.05981e-77
 5.01403e-22  8.73768e-62
 1.57876e-13  4.27572e-17
 2.45796e-25  5.48649e-51
 1.76371e-29  0.000285982
 6.77985e-14  3.26739e-68
 1.53908e-53  2.80184e-05
 1.31241e-28  1.20069e-35
 2.74709e-06    2.978e-35
 1.01334e-51  5.48528e-16
 1.48951e-10  1.80437e-45
  8.5886e-37  3.3836e-100
 3.82966e-20  2.99399e-36
 4.85379e-51  2.65801e-19
 1.36116e-15  4.21075e-17
 5.77021e-38  1.01525e-37
  1.2288e-45  4.89862e-09
 1.65591e-16  1.89207e-66
 1.05046e-29  4.22436e-15
 1.18364e-33  1.61923e-07
 2.65829e-33  3.34344e-19
 7.10825e-51  5.12429e-15
 3.51829e-16  6.23419e-49
 2.78698e-21  1.05161e-70
 4.87732e-12   2.5879e-39
  2.2236e-25  1.61829e-22
 2.21288e-35  1.85591e-12
 1.56881e-38  2.59808e-10
 8.33183e-10  4.23658e-36
 2.69911e-20   2.1974e-62
 4.79191e-73   1.2826e-21
 3.92758e-08  6.45067e-29
 3.19746e-48  1.10209e-35
 3.36229e-22  1.69152e-47
 2.47247e-56  1.23805e-24
 6.29724e-29  6.57767e-49
 3.40155e-31  4.27144e-27
 2.40814e-23  2.75725e-49
 2.09497e-28   3.5944e-69
 1.53465e-14   2.2717e-27
 2.31545e-43  2.35082e-32
 2.71457e-21  4.32099e-70
 1.67323e-44  1.62038e-21
 6.26234e-33  1.49773e-95
 1.94471e-37  2.19643e-19
 4.72226e-40  7.60951e-40
 1.02705e-16   2.7763e-49
 1.49288e-19  5.73828e-32
 1.36025e-31  9.65268e-53
 4.70722e-26  1.18875e-34
 1.87084e-31  1.73065e-58
 7.65069e-20  1.68742e-18
  8.8052e-13  2.27316e-48
 5.99179e-28   7.0574e-67
 4.48673e-33   0.00011947
 2.83658e-22  1.25218e-63
 1.54766e-21  1.01835e-36
 2.03653e-35  6.47135e-33
 1.85751e-24  3.96752e-44
 2.27085e-41  1.90483e-44
  1.0813e-34  6.78643e-84
 1.71998e-43 7.44318e-101
 1.08478e-32   1.7337e-25
 5.67045e-44   1.8585e-25
 2.70302e-51  4.92916e-32
 2.29967e-22  4.62718e-37
  1.6119e-42  2.35108e-23
 6.48238e-31  8.02198e-27
 7.26193e-11  8.34701e-29
 9.02942e-56  1.78673e-06
 9.15537e-66  9.56413e-71
 2.04193e-34 3.82067e-101
  7.0596e-18  3.56463e-52
 3.66881e-15  1.72727e-54
 3.47399e-35   5.2677e-42
 1.35661e-33  1.60013e-55
 2.88426e-43  2.77698e-36
 2.43619e-52  3.66413e-31
 1.11115e-26   1.4023e-61
 7.60401e-22  9.76271e-62
 2.80083e-50  1.08062e-35
 5.64281e-27  3.24314e-60
 6.17227e-13  1.99023e-51
 9.58784e-46  4.59667e-14
 1.44812e-11  3.07748e-22
 3.83787e-23  6.38338e-24
  1.2591e-06  1.58034e-35
 1.50838e-11  1.67367e-64
 5.86794e-66  3.35857e-68
 4.30136e-33  3.79997e-41
 1.62057e-32  1.69753e-61
 3.47665e-26  1.60029e-25
 1.11337e-43  6.24934e-23
 4.45892e-15  2.36117e-47
 2.35671e-24  1.45457e-51
 2.23192e-36  1.00054e-29
 7.30284e-17  3.79204e-43
 1.06924e-56  1.33174e-08
 7.69076e-31   3.1837e-27
 1.72508e-14  2.15706e-53
 3.40895e-48  7.96276e-50
 5.18682e-32  5.65992e-06
 3.93693e-50  4.72956e-61
 1.08308e-26  2.27073e-53
 5.84645e-44  4.47479e-29
 2.34687e-42  1.06587e-34
 1.20656e-20  2.49254e-12
 3.98464e-07  1.38746e-70
  4.4948e-25  6.28211e-33
 2.96381e-31   0.00244363
    7.91e-10  1.29251e-33
 6.35361e-65   0.00033686
 1.49862e-14  1.57261e-17
 6.02787e-12    2.289e-41
 3.20227e-25  4.18535e-18
 1.09609e-14   1.7034e-61
 1.13922e-37   4.4743e-58
 2.67917e-38  1.96741e-75
  1.3188e-39  2.80448e-39
 1.10626e-48  1.67868e-39
 9.32415e-35   5.2633e-31
 2.98303e-24  4.09421e-14
 1.92359e-10  7.68744e-46
 4.14031e-48  0.000475111
 3.47576e-44  3.39259e-16
 7.89581e-14  1.20951e-29
 3.18028e-11  4.24739e-40
 2.81428e-15  1.40801e-44
 2.49082e-24  2.56936e-50
 5.91197e-13  3.82908e-63
 1.79812e-55  1.04601e-18
 1.27784e-15  1.16389e-25
 1.42681e-16  2.57528e-41
 1.60981e-29  1.15142e-45
  2.5176e-13  3.94639e-27
 5.57037e-05   2.3619e-75
 1.24672e-18  1.23324e-39
 1.26153e-59  1.55781e-25
 1.87245e-64  5.64371e-13
 2.20154e-25  2.93727e-86
 2.47081e-55  1.47097e-40
 9.05431e-37  4.75742e-41
 8.53264e-29  4.38214e-40
  1.1003e-20  4.72526e-21
 3.79837e-05   2.2216e-32
 1.65096e-19  1.57476e-85
 1.27493e-33  7.31835e-55
  1.6784e-27  3.65147e-24
 5.74191e-67  1.76223e-80
 1.57972e-30  4.54938e-37
 2.73966e-48  1.94009e-18
 5.72549e-26  4.47886e-18
  1.2627e-31  1.47988e-27
 1.46553e-14  5.81005e-43
    0.996007  7.37174e-30
 2.21444e-38  4.42988e-21
 2.77791e-38  1.40184e-75
 7.41873e-42  4.04895e-31
 6.06384e-18  4.37932e-44
 4.72298e-24  4.85804e-26
 1.58267e-21   1.4067e-11
 7.79344e-21   1.7261e-37
 1.76947e-23  7.16918e-18
 4.36058e-31  1.25318e-32
 6.51025e-35  4.27824e-19
 4.77606e-48  5.98625e-88
 2.40729e-61  1.47873e-26
 1.06362e-21  6.99422e-11
 7.68202e-43  3.39468e-26
 1.33447e-37   4.3848e-25
  1.4936e-37  1.10657e-37
  7.1209e-67  2.17448e-31
 9.62882e-48  9.19943e-08
 1.67008e-15  1.58678e-54
 2.50435e-19   4.0998e-66
 3.92061e-15  4.90401e-43
   1.451e-46  4.27171e-61
 1.18668e-39     0.996014
 2.02908e-30  1.32589e-30
 4.60815e-27  4.67261e-15
  6.6149e-30  7.93118e-52
 2.49744e-57   4.6907e-73
 1.69711e-38  9.12464e-17
  2.7123e-36  2.20989e-89
 4.41535e-49    2.966e-17
 3.71045e-10  2.11452e-43
 8.92609e-30  5.01047e-32
 2.09135e-06  5.82499e-68
  5.0261e-26  1.49623e-47
 6.85347e-56  2.26954e-19
 4.13897e-29  1.29745e-22
 8.05441e-63  1.73059e-23
 6.58119e-18  2.71438e-38
 1.04567e-41  5.32338e-11
 2.94497e-52  4.32004e-20
 4.89375e-11  2.04668e-36
 6.53497e-19  1.91325e-52
 1.04244e-42   1.0318e-83
 5.23864e-28  1.52987e-47
 6.33439e-27  6.10104e-32
 8.09992e-12  2.40788e-30
 1.47877e-30     0.996005
 4.31064e-14  1.94545e-62
 6.31756e-23  1.55772e-16
 4.75381e-31  3.34751e-59
 1.47374e-12  4.40159e-19
 2.65949e-63  2.25791e-28
 2.33226e-66    2.999e-14
 4.25096e-38  3.39547e-58
 3.58512e-23   3.1282e-52
 5.17884e-21  6.69697e-44
 4.10733e-14  5.60826e-25
 3.09265e-22   2.6881e-35
 2.06943e-58  1.04453e-75
 2.96094e-15  7.53287e-54
  1.5886e-25  2.61708e-33
 7.61174e-14  1.26713e-40
 3.98453e-47  3.31898e-39
  9.5615e-39  8.77372e-33
  7.1221e-49   1.8292e-36
 2.34225e-30   5.7642e-14
 9.32266e-05  3.18215e-29
 5.58197e-28  3.35417e-41
  9.2834e-20  1.20259e-21
  2.8697e-36   1.3406e-76
 3.92024e-16  8.08802e-36
 2.75614e-15  3.00966e-52
 3.18624e-17  5.06867e-29
 1.09335e-18   1.3528e-31
 5.13811e-32  2.36838e-19
 2.52888e-26  2.59047e-43
 8.95612e-46  9.05803e-39
 5.98303e-24  1.08648e-14
 1.03141e-32  9.41177e-94
 6.45364e-37  6.58957e-21
 4.19384e-33  6.66824e-58
 3.00829e-26  2.92535e-05
 1.95556e-18  2.16798e-42
 2.19345e-28  1.85691e-12
 1.62045e-52  7.58819e-61
 3.02601e-24  3.93252e-30
 4.10839e-41  2.14844e-10
 6.15476e-53  7.48257e-45
  2.2579e-51  2.86707e-83
  5.3655e-51  2.22756e-29
 2.71914e-39  2.33102e-38
 3.47564e-43  6.54827e-23
 9.15859e-54   1.0397e-16
 5.93946e-37  1.96443e-33
 4.45853e-12  4.32922e-42
 1.61817e-39  5.90682e-70
  2.5715e-44  3.44322e-34
 3.23864e-27  2.40595e-61
 3.88392e-52  2.56374e-61
 1.48457e-21  4.12623e-74
 1.29386e-41   0.00010075
 6.40855e-27  3.57527e-17
 1.05371e-21   1.5433e-72
 2.77827e-20  4.40905e-56
 2.66083e-11  1.47063e-25
  2.0809e-19  8.56615e-48
 4.56699e-25  3.10308e-52
 8.78025e-26  5.66151e-68
 3.21972e-20  7.54742e-59
 2.09752e-36  1.00918e-17
 4.94181e-36  2.19042e-35
 2.37988e-46  1.50052e-22
 6.67996e-49  5.89193e-24
 1.09783e-40  9.55432e-32
 1.70296e-32  1.87711e-34
 6.60769e-49  1.26387e-11
 2.64496e-60  1.20565e-09
 5.72166e-32  9.67084e-32
 3.79686e-15  3.58993e-19
 5.80675e-36   3.2731e-32
 2.38407e-28  1.78964e-05
 1.74464e-36  2.51883e-22
  4.2356e-19  4.16581e-16
 1.58516e-06  1.59808e-74
 4.28358e-83  2.71649e-27
 2.01101e-08  3.41693e-23
 6.51187e-16  4.58887e-74
 5.77342e-30  0.000178027
 1.13081e-05  4.09855e-26
 4.16319e-26  2.87585e-28
 3.59236e-20    1.689e-10
 7.37174e-30     0.996009
 6.46458e-21  5.75719e-45
 1.50744e-26  5.61204e-71
 1.58742e-26  7.17763e-59
 1.25185e-34  4.76764e-52
 2.51574e-26  9.53152e-26
 1.80999e-36  3.48128e-18
 2.14229e-28  2.34018e-31
 3.11081e-33  5.14548e-25
 1.25788e-29  1.13316e-15
 8.24184e-18  6.20643e-21
 1.14924e-20  1.24774e-36
 3.40191e-23  8.84046e-51
 6.44874e-25  3.83693e-44
  2.1931e-60  1.63565e-09
 4.29532e-31  2.85731e-14
 2.61324e-36  7.51268e-26
 4.88895e-17  4.02101e-28
 7.94838e-10  1.44144e-43
 1.11861e-23  2.86779e-69
 2.16953e-26  1.46569e-43
 2.45317e-38  5.41661e-33
 1.30373e-30  1.25868e-69
 2.35186e-15  7.25718e-65
 7.02789e-27  2.46152e-30
 9.18664e-11  5.00012e-75
 4.10082e-19  3.66463e-27
 2.19599e-43  1.18483e-26
 1.43828e-12  1.97972e-46
 1.91772e-57  6.28103e-74
 1.54126e-34  1.73352e-33
 7.46751e-14  1.16231e-30
  2.5667e-14  3.05981e-53
 7.19273e-27   5.1888e-35
 6.19768e-17  3.27687e-43
 7.57592e-51  9.32233e-21
  2.0803e-22  1.01515e-41
 4.54441e-38  7.69307e-20
 3.23991e-50  8.76871e-34
 8.84934e-25  1.30541e-32
 8.41828e-09  3.51098e-67
 2.48937e-26  8.56509e-15
 1.11171e-07  7.66805e-47
 5.42674e-23  3.18201e-49
 1.87602e-38  2.79426e-31
 9.41932e-44  1.27453e-27
 1.96002e-24  1.62509e-55
 7.10999e-06  1.86264e-59
 5.83396e-19  1.21372e-74
    5.02e-35  3.14025e-50
 1.41666e-42  1.90816e-46
 1.79733e-30  5.25084e-39
 4.45184e-08  5.07177e-51
 6.14143e-23  3.11729e-43
 1.47561e-52  2.60459e-26
 1.40531e-23  1.13761e-49
  7.5766e-25  1.81343e-42
 2.93606e-16  3.50797e-33
  1.7607e-11  7.10966e-42
 4.54369e-30  2.91351e-61
 4.62321e-58  9.96416e-23
 1.16386e-26  6.20646e-44
 7.26957e-44   2.2869e-14
 7.43982e-42  1.57713e-33
 6.88619e-29   5.9884e-11
 3.39905e-34  8.09249e-25
 2.99656e-38   5.8943e-26
  6.5402e-19  2.87856e-43
 1.83809e-51  2.12727e-76
 4.09321e-21  1.02589e-44
 1.83743e-40  4.38472e-60
 3.46933e-24  4.98658e-50
 7.55075e-22  1.09506e-31
 1.83473e-28  3.91166e-42
 1.91757e-16  1.16173e-46
 4.53512e-30  0.000229144
 4.23731e-46  1.00102e-19
 1.15152e-16  2.46182e-24
 6.54315e-37  1.12204e-53
 4.55395e-28  9.60285e-13
 4.23213e-43  8.35873e-41
 1.94914e-36   8.7517e-45
 2.68853e-13  8.88223e-39
 2.01276e-13  6.03739e-61
 8.70338e-38  7.04362e-30
 9.49839e-40  1.00856e-28
 3.91689e-27  2.06029e-41
 1.48349e-10  1.15971e-22
 5.05821e-07  6.66423e-26
 7.11963e-47  2.79437e-22
 3.89947e-44  3.41969e-21
 1.03396e-31  5.10623e-32
  0.00141769  2.80414e-31
 8.71278e-40  8.56763e-33
  7.1198e-19  3.59733e-52
 1.00868e-15   1.2417e-29
 4.98117e-17  3.52177e-54
  0.00011052  9.02724e-71
 2.82804e-22  2.12659e-12
 1.20626e-21  1.65265e-53
 2.81573e-40  5.08441e-12
 2.46701e-24  4.56382e-61
 1.86668e-28  9.11021e-59
 1.13759e-31  2.32783e-37
 6.32536e-55  2.19399e-15
 2.13454e-30  3.22326e-19
 9.46686e-22   1.8323e-47
 7.35619e-07  2.80508e-59
 6.09448e-21  8.58518e-53
 1.91678e-58  2.30185e-28
 4.31289e-24  4.75163e-68
 2.17378e-09  3.19887e-44
 6.39406e-39  3.10547e-26
  3.7987e-34  1.41771e-56
 2.04915e-45  3.29735e-06
 2.08012e-42  7.87187e-26
 4.22188e-21  1.75693e-44
 6.76718e-09  2.18954e-50
 3.25788e-11  1.87038e-40
 8.74682e-78  1.59162e-25
 2.57737e-37  1.23253e-28
 1.21388e-52  8.37192e-41
  2.8222e-15   2.7128e-18
 1.51654e-38  2.18707e-57
 3.43783e-29  3.40397e-26
  2.7554e-14  8.29393e-68
 2.12756e-37  4.57788e-47
 1.00902e-09  1.87332e-37
 5.79577e-13  1.11572e-49
 4.66691e-26  1.39885e-47
 1.92142e-28  3.87944e-94
 4.92021e-19  1.22907e-39
  2.1788e-25  7.37426e-25
 1.66948e-45  2.89774e-25
 6.35359e-10  1.04959e-20
 5.26994e-28  1.17602e-13
 3.82668e-08  2.10776e-23
 9.55403e-42  1.19208e-13
 8.91626e-31  3.50442e-11
 2.15801e-34  1.02474e-92
 3.44481e-71  7.92858e-21
 1.12362e-20  1.03068e-59
 4.13917e-42  6.11247e-43
 2.05889e-49  5.87207e-24
 1.21117e-36  1.45057e-49
 5.15695e-50  1.01257e-30
 8.06516e-13  4.62582e-22
 2.09231e-29  1.14561e-22
 2.41288e-19  1.05566e-39
 4.53191e-07  4.48186e-34
 4.14806e-25  6.24361e-18
 1.16288e-38  2.22978e-69
 6.70935e-59  4.19434e-20
 5.10345e-35  1.21881e-37
 5.16763e-27  3.61463e-65
 9.90215e-41   0.00379253
 1.12193e-31  1.76406e-44
 1.97159e-09  1.88182e-42
 5.49456e-57  2.02108e-13
  2.9246e-15  2.30011e-17
 1.81812e-35  1.71033e-56
  9.7521e-18   1.4995e-47
 8.61486e-37  1.46452e-35
 2.10561e-45  1.58162e-27
 4.71842e-49  7.97097e-17
 9.74063e-21  2.14004e-11
 6.01719e-31  1.35576e-30
 5.01354e-27  7.00469e-33
 8.95372e-42  2.24093e-66
 1.55524e-23  2.48553e-30
   8.302e-56    7.179e-15
 1.56263e-48  6.49869e-49
  1.1408e-18  5.89277e-45
 8.33201e-29  2.97187e-25
 1.70108e-42  2.68432e-15
  8.3734e-13  3.98511e-54
  2.6896e-08  6.55712e-51
 1.42007e-22  2.01215e-62
 3.60488e-48   5.7383e-31
 0.000933211  1.48586e-68
  1.4828e-33  1.61345e-24
 2.13255e-56  1.48769e-14
 1.68241e-21  1.33554e-44
 8.02006e-51  1.85935e-18
 3.00137e-35  1.85198e-44
 1.65529e-80  9.56433e-26
 6.08147e-29  1.70611e-63
 3.92446e-22  3.10128e-62
 1.44813e-19  1.96092e-51
 2.69846e-52  2.51471e-30
 1.22686e-31  1.55842e-46
 1.26013e-26  2.14613e-32
 5.86002e-15  2.95801e-26
 1.82579e-18  5.73968e-44
 2.24285e-53  3.09408e-13
 3.41967e-17  4.61246e-42
 4.51449e-57  1.03841e-09
 5.92073e-24  2.93437e-46
 2.21685e-21  1.86047e-80
 1.35409e-35  1.78357e-17
 1.11267e-18  1.35205e-57
 3.01357e-08  9.84759e-45
 1.71317e-34  3.17375e-22
 3.86462e-45   2.0593e-46
 7.41048e-31   9.9209e-37
 3.38058e-38  2.51196e-15
 3.36167e-05   3.0884e-31
 2.73491e-37  2.87073e-14
 4.46341e-64  7.35145e-13
 7.88756e-17  4.67966e-31
 6.29636e-43  1.59168e-24
 4.18036e-22  9.28532e-10
 1.07231e-35   1.4022e-63
  3.3843e-49  1.92956e-17
  2.4334e-26  2.36628e-15
 7.43858e-89  2.26187e-33
 7.15908e-76  1.49685e-23
 3.53108e-35  2.56042e-36
 1.18341e-13  9.24112e-65
 2.46932e-23  5.25065e-63
 4.54878e-19  1.98476e-42
 5.67485e-17  1.20105e-81
 0.000600004  3.58115e-43
 1.36721e-82  3.75814e-31
 1.15068e-22  2.85785e-34
 9.58948e-55  2.98056e-22
 4.95503e-40  3.77031e-28
 2.35601e-52   0.00152292
 3.62799e-17  1.91175e-40
  5.3333e-62  3.63491e-24
 1.40331e-38  2.97469e-18
 3.25891e-15  2.92432e-48
 1.97653e-47  2.05925e-12
 1.92304e-17  9.24856e-46
 2.02607e-27  2.31497e-31
 1.84773e-57   3.7468e-49
 9.47665e-37  3.50816e-27
 5.83845e-37  1.47669e-30
 5.14199e-24   1.5937e-56
 1.49952e-07  5.82163e-33
 2.81261e-34  3.05131e-34
 4.09183e-59  8.04915e-60
 1.08259e-51  1.52844e-19
 5.83549e-52  5.51711e-37
 1.09439e-60  1.97312e-11
 4.45895e-20   1.6883e-61
 1.25022e-23  4.92792e-10
 4.37301e-35  2.22787e-45
 5.84531e-14  1.49567e-36
 1.06399e-56  4.29107e-20
 5.84134e-29   8.9605e-16
  1.0984e-10  1.18475e-47
 2.25333e-36  2.18884e-24
 9.47346e-10  1.08132e-41
 1.86651e-38  8.15942e-61
 3.75403e-62  4.84871e-15
 4.58229e-57   9.1285e-54
 4.31879e-64   9.8614e-29
 4.92819e-35  3.89273e-83
 2.02634e-47  2.76735e-47
 4.02314e-38  9.16358e-14
 4.35793e-22  1.02827e-36
 5.17206e-38  2.63343e-12
 6.76427e-14  6.20917e-20
 5.66516e-16  2.55116e-58
 3.56869e-48  1.26831e-19
 4.45315e-21  3.29187e-31
  8.9123e-11  2.71869e-35
  9.0938e-24  5.96863e-52
 2.34462e-21  1.80644e-34
 1.80951e-08  2.28668e-32
 4.78782e-44  2.70152e-40
 1.05897e-34  1.69035e-59
 5.26938e-10  1.89177e-22
 3.89879e-51  1.48821e-47
 2.62967e-47  2.08371e-43
 1.16573e-24  4.83344e-32
  1.2111e-25  4.27028e-23
 6.85819e-35  2.56324e-33
 8.88303e-18  2.02552e-24
 2.52109e-63  4.23588e-12
 1.62127e-33  1.90295e-44
 2.83423e-48  7.14461e-35
 8.35998e-26  2.36114e-34
 2.14135e-55  7.15435e-15
 1.32541e-49  2.65299e-06
  2.9556e-53  3.83607e-38
 1.28035e-48  2.01692e-22
 4.30077e-36  8.07286e-30
  9.6104e-30   8.0203e-50
 3.13387e-49  3.67687e-38
 7.31326e-21  8.05622e-30
 4.95622e-23  3.30709e-30
 3.40162e-38  7.33015e-35
 6.87465e-22  9.43376e-22
 1.33159e-27  4.40391e-59
 3.13604e-40  1.03006e-44
 5.18648e-20  1.26267e-14
 1.11905e-14  3.78411e-47
 1.16102e-43  1.24914e-42
 2.33916e-20  6.10636e-64
 2.93589e-18  2.83379e-32
 2.29158e-45  2.02606e-23
 9.18205e-51  2.54422e-19
 2.20915e-38   8.7477e-26
 4.56406e-29  1.07158e-47
 2.59887e-40  3.18327e-28
 4.39288e-36  0.000115251
 1.36743e-18  1.95241e-36
 6.06804e-31  7.02832e-59
 9.88649e-18  9.68668e-61
    0.996009  4.33398e-72
 7.20697e-07  7.40984e-34
 1.07029e-36 4.67052e-101
 2.39556e-09  1.66876e-47
 8.25951e-43  8.17208e-29
  1.1298e-40  6.64815e-17
 2.74541e-49  1.96576e-34
 3.71127e-12  1.28871e-73
 2.97441e-35  6.90759e-22
 6.70454e-28   1.5977e-75
 1.14971e-23  1.50914e-65
 1.67897e-56   1.7824e-40
 7.01793e-18  5.47295e-57
 7.91465e-43  3.96968e-12
  4.6374e-52  1.15685e-18
 4.20049e-33  2.18614e-96
 1.75459e-18  1.32936e-65
 1.14167e-10  5.74749e-64
 7.35092e-19  1.29784e-14
 7.67367e-16  1.51101e-34
 1.36193e-20  1.24363e-41
 1.27952e-53  8.61403e-42
 4.09094e-19  4.59847e-32
  7.0857e-54  5.38092e-73
 3.97037e-31  1.67611e-24
 6.57437e-09  2.51751e-50
 1.14738e-31  9.39642e-69
 2.68369e-26  6.97026e-40
 8.33456e-26  1.87918e-28
 1.82066e-51  3.00451e-67
 4.35747e-57  1.30375e-10
 7.02993e-12  1.03811e-47
 5.28496e-27  8.49795e-07
 3.21506e-29  1.43367e-48
 8.73158e-18  6.86651e-45
 1.16516e-12  3.83438e-21
 2.28745e-35   6.3402e-44
  1.7831e-45  1.50122e-17
 1.31769e-37  1.75076e-22
 5.44132e-17  2.42211e-70
 1.71205e-27  6.23311e-17
 8.11316e-18  9.01813e-20
 1.63268e-17  3.63482e-30
 3.10621e-33  0.000220347
 5.76436e-30    2.325e-46
 1.11393e-28  3.21659e-32
 8.90675e-44   9.6252e-32
 6.50115e-10  5.62654e-36
 4.22156e-36  3.19607e-31
 2.36868e-52  1.29595e-05
 7.35376e-23  3.16084e-29
  2.8406e-33  9.61573e-41
 3.90234e-33  1.14161e-18
 1.30723e-47   4.2588e-30
 2.44894e-20  2.60205e-38
 2.57498e-45   6.5825e-35
 3.21693e-07  1.90285e-26
 8.13358e-28  1.58952e-49
 6.89652e-06  3.16777e-35
 0.000166527  1.66476e-28
  3.5834e-18  6.09614e-38
 6.02968e-25  5.74046e-31
 1.45409e-05  2.24947e-47
 4.75695e-66  4.92931e-26
 3.05496e-37  2.11491e-38
 3.08401e-38  6.85431e-48
 3.06913e-35  7.88981e-54
 1.87743e-31  1.84241e-39
  4.8513e-27  1.66052e-26
 2.67566e-21  1.11926e-10
 3.16883e-08  1.40377e-51
  8.9395e-30   5.8256e-12
 1.53389e-10  1.69581e-48
 2.20248e-14  2.40265e-38
 1.13744e-25  4.02417e-06
 5.46135e-50  2.22814e-14
 1.26646e-33  3.94826e-21
 8.77556e-29  3.77862e-57
 3.94662e-36   8.4556e-35
 7.06261e-28  8.64721e-20
 1.08704e-39  5.78644e-23
 3.28126e-17  7.50318e-26
 1.29072e-18  1.92494e-29
 5.59557e-51  1.18658e-46
 1.57986e-28  4.49707e-48
 1.79337e-31  1.68654e-30
 2.23678e-38  3.29707e-23
 9.93612e-15  3.68228e-31
 1.61653e-23  3.32542e-63
 7.82175e-22  6.33872e-49
  1.4687e-34  3.50694e-77
 1.53212e-19  4.19502e-59
 1.12077e-08  2.18439e-48
  2.9463e-27  7.22509e-31
 2.94374e-13   5.3768e-48
  1.2381e-28  5.42107e-40
 2.08098e-07  1.71444e-35
 1.32984e-32  3.07306e-24
 2.29872e-21   5.4158e-40
 3.18132e-06  1.20471e-47
 9.07268e-18  1.34996e-45
 2.16136e-19  1.14428e-33
 8.38675e-14  8.95411e-38
 1.80695e-21  3.72666e-33
 1.40942e-48  4.37853e-43
 1.69885e-19  2.15116e-45
 2.41513e-12  2.02838e-26
 1.71007e-27  1.25428e-33
  1.8088e-36  1.71832e-16
 3.44999e-34  4.32406e-22
 1.60452e-29  1.36499e-25
 1.40623e-56   2.3349e-18
 2.25596e-24  2.14419e-14
 3.75223e-12  1.30167e-40
 3.04407e-24  4.98377e-64
 2.51215e-28  1.78144e-34
 1.14273e-45   4.8003e-33
 2.50086e-54  1.45881e-16
 2.38354e-20  2.83627e-48
 6.06515e-26  1.17983e-26
 2.17728e-26  3.32614e-67
 7.83638e-22  1.06912e-13
 1.39839e-37  2.74953e-40
 1.80059e-57  2.26092e-28
 5.15798e-28  1.73794e-27
 2.23698e-62  4.38379e-84
 2.31912e-50  5.29245e-39
 4.31991e-44  5.82863e-29
 2.43102e-46  5.41733e-39
 4.76668e-38   9.8734e-39
 3.10584e-13  5.92321e-43
 5.40647e-64  0.000150797
 2.90764e-28  7.91078e-24
 6.32244e-20  1.60804e-65
 1.96575e-38  4.50992e-37
 1.43046e-45  1.51572e-19
 7.35606e-12  6.41704e-45
 4.66682e-34  2.30477e-69
  1.6039e-37   1.8749e-20
 2.84944e-49  5.12378e-10
 6.26132e-22  1.27455e-45
  1.9596e-66  8.35944e-18
 2.13782e-32  5.63233e-17
 1.07368e-18  1.91457e-74
 1.04944e-46  3.37001e-39
 8.40909e-51  1.06162e-11
 7.53367e-74  1.15168e-26
 1.16607e-08  4.14391e-23
 5.50909e-44  1.27454e-32
 2.95097e-37  2.09529e-91
 7.36782e-51  8.53104e-15
 7.31503e-60  2.41215e-70
  1.0347e-19  1.26648e-34
 9.33833e-39  1.62972e-35
 1.60187e-44  5.28252e-09
  6.8472e-19  7.66557e-58
 4.07726e-13  1.74919e-51
 1.77311e-44  3.45185e-28
 3.17254e-39   1.7442e-40
 1.49993e-37  1.46818e-40
 7.12952e-20  2.41143e-48
    0.996016  1.55257e-52
 7.00622e-26  9.22482e-39
 1.41903e-39  1.03811e-26
 6.35705e-33  3.01359e-42
 9.06146e-17  3.21355e-37
 6.81246e-21  1.01917e-56
 1.96477e-18  2.92766e-41
 2.54001e-44  8.40935e-39
 1.20993e-27  1.83665e-41
 1.23189e-47  2.70413e-63
 1.07299e-42  4.52812e-23
 5.16138e-29  2.25452e-22
 3.16425e-26  1.56895e-41
  0.00110662  2.67294e-28
 8.88581e-17  1.11518e-57
 2.70717e-29  1.41446e-41
 5.40138e-13  1.70451e-41
 1.68223e-29  0.000467274
 4.17969e-16  1.37971e-48
 2.40203e-43  9.05712e-07
 1.13195e-66  0.000640914
 2.45723e-45  6.75197e-18
 1.34372e-19  2.36673e-22
 2.05048e-66  6.41958e-67
  9.3827e-59  3.14102e-10
 3.50688e-23  9.27043e-63
 4.39343e-09  1.97108e-61
 3.77912e-41  3.36665e-36
 1.30543e-12  1.27594e-63
 3.15037e-54   6.8004e-43
 1.68876e-69   1.8187e-33
 3.36112e-31  5.55823e-10
 3.89804e-15  7.68516e-71
 1.40271e-27  4.38926e-16
  6.7307e-29  1.49129e-07
 3.30761e-50  1.47074e-11
 9.75082e-47  1.00029e-21
 1.27415e-35  2.79664e-98
 1.42382e-27  1.10838e-32
 2.96781e-46  3.53063e-69
 3.48588e-14  3.97139e-27
 2.77208e-33  2.47672e-34
 1.06764e-25  3.90085e-39
 6.35365e-14  7.01475e-57
 5.97055e-44   4.4311e-25
 6.44191e-25  4.10259e-39
 2.39389e-63  2.28807e-27
  9.7362e-19  4.75445e-22
 1.26116e-25  6.84571e-50
 1.29059e-18  9.93088e-50
 1.07981e-28  7.52927e-45
  0.00205758  1.39723e-28
 4.32034e-49  8.00906e-48
 5.47046e-17  5.42568e-41
 4.88831e-28  1.14787e-42
 1.17946e-08  4.74056e-50
 1.02803e-14  3.78522e-61
 7.58566e-26  5.12598e-53
 6.12193e-24   2.9524e-57
 1.07172e-13  1.21821e-43
 2.10018e-60  1.30722e-15
    0.996007  2.60916e-42
 3.46643e-46  7.89726e-44
 6.80705e-16  7.14134e-19
 7.75939e-31  1.06336e-09
  1.1325e-31  0.000335653
 2.21068e-27   9.7067e-28
 1.49333e-31  2.66556e-21
 1.63072e-42  1.43641e-14
 2.02803e-27  3.16676e-56
 2.17567e-32  3.57435e-08
 3.89578e-18   2.2051e-32
 2.23386e-65  4.40822e-70
 1.21629e-11   1.6061e-37
 3.90397e-36  1.37228e-89
 2.02637e-21  6.13153e-21
 3.16809e-44  1.76271e-64
 6.08099e-42  2.29429e-99
 2.20051e-43  8.05637e-25
 7.59105e-23  3.90597e-26
 1.20849e-42  6.79056e-44
 6.23966e-12  2.09024e-35
 6.37031e-17  1.34922e-57
 2.33469e-45  5.47834e-43
 1.02341e-42  1.08016e-15
 8.30779e-59  8.57374e-72
 1.88674e-46  4.20216e-15
 1.32859e-14   7.5437e-44
 2.72608e-27  8.32389e-47
 6.27947e-23  5.18479e-37
 3.09626e-24  5.03106e-14
 4.71081e-31  2.32601e-24
 1.01602e-49  5.70225e-22
 3.83229e-10  1.12816e-33
   6.026e-28  4.69432e-30
 9.88955e-13   1.0147e-39
 1.47445e-12  2.70209e-19
 6.64378e-37   2.8507e-96
 1.08307e-17  1.24146e-37
 2.41705e-56  1.03952e-48
 1.09781e-21  8.96417e-23
 1.22897e-57  9.89764e-24
 6.53886e-49   0.00110904
 1.96463e-38  4.63148e-55
 8.99023e-51  6.72767e-19
 1.63644e-36  8.15509e-43
 1.53028e-10  2.04045e-26
 3.85444e-57   7.8096e-17
 9.57439e-21  8.64455e-12
 4.50283e-42  7.00344e-26
 3.63837e-17  3.46787e-71
 4.43418e-46  1.60488e-48
 2.26967e-39  2.89344e-14
 4.22942e-55  3.36437e-60
 5.98201e-14  4.94699e-19
 2.41092e-38  2.32628e-54
 3.17831e-13  6.54684e-43
 7.83106e-50  1.74603e-11
 7.77674e-20  1.91729e-45
 6.16889e-36  4.48122e-08
 1.13639e-31  4.43452e-39
 6.43868e-60  3.63941e-23
 1.82081e-26  1.92441e-15
 5.92023e-33  3.73004e-57
  3.4284e-21  5.91331e-41
 1.58578e-45   2.1962e-28
 2.20559e-22  4.75249e-88
 1.90756e-11    1.753e-21
 5.52974e-24  7.07474e-69
 4.92259e-35  1.13124e-72
 1.53542e-60  6.73938e-11
 1.55873e-22  5.56244e-83
 9.86949e-33  6.58251e-05
 1.64124e-45  8.67059e-89
 3.50083e-17  1.01281e-35
 2.71232e-11  6.17428e-24
  1.4589e-60   2.1828e-09
 7.32686e-22  2.82938e-69
 6.86871e-35  9.25623e-35
 3.59643e-10  1.37034e-53
 3.60506e-19  8.17681e-70
 1.72487e-15  9.49456e-24
  2.4531e-11  6.43794e-22
 3.02601e-53  1.05423e-42
 5.66315e-17  3.00016e-58
 7.24903e-17  1.56741e-67
 6.87722e-42  1.54458e-12
 2.87748e-37  5.45088e-78
 1.10035e-15  2.51432e-43
 7.43468e-30  1.10351e-89
 8.25228e-26   4.8993e-09
 8.02486e-06  2.56006e-72
 1.32614e-32  3.29647e-12
 1.63445e-16  1.07336e-58
 7.33134e-31  3.24989e-11
 4.46101e-31   9.9304e-19
 1.41508e-23  1.10552e-10
 2.17808e-14   1.1695e-62
 5.82695e-39  1.14424e-81
 4.45859e-10  4.27537e-43
 2.27466e-41  3.92198e-30
 1.28979e-16  4.13077e-59
 8.94597e-25  5.09023e-16
 5.83806e-22   4.1327e-67
   7.147e-31  1.31703e-47
 9.92228e-36  7.83328e-27
 6.05345e-21  2.41975e-11
 1.07199e-11  8.68156e-22
 2.26736e-31   4.1755e-82
 3.05468e-55  3.69538e-19
  2.4105e-47  1.94102e-25
 7.73615e-53  1.07562e-14
 1.89044e-10  3.24119e-50
 5.74639e-28  5.04091e-25
  1.1014e-51  4.43746e-44
 5.24612e-35  3.46347e-06
 3.15873e-25  3.80143e-18
 4.15012e-08  2.14965e-29
  2.3746e-25  6.89058e-18
 2.78031e-12  5.20301e-31
 3.21208e-44  1.31918e-22
 7.64364e-11  4.15484e-46
  9.5401e-32  4.99485e-55
 1.61289e-28   4.8641e-45
 3.01338e-33  1.62749e-11
 2.39221e-44  1.78984e-37
  3.7621e-14  4.28159e-39
 2.89241e-21  4.20764e-59
 3.75744e-32   5.8796e-50
  2.9512e-44   1.0593e-24
 5.81622e-39  5.63677e-28
 1.17768e-45  1.63814e-17
 9.84479e-47  1.67943e-29
 4.92519e-52  3.15796e-19
 8.04886e-21  3.72605e-35
 9.29954e-19  2.35519e-54
 1.08331e-29  1.59468e-24
 1.29289e-12   1.6119e-20
 2.01064e-35  1.74454e-38
 2.44986e-22  8.80674e-73
  1.9124e-24  5.50698e-20
 2.43159e-35  3.07235e-33
 4.27296e-53  4.76308e-16
 7.51549e-34  8.15195e-35
 3.36231e-34  1.94017e-73
 5.86453e-15  1.11146e-38
 4.39949e-41  3.95315e-13
 4.08868e-37  2.24396e-53
 5.78451e-43  1.57511e-53
 1.32659e-22  1.41278e-59
 2.21627e-50  1.49096e-37
 1.88181e-26  3.61853e-43
 1.51816e-19  1.83454e-64
 3.73213e-33   5.0083e-51
 3.14262e-51     0.996006
 2.30577e-11  2.35247e-25
  2.6911e-15  3.16002e-43
 4.10009e-11   8.9604e-45
 3.39899e-51  7.01083e-19
 1.23707e-17  3.84465e-61
 4.21745e-24  4.38255e-63
 5.34315e-44  7.40155e-26
 4.56317e-32  1.43219e-15
 2.59401e-23  1.60801e-35
 8.72178e-13  4.29655e-62
 4.65286e-11    1.064e-22
 1.09069e-33  1.30324e-05
 1.45906e-20  2.38035e-37
 4.64135e-13  2.69457e-41
 3.34954e-32  5.19976e-72
 5.74422e-32  1.23829e-45
 2.17712e-54  5.94785e-73
 6.12876e-43  1.37041e-32
 4.15609e-11  7.00299e-27
 1.66184e-50  2.51467e-18
  1.1923e-68     0.996007
 4.26627e-21  2.13875e-42
 8.06724e-71   4.6764e-17
  2.3291e-23  1.72896e-58
 2.13891e-17  1.52493e-17
   6.955e-49  1.54527e-36
 1.14117e-32  9.70466e-51
 1.32049e-11  1.09676e-45
 1.43529e-20  1.54973e-63
 0.000207137  2.02768e-39
 2.27115e-34  5.54719e-53
 1.91461e-13  3.77252e-40
 5.73288e-26   6.8679e-58
    0.996002  1.47877e-30
 1.77614e-55  1.11458e-18
 2.06334e-21  1.28226e-39
  7.3786e-56  4.82086e-20
 5.03623e-53  2.61703e-71
 7.55672e-67   0.00245261
  4.1489e-45  1.65425e-47
  3.0887e-23  2.63389e-35
 8.67777e-31  7.74177e-28
 1.07348e-51  1.48669e-24
 2.01374e-41  5.69141e-63
 9.86048e-35   4.3016e-19
 1.04474e-25  1.34477e-52
 8.85681e-52  5.35362e-16
  1.0069e-29  2.19122e-32
 4.95607e-41  4.28507e-11
 4.10314e-09  6.11146e-29
 6.13647e-34  2.20778e-17
 8.71503e-18   1.1912e-57
 1.22044e-27  2.51147e-65
 1.00244e-25  5.03545e-57
 2.01605e-36  4.46923e-42
 1.40705e-23  5.21308e-07
  3.7012e-17  1.61782e-31
 1.47042e-63  1.57097e-31
 4.75959e-28  1.09614e-31
 1.40186e-17  1.12393e-37
 1.54056e-60  3.87848e-07
 2.01855e-50  3.82052e-14
 2.88671e-29  3.85006e-12
 9.07701e-35  6.87647e-49
 7.33626e-51   0.00140893
 3.91053e-15   6.1435e-39
 2.68411e-39  1.15971e-14
 8.77638e-26  1.64213e-80
 6.59934e-25  2.98326e-45
 3.80019e-35  5.87513e-37
 3.82871e-17  5.17181e-29
   6.298e-21  1.64764e-87
 5.66685e-40  9.14211e-12
  2.1306e-44 4.31058e-103
 1.01748e-36  3.23895e-35
 2.89722e-24   3.7783e-61
 0.000497602  1.35646e-26
 7.51317e-12   7.1657e-38
 2.24711e-43  1.60291e-15
 1.05733e-26  9.22389e-22
 2.44637e-51  9.00465e-57
 2.26695e-24  1.87674e-44
 1.45208e-08  1.81183e-69
 7.48637e-16  2.35554e-60
 2.23081e-43  8.85369e-43
 3.16181e-19  4.76346e-36
 4.07968e-49  1.43935e-28
 3.61828e-41  5.61721e-41
 2.56337e-50  7.76726e-15
 2.20809e-12  1.27552e-44
 1.72669e-27  7.15245e-91
 1.83505e-12  6.52029e-56
 8.07184e-25  3.71953e-60
 5.26399e-30  1.71833e-18
  8.4603e-60  4.09924e-62
 1.67647e-55  2.44265e-42
 1.03927e-77  3.20852e-28
 3.78835e-30  3.67907e-18
 2.90642e-06  7.49038e-72
 3.43026e-49  2.18856e-38
 1.61448e-18   2.4469e-42
 2.42889e-26  3.23973e-32
 1.01903e-18  5.70555e-40
 2.28058e-30  7.37675e-38
 4.35671e-32  4.21875e-22
 3.29054e-17  2.44161e-39
 1.54036e-39  3.50912e-29
  9.7381e-35  6.51289e-37
 1.90385e-37  1.50183e-38
 2.34382e-51  3.09483e-67
 2.51726e-20  2.04754e-39
 7.43296e-11  2.28245e-48
 3.66144e-24  3.84565e-59
 2.46155e-14  2.53528e-43
   6.356e-41  4.77098e-25
 1.31049e-38  1.15657e-10
 2.72009e-18  1.05613e-32
 5.17456e-19  1.51571e-49
 7.85718e-20  4.43318e-22
 3.43926e-30  2.35616e-25
 1.13387e-66  1.03515e-26
 4.94504e-45  9.43622e-21
 1.14512e-23  3.78484e-17
  3.1349e-59  2.98814e-32
 1.11727e-52  5.82307e-10
 6.26763e-07  2.31953e-70
 3.16393e-67  1.60882e-71
 1.02936e-34  1.41979e-10
 1.90284e-26  1.85686e-90
 8.31706e-36  1.38739e-33
 2.52152e-18   1.7407e-31
 0.000151459  2.73456e-33
 7.80162e-37  7.79474e-23
 8.28872e-35  3.97392e-23
 3.46379e-24  5.43029e-39
 9.21923e-18  6.64728e-35
 3.27356e-42  6.55335e-92
 1.40322e-21  2.62551e-53
 6.56561e-44  4.06439e-46
 7.19671e-40  1.91394e-11
 1.33175e-59  3.01349e-13
 4.86421e-54  5.10127e-18
 5.08655e-30  8.01395e-14
 7.30678e-33  4.09439e-56
 1.20726e-30  9.40294e-15
 1.32813e-12  1.40454e-74
 2.15589e-23  7.29622e-47
 2.15869e-20  6.61305e-48
  1.7752e-16  1.91105e-56
 3.38069e-54  2.37199e-18
 1.62304e-61  2.29108e-24
 1.95693e-27  1.22574e-44
 5.06483e-16  2.84127e-20
 3.24849e-27  5.61778e-28
 1.52778e-05  2.20515e-43
 2.82528e-26  1.13549e-12
 7.33787e-34  5.95258e-22
  1.8227e-26  4.02281e-50
 5.73769e-11  1.63905e-24
 4.26769e-19  1.13931e-59
 3.94786e-21  5.51826e-77
 1.75013e-54  2.01216e-11
 3.46621e-33  8.58246e-41
 1.30998e-32  8.45539e-60
 1.52525e-07  8.03498e-78
 8.58251e-09  7.79302e-37
 3.16567e-13  4.27126e-22
 7.47612e-21  8.35169e-28
 1.07213e-41  7.41373e-10
 8.74057e-16  2.29824e-42
 1.68963e-60  1.23979e-64
 7.76946e-54  1.00345e-17
   1.825e-44  8.83185e-47
 3.81685e-34  9.63649e-42
 2.14025e-14    5.222e-38
 1.99095e-25  8.82712e-34
 1.03424e-12  8.57418e-51
 1.76665e-23  2.84076e-40
  2.2661e-33  1.98957e-33
 4.07426e-28  2.77906e-05
 1.52871e-20   2.2986e-52
 1.24355e-29  2.56562e-24
 1.02765e-18  9.36936e-34
 7.34218e-42  6.18312e-19
 4.62547e-29  3.09258e-19
 5.33938e-09  2.41854e-68
 5.75191e-42  1.25759e-17
 5.00964e-40  6.43115e-41
 9.87239e-17  1.48018e-37
 4.13815e-46    2.946e-41
 1.06982e-43  6.96504e-39
 4.53016e-36  2.87567e-45
 1.28928e-57  5.23267e-11
 1.64038e-38  7.78983e-21
 2.88551e-23  1.96892e-70
 7.04863e-34   8.1515e-38
 2.43983e-35  1.75851e-48
 4.15748e-67  3.62085e-18
 9.68576e-23  1.40512e-49
 1.07774e-51  4.00623e-08
 3.25548e-64  9.28605e-10
 3.83837e-69  5.32643e-16
 6.19817e-31  2.65828e-96
  1.1479e-44   1.1167e-44
 2.09156e-38  1.10318e-29
 1.07231e-36  2.02039e-23
 3.19484e-35  2.06209e-53
 1.40913e-29  2.58934e-17
 2.29181e-14  2.77321e-56
 3.30051e-46  4.20067e-46
 8.66474e-19  2.73549e-33
 8.47353e-35  1.12285e-20
 7.80902e-31   0.00206534
 4.29104e-56  9.13724e-14
 2.83146e-51  7.49746e-25
 1.07741e-51   1.1598e-19
 3.78805e-17  6.79784e-44
  5.2022e-15  3.84088e-20
 1.06652e-23  2.55401e-61
 9.20148e-35  1.37793e-43
 3.87875e-40  8.92924e-34
 1.62935e-19  9.94541e-34
 2.52533e-37  2.06978e-33
  1.7551e-14  4.00057e-40
 1.52213e-21  2.37558e-11
 1.57909e-46  2.35193e-35
 3.76447e-12  7.62276e-75
 1.00381e-20  1.43794e-15
 1.15592e-15  1.22399e-46
 1.66274e-32  3.24669e-69
  1.8047e-32  2.43493e-37
 9.13658e-31  8.47233e-51
 2.43547e-05    5.494e-57
  1.0895e-32  4.84796e-28
  2.1787e-18    1.033e-54
 3.76746e-53   3.8887e-15
 2.10382e-32  1.30764e-16
 9.29748e-38  4.25726e-27
 7.43552e-17  9.33639e-57
 3.52386e-51  2.34268e-38
 1.24225e-28  1.76385e-16
 1.45859e-16  9.73287e-28
 7.56027e-20  2.32441e-57
 4.43777e-30  5.24144e-57
 1.08144e-30  2.96299e-44
 1.85045e-14  3.34218e-43
 4.60745e-21  7.47049e-56
 3.76246e-56  2.96806e-32
 1.35329e-23  1.44895e-35
 3.84337e-42  1.23317e-23
 4.18172e-30  1.92543e-55
 4.76126e-24  1.35187e-27
 3.91123e-45  8.81729e-28
 7.96523e-53   3.2689e-37
 7.53956e-11  1.02433e-51
  6.8863e-22  3.60861e-23
 7.87104e-27  1.04088e-17
 1.42596e-29  3.50498e-40
 1.01683e-24  1.79742e-37
  1.4305e-32  2.69316e-52
 4.65063e-42  3.48108e-28
 1.86336e-59  3.22607e-58
 3.82899e-21    1.895e-19
 2.00189e-48  4.26052e-17
 4.58905e-37  7.32703e-89
 2.50945e-20  1.29879e-22
  2.2906e-39  6.29968e-36
 2.15219e-31  3.15369e-18
 7.03789e-09  5.58971e-76
 6.92707e-09  3.76232e-32
 1.14506e-43  1.33578e-32
 2.80626e-15  6.24229e-41
 5.27343e-11  5.60479e-69
 6.48208e-34  5.16152e-43
 2.22839e-40   4.2596e-43
 2.13987e-10  1.24373e-61
 4.01649e-22  2.41869e-52
 3.26248e-15   4.0422e-48
 2.93412e-15  3.12463e-59
  0.00396419  1.18492e-51
 3.01527e-44  2.85277e-38
  4.7092e-20  1.12124e-30
 2.99329e-12  3.65911e-44
 5.72411e-59  1.50057e-20
 7.46156e-22  9.49149e-65
 6.90429e-62  3.77096e-26
 8.71057e-44  2.79108e-40
 3.62162e-48  4.15178e-17
 6.44724e-48  1.28008e-53
 1.12058e-82  9.28415e-30
 1.10259e-57  1.15766e-84
 2.23708e-20  8.05856e-45
 3.51963e-75  2.21221e-23
 3.45901e-31  1.95659e-11
 2.43863e-62  9.38267e-71
 1.46705e-61  5.86268e-14
 1.72322e-55  1.26116e-41
  1.5869e-41  2.67557e-30
 1.46725e-34  2.03255e-15
 1.21628e-07  4.90982e-36
 2.41645e-29  6.22419e-29