8.50803e-54 2.27138e-16
7.33893e-29 7.15725e-05
1.91329e-50 3.21804e-17
1.82177e-17 1.06181e-60
1.09802e-25 4.64917e-29
2.43412e-55 9.30426e-14
 3.0621e-09 4.99754e-38
1.27569e-48 1.24807e-17
0.000108217  7.6607e-67
5.49471e-25 1.16987e-43
  4.169e-39 3.46783e-16
8.48579e-19  1.0314e-50
 0.00280789 4.04776e-68
 5.9284e-34 3.16234e-21
6.78611e-61 3.36927e-14
1.35065e-13 1.53616e-24
2.37722e-28  0.00169634
8.14031e-18  2.4574e-31
 7.8634e-17 8.83122e-50
2.38944e-44 7.00696e-16
3.54377e-29 5.07958e-13
1.18254e-54 1.46621e-65
 1.5164e-50 8.63527e-38
5.84896e-47 1.40937e-24
1.91069e-28 2.38572e-26
4.00847e-22 2.21694e-31
4.74794e-29 1.84423e-45
1.04764e-19 5.90674e-55
5.44786e-54 1.07517e-37
1.05041e-32 4.85316e-39
4.51253e-25 8.09276e-53
9.34816e-10 1.03505e-63
6.05299e-31 4.38888e-17
2.64322e-13 2.13101e-30
3.19808e-44 2.40584e-30
9.98568e-51 1.98574e-09
9.88821e-18 8.87214e-46
3.49017e-52 2.10461e-18
3.52576e-27 2.47332e-25
7.80634e-29 2.21663e-40
2.52893e-31 2.26052e-52
3.45375e-36 8.89531e-21
5.77444e-33 4.48638e-45
1.05854e-44 9.03898e-29
3.72327e-20 4.23879e-36
4.35524e-25 8.38079e-27
6.18033e-34  3.6717e-38
1.51844e-17 7.93395e-24
4.18505e-09 5.80841e-51
6.78724e-21 2.35712e-28
3.60192e-18 2.64422e-42
1.81511e-69 8.21912e-32
1.11962e-35 1.01661e-15
7.72889e-15 7.77665e-40
6.28323e-47 5.38317e-19
6.03242e-43  4.6118e-15
1.23398e-52 9.47686e-13
1.65759e-29 7.94936e-17
5.56599e-61 1.08894e-25
 2.5999e-12 5.99011e-41
3.61141e-25 8.85649e-28
1.81347e-09  1.9682e-49
9.59861e-19 1.61838e-51
2.87079e-17 1.49636e-53
6.01175e-41 3.21948e-56
1.93571e-17  6.8567e-18
7.47973e-36 1.20435e-66
6.42082e-36 6.10205e-13
 4.4253e-49 6.11571e-31
8.26403e-37 1.92536e-21
1.35502e-09 1.11189e-43
3.42691e-05 6.15057e-34
1.20912e-27 8.60771e-66
8.48566e-43 1.73685e-41
 2.9667e-45 2.14697e-25
2.21195e-35 1.46261e-05
3.25508e-54  1.4621e-17
5.07593e-50 3.17661e-51
7.72479e-44 4.68473e-76
3.14679e-13 7.06892e-45
1.32526e-76 1.74775e-33
4.54986e-24 1.21721e-45
3.05816e-19 5.31446e-58
 1.0077e-05 6.95035e-67
7.36237e-12 1.19587e-56
2.33842e-51 9.06054e-35
1.41263e-40 2.32784e-24
7.52337e-52 1.19844e-16
1.82514e-54  2.3963e-57
2.41369e-39 0.000123743
9.99568e-28  5.7686e-39
 1.0417e-77 2.49224e-30
 3.6861e-30 5.72246e-31
8.27943e-19 2.33625e-50
3.47142e-48 2.31742e-30
5.25537e-47 7.90029e-35
4.46861e-49 2.10913e-17
5.54851e-08 1.88473e-58
1.01726e-06 3.22404e-29
1.58596e-21 1.09059e-10
2.11735e-30 4.55712e-31
8.54599e-48  8.0779e-27
5.57213e-36 6.08223e-25
8.60495e-09 8.01326e-44
9.94921e-14 4.85425e-19
1.36831e-31 2.97282e-39
1.30312e-19 3.59403e-49
6.20235e-42  1.1518e-43
1.58833e-28 1.85774e-49
7.81318e-32 8.99781e-37
3.32408e-39 1.35959e-37
1.73502e-38 1.30652e-74
7.82375e-43 1.73007e-18
1.17702e-09 1.05607e-26
3.26338e-26 5.68453e-17
2.00079e-40 1.92711e-38
3.49308e-25 5.42304e-33
2.50287e-58 2.42696e-08
4.77796e-29 2.12514e-73
9.16635e-23 2.88004e-14
 3.8668e-61 4.60657e-23
3.86013e-31 1.06445e-43
2.48964e-42 1.45665e-32
2.86472e-33 1.08929e-30
2.17165e-41 3.34166e-11
2.75398e-12 7.63614e-37
 5.0375e-05 1.23852e-34
 0.00255664 1.70463e-40
4.06178e-19 1.11274e-25
3.34006e-28 6.29468e-24
2.05059e-26 1.23693e-27
  1.303e-12 1.76367e-58
3.91205e-24  3.5724e-47
6.25055e-19  4.9023e-23
6.96958e-45 4.52431e-20
6.84123e-30  1.3449e-44
1.80077e-21  1.4949e-26
7.62334e-41 3.85995e-28
1.64479e-35 1.02793e-14
2.83491e-21 5.62865e-32
9.25656e-30 1.60928e-25
2.90152e-46 1.94692e-81
4.19855e-46 5.29294e-12
 3.6781e-37 3.47649e-25
1.38091e-20 2.54507e-19
1.65397e-29 5.18708e-56
3.77693e-23  7.0372e-21
5.42421e-39 1.36961e-57
1.66864e-14 1.71604e-59
1.12087e-43 1.16004e-26
2.54958e-47 2.38698e-16
1.07112e-22 2.55702e-23
5.32445e-34 2.02551e-44
2.43596e-18 1.58374e-55
2.28498e-36 6.91907e-22
7.72848e-27 1.81494e-31
1.62628e-54 9.49445e-19
1.16028e-11 1.96007e-21
1.18169e-21 4.92162e-48
 5.5603e-47 1.86687e-15
1.81682e-14 1.13664e-42
2.07443e-20 2.62343e-48
2.53575e-46 1.87526e-09
4.85567e-27 6.80836e-53
7.82849e-15 1.79734e-39
 1.3018e-11 1.27482e-41
1.31397e-21 1.65739e-38
1.06081e-17 8.98451e-64
4.74591e-48 6.44489e-10
5.74888e-18 1.17018e-57
4.48479e-41 1.92322e-32
2.84367e-55 2.34622e-13
2.81972e-20 3.12994e-44
2.18705e-42 1.83186e-23
1.79521e-18 6.33419e-34
5.41175e-06 1.33769e-29
2.92655e-49 1.05829e-17
3.22668e-09 6.51612e-26
1.66212e-48 8.01385e-27
8.46339e-15 4.33472e-29
1.18364e-18 6.80014e-57
5.90444e-25 2.80609e-36
1.71116e-47 2.59304e-12
2.03836e-50 1.73719e-27
3.91919e-16 1.85292e-14
0.000597623 5.53842e-32
6.14443e-22 1.10294e-49
 1.8772e-25 4.93564e-07
4.03931e-32 3.21263e-47
9.79614e-37 1.33241e-53
1.06485e-17 5.59909e-32
2.16273e-36  2.8539e-37
6.62317e-55 9.62695e-19
8.10064e-20 1.07915e-60
7.02545e-21 5.06186e-43
 9.2118e-13 2.35331e-20
4.89908e-51 1.76154e-48
1.37573e-44 2.21551e-43
3.71977e-25 1.27318e-50
1.49021e-22 3.46286e-42
3.38519e-60 8.22539e-78
5.66109e-30 1.18856e-59
6.71582e-29 2.93566e-53
1.03475e-08 3.01964e-28
8.23729e-33 1.13269e-53
8.46666e-66  2.2842e-17
5.96042e-57 3.75175e-09
1.19818e-17 9.11801e-14
 6.2895e-42 1.06215e-23
1.84757e-34 3.76814e-32
6.48115e-36 6.23646e-46
 2.3526e-30 2.20649e-15
6.26802e-07 2.58241e-48
3.75084e-26 2.41025e-29
5.38002e-61 1.00391e-72
5.84839e-09 1.97158e-27
5.90009e-40 2.48798e-82
8.66422e-38 6.07814e-14
 8.9038e-47 5.58069e-30
2.05278e-36 2.12865e-45
1.85445e-19 9.21732e-15
1.40754e-32 6.09626e-19
7.67867e-37 2.06604e-25
3.68711e-19 8.78765e-37
1.02641e-35 3.63582e-48
 4.9116e-53 1.70442e-17
2.74225e-06 1.03174e-71
5.01403e-22 2.95935e-60
1.57876e-13 4.27572e-17
2.45796e-25 6.97335e-51
1.76371e-29 0.000285982
6.77985e-14 9.75055e-65
3.11416e-52 2.80184e-05
1.31241e-28 1.20077e-35
2.74709e-06 2.97864e-35
3.66528e-51 5.48528e-16
1.48951e-10 1.99165e-45
8.59622e-37 5.91856e-88
3.82966e-20 3.00023e-36
 6.1133e-50 2.65801e-19
1.36116e-15 4.21075e-17
5.81882e-38 1.01529e-37
1.62114e-45 4.89862e-09
1.65591e-16 7.35089e-64
1.05046e-29 4.22436e-15
1.18365e-33 1.61923e-07
2.65854e-33 3.34344e-19
5.47348e-50 5.12429e-15
3.51829e-16 8.75413e-49
2.78698e-21 2.92089e-67
4.87732e-12 2.61037e-39
 2.2236e-25 1.61829e-22
2.21351e-35 1.85591e-12
1.56929e-38 2.59808e-10
8.33183e-10 4.24293e-36
2.69911e-20 3.37018e-61
4.44239e-68  1.2826e-21
3.92758e-08 6.45068e-29
 8.4844e-48 1.10215e-35
3.36229e-22 3.51708e-47
1.35103e-55 1.23805e-24
6.29725e-29  9.0421e-49
3.40157e-31 4.27144e-27
2.40814e-23 3.05674e-49
2.09497e-28 2.18661e-67
1.53465e-14  2.2717e-27
 2.4568e-43 2.35083e-32
2.71457e-21 9.34064e-67
1.94781e-44 1.62038e-21
6.26235e-33 6.72666e-87
1.94561e-37 2.19643e-19
4.86285e-40 7.61343e-40
1.02705e-16 3.69504e-49
1.49288e-19 5.73828e-32
1.36025e-31  1.1165e-52
4.70722e-26 1.18876e-34
1.87085e-31 1.34564e-55
7.65069e-20 1.68742e-18
 8.8052e-13 2.76492e-48
5.99179e-28  5.3888e-64
 4.4868e-33  0.00011947
2.83658e-22 6.61916e-59
1.54766e-21 1.02587e-36
2.03678e-35 6.47629e-33
1.85751e-24 4.25853e-44
2.32913e-41 4.10712e-44
1.08131e-34 4.49942e-77
1.73205e-43 3.76073e-89
1.08493e-32  1.7337e-25
6.28402e-44  1.8585e-25
5.42976e-51 4.92929e-32
2.29967e-22 4.62816e-37
1.64764e-42 2.35108e-23
6.48238e-31 8.02198e-27
7.26193e-11 8.34701e-29
5.07558e-54 1.78673e-06
5.24097e-63 4.10976e-68
2.04202e-34 2.74815e-90
 7.0596e-18 5.37632e-52
3.66881e-15 1.09097e-53
3.47693e-35 5.60121e-42
1.35684e-33 8.76253e-55
3.18774e-43 2.77717e-36
 7.3638e-52 3.66416e-31
1.11115e-26 1.06074e-59
7.60401e-22 2.85819e-58
4.54397e-50 1.08146e-35
5.64281e-27 1.82367e-56
6.17227e-13 5.21198e-51
1.05183e-45 4.59667e-14
1.44812e-11 3.07748e-22
3.83787e-23 6.38338e-24
 1.2591e-06 1.58037e-35
1.50838e-11 2.40562e-61
6.55363e-63 1.10981e-66
 4.3014e-33 3.80217e-41
1.62058e-32 9.37816e-61
3.47665e-26 1.60029e-25
1.18493e-43 6.24934e-23
4.45892e-15 2.67493e-47
2.35671e-24 1.84211e-51
2.23597e-36 1.00054e-29
7.30284e-17 4.02811e-43
1.92604e-54 1.33174e-08
7.69108e-31  3.1837e-27
1.72508e-14 5.69732e-53
7.92437e-48 2.60381e-49
5.18687e-32 5.65992e-06
5.69115e-50 1.52275e-60
1.08308e-26 4.06172e-53
6.25728e-44 4.47479e-29
2.35583e-42 1.06587e-34
1.20656e-20 2.49254e-12
3.98464e-07 6.34387e-67
 4.4948e-25 6.28213e-33
2.96381e-31  0.00244363
   7.91e-10 1.29251e-33
7.85494e-62  0.00033686
1.49862e-14 1.57261e-17
6.02787e-12 2.29847e-41
3.20227e-25 4.18535e-18
1.09609e-14 8.85786e-59
1.14319e-37 8.30507e-57
2.68007e-38 2.33364e-73
1.32006e-39  2.8045e-39
2.79947e-48 1.67868e-39
9.32449e-35  5.2633e-31
2.98303e-24 4.09421e-14
1.92359e-10 8.27268e-46
6.98787e-48 0.000475111
3.84399e-44 3.39259e-16
7.89581e-14 1.20951e-29
3.18028e-11 4.33865e-40
2.81428e-15 1.55265e-44
2.49082e-24 4.78174e-50
5.91197e-13 2.70834e-60
4.80777e-55 1.04601e-18
1.27784e-15 1.16389e-25
1.42681e-16  2.8669e-41
1.60981e-29 1.18729e-45
 2.5176e-13 3.94639e-27
5.57037e-05 3.26468e-70
1.24672e-18 1.23915e-39
3.53837e-58 1.55781e-25
6.73656e-61 5.64371e-13
2.20154e-25 1.50595e-77
6.08965e-54 1.47097e-40
9.05444e-37 4.76245e-41
8.53264e-29 4.43046e-40
 1.1003e-20 4.72526e-21
3.79837e-05 2.22161e-32
1.65096e-19 2.30142e-78
1.27493e-33 9.18098e-55
 1.6784e-27 3.65147e-24
9.33871e-64 3.93988e-74
1.57972e-30 4.55194e-37
3.43622e-48 1.94009e-18
5.72549e-26 4.47886e-18
1.26271e-31 1.47988e-27
1.46553e-14 6.71397e-43
   0.996007 7.37174e-30
2.28789e-38 4.42988e-21
2.77881e-38 2.05824e-73
7.53844e-42 4.04895e-31
6.06384e-18 8.39748e-44
4.72298e-24 4.85804e-26
1.58267e-21  1.4067e-11
7.79344e-21 1.72652e-37
1.76947e-23 7.16918e-18
4.36064e-31 1.25327e-32
6.51387e-35 4.27824e-19
5.58804e-48 2.34117e-81
 2.8113e-60 1.47873e-26
1.06362e-21 6.99422e-11
8.64449e-43 3.39468e-26
1.33463e-37  4.3848e-25
1.49906e-37  1.1066e-37
2.07535e-64 2.17448e-31
1.81168e-47 9.19943e-08
1.67008e-15 1.56549e-53
2.50435e-19 2.15766e-64
3.92061e-15 5.53587e-43
1.72465e-46 4.61054e-61
1.20693e-39    0.996014
2.02908e-30 1.32589e-30
4.60815e-27 4.67261e-15
 6.6149e-30 1.52408e-50
4.96207e-57 1.39851e-69
1.69832e-38 9.12464e-17
2.71237e-36 5.17708e-82
1.83214e-48   2.966e-17
3.71045e-10 2.15968e-43
 8.9261e-30 5.01047e-32
2.09135e-06 1.04418e-64
 5.0261e-26 1.84085e-47
2.82896e-55 2.26954e-19
4.13898e-29 1.29745e-22
3.34148e-61 1.73059e-23
6.58119e-18 2.71528e-38
  1.061e-41 5.32338e-11
1.00505e-51 4.32004e-20
4.89375e-11 2.05177e-36
6.53497e-19 3.70532e-51
1.04786e-42 1.05563e-78
5.23864e-28 3.33275e-47
6.33439e-27 6.10105e-32
8.09992e-12 2.40788e-30
1.47877e-30    0.996005
4.31064e-14 7.29859e-60
6.31756e-23 1.55772e-16
4.75382e-31 1.32328e-57
1.47374e-12 4.40159e-19
4.21449e-62 2.25791e-28
1.76617e-62   2.999e-14
4.27415e-38 6.98333e-57
3.58512e-23 2.90511e-50
5.17884e-21  7.8004e-44
4.10733e-14 5.60826e-25
3.09265e-22 2.68854e-35
4.17777e-58  5.3371e-72
2.96094e-15 6.49216e-53
 1.5886e-25 2.61709e-33
7.61174e-14 1.30662e-40
 4.6097e-47 3.35363e-39
9.65917e-39 8.77375e-33
2.57282e-48 1.82944e-36
2.34225e-30  5.7642e-14
9.32266e-05 3.18215e-29
5.58197e-28 3.45061e-41
 9.2834e-20 1.20259e-21
2.86976e-36 2.45058e-73
3.92024e-16 8.09399e-36
2.75614e-15 1.11727e-51
3.18624e-17 5.06867e-29
1.09335e-18  1.3528e-31
5.13813e-32 2.36838e-19
2.52888e-26 3.59822e-43
1.32072e-45 9.05803e-39
5.98303e-24 1.08648e-14
1.03142e-32 2.28779e-82
6.45753e-37 6.58957e-21
4.19393e-33  1.2805e-57
3.00829e-26 2.92535e-05
1.95556e-18 2.17731e-42
2.19345e-28 1.85691e-12
2.71161e-52 2.51191e-60
3.02601e-24 3.93253e-30
4.16284e-41 2.14844e-10
2.89447e-52 8.09247e-45
4.68015e-51 1.75621e-77
9.94024e-51 2.22756e-29
2.75443e-39 2.33118e-38
 3.8189e-43 6.54827e-23
1.80364e-53  1.0397e-16
5.94351e-37 1.96443e-33
4.45853e-12 4.37369e-42
1.71904e-39 6.46696e-67
3.03594e-44 3.44326e-34
3.23864e-27 2.82077e-60
6.13718e-52 8.57445e-61
1.48457e-21 2.19633e-70
1.32488e-41  0.00010075
6.40855e-27 3.57527e-17
1.05371e-21 1.82225e-67
2.77827e-20 1.13797e-54
2.66083e-11 1.47063e-25
 2.0809e-19 1.82448e-47
4.56699e-25 2.49401e-51
8.78025e-26 2.07188e-64
3.21972e-20 1.09259e-57
2.09789e-36 1.00918e-17
4.94325e-36 2.19043e-35
2.92521e-46 1.50052e-22
8.83921e-49 5.89193e-24
1.21477e-40 9.55472e-32
1.70303e-32 1.87924e-34
1.81727e-48 1.26387e-11
2.66242e-57 1.20565e-09
5.72371e-32 9.67085e-32
3.79686e-15 3.58993e-19
5.85879e-36 3.27327e-32
2.38408e-28 1.78964e-05
 1.7447e-36 2.51883e-22
 4.2356e-19 4.16581e-16
1.58516e-06 5.67721e-70
4.18864e-74 2.71649e-27
2.01101e-08 3.41693e-23
6.51187e-16 8.38179e-69
5.77342e-30 0.000178027
1.13081e-05 4.09855e-26
4.16319e-26 2.87585e-28
3.59236e-20   1.689e-10
7.37174e-30    0.996009
6.46458e-21 5.81792e-45
1.50744e-26 4.03286e-66
1.58742e-26 2.30367e-58
1.25188e-34 5.10253e-52
2.51574e-26 9.53152e-26
 1.8109e-36 3.48128e-18
 2.1423e-28 2.34021e-31
3.11247e-33 5.14548e-25
1.25788e-29 1.13316e-15
8.24184e-18 6.20643e-21
1.14924e-20 1.24793e-36
3.40191e-23 1.55581e-49
6.44874e-25  5.3266e-44
1.82165e-57 1.63565e-09
4.29533e-31 2.85731e-14
2.62237e-36 7.51268e-26
4.88895e-17 4.02101e-28
7.94838e-10 1.57242e-43
1.11861e-23 1.06066e-65
2.16953e-26 1.55811e-43
 2.4691e-38 5.41663e-33
1.30374e-30 1.18187e-66
2.35186e-15 1.47635e-62
7.02789e-27 2.46152e-30
9.18664e-11 7.58188e-69
4.10082e-19 3.66463e-27
2.26753e-43 1.18483e-26
1.43828e-12 2.90132e-46
3.76048e-57 1.92522e-70
1.54128e-34 1.73354e-33
7.46751e-14 1.16231e-30
 2.5667e-14  8.0498e-53
7.19273e-27  5.1888e-35
6.19768e-17 3.49531e-43
1.35635e-50 9.32233e-21
 2.0803e-22 1.11749e-41
4.54964e-38 7.69307e-20
9.29939e-50 8.76871e-34
8.84934e-25 1.30555e-32
8.41828e-09 1.39332e-63
2.48937e-26 8.56509e-15
1.11171e-07 8.18654e-47
5.42674e-23  1.2481e-48
1.94435e-38 2.79426e-31
1.03234e-43 1.27453e-27
1.96002e-24 2.46164e-53
7.10999e-06 4.63373e-57
5.83396e-19 5.35029e-70
5.02016e-35 3.21223e-50
1.43662e-42 2.05611e-46
1.79733e-30 5.26358e-39
4.45184e-08 1.28821e-50
6.14143e-23 3.19301e-43
1.89982e-52 2.60459e-26
1.40531e-23 1.95903e-49
 7.5766e-25 2.50953e-42
2.93606e-16 3.50803e-33
 1.7607e-11 7.16923e-42
4.54369e-30 1.30647e-59
1.58916e-57 9.96416e-23
1.16386e-26 6.32237e-44
7.33989e-44  2.2869e-14
8.58308e-42 1.57755e-33
6.88619e-29  5.9884e-11
3.39906e-34 8.09249e-25
2.99728e-38  5.8943e-26
 6.5402e-19 3.20036e-43
2.04102e-51 6.08379e-74
4.09321e-21 1.76139e-44
1.85784e-40 1.42875e-58
3.46933e-24 9.10667e-50
7.55075e-22 1.09509e-31
1.83474e-28 3.93554e-42
1.91757e-16 1.30089e-46
4.53512e-30 0.000229144
1.08523e-45 1.00102e-19
1.15152e-16 2.46182e-24
6.54416e-37 1.27914e-52
4.55395e-28 9.60285e-13
4.48124e-43 8.35876e-41
1.95032e-36 1.13112e-44
2.68853e-13  8.9063e-39
2.01276e-13 1.64188e-58
8.70815e-38 7.04376e-30
1.04692e-39 1.00856e-28
3.91689e-27 2.32467e-41
1.48349e-10 1.15971e-22
5.05821e-07 6.66423e-26
8.54327e-47 2.79437e-22
 4.3631e-44 3.41969e-21
1.03396e-31 5.10624e-32
 0.00141769 2.80415e-31
9.29846e-40 8.56848e-33
 7.1198e-19 2.56323e-51
1.00868e-15  1.2417e-29
4.98117e-17 5.57017e-53
 0.00011052 4.10646e-67
2.82804e-22 2.12659e-12
1.20626e-21 3.84521e-53
2.85034e-40 5.08441e-12
2.46701e-24 4.22204e-60
1.86668e-28 2.87937e-58
1.13759e-31 2.33157e-37
2.42845e-53 2.19399e-15
2.13454e-30 3.22326e-19
9.46686e-22 2.53332e-47
7.35619e-07 5.57674e-58
6.09448e-21 1.36345e-51
1.43438e-57 2.30185e-28
4.31289e-24 5.08658e-66
2.17378e-09 3.39275e-44
6.40723e-39 3.10547e-26
3.79989e-34 8.41967e-56
2.45218e-45 3.29735e-06
2.12757e-42 7.87187e-26
4.22188e-21 1.79438e-44
6.76718e-09 4.39536e-50
3.25788e-11 1.87342e-40
4.82033e-72 1.59162e-25
2.58406e-37 1.23253e-28
7.38965e-52 8.68171e-41
 2.8222e-15  2.7128e-18
1.51835e-38 1.30462e-55
3.43783e-29 3.40397e-26
 2.7554e-14 7.49693e-65
2.13626e-37 8.59275e-47
1.00902e-09 1.88855e-37
5.79577e-13 1.45994e-49
4.66691e-26   6.985e-47
1.92142e-28 3.98694e-84
4.92021e-19 1.23352e-39
 2.1788e-25 7.37426e-25
1.81009e-45 2.89774e-25
6.35359e-10 1.04959e-20
5.26994e-28 1.17602e-13
3.82668e-08 2.10776e-23
 9.7875e-42 1.19208e-13
8.91626e-31 3.50442e-11
 2.1581e-34 6.81391e-83
7.57379e-67 7.92858e-21
1.12362e-20 1.12364e-56
4.28532e-42 7.46929e-43
2.09772e-49 5.87207e-24
1.21162e-36  1.4784e-49
6.33467e-50 1.01257e-30
8.06516e-13 4.62582e-22
2.09231e-29 1.14561e-22
2.41288e-19 1.06009e-39
4.53191e-07 4.48204e-34
4.14806e-25 6.24361e-18
1.21199e-38 2.42144e-66
4.78253e-58 4.19434e-20
5.10399e-35 1.21886e-37
5.16763e-27 3.13729e-63
1.02032e-40  0.00379253
1.12196e-31 1.79038e-44
1.97159e-09 1.91495e-42
 3.3173e-55 2.02108e-13
 2.9246e-15 2.30011e-17
1.82011e-35 2.06822e-55
 9.7521e-18 5.07673e-47
8.62335e-37 1.46452e-35
2.84614e-45 1.58162e-27
2.02924e-48 7.97097e-17
9.74063e-21 2.14004e-11
6.01719e-31 1.35576e-30
5.01354e-27 7.00469e-33
8.95688e-42  4.5566e-66
1.55524e-23 2.48553e-30
6.07949e-55   7.179e-15
4.17831e-48 1.13819e-48
 1.1408e-18 6.18238e-45
8.33202e-29 2.97187e-25
1.70795e-42 2.68432e-15
 8.3734e-13 9.69777e-54
 2.6896e-08 1.36338e-50
1.42007e-22 1.16274e-60
5.13447e-48 5.73831e-31
0.000933211  6.3856e-65
1.48306e-33 1.61345e-24
1.26202e-54 1.48769e-14
1.68241e-21 1.57791e-44
2.11256e-50 1.85935e-18
3.00151e-35 2.89817e-44
2.43113e-72 9.56433e-26
6.08148e-29 3.06315e-60
3.92446e-22 3.90275e-61
1.44813e-19 8.61389e-51
9.72752e-52 2.51471e-30
1.22686e-31 1.66102e-46
1.26013e-26 2.14614e-32
5.86002e-15 2.95801e-26
1.82579e-18 6.19056e-44
3.38015e-52 3.09408e-13
3.41967e-17 4.65871e-42
3.38889e-55 1.03841e-09
5.92073e-24 4.70056e-46
2.21685e-21 5.40049e-74
1.35524e-35 1.78357e-17
1.11267e-18 2.09898e-56
3.01357e-08 1.04306e-44
1.71373e-34 3.17375e-22
4.06832e-45 2.17438e-46
7.41049e-31 1.00081e-36
3.38214e-38 2.51196e-15
3.36167e-05 3.08841e-31
2.73609e-37 2.87073e-14
2.20751e-61 7.35145e-13
7.88756e-17 4.67966e-31
6.38156e-43 1.59168e-24
4.18036e-22 9.28532e-10
1.07241e-35 8.42973e-62
3.43385e-49 1.92956e-17
 2.4334e-26 2.36628e-15
8.23939e-79 2.26192e-33
5.10097e-70 1.49685e-23
3.53158e-35 2.62463e-36
1.18341e-13 1.78114e-62
2.46932e-23 5.62332e-60
4.54878e-19 1.99805e-42
5.67485e-17 2.35388e-75
0.000600004 3.58321e-43
2.86745e-74 3.75815e-31
1.15068e-22 2.85788e-34
5.71232e-54 2.98056e-22
4.96448e-40 3.77031e-28
2.57416e-51  0.00152292
3.62799e-17 1.92116e-40
8.03889e-60 3.63491e-24
1.42178e-38 2.97469e-18
3.25891e-15 3.39822e-48
4.03177e-47 2.05925e-12
1.92304e-17 9.68625e-46
2.02607e-27 2.31497e-31
1.27214e-55 3.75356e-49
9.47679e-37 3.50816e-27
5.83999e-37 1.47669e-30
5.14199e-24 3.53368e-56
1.49952e-07 5.82193e-33
2.81409e-34  3.0532e-34
2.84442e-57 1.34776e-59
3.78972e-51 1.52844e-19
3.49541e-51 5.51711e-37
4.80472e-58 1.97312e-11
4.45895e-20 1.62825e-60
1.25022e-23 4.92792e-10
4.37336e-35 2.37034e-45
5.84531e-14 1.49649e-36
4.47686e-56 4.29107e-20
5.84134e-29  8.9605e-16
 1.0984e-10 1.44932e-47
 2.2569e-36 2.18884e-24
9.47346e-10 1.10642e-41
1.88583e-38 1.15844e-58
1.64607e-60 4.84871e-15
9.98633e-56 9.43529e-54
7.04104e-63 9.86141e-29
 4.9282e-35 2.05393e-76
3.67811e-47 5.55932e-47
4.05487e-38 9.16358e-14
4.35793e-22  1.0285e-36
5.21191e-38 2.63343e-12
6.76427e-14 6.20917e-20
5.66516e-16 2.45921e-56
5.80603e-48 1.26831e-19
4.45315e-21 3.29188e-31
 8.9123e-11 2.71896e-35
 9.0938e-24 8.22098e-52
2.34462e-21 1.80666e-34
1.80951e-08 2.28669e-32
5.70293e-44 2.72789e-40
1.05917e-34 3.78281e-59
5.26938e-10 1.89177e-22
4.50409e-50 2.39374e-47
4.11701e-47 2.24181e-43
1.16573e-24 4.83344e-32
 1.2111e-25 4.27028e-23
6.86015e-35 2.56325e-33
8.88303e-18 2.02552e-24
7.50175e-60 4.23588e-12
1.62161e-33 2.26203e-44
3.89377e-48 7.14699e-35
8.35998e-26 2.36116e-34
8.60799e-54 7.15435e-15
1.33467e-48 2.65299e-06
1.42068e-52 3.85397e-38
2.19483e-48 2.01692e-22
4.30311e-36 8.07286e-30
 9.6104e-30 1.12426e-48
 7.2348e-49  3.6859e-38
7.31326e-21 8.05622e-30
4.95622e-23 3.30709e-30
3.40229e-38 7.33117e-35
6.87465e-22 9.43376e-22
1.33159e-27 1.69692e-58
  3.138e-40  1.0581e-44
5.18648e-20 1.26267e-14
1.11905e-14 5.01417e-47
1.29358e-43 1.25708e-42
2.33916e-20 6.63562e-61
2.93589e-18 2.83385e-32
3.92358e-45 2.02606e-23
1.61761e-50 2.54422e-19
2.22961e-38  8.7477e-26
4.56406e-29 1.20667e-47
  2.629e-40 3.18328e-28
4.39676e-36 0.000115251
1.36743e-18 1.95264e-36
6.06805e-31 1.48073e-58
9.88649e-18  2.1192e-58
   0.996009 2.93973e-68
7.20697e-07 7.41097e-34
1.07115e-36 4.87104e-88
2.39556e-09 2.01621e-47
8.91291e-43 8.17208e-29
1.14918e-40 6.64815e-17
4.01456e-49 1.96624e-34
3.71127e-12 3.83304e-69
2.97716e-35 6.90759e-22
6.70454e-28 1.70739e-69
1.14971e-23 1.53754e-63
 6.0831e-55  1.7824e-40
7.01793e-18 3.04009e-55
7.97115e-43 3.96968e-12
5.55607e-52 1.15685e-18
4.20056e-33 8.20399e-84
1.75459e-18 4.99016e-62
1.14167e-10 3.38116e-61
7.35092e-19 1.29784e-14
7.67367e-16 1.51121e-34
1.36193e-20 1.25006e-41
9.46221e-53 9.12999e-42
4.09094e-19 4.59848e-32
7.96553e-54 2.18134e-69
3.97041e-31 1.67611e-24
6.57437e-09 5.53091e-50
1.14738e-31 4.84538e-67
2.68369e-26 6.97427e-40
8.33456e-26 1.87918e-28
2.02062e-51 2.83553e-65
6.91362e-56 1.30375e-10
7.02993e-12 1.67438e-47
5.28496e-27 8.49795e-07
3.21506e-29 1.04287e-47
8.73158e-18 7.07226e-45
1.16516e-12 3.83438e-21
2.28748e-35 6.73771e-44
1.82409e-45 1.50122e-17
1.34258e-37 1.75076e-22
5.44132e-17 4.86003e-66
1.71205e-27 6.23311e-17
8.11316e-18 9.01813e-20
1.63268e-17 3.63482e-30
 3.1063e-33 0.000220347
5.76438e-30 2.40832e-46
1.11393e-28 3.21659e-32
9.44383e-44 9.62521e-32
6.50115e-10 5.62829e-36
4.24323e-36 3.19607e-31
3.85432e-51 1.29595e-05
7.35376e-23 3.16084e-29
2.84062e-33 1.19916e-40
3.90238e-33 1.14161e-18
1.78254e-47  4.2588e-30
2.44894e-20 2.63744e-38
2.69702e-45   6.587e-35
3.21693e-07 1.90285e-26
8.13358e-28 1.63492e-48
6.89652e-06 3.16784e-35
0.000166527 1.66476e-28
 3.5834e-18 6.11734e-38
6.02968e-25 5.74047e-31
1.45409e-05 2.73791e-47
1.18181e-63 4.92931e-26
3.05501e-37 2.11582e-38
3.09088e-38 6.90877e-48
3.06933e-35 9.12548e-54
1.87744e-31 1.84253e-39
 4.8513e-27 1.66052e-26
2.67566e-21 1.11926e-10
3.16883e-08 2.83481e-51
 8.9395e-30  5.8256e-12
1.53389e-10 2.23259e-48
2.20248e-14 2.40487e-38
1.13744e-25 4.02417e-06
 5.8843e-50 2.22814e-14
1.26646e-33 3.94826e-21
8.77556e-29 8.38872e-57
3.94857e-36 8.45612e-35
7.06261e-28 8.64721e-20
1.10235e-39 5.78644e-23
3.28126e-17 7.50318e-26
1.29072e-18 1.92494e-29
2.31718e-50 1.37427e-46
1.57986e-28 1.06076e-47
1.79337e-31 1.68654e-30
2.24575e-38 3.29707e-23
9.93612e-15 3.68229e-31
1.61653e-23 1.30386e-61
7.82175e-22 1.86542e-48
 1.4687e-34 8.40811e-74
1.53212e-19  1.1014e-56
1.12077e-08 2.28303e-48
 2.9463e-27 7.22509e-31
2.94374e-13 6.20809e-48
 1.2381e-28 5.73704e-40
2.08098e-07 1.71496e-35
1.32986e-32 3.07306e-24
2.29872e-21 5.42082e-40
3.18132e-06 1.26627e-47
9.07268e-18 2.24047e-45
2.16136e-19 1.14428e-33
8.38675e-14 8.95757e-38
1.80695e-21 3.72669e-33
5.04797e-48 4.37865e-43
1.69885e-19 2.39607e-45
2.41513e-12 2.02838e-26
1.71007e-27 1.25429e-33
 1.8089e-36 1.71832e-16
3.45002e-34 4.32406e-22
1.60452e-29 1.36499e-25
1.35615e-55  2.3349e-18
2.25596e-24 2.14419e-14
3.75223e-12 1.30436e-40
3.04407e-24 3.66197e-62
2.51215e-28 1.78147e-34
1.23321e-45 4.80066e-33
1.13143e-53 1.45881e-16
2.38354e-20  1.4414e-47
6.06515e-26 1.17983e-26
2.17728e-26 1.87843e-64
7.83638e-22 1.06912e-13
1.40041e-37 3.32762e-40
1.22465e-56 2.26092e-28
5.15798e-28 1.73794e-27
1.31084e-60 2.55877e-77
9.06609e-50 5.29245e-39
4.49487e-44 5.82864e-29
3.77394e-46 5.44061e-39
4.76694e-38 9.87453e-39
3.10584e-13 5.98329e-43
5.65959e-61 0.000150797
2.90764e-28 7.91078e-24
6.32244e-20 4.03402e-63
1.98087e-38 4.56396e-37
1.53809e-45 1.51572e-19
7.35606e-12 6.98492e-45
4.66685e-34 6.01274e-68
1.60461e-37  1.8749e-20
3.65068e-49 5.12378e-10
6.26132e-22 1.29502e-45
8.15767e-64 8.35944e-18
2.13782e-32 5.63233e-17
1.07368e-18  4.4044e-69
1.18266e-46 3.40369e-39
 6.7936e-50 1.06162e-11
1.22332e-70 1.15168e-26
1.16607e-08 4.14391e-23
 5.6312e-44 1.27454e-32
2.95504e-37 5.72687e-81
1.71516e-50 8.53104e-15
2.10929e-58 4.94106e-67
 1.0347e-19 1.26695e-34
9.39144e-39 1.63407e-35
1.81465e-44 5.28252e-09
 6.8472e-19 3.00774e-57
4.07726e-13 2.60907e-51
2.00462e-44 3.45185e-28
3.17935e-39 1.74623e-40
1.50001e-37 1.47002e-40
7.12952e-20 1.18661e-47
   0.996016 3.99076e-52
7.00622e-26 9.32872e-39
1.42036e-39 1.03811e-26
6.35705e-33 3.02796e-42
9.06146e-17 3.21476e-37
6.81246e-21 4.08961e-54
1.96477e-18 2.94693e-41
 2.8489e-44 8.41612e-39
1.20993e-27 1.90211e-41
1.32876e-47 9.36734e-63
1.21245e-42 4.52812e-23
5.16138e-29 2.25452e-22
3.16425e-26 1.76695e-41
 0.00110662 2.67294e-28
8.88581e-17 9.15649e-56
2.70718e-29 1.43861e-41
5.40138e-13 1.72676e-41
1.68223e-29 0.000467274
4.17969e-16 1.77392e-48
2.58147e-43 9.05712e-07
3.13355e-63 0.000640914
2.50547e-45 6.75197e-18
1.34372e-19 2.36673e-22
6.53555e-63 1.33009e-65
8.81528e-57 3.14102e-10
3.50688e-23 1.78757e-58
4.39343e-09 3.81208e-59
3.79148e-41  3.3718e-36
1.30543e-12  6.2207e-61
1.35537e-52  6.8005e-43
 2.6908e-65 1.81871e-33
3.36112e-31 5.55823e-10
3.89804e-15 1.24187e-66
1.40271e-27 4.38926e-16
 6.7307e-29 1.49129e-07
3.87711e-50 1.47074e-11
1.85008e-46 1.00029e-21
1.27453e-35 1.75333e-86
1.42382e-27 1.10838e-32
2.99529e-46 4.51758e-68
3.48588e-14 3.97139e-27
2.77208e-33 2.47677e-34
1.06764e-25 3.90177e-39
6.35365e-14 3.73611e-55
9.23597e-44  4.4311e-25
6.44191e-25 4.15513e-39
4.23672e-62 2.28807e-27
 9.7362e-19 4.75445e-22
1.26116e-25 1.99252e-49
1.29059e-18 1.16554e-49
1.07981e-28 1.40321e-44
 0.00205758 1.39723e-28
1.48624e-48   1.554e-47
5.47046e-17 5.47374e-41
4.88831e-28 1.15284e-42
1.17946e-08 5.36403e-50
1.02803e-14 7.64219e-60
7.58566e-26 8.93478e-52
6.12193e-24 1.25637e-53
1.07172e-13 1.24889e-43
2.74118e-59 1.30722e-15
   0.996007 2.62559e-42
4.95128e-46 8.61327e-44
6.80705e-16 7.14134e-19
7.75939e-31 1.06336e-09
 1.1325e-31 0.000335653
2.21068e-27  9.7067e-28
1.49333e-31 2.66556e-21
1.66686e-42 1.43641e-14
2.02803e-27 6.88492e-56
2.17569e-32 3.57435e-08
3.89578e-18 2.20516e-32
8.93794e-63 1.06278e-67
1.21629e-11 1.61248e-37
3.90406e-36 5.18446e-82
2.02637e-21 6.13153e-21
 3.1964e-44 2.86073e-64
6.09146e-42  5.5631e-88
2.45458e-43 8.05637e-25
7.59105e-23 3.90597e-26
1.32183e-42 7.75693e-44
6.23966e-12  2.0903e-35
6.37031e-17 6.79617e-57
2.93066e-45 6.48884e-43
1.02437e-42 1.08016e-15
5.04856e-58 3.48583e-68
3.91094e-46 4.20216e-15
1.32859e-14 8.40881e-44
2.72608e-27 1.62769e-46
6.27947e-23 5.19133e-37
3.09626e-24 5.03106e-14
4.71082e-31 2.32601e-24
 1.6479e-49 5.70225e-22
3.83229e-10 1.12823e-33
  6.026e-28 4.69432e-30
9.88955e-13 1.02267e-39
1.47445e-12 2.70209e-19
 6.6513e-37 2.25429e-85
1.08307e-17 1.24172e-37
1.24947e-54 1.04142e-48
1.09781e-21 8.96417e-23
2.77073e-57 9.89764e-24
8.53442e-49  0.00110904
1.97002e-38  5.3227e-55
1.00949e-50 6.72767e-19
1.63683e-36 9.92699e-43
1.53028e-10 2.04045e-26
 1.3242e-56  7.8096e-17
9.57439e-21 8.64455e-12
4.71605e-42 7.00344e-26
3.63837e-17 1.53705e-66
6.10496e-46 4.71805e-48
2.27574e-39 2.89344e-14
6.42451e-54 1.18838e-59
5.98201e-14 4.94699e-19
2.41711e-38 2.62601e-54
3.17831e-13 6.62163e-43
3.19285e-49 1.74603e-11
7.77674e-20 2.13416e-45
6.16942e-36 4.48122e-08
 1.1364e-31 4.43475e-39
1.98455e-58 3.63941e-23
1.82081e-26 1.92441e-15
5.92032e-33 6.67812e-57
 3.4284e-21 5.95718e-41
2.41858e-45  2.1962e-28
2.20559e-22 3.14689e-79
1.90756e-11   1.753e-21
5.52974e-24  2.5589e-65
 4.9227e-35 1.51126e-70
8.57722e-58 6.73938e-11
1.55873e-22 1.07659e-74
9.86966e-33 6.58251e-05
1.91058e-45 6.29728e-83
3.50083e-17 1.01291e-35
2.71232e-11 6.17428e-24
3.39155e-58  2.1828e-09
7.32686e-22 3.08579e-66
6.86943e-35 9.29756e-35
3.59643e-10 3.09922e-53
3.60506e-19 1.30754e-66
1.72487e-15 9.49456e-24
 2.4531e-11 6.43794e-22
8.76378e-52 1.05424e-42
5.66315e-17 6.48098e-56
7.24903e-17 6.45914e-64
7.11572e-42 1.54458e-12
2.87763e-37 1.06889e-74
1.10035e-15   2.791e-43
7.43468e-30 4.69272e-78
8.25228e-26  4.8993e-09
8.02486e-06 5.18417e-68
1.32615e-32 3.29647e-12
1.63445e-16 1.55169e-56
7.33136e-31 3.24989e-11
4.46101e-31  9.9304e-19
1.41508e-23 1.10552e-10
2.17808e-14 5.41483e-60
  5.828e-39 2.62454e-77
4.45859e-10 4.59226e-43
2.27947e-41 3.92199e-30
1.28979e-16 4.59699e-57
8.94597e-25 5.09023e-16
5.83806e-22 6.73087e-65
7.14716e-31 1.76734e-47
9.92231e-36 7.83328e-27
6.05345e-21 2.41975e-11
1.07199e-11 8.68156e-22
2.26736e-31 3.09946e-76
2.10473e-54 3.69538e-19
3.93546e-47 1.94102e-25
1.92072e-51 1.07562e-14
1.89044e-10 4.73652e-50
5.74639e-28 5.04091e-25
1.31995e-50 4.43777e-44
5.24738e-35 3.46347e-06
3.15873e-25 3.80143e-18
4.15012e-08 2.14965e-29
 2.3746e-25 6.89058e-18
2.78031e-12 5.20301e-31
3.30742e-44 1.31918e-22
7.64364e-11 4.51351e-46
 9.5403e-32 1.62087e-54
1.61289e-28 4.92683e-45
 3.0134e-33 1.62749e-11
2.74337e-44 1.79004e-37
 3.7621e-14 4.28233e-39
2.89241e-21  1.1211e-56
3.75744e-32 6.38389e-49
4.65568e-44  1.0593e-24
5.84232e-39 5.63677e-28
1.88083e-45 1.63814e-17
1.18175e-46 1.67943e-29
4.66131e-51 3.15796e-19
8.04886e-21 3.72609e-35
9.29954e-19 4.87109e-54
1.08331e-29 1.59468e-24
1.29289e-12  1.6119e-20
2.01111e-35 1.82787e-38
2.44986e-22 2.40483e-69
 1.9124e-24 5.50698e-20
2.43166e-35 3.07238e-33
8.57222e-53 4.76308e-16
7.51616e-34 8.15229e-35
3.36233e-34 1.43628e-70
5.86453e-15 1.11773e-38
4.46525e-41 3.95315e-13
4.08941e-37 2.76385e-52
6.49567e-43 1.57815e-53
1.32659e-22 1.02196e-58
9.91915e-50 1.49787e-37
1.88181e-26 4.04312e-43
1.51816e-19 5.75116e-61
3.73216e-33 4.42388e-50
1.39866e-50    0.996006
2.30577e-11 2.35247e-25
 2.6911e-15 3.58299e-43
4.10009e-11 9.21525e-45
3.71191e-51 7.01083e-19
1.23707e-17 1.67955e-58
4.21745e-24 1.69997e-61
6.07798e-44 7.40155e-26
4.56319e-32 1.43219e-15
2.59401e-23 1.60807e-35
8.72178e-13 8.88289e-60
4.65286e-11   1.064e-22
1.09075e-33 1.30324e-05
1.45906e-20 2.39752e-37
4.64135e-13  2.7165e-41
3.34954e-32 1.01717e-69
5.74422e-32 1.27561e-45
2.51952e-54 2.09504e-69
7.46024e-43 1.37044e-32
4.15609e-11 7.00299e-27
9.05702e-50 2.51467e-18
6.43943e-65    0.996007
4.26627e-21 2.87845e-42
 1.7289e-65  4.6764e-17
 2.3291e-23 5.02775e-58
2.13891e-17 1.52493e-17
2.04381e-48 1.54527e-36
1.14117e-32 2.33658e-50
1.32049e-11 1.15513e-45
1.43529e-20   4.655e-62
0.000207137 2.02932e-39
2.27118e-34 2.05385e-52
1.91461e-13 4.01019e-40
5.73288e-26 1.86065e-56
   0.996002 1.47877e-30
2.79064e-54 1.11458e-18
2.06334e-21 1.28316e-39
2.43717e-55 4.82086e-20
5.62986e-53 1.66541e-68
2.06013e-63  0.00245261
5.25843e-45 3.69635e-47
 3.0887e-23 2.63411e-35
8.67777e-31 7.74177e-28
 1.3583e-51 1.48669e-24
2.09204e-41 1.20199e-60
9.86105e-35  4.3016e-19
1.04474e-25 2.61454e-51
3.11498e-51 5.35362e-16
 1.0069e-29 2.19123e-32
5.02044e-41 4.28507e-11
4.10314e-09 6.11146e-29
6.13652e-34 2.20778e-17
8.71503e-18 5.91844e-57
1.22044e-27 8.23105e-63
1.00244e-25 3.50523e-55
2.01607e-36  4.4758e-42
1.40705e-23 5.21308e-07
 3.7012e-17 1.61783e-31
2.23559e-61 1.57097e-31
4.75959e-28 1.09614e-31
1.40186e-17  1.1264e-37
 4.1123e-58 3.87848e-07
2.26526e-50 3.82052e-14
2.88671e-29 3.85006e-12
9.07706e-35 7.12998e-49
4.17024e-50  0.00140893
3.91053e-15 6.14353e-39
2.69023e-39 1.15971e-14
8.77638e-26 1.75967e-72
6.59934e-25 3.45706e-45
3.80077e-35 5.87525e-37
3.82871e-17 5.17181e-29
  6.298e-21 2.88178e-79
5.68153e-40 9.14211e-12
2.16863e-44 3.06888e-91
1.01752e-36 3.23937e-35
2.89722e-24 3.51315e-57
0.000497602 1.35646e-26
7.51317e-12 7.16635e-38
2.25506e-43 1.60291e-15
1.05733e-26 9.22389e-22
8.81673e-51 1.11675e-56
2.26695e-24 2.35313e-44
1.45208e-08 7.48465e-66
7.48637e-16 6.60067e-59
2.47235e-43 8.87995e-43
3.16181e-19 4.76548e-36
6.11949e-49 1.43935e-28
  3.754e-41 6.54639e-41
2.76766e-50 7.76726e-15
2.20809e-12 1.30103e-44
1.72669e-27 2.76993e-80
1.83505e-12  2.0202e-55
8.07184e-25  2.5888e-56
5.26399e-30 1.71833e-18
1.10344e-57 3.87472e-61
 8.1075e-54 2.44268e-42
6.05893e-73 3.20852e-28
3.78835e-30 3.67907e-18
2.90642e-06 1.45974e-67
5.03942e-49  2.2049e-38
1.61448e-18  2.4835e-42
2.42889e-26 3.23973e-32
1.01903e-18 5.81193e-40
2.28058e-30 7.38436e-38
4.35705e-32 4.21875e-22
3.29054e-17 2.44393e-39
1.54981e-39 3.50915e-29
9.73982e-35 6.60072e-37
1.90388e-37 1.50263e-38
2.59934e-51 2.91843e-65
2.51726e-20 2.06212e-39
7.43296e-11 2.96162e-48
3.66144e-24  1.2428e-58
2.46155e-14 2.57681e-43
6.46886e-41 4.77098e-25
1.31077e-38 1.15657e-10
2.72009e-18 1.05614e-32
5.17456e-19 2.74041e-49
7.85718e-20 4.43318e-22
3.43935e-30 2.35616e-25
8.84729e-64 1.03515e-26
6.66737e-45 9.43622e-21
1.14512e-23 3.78484e-17
2.95389e-57 2.98815e-32
4.76708e-52 5.82307e-10
6.26763e-07 1.03275e-66
 5.4864e-64 1.01482e-68
1.02961e-34 1.41979e-10
1.90284e-26 7.65484e-81
8.31865e-36 1.38899e-33
2.52152e-18 1.74071e-31
0.000151459 2.73459e-33
7.80211e-37 7.79474e-23
8.28873e-35 3.97392e-23
3.46379e-24 5.49997e-39
9.21923e-18 6.65018e-35
 3.3543e-42 1.65624e-84
1.40322e-21 7.88894e-52
7.88408e-44 8.57813e-46
7.20635e-40 1.91394e-11
4.04318e-57 3.01349e-13
1.43739e-53 5.10127e-18
5.08655e-30 8.01395e-14
7.30771e-33 1.35749e-55
1.20726e-30 9.40294e-15
1.32813e-12 1.57299e-69
2.15589e-23 2.41076e-46
2.15869e-20  7.1655e-48
 1.7752e-16 1.92744e-54
1.51201e-53 2.37199e-18
8.16313e-60 2.29108e-24
1.95693e-27 1.27361e-44
5.06483e-16 2.84127e-20
3.24849e-27 5.61778e-28
1.52778e-05 2.24451e-43
2.82528e-26 1.13549e-12
7.33793e-34 5.95258e-22
 1.8227e-26 4.92697e-50
5.73769e-11 1.63905e-24
4.26769e-19 9.60757e-58
3.94786e-21 3.95685e-71
6.03561e-54 2.01216e-11
3.46624e-33  8.5872e-41
1.30999e-32 2.21733e-59
1.52525e-07 2.25349e-72
8.58251e-09 7.83927e-37
3.16567e-13 4.27126e-22
7.47612e-21 8.35169e-28
1.07612e-41 7.41373e-10
8.74057e-16 2.92166e-42
1.08205e-58 2.84441e-63
2.28994e-53 1.00345e-17
1.89325e-44 9.30595e-47
3.81709e-34 1.32172e-41
2.14025e-14 5.22465e-38
1.99095e-25 8.82722e-34
1.03424e-12 1.51337e-50
1.76665e-23  2.9568e-40
2.26657e-33 1.98997e-33
4.07426e-28 2.77906e-05
1.52871e-20 1.00248e-51
1.24355e-29 2.56562e-24
1.02765e-18 9.36976e-34
7.43371e-42 6.18312e-19
4.62547e-29 3.09258e-19
5.33938e-09 5.94685e-65
6.85078e-42 1.25759e-17
5.04371e-40  6.4428e-41
9.87239e-17 1.48085e-37
5.01131e-46 2.96279e-41
1.14441e-43 6.96505e-39
4.53283e-36 6.14885e-45
2.58796e-55 5.23267e-11
1.64297e-38 7.78983e-21
2.88551e-23 3.42497e-67
7.04881e-34  8.1735e-38
2.43987e-35 1.80074e-48
4.52895e-64 3.62085e-18
9.68576e-23 2.42078e-49
1.17544e-50 4.00623e-08
6.22648e-61 9.28605e-10
2.22887e-64 5.32643e-16
6.19818e-31  3.1472e-84
 1.4147e-44 1.42444e-44
 2.1076e-38 1.10318e-29
1.07273e-36 2.02039e-23
3.19503e-35 2.34883e-53
1.40913e-29 2.58934e-17
2.29181e-14  1.1167e-55
3.99031e-46 4.46694e-46
8.66474e-19 2.73553e-33
8.47385e-35 1.12285e-20
7.80903e-31  0.00206534
7.45434e-55 9.13724e-14
6.26987e-51 7.49746e-25
2.50925e-51  1.1598e-19
3.78805e-17 6.96276e-44
 5.2022e-15 3.84088e-20
1.06652e-23  2.2334e-58
9.20168e-35 1.41736e-43
3.88652e-40 8.93002e-34
1.62935e-19 9.94684e-34
2.53066e-37  2.0707e-33
 1.7551e-14 4.00098e-40
1.52213e-21 2.37558e-11
2.41177e-46 2.35211e-35
3.76447e-12 7.55386e-69
1.00381e-20 1.43794e-15
1.15592e-15 1.51658e-46
1.66281e-32   2.658e-66
1.80472e-32 2.49473e-37
9.13678e-31 1.94867e-50
2.43547e-05 3.06304e-56
1.08952e-32 4.84796e-28
 2.1787e-18 2.36521e-54
5.40524e-52  3.8887e-15
 2.1039e-32 1.30764e-16
9.38124e-38 4.25726e-27
7.43552e-17 6.91003e-55
1.57637e-50 2.35371e-38
1.24225e-28 1.76385e-16
1.45859e-16 9.73287e-28
7.56027e-20 3.25322e-56
4.43777e-30 2.50415e-54
1.08145e-30 4.13941e-44
1.85045e-14 3.98401e-43
4.60745e-21 1.36485e-53
6.66692e-55 2.96808e-32
1.35329e-23   1.449e-35
 4.2058e-42 1.23317e-23
4.18176e-30  2.5552e-54
4.76126e-24 1.35187e-27
4.53688e-45 8.81729e-28
 7.9125e-52  3.2689e-37
7.53956e-11  1.6448e-51
 6.8863e-22 3.60861e-23
7.87104e-27 1.04088e-17
1.42596e-29 3.53474e-40
1.01683e-24 1.79756e-37
 1.4305e-32 4.47283e-51
4.73401e-42 3.48108e-28
1.49787e-57 4.46595e-58
3.82899e-21   1.895e-19
2.55824e-48 4.26052e-17
4.58925e-37 1.95555e-81
2.50945e-20 1.29879e-22
2.29161e-39 6.29987e-36
 2.1522e-31 3.15369e-18
7.03789e-09 9.41559e-70
6.92707e-09 3.76232e-32
1.17406e-43 1.33583e-32
2.80626e-15 6.30908e-41
5.27343e-11 7.32961e-65
6.48277e-34 7.84775e-43
2.25952e-40 4.72073e-43
2.13987e-10 5.64885e-61
4.01649e-22 1.54187e-51
3.26248e-15 5.02742e-48
2.93412e-15 2.83837e-58
 0.00396419 2.96079e-51
3.37341e-44 2.85399e-38
 4.7092e-20 1.12124e-30
2.99329e-12 3.71556e-44
3.74052e-58 1.50057e-20
7.46156e-22  1.9889e-62
5.40391e-60 3.77096e-26
8.96869e-44 2.86295e-40
4.18347e-48 4.15178e-17
1.17155e-47  1.3241e-53
2.44244e-75 9.28415e-30
2.06693e-57 3.88351e-78
2.23708e-20 8.17065e-45
8.80899e-70 2.21221e-23
3.45901e-31 1.95659e-11
1.88015e-60 2.26877e-67
1.02621e-59 5.86268e-14
8.54593e-54 1.35779e-41
1.78888e-41 2.67558e-30
1.46728e-34 2.03255e-15
1.21628e-07 4.91055e-36
2.41648e-29 6.22419e-29