8.36707e-54 2.27138e-16
7.33893e-29 7.15725e-05
1.81273e-50 3.21804e-17
1.82177e-17 8.04319e-61
1.09802e-25 4.64917e-29
1.60921e-55 9.30426e-14
 3.0621e-09 4.99754e-38
1.17914e-48 1.24807e-17
0.000108217 1.39774e-67
5.49471e-25 1.16976e-43
  4.169e-39 3.46783e-16
8.48579e-19  9.4645e-51
 0.00280789 5.71813e-69
 5.9284e-34 3.16234e-21
4.68032e-61 3.36927e-14
1.35065e-13 1.53616e-24
2.37722e-28  0.00169634
8.14031e-18  2.4574e-31
 7.8634e-17 8.76819e-50
2.38942e-44 7.00696e-16
3.54377e-29 5.07958e-13
1.17162e-54 1.20292e-65
1.45785e-50 8.63527e-38
5.82978e-47 1.40937e-24
1.91069e-28 2.38572e-26
4.00847e-22 2.21694e-31
4.74794e-29 1.83686e-45
1.04764e-19 5.77258e-55
4.40548e-54 1.07517e-37
1.05041e-32 4.85315e-39
4.51253e-25 5.68073e-53
9.34816e-10 2.08518e-64
6.05299e-31 4.38888e-17
2.64322e-13 2.13101e-30
3.19749e-44 2.40584e-30
 9.3887e-51 1.98574e-09
9.88821e-18 8.86865e-46
2.81296e-52 2.10461e-18
3.52576e-27 2.47332e-25
7.80634e-29 2.21659e-40
2.52893e-31 2.02996e-52
3.45375e-36 8.89531e-21
5.77444e-33 4.47597e-45
1.05777e-44 9.03898e-29
3.72327e-20 4.23879e-36
4.35524e-25 8.38079e-27
6.18033e-34 3.67141e-38
1.51844e-17 7.93395e-24
4.18505e-09 5.67026e-51
6.78724e-21 2.35712e-28
3.60192e-18 2.64407e-42
2.51427e-70 8.21912e-32
1.11962e-35 1.01661e-15
7.72889e-15  7.7762e-40
6.27158e-47 5.38317e-19
6.03241e-43  4.6118e-15
8.83315e-53 9.47686e-13
1.65759e-29 7.94936e-17
3.02469e-61 1.08894e-25
 2.5999e-12 5.98952e-41
3.61141e-25 8.85649e-28
1.81347e-09 1.95218e-49
9.59861e-19 1.24851e-51
2.87079e-17 1.14029e-53
6.01161e-41 3.21484e-56
1.93571e-17  6.8567e-18
7.47972e-36  3.4353e-67
6.42082e-36 6.10205e-13
4.40424e-49 6.11571e-31
8.26403e-37 1.92536e-21
1.35502e-09 1.11181e-43
3.42691e-05 6.15057e-34
1.20912e-27 1.30928e-66
8.48381e-43  1.7366e-41
2.96548e-45 2.14697e-25
2.21195e-35 1.46261e-05
3.13413e-54  1.4621e-17
4.62745e-50  3.1766e-51
7.72468e-44 2.82299e-76
3.14679e-13 7.06664e-45
4.90037e-78 1.74775e-33
4.54986e-24 1.21091e-45
3.05816e-19 4.45961e-58
 1.0077e-05 1.19891e-67
7.36237e-12 7.60102e-57
2.10475e-51 9.06054e-35
1.41242e-40 2.32784e-24
7.05836e-52 1.19844e-16
1.55685e-54 2.39269e-57
2.41369e-39 0.000123743
9.99568e-28 5.76859e-39
2.56259e-79 2.49224e-30
 3.6861e-30 5.72246e-31
8.27943e-19  2.0614e-50
3.46337e-48 2.31742e-30
5.23176e-47 7.90029e-35
4.46089e-49 2.10913e-17
5.54851e-08 1.62033e-58
1.01726e-06 3.22404e-29
1.58596e-21 1.09059e-10
2.11735e-30 4.55712e-31
8.45203e-48  8.0779e-27
5.57213e-36 6.08223e-25
8.60495e-09 8.01178e-44
9.94921e-14 4.85425e-19
1.36831e-31 2.97282e-39
1.30312e-19 3.23784e-49
6.20233e-42  1.1518e-43
1.58833e-28 1.83165e-49
7.81318e-32 8.99781e-37
3.32403e-39 1.35958e-37
1.73502e-38 5.55069e-75
7.82374e-43 1.73007e-18
1.17702e-09 1.05607e-26
3.26338e-26 5.68453e-17
2.00079e-40 1.92708e-38
3.49308e-25 5.42304e-33
5.01428e-59 2.42696e-08
4.77796e-29 7.80724e-74
9.16635e-23 2.88004e-14
2.53926e-61 4.60657e-23
3.86013e-31 1.06444e-43
2.48551e-42 1.45665e-32
2.86472e-33 1.08929e-30
2.17163e-41 3.34166e-11
2.75398e-12 7.63614e-37
 5.0375e-05 1.23852e-34
 0.00255664 1.70463e-40
4.06178e-19 1.11274e-25
3.34006e-28 6.29468e-24
2.05059e-26 1.23693e-27
  1.303e-12 1.35316e-58
3.91205e-24 3.51867e-47
6.25055e-19  4.9023e-23
6.93785e-45 4.52431e-20
6.84123e-30 1.34368e-44
1.80077e-21  1.4949e-26
7.61886e-41 3.85995e-28
1.64479e-35 1.02793e-14
2.83491e-21 5.62865e-32
9.25656e-30 1.60928e-25
2.89992e-46 2.84968e-82
4.19831e-46 5.29294e-12
3.67809e-37 3.47649e-25
1.38091e-20 2.54507e-19
1.65397e-29 4.73348e-56
3.77693e-23  7.0372e-21
5.42403e-39 1.08371e-57
1.66864e-14 4.87382e-60
1.12083e-43 1.16004e-26
2.54893e-47 2.38698e-16
1.07112e-22 2.55702e-23
5.32445e-34 2.02519e-44
2.43596e-18 8.90783e-56
2.28497e-36 6.91907e-22
7.72848e-27 1.81494e-31
1.59904e-54 9.49445e-19
1.16028e-11 1.96007e-21
1.18169e-21 4.82793e-48
5.55819e-47 1.86687e-15
1.81682e-14 1.13663e-42
2.07443e-20 2.59673e-48
2.53232e-46 1.87526e-09
4.85567e-27 6.13773e-53
7.82849e-15 1.79734e-39
 1.3018e-11 1.27482e-41
1.31397e-21 1.65737e-38
1.06081e-17 1.82071e-64
4.74187e-48 6.44489e-10
5.74888e-18 5.11348e-58
4.48477e-41 1.92322e-32
1.84997e-55 2.34622e-13
2.81972e-20 3.12946e-44
2.18664e-42 1.83186e-23
1.79521e-18 6.33419e-34
5.41175e-06 1.33769e-29
2.91436e-49 1.05829e-17
3.22668e-09 6.51612e-26
1.65953e-48 8.01385e-27
8.46339e-15 4.33472e-29
1.18364e-18 5.16737e-57
5.90444e-25 2.80609e-36
1.70299e-47 2.59304e-12
2.01633e-50 1.73719e-27
3.91919e-16 1.85292e-14
0.000597623 5.53842e-32
6.14443e-22 1.02004e-49
 1.8772e-25 4.93564e-07
4.03931e-32 3.16646e-47
9.79614e-37 1.22774e-53
1.06485e-17 5.59909e-32
2.16273e-36 2.85382e-37
6.23322e-55 9.62695e-19
8.10064e-20  8.7461e-61
7.02545e-21 5.06183e-43
 9.2118e-13 2.35331e-20
 4.4413e-51 1.74472e-48
1.37554e-44 2.21551e-43
3.71977e-25 1.25205e-50
1.49021e-22 3.46187e-42
3.08841e-60 3.79674e-79
5.66109e-30 1.47608e-60
6.71582e-29 2.33186e-53
1.03475e-08 3.01964e-28
8.23729e-33 6.25966e-54
5.97416e-67  2.2842e-17
2.43656e-57 3.75175e-09
1.19818e-17 9.11801e-14
6.28944e-42 1.06215e-23
1.84757e-34 3.76814e-32
6.48114e-36 6.15629e-46
 2.3526e-30 2.20649e-15
6.26802e-07 2.58146e-48
3.75084e-26 2.41025e-29
4.81132e-61  8.5532e-74
5.84839e-09 1.97158e-27
5.90009e-40 1.67792e-83
8.66422e-38 6.07814e-14
8.89681e-47 5.58069e-30
2.05278e-36  2.1286e-45
1.85445e-19 9.21732e-15
1.40754e-32 6.09626e-19
7.67867e-37 2.06604e-25
3.68711e-19 8.78765e-37
1.02641e-35 3.62421e-48
 4.8941e-53 1.70442e-17
2.74225e-06 6.11905e-73
5.01403e-22 1.88165e-60
1.57876e-13 4.27572e-17
2.45796e-25 6.91381e-51
1.76371e-29 0.000285982
6.77985e-14 2.35878e-65
2.87636e-52 2.80184e-05
1.31241e-28 1.20077e-35
2.74709e-06 2.97864e-35
3.45098e-51 5.48528e-16
1.48951e-10 1.99095e-45
8.59621e-37 6.76853e-91
3.82966e-20 3.00023e-36
 5.5865e-50 2.65801e-19
1.36116e-15 4.21075e-17
5.81878e-38 1.01529e-37
1.61843e-45 4.89862e-09
1.65591e-16 4.01955e-64
1.05046e-29 4.22436e-15
1.18365e-33 1.61923e-07
2.65854e-33 3.34344e-19
4.97492e-50 5.12429e-15
3.51829e-16 8.73248e-49
2.78698e-21 9.94742e-68
4.87732e-12 2.61036e-39
 2.2236e-25 1.61829e-22
2.21351e-35 1.85591e-12
1.56929e-38 2.59808e-10
8.33183e-10 4.24293e-36
2.69911e-20  2.7068e-61
 1.1189e-68  1.2826e-21
3.92758e-08 6.45068e-29
8.41747e-48 1.10215e-35
3.36229e-22  3.4603e-47
1.21128e-55 1.23805e-24
6.29725e-29 8.81564e-49
3.40157e-31 4.27144e-27
2.40814e-23 3.05433e-49
2.09497e-28 1.44706e-67
1.53465e-14  2.2717e-27
2.45615e-43 2.35083e-32
2.71457e-21  1.8269e-67
1.94685e-44 1.62038e-21
6.26235e-33  8.6623e-89
1.94561e-37 2.19643e-19
4.86237e-40 7.61343e-40
1.02705e-16 3.68735e-49
1.49288e-19 5.73828e-32
1.36025e-31 1.11161e-52
4.70722e-26 1.18876e-34
1.87085e-31 6.52297e-56
7.65069e-20 1.68742e-18
 8.8052e-13 2.76254e-48
5.99179e-28 1.61442e-64
 4.4868e-33  0.00011947
2.83658e-22 5.48593e-60
1.54766e-21 1.02587e-36
2.03678e-35 6.47628e-33
1.85751e-24 4.25786e-44
2.32907e-41 4.04235e-44
1.08131e-34 4.47414e-78
1.73204e-43  6.2257e-91
1.08493e-32  1.7337e-25
6.28133e-44  1.8585e-25
5.35182e-51 4.92929e-32
2.29967e-22 4.62816e-37
1.64758e-42 2.35108e-23
6.48238e-31 8.02198e-27
7.26193e-11 8.34701e-29
4.42698e-54 1.78673e-06
3.12233e-63 2.66727e-68
2.04202e-34 1.09959e-93
 7.0596e-18 5.31501e-52
3.66881e-15 1.02838e-53
3.47692e-35 5.59901e-42
1.35684e-33 7.83536e-55
3.18473e-43 2.77717e-36
 7.1685e-52 3.66416e-31
1.11115e-26 6.94229e-60
7.60401e-22 7.12094e-59
4.51133e-50 1.08146e-35
5.64281e-27 5.21845e-57
6.17227e-13 5.12356e-51
1.05167e-45 4.59667e-14
1.44812e-11 3.07748e-22
3.83787e-23 6.38338e-24
 1.2591e-06 1.58037e-35
1.50838e-11 4.74309e-62
3.38236e-63 9.42702e-67
 4.3014e-33 3.80217e-41
1.62058e-32 8.47591e-61
3.47665e-26 1.60029e-25
1.18477e-43 6.24934e-23
4.45892e-15 2.67327e-47
2.35671e-24 1.83407e-51
2.23597e-36 1.00054e-29
7.30284e-17 4.02684e-43
1.38594e-54 1.33174e-08
7.69108e-31  3.1837e-27
1.72508e-14  5.5924e-53
7.81334e-48 2.42682e-49
5.18687e-32 5.65992e-06
5.62613e-50 1.49112e-60
1.08308e-26 3.21134e-53
6.25652e-44 4.47479e-29
2.35583e-42 1.06587e-34
1.20656e-20 2.49254e-12
3.98464e-07  1.1258e-67
 4.4948e-25 6.28213e-33
2.96381e-31  0.00244363
   7.91e-10 1.29251e-33
1.83856e-62  0.00033686
1.49862e-14 1.57261e-17
6.02787e-12 2.29847e-41
3.20227e-25 4.18535e-18
1.09609e-14 2.52097e-59
1.14318e-37  6.9337e-57
2.68007e-38 1.38287e-73
1.32006e-39  2.8045e-39
2.78201e-48 1.67868e-39
9.32449e-35  5.2633e-31
2.98303e-24 4.09421e-14
1.92359e-10 8.27044e-46
 6.9575e-48 0.000475111
3.84381e-44 3.39259e-16
7.89581e-14 1.20951e-29
3.18028e-11 4.33856e-40
2.81428e-15 1.55164e-44
2.49082e-24 4.68676e-50
5.91197e-13 6.91806e-61
4.56214e-55 1.04601e-18
1.27784e-15 1.16389e-25
1.42681e-16 2.86609e-41
1.60981e-29 1.18687e-45
 2.5176e-13 3.94639e-27
5.57037e-05  1.9763e-71
1.24672e-18 1.23915e-39
2.38793e-58 1.55781e-25
1.62636e-61 5.64371e-13
2.20154e-25 4.01933e-79
 4.8548e-54 1.47097e-40
9.05444e-37 4.76244e-41
8.53264e-29 4.43044e-40
 1.1003e-20 4.72526e-21
3.79837e-05 2.22161e-32
1.65096e-19 5.07295e-80
1.27493e-33 9.12271e-55
 1.6784e-27 3.65147e-24
 5.4165e-64 3.53052e-75
1.57972e-30 4.55194e-37
3.43161e-48 1.94009e-18
5.72549e-26 4.47886e-18
1.26271e-31 1.47988e-27
1.46553e-14 6.70993e-43
   0.996007 7.37174e-30
2.28782e-38 4.42988e-21
2.77881e-38 1.17177e-73
7.53836e-42 4.04895e-31
6.06384e-18 8.36653e-44
4.72298e-24 4.85804e-26
1.58267e-21  1.4067e-11
7.79344e-21 1.72652e-37
1.76947e-23 7.16918e-18
4.36064e-31 1.25327e-32
6.51387e-35 4.27824e-19
5.57695e-48 1.34246e-82
2.40818e-60 1.47873e-26
1.06362e-21 6.99422e-11
8.64013e-43 3.39468e-26
1.33463e-37  4.3848e-25
1.49905e-37  1.1066e-37
5.92905e-65 2.17448e-31
1.79404e-47 9.19943e-08
1.67008e-15 1.34675e-53
2.50435e-19 1.35806e-64
3.92061e-15 5.53428e-43
1.72325e-46 4.60517e-61
1.20692e-39    0.996014
2.02908e-30 1.32589e-30
4.60815e-27 4.67261e-15
 6.6149e-30 1.30683e-50
4.89614e-57 5.12123e-70
1.69832e-38 9.12464e-17
2.71237e-36 2.18433e-83
1.74796e-48   2.966e-17
3.71045e-10 2.15956e-43
 8.9261e-30 5.01047e-32
2.09135e-06 2.30817e-65
 5.0261e-26 1.83661e-47
 2.6332e-55 2.26954e-19
4.13898e-29 1.29745e-22
2.13039e-61 1.73059e-23
6.58119e-18 2.71528e-38
1.06098e-41 5.32338e-11
 9.4382e-52 4.32004e-20
4.89375e-11 2.05177e-36
6.53497e-19 2.80201e-51
1.04785e-42 1.58056e-79
5.23864e-28 3.24241e-47
6.33439e-27 6.10105e-32
8.09992e-12 2.40788e-30
1.47877e-30    0.996005
4.31064e-14 2.39437e-60
6.31756e-23 1.55772e-16
4.75382e-31   8.131e-58
1.47374e-12 4.40159e-19
3.42952e-62 2.25791e-28
 2.7469e-63   2.999e-14
 4.2741e-38  5.8101e-57
3.58512e-23 2.14835e-50
5.17884e-21 7.79154e-44
4.10733e-14 5.60826e-25
3.09265e-22 2.68854e-35
4.11555e-58  1.2822e-72
2.96094e-15 5.89903e-53
 1.5886e-25 2.61709e-33
7.61174e-14 1.30655e-40
4.60677e-47 3.35358e-39
9.65913e-39 8.77375e-33
2.54377e-48 1.82944e-36
2.34225e-30  5.7642e-14
9.32266e-05 3.18215e-29
5.58197e-28 3.45055e-41
 9.2834e-20 1.20259e-21
2.86976e-36 9.71384e-74
3.92024e-16 8.09399e-36
2.75614e-15 1.10041e-51
3.18624e-17 5.06867e-29
1.09335e-18  1.3528e-31
5.13813e-32 2.36838e-19
2.52888e-26 3.59388e-43
1.32003e-45 9.05803e-39
5.98303e-24 1.08648e-14
1.03142e-32 6.17987e-85
6.45753e-37 6.58957e-21
4.19393e-33 1.25009e-57
3.00829e-26 2.92535e-05
1.95556e-18 2.17731e-42
2.19345e-28 1.85691e-12
2.64904e-52 2.45865e-60
3.02601e-24 3.93253e-30
 4.1628e-41 2.14844e-10
2.71071e-52 8.08984e-45
 4.5927e-51 2.57875e-78
9.75201e-51 2.22756e-29
2.75435e-39 2.33118e-38
3.81786e-43 6.54827e-23
1.76617e-53  1.0397e-16
 5.9435e-37 1.96443e-33
4.45853e-12 4.37365e-42
1.71893e-39 1.83762e-67
 3.0295e-44 3.44326e-34
3.23864e-27 1.91467e-60
6.03681e-52 8.38024e-61
1.48457e-21 4.91093e-71
1.32486e-41  0.00010075
6.40855e-27 3.57527e-17
1.05371e-21 2.04429e-68
2.77827e-20 6.58425e-55
2.66083e-11 1.47063e-25
 2.0809e-19 1.79553e-47
4.56699e-25 2.29151e-51
8.78025e-26 5.77042e-65
3.21972e-20 9.31949e-58
2.09789e-36 1.00918e-17
4.94325e-36 2.19043e-35
2.91968e-46 1.50052e-22
8.81596e-49 5.89193e-24
1.21435e-40 9.55472e-32
1.70303e-32 1.87924e-34
1.78764e-48 1.26387e-11
8.88568e-58 1.20565e-09
5.72371e-32 9.67085e-32
3.79686e-15 3.58993e-19
5.85876e-36 3.27327e-32
2.38408e-28 1.78964e-05
 1.7447e-36 2.51883e-22
 4.2356e-19 4.16581e-16
1.58516e-06 4.24522e-71
5.30528e-75 2.71649e-27
2.01101e-08 3.41693e-23
6.51187e-16 5.62797e-70
5.77342e-30 0.000178027
1.13081e-05 4.09855e-26
4.16319e-26 2.87585e-28
3.59236e-20   1.689e-10
7.37174e-30    0.996009
6.46458e-21  5.8177e-45
1.50744e-26 4.57456e-67
1.58742e-26 2.02923e-58
1.25188e-34 5.09452e-52
2.51574e-26 9.53152e-26
 1.8109e-36 3.48128e-18
 2.1423e-28 2.34021e-31
3.11247e-33 5.14548e-25
1.25788e-29 1.13316e-15
8.24184e-18 6.20643e-21
1.14924e-20 1.24793e-36
3.40191e-23 1.19175e-49
6.44874e-25 5.30506e-44
 5.9946e-58 1.63565e-09
4.29533e-31 2.85731e-14
2.62236e-36 7.51268e-26
4.88895e-17 4.02101e-28
7.94838e-10 1.57203e-43
1.11861e-23 2.93993e-66
2.16953e-26 1.55788e-43
 2.4691e-38 5.41663e-33
1.30374e-30 3.39946e-67
2.35186e-15  8.8613e-63
7.02789e-27 2.46152e-30
9.18664e-11 4.51483e-70
4.10082e-19 3.66463e-27
2.26741e-43 1.18483e-26
1.43828e-12 2.89141e-46
3.71436e-57 6.78629e-71
1.54128e-34 1.73354e-33
7.46751e-14 1.16231e-30
 2.5667e-14 7.90601e-53
7.19273e-27  5.1888e-35
6.19768e-17 3.49412e-43
1.34136e-50 9.32233e-21
 2.0803e-22 1.11721e-41
4.54964e-38 7.69307e-20
9.22762e-50 8.76871e-34
8.84934e-25 1.30555e-32
8.41828e-09 2.49649e-64
2.48937e-26 8.56509e-15
1.11171e-07 8.18202e-47
5.42674e-23  1.2016e-48
1.94411e-38 2.79426e-31
1.03212e-43 1.27453e-27
1.96002e-24 1.00902e-53
7.10999e-06  3.8814e-57
5.83396e-19 4.22642e-71
5.02016e-35 3.21067e-50
1.43661e-42 2.05581e-46
1.79733e-30 5.26358e-39
4.45184e-08  1.2385e-50
6.14143e-23 3.19208e-43
1.89069e-52 2.60459e-26
1.40531e-23 1.93299e-49
 7.5766e-25 2.50899e-42
2.93606e-16 3.50803e-33
 1.7607e-11 7.16917e-42
4.54369e-30 7.61783e-60
1.39257e-57 9.96416e-23
1.16386e-26 6.32175e-44
7.33981e-44  2.2869e-14
8.57778e-42 1.57755e-33
6.88619e-29  5.9884e-11
3.39906e-34 8.09249e-25
2.99728e-38  5.8943e-26
 6.5402e-19 3.19988e-43
2.03981e-51  3.5527e-74
4.09321e-21 1.75386e-44
 1.8577e-40 9.66488e-59
3.46933e-24 8.93417e-50
7.55075e-22 1.09509e-31
1.83474e-28 3.93552e-42
1.91757e-16 1.30021e-46
4.53512e-30 0.000229144
1.07996e-45 1.00102e-19
1.15152e-16 2.46182e-24
6.54416e-37 1.20116e-52
4.55395e-28 9.60285e-13
4.48119e-43 8.35876e-41
1.95032e-36 1.12637e-44
2.68853e-13 8.90629e-39
2.01276e-13 6.78885e-59
8.70814e-38 7.04376e-30
1.04663e-39 1.00856e-28
3.91689e-27 2.32413e-41
1.48349e-10 1.15971e-22
5.05821e-07 6.66423e-26
8.53914e-47 2.79437e-22
4.36098e-44 3.41969e-21
1.03396e-31 5.10624e-32
 0.00141769 2.80415e-31
9.29674e-40 8.56848e-33
 7.1198e-19 2.19091e-51
1.00868e-15  1.2417e-29
4.98117e-17 4.04476e-53
 0.00011052 7.23314e-68
2.82804e-22 2.12659e-12
1.20626e-21 3.78814e-53
2.85032e-40 5.08441e-12
2.46701e-24 3.45809e-60
1.86668e-28 1.81952e-58
1.13759e-31 2.33157e-37
1.56911e-53 2.19399e-15
2.13454e-30 3.22326e-19
9.46686e-22 2.51862e-47
7.35619e-07 4.65609e-58
6.09448e-21 1.09563e-51
1.19349e-57 2.30185e-28
4.31289e-24 2.75211e-66
2.17378e-09 3.39222e-44
6.40723e-39 3.10547e-26
3.79989e-34 7.36989e-56
2.45101e-45 3.29735e-06
2.12753e-42 7.87187e-26
4.22188e-21 1.79425e-44
6.76718e-09 4.33955e-50
3.25788e-11 1.87342e-40
7.82151e-73 1.59162e-25
2.58404e-37 1.23253e-28
 6.3167e-52 8.68129e-41
 2.8222e-15  2.7128e-18
1.51835e-38 7.47258e-56
3.43783e-29 3.40397e-26
 2.7554e-14 2.85495e-65
2.13626e-37 8.57645e-47
1.00902e-09 1.88854e-37
5.79577e-13 1.45304e-49
4.66691e-26 6.88932e-47
1.92142e-28 1.32098e-86
4.92021e-19 1.23352e-39
 2.1788e-25 7.37426e-25
1.80849e-45 2.89774e-25
6.35359e-10 1.04959e-20
5.26994e-28 1.17602e-13
3.82668e-08 2.10776e-23
9.78745e-42 1.19208e-13
8.91626e-31 3.50442e-11
 2.1581e-34 1.54627e-84
2.46622e-67 7.92858e-21
1.12362e-20 4.33295e-57
4.28506e-42 7.45474e-43
2.09734e-49 5.87207e-24
1.21162e-36 1.47792e-49
6.33087e-50 1.01257e-30
8.06516e-13 4.62582e-22
2.09231e-29 1.14561e-22
2.41288e-19 1.06009e-39
4.53191e-07 4.48204e-34
4.14806e-25 6.24361e-18
1.21196e-38 6.90768e-67
4.03565e-58 4.19434e-20
5.10399e-35 1.21886e-37
5.16763e-27 1.24069e-63
1.02028e-40  0.00379253
1.12196e-31 1.79032e-44
1.97159e-09  1.9149e-42
1.83964e-55 2.02108e-13
 2.9246e-15 2.30011e-17
1.82011e-35 1.71201e-55
 9.7521e-18 4.95395e-47
8.62335e-37 1.46452e-35
2.83732e-45 1.58162e-27
1.94809e-48 7.97097e-17
9.74063e-21 2.14004e-11
6.01719e-31 1.35576e-30
5.01354e-27 7.00469e-33
8.95688e-42 4.45567e-66
1.55524e-23 2.48553e-30
5.65464e-55   7.179e-15
4.11408e-48 1.12648e-48
 1.1408e-18 6.18201e-45
8.33202e-29 2.97187e-25
1.70795e-42 2.68432e-15
 8.3734e-13  9.3783e-54
 2.6896e-08 1.34014e-50
1.42007e-22 7.05311e-61
5.11919e-48 5.73831e-31
0.000933211 1.17732e-65
1.48306e-33 1.61345e-24
6.76322e-55 1.48769e-14
1.68241e-21 1.57556e-44
2.09524e-50 1.85935e-18
3.00151e-35 2.89193e-44
3.76929e-73 9.56433e-26
6.08148e-29 4.59309e-61
3.92446e-22 3.19101e-61
1.44813e-19 7.76908e-51
9.27925e-52 2.51471e-30
1.22686e-31 1.66088e-46
1.26013e-26 2.14614e-32
5.86002e-15 2.95801e-26
1.82579e-18  6.1884e-44
2.65652e-52 3.09408e-13
3.41967e-17 4.65868e-42
1.72123e-55 1.03841e-09
5.92073e-24 4.67402e-46
2.21685e-21  2.9976e-75
1.35524e-35 1.78357e-17
1.11267e-18  1.7063e-56
3.01357e-08 1.04261e-44
1.71373e-34 3.17375e-22
4.06753e-45 2.17414e-46
7.41049e-31 1.00081e-36
3.38214e-38 2.51196e-15
3.36167e-05 3.08841e-31
2.73609e-37 2.87073e-14
4.83949e-62 7.35145e-13
7.88756e-17 4.67966e-31
 6.3815e-43 1.59168e-24
4.18036e-22 9.28532e-10
1.07241e-35 4.65526e-62
3.43372e-49 1.92956e-17
 2.4334e-26 2.36628e-15
2.44713e-80 2.26192e-33
9.46152e-71 1.49685e-23
3.53158e-35 2.62461e-36
1.18341e-13 1.07848e-62
2.46932e-23 1.43559e-60
4.54878e-19 1.99803e-42
5.67485e-17 1.20936e-76
0.000600004  3.5832e-43
1.09342e-75 3.75815e-31
1.15068e-22 2.85788e-34
5.39109e-54 2.98056e-22
4.96447e-40 3.77031e-28
2.47195e-51  0.00152292
3.62799e-17 1.92115e-40
3.95481e-60 3.63491e-24
1.42175e-38 2.97469e-18
3.25891e-15 3.39689e-48
3.94439e-47 2.05925e-12
1.92304e-17 9.68527e-46
2.02607e-27 2.31497e-31
9.13551e-56 3.75355e-49
9.47679e-37 3.50816e-27
5.83999e-37 1.47669e-30
5.14199e-24  3.2578e-56
1.49952e-07 5.82193e-33
2.81409e-34  3.0532e-34
1.48164e-57 1.33781e-59
3.74084e-51 1.52844e-19
3.27922e-51 5.51711e-37
2.53201e-58 1.97312e-11
4.45895e-20 1.32218e-60
1.25022e-23 4.92792e-10
4.37336e-35 2.37017e-45
5.84531e-14 1.49649e-36
4.14608e-56 4.29107e-20
5.84134e-29  8.9605e-16
 1.0984e-10  1.4477e-47
 2.2569e-36 2.18884e-24
9.47346e-10 1.10637e-41
1.88579e-38 6.29975e-59
6.15425e-61 4.84871e-15
6.77373e-56 9.43479e-54
5.63238e-63 9.86141e-29
 4.9282e-35 2.31891e-77
 3.6439e-47 5.45929e-47
4.05485e-38 9.16358e-14
4.35793e-22  1.0285e-36
5.21189e-38 2.63343e-12
6.76427e-14 6.20917e-20
5.66516e-16 1.18994e-56
 5.7736e-48 1.26831e-19
4.45315e-21 3.29188e-31
 8.9123e-11 2.71896e-35
 9.0938e-24 8.17006e-52
2.34462e-21 1.80666e-34
1.80951e-08 2.28669e-32
5.69906e-44 2.72788e-40
1.05917e-34  3.6614e-59
5.26938e-10 1.89177e-22
4.30856e-50 2.38797e-47
4.09751e-47 2.24172e-43
1.16573e-24 4.83344e-32
 1.2111e-25 4.27028e-23
6.86015e-35 2.56325e-33
8.88303e-18 2.02552e-24
2.04505e-60 4.23588e-12
1.62161e-33 2.24794e-44
3.88411e-48 7.14699e-35
8.35998e-26 2.36116e-34
5.53711e-54 7.15435e-15
1.31818e-48 2.65299e-06
1.35466e-52 3.85394e-38
2.17277e-48 2.01692e-22
4.30311e-36 8.07286e-30
 9.6104e-30  1.0496e-48
6.95898e-49  3.6859e-38
7.31326e-21 8.05622e-30
4.95622e-23 3.30709e-30
3.40229e-38 7.33117e-35
6.87465e-22 9.43376e-22
1.33159e-27 1.46283e-58
  3.138e-40 1.05808e-44
5.18648e-20 1.26267e-14
1.11905e-14 4.98988e-47
1.29269e-43 1.25706e-42
2.33916e-20 1.69657e-61
2.93589e-18 2.83385e-32
3.87879e-45 2.02606e-23
1.59749e-50 2.54422e-19
2.22959e-38  8.7477e-26
4.56406e-29 1.20373e-47
2.62897e-40 3.18328e-28
4.39676e-36 0.000115251
1.36743e-18 1.95264e-36
6.06805e-31 1.38615e-58
9.88649e-18  8.9692e-59
   0.996009 4.04458e-69
7.20697e-07 7.41097e-34
1.07115e-36 1.48063e-91
2.39556e-09 2.01455e-47
8.91178e-43 8.17208e-29
1.14917e-40 6.64815e-17
3.99894e-49 1.96624e-34
3.71127e-12 2.99333e-70
2.97716e-35 6.90759e-22
6.70454e-28 6.12716e-71
1.14971e-23 9.42808e-64
4.23266e-55  1.7824e-40
7.01793e-18  1.5893e-55
7.97111e-43 3.96968e-12
5.53051e-52 1.15685e-18
4.20056e-33 5.32146e-87
1.75459e-18 8.12124e-63
1.14167e-10 2.24126e-61
7.35092e-19 1.29784e-14
7.67367e-16 1.51121e-34
1.36193e-20 1.25005e-41
7.70358e-53 9.12867e-42
4.09094e-19 4.59848e-32
7.95965e-54  8.2944e-70
3.97041e-31 1.67611e-24
6.57437e-09 5.40148e-50
1.14738e-31 3.54124e-67
2.68369e-26 6.97426e-40
8.33456e-26 1.87918e-28
2.01971e-51 2.32865e-65
4.72678e-56 1.30375e-10
7.02993e-12 1.66219e-47
5.28496e-27 8.49795e-07
3.21506e-29 9.93531e-48
8.73158e-18 7.07203e-45
1.16516e-12 3.83438e-21
2.28748e-35 6.73729e-44
1.82404e-45 1.50122e-17
1.34257e-37 1.75076e-22
5.44132e-17 4.14599e-67
1.71205e-27 6.23311e-17
8.11316e-18 9.01813e-20
1.63268e-17 3.63482e-30
 3.1063e-33 0.000220347
5.76438e-30 2.40776e-46
1.11393e-28 3.21659e-32
9.44156e-44 9.62521e-32
6.50115e-10 5.62829e-36
4.24321e-36 3.19607e-31
3.64047e-51 1.29595e-05
7.35376e-23 3.16084e-29
2.84062e-33  1.1975e-40
3.90238e-33 1.14161e-18
1.77309e-47  4.2588e-30
2.44894e-20 2.63742e-38
 2.6967e-45   6.587e-35
3.21693e-07 1.90285e-26
8.13358e-28 1.53067e-48
6.89652e-06 3.16784e-35
0.000166527 1.66476e-28
 3.5834e-18 6.11732e-38
6.02968e-25 5.74047e-31
1.45409e-05 2.73298e-47
5.12112e-64 4.92931e-26
3.05501e-37 2.11582e-38
3.09088e-38 6.90784e-48
3.06933e-35 9.09939e-54
1.87744e-31 1.84253e-39
 4.8513e-27 1.66052e-26
2.67566e-21 1.11926e-10
3.16883e-08 2.79649e-51
 8.9395e-30  5.8256e-12
1.53389e-10  2.2244e-48
2.20248e-14 2.40487e-38
1.13744e-25 4.02417e-06
5.88379e-50 2.22814e-14
1.26646e-33 3.94826e-21
8.77556e-29 7.69392e-57
3.94857e-36 8.45612e-35
7.06261e-28 8.64721e-20
1.10234e-39 5.78644e-23
3.28126e-17 7.50318e-26
1.29072e-18 1.92494e-29
2.24123e-50 1.37228e-46
1.57986e-28 1.02483e-47
1.79337e-31 1.68654e-30
2.24574e-38 3.29707e-23
9.93612e-15 3.68229e-31
1.61653e-23 1.01473e-61
7.82175e-22 1.82149e-48
 1.4687e-34 3.03851e-74
1.53212e-19 3.74946e-57
1.12077e-08  2.2817e-48
 2.9463e-27 7.22509e-31
2.94374e-13 6.20188e-48
 1.2381e-28 5.73683e-40
2.08098e-07 1.71495e-35
1.32986e-32 3.07306e-24
2.29872e-21 5.42082e-40
3.18132e-06 1.26595e-47
9.07268e-18 2.22836e-45
2.16136e-19 1.14428e-33
8.38675e-14 8.95757e-38
1.80695e-21 3.72669e-33
5.02648e-48 4.37865e-43
1.69885e-19 2.39427e-45
2.41513e-12 2.02838e-26
1.71007e-27 1.25429e-33
 1.8089e-36 1.71832e-16
3.45002e-34 4.32406e-22
1.60452e-29 1.36499e-25
1.25669e-55  2.3349e-18
2.25596e-24 2.14419e-14
3.75223e-12 1.30436e-40
3.04407e-24 1.09765e-62
2.51215e-28 1.78147e-34
1.23283e-45 4.80066e-33
 1.1022e-53 1.45881e-16
2.38354e-20 1.36701e-47
6.06515e-26 1.17983e-26
2.17728e-26 8.84364e-65
7.83638e-22 1.06912e-13
1.40041e-37 3.32564e-40
 1.0386e-56 2.26092e-28
5.15798e-28 1.73794e-27
1.19021e-60 9.93589e-79
8.86197e-50 5.29245e-39
4.49459e-44 5.82864e-29
3.75858e-46 5.44061e-39
4.76694e-38 9.87453e-39
3.10584e-13 5.98325e-43
1.38801e-61 0.000150797
2.90764e-28 7.91078e-24
6.32244e-20  1.8808e-63
1.98086e-38 4.56393e-37
1.53801e-45 1.51572e-19
7.35606e-12 6.98263e-45
4.66685e-34  4.9291e-68
 1.6046e-37  1.8749e-20
3.64407e-49 5.12378e-10
6.26132e-22 1.29495e-45
2.81026e-64 8.35944e-18
2.13782e-32 5.63233e-17
1.07368e-18 4.06137e-70
1.18211e-46 3.40363e-39
5.94048e-50 1.06162e-11
3.85075e-71 1.15168e-26
1.16607e-08 4.14391e-23
5.63114e-44 1.27454e-32
2.95504e-37 1.84006e-82
1.68925e-50 8.53104e-15
1.92262e-58 3.06111e-67
 1.0347e-19 1.26695e-34
9.39139e-39 1.63407e-35
  1.814e-44 5.28252e-09
 6.8472e-19 2.77533e-57
4.07726e-13 2.56874e-51
2.00201e-44 3.45185e-28
3.17932e-39 1.74623e-40
1.50001e-37 1.47002e-40
7.12952e-20 1.12799e-47
   0.996016 3.87788e-52
7.00622e-26 9.32871e-39
1.42036e-39 1.03811e-26
6.35705e-33 3.02793e-42
9.06146e-17 3.21476e-37
6.81246e-21 1.82311e-54
1.96477e-18 2.94685e-41
2.84629e-44 8.41611e-39
1.20993e-27 1.90206e-41
1.32752e-47  8.8151e-63
1.21196e-42 4.52812e-23
5.16138e-29 2.25452e-22
3.16425e-26 1.76651e-41
 0.00110662 2.67294e-28
8.88581e-17 7.70497e-56
2.70718e-29 1.43855e-41
5.40138e-13 1.72674e-41
1.68223e-29 0.000467274
4.17969e-16 1.76439e-48
2.58107e-43 9.05712e-07
4.67944e-64 0.000640914
2.50538e-45 6.75197e-18
1.34372e-19 2.36673e-22
2.85689e-63 1.25388e-65
  4.053e-57 3.14102e-10
3.50688e-23 2.17131e-59
4.39343e-09 1.77887e-59
3.79147e-41  3.3718e-36
1.30543e-12 1.66914e-61
1.20408e-52  6.8005e-43
5.17853e-66 1.81871e-33
3.36112e-31 5.55823e-10
3.89804e-15 1.11044e-67
1.40271e-27 4.38926e-16
 6.7307e-29 1.49129e-07
3.87256e-50 1.47074e-11
1.83647e-46 1.00029e-21
1.27453e-35 4.95009e-89
1.42382e-27 1.10838e-32
2.99526e-46 3.94937e-68
3.48588e-14 3.97139e-27
2.77208e-33 2.47677e-34
1.06764e-25 3.90177e-39
6.35365e-14 2.21182e-55
9.17228e-44  4.4311e-25
6.44191e-25 4.15512e-39
  3.189e-62 2.28807e-27
 9.7362e-19 4.75445e-22
1.26116e-25 1.89576e-49
1.29059e-18 1.16327e-49
1.07981e-28 1.39982e-44
 0.00205758 1.39723e-28
1.45382e-48 1.52746e-47
5.47046e-17 5.47372e-41
4.88831e-28 1.15283e-42
1.17946e-08 5.35329e-50
1.02803e-14  6.0721e-60
7.58566e-26 6.76763e-52
6.12193e-24 3.88486e-54
1.07172e-13 1.24881e-43
2.09436e-59 1.30722e-15
   0.996007 2.62556e-42
4.93959e-46 8.61209e-44
6.80705e-16 7.14134e-19
7.75939e-31 1.06336e-09
 1.1325e-31 0.000335653
2.21068e-27  9.7067e-28
1.49333e-31 2.66556e-21
1.66685e-42 1.43641e-14
2.02803e-27 6.35399e-56
2.17569e-32 3.57435e-08
3.89578e-18 2.20516e-32
  5.444e-63 7.09584e-68
1.21629e-11 1.61247e-37
3.90406e-36 1.53862e-83
2.02637e-21 6.13153e-21
3.19638e-44 2.82988e-64
6.09146e-42 9.09438e-90
2.45399e-43 8.05637e-25
7.59105e-23 3.90597e-26
1.32146e-42 7.74926e-44
6.23966e-12  2.0903e-35
6.37031e-17  6.1779e-57
2.92598e-45 6.48091e-43
1.02437e-42 1.08016e-15
4.70942e-58 2.00918e-68
 3.8277e-46 4.20216e-15
1.32859e-14 8.40748e-44
2.72608e-27 1.59809e-46
6.27947e-23 5.19132e-37
3.09626e-24 5.03106e-14
4.71082e-31 2.32601e-24
1.62948e-49 5.70225e-22
3.83229e-10 1.12823e-33
  6.026e-28 4.69432e-30
9.88955e-13 1.02266e-39
1.47445e-12 2.70209e-19
6.65129e-37 4.90461e-87
1.08307e-17 1.24172e-37
1.06077e-54 1.04142e-48
1.09781e-21 8.96417e-23
2.69772e-57 9.89764e-24
8.51746e-49  0.00110904
1.97001e-38 5.31012e-55
1.00881e-50 6.72767e-19
1.63683e-36 9.91852e-43
1.53028e-10 2.04045e-26
1.20586e-56  7.8096e-17
9.57439e-21 8.64455e-12
4.71526e-42 7.00344e-26
3.63837e-17 1.16036e-67
6.08906e-46 4.42525e-48
2.27574e-39 2.89344e-14
 4.5781e-54 1.16272e-59
5.98201e-14 4.94699e-19
2.41711e-38 2.62104e-54
3.17831e-13 6.62157e-43
2.98477e-49 1.74603e-11
7.77674e-20 2.13231e-45
6.16942e-36 4.48122e-08
 1.1364e-31 4.43475e-39
1.29299e-58 3.63941e-23
1.82081e-26 1.92441e-15
5.92032e-33 6.54233e-57
 3.4284e-21 5.95716e-41
2.40751e-45  2.1962e-28
2.20559e-22 2.63192e-81
1.90756e-11   1.753e-21
5.52974e-24 7.11752e-66
 4.9227e-35 7.90746e-71
2.70477e-58 6.73938e-11
1.55873e-22 2.76889e-76
9.86966e-33 6.58251e-05
1.90937e-45  8.2094e-84
3.50083e-17 1.01291e-35
2.71232e-11 6.17428e-24
1.22769e-58  2.1828e-09
7.32686e-22 7.53543e-67
6.86943e-35 9.29755e-35
3.59643e-10 2.90481e-53
3.60506e-19 2.68189e-67
1.72487e-15 9.49456e-24
 2.4531e-11 6.43794e-22
 7.9933e-52 1.05424e-42
5.66315e-17 2.84333e-56
7.24903e-17 1.00384e-64
7.11523e-42 1.54458e-12
2.87763e-37 3.75845e-75
1.10035e-15 2.79063e-43
7.43468e-30 1.36315e-80
8.25228e-26  4.8993e-09
8.02486e-06   6.723e-69
1.32615e-32 3.29647e-12
1.63445e-16  6.5805e-57
7.33136e-31 3.24989e-11
4.46101e-31  9.9304e-19
1.41508e-23 1.10552e-10
2.17808e-14 1.62052e-60
  5.828e-39 3.00774e-78
4.45859e-10 4.59147e-43
2.27946e-41 3.92199e-30
1.28979e-16 2.05028e-57
8.94597e-25 5.09023e-16
5.83806e-22 2.02124e-65
7.14716e-31  1.7289e-47
9.92231e-36 7.83328e-27
6.05345e-21 2.41975e-11
1.07199e-11 8.68156e-22
2.26736e-31 2.13683e-77
1.73804e-54 3.69538e-19
3.90559e-47 1.94102e-25
1.34132e-51 1.07562e-14
1.89044e-10 4.71061e-50
5.74639e-28 5.04091e-25
1.23513e-50 4.43777e-44
5.24738e-35 3.46347e-06
3.15873e-25 3.80143e-18
4.15012e-08 2.14965e-29
 2.3746e-25 6.89058e-18
2.78031e-12 5.20301e-31
3.30722e-44 1.31918e-22
7.64364e-11 4.51219e-46
 9.5403e-32 1.52081e-54
1.61289e-28  4.9267e-45
 3.0134e-33 1.62749e-11
2.74255e-44 1.79004e-37
 3.7621e-14 4.28233e-39
2.89241e-21 3.78439e-57
3.75744e-32 5.99184e-49
4.62125e-44  1.0593e-24
5.84228e-39 5.63677e-28
 1.8801e-45 1.63814e-17
1.17974e-46 1.67943e-29
4.21122e-51 3.15796e-19
8.04886e-21 3.72609e-35
9.29954e-19 4.74269e-54
1.08331e-29 1.59468e-24
1.29289e-12  1.6119e-20
2.01111e-35  1.8278e-38
2.44986e-22 8.53383e-70
 1.9124e-24 5.50698e-20
2.43166e-35 3.07238e-33
8.54562e-53 4.76308e-16
7.51616e-34 8.15229e-35
3.36233e-34 6.23213e-71
5.86453e-15 1.11773e-38
4.46524e-41 3.95315e-13
4.08941e-37 2.59702e-52
6.49379e-43 1.57815e-53
1.32659e-22 8.48545e-59
9.39891e-50 1.49787e-37
1.88181e-26 4.04168e-43
1.51816e-19 9.53027e-62
3.73216e-33 4.06194e-50
1.36718e-50    0.996006
2.30577e-11 2.35247e-25
 2.6911e-15 3.58175e-43
4.10009e-11 9.21463e-45
3.71109e-51 7.01083e-19
1.23707e-17 1.10555e-58
4.21745e-24 1.30178e-61
6.07478e-44 7.40155e-26
4.56319e-32 1.43219e-15
2.59401e-23 1.60807e-35
8.72178e-13  6.6393e-60
4.65286e-11   1.064e-22
1.09075e-33 1.30324e-05
1.45906e-20 2.39751e-37
4.64135e-13 2.71648e-41
3.34954e-32 5.19526e-70
5.74422e-32 1.27518e-45
2.51607e-54 7.96057e-70
7.45058e-43 1.37044e-32
4.15609e-11 7.00299e-27
8.32207e-50 2.51467e-18
8.89581e-66    0.996007
4.26627e-21 2.87715e-42
1.21901e-66  4.6764e-17
 2.3291e-23 4.79616e-58
2.13891e-17 1.52493e-17
 2.0277e-48 1.54527e-36
1.14117e-32 2.32018e-50
1.32049e-11 1.15497e-45
1.43529e-20 3.57321e-62
0.000207137 2.02932e-39
2.27118e-34 1.98067e-52
1.91461e-13 4.00985e-40
5.73288e-26 4.67273e-57
   0.996002 1.47877e-30
2.29565e-54 1.11458e-18
2.06334e-21 1.28316e-39
2.41815e-55 4.82086e-20
5.62646e-53 7.42558e-69
3.57837e-64  0.00245261
5.25187e-45 3.56128e-47
 3.0887e-23 2.63411e-35
8.67777e-31 7.74177e-28
1.34814e-51 1.48669e-24
2.09143e-41 4.95485e-61
9.86105e-35  4.3016e-19
1.04474e-25 1.90458e-51
2.94346e-51 5.35362e-16
 1.0069e-29 2.19123e-32
 5.0204e-41 4.28507e-11
4.10314e-09 6.11146e-29
6.13652e-34 2.20778e-17
8.71503e-18 5.38424e-57
1.22044e-27 3.01533e-63
1.00244e-25 1.72783e-55
2.01607e-36 4.47577e-42
1.40705e-23 5.21308e-07
 3.7012e-17 1.61783e-31
8.82794e-62 1.57097e-31
4.75959e-28 1.09614e-31
1.40186e-17  1.1264e-37
1.36244e-58 3.87848e-07
2.26382e-50 3.82052e-14
2.88671e-29 3.85006e-12
9.07706e-35 7.12229e-49
4.09532e-50  0.00140893
3.91053e-15 6.14353e-39
2.69023e-39 1.15971e-14
8.77638e-26 5.58265e-74
6.59934e-25 3.45307e-45
3.80077e-35 5.87525e-37
3.82871e-17 5.17181e-29
  6.298e-21 4.11579e-81
5.68153e-40 9.14211e-12
 2.1686e-44 4.38504e-93
1.01752e-36 3.23937e-35
2.89722e-24 7.29717e-58
0.000497602 1.35646e-26
7.51317e-12 7.16635e-38
2.25506e-43 1.60291e-15
1.05733e-26 9.22389e-22
8.16411e-51 1.11573e-56
2.26695e-24 2.35149e-44
1.45208e-08 1.34495e-66
7.48637e-16 4.22445e-59
2.47093e-43 8.87993e-43
3.16181e-19 4.76548e-36
6.09735e-49 1.43935e-28
3.75382e-41 6.54402e-41
2.76739e-50 7.76726e-15
2.20809e-12 1.30099e-44
1.72669e-27 8.60196e-83
1.83505e-12 1.93762e-55
8.07184e-25 6.77824e-57
5.26399e-30 1.71833e-18
 4.9591e-58 3.74846e-61
6.51679e-54 2.44268e-42
1.12533e-73 3.20852e-28
3.78835e-30 3.67907e-18
2.90642e-06  1.9254e-68
5.01652e-49 2.20488e-38
1.61448e-18  2.4834e-42
2.42889e-26 3.23973e-32
1.01903e-18 5.81173e-40
2.28058e-30 7.38436e-38
4.35705e-32 4.21875e-22
3.29054e-17 2.44393e-39
1.54981e-39 3.50915e-29
9.73982e-35 6.60071e-37
1.90388e-37 1.50263e-38
2.59819e-51 2.39698e-65
2.51726e-20 2.06209e-39
7.43296e-11 2.95186e-48
3.66144e-24 1.16401e-58
2.46155e-14 2.57672e-43
6.46879e-41 4.77098e-25
1.31077e-38 1.15657e-10
2.72009e-18 1.05614e-32
5.17456e-19 2.71387e-49
7.85718e-20 4.43318e-22
3.43935e-30 2.35616e-25
3.08476e-64 1.03515e-26
6.64469e-45 9.43622e-21
1.14512e-23 3.78484e-17
1.84415e-57 2.98815e-32
4.35047e-52 5.82307e-10
6.26763e-07 1.86281e-67
2.99141e-64 6.67719e-69
1.02961e-34 1.41979e-10
1.90284e-26 3.22299e-83
8.31865e-36 1.38899e-33
2.52152e-18 1.74071e-31
0.000151459 2.73459e-33
7.80211e-37 7.79474e-23
8.28873e-35 3.97392e-23
3.46379e-24 5.49996e-39
9.21923e-18 6.65018e-35
3.35424e-42 7.06711e-86
1.40322e-21  4.7701e-52
7.87784e-44   8.323e-46
7.20635e-40 1.91394e-11
 1.3611e-57 3.01349e-13
1.43154e-53 5.10127e-18
5.08655e-30 8.01395e-14
7.30771e-33 1.26563e-55
1.20726e-30 9.40294e-15
1.32813e-12 1.07749e-70
2.15589e-23 2.34473e-46
2.15869e-20 7.16142e-48
 1.7752e-16 1.48788e-54
1.35925e-53 2.37199e-18
4.65657e-60 2.29108e-24
1.95693e-27 1.27327e-44
5.06483e-16 2.84127e-20
3.24849e-27 5.61778e-28
1.52778e-05 2.24446e-43
2.82528e-26 1.13549e-12
7.33793e-34 5.95258e-22
 1.8227e-26 4.89913e-50
5.73769e-11 1.63905e-24
4.26769e-19 5.06356e-58
3.94786e-21 1.94438e-72
5.24563e-54 2.01216e-11
3.46624e-33  8.5872e-41
1.30999e-32 2.11312e-59
1.52525e-07 1.26413e-73
8.58251e-09 7.83926e-37
3.16567e-13 4.27126e-22
7.47612e-21 8.35169e-28
1.07612e-41 7.41373e-10
8.74057e-16 2.91836e-42
7.91287e-59 2.59079e-63
2.27943e-53 1.00345e-17
1.89315e-44 9.30484e-47
3.81709e-34 1.31811e-41
2.14025e-14 5.22465e-38
1.99095e-25 8.82722e-34
1.03424e-12 1.50228e-50
1.76665e-23  2.9567e-40
2.26657e-33 1.98997e-33
4.07426e-28 2.77906e-05
1.52871e-20 8.91144e-52
1.24355e-29 2.56562e-24
1.02765e-18 9.36976e-34
7.43362e-42 6.18312e-19
4.62547e-29 3.09258e-19
5.33938e-09  9.4042e-66
6.84316e-42 1.25759e-17
5.04356e-40  6.4428e-41
9.87239e-17 1.48085e-37
4.99545e-46 2.96276e-41
1.14439e-43 6.96505e-39
4.53283e-36  6.0052e-45
1.04213e-55 5.23267e-11
1.64296e-38 7.78983e-21
2.88551e-23 9.70755e-68
7.04881e-34 8.17349e-38
2.43987e-35 1.79962e-48
1.57881e-64 3.62085e-18
9.68576e-23 2.39158e-49
 1.1233e-50 4.00623e-08
1.18368e-61 9.28605e-10
1.77404e-65 5.32643e-16
6.19818e-31 5.77412e-87
1.41293e-44 1.42011e-44
2.10759e-38 1.10318e-29
1.07273e-36 2.02039e-23
3.19503e-35 2.34304e-53
1.40913e-29 2.58934e-17
2.29181e-14  1.0627e-55
3.97923e-46 4.46634e-46
8.66474e-19 2.73553e-33
8.47385e-35 1.12285e-20
7.80903e-31  0.00206534
 6.0224e-55 9.13724e-14
6.13964e-51 7.49746e-25
2.48366e-51  1.1598e-19
3.78805e-17 6.96232e-44
 5.2022e-15 3.84088e-20
1.06652e-23 6.01386e-59
9.20168e-35 1.41717e-43
3.88651e-40 8.93002e-34
1.62935e-19 9.94684e-34
2.53066e-37  2.0707e-33
 1.7551e-14 4.00098e-40
1.52213e-21 2.37558e-11
2.39232e-46 2.35211e-35
3.76447e-12 6.60113e-70
1.00381e-20 1.43794e-15
1.15592e-15  1.5158e-46
1.66281e-32 8.32495e-67
1.80472e-32 2.49472e-37
9.13678e-31 1.88817e-50
2.43547e-05 2.77578e-56
1.08952e-32 4.84796e-28
 2.1787e-18 2.28659e-54
4.75937e-52  3.8887e-15
 2.1039e-32 1.30764e-16
9.38118e-38 4.25726e-27
7.43552e-17 3.51992e-55
1.49297e-50 2.35371e-38
1.24225e-28 1.76385e-16
1.45859e-16 9.73287e-28
7.56027e-20  2.8222e-56
4.43777e-30 1.37964e-54
1.08145e-30   4.107e-44
1.85045e-14 3.98021e-43
4.60745e-21 6.62167e-54
 5.7045e-55 2.96808e-32
1.35329e-23   1.449e-35
4.20503e-42 1.23317e-23
4.18176e-30 2.05161e-54
4.76126e-24 1.35187e-27
4.53385e-45 8.81729e-28
7.14831e-52  3.2689e-37
7.53956e-11 1.59469e-51
 6.8863e-22 3.60861e-23
7.87104e-27 1.04088e-17
1.42596e-29 3.53471e-40
1.01683e-24 1.79756e-37
 1.4305e-32 3.79777e-51
4.73393e-42 3.48108e-28
8.46486e-58 4.45753e-58
3.82899e-21   1.895e-19
2.55516e-48 4.26052e-17
4.58925e-37 1.33083e-82
2.50945e-20 1.29879e-22
2.29161e-39 6.29987e-36
 2.1522e-31 3.15369e-18
7.03789e-09 5.31469e-71
6.92707e-09 3.76232e-32
1.17402e-43 1.33583e-32
2.80626e-15   6.309e-41
5.27343e-11 1.09928e-65
6.48277e-34 7.78972e-43
 2.2595e-40 4.71814e-43
2.13987e-10 4.64604e-61
4.01649e-22 1.30836e-51
3.26248e-15 5.02015e-48
2.93412e-15 2.46872e-58
 0.00396419 2.88806e-51
3.37021e-44 2.85399e-38
 4.7092e-20 1.12124e-30
2.99329e-12 3.71549e-44
3.21063e-58 1.50057e-20
7.46156e-22 4.24525e-63
3.32031e-60 3.77096e-26
8.96827e-44  2.8628e-40
 4.1813e-48 4.15178e-17
1.16035e-47 1.32407e-53
2.33702e-76 9.28415e-30
2.04686e-57 2.17309e-79
2.23708e-20 8.17028e-45
1.76281e-70 2.21221e-23
3.45901e-31 1.95659e-11
1.58724e-60 1.40149e-67
3.49146e-60 5.86268e-14
6.14259e-54 1.35769e-41
1.78757e-41 2.67558e-30
1.46728e-34 2.03255e-15
1.21628e-07 4.91055e-36
2.41648e-29 6.22419e-29