  0.0613455
0.000142699
6.99855e-07
3.74148e-09
2.06314e-11
1.15384e-13
3.00302e-15
2.92899e-15
2.92899e-15
2.92899e-15
2.92899e-15
2.92899e-15
2.92899e-15
2.92899e-15
2.92899e-15
2.92899e-15
2.92899e-15
2.92899e-15
2.92899e-15
2.92899e-15
2.92899e-15
2.92899e-15
2.92899e-15
2.92899e-15
2.92899e-15
2.92899e-15
2.92899e-15
2.92899e-15
2.92899e-15
2.92899e-15
2.92899e-15
2.92899e-15
2.92899e-15
2.92899e-15
2.92899e-15
2.92899e-15
2.92899e-15
2.92899e-15
2.92899e-15
2.92899e-15
2.92899e-15
2.92899e-15
2.92899e-15
2.92899e-15
2.92899e-15
2.92899e-15
2.92899e-15
2.92899e-15
2.92899e-15
2.92899e-15
2.92899e-15
2.92899e-15
2.92899e-15
2.92899e-15
2.92899e-15
2.92899e-15
2.92899e-15
2.92899e-15
2.92899e-15
2.92899e-15
2.92899e-15
2.92899e-15
2.92899e-15
2.92899e-15
2.92899e-15
2.92899e-15
2.92899e-15
2.92899e-15
2.92899e-15
2.92899e-15
2.92899e-15
2.92899e-15
2.92899e-15
2.92899e-15
2.92899e-15
2.92899e-15
2.92899e-15
2.92899e-15
2.92899e-15
2.92899e-15
2.92899e-15
2.92899e-15
2.92899e-15
2.92899e-15
2.92899e-15
2.92899e-15
2.92899e-15
2.92899e-15
2.92899e-15
2.92899e-15
2.92899e-15
2.92899e-15
2.92899e-15
2.92899e-15
2.92899e-15
2.92899e-15
2.92899e-15
2.92899e-15
2.92899e-15
2.92899e-15
2.92899e-15