3.29347e-07 0.000611008
 8.1989e-06 7.51449e-07
7.49663e-06 1.82878e-05
2.71641e-05 1.61406e-07
4.03508e-07 1.56682e-06
6.92916e-06 4.30516e-06
9.64646e-06 3.62051e-05
5.56969e-06 1.23758e-05
5.50771e-07 1.23483e-05
   0.994107 1.74656e-06
5.58792e-06 1.16814e-07
3.63978e-07 7.08963e-06
1.39036e-05 5.15299e-05
1.05666e-05 5.49028e-07
5.09864e-05 3.55294e-05
2.23521e-05 2.12171e-06
5.45627e-06 5.40378e-07
1.72978e-05 0.000641129
4.49748e-06 3.29834e-07
1.66269e-06 2.81378e-05
3.88229e-05  0.00146102
4.15979e-07 1.12932e-05
8.86148e-06 2.44914e-06
0.000916383 2.16244e-06
5.90073e-07 6.02236e-06
4.18937e-06  0.00025531
2.23967e-07 1.83842e-06
6.92457e-05 9.17097e-08
1.44152e-06  0.00021964
2.63228e-05 1.24975e-06
3.90682e-07  4.6097e-06
5.85236e-07 4.89724e-07
1.91239e-05 6.91479e-06
1.26584e-06 2.34095e-06
5.33353e-05 8.70101e-06
3.81896e-08 1.35457e-05
4.70915e-07 1.02985e-07
   0.994104 3.34602e-07
8.01487e-07 7.57544e-07
 1.2809e-06  6.5577e-07
7.46748e-07 3.62419e-06
8.15039e-06 1.08541e-05
1.26198e-07 1.47296e-06
4.44378e-05 3.09905e-05
0.000746652 7.71136e-07
1.35288e-06 6.20156e-06
2.87932e-05 1.42264e-06
5.58097e-05  1.1675e-05
 0.00109412 1.04159e-05
7.38743e-08 1.78098e-08
8.64836e-07  1.0363e-07
1.06836e-07 8.94686e-07
5.03963e-05 3.87042e-05
1.45116e-08 6.08531e-07
4.65239e-05 3.85129e-06
 1.2614e-06 2.23983e-06
1.29481e-05 3.92408e-05
3.78619e-06 7.02107e-06
 2.4158e-08 2.59095e-06
1.13828e-06 9.87547e-08
0.000206196 8.53281e-07
0.000274889  6.8537e-06
3.44144e-06 5.18461e-06
3.33015e-06 5.90457e-06
5.08827e-06 1.32335e-06
3.75172e-09 4.97212e-09
2.79803e-05 4.73601e-06
8.40502e-05 0.000539944
5.37295e-06 2.52476e-05
 1.1091e-05  0.00548118
 8.3008e-06 4.56179e-06
3.09361e-06 1.09122e-06
1.50526e-06 3.43258e-07
2.57965e-05 0.000590819
 2.4174e-07 0.000123471
1.84537e-06 5.24017e-08
2.37365e-07 2.24922e-10
 1.5786e-07    0.994104
3.92754e-07 3.19666e-05
3.26734e-06   1.428e-05
   0.994154 1.23745e-06
4.61274e-07 7.51421e-06
1.94452e-06 6.31781e-06
6.22982e-06 8.14731e-07
 7.1894e-06    0.994135
1.44343e-07 2.08138e-05
1.61606e-06 1.38991e-06
1.25002e-05 6.20484e-05
7.48339e-06 0.000259798
3.27697e-06 9.71988e-07
6.01729e-08 3.47812e-08
1.55678e-06 2.51494e-07
3.54839e-08 1.73004e-06
3.45112e-07 3.04183e-05
5.21881e-06 3.93502e-07
1.93688e-07 2.26872e-05
4.84135e-05 1.19267e-06
2.40127e-07 8.66076e-08
6.16734e-06  2.0488e-06
   0.994127 1.33285e-06
1.75895e-06 1.09187e-05
  5.608e-05 4.90039e-05
6.66684e-06 1.39104e-06
1.15258e-06 1.24189e-08
3.23138e-06 9.67108e-05
 1.6564e-05 7.32693e-07
2.04784e-07    0.994112
 3.4786e-07 4.82094e-06
6.11577e-08 3.36638e-08
3.63679e-06 4.78043e-07
6.85221e-06 5.66087e-06
 4.7764e-09    0.994104
7.10554e-07 4.48391e-07
1.46783e-05  0.00157777
0.000500929 2.05507e-05
4.41836e-08 7.11488e-06
1.28962e-06 2.97933e-06
   0.994107 3.80844e-05
1.07841e-08 1.50559e-09
 6.4693e-05  6.2413e-06
 2.1874e-07 4.54692e-07
0.000564962 3.41043e-07
0.000674064 4.52895e-06
6.84259e-06 0.000294531
1.31528e-06    0.994122
1.23755e-07 1.29989e-07
4.16882e-05  4.2483e-05
   0.994115 9.17631e-06
3.41197e-06  4.5289e-06
4.38051e-08 2.93847e-07
6.27725e-06 1.02604e-06
1.40478e-05 4.66597e-06
1.00779e-07 1.24501e-07
0.000332623 2.82474e-07
3.29757e-07 2.44264e-06
1.14836e-05 1.72854e-06
8.13444e-07 9.02035e-05
8.55152e-07 3.22604e-05
1.11636e-05 6.51374e-05
3.56711e-07 4.58759e-06
3.19347e-07 8.57248e-08
2.58683e-06 1.91416e-07
1.16155e-05 0.000513018
   0.994104   1.012e-07
2.45376e-07 2.58582e-05
4.07832e-07 5.64031e-06
1.73997e-08 1.17241e-07
2.29532e-06 3.20777e-06
2.84454e-06 4.01204e-08
1.34754e-07  7.0085e-07
4.26515e-09 2.15976e-07
    0.99411 3.85092e-07
   0.994106 2.86566e-07
1.49217e-06 4.60445e-06
0.000874641   7.691e-06
6.91511e-07 6.88133e-08
0.000201097 0.000124979
2.94714e-05  1.7343e-05
   0.994104 2.74397e-08
 4.9064e-06 5.70399e-07
5.13526e-06 5.70494e-05
4.21131e-07 2.57386e-06
9.75247e-06 1.45523e-06
   0.994109   2.206e-07
2.04127e-06 2.50654e-05
4.23767e-07 1.57249e-07
1.50618e-06 1.05634e-07
1.72375e-06    0.994482
3.06373e-06 7.11999e-06
2.58007e-06 5.82337e-07
5.02682e-06 4.42784e-08
0.000230215 8.89747e-05
1.47587e-07 0.000184997
5.34968e-07 6.74014e-05
1.43738e-05 6.98842e-06
0.000263172 3.57171e-05
 2.5304e-07 1.32615e-06
7.07845e-05 4.22823e-05
8.16806e-08    0.994106
1.57334e-05  5.0032e-06
   0.994104 7.00952e-09
2.48343e-08 5.25874e-06
 3.5765e-08 3.83424e-07
 7.0659e-05 2.26269e-08
4.47282e-07 2.43426e-05
3.17029e-08 3.87723e-08
2.17771e-05 3.22512e-07
1.97513e-06    0.994107
3.12817e-06 5.67879e-05
1.94653e-05 1.92177e-05
6.78046e-06 7.25736e-07
 0.00291406 4.60795e-06
2.06923e-05 2.17192e-07
3.06815e-07 7.79539e-06
2.99031e-05 0.000256307
8.72795e-08 3.41165e-07
5.37555e-06  8.4457e-06
 3.2738e-08 2.24734e-07
9.65614e-06 3.43137e-08
5.39223e-05 0.000567727
7.89632e-07 1.05061e-07
1.14248e-05 8.69738e-06
2.48627e-06 4.39562e-07
6.23431e-08 8.37947e-05
6.09654e-06 4.51334e-06
1.35434e-05   5.956e-06
5.92384e-06 1.31417e-05
3.38138e-05 9.41466e-06
5.97685e-08 1.12909e-07
1.07939e-05 4.25068e-06
3.29388e-09 7.46262e-07
5.37293e-07  3.4735e-06
5.48417e-07 4.97744e-06
6.03225e-05 1.51685e-05
1.44269e-06 1.03919e-07
  0.0017775 7.77087e-06
2.29932e-05 4.34049e-06
1.79393e-06  5.7738e-06
2.82879e-06 5.22984e-05
4.55794e-06 3.50714e-05
2.18077e-08 1.17195e-08
9.41744e-07 2.18513e-05
 0.00034063 0.000165768
3.95435e-08 7.82444e-07
3.85244e-07 2.22125e-06
 0.00010739 8.53132e-05
2.12699e-08 7.47204e-07
 1.0483e-06 6.13708e-10
1.89735e-05 6.52536e-06
3.15436e-06  0.00105745
8.25726e-06  6.6106e-06
1.30187e-05 7.62811e-07
3.58759e-06 1.55624e-06
1.50156e-07 1.67579e-07
1.38718e-08 1.89053e-06
0.000255448 2.85939e-05
9.28955e-06  1.1183e-05
1.35934e-06 1.40914e-05
 3.6479e-07 1.70112e-07
6.16149e-06 0.000115641
5.61328e-08 1.68184e-07
0.000515099 1.28583e-06
8.39295e-07 1.76304e-07
   0.994125 0.000106279
 6.9484e-05    0.994113
0.000148575 1.95943e-05
6.58804e-07 2.18169e-06
4.38805e-05 4.65073e-08
8.19641e-09 7.72951e-07
6.71666e-07 4.76925e-06
8.33473e-07 1.36173e-06
2.21746e-06 5.03227e-07
0.000106301 7.02191e-07
1.31029e-07 7.61694e-05
1.06556e-06 1.46335e-06
 1.4407e-06 6.90174e-07
 1.1913e-06 1.02833e-05
2.18974e-07 5.69311e-07
1.56023e-06 8.03708e-08
1.74514e-07 2.64301e-06
1.71649e-07 7.71701e-08
6.50346e-07 2.61319e-08
2.92527e-07 5.55473e-06
2.07325e-06 4.60058e-07
0.000290805 4.23758e-06
7.28629e-05   1.082e-05
9.22024e-06  1.2009e-06
6.13146e-06 5.44622e-06
2.55384e-06 4.09468e-07
4.73208e-05 1.43669e-05
2.75225e-05 2.00168e-07
 4.7756e-08 2.24451e-06
   0.994106 3.04549e-06
0.000123875 2.21095e-07
2.53533e-08 0.000158811
0.000136066 1.10964e-05
0.000393787 1.54294e-06
4.47833e-06   9.184e-07
1.18067e-07 7.74338e-08
2.64262e-07 4.40973e-06
1.09988e-07 5.55438e-08
1.58154e-05 1.32201e-06
0.000354091 6.78273e-06
1.54844e-06 2.68364e-06
6.06036e-08 8.42789e-06
9.91441e-07 9.54466e-05
3.28865e-05 1.84085e-05
 7.3616e-07 7.17411e-07
1.13727e-06    0.994105
3.34562e-07 1.97731e-08
4.96529e-08 5.64985e-07
0.000351818 2.78018e-06
1.08799e-07 8.05946e-07
1.23966e-05 1.78818e-05
2.08883e-06 2.18469e-05
4.86619e-06 2.21668e-08
1.61576e-06 2.68127e-06
6.26121e-07 9.77347e-06
8.68685e-06 0.000360862
3.70142e-05 0.000139818
1.29554e-07 3.00041e-07
1.86712e-06 3.46385e-08
0.000488635 2.56321e-05
4.66855e-06   2.306e-06
9.44408e-05 1.24489e-05
2.49073e-06 6.28208e-07
1.17897e-05  5.9867e-05
1.95426e-05 0.000574797
 1.2416e-05 1.53167e-07
1.18089e-06 3.04608e-06
5.41658e-06 2.14607e-09
0.000600474    0.994135
2.25686e-05 0.000124606
1.91096e-06 4.56555e-05
6.52913e-05 9.87039e-07
5.14106e-07    0.994111
2.13772e-05 9.77601e-07
7.55963e-05  9.9489e-06
4.27101e-06 4.92924e-06
0.000209047 2.50998e-06
1.26663e-06 5.90369e-07
4.79276e-07  3.5868e-09
7.47199e-09 8.91121e-07
5.77215e-06 1.89981e-05
0.000164279 7.64527e-07
2.56844e-08 3.81562e-06
2.14112e-07 1.30666e-06
2.35091e-08 1.63992e-06
   0.994206 5.65941e-07
5.73296e-08 3.08422e-06
 2.4329e-06 9.64498e-06
1.16277e-06 2.49634e-07
4.90802e-08 3.60583e-07
0.000123559 4.87843e-06
0.000755103 9.28713e-05
5.77527e-08   1.819e-06
 9.4506e-08 3.87611e-06
 1.5842e-05 5.94311e-06
7.73809e-07 9.89149e-06
1.90267e-06 1.29954e-07
3.66961e-07 3.38302e-07
   0.994105 1.68462e-06
5.72661e-08 2.30056e-07
3.37595e-07 0.000332736
2.51877e-07 4.54585e-06
1.46502e-05 5.85918e-08
6.86595e-07  7.2058e-06
6.24107e-07 3.58593e-05
1.90106e-06 2.74337e-07
 5.6135e-06  2.2401e-05
2.17369e-07 7.08241e-08
6.32382e-08 9.26931e-07
1.85224e-05 5.64431e-07
3.33896e-08 0.000377522
1.32371e-06 5.10925e-06
1.74881e-06 3.24775e-07
8.81377e-06 1.12377e-05
1.98157e-05 4.13481e-05
3.63327e-07 2.33714e-07
4.96964e-07 5.10094e-06
7.92674e-07 8.25923e-05
2.36017e-07 5.51145e-06
 4.1453e-05   2.036e-05
5.65276e-07  1.4027e-07
2.60106e-07 4.59099e-06
1.20398e-06 1.53351e-06
6.13085e-06 6.69741e-06
3.94772e-05 1.63258e-05
4.42346e-06 3.78899e-06
 1.1042e-06 1.01851e-07
3.62525e-06 6.18225e-06
 5.3918e-09 2.08036e-07
   0.994106 0.000600086
9.63336e-07 1.61965e-07
1.06381e-07 1.79194e-06
 2.1791e-05 0.000508897
5.16994e-07  8.5282e-07
9.75984e-07 2.49326e-06
    0.99418 5.44836e-05
6.82866e-06 1.14101e-06
3.90642e-06 5.78672e-07
5.35285e-06 2.30466e-07
3.24009e-07 2.64888e-06
1.48669e-05 1.83369e-07
9.13075e-07 6.80421e-05
 2.0461e-05 5.03435e-06
4.73894e-05 3.37885e-05
1.35127e-06 2.09447e-06
0.000178164 6.49072e-07
1.05981e-06 1.97606e-06
6.38429e-07 1.00558e-06
 0.00129049 2.43029e-06
2.87252e-07 9.82812e-06
9.63228e-07  0.00119089
5.67274e-05 6.41544e-06
0.000189314 0.000401127
 1.5337e-06 2.63102e-06
3.53705e-08 5.36333e-06
0.000713091  0.00203728
2.06327e-06 1.15971e-07
4.64137e-07 4.53318e-06
1.69221e-06  0.00283591
2.55549e-05 1.38664e-07
 1.1067e-06 4.06231e-07
0.000103216  3.2061e-06
 1.0531e-06 6.06866e-05
 4.8674e-09 1.13104e-06
2.99733e-05 3.70598e-06
7.60357e-06 4.39538e-06
2.99913e-05 9.83165e-06
9.86304e-05 7.99249e-07
0.000109495 1.76173e-06
7.15832e-07 4.09595e-06
2.84015e-05 1.15276e-05
   0.994274 2.32253e-06
 2.1653e-05 8.77955e-05
1.32268e-08 2.08666e-05
4.65151e-05 6.58181e-07
4.33024e-05 2.52952e-06
1.14253e-06 1.66535e-07
   0.994132 7.81697e-05
6.88577e-05 5.86593e-07
7.46804e-06 0.000126752
2.92095e-06 6.22306e-05
3.32576e-07 5.37008e-05
3.40034e-06 7.53887e-08
2.77352e-07 3.79488e-07
1.42396e-06 2.16099e-05
 1.0807e-07 9.28833e-08
0.000163883 9.45809e-07
1.30844e-06  5.6063e-06
2.90977e-07 2.21919e-05
1.24417e-07 3.00605e-10
4.29745e-06 4.06443e-07
0.000210012 1.09749e-08
6.12251e-07 5.34562e-06
5.63432e-05 2.71532e-05
 1.0823e-05 1.87258e-06
2.70209e-05 6.41562e-06
4.48552e-06 8.16981e-07
9.40933e-05 0.000100244
1.25506e-06 7.29664e-06
1.56718e-06 5.12114e-07
3.05632e-07 3.35466e-06
1.03323e-06 1.14733e-06
9.87513e-06 3.56661e-06
 1.7119e-07  6.1309e-07
5.41572e-09 3.33604e-08
4.49525e-08 2.84566e-07
0.000428214 8.22983e-07
1.31746e-08 2.42957e-06
5.87648e-06 1.50412e-05
2.94552e-07 1.44079e-07
1.59214e-05  2.2249e-08
0.000202452 4.43383e-07
0.000197062 1.00683e-06
 0.00028105 0.000313563
2.15989e-07 0.000272852
6.88809e-08 3.12879e-07
5.46171e-07 5.68291e-07
0.000161462 3.94373e-05
1.02409e-07 1.74704e-06
7.19142e-05 0.000108482
1.98495e-05 1.48311e-05
3.37371e-06 1.46885e-06
4.81604e-05 6.29083e-06
 0.00127525 3.00285e-07
1.93328e-05 4.27725e-05
 9.2393e-05 0.000704432
 4.2968e-07 7.57913e-08
2.90307e-05 0.000396588
1.27546e-05 0.000262759
7.50709e-09 5.56102e-08
0.000309834 0.000584096
8.34035e-06 2.11757e-06
2.23685e-08 3.79612e-08
 1.5355e-06 4.04927e-08
1.36024e-06 8.18942e-06
6.13568e-06 9.31616e-06
4.48882e-07 1.07915e-08
1.93928e-08 7.22694e-07
 0.00563733 5.08866e-06
3.49281e-07 1.10795e-07
 7.3134e-07 3.33587e-06
5.61639e-06 4.36287e-06
0.000218122 3.11016e-07
0.000656149 3.85358e-05
5.98537e-05  1.8009e-06
1.65951e-06 5.26649e-08
1.36041e-06 4.83024e-08
1.95901e-05 4.48783e-06
2.82449e-05 5.37709e-05
 5.3113e-06 7.34321e-06
 6.9432e-07 3.53375e-05
3.89622e-06  0.00355109
8.59068e-07  2.1407e-05
1.99991e-06 4.21649e-06
3.88111e-07 8.45228e-06
1.88689e-07 3.58723e-08
7.46415e-07 2.96066e-07
1.62991e-05 3.20686e-06
1.15084e-06 0.000473385
1.20465e-06 1.23334e-06
2.99841e-06    0.994106
   0.994108 4.47794e-08
9.18019e-07 6.50683e-05
 0.00018053 0.000142286
2.32528e-07 3.41203e-08
3.32756e-09 2.54334e-07
2.92094e-08 1.25645e-05
2.46657e-05  2.5802e-05
1.68011e-06 2.30623e-07
6.66273e-07 2.14621e-06
 2.3151e-07 8.30178e-08
4.88353e-05 1.75707e-05
1.03663e-06 3.12489e-06
1.11601e-05 1.63204e-06
1.49431e-07 2.81079e-07
4.04097e-05 5.59473e-07
3.22622e-06 1.30709e-06
5.33925e-07 1.17283e-07
4.35964e-07 8.33921e-05
4.42434e-05 4.16348e-07
4.33653e-06  4.5209e-06
5.36708e-05 2.05664e-05
1.17001e-06 1.04469e-07
3.21986e-06 2.43892e-08
1.99369e-06 3.89712e-07
0.000314834 2.82288e-05
1.08594e-05 3.38737e-05
6.41558e-06 1.20799e-05
5.56584e-06 3.79273e-07
0.000104152 8.13568e-07
0.000582636 8.86261e-05
5.48369e-07 9.72284e-07
6.81426e-07 1.37271e-06
1.06122e-05 4.06307e-07
5.42286e-07  0.00278156
 1.9912e-07 3.12922e-08
1.13517e-06 8.63513e-07
2.94348e-08 1.01871e-06
3.36072e-05 9.11371e-06
 7.9005e-08 1.18856e-08
8.04228e-07 4.14458e-06
  1.029e-05 6.17815e-06
0.000334769 6.28145e-05
1.30426e-05 7.28406e-06
1.47884e-08 1.35554e-06
   0.994105 3.62166e-07
1.55667e-05 0.000123376
1.41799e-06    0.994165
1.91623e-05 3.74163e-06
7.43595e-07  8.7581e-07
  1.223e-05  1.4993e-06
1.88754e-07 2.40435e-08
1.16338e-08 9.30057e-07
1.00241e-06 2.12356e-06
3.84268e-06 0.000174191
1.96808e-07 2.53829e-06
1.58092e-06 1.12718e-07
1.24628e-06 6.32831e-07
6.70692e-05 1.05374e-07
3.96739e-07  3.2981e-07
 1.2067e-07    0.994105
5.64363e-05 1.15193e-06
1.43666e-06  1.5069e-06
7.26548e-07 1.62207e-07
1.09193e-07 7.19616e-07
4.43415e-07 5.52613e-08
2.03132e-06 1.43701e-05
2.97411e-06 1.03744e-06
 2.0402e-07 5.11867e-07
1.14059e-05 2.47554e-06
3.32678e-07 2.18141e-08
1.18027e-06 4.59068e-07
3.97368e-07 3.53845e-08
1.75173e-06  0.00455148
1.89625e-05 3.87735e-05
1.84804e-06 1.72945e-06
3.13247e-07 1.10795e-05
0.000546779 5.98592e-08
 3.4817e-05 1.15321e-06
0.000129374 2.13994e-05
4.87328e-07 0.000348563
3.19253e-06 3.65511e-06
1.86826e-06 1.06207e-07
0.000148583   5.314e-07
2.08534e-07 2.90876e-06
6.60949e-06 7.54021e-07
3.36056e-05 1.25935e-06
1.76863e-05 3.22066e-06
1.35472e-06 9.85879e-07
0.000103836  3.5965e-05
4.01053e-08 1.03571e-05
   0.994104 7.11996e-06
4.41037e-06 8.73707e-06
2.27048e-06 6.23043e-06
1.28702e-07  9.0124e-06
7.46767e-08 6.39393e-06
6.81894e-07  1.8601e-07
2.47521e-06 2.68356e-07
4.43429e-07 1.69576e-06
0.000122362 0.000335831
6.04319e-08 7.18362e-06
1.00217e-05 0.000174641
0.000139394 0.000172278
8.87385e-09 2.12792e-07
1.31396e-05 1.27125e-07
4.06528e-06 0.000236927
1.62697e-07  5.3234e-07
4.89384e-07 5.73751e-06
1.99662e-08 1.49832e-08
5.41197e-07 1.38998e-06
2.96002e-08 2.94893e-07
4.14359e-08 2.95792e-07
1.07055e-05 3.26812e-06
2.01213e-07  5.6234e-07
   0.994104 2.27097e-06
1.31313e-07 0.000122362
8.58414e-08 4.16516e-07
1.79865e-07 8.32372e-06
4.93586e-07 2.70546e-07
 0.00116313 4.46014e-06
3.01145e-07 1.35472e-06
5.93006e-06 2.27681e-07
 0.00179381 2.75491e-05
3.47164e-08 9.03738e-07
4.77963e-07 8.21012e-05
8.00351e-07 9.14038e-05
2.24015e-07 2.13376e-06
4.91865e-07 1.01662e-07
0.000143537 6.19544e-06
8.80462e-07 1.12857e-06
6.05241e-05 4.78004e-07
2.83249e-07    0.994104
1.14662e-06     0.99411
0.000531435 5.37586e-06
2.71049e-06 9.01542e-07
5.79892e-05 2.59337e-07
0.000159716 0.000334047
3.66348e-08 3.35502e-07
0.000392851 3.14722e-06
0.000408439 3.32204e-05
1.93789e-08  4.1878e-06
3.03555e-07 1.26227e-07
1.92638e-07 3.01854e-09
1.45535e-05 1.00185e-05
1.01872e-07 3.50808e-07
9.83394e-07 2.28757e-06
 1.8346e-05 9.45326e-08
2.33522e-08  1.2718e-06
1.73787e-06 1.65037e-06
 5.9288e-06 4.05486e-07
8.81547e-06 9.24066e-06
1.06361e-05 2.94533e-06
2.20373e-06 8.70501e-07
 3.7403e-05 3.34503e-06
1.63984e-06    0.994117
4.65763e-05 1.25621e-07
6.12883e-06 1.52831e-07
2.08091e-06 4.58921e-05
1.20703e-05    0.994104
 2.0079e-06 8.77152e-06
4.02317e-06 4.50589e-06
2.26324e-08 3.87906e-08
2.11005e-05 0.000657208
3.98732e-05 5.19928e-05
3.82394e-08  9.9083e-07
1.23728e-07 1.89469e-05
1.79893e-07 3.48474e-07
 9.2454e-05 0.000284271
3.00821e-05 0.000341288
2.71526e-06 1.15096e-08
1.94762e-06  3.1122e-05
0.000483884  4.5218e-05
8.06817e-07  1.5944e-06
3.28763e-06 7.61735e-05
1.09631e-06 0.000220184
1.05934e-06  3.7896e-06
4.21422e-05 1.56109e-06
0.000245979 1.71159e-07
 0.00186424 1.58461e-06
8.31958e-05  1.2328e-06
   0.994104 8.50352e-09
 4.3683e-07 8.91547e-06
0.000100353 8.37963e-07
0.000642342 4.47326e-06
1.56395e-05 2.85832e-06
1.77297e-05 7.59488e-05
1.53912e-06 4.80454e-06
1.17962e-05  1.1444e-06
1.15219e-06 1.20982e-07
3.81282e-06 1.04812e-06
0.000163465 2.64102e-07
9.71785e-07 2.70563e-08
1.13224e-05 5.04233e-07
1.39008e-06 1.37455e-06
1.19617e-07 2.27859e-08
   0.994104  3.6556e-08
3.18628e-06 4.12956e-05
8.41082e-07 2.01052e-06
8.38012e-06 2.16955e-07
 0.00177588 4.50235e-06
 4.1508e-07 4.85676e-06
3.41243e-05 5.69156e-08
1.34388e-06 4.95745e-08
9.63118e-06 3.01007e-08
 7.3774e-07 4.42426e-08
9.42215e-05 1.28131e-05
8.79286e-06 1.91692e-05
6.84703e-08 1.20628e-06
1.67981e-05    0.994118
2.16713e-06     0.99411
2.30037e-07 5.85642e-05
1.56249e-07 3.32142e-06
 4.3875e-07 1.59359e-07
4.43494e-07  9.4287e-07
6.32564e-07  5.8322e-07
9.15184e-06 2.02813e-06
   0.994108 1.37325e-07
1.66836e-07 5.03712e-06
7.53539e-06 2.60752e-08
3.77514e-05 1.95451e-06
7.70108e-07 2.12031e-06
6.18706e-06 1.59701e-06
4.01441e-08 2.49008e-05
4.01924e-06 3.96682e-05
 4.0158e-06 0.000554308
4.92927e-06 1.51812e-05
1.59393e-07     0.99414
0.000191422 2.91515e-07
1.10321e-06 8.10081e-08
6.07053e-07  1.2539e-07
9.51025e-07 0.000769679
1.44442e-07 7.09577e-06
4.53261e-06 1.42832e-05
3.15407e-05 6.21975e-06
3.78287e-07 3.22718e-08
2.35004e-07 4.50746e-07
3.53092e-06 1.02306e-05
5.12586e-08  3.6063e-07
4.91271e-07 4.77963e-08
1.04311e-07  1.9637e-06
2.34575e-05 1.75977e-05
2.43592e-05 3.55915e-07
1.27652e-05 1.39194e-06
5.82171e-05 8.44841e-08
8.11722e-06 1.43124e-05
2.40132e-06 1.40606e-05
8.78375e-07 6.07141e-07
9.08642e-08 0.000331625
2.60567e-06 2.11558e-08
9.48745e-06 3.39868e-06
 4.8708e-05 6.19056e-06
1.31298e-07 7.91079e-08
1.74613e-08 2.04473e-06
4.98743e-05 4.46488e-05
3.81008e-07 6.63797e-08
 9.7955e-06 4.79073e-07
0.000331603 0.000156572
5.66475e-06 7.52849e-07
2.45211e-06 8.15547e-07
7.67239e-05 3.93981e-06
1.05008e-08  2.0722e-07
1.37993e-05 2.24898e-07
5.23317e-06 4.13005e-07
1.87246e-05    0.994114
1.09627e-07 9.75293e-06
9.68097e-05 3.71508e-05
2.60093e-05 9.03782e-07
1.27645e-06 6.82384e-05
2.20062e-05 7.97282e-05
3.52403e-05 2.24015e-05
3.20534e-06 0.000429028
1.93142e-06 6.45226e-06
0.000203433 2.82642e-06
   0.994116 2.62751e-08
4.29399e-07 1.76085e-07
3.48976e-05 8.50848e-06
9.44697e-08 4.38397e-05
1.14061e-05 3.81615e-05
3.68544e-07 6.75435e-06
 8.7315e-07 2.25307e-06
2.28368e-05 5.78553e-06
3.49613e-05  1.7609e-05
9.48345e-07 5.78258e-06
1.56364e-05  5.7804e-06
0.000296492  2.7902e-06
0.000112411  0.00115469
9.88992e-06 5.65207e-06
 1.1132e-05 5.56231e-05
3.92201e-06 2.48105e-05
2.59819e-06 7.59173e-07
1.07328e-06 1.49854e-06
2.18899e-05 6.03725e-07
3.07509e-05 0.000100009
1.47958e-06 0.000291087
1.81954e-05 1.98705e-06
1.87521e-05 7.57064e-07
2.71804e-05 0.000432737
6.31784e-07 2.64963e-06
1.09298e-06 1.87807e-05
2.74855e-08 1.78163e-07
9.99399e-09 5.05477e-07
2.00181e-06 7.33177e-06
 6.7684e-07 4.72202e-07
2.16507e-07 3.06399e-07
2.59276e-07 4.24512e-06
8.90778e-06 3.89557e-06
1.01932e-06 8.73327e-05
6.06996e-06  3.6852e-07
1.24153e-06 0.000310239
0.000236219    0.994465
2.96222e-06 1.00741e-06
2.92342e-08 6.26582e-08
1.05705e-07 1.17118e-07
0.000199653 0.000635235
9.25377e-07 1.33094e-05
1.28497e-06 3.27049e-06
3.58814e-08 6.20726e-08
1.22054e-05 1.69707e-06
9.65703e-06 7.68962e-07
8.00504e-07 3.69912e-06
2.16246e-05 1.78427e-05
1.26152e-05 4.86725e-05
0.000311571    0.994372
1.64647e-07 7.21376e-08
5.78332e-06 2.45341e-06
  0.0006273 1.60459e-05
6.42515e-06 5.02247e-08
2.97169e-05  1.5829e-05
 1.5138e-07 1.57774e-05
4.30279e-06 3.23751e-05
1.79046e-05 6.85123e-08
3.67215e-08 7.82969e-07
5.74838e-05 6.85374e-08
3.17491e-07 2.27644e-07
2.99611e-05 1.46149e-05
1.40158e-06 2.54755e-06
6.97715e-06  1.5856e-05
6.84222e-07 2.51761e-07
9.29955e-08    0.994104
1.83582e-06 2.59957e-06
9.43652e-08 3.34579e-07
4.29739e-06 2.69889e-06
1.56705e-05 1.76944e-06
0.000208919 4.03708e-05
6.72436e-05 6.24106e-07
5.88342e-05 2.01312e-08
3.33317e-07 8.28656e-06
   0.994105 0.000631877
4.69225e-05 7.44157e-06
5.92022e-06 5.12898e-07
   0.994104 6.85677e-07
 3.3448e-06 6.92191e-06
6.35932e-07 2.34597e-07
5.30207e-08 4.97326e-06
0.000386626  1.9812e-05
 9.0317e-07 0.000143613
   2.11e-06 1.03437e-07
6.93161e-05 1.24738e-08
4.11832e-06 3.15999e-05
8.42546e-06 7.93179e-06
1.41622e-06 2.82619e-06
1.19786e-05 2.21019e-06
5.03601e-05 2.43719e-05
   0.994108 1.48069e-05
6.74879e-06 2.32714e-07
2.36498e-06 1.82882e-06
1.15522e-06  1.4089e-07
6.87219e-06 5.98731e-05
4.96399e-07     0.99411
4.28964e-05 1.58741e-05
8.75779e-07 1.61061e-07
0.000176827 7.28434e-05
8.85845e-06 2.44144e-07
0.000439432 2.32957e-06
3.08883e-06 1.82211e-07
4.65038e-06 8.84153e-06
 7.8681e-07 5.08972e-05
2.97481e-06 1.21938e-07
1.55805e-07 7.00836e-06
4.80521e-05 3.25043e-08
8.37843e-07 1.63584e-06
3.77601e-07 1.15742e-06
8.18385e-07 1.22374e-05
1.62433e-08 2.77556e-08
3.18492e-06 8.29511e-07
 8.2498e-06  1.0459e-05
2.06457e-05 2.83575e-06
1.21193e-07 1.54956e-06
5.15102e-05 2.07431e-05
2.98146e-06 9.85828e-07
   0.000317  3.7372e-07
8.46981e-08    0.994206
2.47053e-07 0.000127441
0.000136421 4.33324e-05
2.63918e-07 1.99277e-07
4.33992e-07 2.13702e-05
 0.00131383 5.97963e-06
1.88679e-06 9.33999e-05
2.85619e-06 3.45071e-05
2.23587e-06 5.11365e-06
8.04333e-07 1.19342e-06
3.61455e-05 8.97667e-06
8.86752e-08 3.20999e-06
1.96557e-08 7.84812e-09
1.11375e-06 1.67573e-06
0.000255652 1.06588e-06
1.38171e-05 1.21579e-06
0.000284967 1.77421e-05
0.000421736 1.26963e-06
1.40377e-08 2.57693e-06
 0.00574138 5.42728e-06
6.50385e-08 9.13008e-07
2.45921e-08  5.8356e-06
6.60078e-08 2.77273e-07
 2.2902e-06 6.70567e-05
7.58528e-06    0.994122
8.20125e-08  1.7354e-07
4.21843e-08 5.90858e-07
5.92254e-06 3.57405e-07
9.91178e-06 1.32195e-06
 5.1088e-06 5.34302e-05
4.81606e-05 1.85761e-05
4.50345e-07 7.96482e-07
0.000553654 6.86663e-07
4.33968e-06 2.92055e-06
7.83399e-06 1.89871e-05
0.000126967 1.44086e-06
0.000428496 5.07214e-05
6.97606e-08 2.30291e-05
2.43994e-05 7.25765e-06
2.62403e-09 8.40556e-08
0.000893073 1.38839e-05
1.36717e-07 1.14689e-06
2.74543e-06 2.11848e-06
 7.5925e-06 1.99218e-06
1.77729e-06 8.08247e-07
3.18573e-06 8.04588e-07
1.65509e-06  6.1579e-06
2.95574e-07 8.43101e-08
3.60262e-08  2.7872e-06
2.57527e-08 4.01057e-06
0.000747811    0.994134
2.11922e-06 0.000244341
1.47789e-06 2.61635e-07
   0.994152 4.04161e-07
3.00275e-06 3.26428e-07
   0.996362  0.00036466
2.62873e-06 3.04095e-05
7.18311e-06 8.88974e-07
 3.3722e-07 0.000312028
3.76671e-06 7.96309e-08
5.15504e-07    0.994137
9.65124e-06 5.72885e-07
5.60373e-07 1.40724e-07
1.07515e-07 8.38152e-08
3.35019e-06 3.61502e-08
2.49313e-06 2.34302e-05
 3.0097e-07 4.78271e-06
8.27252e-06 0.000745181
1.38462e-05 3.83295e-06
1.34231e-05  2.1595e-07
7.81122e-06 2.55553e-06
1.93396e-06  5.9507e-05
0.000207442 9.98921e-06
2.42164e-05 2.01001e-05
1.18264e-05 2.66444e-05
3.60561e-08 3.45628e-06
6.31257e-07 1.34577e-06
6.80104e-05  0.00350236
 1.1974e-05 3.95847e-07
1.05903e-05 0.000149399
   0.994105 7.17098e-06
5.77362e-06    0.994104
4.24572e-09 9.61532e-08
2.18153e-07    0.994132
4.38601e-08 1.59105e-06
 1.7443e-06 1.32713e-06
5.33188e-05 3.60034e-08
0.000788651 9.08558e-06
 1.0102e-05  3.3623e-07
7.00273e-07 4.10081e-08
0.000267757 1.79679e-07
3.51079e-07 4.83427e-07
7.15635e-05 6.99908e-06
0.000179379 5.35709e-05
1.32854e-05  5.5877e-06
2.75706e-06 0.000230976
6.86128e-05 6.48479e-06
2.73014e-05  2.5391e-06
2.72159e-07 1.13568e-07
 3.6868e-07  6.8434e-07
 1.1177e-05 1.69884e-05
5.91597e-07 2.14216e-05
3.46283e-06 2.57096e-06
5.35267e-06 4.93812e-08
2.09878e-05 2.16035e-05
5.47014e-07 3.65349e-07
1.87874e-05 1.13787e-05
4.47119e-07 1.18457e-08
5.73048e-06 1.21096e-06
1.05275e-05 5.29238e-07
1.27931e-06 7.54077e-07
1.07457e-05 4.01909e-05
7.06775e-05 0.000382018
6.06315e-07 2.10632e-06
2.50599e-08    0.994117
4.13214e-06 6.35935e-07
6.99097e-05 2.48063e-07
1.92834e-06 7.95904e-05
 0.00022742 8.10464e-05
9.93834e-07 4.35388e-05
1.34862e-05 5.54483e-06
4.54276e-06 3.23975e-07
5.81066e-06  1.4279e-07
 7.7502e-08 1.05814e-07
2.88346e-07 5.87773e-07
   0.994107 6.02771e-05
0.000151449 2.78922e-07
3.19647e-06 0.000140596
1.39193e-06 1.80953e-07
4.72041e-07  0.00515801
1.89124e-07 3.91821e-06
 0.00168773 5.13347e-05
6.66746e-07 2.90086e-07
1.52813e-07 5.99773e-07
0.000136108 8.77092e-08
3.93796e-08   4.798e-07
2.31711e-08 1.19153e-07
2.46929e-08 6.33908e-07
9.30022e-06 2.08146e-07
9.85127e-08 3.46282e-06
0.000211571 6.87145e-06
2.00821e-05   6.939e-05
2.92245e-06 4.19951e-05
1.80228e-08 7.17489e-07
 5.8671e-09 1.85942e-06
1.58244e-07 9.42848e-08
2.74455e-06 2.96058e-07
7.06736e-08 5.34103e-06
3.11381e-07 1.10579e-05
2.00065e-07 4.71243e-07
3.12032e-06 8.18883e-07
4.19743e-08 6.02169e-07
1.94343e-05 1.17216e-06
6.42916e-06 8.21094e-06
4.15073e-06 2.55663e-06
0.000181376 8.65011e-07
 2.5581e-06  4.3276e-05
2.47547e-05 0.000101656
2.76348e-05 8.62859e-06
2.36652e-08 2.30903e-08
3.03077e-05 6.49358e-05
9.17919e-08 2.48201e-07
1.54434e-07 6.16918e-08
6.74721e-07    0.994117
3.08682e-05 4.84549e-06
 5.5007e-08 3.95062e-06
8.42903e-07 4.95777e-08
4.53966e-07 2.77381e-06
7.91266e-06 5.90119e-06
2.56665e-08 5.43228e-08
1.70501e-07 1.61749e-06
2.96689e-05 4.55817e-06
2.72353e-05 8.61008e-07
7.45859e-08 6.17858e-07
1.28187e-06 5.38055e-05
 1.6926e-06 1.86449e-07
2.29067e-07 5.27106e-07
7.06597e-05 9.30664e-06
5.50273e-05  9.3483e-07
9.24406e-09 2.52713e-08
0.000562294 2.67883e-07
7.70032e-06 1.45133e-07
1.16391e-07 5.92767e-07
1.51774e-06 1.26044e-06
1.17158e-05 1.93868e-06
8.06622e-06 5.98133e-06
2.79858e-06 2.48468e-07
3.54544e-06 0.000179694
   0.994104 5.69798e-08
6.20007e-07 9.27977e-07
   0.994104 8.98211e-08
7.01046e-09 4.03012e-06
7.70337e-07  1.2512e-06
7.49391e-05 3.19649e-06
   0.994107 1.11422e-07
 2.0086e-06 3.89504e-05
3.22631e-05 3.44136e-06
3.49994e-06 5.71995e-06
 2.9218e-06  5.5926e-06
3.18199e-06 7.31216e-06
1.51889e-07 6.37046e-07
3.01794e-07 4.88105e-06
7.81671e-09 6.71592e-08
5.43781e-06 5.09876e-06
6.95992e-08 1.39784e-07
3.43124e-06 4.85929e-06
1.46271e-08 1.70902e-06
0.000177998 6.26239e-07
1.22763e-06 2.81339e-06
1.69931e-06  2.7283e-06
8.54244e-06  3.3994e-05
   0.994106 4.16715e-05
6.85465e-06 1.34836e-06
 0.00440676 2.27733e-06
1.27559e-05 1.45106e-07
6.79858e-06 4.64983e-07
4.16659e-07  2.3904e-07
7.70195e-06 9.98851e-06
0.000177055 1.17727e-05
6.26579e-07 4.35883e-07
1.43348e-06 4.12232e-06
2.23578e-07 1.59759e-07
8.02182e-06 5.59317e-05
 8.6286e-09    0.994104
2.81918e-07 5.70271e-07
2.67619e-07 1.31313e-07
4.30878e-07 6.68753e-06
5.46196e-08 3.19939e-06
4.36531e-08 1.38468e-05
8.70644e-07 3.29592e-05
1.70794e-08 1.45644e-06
5.75646e-07 6.64841e-07
9.25089e-05  0.00230495
3.36871e-07    0.994105
0.000457843 1.82374e-06
7.05402e-05 1.99403e-06
1.47218e-06 1.79229e-06
    0.99414 3.65439e-06
1.16946e-05 6.45221e-07
2.07205e-06 2.09231e-07
6.39591e-08 3.75393e-08
1.31457e-05 1.53745e-05
3.45657e-07 5.58834e-05
5.59138e-06 5.26127e-06
 0.00015956 3.52494e-06
6.06605e-07  1.2667e-06
4.84566e-09 3.76662e-07
9.40492e-05 3.96124e-06
2.28627e-07 7.46933e-06
1.57577e-07 1.56607e-06
3.94451e-06 2.34038e-07
   0.994136 6.47575e-08
7.94578e-08 8.14873e-07
6.97045e-07  2.6066e-07
  0.0064556 2.57056e-05
5.08584e-06 1.67481e-06
1.56758e-06 5.15308e-07
4.57646e-09 8.52685e-09
7.65798e-08 4.85116e-06
4.71062e-08 6.97248e-06
1.82341e-06 2.74282e-07
 1.0614e-07 1.52116e-07
2.66359e-06 4.42772e-08
3.34171e-08 2.28755e-07
 9.9355e-06 2.39385e-06
1.56275e-06 4.49004e-07
0.000151497 6.18442e-07
1.33666e-05 2.28385e-07
2.35198e-07 1.07684e-06
2.34086e-08 1.74766e-06
0.000215188 2.02459e-07
3.88865e-05 1.08726e-06
7.04602e-07 7.40979e-08
1.68887e-05  1.7306e-06
5.55049e-05 0.000107271
6.00378e-08 3.25569e-06
3.39358e-07 1.24775e-05
0.000102066 5.33084e-08
0.000169113 2.92586e-06
9.63874e-05   7.935e-06
5.70731e-06 0.000141809
5.99112e-06 0.000245319
2.59243e-05 2.16641e-09
1.66633e-05 1.52004e-06
5.45892e-07 2.29686e-05
8.64841e-08  0.00201822
2.42157e-05  0.00214124
5.46894e-07 2.80846e-06
0.000139046 9.26009e-05
   0.994114 1.29035e-06
1.90414e-06 2.60877e-07
 7.2453e-08 6.51748e-06
 2.2217e-07 4.23844e-06
7.22672e-06 6.34851e-07
1.10892e-06 3.95098e-05
1.14253e-06 1.31637e-06
1.25822e-07 4.02859e-07
8.85038e-07 5.40324e-07
2.37508e-06 0.000400357
   0.994104 9.05079e-07
 2.1766e-05 3.43533e-06
7.97352e-08 1.21716e-06
3.35728e-05 6.12707e-05
9.98582e-09 6.78894e-07
   0.996236 9.01725e-07
1.25703e-08 1.83778e-07
2.19605e-05 4.73004e-06
   0.994206 2.34893e-05
0.000140489 1.09405e-07
  0.0021902 1.39386e-06
1.87671e-07 2.21491e-07
 4.4281e-06  2.7325e-06
1.97157e-06  3.4973e-05
4.56273e-06 1.58453e-06
1.19411e-06 6.26189e-07
2.04236e-07 5.09625e-07
6.36983e-08 8.34251e-07
1.15526e-07  1.2376e-06
 4.8454e-06 0.000346608
2.08676e-06 1.51902e-07
9.10187e-06  1.8556e-06
5.97527e-08 7.12102e-08
9.02936e-08 1.96645e-06
6.99493e-06 0.000130436
0.000652065 0.000460005
6.97468e-06 2.18878e-05
2.40553e-06 1.19732e-05
4.68723e-06 4.71016e-06
 2.5995e-05 1.78441e-05
2.32903e-06  0.00241122
2.17998e-07 2.08371e-05
3.29396e-05 1.20825e-05
1.11686e-05 2.93931e-05
5.06161e-05 9.64797e-07
3.85403e-06 7.60856e-06
2.13258e-06 4.36677e-06
1.24886e-05 2.67795e-07
9.32812e-08 5.84401e-07
1.02099e-07  1.4348e-07
1.27607e-06 1.82242e-07
2.21687e-07 8.21228e-08
6.31579e-06 1.17409e-05
0.000695694 0.000273364
1.04206e-08 1.83591e-08
 3.1137e-06 1.67084e-06
3.14922e-07 2.21427e-06
1.93744e-07 7.78738e-08
3.61531e-05 0.000928255
0.000264944 1.79056e-06
3.15616e-06 2.35222e-06
 3.8252e-05    0.994111
0.000125422 0.000124752
6.28493e-06 9.82053e-09
 0.00154435 8.65236e-06
2.58969e-06 6.44122e-07
1.35439e-06    0.994118
   0.994529 0.000745253
4.68324e-05 6.10081e-07
5.46812e-08 3.31702e-06
1.69909e-06 0.000103625
1.73012e-05 2.33415e-05
5.49642e-05 6.54124e-06
7.40974e-06 3.05111e-06
 3.6003e-07 1.32185e-05
0.000109437 1.83282e-07
5.77806e-06 1.05529e-07
  1.315e-07 2.40049e-06
2.34773e-06 0.000104003
1.18047e-05 5.00296e-06
2.95818e-06 4.77127e-05
   0.994118 1.57388e-07
1.33929e-06 9.75508e-07
2.66455e-08  1.5168e-06
2.97362e-07  7.5002e-05
3.43501e-08 1.16283e-07
3.29411e-08    0.994104
7.95001e-06 7.55631e-07
0.000107851 0.000342961
2.40531e-06 1.44929e-06
1.21455e-06 1.35682e-07
2.47258e-06 6.66253e-06
3.65665e-05 7.93978e-07
0.000109999 1.04038e-05
3.27817e-06 1.71141e-05
2.06673e-07 1.07581e-07
7.34799e-07 1.84358e-05
1.88529e-05 0.000111912
1.26472e-05 0.000922838
2.43509e-07 5.11577e-09
3.11661e-05 2.94846e-06
4.19277e-08 1.02473e-07
5.48651e-09 4.02405e-08
5.24738e-06 4.65907e-06
2.39768e-05    0.994104
9.90334e-06 0.000281244
4.79301e-07   0.0024829
4.08334e-07 3.37062e-06
9.64053e-07 0.000149926
 4.9474e-06 3.41699e-06
2.93344e-08 6.36984e-06
0.000178621 4.27632e-06
3.67934e-06 7.08738e-06
2.91592e-06 4.34474e-07
 6.5522e-08 4.33679e-08
2.99101e-05  0.00179283
1.30679e-05 3.39905e-05
1.72652e-06  8.6305e-06
4.15194e-06 8.82717e-06
6.21316e-09 2.35054e-08
9.12653e-06 1.46923e-07
7.55987e-08 3.06545e-06
4.09286e-06   4.166e-07
5.88861e-08 4.89939e-07
1.90248e-06 1.81875e-07
3.42689e-06  1.9783e-06
0.000383988 9.12327e-05
2.35708e-07 7.89029e-06
4.93148e-08    0.994105
1.00253e-06 5.77551e-06
1.88014e-07    0.994346
 3.1648e-05 4.28964e-05
7.27835e-07 6.95484e-08
  9.504e-07 9.76211e-08
5.72876e-07  1.1723e-06
7.33823e-06 5.54722e-06
1.46385e-06 0.000610861
6.96257e-07 2.19257e-05
1.32508e-05 7.16554e-08
2.05208e-05 1.24022e-05
2.67031e-05 1.46964e-06
9.18779e-06 2.67245e-05
6.54437e-05 4.93576e-06
2.79443e-08 3.19502e-06
1.33896e-05 7.17928e-05
   0.994108 2.27901e-08
1.25364e-05 3.36369e-06
2.53882e-07 3.75967e-06
3.43095e-08 9.28595e-06
1.87043e-07 1.48079e-08
5.93108e-06 0.000767762
5.65469e-06 4.33261e-05
8.52046e-06 4.41637e-05
7.22607e-08 2.06141e-07
2.67647e-07 5.25744e-08
9.04093e-06 9.79061e-07
5.12671e-06 2.42079e-05
0.000209998 3.53863e-07
0.000179528    0.994318
4.38688e-07    0.994145
9.16504e-09 6.72997e-06
7.61398e-07 4.24126e-07
 2.6416e-07 3.91162e-08
 0.00035907  7.7243e-05
8.96524e-06  1.0013e-05
3.72046e-05 5.44495e-07
4.74849e-07 2.20795e-05
3.59488e-05 2.34163e-06
1.77821e-05 1.20952e-05
1.50414e-06 4.06075e-08
2.88578e-05 3.01598e-07
0.000350308 1.54936e-05
1.48845e-05 6.54106e-06
 5.0202e-07 2.85874e-05
3.01044e-06 5.97103e-05
1.55352e-05 4.47986e-06
9.72602e-07    0.994104
2.09892e-06 2.90465e-07
5.89422e-07 5.07976e-07
1.44665e-06 4.77621e-07
1.40469e-06 3.80278e-06
1.96911e-07 0.000128555
 1.2482e-07 6.15552e-05
2.50427e-05 5.09316e-06
2.34513e-06 6.22201e-06
3.04229e-05 0.000100127
1.37609e-07 1.17153e-07
2.27946e-07 2.06437e-07
0.000160804 7.38125e-05
3.89366e-06 2.78799e-06
1.38424e-05  4.7769e-06
1.74656e-05 6.46948e-06
3.85938e-07 2.25991e-08
 8.7356e-08 3.94859e-06
2.79394e-06 1.33338e-06
5.52506e-09 3.77505e-08
3.47795e-05 6.29447e-07
2.31396e-07 9.10262e-06
3.07826e-07 9.88908e-09
9.76628e-07 4.60516e-06
4.86882e-07 2.56408e-06
4.00757e-07 2.11502e-06
1.59248e-05 1.13295e-06
 8.0556e-06 2.51348e-06
   0.994104 1.46012e-06
 3.4846e-06 0.000145522
9.67063e-06 7.95044e-05
4.44444e-06 1.92046e-05
 8.6539e-06 0.000844305
2.20658e-06 1.04269e-05
7.20618e-07 2.09556e-06
7.68633e-06 7.37648e-08
2.34011e-07 1.62043e-06
8.41414e-07 2.02856e-06
6.82153e-08 1.18019e-07
2.20553e-05 1.66606e-07
6.55032e-06 2.42122e-06
1.33019e-05 1.94862e-06
7.68351e-07 2.29022e-08
1.13949e-06 9.55206e-09
1.01071e-06 1.25536e-06
6.04577e-08  1.8635e-06
5.81234e-05  0.00102404
7.09279e-05 6.68313e-06
0.000439198 2.98712e-07
1.13652e-08 2.80234e-08
2.65459e-06 2.55279e-06
0.000139338  4.8405e-08
0.000802278 1.42526e-07
5.32742e-05 7.37566e-07
9.30719e-08 2.99632e-07
0.000399926 3.61863e-05
5.69799e-06 5.96899e-05
5.06224e-06 2.37551e-07
4.59867e-08 3.42205e-07
4.74879e-07 0.000111996
2.56206e-05 1.79147e-05
2.03387e-07 1.00388e-05
3.95179e-06 2.55762e-06
7.69831e-07 5.34596e-05
1.58589e-05 1.22965e-06
4.59041e-06  1.5822e-06
6.72048e-08 5.61321e-06
1.22443e-06 1.44863e-05
1.09458e-06 4.51104e-06
1.37942e-05 1.72097e-05
1.37131e-09    0.994104
3.83977e-08 0.000106436
0.000532546 1.98212e-06
9.01902e-08 8.61673e-08
0.000123682 6.17221e-08
 0.00113979 6.10594e-06
5.46318e-06 1.34431e-05
5.02677e-08    0.994104
0.000173189 6.53617e-06
1.85697e-06 7.61391e-05
6.25537e-05 1.51195e-06
1.39142e-07 5.12775e-08
0.000113992    0.994743
3.26242e-06   9.687e-07
9.66167e-07 3.28096e-06
7.55642e-06 4.50376e-05
1.09221e-06 4.27252e-07
   0.994437 4.10803e-07
5.01072e-07 1.98203e-07
1.55107e-06  3.4537e-05
5.46543e-07 3.53035e-07
2.68817e-07 3.71782e-06
1.65628e-06 1.37361e-06
2.23166e-06 1.31787e-05
3.21703e-05 4.11576e-05
0.000396966    0.994104
2.18211e-05 5.30582e-05
4.93744e-07 1.59625e-07
0.000190732 0.000285957
2.12049e-07 9.56412e-07
7.18521e-06 2.07056e-06
 2.6599e-06 7.83816e-05
4.55418e-06 5.39647e-06
4.59069e-05 2.25509e-07
3.63413e-06 9.32311e-08
8.68992e-07 2.84552e-08
 5.8689e-05  6.8776e-06
2.50029e-07 2.42983e-06
3.61053e-08 5.66966e-06
8.90212e-08 4.35806e-06
7.55809e-05 3.98311e-05
2.84108e-05 4.20729e-06
5.75589e-08 1.33409e-06
2.46622e-09 3.69042e-08
1.25241e-07 0.000213186
2.74992e-06  2.4813e-06
 2.1993e-06 0.000121804
 2.7762e-05 1.34159e-07
0.000554983 5.84668e-07
2.47473e-06 1.95138e-05
1.08827e-05  2.1939e-08
 1.2042e-05 1.70696e-06
2.02626e-07 1.69196e-07
7.98413e-07 2.32969e-06
9.58833e-07 1.42607e-06
5.17296e-06 4.31127e-05
2.18062e-08 1.23946e-06
4.86321e-07 5.05822e-07
3.74142e-05 9.76879e-05
3.30522e-06  0.00372881
7.94173e-09 3.49858e-05
0.000302691 4.15942e-05
9.83907e-08 1.17001e-06
5.71351e-06 9.25014e-05
9.59202e-06  3.4382e-05
2.67435e-06 1.30098e-06
5.11023e-05 1.39833e-07
 0.00120317   6.181e-08
0.000101378 7.72401e-06
1.49843e-06 8.74374e-06
4.00211e-05 1.03399e-05