2.76466e-07 0.000614599
8.21831e-06 7.11519e-07
7.38599e-06 1.79806e-05
2.73138e-05 1.48152e-07
3.23513e-07 1.53323e-06
6.54865e-06 2.31605e-06
9.63061e-06 3.57948e-05
5.54481e-06 1.24114e-05
5.47122e-07 1.24144e-05
   0.994105 1.47288e-06
5.61468e-06 1.07054e-07
3.05347e-07 7.03857e-06
 1.3951e-05  5.1791e-05
 1.0599e-05 5.24343e-07
5.12086e-05 3.47306e-05
2.21349e-05 1.93999e-06
5.23319e-06 3.88586e-07
 1.6419e-05 0.000644367
4.52261e-06 3.31479e-07
1.23849e-06 2.78245e-05
3.89722e-05  0.00146954
3.07974e-07 1.13519e-05
7.51279e-06  2.1583e-06
 0.00091925 1.75893e-06
5.85395e-07 6.02551e-06
 4.0654e-06 0.000256459
 1.8818e-07 1.77354e-06
6.96164e-05 7.11968e-08
1.28915e-06 0.000220006
2.63891e-05 1.14683e-06
3.83423e-07 4.63228e-06
 1.4825e-07 4.07556e-07
1.90733e-05 6.88969e-06
1.19368e-06 2.24346e-06
5.35804e-05  8.6856e-06
1.79759e-08 1.36179e-05
4.67697e-07  9.9234e-08
   0.994104 3.33975e-07
7.49626e-07 7.55424e-07
1.17832e-06 5.60603e-07
7.10132e-07 3.09919e-06
8.16822e-06 8.82592e-06
6.61312e-09 1.34673e-06
4.22617e-05 3.09769e-05
0.000750977  7.2271e-07
 1.3518e-06 6.22216e-06
2.85039e-05  1.2335e-06
5.60153e-05 1.04273e-05
 0.00110011 1.02025e-05
6.83855e-08 1.35028e-08
  8.674e-07 1.03729e-07
 6.3481e-08 8.65273e-07
5.02004e-05 3.84971e-05
1.05877e-08 5.77611e-07
4.67774e-05 3.61941e-06
1.18362e-06 1.17441e-06
1.29779e-05 3.91978e-05
 3.8024e-06 7.04023e-06
8.85738e-09 2.60067e-06
1.11682e-06 9.11132e-08
0.000206319 6.57363e-07
0.000276091 6.81126e-06
3.25558e-06  5.1517e-06
 3.3417e-06 5.91153e-06
5.09731e-06 1.24086e-06
3.09774e-09 3.92656e-09
2.81075e-05 4.72148e-06
8.43788e-05 0.000542966
4.58522e-06 2.52724e-05
1.09198e-05  0.00551329
8.34006e-06 4.55859e-06
3.05928e-06 1.06049e-06
1.45972e-06  3.3731e-07
2.56598e-05 0.000594086
4.65556e-08 0.000124102
1.75847e-06 2.49728e-08
2.34938e-07 1.13452e-10
1.43627e-07    0.994104
3.50034e-07 3.21357e-05
3.27792e-06  1.4361e-05
   0.994153 7.68023e-07
2.63457e-07 7.46135e-06
1.90397e-06 6.31559e-06
 4.4907e-06 6.47782e-07
7.20259e-06    0.994135
1.43756e-07 2.09292e-05
1.55409e-06 1.36517e-06
1.23229e-05  6.1772e-05
7.40746e-06 0.000261209
3.26933e-06 9.71053e-07
4.67585e-09 1.90408e-09
1.56342e-06 2.51668e-07
2.53399e-08 1.72141e-06
3.04263e-07 3.04923e-05
5.13385e-06 3.74343e-07
1.82656e-07 2.27977e-05
4.86635e-05 1.18822e-06
2.02973e-07  4.7807e-08
6.17244e-06 1.74086e-06
   0.994117 1.24716e-06
1.59435e-06 1.09611e-05
5.57144e-05 4.85916e-05
6.53144e-06 1.26651e-06
1.15469e-06 4.79319e-09
3.17725e-06  9.6679e-05
1.61882e-05 7.25931e-07
1.97824e-07    0.994105
3.08526e-07 4.77728e-06
5.45326e-08 9.81049e-09
3.65482e-06 4.34456e-07
6.88183e-06 5.57131e-06
3.33069e-09    0.994104
9.09857e-08 2.28564e-07
1.44907e-05  0.00158703
0.000503247 2.00831e-05
1.60367e-08  7.1434e-06
4.13628e-08 2.93904e-06
   0.994106 3.82693e-05
9.85651e-09 6.79361e-10
6.44731e-05 6.21296e-06
 1.8469e-07 4.02546e-07
0.000568263 2.73736e-07
0.000676435 4.24772e-06
6.78515e-06 0.000296218
1.22357e-06    0.994117
5.19113e-08 1.24539e-07
 4.1309e-05 4.23554e-05
   0.994115 9.21099e-06
3.38065e-06 4.45351e-06
9.86514e-09 2.39087e-07
6.27912e-06 9.94754e-07
1.40647e-05 4.56632e-06
9.42594e-08 1.18555e-07
0.000334497 2.39711e-07
2.48686e-07 2.38334e-06
1.11279e-05 9.65669e-07
7.12614e-07 9.01293e-05
2.51155e-07 3.11835e-05
 1.1201e-05 6.54355e-05
3.39173e-07 4.53892e-06
2.83999e-07 8.46206e-08
2.56445e-06 1.84891e-07
1.14479e-05 0.000515801
   0.994104 9.26249e-08
2.35493e-07 2.59833e-05
3.70921e-07 1.59193e-06
 1.6243e-08 1.10406e-07
1.82601e-06 2.83926e-06
2.64903e-06 1.97574e-08
9.49141e-08 6.96707e-07
 3.7472e-09 2.13513e-07
    0.99411  3.7431e-07
   0.994105 2.41471e-07
1.33152e-06 4.52288e-06
 0.00087971 7.55509e-06
6.92287e-07 6.66638e-08
0.000199701   0.0001254
2.95161e-05 1.57576e-05
   0.994104 2.64581e-08
4.84756e-06 5.65221e-07
5.08292e-06 5.71657e-05
4.20866e-07 2.58598e-06
9.70076e-06 1.42964e-06
   0.994108 2.02622e-07
 2.0216e-06 2.52074e-05
1.14951e-07 7.71048e-08
1.45956e-06 9.13577e-08
1.60663e-06    0.994484
 3.0201e-06 7.08687e-06
2.47553e-06 3.44343e-07
4.95696e-06 3.60197e-08
0.000229605 8.92746e-05
1.68108e-08 0.000185808
4.97131e-07 6.66866e-05
8.57753e-06 7.00504e-06
0.000264053 3.56562e-05
2.31964e-07 1.28285e-06
7.02604e-05 4.22485e-05
4.82788e-08    0.994106
1.56149e-05 4.00291e-06
   0.994104 5.69395e-09
1.89201e-08 5.04137e-06
3.39753e-08 3.75289e-07
7.10694e-05 1.18856e-08
1.37368e-07 1.78296e-05
3.01234e-08 3.81559e-08
2.17074e-05 2.90338e-07
1.87165e-06    0.994106
3.12158e-06 5.71153e-05
1.93676e-05 1.90759e-05
6.41128e-06 7.22728e-07
 0.00293106 4.31409e-06
2.08116e-05 1.76555e-07
9.67382e-08 7.75086e-06
2.99372e-05 0.000257796
1.20661e-08 2.74049e-07
5.23746e-06 8.09009e-06
2.96622e-08 2.10817e-07
9.71228e-06 3.08578e-08
5.42078e-05  0.00057108
7.55797e-07 5.29323e-08
1.08739e-05 8.47215e-06
2.48087e-06 3.03737e-07
3.61804e-08 8.41218e-05
6.07921e-06 4.49458e-06
1.35716e-05  5.9108e-06
 5.9414e-06 1.30636e-05
3.32134e-05 9.42876e-06
5.68682e-08 1.99353e-08
1.08454e-05 4.26025e-06
1.76325e-09 1.25367e-07
5.25962e-07 3.31293e-06
 5.3059e-07 4.75522e-06
5.98911e-05 1.34158e-05
1.38905e-06 9.22655e-08
  0.0017873  7.4615e-06
2.29967e-05 4.17917e-06
1.62494e-06 5.72519e-06
5.78573e-08 5.25634e-05
4.23395e-06 3.47486e-05
2.06448e-08 1.06099e-08
9.16177e-07 2.16746e-05
 0.00034187 0.000166088
3.45616e-08 7.79968e-07
3.15207e-07 2.13681e-06
0.000107366 8.55708e-05
4.36968e-09 6.98256e-07
 9.9463e-07  1.6678e-10
1.90727e-05 6.50116e-06
2.88794e-06  0.00106309
8.24152e-06 6.20765e-06
1.30672e-05 6.18429e-07
3.56635e-06 8.02381e-07
9.31194e-08 1.62603e-07
1.13635e-08 1.89999e-06
0.000256816  2.8369e-05
9.30324e-06 1.11439e-05
1.31982e-06 1.39822e-05
3.56166e-07 1.10434e-07
5.99346e-06 0.000116252
3.63863e-08 1.67699e-07
 0.00051809 1.27378e-06
8.07047e-07 1.30888e-07
   0.994106 0.000106771
6.95113e-05    0.994109
0.000149196 1.93716e-05
6.22277e-07 1.88369e-06
 4.3961e-05 3.33948e-09
5.28187e-09 7.76847e-07
6.42976e-07 4.71016e-06
6.28521e-07 1.28495e-06
1.97472e-06 4.68855e-07
0.000106814  6.9082e-07
1.09198e-07 7.65852e-05
1.06072e-06 1.46552e-06
1.43125e-06 6.87928e-07
1.15398e-06  1.0322e-05
2.05967e-07 5.69157e-07
1.14894e-06 7.10688e-08
1.73851e-07 2.65684e-06
1.63426e-07  6.6512e-08
6.51212e-07 2.23189e-08
1.75578e-07 5.58146e-06
 2.0027e-06 4.02548e-07
0.000292167 4.17733e-06
7.19311e-05 1.01396e-05
9.23316e-06 1.17573e-06
 4.7201e-06 5.38502e-06
2.47251e-06 3.90537e-07
4.75288e-05 1.43341e-05
2.76676e-05 1.88173e-07
4.39584e-08  2.2097e-06
   0.994104 3.04357e-06
0.000124132 1.54932e-07
1.17925e-08 0.000159709
0.000136746 1.10757e-05
0.000396012 1.42793e-06
4.00588e-06 5.22582e-07
 1.0415e-07 3.19123e-08
1.94441e-08 4.40887e-06
7.59806e-08 2.45736e-08
 1.4102e-05 1.31208e-06
0.000356065 4.76603e-06
 3.3302e-07 2.61734e-06
5.93458e-08 8.46847e-06
6.19768e-07 9.52526e-05
3.25863e-05  1.8438e-05
5.11965e-07 5.63171e-07
1.10357e-06    0.994105
3.22123e-07 8.02088e-10
4.13893e-08 5.64829e-07
0.000353865 2.75298e-06
5.68667e-08 7.26124e-07
1.22879e-05 1.65433e-05
1.63496e-06 2.19409e-05
4.87192e-06 9.75668e-09
1.61922e-06 2.68738e-06
5.54562e-07 9.80865e-06
8.67674e-06 0.000362883
3.70897e-05 0.000140607
2.24476e-08 2.69219e-07
1.83872e-06 3.25499e-08
0.000487552 2.51285e-05
4.65622e-06 2.28204e-06
9.47475e-05 1.20785e-05
2.34042e-06 5.61625e-07
1.18081e-05 5.92997e-05
1.94781e-05 0.000577832
1.24864e-05 1.08349e-07
1.16758e-06 3.00272e-06
5.44749e-06 2.01666e-09
0.000603794    0.994129
2.24029e-05 0.000125213
1.82865e-06 4.58228e-05
6.51925e-05 9.82221e-07
4.62298e-07    0.994106
2.13757e-05 9.62973e-07
7.55905e-05 9.85751e-06
4.21551e-06 4.80859e-06
0.000209937 2.04336e-06
1.26876e-06 5.47809e-07
4.10504e-07 1.75707e-09
4.56491e-09 8.91008e-07
 5.5722e-06 1.88742e-05
 0.00016518 6.89972e-07
1.27149e-08 3.82757e-06
7.84043e-08 1.06549e-06
3.33839e-09 9.96256e-07
   0.994206 5.41473e-07
5.26872e-08  3.0815e-06
2.38754e-06 9.08157e-06
1.16826e-06 2.49848e-07
4.64081e-08 3.60059e-07
0.000124238 4.66214e-06
0.000759323  9.3234e-05
5.29395e-09 1.81458e-06
8.89996e-08 3.87153e-06
1.58757e-05  5.9531e-06
7.74745e-07 9.94808e-06
1.56664e-06 8.46388e-08
2.30147e-07 3.29697e-07
   0.994104 1.48926e-06
5.12696e-08 2.14213e-07
 3.3853e-07 0.000334702
1.93413e-07 3.84794e-06
1.47283e-05 5.07708e-08
4.50939e-07 7.18236e-06
5.47762e-07 3.59002e-05
1.84096e-06 2.61443e-07
5.48912e-06 2.24966e-05
  1.495e-07 2.14478e-08
6.16148e-08 9.24345e-07
1.84654e-05 1.56098e-07
 1.9165e-08 0.000379733
1.29101e-06 5.09694e-06
1.73733e-06 1.44473e-07
8.73639e-06 1.12625e-05
1.94291e-05 4.12368e-05
2.68652e-07 2.12779e-07
4.61452e-07  5.0831e-06
7.66278e-07 8.30637e-05
4.40197e-08 5.06562e-06
4.13247e-05 2.01919e-05
5.62305e-07 1.36099e-07
2.20234e-07 4.60556e-06
1.16383e-06 1.42432e-06
6.07492e-06 6.72772e-06
3.80631e-05 1.42967e-05
4.17367e-06 3.62814e-06
1.10378e-06 9.68106e-08
3.62413e-06 5.92788e-06
5.02689e-09 2.05979e-07
   0.994105 0.000603602
9.20535e-07 1.07728e-07
7.00882e-08 1.73229e-06
2.16887e-05 0.000511576
5.04287e-07 8.47627e-07
8.45201e-07 2.40186e-06
    0.99417 5.44792e-05
5.39258e-06 1.12914e-06
3.85112e-06 3.58078e-07
5.37207e-06 2.20638e-07
8.57831e-08 2.60071e-06
1.49478e-05 1.76312e-07
5.79462e-07 6.74376e-05
2.05369e-05 4.67477e-06
4.74586e-05 3.38631e-05
1.33851e-06 2.09784e-06
0.000178451 1.98127e-07
1.05731e-06 1.97604e-06
5.83868e-07 9.25161e-07
 0.00129788 2.37214e-06
1.77505e-07 9.86593e-06
8.78086e-07  0.00119793
5.49334e-05 5.92315e-06
 0.00019001 0.000403171
1.35271e-06 2.58401e-06
2.73952e-08 5.37935e-06
0.000717106  0.00204839
2.06578e-06 1.09803e-07
4.54613e-07 4.52654e-06
1.65708e-06   0.0028524
2.50353e-05  9.2768e-08
1.07988e-06 3.86888e-07
0.000103505 3.02835e-06
 1.0284e-06 6.10128e-05
4.18933e-09  1.1324e-06
3.01151e-05 3.69089e-06
7.62508e-06 4.41442e-06
2.89478e-05 9.70853e-06
9.87573e-05 5.50111e-07
0.000110029 1.58615e-06
6.96011e-07 4.09761e-06
2.85424e-05 1.15811e-05
   0.994246 2.01841e-06
2.16613e-05 8.82728e-05
5.28488e-09 2.09859e-05
4.66909e-05 6.06571e-07
4.24194e-05 2.33731e-06
1.12518e-06 1.40129e-07
   0.994131 7.85451e-05
6.92287e-05 5.29586e-07
7.32348e-06 0.000127105
2.71559e-06 6.25832e-05
3.06756e-07 5.39922e-05
3.41115e-06  2.5041e-08
2.76046e-07 3.78684e-07
1.36545e-06 2.15269e-05
7.56567e-08 8.73306e-08
0.000164277 7.98244e-07
1.26088e-06 5.54976e-06
2.78069e-07 2.23162e-05
1.19933e-07 2.49803e-10
4.10857e-06 4.04555e-07
0.000211252 1.05715e-09
4.56812e-07 5.26603e-06
5.63797e-05 2.72364e-05
1.08747e-05 1.85558e-06
2.67999e-05 5.24168e-06
4.46689e-06 6.76487e-07
9.43068e-05 0.000100581
1.24191e-06 7.29992e-06
1.56754e-06 3.90659e-07
2.17711e-07 3.34259e-06
8.95123e-07 1.13663e-06
9.77561e-06 3.46686e-06
1.21463e-07 6.13896e-07
1.95675e-09 1.62122e-08
4.42751e-08 2.84174e-07
0.000430721 7.90605e-07
8.87811e-09 2.43208e-06
5.84314e-06 1.47725e-05
2.43417e-07 1.12926e-07
1.58847e-05 9.15845e-09
0.000203633 4.27158e-07
0.000197331 9.96729e-07
0.000280318 0.000315164
1.85612e-07 0.000274378
6.21918e-08 2.98679e-07
5.13903e-07 5.49843e-07
0.000161711 3.91335e-05
2.94529e-08 1.33094e-06
7.21672e-05 0.000108893
 1.9388e-05 1.46438e-05
3.37115e-06 1.46151e-06
4.84005e-05 6.24534e-06
 0.00128264 1.91465e-07
1.92475e-05 4.26433e-05
9.28607e-05 0.000708578
4.05862e-07  3.5154e-08
2.85684e-05 0.000398742
1.28061e-05  0.00026426
 2.7732e-09 4.82429e-08
 0.00031131  0.00058741
7.84532e-06 1.75179e-06
2.13298e-08 9.34621e-09
1.53536e-06 3.79591e-08
1.09475e-06 8.16801e-06
5.94535e-06 9.10281e-06
3.86002e-07 4.18636e-09
1.77968e-08 7.11785e-07
 0.00567057 5.10358e-06
2.73932e-07 7.12346e-08
7.32487e-07  3.3535e-06
5.61712e-06  4.2499e-06
0.000219388 2.82414e-07
0.000659907  3.8435e-05
6.00811e-05 1.07053e-06
1.62833e-06 4.05423e-08
 3.9332e-07 4.22305e-08
1.96594e-05 4.39653e-06
2.83995e-05 5.40473e-05
5.25668e-06 7.30404e-06
6.34705e-07 3.53629e-05
3.86895e-06  0.00357205
3.62956e-07  2.0805e-05
1.77923e-06 4.22804e-06
 3.8829e-07 8.50136e-06
1.86773e-07  2.0246e-08
7.18589e-07 2.59896e-07
1.63035e-05 3.14556e-06
1.15123e-06 0.000476184
1.20681e-06 1.23934e-06
 2.9289e-06    0.994105
   0.994106 2.38862e-08
8.91666e-07 6.54165e-05
0.000181451 0.000142304
2.12361e-07 2.71407e-08
5.15759e-10 2.48289e-07
2.10104e-08 1.25598e-05
2.46138e-05 2.12392e-05
1.68405e-06 2.28665e-07
6.45458e-07 2.10772e-06
2.28342e-07 6.63896e-08
4.89998e-05 1.71853e-05
9.96737e-07  2.9587e-06
1.11734e-05 1.58715e-06
1.15425e-07 2.78782e-07
4.06468e-05 5.46644e-07
3.19738e-06 2.40731e-07
4.89151e-07 8.38007e-08
4.16701e-07 8.34549e-05
4.45021e-05 3.46583e-07
4.16345e-06 3.22291e-06
5.31928e-05 2.04334e-05
1.08041e-06 9.73714e-08
3.19291e-06 5.94347e-09
 1.9867e-06 3.36656e-07
0.000315758 2.72946e-05
1.06049e-05 3.38447e-05
6.37239e-06 1.20867e-05
5.53331e-06 3.50254e-07
0.000103363 7.04499e-07
0.000585921 8.89606e-05
4.16362e-07 9.19601e-07
6.72317e-07 1.20339e-06
1.06445e-05 3.83463e-09
5.33527e-07  0.00279799
1.76695e-07 2.88457e-08
1.13359e-06 3.69034e-07
1.66002e-08 9.95955e-07
3.27752e-05 9.06343e-06
6.29423e-08 1.07819e-08
7.39187e-07 3.99536e-06
 1.0325e-05 6.16866e-06
0.000335883 6.14916e-05
1.31149e-05 7.32639e-06
1.31992e-08  1.3616e-06
   0.994105 3.57193e-07
1.55102e-05 0.000123305
1.31701e-06    0.994134
1.83031e-05 3.16925e-06
7.35192e-07 8.41156e-07
1.20852e-05 1.16835e-06
1.47817e-07 1.69379e-08
4.72602e-09 9.31996e-07
8.30657e-07 2.09883e-06
3.79878e-06 0.000175089
1.92479e-07 2.50191e-06
1.29659e-06 6.12681e-08
 1.2372e-06 4.10764e-07
6.72998e-05 5.11876e-08
 3.9662e-07 3.28269e-07
8.81052e-08    0.994105
5.64354e-05 1.15382e-06
 1.4355e-06 1.50249e-06
7.24364e-07 1.31279e-07
5.80285e-09 6.97918e-07
4.30647e-07 4.89198e-08
1.92994e-06 1.42941e-05
2.83861e-06 7.80283e-07
3.72719e-08 4.51375e-07
1.01285e-05 2.27918e-06
1.37803e-07 9.03369e-09
1.16486e-06 4.45984e-07
3.94448e-07 3.17103e-08
3.22795e-07  0.00457724
1.89175e-05 3.89897e-05
1.81292e-06 1.69932e-06
1.91039e-07 1.04845e-05
0.000549906 4.69863e-08
3.46815e-05 1.03612e-06
0.000129488 2.13782e-05
4.59091e-07 0.000350555
3.05627e-06 3.45713e-06
1.85446e-06 9.80775e-08
0.000149441 5.15604e-07
8.06298e-08 1.57931e-06
6.28467e-06 6.83041e-07
3.18711e-05 1.16964e-06
1.75299e-05 3.09043e-06
1.28052e-06 9.57278e-07
0.000104011 3.60183e-05
3.54289e-08  1.0398e-05
   0.994104 7.15848e-06
4.40006e-06 8.71749e-06
2.13566e-06 5.52128e-06
 1.2206e-07 9.05606e-06
1.13993e-09 1.67985e-08
  6.597e-07 1.71512e-07
2.47609e-06 2.64146e-07
 3.4248e-07 1.41998e-06
0.000122802 0.000337618
4.58292e-08 6.98184e-06
9.61221e-06 0.000175534
0.000140163 0.000173241
8.67849e-09  2.1371e-07
1.30449e-05 1.17768e-07
3.95086e-06 0.000238242
8.43478e-08 3.62064e-07
4.85425e-07 5.62963e-06
 1.5279e-08 1.45308e-08
5.39877e-07 1.18921e-06
1.46397e-08 2.66616e-07
 3.2028e-08  2.8579e-07
6.98837e-06 3.14488e-06
1.05654e-07 2.94265e-07
   0.994104  2.2172e-06
7.88353e-08 0.000123039
6.82958e-08 3.13326e-07
1.72172e-07 8.36181e-06
 4.4955e-07 1.69639e-07
 0.00116869 3.08187e-06
2.78329e-07  1.3525e-06
5.93925e-06 2.14539e-07
 0.00180437 2.76498e-05
2.72185e-08 6.41602e-07
4.63001e-07  8.2555e-05
5.93773e-07 9.12011e-05
2.03623e-07 1.94234e-06
4.85193e-07 7.78188e-08
0.000144241 6.19167e-06
8.62875e-07 9.68468e-07
 6.0874e-05 4.75442e-07
2.80268e-07    0.994104
1.03531e-06    0.994106
0.000534137 4.80805e-06
2.57632e-06  8.8063e-07
5.76887e-05 1.64482e-07
 0.00015992  0.00033542
2.84322e-08 8.61459e-08
0.000395175 3.11787e-06
0.000410647 3.33653e-05
1.13165e-08 4.19589e-06
2.76334e-07 5.67133e-08
1.01037e-07 1.19668e-09
1.39075e-05 9.96417e-06
9.86453e-08  3.4404e-07
8.96847e-07 2.27467e-06
8.39005e-07 2.30848e-08
1.45148e-08 1.26904e-06
1.60905e-06 1.63774e-06
5.58598e-06 3.35686e-07
8.80335e-06   8.392e-06
1.03313e-05  2.9194e-06
8.40888e-07 8.38059e-07
3.73034e-05 3.32611e-06
1.45434e-06    0.994108
4.67983e-05 5.70651e-08
6.14522e-06  1.2097e-07
1.88988e-06  4.5924e-05
1.20548e-05    0.994104
1.96445e-06 8.80121e-06
3.33359e-06 4.49384e-06
1.41217e-08 3.77922e-08
1.98763e-05 0.000660548
 4.0078e-05 5.21472e-05
2.07807e-08 9.61311e-07
1.06249e-07 1.89387e-05
1.64701e-07 3.29684e-07
9.19032e-05 0.000285745
2.96868e-05 0.000343072
2.72298e-06 1.00233e-08
1.43181e-06  3.1101e-05
 0.00048557 4.26498e-05
7.96633e-07 1.59115e-06
3.21734e-06  7.6407e-05
 1.0689e-06 0.000221434
1.01312e-06 3.74023e-06
 4.2188e-05 1.51069e-06
0.000247422  1.5179e-07
 0.00187505   9.283e-07
8.35494e-05 9.94674e-07
   0.994104 5.91764e-09
2.46102e-07  8.8961e-06
0.000100479 6.79099e-07
0.000645656 4.35138e-06
1.57257e-05 2.24291e-06
1.77042e-05 7.63753e-05
1.52723e-06 4.79402e-06
 1.1854e-05 1.13377e-06
1.12058e-06 9.52223e-08
3.75427e-06 8.82273e-07
0.000163735  2.5227e-07
9.63865e-07 2.21353e-08
1.13309e-05 4.79757e-07
 1.3537e-06 1.31677e-06
1.19684e-07 2.21395e-08
   0.994104 3.10263e-08
2.71382e-06 4.15089e-05
7.59192e-07 1.97703e-06
8.09206e-06 5.90896e-08
 0.00178232 3.86444e-06
 3.8392e-07 4.85244e-06
3.42891e-05 5.15591e-08
1.34084e-06 2.80819e-08
9.65214e-06  2.8653e-08
 6.5019e-07 1.26426e-08
9.39575e-05 1.26174e-05
7.82464e-06 1.91993e-05
  5.395e-08 1.12406e-06
1.67756e-05    0.994113
2.09064e-06    0.994109
1.25759e-07 5.88263e-05
1.49952e-07 3.33402e-06
3.98859e-07 1.56046e-07
4.32752e-07 8.88822e-07
6.09986e-07 5.61154e-07
8.85875e-06  2.0237e-06
   0.994105 8.05792e-08
1.17116e-07 4.81736e-06
7.52882e-06 2.35114e-08
3.75093e-05 1.89665e-06
   7.59e-07 2.08707e-06
6.20769e-06 1.59139e-06
4.94562e-09 2.50374e-05
3.34846e-06 3.91079e-05
3.95048e-06 0.000557469
3.99127e-06 1.48525e-05
1.39023e-07    0.994134
0.000192394 2.56013e-07
1.10363e-06 4.32644e-08
4.55447e-07 1.20002e-07
5.62746e-08 0.000773598
9.46069e-08 6.99638e-06
 4.0921e-06 1.37048e-05
3.16294e-05 5.85911e-06
3.74421e-07 7.66346e-09
1.41275e-07 4.35532e-07
3.49792e-06  9.7949e-06
2.75314e-08 3.46583e-07
4.45317e-07 2.63495e-08
 9.4871e-08 1.95362e-06
2.32862e-05 1.74357e-05
2.44716e-05 3.21989e-07
1.27456e-05  1.3738e-06
5.85307e-05 7.33394e-08
8.07694e-06 1.38693e-05
2.24464e-06 1.41307e-05
8.53929e-07 5.96066e-07
7.00284e-08 0.000333577
2.31628e-06 1.13398e-08
9.52736e-06 3.19803e-06
 4.7317e-05 5.89235e-06
9.99877e-08 7.58615e-08
8.46153e-09 2.04591e-06
5.00672e-05 4.47909e-05
2.25842e-07  4.6113e-08
9.75076e-06 4.64685e-07
0.000333407 0.000157366
5.61533e-06 3.96095e-07
2.42772e-06 8.08651e-07
7.71193e-05 3.85799e-06
1.10863e-09  1.9916e-07
1.33364e-05 1.79199e-07
4.86708e-06 4.11625e-07
1.87623e-05    0.994113
8.82665e-08 9.78705e-06
 9.6327e-05 3.72744e-05
2.59991e-05 8.37738e-07
1.17171e-06 6.86124e-05
2.20909e-05 8.01815e-05
3.52624e-05 2.25167e-05
2.89881e-06 0.000431555
1.67914e-06 6.42575e-06
0.000204428  2.5684e-06
   0.994115 1.50101e-08
4.29558e-07 1.69601e-07
3.50212e-05 8.22637e-06
8.87789e-08 4.40055e-05
1.13769e-05 3.83628e-05
3.60835e-07 6.71187e-06
8.51485e-07 2.17027e-06
2.29096e-05 5.76006e-06
3.51238e-05 1.76849e-05
9.34987e-07 5.79734e-06
 1.5671e-05 5.80046e-06
0.000297148 2.55759e-06
0.000110223  0.00116128
9.87753e-06  5.5705e-06
1.09307e-05   5.584e-05
3.89333e-06 2.49274e-05
2.48853e-06 7.31727e-07
1.06655e-06  1.4815e-06
2.20124e-05 6.04265e-07
3.09106e-05 0.000100577
1.46826e-06 0.000292807
1.78443e-05  1.1673e-06
1.85673e-05 4.33203e-07
2.70374e-05 0.000434508
5.99225e-07 2.62743e-06
1.07986e-06 1.88687e-05
 1.2851e-08 1.74889e-07
9.31012e-09 5.06811e-07
2.01119e-06 7.32262e-06
6.17425e-07 4.64915e-07
1.82774e-07 2.71958e-07
2.49619e-07 4.24544e-06
8.75812e-06 3.85964e-06
8.63433e-07 8.77136e-05
6.05096e-06 3.34969e-07
 1.1248e-06 0.000312046
0.000236852    0.994464
2.89254e-06 9.95017e-07
8.67236e-11 6.83552e-09
4.58058e-09 6.53196e-08
0.000200007 0.000638653
9.22106e-07 1.33298e-05
1.27794e-06 3.23567e-06
3.39907e-08 6.15627e-08
1.17495e-05 1.55174e-06
8.50713e-06 4.70632e-07
1.45241e-07 2.66023e-06
 2.1664e-05 1.59382e-05
1.15013e-05 4.87015e-05
0.000313344    0.994351
 1.6396e-07 6.68064e-08
5.68282e-06 2.29654e-06
0.000630843 1.61192e-05
6.44972e-06 4.55193e-08
2.93364e-05 1.55196e-05
1.15302e-07 1.57748e-05
4.25096e-06 3.24983e-05
1.79679e-05 3.93116e-08
2.23121e-08 7.77858e-07
5.77941e-05 6.24603e-08
2.71012e-07 1.76684e-07
 2.9876e-05 1.45427e-05
1.38167e-06 2.54851e-06
 6.7733e-06 1.50499e-05
6.52203e-07 2.43947e-07
2.66956e-08    0.994104
1.81991e-06 2.59111e-06
1.58607e-09 1.41943e-07
3.77708e-06   2.416e-06
1.48345e-05 1.53087e-06
0.000210139 4.05821e-05
6.74384e-05 4.11226e-07
5.90378e-05  1.3995e-08
1.43442e-07 8.29718e-06
   0.994104 0.000634072
4.71386e-05 7.40651e-06
5.88958e-06 4.67909e-07
   0.994104 6.76529e-07
3.26797e-06 6.91705e-06
5.92895e-07 1.96209e-07
4.85321e-08 4.97556e-06
 0.00038858 1.97968e-05
8.54875e-07 0.000144154
2.01804e-06 9.99407e-08
6.97254e-05 1.04595e-08
4.13284e-06 3.17753e-05
8.09932e-06 7.94179e-06
1.41837e-06 2.82807e-06
1.17056e-05 2.02825e-06
5.04654e-05  2.1878e-05
   0.994107 1.48817e-05
6.78697e-06 2.33044e-07
2.33437e-06 1.77869e-06
1.15646e-06 1.40897e-07
6.80008e-06 6.01849e-05
1.77309e-07    0.994109
4.31057e-05 1.59175e-05
7.95076e-07  1.5505e-07
0.000177233 7.24174e-05
8.90943e-06 2.44724e-07
0.000441941 2.28935e-06
3.07766e-06 1.61822e-07
4.66643e-06 8.85874e-06
4.11546e-07 5.11498e-05
2.08276e-06 6.71265e-08
9.56528e-08 1.29173e-06
4.83248e-05 2.89478e-08
8.35788e-07 1.63885e-06
3.71201e-07 1.05582e-06
1.89615e-07 1.13623e-05
9.54572e-09 2.60282e-08
2.90701e-06  1.9825e-07
8.19736e-06 1.05169e-05
 1.9684e-05 2.03149e-06
1.19772e-07 1.55028e-06
5.17741e-05 2.08243e-05
1.60198e-06 8.52229e-07
0.000318431 2.39335e-07
3.41886e-08    0.994207
2.29507e-07 0.000127675
0.000136519 4.16402e-05
2.37145e-07 1.96426e-07
3.86614e-07 2.14199e-05
  0.0013213 5.83795e-06
1.86716e-06 9.38648e-05
2.43269e-06  3.4661e-05
2.22389e-06 5.09299e-06
7.78364e-07 1.19554e-06
3.62609e-05 8.43096e-06
8.66787e-08  3.2238e-06
1.79892e-08 7.06864e-09
2.70573e-07 1.53921e-06
0.000257127 1.00094e-06
1.37748e-05  1.1206e-06
0.000285951 1.67586e-05
0.000423815 1.24235e-06
 4.5535e-09   2.589e-06
  0.0057752 5.42878e-06
6.18074e-08 9.05515e-07
6.35394e-09 5.86457e-06
4.92524e-08 2.27881e-07
2.29472e-06 6.74493e-05
7.39223e-06    0.994114
7.67979e-08 1.63222e-07
2.87743e-08 5.77574e-07
5.54527e-06 3.49777e-07
9.26943e-06 2.91761e-07
4.96334e-06 5.11517e-05
4.72694e-05 1.82735e-05
3.78174e-07 5.84804e-07
0.000556843 6.54081e-07
3.56701e-06  2.2743e-06
7.69676e-06 1.48386e-05
0.000127431  1.3771e-06
0.000430728 5.08451e-05
6.58449e-08 2.31572e-05
2.41852e-05 6.96237e-06
1.57206e-09 8.27542e-08
0.000898023 1.37444e-05
 1.0713e-07 1.11693e-06
2.23667e-06 2.11205e-06
7.58205e-06 1.97381e-06
2.06955e-07 7.98026e-07
1.73115e-06  9.9753e-08
1.51679e-06 5.69089e-06
2.90222e-07 6.33484e-08
6.55267e-09 2.69764e-06
 1.5027e-08 4.00695e-06
0.000751865     0.99412
2.08203e-06 0.000245729
1.43533e-06 2.28534e-07
   0.994151 3.12277e-07
 3.0166e-06 3.26152e-07
   0.996364 0.000366179
2.62695e-06 3.05681e-05
7.03668e-06   8.396e-07
1.93659e-07 0.000312792
 3.7881e-06 7.68373e-08
5.01975e-07    0.994137
9.69446e-06 4.49932e-07
5.57613e-07 9.99095e-08
1.05968e-07 7.95541e-08
3.36757e-06 3.60428e-08
2.50654e-06 2.35465e-05
2.47824e-07 4.78837e-06
7.97349e-06 0.000749116
1.38984e-05 3.44221e-06
1.31672e-05 1.32458e-07
7.76681e-06 2.55124e-06
1.87436e-06 5.95165e-05
0.000208349 9.84835e-06
2.43532e-05 2.01084e-05
1.16865e-05 2.65694e-05
3.52886e-08 3.47568e-06
5.98572e-07 1.32745e-06
6.81062e-05  0.00352281
1.19206e-05 2.42589e-07
1.06021e-05 0.000150226
   0.994104 7.04301e-06
 5.7934e-06    0.994104
4.14522e-09 9.56935e-08
4.47471e-08    0.994104
1.03865e-08 1.57814e-06
1.73916e-06 1.28015e-06
5.34208e-05 2.12648e-08
0.000793144 9.01115e-06
1.01453e-05 3.28583e-07
4.38542e-07 3.72516e-08
 0.00026872 7.92427e-08
1.75861e-07 4.77778e-07
7.14854e-05 6.24904e-06
0.000179897 5.33993e-05
1.32382e-05 5.58108e-06
2.01211e-06 0.000232246
6.89192e-05 6.49921e-06
2.71331e-05 2.50219e-06
2.71849e-07 9.74799e-08
 3.4014e-07 5.07704e-07
1.11291e-05 1.70375e-05
1.58832e-07 2.14858e-05
3.07562e-06 2.54438e-06
4.54456e-06 8.60286e-09
2.05231e-05 2.14791e-05
1.36503e-07 3.61018e-07
1.87375e-05 1.08894e-05
4.48525e-07 1.00038e-08
5.43434e-06 1.17778e-06
1.05728e-05 5.16536e-07
1.14317e-06 7.25999e-07
1.06141e-05 4.03137e-05
7.09808e-05 0.000384057
5.82694e-07 2.10288e-06
 9.3632e-09    0.994104
4.14129e-06 6.30912e-07
7.02746e-05 2.43901e-07
1.74623e-06 7.94129e-05
0.000226684  8.1053e-05
9.60955e-07 4.37772e-05
1.34453e-05 3.60264e-06
 4.5369e-06 3.04989e-07
5.70754e-06 1.32683e-07
3.13864e-08 7.88859e-08
 2.5306e-07 5.72191e-07
   0.994105  6.0458e-05
0.000152316 2.74006e-07
3.04411e-06  0.00014134
8.67577e-07 1.57166e-07
4.35739e-07  0.00518826
1.40324e-07 3.93157e-06
  0.0016968 5.11731e-05
1.91049e-07 1.85271e-07
8.25367e-08 5.98752e-07
0.000136854 5.23985e-08
2.52355e-08 4.54553e-07
1.91933e-08 5.37404e-08
1.77771e-08  6.2042e-07
8.95196e-06 1.34989e-07
9.66187e-08 3.48105e-06
0.000212756 6.90511e-06
1.95986e-05 6.94156e-05
2.78152e-06 4.21954e-05
1.65472e-08 7.03895e-07
4.96585e-09 1.86787e-06
9.51519e-08 1.88387e-08
2.74841e-06 2.57087e-07
3.40421e-08 5.35323e-06
  4.498e-08 1.10667e-05
1.89715e-07 4.63999e-07
3.13763e-06  8.2248e-07
2.43773e-08 5.84708e-07
1.94961e-05 6.80017e-07
6.44005e-06 8.22168e-06
3.85367e-06 2.54128e-06
0.000182437 8.65598e-07
2.43252e-06 4.34803e-05
2.45809e-05 9.36965e-05
2.76487e-05 8.63578e-06
1.96526e-08 7.58991e-09
3.04001e-05 6.50356e-05
6.58249e-08 2.42904e-07
1.53111e-07 5.02037e-08
5.91162e-07    0.994116
3.07065e-05 4.81431e-06
2.31131e-08 3.92494e-06
6.60745e-07  3.9602e-08
3.16374e-08 2.17653e-06
  7.447e-06 5.66629e-06
2.29532e-08  5.0075e-08
3.62929e-08 1.34783e-06
2.95649e-05 3.12691e-06
2.72696e-05 8.23364e-07
5.66807e-08 5.27107e-07
1.23659e-06 5.36523e-05
1.70221e-06 1.84122e-07
2.04121e-07 5.01278e-07
7.10026e-05 9.26986e-06
5.51475e-05 9.23255e-07
8.77212e-09 2.36807e-08
0.000564519 2.31716e-07
7.71544e-06 1.35215e-07
1.00272e-07 3.47302e-07
4.28746e-07 5.84852e-07
 1.1757e-05  1.9443e-06
8.09498e-06 5.91739e-06
2.80289e-06 1.83482e-07
3.36025e-06 0.000180531
   0.994104 2.51918e-08
5.82723e-07 8.46258e-07
   0.994104 7.95515e-08
 4.3674e-09 4.05017e-06
7.65005e-07 1.25447e-06
7.42569e-05 2.93219e-06
   0.994105 8.97499e-08
1.60991e-06 3.61436e-05
3.24251e-05 3.29409e-06
3.48296e-06 5.05311e-06
2.92541e-06 5.59134e-06
3.18957e-06 7.33369e-06
1.30477e-07 5.92851e-07
 2.7083e-07 4.86907e-06
5.63166e-09 6.00577e-08
5.27358e-06 5.00013e-06
5.10771e-08 1.33837e-07
3.41878e-06 4.75333e-06
1.24345e-08 1.66598e-06
 0.00017893 1.66108e-07
1.20235e-06 2.80148e-06
1.68581e-06 2.73116e-06
8.11847e-06 3.39561e-05
   0.994106 4.18353e-05
5.86256e-06 1.18555e-06
 0.00443226 2.12593e-06
  1.278e-05 1.42788e-07
6.80823e-06 3.93231e-07
4.14316e-07 1.89008e-07
7.67979e-06 9.85013e-06
0.000178094 1.18272e-05
5.74977e-07 4.11199e-07
1.40207e-06 4.06788e-06
4.19041e-08 1.58778e-07
8.01089e-06 5.61028e-05
3.69185e-09    0.994104
2.63086e-07 5.62911e-07
2.44985e-07 1.08329e-07
4.14943e-07 6.67794e-06
4.65453e-08 3.15518e-06
2.21041e-08 1.39113e-05
6.99062e-07 3.30382e-05
9.87561e-09 1.44879e-06
5.53524e-07 6.18513e-07
9.16266e-05   0.0023184
2.00367e-07    0.994105
0.000460311 1.71472e-06
7.08234e-05 1.93517e-06
1.41557e-06 1.79154e-06
   0.994106 3.57353e-06
1.17259e-05 6.33577e-07
1.76433e-06  1.8634e-07
6.07383e-08 1.75997e-08
1.31752e-05 1.51564e-05
1.96731e-07 5.59818e-05
5.53243e-06 9.43942e-07
 0.00016046 3.45005e-06
6.04246e-07 1.27055e-06
9.40628e-10 3.75863e-07
9.45974e-05 3.94954e-06
2.13205e-07 7.22985e-06
1.15374e-07 1.52698e-06
3.92685e-06 1.60782e-07
   0.994104 1.25061e-08
5.02139e-08 7.68061e-07
6.96954e-07 2.57785e-07
   0.006493 2.49529e-05
4.66666e-06 1.67215e-06
1.57596e-06 5.15108e-07
2.46194e-09 6.23232e-09
1.36401e-08 4.84623e-06
3.47281e-08 6.73748e-06
1.81805e-06 2.44642e-07
 6.4143e-08 1.29048e-07
2.67584e-06 2.94687e-08
1.34657e-08 2.24129e-07
9.96537e-06 1.42606e-06
1.41801e-06 3.24434e-07
0.000152316 5.00799e-07
1.33562e-05 1.76947e-07
2.27318e-07 1.02555e-06
2.65468e-09 1.74756e-06
0.000216358 9.92089e-08
 3.8816e-05   1.038e-06
 6.9806e-07 6.28134e-08
1.67827e-05 1.69329e-06
5.49807e-05 0.000107696
4.86593e-08 3.22908e-06
2.57361e-07 1.25362e-05
0.000102653  3.9396e-08
0.000169696 2.83608e-06
9.65814e-05  7.9378e-06
4.63311e-06 0.000142513
5.81301e-06   0.0002464
2.60755e-05 1.63029e-09
1.62827e-05 1.39911e-06
4.96214e-07 2.29901e-05
4.98422e-08  0.00203015
2.37542e-05  0.00215374
4.84421e-07 2.82279e-06
0.000139745 9.30866e-05
   0.994114 1.17004e-06
1.86135e-06 2.50994e-07
6.54022e-08 5.69103e-07
2.06102e-07 4.23074e-06
7.25744e-06 5.37971e-07
1.07119e-06 3.96132e-05
1.11464e-06 6.07683e-07
9.94742e-08 4.01053e-07
8.73266e-07 4.18638e-07
2.23938e-06 0.000402691
   0.994104 8.69978e-07
2.18564e-05 3.37694e-06
2.70978e-08 8.97695e-07
3.35799e-05  6.1442e-05
 1.4656e-09 2.70787e-07
   0.996243 1.13275e-07
1.04702e-08  1.8272e-07
2.20479e-05 4.74663e-06
   0.994186 2.35376e-05
0.000141312 1.05611e-07
 0.00220301 1.27807e-06
1.39872e-07 2.01071e-07
2.56131e-06  2.6669e-06
 1.8849e-06 3.49862e-05
 4.5607e-06 5.32461e-07
1.19415e-06 5.99303e-07
1.98783e-07 4.86363e-07
 5.3225e-08  8.0616e-07
 1.0288e-07 1.16793e-06
4.76296e-06 0.000348564
2.09331e-06  4.8181e-08
8.40326e-06 1.81292e-06
5.61877e-08 6.79383e-08
7.89441e-08 1.95988e-06
 6.6868e-06 0.000130752
0.000655569 0.000462684
6.31087e-06 2.19273e-05
2.25187e-06 1.19539e-05
4.69274e-06 4.71633e-06
2.60915e-05 1.77313e-05
1.87951e-06  0.00242356
2.10506e-07 2.09578e-05
3.30728e-05 1.20831e-05
1.11966e-05  2.9533e-05
5.08063e-05 9.11279e-07
3.86227e-06 7.64469e-06
1.47771e-06  4.1276e-06
 1.2532e-05 2.63136e-07
7.32831e-08 5.67482e-07
1.35523e-08 2.81079e-08
1.09222e-06 1.68827e-07
2.19334e-07 7.64086e-08
6.18675e-06  1.1438e-05
0.000697979 0.000273322
6.19389e-09  2.7336e-09
3.09585e-06 1.63539e-06
1.76239e-07 2.21156e-06
1.41327e-07 2.15885e-09
3.56967e-05 0.000933372
0.000266426 1.75935e-06
3.13725e-06 2.33673e-06
3.84095e-05    0.994111
0.000125924 0.000125203
 6.3174e-06 9.40533e-09
 0.00155305 8.21889e-06
2.45221e-06 6.18029e-07
2.35203e-07    0.994115
    0.99453 0.000749541
4.70803e-05 5.82658e-07
4.45827e-08 3.29986e-06
1.02449e-07 0.000104165
1.71628e-05 2.29771e-05
5.36643e-05 5.91294e-06
7.34291e-06 8.27488e-07
3.23952e-07 1.30841e-05
0.000110067 1.49106e-07
5.77343e-06 4.68772e-08
1.21583e-07 2.38339e-06
2.14168e-06 0.000104511
1.18269e-05 4.94904e-06
  2.964e-06 4.79124e-05
   0.994118 1.52036e-07
1.33271e-06 9.43552e-07
6.11819e-09 1.36416e-06
1.05491e-07   7.537e-05
3.12241e-08 1.15245e-07
 3.1381e-08    0.994104
6.94648e-06 6.32885e-07
 0.00010751 0.000344572
2.17952e-06 1.41146e-06
9.47376e-07 4.50713e-08
2.41608e-06 6.60025e-06
3.67599e-05 7.26193e-07
0.000109533 1.03566e-05
3.06473e-06 1.63889e-05
1.95356e-07  9.2779e-08
6.25571e-07 1.84121e-05
1.89319e-05 0.000112557
 1.2453e-05 0.000927805
2.06266e-07 2.62627e-09
3.12479e-05 1.36156e-06
   3.45e-08 1.02029e-07
3.65302e-09 3.67407e-08
5.26942e-06 4.68159e-06
2.40781e-05    0.994104
9.82343e-06 0.000282702
4.65864e-07  0.00249737
3.98656e-07 2.85232e-06
8.97607e-07 0.000150707
4.72132e-06  3.4044e-06
1.73783e-08 6.39193e-06
0.000179407 4.22025e-06
3.69154e-06 7.03446e-06
2.90541e-06 3.77713e-07
6.13607e-08 2.40324e-08
2.98246e-05   0.0018019
1.28792e-05 3.36912e-05
1.70005e-06 8.66665e-06
4.13393e-06  8.0856e-06
5.04486e-09 1.84024e-08
9.14338e-06 1.01759e-07
6.76868e-08 3.08012e-06
4.06965e-06 4.12642e-07
2.91992e-08 6.79037e-09
1.55873e-06 1.30726e-07
1.80206e-06 1.97429e-06
0.000386147 9.04703e-05
1.54072e-07 7.90411e-06
4.49356e-08    0.994105
1.00358e-06  5.8045e-06
8.62974e-08    0.994347
3.09031e-05 4.28032e-05
 7.1175e-07 6.57764e-08
5.80139e-09  1.2886e-08
4.82421e-07 1.14284e-06
7.24749e-06 5.53883e-06
1.10054e-06 0.000614049
5.61685e-07 2.20311e-05
1.33124e-05 5.89867e-08
2.04915e-05 1.20176e-05
2.68579e-05 1.47181e-06
9.16378e-06 2.68352e-05
6.57794e-05 4.94407e-06
2.21305e-08 3.11499e-06
6.36427e-06 7.20974e-05
   0.994108 8.52325e-09
1.25456e-05 3.34478e-06
1.67983e-07 2.64623e-06
1.53716e-08 9.33658e-06
1.62228e-07 9.96397e-09
5.59877e-06 0.000772033
5.18477e-06 4.23905e-05
8.43319e-06 4.42643e-05
4.10179e-08 1.81899e-07
2.62507e-07 1.87039e-08
8.81667e-06 9.12871e-07
4.98597e-06 1.45254e-05
0.000211182 1.73928e-07
0.000179822    0.994318
4.02922e-07    0.994145
7.53547e-09 6.76916e-06
7.41032e-07 1.92548e-07
1.67137e-07 3.81006e-08
0.000360931  7.7321e-05
8.70087e-06 9.45039e-06
3.73419e-05 2.08023e-07
4.59148e-07 2.21967e-05
3.61508e-05 2.31296e-06
1.62029e-05    1.21e-05
1.41304e-06 2.46327e-08
 2.8964e-05 2.67536e-07
0.000351982 1.54585e-05
1.46357e-05  6.4657e-06
3.11383e-07 2.87312e-05
2.96238e-06 6.00052e-05
1.54343e-05 4.38847e-06
9.64242e-07    0.994104
2.10761e-06 1.46284e-07
 5.9133e-07 5.00489e-07
3.82157e-07  6.7737e-08
1.33749e-06 3.45399e-06
1.62853e-07 0.000129275
9.28876e-08 6.18611e-05
2.51281e-05 5.09721e-06
2.30383e-06     6.2e-06
3.05483e-05   0.0001007
1.15934e-07  9.6426e-08
4.11221e-08 1.11615e-07
0.000161524 7.41586e-05
3.83953e-06 2.75018e-06
1.39059e-05 4.77244e-06
 1.7485e-05  6.4951e-06
3.76615e-07 1.19465e-08
8.53966e-08 3.96271e-06
2.79922e-06 1.31511e-06
5.02384e-09  3.7456e-08
3.46138e-05 5.06526e-07
9.88222e-08 8.98316e-06
3.02658e-07 8.25942e-09
 9.7034e-07 4.59124e-06
4.27208e-07   2.568e-06
3.66019e-07 1.79628e-06
1.59563e-05 1.12311e-06
 8.0685e-06 2.48513e-06
   0.994104 1.43737e-06
3.45683e-06 0.000146325
9.49839e-06 7.99152e-05
4.08552e-06 1.91622e-05
7.98165e-06  0.00084903
 2.1033e-06 1.03528e-05
4.29699e-07 2.10044e-06
6.40909e-06 5.32731e-08
2.24169e-07 1.54269e-06
8.23389e-07 1.98171e-06
2.60328e-08 1.02863e-07
2.21507e-05 1.57087e-07
5.86921e-06 1.64992e-06
1.33161e-05 1.86675e-06
7.47667e-07 1.62772e-08
1.12576e-06 1.21289e-09
8.98323e-07 1.22754e-06
1.29228e-08 1.77349e-06
5.75322e-05  0.00102888
7.12823e-05 6.68286e-06
0.000441581 2.68325e-07
 9.9832e-09 2.66311e-08
2.61466e-06 2.51635e-06
0.000140147 4.60253e-08
0.000806785 7.61285e-09
 5.3543e-05 7.12092e-07
9.22276e-08 2.95814e-07
0.000400865 3.56592e-05
5.63057e-06 6.00285e-05
5.02946e-06  2.0927e-07
3.88151e-08 3.42843e-07
4.51973e-07 0.000112581
2.57563e-05 1.80083e-05
2.72514e-08  1.0079e-05
3.85324e-06  2.5601e-06
7.72974e-07 5.37677e-05
1.58974e-05 1.21696e-06
4.54549e-06 1.47425e-06
5.53758e-08 5.63769e-06
9.23956e-07 1.39657e-05
1.06847e-06 4.50241e-06
1.36221e-05 1.71701e-05
7.57329e-10    0.994104
1.19111e-08 0.000107026
 0.00053425 1.24805e-06
8.41866e-08 6.39111e-08
0.000123216 4.41039e-08
 0.00114648 6.10149e-06
5.04584e-06 1.20462e-05
3.90128e-08    0.994104
0.000173817 5.83588e-06
1.71932e-06 7.64188e-05
6.28319e-05 1.42107e-06
6.31656e-10 3.45043e-08
0.000114449    0.994737
3.24976e-06 8.47343e-07
9.34347e-07 3.21569e-06
7.28742e-06 4.49177e-05
1.03972e-06 2.76286e-07
   0.994439 1.15701e-07
5.01999e-07 1.96099e-07
1.53909e-06 3.47224e-05
4.76418e-07 3.50138e-07
1.47158e-07 3.72257e-06
1.62113e-06 1.29213e-06
2.07581e-06 1.31604e-05
3.22796e-05 4.12781e-05
0.000399314    0.994104
1.92684e-05 5.28266e-05
3.35909e-07 1.27449e-07
 0.00019165 0.000286811
1.90909e-08 8.10657e-07
7.11152e-06  1.6055e-06
2.12636e-06 7.88312e-05
4.57224e-06 5.42619e-06
4.61148e-05 2.19531e-07
 3.6151e-06 6.90164e-08
7.40147e-07 2.32975e-08
5.86307e-05 6.82085e-06
1.76846e-07 6.27706e-07
3.35831e-08 5.69578e-06
6.15623e-08 5.47736e-07
7.14072e-05 3.99524e-05
2.84092e-05 3.83252e-06
5.14623e-08 1.29797e-06
1.37088e-09 3.53242e-08
5.23292e-08 0.000214352
 2.5034e-06  2.4551e-06
2.04579e-06 0.000122265
2.79095e-05 1.14456e-07
0.000558193 5.38358e-07
2.28371e-06 1.93263e-05
1.08559e-05 2.91049e-09
1.17402e-05  1.5549e-06
1.92284e-07 1.58661e-07
7.94791e-07 2.32323e-06
9.47972e-07  1.4164e-06
5.18199e-06  4.3355e-05
1.80405e-08 1.21697e-06
4.09844e-07 4.80822e-07
3.72886e-05 9.76135e-05
 4.0862e-07  0.00375076
5.23456e-09 3.51893e-05
0.000302743 4.14898e-05
8.41043e-08 5.60824e-07
 5.4842e-06 9.29765e-05
9.60342e-06 3.45361e-05
2.35861e-06 1.25424e-06
5.08823e-05 9.05732e-08
 0.00121023 4.41583e-08
0.000101933 7.57583e-06
1.41304e-06  7.0657e-06
3.98176e-05 9.73687e-06