     0.30922 6.01696e-230
2.23488e-228  5.88344e-15
     0.69078 1.34394e-229
 2.16229e-12 7.88349e-190
 9.44937e-08 3.13892e-227
 3.62782e-08 7.66841e-166
 4.37966e-11 5.92098e-200
7.12692e-138  6.79176e-12
 8.70613e-11 1.44776e-199
 5.04185e-11 2.95737e-200
 3.22109e-08 5.29875e-194
5.11218e-161  6.30399e-09
 2.38687e-07 1.41667e-166
2.87833e-232  1.76517e-23
1.80311e-157  8.02701e-25
2.17514e-235  0.000430398
 1.01542e-06  2.0863e-195
 2.30788e-06 9.22602e-196
4.47565e-174      0.69078
 5.53796e-07 5.96482e-167
 2.34739e-05  7.2735e-197
 5.48538e-84  2.77435e-44
    0.552362 1.29971e-219
  3.3787e-09 5.45065e-214
1.47617e-169  8.24537e-37
1.89967e-121   1.8306e-55
1.26423e-101  2.56541e-11
   0.0121574   7.817e-198
   0.0273789 1.75138e-197
 2.60509e-18  1.0571e-199
2.03607e-148  9.24776e-61
    0.552362 4.89506e-173
 5.81969e-18 2.36153e-199
 6.92537e-21 4.05349e-202
1.57928e-163  1.09852e-19
8.26648e-145     0.690416
1.49163e-152  2.22987e-47
4.15184e-181            1
    0.553449 3.52017e-196
1.47782e-231  2.32641e-28
 2.64599e-05 1.75482e-189
 8.55499e-21 1.44597e-201
 4.5241e-222  4.26232e-11
1.63065e-168   2.0882e-56
2.86892e-175  3.91441e-35
8.92393e-203  1.52235e-41
1.09969e-293  9.51304e-88
 4.32835e-14 1.75593e-195
           0  2.81192e-52
 3.61013e-54 8.74667e-116
 1.89257e-20 3.81151e-201
9.13172e-228   2.7594e-80
 1.04365e-86  3.08423e-26
 1.93487e-14 3.92817e-195
 9.42779e-05 6.27878e-189
 1.30603e-09 3.95531e-186
5.45437e-132  1.37636e-05
6.11276e-241  2.95408e-70
2.59131e-149  6.92593e-30
1.46955e-119   6.3493e-69
 5.39626e-05 5.55528e-207
9.55609e-210  1.33803e-92
     0.69078 3.83468e-185
     0.30922 8.44223e-185
2.73482e-124  2.38033e-15
4.98834e-222  1.65666e-45
6.73549e-240  3.37986e-71
3.31039e-210  2.49949e-57
6.06018e-198  6.64933e-23
1.93343e-318  1.28104e-44
3.16962e-308  1.73281e-19
1.90349e-242     0.552362
 1.01583e-16   5.987e-193
    0.192855 1.98538e-203
 8.32821e-05 1.35428e-201
8.21299e-191     0.242844
 7.52346e-18  1.0686e-172
1.95122e-148  1.17401e-09
1.02141e-157  1.43834e-28
  3.3535e-18 2.36748e-172
9.52526e-274  5.54978e-28
1.17033e-129  1.43702e-74
8.07953e-207  8.11214e-56
7.44011e-238  5.55546e-26
7.97062e-148   3.4879e-08
    0.690779 7.11122e-203
 8.78497e-15 2.41108e-171
1.34644e-211    0.0746986
 1.77952e-19 3.56641e-171
   4.392e-85  3.46503e-43
 3.94518e-54 3.09479e-100
    0.241708 1.87159e-202
 0.000221097 3.60142e-201
 5.17882e-39 1.46854e-170
2.04513e-168  1.76053e-30
 2.31832e-39 3.28062e-170
 4.19323e-58  7.1597e-163
  6.1067e-31 4.21581e-158
 1.72822e-30 1.22413e-155
 2.26654e-46  1.77799e-92
 4.12971e-94 7.19156e-289
3.15523e-280  1.82434e-41
 8.29977e-35 2.77871e-154
   9.342e-58 1.59944e-162
1.59907e-137  1.52387e-11
7.79245e-161  2.31333e-25
  9.2401e-34 2.76861e-155
 9.02908e-47  2.9946e-127
9.74332e-184  2.39221e-34
3.14738e-139     0.552373
2.34099e-151  9.80796e-07
 1.91355e-48  1.50109e-94
8.95329e-201  1.15359e-26
 3.67692e-35 6.25008e-154
9.03222e-201  1.54082e-39
2.05934e-226  9.36377e-07
 6.78818e-36 7.46805e-154
 3.28343e-42 5.62538e-147
 1.74417e-35 2.66184e-154
 1.29769e-58 2.03947e-127
1.48983e-187  1.63466e-12
           0  1.35113e-31
7.02154e-279   4.8462e-43
 5.18387e-36 1.68049e-153
 5.80896e-59 4.55608e-127
 5.18147e-48  9.4805e-156
 2.31942e-48 2.11789e-155
 3.83415e-41 7.09162e-154
 1.4124e-280  4.07549e-41
 1.00843e-51  2.2906e-137
3.72946e-150  9.43195e-33
 2.78692e-51  7.5068e-138
 3.07494e-52 6.70525e-137
6.96348e-240  5.44297e-28
 7.44469e-27 2.03109e-101
 1.35255e-37 1.92271e-143
 1.40005e-37 1.99024e-143
 6.60221e-37 9.38535e-143
 3.27088e-39 4.99054e-136
           0  8.2288e-101
 2.87887e-55 4.71474e-134
 1.05428e-54 1.72469e-133
5.52989e-115  1.16165e-25
 7.30698e-39 1.11486e-135
1.05354e-148      0.69078
 1.3114e-208  3.44651e-24
4.47722e-190  1.04019e-79
 6.91341e-52 2.20605e-130
3.83468e-111  3.12055e-05
           0 3.61244e-106
1.69601e-140  1.61626e-14
2.15682e-190     0.637734
 1.84861e-94 1.59456e-288
 1.82757e-49 5.83173e-128
1.42254e-154    2.377e-19
 4.08289e-49 1.30284e-127
5.40279e-126  5.30047e-21
 3.35364e-52 1.07013e-130
   0.0272701 3.87657e-108
 2.03815e-52 3.74467e-131
     0.69078 1.92193e-109
 3.3075e-180  5.77899e-71
 5.09599e-48 9.36278e-127
7.93593e-101  3.18165e-69
  5.914e-280  1.17021e-48
1.03558e-169  1.36393e-17
 9.56945e-16  1.81864e-97
    0.308015 8.77975e-110
6.16288e-106  1.07129e-28
4.73932e-319  1.25321e-06
  6.985e-127  1.22698e-10
 2.36655e-14  5.60988e-96
2.39741e-214  4.08979e-53
4.53173e-173  3.81538e-55
 6.82013e-36 1.25305e-114
3.10125e-320  6.13677e-89
 1.52358e-35 2.79925e-114
    0.695754  2.22013e-79
5.54671e-260  3.56622e-12
6.80265e-294  1.69614e-20
9.27522e-165  1.23401e-07
 1.05678e-14  1.25501e-95
 1.6975e-184  1.91547e-12
9.27766e-206  2.74324e-16
    0.338736  5.31072e-79
  0.00973316   1.6874e-77
 2.2643e-166  2.95925e-54
    0.581636  5.72865e-80
9.15273e-216  5.93714e-22
   0.0272908  4.36088e-78
 3.66313e-36  3.6079e-115
 7.71407e-06  1.99991e-74
7.60491e-176      1.4e-69
 0.000450008  7.25885e-80
1.52401e-239  1.48147e-71
  0.00020401  3.41651e-80
 2.62342e-10  5.88067e-70
 1.25025e-79      0.30922
1.09342e-160  1.34825e-08
 2.45683e-15  2.99752e-65
 2.33888e-14  7.88132e-66
 9.61915e-15  1.83702e-65
 2.21889e-21  6.95278e-59
 3.49098e-52   3.193e-109
4.59687e-154  2.96971e-28
 7.67901e-52   7.133e-109
1.33794e-172  3.62143e-83
1.04265e-114  6.74125e-38
1.04365e-283  2.01314e-13
 4.05962e-44 2.81686e-147
           0 3.15014e-104
8.20642e-223  4.89193e-42
7.74656e-224   3.5043e-49
 1.31992e-39  5.58443e-94
 2.69483e-38  9.05812e-64
2.32922e-114  3.01764e-38
    1.8e-152   7.9728e-27
 9.54886e-36  2.91456e-61
4.33318e-190  2.21145e-54
3.87867e-224   0.00104326
1.19056e-229  1.05293e-31
 3.04551e-40  5.56046e-40
1.69832e-166  2.17485e-54
           0 1.30052e-103
 5.90845e-40  1.24753e-93
 6.59587e-36  1.22083e-60
   8.216e-48  1.50007e-47
1.10547e-102   2.9331e-10
3.86014e-268 7.40234e-107
           0 8.50228e-104
  1.1388e-35  3.04033e-60
 1.14779e-31  1.14903e-55
1.16294e-178     0.308246
1.17665e-192  1.12416e-21
1.64136e-197  4.31367e-13
 4.53141e-28  3.51611e-68
3.95862e-156  1.53025e-25
 1.47984e-29  1.53054e-66
4.13005e-222  5.98758e-62
2.84557e-172  1.86576e-24
 1.01256e-27  1.57259e-68
 5.75044e-28  2.29353e-59
2.72122e-152  1.18208e-55
9.08142e-232      0.30922
           0  3.14151e-78
 1.1369e-160   1.4559e-48
1.53297e-114  6.62333e-64
 1.19388e-25   1.3815e-61
 1.58984e-76  1.18943e-51
 2.66715e-25  6.18374e-62
6.92779e-320  1.37088e-88
3.18308e-158  4.07623e-46
 2.73763e-25  4.65236e-71
 8.3536e-169  1.06976e-56
 9.09662e-22  5.91488e-84
    0.311401 2.16073e-104
     0.30922  2.18587e-79
    0.695742 9.67151e-105
     0.69078  4.88312e-79
 9.41402e-14  1.40665e-65
    0.557359 6.94661e-107
 3.05404e-08  4.56337e-60
 2.72549e-21  3.33895e-73
4.58602e-117 1.07909e-140
  6.0886e-21  7.45903e-73
8.18779e-311  1.57938e-40
3.56957e-207     0.308765
3.56426e-148  7.80528e-08
 7.16467e-06  1.06251e-57
 9.11251e-40      0.68558
           0 2.51628e-236
 7.35947e-16  9.01595e-68
 3.33167e-17  8.09579e-63
 2.09904e-05  3.11271e-57
6.59008e-181  8.43922e-69
3.66672e-294   1.6736e-59
5.20442e-155  7.02851e-10
1.07446e-217  1.89968e-37
1.40709e-198  2.04584e-23
1.04754e-124  2.64891e-07
1.39666e-180  5.33228e-82
5.26474e-145  6.94878e-42
 1.00451e-08  7.51988e-50
 1.22756e-10  9.19034e-52
4.35498e-207  6.71243e-09
 6.93041e-05  8.56608e-58
1.39794e-205   5.1087e-57
 7.51189e-21  9.3624e-127
3.41483e-196  3.74681e-21
1.74606e-161  8.80288e-25
 0.000358781  1.43307e-58
1.72164e-249  3.40664e-18
7.80393e-189   7.4558e-18
8.77739e-162  3.05375e-28
  2.2459e-08  1.68143e-49
    0.561403  5.46902e-57
   0.0777713  7.58393e-58
3.40925e-134  1.62081e-31
5.85107e-203  1.53772e-18
1.99705e-277  9.29894e-49
1.23961e-314 8.47085e-138
 2.34352e-38  2.75446e-61
   0.0454304    4.429e-58
3.49074e-158     0.618417
 6.12437e-27  9.88679e-14
3.15879e-203  1.93496e-21
 3.36261e-21 4.19097e-127
1.28287e-182  4.47903e-84
3.62746e-228  3.17521e-66
 1.49098e-26   4.0611e-14
 3.99333e-35  4.69358e-58
 2.34846e-78  3.35836e-12
 1.60071e-40     0.120429
 3.73635e-40     0.281091
 1.26938e-35  1.49196e-58
           0  3.03638e-29
4.91431e-213  8.38341e-52
           0  6.36098e-06
 9.36342e-35  1.10053e-57
1.11785e-221    7.402e-46
 7.22021e-12  8.71814e-29
 2.42996e-09  2.85606e-32
 8.4893e-239    0.0156852
1.16417e-185     0.305956
6.87479e-179  1.18722e-83
 1.61299e-11   3.9025e-29
  6.9598e-09  8.18022e-32
3.02451e-127  1.15556e-19
  5.5046e-20  6.64661e-37
  1.2297e-19  1.48482e-36
5.02307e-115  2.44593e-26
2.45157e-276 1.77272e-114
8.99165e-155     0.309219
    0.552362 8.96269e-115
 7.41922e-26  2.78524e-71
           0  7.61301e-50
7.09164e-120  6.99742e-07
     0.30922  2.03569e-39
 1.65807e-25  6.22453e-71
 2.0889e-313     0.552362
     0.69078  9.11251e-40
  1.757e-242  2.83395e-13
 5.96063e-21  9.49608e-69
2.62547e-295  5.19505e-64
  4.661e-203  5.11412e-28
2.10391e-154  7.54954e-63
2.79368e-230   4.7658e-69
 6.41104e-24  2.71742e-67
 6.84992e-23  2.80356e-68
4.77871e-284  2.18115e-49
 2.73687e-23  7.42418e-68
  0.00156442  1.82987e-51
9.32489e-157     0.300882
4.77818e-167  7.98418e-32
    0.552362  2.95215e-90
    0.554198  5.17013e-54
 3.41684e-15  4.77241e-76
3.85182e-119    0.0974141
  1.0704e-06  1.52341e-84
     0.03194  8.99238e-53
 4.03428e-43  4.71839e-91
 0.000288031  2.77997e-57
 9.01237e-43  1.05404e-90
4.02124e-247  8.17119e-77
 7.05956e-36  6.82391e-89
3.01885e-153  1.08326e-61
 6.42802e-06  6.21346e-59
  1.8355e-07  5.14124e-58
 2.2411e-225  6.02797e-05
2.09249e-169  4.29145e-41
           0  6.69469e-45
 2.87521e-06    2.796e-59
  8.0339e-48   2.2503e-98
1.79326e-154  7.61244e-28
 5.35851e-32  5.17965e-85
           0  1.48921e-44
 2.5489e-229  4.34822e-68
 1.14365e-31  1.10547e-84
 1.79477e-47  5.02716e-98
1.36502e-213   3.5874e-29
 8.06485e-54 3.91534e-116
  3.2013e-44  8.96687e-95
1.15924e-116  0.000947344
2.55004e-250  1.99323e-38
1.85848e-144     0.305279
   4.285e-23  1.20023e-73
           0     0.552362
1.71689e-200      0.69078
4.78191e-118  4.16208e-09
1.06971e-152   0.00615056
 7.17198e-44  2.00888e-94
5.03421e-176     0.552362
           0  1.26586e-44
 4.4613e-277   2.0773e-48
 1.91813e-23  5.37269e-74
1.78512e-169  6.67555e-22
8.97643e-126   2.2201e-47
 9.84342e-31  2.75715e-81
 1.94669e-55 5.45269e-106
2.02174e-244  2.51733e-45
1.05152e-243  1.41618e-62
1.84334e-247    0.0551378
 9.87805e-42  2.76685e-92
2.54928e-169  3.39429e-12
1.27888e-200   1.8149e-25
5.54895e-315 3.79187e-138
 4.40629e-31  1.23421e-81
6.40495e-223  1.09263e-61
1.13913e-203  9.22821e-10
 7.95897e-43  2.22932e-93
 1.81586e-42  5.08623e-93
1.85593e-205  5.60819e-58
1.80006e-247  3.65773e-77
 3.56411e-43   9.9831e-94
 3.31525e-43  9.28606e-94
 2.38862e-43  6.69054e-94
1.28471e-246  5.86379e-12
2.87548e-143  4.53577e-22
6.40326e-204      0.30922
  4.3555e-55 1.21998e-105
4.74059e-229  6.6377e-112
2.22122e-192  5.34996e-12
 1.41149e-43  3.95359e-94
 5.7373e-221     0.309211
 1.06924e-43  2.99494e-94
 5.95502e-50 1.66801e-100
3.73939e-169  4.78864e-57
 1.45286e-47  4.2559e-126
2.59474e-101  6.5951e-154
2.71277e-198  2.97649e-23
           0 7.95361e-123
1.16155e-101 2.95235e-154
 3.24694e-47 1.90464e-126
 1.76396e-48 7.22539e-106
3.13761e-182  4.84265e-09
7.82269e-150  1.78121e-09
3.02879e-205  8.07341e-19
4.51799e-174  2.61339e-10
 4.35859e-48 2.92418e-106
2.68832e-178  3.95627e-13
2.04467e-215  8.54377e-22
3.74494e-206  4.73539e-16
 4.50882e-62 1.14602e-114
8.31881e-113  1.44605e-35
  2.0358e-45 2.42954e-128
           0  2.64662e-95
 3.0525e-203  3.31869e-15
 9.99938e-62 5.13001e-115
 2.22841e-76 5.66399e-129
 2.45516e-43 5.12929e-111
 1.32435e-54 6.03876e-122
 6.44276e-43 2.06872e-111
 7.63629e-31 1.08005e-124
 2.62808e-43 4.86017e-112
 1.30237e-34 8.18338e-120
 4.33756e-38 2.84687e-116
4.91379e-161  6.29257e-49
 3.57994e-55 1.63238e-122
 2.93295e-30 4.13611e-124
3.42275e-159  5.71931e-24
9.34455e-169  7.71881e-76
 3.75762e-44    3.05e-139
9.84654e-112  3.94761e-80
   1.605e-38 1.05341e-116
 1.26534e-29 1.02706e-124
7.47278e-116 1.89937e-168
  4.8653e-44 3.19324e-122
 2.57551e-43 1.69038e-121
1.09577e-147   2.2002e-85
1.00472e-195  1.71397e-34
 2.38328e-44 1.56422e-122
 3.33597e-29 3.70053e-125
 4.96738e-45 3.26024e-123
 2.0583e-237  1.53691e-25
1.20917e-156  1.54845e-44
  2.127e-229  1.42271e-48
5.17806e-136   0.00041981
9.99836e-174      0.30922
 8.52654e-49 3.63585e-129
2.99115e-161  8.93333e-26
1.91319e-120   1.6652e-11
           0     0.296661
4.01819e-126  9.93804e-48
1.16067e-160  1.74388e-49
 5.30151e-45 5.15178e-136
2.75417e-216   6.0958e-09
  1.1843e-44 2.30619e-136
7.50013e-224  2.17613e-31
 2.22549e-48 9.48981e-129
1.18226e-261      0.69078
 4.37511e-24 1.39579e-138
 5.15235e-20 2.06853e-134
  1.2928e-38  7.7914e-140
 1.52746e-96  2.25314e-16
7.27819e-182  6.26525e-44
 9.56131e-40 1.87239e-137
1.43585e-275  9.81192e-99
 1.01106e-23 3.22557e-138
2.12625e-287  4.20724e-56
 2.88774e-38 3.52265e-140
           0      0.69078
 1.58684e-13 8.39941e-141
1.00039e-164     0.578663
3.16867e-150  8.50213e-50
3.04671e-257     0.309219
 1.64485e-36 1.55761e-154
  7.3631e-37 6.97244e-155
3.55269e-176  1.11392e-81
 3.54493e-13 3.75989e-141
 1.59794e-97  2.37861e-15
6.80081e-107  1.3881e-272
8.75537e-207  2.83337e-26
 2.50257e-23 2.22421e-139
 1.32627e-14 1.34998e-162
 3.06635e-10 3.47572e-144
9.32667e-103  1.62125e-25
1.79228e-191  2.00853e-19
 1.3071e-202   3.4352e-18
1.52028e-106 3.00761e-272
 1.83787e-53  1.8572e-201
 4.10571e-53 4.14889e-201
  0.00724663 1.80416e-151
1.52586e-183   0.00910017
1.48055e-180  1.29081e-70
 1.1704e-309  2.31588e-78
3.42113e-152  9.72311e-48
5.00886e-205  4.05761e-11
 2.60233e-07 8.60439e-170
 1.2254e-127      0.30922
 8.89409e-71 1.74558e-236
   0.0168821 7.76808e-152
 2.00475e-70 1.45743e-236
 5.81347e-07 3.85184e-170
9.68816e-157  9.23255e-31
1.43046e-203      0.69078
1.56043e-126  5.50467e-11
4.59675e-247     0.137407
    0.273389 4.70439e-153
8.59605e-170   7.5659e-37
 2.70114e-69 1.66757e-237
    0.552371 6.44959e-171
2.92273e-130  4.91934e-13
    0.664493 1.92949e-153
    0.309224 1.07288e-165
     0.69079 4.80264e-166
  0.00122204 3.54844e-156
 0.000394365 1.14512e-156
 1.37493e-27 4.74811e-184
 0.000377917 1.09736e-156
1.87728e-166      0.69078
8.67174e-164  1.64596e-12
1.60412e-182  5.28314e-13
  6.1547e-28 2.69055e-184
 1.90807e-10 5.54045e-163
 8.63837e-11 2.50832e-163
5.76859e-112     0.697233
 3.79525e-40 3.12411e-161
1.35201e-237     0.249803
 1.10548e-09 3.20998e-162
  2.363e-189  2.38609e-51
 3.37668e-35 5.14184e-172
 1.51238e-35 2.57177e-172
  1.6989e-40 6.97909e-161
8.48358e-176  1.25324e-34
 4.93993e-10 1.43441e-162
     0.30922 1.86267e-197
2.71831e-171     0.552362
3.70237e-253  7.4979e-125
1.11774e-237  6.66296e-57
 3.19282e-45 1.31272e-177
3.34458e-146  5.27573e-25
 5.6104e-178  5.78033e-07
 1.42965e-45 5.87625e-178
1.89354e-171     0.552362
3.80404e-232  8.42839e-25
           0     0.552362
 1.33941e-81 8.71216e-120
1.45646e-200 7.95102e-102
4.81912e-145  5.69256e-10
 2.79485e-47 3.39228e-154
     0.69078 8.33803e-198
 3.9621e-157  5.07385e-45
1.36382e-257      0.69078
 2.30214e-42  1.80591e-88
 7.46358e-41 4.76558e-186
 1.66778e-40 3.17019e-186
           0 5.08426e-130
 1.22735e-77 1.48146e-274
 3.11131e-38 2.42015e-184
  5.8002e-82 2.01186e-119
 7.41455e-38 1.01568e-184
1.97055e-178  2.51117e-79
     0.30922 1.02493e-203
     0.69078 4.58798e-204
 3.12596e-27 8.10971e-178
 2.12682e-08 2.56717e-205
3.66654e-178  3.15625e-40
4.72381e-228  2.27675e-50
  2.443e-196   3.8612e-23
 3.07282e-85 1.03139e-119
2.75767e-122  5.95753e-13
 6.36567e-29 4.97871e-176
4.38882e-104  2.16082e-97
 2.84763e-29 1.11266e-175
1.09687e-125  2.77402e-08
 6.86452e-85 4.61691e-120
4.71606e-149      0.30922
1.23068e-216  2.72386e-09
1.32915e-201  1.85594e-12
 5.64326e-38 5.61603e-167
9.19803e-146      0.30922
8.52573e-165  2.09327e-15
4.71585e-203  2.22531e-10
1.11303e-170   1.3004e-11
5.63616e-257  9.93982e-92
5.20029e-205  1.56844e-57
 2.52615e-38 1.25458e-166
1.36874e-194  9.71425e-16
 1.17615e-18 2.60211e-200
 5.0709e-111  3.1905e-118
2.26993e-111 7.12374e-118
 3.03705e-18 1.19196e-200
 2.99637e-25 1.29199e-193
 1.34279e-25 2.88623e-193
 7.20835e-40 5.37654e-179
 1.27992e-15 3.02803e-203
4.59916e-122  5.43297e-11
2.97398e-201  4.15266e-12
3.23791e-162     0.552362
8.07111e-158  1.79329e-24
 1.17023e-37 2.64828e-181
6.87761e-261  0.000348352
 2.85937e-15 1.35553e-203
 3.22654e-40 1.20113e-178
1.27664e-261  2.59414e-91
    0.552362 5.61112e-218
 2.57847e-43 2.17382e-164
 8.17585e-80 7.13604e-189
 2.58805e-23 1.39506e-199
5.18664e-216   1.5336e-26
1.71229e-268  7.97284e-40
 1.82643e-79 1.59372e-188
3.10641e-180   5.6411e-06
 2.10935e-33 7.07104e-174
2.77794e-229  5.87336e-26
 8.82579e-90 2.63722e-178
 5.76778e-43 4.86261e-164
1.43854e-177  3.53195e-28
 1.77622e-33 1.57963e-173
 2.01533e-22 2.38885e-189
 3.00031e-20  3.5564e-187
4.63552e-170   3.0471e-17
  6.7036e-20 4.18482e-187
1.17418e-167  7.42491e-31
 1.26264e-23 1.49442e-190
1.40969e-230  9.14428e-37
 1.35118e-40 4.37835e-158
 1.13215e-17 2.00537e-189
6.68012e-152    0.0384066
 5.50333e-24 6.51522e-191
1.76435e-121   4.3637e-43
3.25368e-214  5.73812e-49
1.42858e-123   1.2434e-14
 4.56954e-09 1.28974e-182
1.64156e-150   9.9401e-07
4.89629e-260  2.27983e-31
 1.02253e-08 2.88606e-182
8.59935e-222  2.68027e-62
 1.82368e-09 3.79565e-183
2.32925e-205  2.22532e-34
 2.4227e-178  2.31463e-07
 4.02977e-09 8.35199e-183
 3.77901e-35 1.22455e-152
  4.2025e-97  9.57882e-16
           0    0.0872285
   0.0147562 4.16517e-176
    0.240469 5.92883e-176
 1.02399e-16 1.51002e-102
7.36125e-172  1.92707e-50
    0.689137 1.69909e-175
    0.191439 5.40366e-175
     0.30922 4.58378e-140
  8.2169e-19 2.66259e-136
     0.69078 1.02399e-139
1.43031e-203  4.32282e-21
 1.83561e-18 5.94809e-136
    0.552362 7.75501e-169
           0 1.18001e-104
3.22769e-216  9.75335e-69
     0.30922 5.00046e-118
 1.31181e-12 1.94458e-151
2.28228e-152  2.92267e-40
 3.74782e-64  1.88685e-76
8.66434e-146  3.10905e-54
     0.69078  2.2384e-118
           0  9.59443e-48
1.23144e-177  3.35092e-05
 3.35135e-07 5.03486e-162
 5.58625e-07 2.25376e-162
1.04343e-205  1.46099e-88
3.34218e-197  2.68682e-13
  0.00618931  1.8701e-170
  0.00297664  8.9932e-171
    0.552417 1.66721e-168
5.25513e-150  4.23414e-06
2.13747e-168  2.77286e-72
5.00903e-115     0.235908
1.45664e-217  2.56889e-52
           0  2.24924e-42
 4.22832e-33 6.10145e-138
 8.26967e-33 2.63991e-138
 2.50467e-37 1.05189e-133
 1.19665e-33 3.82003e-139
 1.12078e-37 2.35072e-133
1.37187e-190  1.50524e-15
8.15793e-231  3.70942e-11
           0  3.85918e-39
 5.60459e-19 6.02459e-226
9.88131e-324 1.89892e-162
2.11889e-206  4.63688e-59
 1.3665e-193  1.91335e-76
3.64291e-148  1.58246e-51
 3.72784e-41  5.6523e-130
 1.25204e-18 1.34586e-225
2.19547e-121   3.8989e-44
1.19864e-176  2.18241e-08
 1.67673e-64  4.21747e-76
     0.30922 6.00347e-195
 3.58245e-11 3.85091e-218
1.24102e-136      0.69078
5.79651e-206  8.35896e-50
5.70895e-201  8.20997e-26
4.74992e-287  9.39875e-56
2.13275e-165     0.123366
2.04831e-227  6.18954e-80
     0.69078 1.34114e-194
6.98112e-192  3.19216e-19
 6.38248e-07 1.16067e-188
1.70283e-232  3.78881e-25
 2.74845e-12 6.33076e-217
2.65212e-238  5.24779e-07
    0.552362 2.51887e-228
8.02264e-111  1.06803e-29
 1.21889e-12 1.42223e-216
2.03091e-207   3.1341e-09
 1.14985e-37 7.64462e-229
 2.44259e-15 5.69614e-214
 8.11207e-31 9.15265e-174
3.50065e-237     0.646796
1.59647e-207      0.69078
2.44935e-247  8.32123e-64
 3.50137e-22 3.13962e-244
 1.56735e-22 7.01371e-244
 3.63127e-31 1.90364e-173
 1.51807e-17 6.25328e-222
 6.60995e-49 1.12326e-155
 6.8608e-115  2.96427e-64
 2.0355e-280  4.02768e-49
 1.47663e-48 5.02815e-156
           0            0
 2.17056e-91 2.73522e-113
7.66542e-114   0.00131205
 8.7717e-181            1
 8.40575e-07 5.75575e-240
 2.65238e-07 9.42715e-231
2.59811e-178     0.690778
 5.92528e-07 4.22205e-231
    0.552362 3.78224e-234
 3.30388e-38  6.7815e-200
  8.6006e-38 2.63769e-200
 8.26657e-39 1.05076e-200
 1.53063e-38 5.26029e-201
 2.1476e-164  1.84874e-26
8.85245e-125  6.42697e-16
2.60551e-182  5.10915e-87
7.20736e-205  1.46454e-34
 2.61305e-12 7.98746e-223
 3.49614e-16 1.06868e-226
2.69798e-165  4.23563e-07
 1.00344e-18 2.60125e-216
2.32703e-122  2.76887e-11
9.86158e-221  2.91542e-49
4.50456e-153     0.554952
1.91225e-295  1.23265e-59
 4.49177e-19 5.81107e-216
 1.76042e-43 1.22619e-191
           0 2.04946e-306
 1.06411e-42 2.45293e-192
5.35228e-181  1.86871e-82
 2.48828e-42 1.02029e-192
5.79164e-237    1.146e-05
 2.06665e-36 1.46576e-233
 1.33371e-67 9.27909e-169
 1.00805e-66 7.01336e-168
3.22417e-242  6.33089e-13
2.28037e-126 2.03169e-182
 7.57488e-83 8.35466e-184
 7.3655e-210      0.30922
4.33846e-124  3.11823e-17
 1.62008e-66 1.61131e-167
 2.63385e-73 4.98892e-210
 7.20292e-59  7.9444e-160
1.19169e-135  0.000179068
6.43943e-178  1.58103e-28
4.99274e-228  2.63357e-15
  1.6091e-58 1.77474e-159
  4.8117e-78 3.41518e-205
2.07084e-205  6.12311e-16
3.05273e-247   5.1813e-25
1.30833e-130  1.09895e-12
2.34908e-243  6.33925e-63
  2.1539e-78 7.62923e-205
2.75331e-113   0.00471281
 9.6801e-190  4.94026e-54
2.56819e-221     0.690775
 6.22444e-52  6.8652e-153
 1.20239e-82 1.09282e-200
 7.4853e-185  1.32009e-19
8.75017e-107 4.63209e-178
 1.02174e-71 8.61947e-183
6.86642e-172  2.16972e-19
 1.43386e-51 1.58146e-152
3.49104e-232     0.690779
3.93166e-107 1.03478e-177
 1.57724e-50 1.16677e-153
 7.40103e-95  1.67059e-24
 6.47286e-62 3.19911e-142
8.67286e-284  5.9266e-107
 1.90539e-36  1.6074e-147
 3.29449e-71 2.77926e-182
 4.25653e-36 3.59084e-147
 3.37292e-45 2.85084e-156
2.44241e-191   3.0912e-28
 3.8818e-164  2.93972e-12
 2.21651e-62 9.34232e-142
  1.1502e-70 6.45916e-139
           0  5.66647e-45
 1.55403e-10 1.31099e-121
 5.14872e-71 1.44294e-138
 4.23282e-10 3.57084e-121
3.58965e-306  3.21432e-08
 8.22466e-31 6.93838e-142
9.97602e-236  7.81326e-55
 1.43001e-09 1.20637e-120
 1.16503e-84 1.83462e-118
 8.0096e-215  1.77276e-07
 5.25168e-85 4.09843e-118
3.59124e-111  2.38568e-29
2.16629e-115     0.690419
 1.83734e-30    1.55e-141
 6.23636e-07 5.26104e-118
 1.22658e-38 1.03476e-149
7.55815e-180  2.33669e-06
 5.49066e-39 4.63196e-150
 4.39804e-41  3.45004e-87
  0.00702123 5.92316e-114
 7.89547e-51 6.66066e-162
3.87221e-190  4.24866e-15
7.32728e-163  1.79902e-13
     0.30914 2.61496e-112
     0.69078 5.82746e-112
1.09779e-212  1.87275e-51
 6.68946e-41  5.99762e-72
   9.697e-82  7.50508e-68
1.91485e-199  3.26657e-38
8.61623e-210      0.30922
 5.49117e-26 4.63239e-137
6.61528e-232  1.04139e-28
1.56858e-278  2.16934e-43
 4.23025e-24  7.68371e-89
           0  1.48838e-93
2.61631e-309  5.17694e-78
 4.67986e-23  8.24783e-90
 1.16811e-22  3.27738e-90
 2.97442e-41  1.34886e-71
  4.1969e-30  2.93696e-95
2.73748e-127      0.69078
           0  9.03894e-07
 6.45263e-30  1.31466e-95
 2.23197e-10 6.13357e-128
9.84815e-179  7.62733e-14
3.99736e-204   3.5481e-18
 1.04236e-27  5.79523e-98
  4.9861e-10 1.37021e-127
7.82048e-161  1.92011e-11
3.46581e-148  7.00624e-86
4.05266e-223  1.61138e-39
8.33142e-150  2.10705e-32
    0.552403 2.11037e-118
 3.01062e-32 1.51733e-102
     0.30922 6.20136e-137
3.36141e-149  4.30461e-37
7.90871e-206  1.25223e-07
     0.69078 2.77597e-137
2.76167e-224  4.71119e-63
 7.90932e-15 5.40233e-121
  0.00474577 1.81304e-120
 1.04835e-13 1.35534e-122
 5.04529e-14 6.06121e-123
1.30959e-177  1.16708e-73
1.80664e-172  7.16512e-19
 2.41414e-30 1.13995e-121
1.59733e-196  8.88087e-26
 1.37556e-31 1.19728e-125
 6.18941e-32 2.68055e-125
1.72273e-200  6.65939e-70
 9.70209e-19 3.70653e-136
 9.52372e-31 8.73949e-142
4.22714e-179  0.000170084
4.54027e-274   1.5778e-96
 4.26318e-31 1.87633e-141
  2.4644e-44 1.16237e-135
 1.58916e-19 1.03558e-137
1.78872e-212     0.562285
 1.10316e-44  5.2032e-136
  3.5501e-19 4.63563e-138
 6.77672e-40 1.30656e-167
 3.23758e-35  2.7443e-172
 6.39311e-43  1.2326e-170
 2.86206e-43  5.5181e-171
   0.0471249 2.81261e-155
 2.38153e-30 4.66565e-177
7.94425e-113 1.51841e-243
6.68874e-225  1.19247e-78
1.71834e-114  3.94648e-26
 5.31702e-30 2.08852e-177
 1.55509e-33 6.10838e-181
    0.556353 2.38237e-156
2.10428e-190  5.53025e-06
1.45789e-125  7.91738e-18
           0 2.94199e-103
    0.661426 1.60853e-206
    0.273803  4.0399e-206
   0.0639808 8.22366e-207
1.76122e-130  2.09569e-19
1.55954e-191  7.13112e-19
 1.65166e-05 7.07259e-161
 7.39345e-06 3.16596e-161
 1.23076e-39  1.23015e-88
2.86354e-271     0.552362
1.44352e-173  1.84856e-61
 5.8641e-209  1.54115e-24
9.96968e-157   0.00397314
6.36792e-155  1.06401e-19
 3.57987e-09 5.69148e-212
3.47032e-148  6.25341e-85
 1.60249e-09 2.54772e-212
 3.30905e-36 6.16113e-185
2.49248e-223  4.62131e-71
 5.48865e-58 8.72615e-261
 7.19759e-36 2.76219e-185
2.11755e-284  5.44889e-30
1.17612e-144  1.53858e-41
1.86609e-164  7.12521e-46
2.20303e-220  1.30505e-49
7.31453e-181  6.97055e-55
5.86744e-177    0.0244981
7.74992e-114  3.3595e-319
 2.86412e-43 2.80406e-168
 1.07101e-42 1.04855e-167
1.33398e-322  2.92142e-32
 5.63535e-57 3.93053e-247
1.81827e-309  1.20474e-35
9.91379e-166  1.09958e-32
1.14534e-311  1.16572e-07
1.28424e-175  1.75229e-35
  2.5226e-57 1.75946e-247
5.47667e-276 7.93539e-115
 1.54543e-98 6.69932e-304
  3.8447e-43 2.71205e-167
  3.7373e-90 8.08509e-295
  8.6107e-69 9.89289e-228
1.81192e-222  1.08011e-41
 1.04492e-64 2.35004e-231
3.87555e-209    0.0167693
 8.34893e-90 3.61919e-295
 2.9889e-172  1.62109e-83
 2.3767e-191   6.2462e-07
 1.85845e-60 2.72975e-227
           0  5.40379e-18
 4.15168e-60 6.09812e-227
2.63453e-100 3.40852e-110
7.53215e-197  1.10847e-31
  1.626e-181   1.3997e-43
 4.33509e-82 2.59048e-128
1.08869e-178  1.12146e-07
 1.94055e-82  1.1596e-128
 2.32047e-08 8.72425e-279
 2.87503e-56 1.32335e-201
     0.30922 1.64082e-286
     0.69078 3.66505e-286
4.92265e-294   4.2584e-88
1.42065e-246  3.03417e-60
           0 5.62124e-236
 2.72786e-96 1.74426e-161
 1.93763e-93 7.27177e-150
1.09157e-196    8.643e-23
 1.22109e-96 7.80797e-162
  0.00014194 4.19118e-246
 5.84291e-97 3.90728e-171
           0 5.46146e-100
3.08781e-219  2.98292e-75
7.15132e-153  3.83459e-42
 1.30527e-96 1.74927e-171
 4.32856e-93 3.25512e-150
     0.69078 2.03972e-242
 5.79071e-68 1.70987e-309
 8.20646e-45  7.93254e-98
 2.76193e-09 8.15536e-251
 1.0891e-117  9.47931e-09
     0.30922 4.55663e-242
 7.98419e-13 1.76474e-230
6.13093e-196  5.98442e-67
 2.59214e-68 7.65402e-310
 3.57403e-13 3.94233e-230
8.71848e-319  5.77665e-45
1.51009e-246   8.9177e-60
7.84577e-207 4.28332e-108
           0  2.41894e-18
 1.58585e-11 4.68266e-253
           0      0.30922
2.94271e-110  1.17978e-78
2.72446e-222  6.28456e-97
2.32626e-190  4.71105e-62
 7.12949e-60 1.58029e-183
1.67678e-206  1.05782e-15
3.44838e-178  1.12398e-79
 6.3911e-136  7.13326e-10
6.29426e-116     0.199381
 1.56297e-47   8.968e-196
4.03619e-179  9.90979e-30
 3.52859e-47 3.97234e-196
 1.47442e-23  7.6414e-220
           0  1.33124e-95
  2.2423e-78 6.62097e-320
 3.04329e-40 4.62986e-203
9.14721e-157  1.97321e-29
1.04266e-205  9.96137e-35
 1.02596e-42  8.04816e-89
 3.1552e-184  4.64336e-19
 5.05502e-15 2.99125e-113
 2.2121e-206  2.42715e-31
 1.36244e-40  2.0725e-203
 1.47216e-44 2.58072e-255
 1.2914e-272  9.17647e-26
 2.82033e-44 4.16543e-234
2.74445e-196  1.33689e-66
6.57823e-120  2.84218e-69
 4.04855e-40 2.02138e-227
3.93939e-155  2.80982e-44
 9.04425e-40 9.04846e-228
9.54455e-112  1.65912e-34
 4.14916e-44  4.3033e-224
 5.33803e-69 7.41302e-189
 2.15429e-94 1.05625e-308
 1.54026e-58 7.55188e-273
 5.37728e-27 1.48058e-240
3.40425e-176  6.26695e-70
1.12324e-228  3.39418e-81
 3.44085e-58 1.68705e-272
5.43352e-238  4.24709e-26
5.77092e-104 6.85695e-154
  1.3248e-67 6.49549e-282
4.01577e-199  1.18739e-09
 4.28483e-43 2.10085e-257
 1.27429e-26 6.24783e-241
   0.0594357 7.03935e-256
1.15996e-149  1.54722e-29
    0.271287 1.78178e-256
 9.12527e-99  2.07994e-17
1.27285e-310  2.78626e-20
3.39342e-123  2.95356e-14
 5.28437e-45 2.59093e-259
2.96439e-322  6.52585e-32
    0.658974 7.16395e-257
 3.8838e-204  5.42307e-15
7.34383e-199  2.20693e-26
1.05975e-136  4.06939e-06
 2.87766e-45 1.41092e-259
 0.000101584 1.10449e-260
8.13928e-310  5.39285e-36
2.40023e-124  6.06942e-07
  0.00213483  4.2237e-314
    0.690779 1.01932e-311
3.05437e-284 2.08721e-107
 2.65489e-50 1.30169e-264
    0.309211 2.27715e-311
2.32174e-216  6.86498e-27
1.31989e-135  2.10676e-41
 4.44156e-15 4.89657e-269
 9.83215e-11 1.08394e-264
 6.27688e-15 6.91992e-269
7.67545e-227  1.30937e-65
     0.69078 7.61548e-255
           0  8.66096e-39
 1.48863e-12 1.64113e-266
1.20367e-156  8.59961e-30
     0.30922 1.70126e-254
    0.552362 2.40912e-253
1.63643e-119    0.0413859
1.38059e-240  1.58121e-20
 8.83702e-16 2.93443e-226
  7.5781e-15 2.51639e-225
 4.39887e-15 3.02512e-239
5.20741e-117  1.28793e-38
7.32547e-203  8.03893e-18
           0 2.27591e-130
6.17736e-177  9.09023e-12
9.14383e-248     0.579695
 5.69693e-18 2.92118e-236
 5.5682e-223  2.06865e-71
 3.18563e-18 1.30763e-236
 1.62251e-08  2.7483e-218
9.18794e-127  1.25629e-16
5.67017e-114     0.559484
4.92342e-154  1.76669e-62
     0.68705 2.28143e-211
1.47454e-203  3.37688e-16
1.42117e-136            0
    0.305025 5.16668e-211
 6.3617e-137            0
1.52653e-203   1.3428e-15
 3.71154e-29 1.15594e-238
   0.0224138 5.66028e-210
 1.66143e-29 5.17444e-239
1.96069e-188  0.000515289
1.74021e-242   1.8141e-69
  1.742e-173            0
8.70477e-208  2.57385e-18
 2.79299e-79      0.69078
 1.0628e-199  1.16612e-24
1.24403e-317  2.46158e-86
1.17801e-107  1.53611e-78
2.61603e-136      0.30922
1.56272e-232     0.309218
 1.08353e-37 1.16303e-174
8.84334e-156  6.84997e-26
 2.15819e-52 1.98017e-160
 4.82129e-52 3.26876e-160
4.49751e-196   7.6724e-35
6.00313e-277  3.57853e-96
 5.20816e-60 4.76774e-160
2.51123e-133  6.21093e-55
3.08239e-181  3.94729e-69
 9.50451e-56 3.55453e-157
 4.7455e-206  2.15808e-59
5.56865e-179  2.63884e-07
 1.42002e-56  3.9219e-178
6.28452e-321  1.24321e-89
 2.67297e-59  4.7145e-153
 2.40373e-59 2.20142e-159
 2.1757e-156   0.00177854
3.91925e-207  1.26848e-26
3.02331e-193  2.91676e-15
  1.5532e-40  1.24218e-39
 6.35635e-57 1.75554e-178
7.99865e-118  7.05702e-23
 1.7013e-167  2.84281e-32
1.29056e-185  1.92196e-47
1.19523e-199  3.04373e-57
3.05751e-165  7.50692e-16
1.49173e-164  2.28389e-27
1.66403e-189  5.30693e-51
 4.08727e-66 8.32018e-160
2.91945e-189  3.73863e-77
 7.51873e-68 2.14484e-144
9.36266e-230  1.59719e-68
 3.8645e-157     0.731851
 3.40678e-68 1.47568e-144
1.43614e-108 2.04967e-272
  6.6768e-66   8.373e-141
 1.52121e-70 4.20139e-192
 2.41347e-72 6.66568e-194
 6.79663e-71 1.87714e-192
9.43851e-189  0.000248054
5.42051e-241  4.04055e-29
 9.60471e-90  2.6527e-211
 3.83497e-88  3.77306e-98
 1.20123e-55 1.50641e-130
3.82517e-268  1.78109e-39
 2.2384e-118     0.566099
1.48144e-312  1.05203e-08
  4.2987e-90 1.18724e-211
2.14174e-163   4.9183e-09
     0.30922   5.852e-185
     0.69078 2.61958e-185
 7.82223e-32 2.31335e-154
 1.47232e-42 5.58333e-227
4.36147e-184  1.07084e-34
7.88332e-131  9.38039e-20
 3.50153e-32 5.16789e-154
5.29226e-262      0.30922
 1.22712e-06 4.65349e-191
1.02449e-116 4.83041e-141
 6.59066e-43 2.49931e-227
 3.07778e-12 1.16716e-196
 7.09017e-43 2.09693e-165
 1.37767e-12 5.22439e-197
1.53428e-194     0.552362
 7.74103e-15 2.93555e-199
 1.12267e-52 1.65694e-174
 2.92868e-39 7.02041e-186
3.25297e-161  2.70241e-28
 6.54252e-39 3.14261e-186
   1.064e-40  4.0074e-181
 1.67078e-26 6.33592e-211
 2.37693e-40 1.79387e-181
6.26425e-232  3.25384e-23
 2.08383e-48 1.72013e-189
6.08631e-222  2.81321e-97
 7.11672e-77  2.65712e-51
3.43582e-227  5.86124e-66
 5.18021e-43 1.96444e-227
 6.32321e-08 5.39462e-214
5.86515e-295  1.16055e-63
 3.85807e-43 1.46306e-227
1.26145e-169  1.68417e-12
2.49612e-113  9.4658e-298
4.29204e-199  7.32188e-38
           0  1.45843e-49
1.72039e-163   8.4083e-23
 3.39645e-49 5.92599e-192
    0.690492 6.17554e-221
    0.144346 1.29099e-221
7.24628e-227  4.69262e-46
           0 8.12356e-119
4.73116e-190   1.2434e-05
    0.273259 2.44394e-221
3.47309e-160  2.98978e-22
 3.4776e-159  4.28432e-07
6.77881e-193  1.63272e-12
 4.83847e-30  4.3277e-250
2.47033e-323 4.24209e-162
 6.3107e-231  4.09359e-37
1.04374e-224  7.88069e-72
2.45032e-125  6.19695e-08
2.62947e-107  6.87623e-79
1.14202e-168  4.96087e-72
1.66249e-125 3.87496e-320
3.97237e-191  4.47623e-19
3.71392e-125 1.73466e-320
3.51206e-207 1.91777e-108
1.32116e-279   2.6142e-48
 7.92256e-36 2.47821e-248
4.64164e-144  1.17128e-17
           0 9.17418e-307
3.79025e-166  4.85377e-54
2.13913e-284  9.76367e-50
 3.54644e-36 1.10934e-248
 3.56347e-53 3.68992e-190
 1.60493e-53 1.65175e-190
1.99434e-190  1.18885e-09
 3.21631e-70 6.07737e-214
 1.43006e-70 1.37293e-213
 9.52558e-72 1.65757e-212
4.25366e-135 3.09121e-108
 1.9041e-135 6.90559e-108
1.27117e-102 4.14291e-229
5.69021e-103 9.07177e-229
2.77744e-228  1.42133e-66
4.95595e-108 8.29982e-224
4.14214e-156  3.46463e-23
2.84327e-108 1.85416e-223
2.61139e-136 4.32551e-251
1.60371e-104 2.05476e-216
3.05267e-193  4.27429e-76
3.37788e-149   2.0454e-05
4.02723e-155      0.69078
3.26475e-227  1.04832e-45
1.17504e-136 9.66296e-251
3.78403e-119 2.66912e-296
  1.0257e-96 1.31418e-208
 2.29136e-96 2.93581e-208
1.68264e-196  2.47626e-31
8.22138e-142 5.95737e-118
2.58038e-112     0.324026
8.45333e-119 5.96267e-296
1.83661e-141 1.33085e-117
4.79168e-312  4.77381e-08
1.21764e-208  1.01013e-36
8.21498e-178  7.07166e-40
           0      0.69078
           0  3.4124e-100
 1.80988e-72 2.31891e-184
 8.7988e-145  3.07297e-29
1.40617e-192  1.54288e-17
4.48249e-161  3.74106e-28
 4.04317e-72 5.18031e-184
2.73184e-112 1.92694e-289
 7.96513e-50 1.02053e-161
2.55781e-101 3.17799e-110
5.71402e-101 1.42259e-110
 1.77937e-49  4.5683e-162
5.51825e-101  3.99863e-77
2.45842e-220  3.79384e-22
1.29216e-215  5.19892e-16
1.44393e-217  1.51743e-15
 1.36097e-08 5.97208e-203
 3.03811e-08 2.67361e-203
 0.000512944 1.26717e-207
   0.0655633  1.5523e-210
4.98235e-171  2.89705e-11
 1.71442e-82  7.55307e-85
    0.560038 1.17674e-210
2.53782e-220  2.61113e-47
 9.0376e-271 2.79138e-105
 3.82992e-82  3.38595e-85
2.17469e-185  3.70984e-24
 8.07054e-87  1.32302e-80
2.72015e-208  4.98477e-37
 2.79932e-35 6.10931e-244
2.27594e-191    0.0672956
 5.60214e-54 2.31481e-113
 1.37099e-87  7.78817e-80
 1.25149e-53  1.0362e-113
7.31467e-151  4.42924e-07
 1.25308e-35 2.73476e-244
9.86845e-110 8.94075e-179
 1.05725e-74 6.80076e-133
 8.3814e-146    0.0477377
 4.3211e-163   3.0713e-19
4.33679e-157  4.13284e-31
1.48908e-313  2.94647e-82
5.77562e-186  4.29462e-47
1.65954e-109 4.00222e-179
 4.58376e-17  3.3733e-102
           0  1.82061e-08
7.68546e-201      0.30922
3.36008e-309  3.43396e-05
 2.05154e-44 5.05445e-123
6.54904e-179  3.96563e-35
 7.67685e-88 7.00963e-120
 4.73108e-75 1.44199e-132
 3.3135e-214  8.70822e-30
 1.6714e-202  3.52333e-18
 7.00507e-77 7.68399e-131
7.39524e-210  1.11887e-57
 6.21138e-38 1.66942e-129
6.94751e-127  5.08581e-20
 4.95552e-36 1.16857e-137
8.40343e-167      0.30922
4.89506e-173     0.552362
 1.14147e-35 2.69171e-137
 5.43122e-33 2.38764e-134
8.82754e-141  1.18143e-24
7.70458e-210  2.34839e-74
 1.21329e-32 1.06879e-134
 3.05705e-30 2.39474e-137
 1.36617e-20 2.77858e-151
7.30974e-193   1.7606e-12
 1.5385e-178  5.30315e-84
 1.08554e-27 9.55201e-140
7.57099e-141  7.21494e-15
 6.06068e-92  1.49896e-13
 5.37721e-56 6.74328e-131
1.67218e-184  5.90924e-20
1.03052e-157  1.31967e-45
 6.83477e-15 6.94578e-157
 1.43771e-11 7.63858e-163
 1.52685e-14  3.1092e-157
 4.39603e-08 2.35881e-159
2.40293e-181  7.21863e-05
     0.69078 1.53428e-194
2.32663e-237   1.0525e-62
    0.301748 4.26311e-166
    0.685238 1.87728e-166
 7.55417e-51 1.05879e-215
     0.30922 6.86802e-195
 4.97094e-11 7.02285e-176
8.49789e-122  4.09112e-55
 2.22537e-11 3.14375e-176
 1.48628e-34 2.09965e-199
 3.58103e-13 7.95376e-207
           0  1.09328e-53
6.07906e-152   2.6407e-55
           0  5.3632e-106
 3.32027e-34  4.6905e-199
           0  1.42101e-05
1.12539e-250  8.79659e-39
5.01374e-126  7.75675e-78
1.29491e-205  3.74179e-50
6.02948e-188  6.61564e-13
 4.28507e-30 1.39492e-218
 7.5579e-232      0.69078
 9.73683e-30 6.13906e-219
5.11504e-146      0.69078
 1.12174e-35 3.65161e-224
 5.02135e-36  1.6346e-224
2.22009e-111  8.90071e-80
 7.25623e-60 1.61167e-253
 4.89856e-48 1.08801e-241
4.08676e-179  6.01428e-14
 1.89588e-54 5.90572e-250
 5.41353e-55 1.15884e-235
 4.23438e-54 1.22339e-249
  4.3105e-52 4.97109e-229
 9.63023e-52 4.57638e-229
2.19099e-238    0.0404816
           0  1.01297e-56
1.09642e-247  1.85892e-63
4.87962e-167  8.15368e-32
1.46302e-178  8.85901e-35
1.62572e-209      0.69078
3.27426e-181  3.12028e-55
 1.36813e-55 3.21986e-225
 6.11834e-56 7.19999e-225
 4.34075e-82  3.35956e-68
 9.78698e-37  3.6009e-244
1.01476e-273   7.0608e-97
 5.01033e-60 8.79646e-221
1.56228e-210  4.10584e-26
 2.24279e-60  1.9651e-220
 3.27134e-07 4.53837e-225
5.35031e-200  6.79954e-57
           0  6.52592e-50
 7.07256e-64 4.98292e-217
3.94393e-112  6.85571e-35
2.78042e-298  5.36329e-28
     0.69078 4.19101e-220
7.04281e-137    0.0025256
1.28714e-143  2.03033e-22
 3.1324e-123  3.02341e-57
7.27686e-103   7.9971e-47
6.29173e-193  6.90339e-18
1.65018e-321  1.09419e-47
2.61958e-185     0.688452
     0.30922  2.1189e-220
4.80966e-218   8.5037e-38
 3.8647e-142  3.68295e-16
1.00167e-197  1.98032e-35
4.33502e-236  3.39521e-55
3.22156e-280  6.37457e-49
 4.13608e-57 5.27564e-203
1.82911e-310  3.52825e-40
4.26362e-274  2.48415e-28
  2.7423e-87 3.49785e-233
 1.22145e-19 1.89525e-201
 6.17491e-87  7.8762e-233
 9.37125e-57 1.19532e-202
  5.8003e-79 7.39839e-225
 1.29576e-78 1.65276e-224
1.92482e-209      0.69078
9.66912e-182  0.000178703
8.04793e-111 1.02653e-256
2.21506e-165   4.9204e-33
4.16875e-164  3.18952e-46
 1.01067e-55 1.28912e-201
1.79787e-110 2.29321e-256
 3.08019e-26 3.92883e-172
 4.39394e-98   6.3285e-79
1.59563e-201  1.81005e-13
  2.8082e-23  3.5819e-169
 6.27282e-23  8.0018e-169
 2.14109e-15  2.3443e-176
 1.83729e-62 7.19752e-116
 4.78317e-15 1.04937e-176
 4.10442e-62 1.60789e-115
 2.57127e-69 1.08145e-107
           0  4.16045e-15
6.73248e-235  5.27291e-54
1.48326e-214  3.89813e-30
2.15745e-104 1.14884e-161
 1.09896e-10 3.65226e-181
 2.49172e-59 1.11598e-117
 1.63624e-77  8.9328e-237
6.12701e-195  4.34847e-16
8.62342e-268 1.50767e-106
    0.309219 2.25351e-176
3.83196e-226   6.8316e-80
 1.8251e-141   7.9281e-45
 1.4822e-323  2.03915e-12
2.33145e-283  4.49725e-13
     0.69078 5.03421e-176
1.76508e-171  7.85674e-20
 1.3321e-166  1.83905e-54
 0.000362022 2.63835e-179
9.90658e-124  7.12031e-17
 1.58848e-14 8.67203e-174
1.01971e-152  1.41898e-33
2.11456e-228  5.08614e-50
 1.22802e-25 1.47927e-151
2.03071e-164  2.60051e-52
 5.90404e-33 3.22321e-192
2.48292e-260  7.96674e-12
 7.11062e-15 1.93729e-173
7.45358e-155  7.20622e-05
 2.91152e-43 3.50719e-169
 6.81296e-28 1.61678e-160
 2.49806e-23 4.40944e-165
3.28738e-199  9.87906e-27
 1.76047e-24 7.25566e-177
 7.53506e-35 1.78814e-167
2.14907e-209   3.0091e-92
 3.37298e-35 8.00438e-168
2.61445e-129  1.86027e-74
2.07151e-172  5.45247e-15
 3.15547e-64 1.30051e-216
 7.0472e-184   1.0371e-18
 1.41251e-64 5.82156e-217
 1.77303e-31 7.30741e-184