   0.198299 8.39514e-08
4.68793e-10 6.38819e-07
    0.18045 8.37683e-08
  0.0088135  8.1674e-08
   0.101569 4.95807e-08
 0.00362374 6.85729e-08
  0.0262649  2.0465e-07
4.07278e-09 5.89428e-07
  0.0265456 2.26034e-07
  0.0276191 2.15521e-07
  0.0189911 1.78098e-07
 4.4393e-10 6.02866e-09
 0.00476036 9.43102e-08
1.33184e-09 1.81866e-06
1.23269e-09 4.42924e-06
4.54154e-11   0.0893354
  0.0253751 2.42422e-07
  0.0262968 2.53868e-07
9.96285e-16 1.08137e-12
 0.00387919 8.21746e-08
  0.0215115 2.19739e-07
7.64431e-07    0.008694
 0.00224519 1.13341e-08
   0.012288 4.92792e-08
9.82251e-10 3.79187e-06
2.71824e-09 4.93848e-07
6.46654e-08 2.89902e-08
  0.0161712 2.16799e-07
  0.0182082  2.4148e-07
  0.0128124 2.20317e-07
2.43053e-15 1.11861e-07
 0.00186319 5.23015e-08
  0.0134152 2.41458e-07
  0.0146192 2.44067e-07
9.99765e-10 6.50842e-06
4.38916e-09 2.65639e-07
 1.7608e-09 0.000101151
1.03681e-09 5.93569e-06
    0.01155 2.34267e-07
4.00685e-16 3.38065e-05
 0.00799079 3.24496e-07
  0.0143593 2.48425e-07
5.77573e-11   0.0356598
1.30644e-07 0.000178935
1.84676e-10 1.52572e-06
 6.5151e-12 0.000478025
4.72693e-20 5.54949e-17
  0.0116119 2.32109e-07
3.19716e-17 6.61154e-05
7.08814e-07 3.89276e-06
  0.0143052 2.66384e-07
 2.9715e-11 5.50503e-07
3.20027e-07 6.10996e-09
  0.0130356  2.7181e-07
 0.00732685 5.10702e-07
 0.00306572 3.00165e-07
 5.1887e-08   0.0266701
8.41522e-12 2.18175e-05
5.58547e-09   0.0107215
9.49978e-09 8.93788e-06
 0.00178118 2.04313e-08
6.53423e-17 1.19088e-08
 0.00782602 6.51286e-07
 0.00700323 6.03334e-07
7.55902e-09 4.24323e-07
2.65113e-09 3.62867e-06
8.53588e-12   2.471e-05
3.14984e-09 4.31503e-06
4.68648e-12 7.83504e-07
2.53755e-16   0.0014912
  6.849e-17 0.000806761
7.27415e-10 9.92023e-07
 0.00763064 2.36757e-07
 0.00254983 3.40619e-08
 0.00180215 2.54318e-08
 5.4358e-09 5.09326e-05
  0.0057268 9.02684e-07
1.47054e-09 1.66708e-08
 1.0389e-06  0.00569637
 0.00546993 9.22665e-07
3.02252e-17 0.000436628
6.71967e-09 0.000386209
6.14837e-11 1.69225e-06
5.57846e-11    0.128891
2.62764e-09  3.5939e-08
 0.00270729 3.77041e-08
 0.00404477 7.70764e-07
1.90663e-10 3.03709e-07
  0.0038462 7.24677e-07
4.55668e-07  0.00918031
5.14616e-06   0.0002046
 0.00235855 3.42691e-08
 0.00201019 2.94632e-08
 0.00292448 1.30213e-06
5.36647e-10 2.14898e-06
 0.00284598 1.33264e-06
 0.00141384 8.97464e-07
 0.00104972 2.76727e-06
0.000818175  1.2407e-06
1.71117e-05 0.000665102
7.53794e-07 1.08633e-11
 1.5346e-15   0.0561469
 0.00126957  4.3376e-06
 0.00135182 9.27675e-07
4.33912e-09 4.46967e-07
8.82693e-07  0.00596761
 0.00141559 5.46102e-06
3.05109e-05 5.80052e-10
3.79304e-09 0.000463899
5.66282e-15 6.14615e-12
1.66453e-09 2.28191e-08
1.47197e-05 0.000381564
1.70847e-08 0.000161714
 0.00120808 4.43333e-06
5.50979e-12 0.000343721
  4.205e-11   0.0647316
 0.00117143 5.72926e-06
 0.00061081 1.38285e-06
 0.00128675 5.72355e-06
0.000298641 3.06161e-05
 3.3188e-12 1.66345e-06
1.58038e-17 8.00821e-06
3.78927e-17 0.000523416
 0.00100036 5.36275e-06
0.000265188 3.41877e-05
0.000287026 4.48786e-07
0.000292004 4.71271e-07
0.000482997  2.1927e-06
1.14991e-15   0.0419916
0.000610594 1.49458e-06
7.13144e-15 1.16614e-11
0.000530041 1.34559e-06
0.000533688  1.3196e-06
3.48888e-11    0.111594
3.03766e-06 0.000132936
0.000185541 1.21521e-05
0.000182691 1.20651e-05
0.000182049 1.16603e-05
 0.00020377 3.91287e-06
2.70402e-14 6.12095e-05
0.000305474 7.74211e-07
 0.00037999 9.88269e-07
1.75338e-09 4.38341e-09
0.000186515 4.13423e-06
5.10373e-14 1.01871e-07
3.41614e-08 0.000323885
1.62445e-16 1.02553e-08
0.000238709 1.26827e-06
2.39924e-08 1.04182e-07
3.31318e-14 7.49063e-05
3.97562e-09 8.11604e-07
4.39986e-09 4.11164e-05
7.35449e-07 1.06016e-11
 0.00024565 1.40753e-06
1.74072e-10 1.75012e-06
0.000238707 1.36638e-06
2.66637e-08 9.03782e-08
 0.00022491 1.22809e-06
2.00651e-05 1.01183e-05
9.15027e-05 2.46126e-07
2.20951e-05 1.46272e-05
 2.5944e-07    0.133754
0.000139899 4.24321e-07
4.74013e-09 1.19822e-06
1.14346e-12  0.00243347
1.54683e-09 2.58271e-06
1.63892e-05 6.51699e-06
1.75607e-05 1.08656e-05
8.89769e-08    0.105572
5.69843e-17  0.00207033
3.47293e-09  6.5069e-09
2.19945e-05 9.99987e-06
4.97824e-12 0.000660184
2.46651e-15 9.30765e-07
0.000149132 8.04673e-07
2.86739e-13  0.00060516
 0.00014449 8.15434e-07
2.12137e-05 2.22433e-06
 9.1541e-15   0.0446453
2.08753e-17 0.000682437
4.27443e-10 6.49394e-09
1.62735e-05 7.16526e-06
2.09137e-11 1.33946e-07
7.85786e-09 7.41754e-05
2.53028e-05 2.84043e-06
2.25423e-05 2.76123e-06
2.20861e-07 0.000300906
2.35924e-05 2.46908e-06
2.02505e-12 1.13405e-08
2.67581e-05 3.01318e-06
8.14962e-05   4.688e-07
1.70828e-05 1.99055e-06
2.74805e-15 8.82313e-07
2.33287e-05 2.58117e-06
6.77926e-12  2.4497e-05
2.13443e-05 2.35288e-06
1.60824e-05  1.1276e-06
1.71588e-06 7.97815e-08
 5.7377e-10 7.73409e-09
2.53179e-05 1.16458e-06
 2.6987e-05 1.25246e-06
2.73866e-05 1.20136e-06
1.31047e-05 5.45299e-07
2.71058e-05 1.71889e-07
1.29409e-09 1.86646e-06
3.05067e-05 1.99034e-07
4.20289e-11  2.1435e-05
3.74608e-07   0.0098363
 1.0729e-15  0.00535773
4.00653e-07 2.07517e-10
2.95904e-14 6.35786e-05
2.03183e-08 0.000192487
2.46584e-11  3.7311e-06
 3.9037e-05 3.11778e-07
3.85686e-05 2.63279e-07
3.86919e-07  0.00972457
3.90218e-09   0.0074455
5.05055e-05 3.48116e-07
2.47909e-07   0.0979225
1.48789e-09 2.03689e-06
3.11494e-11 4.47997e-08
1.22837e-05 1.89804e-07
4.85713e-07 0.000644043
3.32262e-14 7.51495e-05
 3.9894e-05 2.91812e-07
6.41846e-05  3.4489e-07
 4.7333e-06  7.5593e-08
5.12528e-08 2.02218e-08
5.11373e-13 0.000269426
2.19256e-14 4.96126e-05
 6.3639e-05 3.03654e-07
3.65174e-05 1.67316e-07
 1.0137e-09  0.00190631
1.16436e-10 0.000217446
3.08271e-08  0.00029237
8.00505e-05 2.42431e-07
4.26543e-09  0.00797356
8.17451e-05 2.70078e-07
5.49657e-12 2.71645e-05
2.99438e-15 5.92603e-09
8.41297e-05  2.2846e-07
5.98956e-05 2.21103e-07
1.64891e-06  0.00167652
2.28099e-08 3.11081e-05
 1.1239e-15  2.5639e-06
4.20596e-07 0.000580233
8.63197e-09 6.22002e-06
8.12967e-05 2.62698e-07
1.68955e-06  0.00999208
8.23424e-05 2.39045e-07
2.74111e-13 0.000578476
4.88433e-07 0.000687105
7.20636e-05 1.38375e-07
2.69256e-07  0.00038065
7.82737e-05 5.95271e-09
6.06126e-05 4.57525e-09
 1.1241e-05 1.84474e-08
6.52683e-05 4.92365e-09
1.13973e-05 1.82659e-08
9.85714e-05 5.57125e-08
4.97957e-05 3.75074e-09
0.000274411 4.89344e-08
0.000295927 2.22296e-08
2.43802e-12 1.91396e-08
0.000319249 2.40769e-08
6.50895e-16  0.00322579
5.60711e-17 6.19227e-14
2.81011e-09 3.97678e-08
0.000435653 4.59642e-08
  0.0022107 4.85985e-10
 2.5687e-17 1.21114e-08
0.000294545 2.37101e-08
 4.0752e-06 2.64357e-09
 0.00054018 4.66082e-08
2.61559e-07 0.000370192
6.43726e-19 1.94082e-06
6.67368e-09 4.12081e-08
3.67396e-10 4.90633e-07
1.41549e-08 0.000133942
8.43843e-15 9.10949e-12
7.45137e-10 2.70929e-07
2.24243e-06  0.00414833
0.000372347 3.17339e-08
0.000220999 1.70774e-08
2.25633e-10 4.13304e-07
0.000630357  4.5615e-08
1.04545e-10 2.07586e-06
1.71541e-05  1.1926e-09
3.57982e-12 2.77325e-06
7.24885e-07  0.00509215
0.000577879  3.8056e-08
5.40073e-12   0.0105907
 2.5738e-10  0.00048299
6.99135e-07  0.00410724
0.000348093 2.42142e-08
0.000662522 4.06131e-08
 0.00070454 4.12282e-08
 5.1653e-09  0.00968451
2.54148e-08 0.000240898
2.38093e-15    0.161502
9.36204e-15 7.10605e-06
  0.0017122  1.1602e-09
0.000685934 3.45825e-08
1.46939e-09 2.15378e-08
  0.0014854 3.28236e-10
1.50285e-10 5.22998e-07
1.55661e-05 1.06019e-09
5.40296e-10 1.66576e-07
1.48447e-09 1.40638e-05
 0.00236134 5.13073e-10
 0.00298749 1.76822e-09
5.80228e-07 2.49815e-08
  0.0020571 4.52193e-10
 0.00213356 4.68882e-10
 0.00273219 1.54905e-09
1.23106e-17 0.000692635
7.41901e-12 0.000827191
1.25427e-16  0.00621686
 0.00296179 1.61252e-09
3.45911e-09 4.73538e-06
  0.0135297 1.22384e-09
 0.00895763 1.45579e-09
 4.9906e-12 1.34995e-08
1.43027e-07  0.00135639
1.05535e-09 3.07376e-07
  0.0172694   1.529e-09
  0.0160015 1.65577e-09
2.52347e-08 1.03886e-07
  0.0085616 7.17421e-10
  0.0115604 9.68264e-10
1.63079e-09 4.09046e-09
2.48967e-13 3.26167e-05
1.80155e-09 3.21174e-08
5.72576e-06 1.55811e-12
 0.00178447 5.39912e-10
5.49225e-17 3.63512e-05
8.73774e-09 1.24118e-08
   0.023914  1.5458e-09
 0.00229232 6.60736e-10
1.03282e-16  0.00375131
  0.0239107 1.34782e-09
1.48514e-09 2.02777e-06
 0.00355681 2.64441e-11
1.03612e-12  0.00246607
2.91036e-12 5.05389e-07
 1.3847e-09 3.49823e-05
 3.0382e-12 0.000148113
 0.00211803 4.30481e-10
 0.00238314  6.0326e-10
1.96785e-18 5.93303e-06
 0.00252232 5.73043e-10
  0.0302904 3.83435e-10
1.81738e-09 2.63513e-08
1.33444e-10 6.23687e-06
0.000112167 3.05232e-11
  0.0601442 2.35711e-10
0.000918741 2.49123e-10
2.54921e-14 3.17371e-11
0.000252043 6.85686e-11
  0.0658778 3.15511e-10
 0.00565029 7.37941e-11
   0.110467 3.29812e-10
 0.00573594 7.14196e-11
1.79825e-12 1.31879e-06
  0.0282065 1.12664e-10
1.41709e-09 3.49449e-05
   0.134565 3.17403e-10
  0.0760802 2.33644e-10
9.43964e-10 1.29233e-06
8.72991e-11 7.08111e-07
9.40191e-18 0.000341116
   0.116267 3.09632e-10
 0.00585474 3.64202e-11
1.18816e-09 2.97971e-06
  0.0772317  3.1826e-10
9.44505e-18 0.000342681
3.02748e-12 0.000152108
  0.0757041 3.11984e-10
 0.00690732 3.90145e-11
1.59057e-08   0.0001508
 7.2477e-07   3.973e-06
 0.00517105 2.74648e-11
2.10711e-08 3.95882e-08
1.27713e-11   0.0406326
4.40958e-09 2.72264e-07
  0.0224215 6.94152e-11
7.11461e-17  0.00321716
1.44355e-12 0.000808481
 9.9534e-09 2.27132e-07
1.33947e-09 1.81035e-08
 0.00737774 3.83826e-11
3.06298e-12 3.48646e-07
8.14255e-17 4.88321e-05
2.84934e-15    0.166762
  0.0195237  6.1892e-11
1.67902e-09 1.42447e-05
1.42007e-07 1.33306e-08
  0.0126459 4.35311e-11
0.000861192 4.03459e-12
5.58139e-12 3.39804e-06
9.28013e-12  0.00953365
9.18913e-10 1.25413e-06
 0.00773818 3.53493e-11
4.21245e-10 6.65972e-09
1.82483e-08 0.000172752
7.51085e-15 5.70094e-06
   0.011225 4.00817e-11
3.79426e-12 4.45418e-05
1.96315e-10 3.77687e-07
  0.0138629 4.45768e-11
 0.00676087 3.08097e-11
9.44173e-11 1.60705e-06
1.78779e-12 1.31911e-06
  0.0143267 4.63357e-11
 0.00705152 3.10909e-11
  0.0101169 3.39826e-11
9.71148e-18   2.928e-05
  3.503e-09 1.05218e-06
1.05797e-10 2.58505e-07
 0.00139674 6.39622e-12
7.10413e-18 1.42795e-09
1.24627e-09 9.82283e-06
 0.00539116 2.40744e-11
2.38791e-09 3.26329e-06
 0.00987841 3.28663e-11
 0.00596135 1.95753e-11
2.60993e-07 0.000369272
0.000764704 3.55647e-12
0.000538097 1.83032e-12
4.26248e-12 7.12494e-07
5.68633e-15 1.20088e-05
0.000532694  1.8126e-12
0.000829776 3.86248e-12
 0.00176931 7.63976e-12
3.62074e-16 3.92997e-13
2.46407e-09 3.26207e-08
 1.9102e-09 1.71198e-05
2.16367e-10 0.000396161
 0.00158958 6.70952e-12
4.82881e-11 6.03171e-07
1.78482e-12 1.02851e-08
7.13602e-09 9.74513e-06
 0.00329254 1.11151e-11
7.24901e-08    0.138868
0.000637095 2.97021e-12
2.03096e-13  0.00042881
3.04941e-09 2.76474e-05
  0.0030809 1.04709e-11
0.000491566  1.6613e-12
 0.00184776 7.64631e-12
 0.00124195 4.57331e-12
 0.00179677 7.43478e-12
0.000444544 2.11534e-12
 0.00159368 6.56492e-12
0.000466278 2.07956e-12
 0.00104368 4.35622e-12
3.63344e-07 0.000496871
0.000610768 2.25774e-12
0.000517578 2.50593e-12
9.45049e-11 2.65206e-06
1.46332e-07   0.0324706
6.20901e-05 3.25226e-13
8.11671e-09 2.09327e-06
0.000752362 3.14552e-12
0.000434466  2.2232e-12
 3.2647e-06 1.15304e-13
0.000701089 2.96337e-12
0.000736998 3.12081e-12
5.94068e-07 3.55849e-05
1.74462e-11 0.000136868
0.000718179 3.04992e-12
 0.00030044 1.66203e-12
0.000660657 2.81593e-12
6.16315e-11    0.138963
6.39292e-07 0.000949596
2.34925e-11 6.50063e-06
9.82654e-15 1.06662e-11
1.08146e-15 1.17382e-12
0.000257647 1.10999e-12
6.74457e-07  0.00579772
7.45596e-09 2.71674e-07
4.24988e-18   1.431e-05
1.21408e-07  1.1358e-08
4.86176e-15 1.57304e-06
0.000470191 2.04677e-12
3.89245e-09 5.31519e-06
0.000460043 2.01209e-12
5.11098e-10 6.95087e-07
0.000340843  1.4831e-12
9.82769e-13 1.91845e-07
4.49203e-05 5.80685e-13
0.000114006 1.25265e-12
0.000404679 1.80826e-12
2.48023e-07  2.1341e-08
3.33795e-10 1.29018e-06
0.000312609 1.41444e-12
5.66913e-13 0.000431568
7.49017e-05 9.74776e-13
9.59817e-13  0.00202318
0.000305901 1.39117e-12
2.96528e-17  0.00118086
0.000113622 2.08356e-12
7.47375e-10  0.00137259
 9.0136e-10 3.34156e-05
1.98495e-17 0.000116954
 0.00016863 1.20674e-12
0.000162437 1.17392e-12
1.84083e-10 1.74079e-06
0.000112584 2.32679e-12
1.61609e-07 2.78902e-08
2.07469e-07 2.49673e-14
5.69652e-08 7.76863e-05
5.75723e-05 9.26684e-13
 3.8588e-05 8.18063e-13
6.91247e-05 2.05156e-12
8.16685e-08   0.0484546
6.44649e-11 3.03314e-07
3.44875e-08 0.000326962
1.69423e-07 2.03915e-14
4.71562e-06 1.77416e-13
4.83441e-06 1.79929e-13
4.68085e-05 3.09904e-12
1.54071e-07  0.00146091
2.16338e-07    0.107821
1.63342e-13 0.000387915
1.20198e-09 6.07271e-05
1.14629e-10 2.23233e-07
2.89545e-05 2.23208e-12
8.87182e-08   0.0447018
1.38461e-06 1.66922e-13
4.66001e-05 3.82984e-12
1.72881e-06 2.13791e-13
2.87697e-05 3.20496e-12
1.48778e-09 3.01178e-07
1.18923e-10 2.85804e-07
4.40584e-09 7.17155e-09
9.90579e-10 1.35193e-06
3.97709e-05 4.29417e-12
   1.04e-09 4.05456e-06
1.22824e-06 1.66177e-13
1.56597e-05 2.49396e-12
1.34637e-09 4.04247e-09
3.29179e-05 4.78972e-12
2.45959e-05 4.25083e-12
2.34052e-05 3.93018e-12
3.08368e-05 6.53715e-12
2.84978e-05 6.88252e-12
6.16626e-06 1.01945e-11
2.75089e-05 6.86751e-12
1.58112e-09 1.51771e-08
2.22774e-09  0.00401793
3.02164e-12 1.40814e-09
5.91801e-06 1.01477e-11
2.43555e-05 8.04422e-12
2.42228e-05 8.03905e-12
3.29514e-08 3.80505e-08
5.03892e-06 1.71516e-11
5.24819e-12 1.43829e-08
 1.7764e-05 5.35471e-12
1.57484e-07  0.00021476
8.28198e-06 2.38988e-11
8.26451e-06 2.51803e-11
4.96022e-06 2.13374e-11
1.45261e-15  1.5324e-06
1.05337e-05  3.3125e-12
6.89355e-07 1.73505e-12
7.30019e-10 0.000328444
1.09916e-14 1.05571e-09
9.28634e-10 8.72444e-06
6.11641e-06 2.64634e-11
2.12105e-09 1.09315e-06
1.24166e-09  0.00233265
5.65731e-06 2.68993e-11
1.08952e-10 1.68234e-09
2.42114e-09 3.30586e-06
2.28725e-21  8.4496e-08
7.43466e-08 1.03625e-09
1.64223e-10 6.60129e-08
1.16218e-09 3.52599e-09
1.72404e-06 2.49005e-11
6.40315e-07 1.97776e-12
6.11969e-07 0.000885838
2.21276e-17 0.000138183
1.83124e-05  0.00113196
 5.0267e-06  3.2711e-11
5.08147e-06 3.51509e-11
1.41468e-14  1.6473e-05
5.01698e-11 1.54964e-16
4.36211e-06 3.34655e-11
7.43515e-08   1.505e-09
3.63552e-06 3.22086e-11
2.13864e-10 2.02238e-06
8.60824e-07 2.09952e-11
8.26462e-07 1.99414e-11
1.92122e-06  4.7482e-11
 2.1995e-07 2.05483e-12
4.59689e-10 1.78958e-06
2.37798e-11 3.61183e-08
1.23535e-08 0.000116849
1.05297e-07 3.75044e-09
8.00474e-15 6.22726e-12
 2.0659e-06 6.75524e-11
1.35449e-08 5.17967e-09
1.88958e-06 6.94771e-11
1.58694e-14 2.66474e-11
1.03481e-07 3.64651e-09
4.97913e-14 9.91275e-08
3.90711e-09 5.33459e-06
1.29574e-10 2.84467e-07
1.70437e-06 8.60735e-11
2.04335e-08 9.73551e-08
2.11618e-09 0.000684873
1.45912e-10 3.06826e-07
 1.1996e-09 6.36482e-06
2.85211e-13 1.72346e-10
1.13688e-10 1.79634e-06
1.52384e-06 8.30965e-11
1.34689e-15 1.04483e-05
9.87115e-08 3.71454e-12
7.16934e-08 7.76451e-09
6.95735e-08 7.73778e-09
1.11437e-07  4.3354e-12
1.30206e-07 5.23655e-12
1.24222e-07 5.07443e-12
2.02766e-07 1.03334e-11
1.11764e-07 4.42703e-12
2.98217e-08 3.37904e-08
1.36272e-10 3.11708e-07
1.88863e-10 4.78984e-06
1.25731e-09 5.11187e-06
1.15301e-07  5.6469e-12
1.30186e-17 8.08238e-05
8.56363e-08 3.39299e-12
  1.503e-07  7.6517e-12
3.26158e-13 2.40586e-07
1.32338e-08 5.24285e-13
3.33431e-08 1.76526e-12
8.82203e-09  1.3158e-12
3.14239e-08 1.26896e-12
6.16626e-09 5.82496e-05
3.38679e-15    0.137451
9.04052e-09 1.31523e-12
2.33376e-07  0.00221247
2.29482e-08 1.13139e-12
9.76771e-10 1.33431e-06
3.18275e-09 4.67538e-13
2.46707e-08 1.35301e-12
  3.707e-09 0.000471208
2.03586e-08 1.02012e-12
2.19769e-08 9.91773e-13
2.39922e-08 1.11549e-12
1.73969e-09 3.13169e-06
2.30966e-08 1.08552e-12
 4.6036e-09 0.000331582
1.92934e-08 8.76514e-13
 3.0284e-12 2.04661e-08
7.71491e-09 6.20457e-13
1.72303e-08 8.06729e-13
1.06347e-09 1.30085e-08
1.36103e-08 6.19786e-13
1.01486e-07 9.08809e-09
9.86887e-12 1.36463e-08
8.07389e-09 4.26796e-07
1.97706e-08 9.16383e-13
2.55275e-09 1.36782e-07
2.69426e-15   0.0437975
2.10046e-08 9.74355e-13
5.52311e-12 2.52899e-05
2.03664e-08  9.4518e-13
8.85373e-11 0.000160175
1.10099e-09  0.00206819
1.93416e-08 8.96928e-13
3.04515e-09 7.50492e-13
2.79212e-07 3.45561e-08
4.31437e-18 1.42309e-05
1.36573e-08 6.32158e-13
 8.3356e-09 3.85004e-13
1.28679e-09 1.46928e-11
7.64551e-08  0.00010438
1.26173e-08 5.82287e-13
 1.1564e-08 5.32894e-13
2.18878e-09 1.10446e-13
3.83849e-09 4.73114e-12
2.23606e-09 1.13245e-13
1.49994e-10 5.61693e-07
3.74547e-09 4.96744e-12
4.19432e-09 1.82517e-13
3.03409e-14 6.86173e-05
2.22744e-11 4.18382e-07
1.11502e-09 4.55606e-12
1.23666e-09  5.0014e-14
8.36493e-07  0.00133847
2.73651e-11 5.61562e-12
9.99936e-10 2.29346e-05
 1.1549e-09 3.68535e-12
3.55235e-17 7.68392e-05
6.92253e-16 7.51377e-13
3.46562e-09 1.26452e-13
 3.8738e-09 1.38826e-13
6.77993e-17 6.36037e-09
1.65118e-10 1.39943e-06
4.40179e-09 1.48578e-13
4.09959e-09 1.37018e-13
4.06699e-09 1.36497e-13
2.33318e-09 3.67437e-08
2.60253e-10  1.0426e-05
2.62385e-08 1.32606e-07
9.52395e-12 1.33655e-08
3.13052e-17 4.93713e-05
4.93379e-09 8.04035e-14
5.25052e-09 8.31973e-14
4.48403e-09 7.56071e-14
 4.7009e-09 6.65128e-14
3.74762e-09 6.72187e-14
4.77536e-12 3.23156e-06
2.11807e-11   0.0605594
3.65422e-17   4.016e-05
4.10661e-07 7.67256e-16
9.86582e-15 4.65239e-06
2.01599e-11 2.42305e-05
2.27459e-16 1.49657e-08
1.75094e-06  0.00169658
2.07103e-09 4.49726e-14
4.49503e-07 8.27928e-16
2.66954e-08   0.0487742
1.05739e-09  0.00198588
 4.3248e-11 9.23423e-12
4.81205e-07 1.67608e-15
4.74428e-07 8.41972e-16
2.87762e-09  6.9867e-09
2.53501e-11 2.80051e-05
1.85513e-08 0.000175675
1.17534e-12  0.00247863
9.91783e-10  0.00180008
3.95777e-11 7.33738e-07
5.42923e-07 1.85487e-15
1.69823e-10 1.42683e-06
2.77143e-07 1.09322e-15
2.19315e-09 2.99456e-06
5.95312e-07  1.0325e-15
2.14405e-11   0.0443138
1.48509e-07 2.57546e-16
1.04388e-07    0.114941
6.38406e-07 1.08392e-15
2.10915e-10 3.79547e-07
2.81855e-08 3.78817e-17
5.40966e-07  8.7127e-16
4.80453e-07     2.7e-15
4.79598e-12  1.3274e-08
6.84516e-17  7.5589e-14
7.84705e-12 1.63949e-05
1.81937e-07 2.44657e-16
1.77188e-07 2.38142e-16
4.88095e-07 2.69621e-15
9.58341e-07 9.64784e-16
5.51202e-07 3.96003e-15
9.20846e-09 7.34957e-06
2.92792e-12  0.00692655
6.17136e-07  4.0219e-15
1.64181e-45 1.55884e-35
3.10408e-09 6.68976e-14
 2.1318e-08  1.2636e-07
9.55926e-10  4.7476e-06
8.40553e-07 7.53228e-16
 2.9359e-06  2.6913e-15
1.10381e-09  0.00207562
3.15151e-06  2.8833e-15
2.19687e-06 1.96758e-15
1.21184e-05  1.0661e-14
1.31836e-05 1.15872e-14
1.28038e-05 1.12525e-14
 1.2947e-05 1.13665e-14
5.87476e-10 2.54772e-06
1.22598e-09 3.24261e-09
7.33603e-10 2.10045e-07
1.23505e-11 5.55662e-06
5.27995e-06 4.60212e-15
2.48438e-06 2.16506e-15
3.17707e-10 4.89553e-09
9.90242e-06 8.61322e-15
2.88586e-08 3.36567e-08
3.44856e-11 2.61033e-07
7.46517e-10 9.48904e-09
6.75471e-18 9.21178e-05
9.77065e-06 8.49569e-15
2.25947e-05 1.96593e-14
4.87842e-24 6.83887e-15
2.54512e-05 2.21086e-14
8.81688e-10 2.80002e-07
 1.8925e-05 1.64062e-14
2.91858e-11   0.0568521
1.56154e-06 1.34958e-15
9.14921e-05 7.98944e-14
0.000111623 9.74513e-14
1.37285e-09 1.87441e-06
3.97946e-13 1.95528e-09
3.25586e-06 7.39734e-15
 3.1019e-10 2.63284e-06
1.17677e-09 2.68891e-09
0.000108293 9.45143e-14
  6.025e-06 3.07139e-15
7.72474e-05 6.77475e-14
9.28201e-15 1.00761e-11
3.74534e-09 0.000472003
3.87718e-10 5.28091e-07
0.000107069 9.36383e-14
1.04287e-05 5.09612e-15
7.31826e-09 6.90698e-05
 6.0661e-15    0.014103
1.43985e-09  4.4148e-09
7.08794e-12  0.00701666
1.05036e-05 5.09857e-15
2.78916e-08  1.4443e-07
2.41142e-07   0.0914865
2.07203e-09 2.83338e-06
0.000115513 9.94509e-14
7.20705e-06 3.40103e-15
1.82987e-10 2.36132e-07
1.26757e-05 1.25177e-13
  2.219e-06 8.48403e-16
2.95501e-09 2.63884e-05
0.000154089 1.44569e-13
4.98861e-11   0.0935066
1.29748e-05 1.29116e-13
0.000207113 1.23711e-13
9.64009e-14 5.01413e-12
5.41515e-05 2.63642e-13
2.54979e-13 0.000193547
0.000964964 3.47913e-13
 2.5335e-06   9.063e-16
 0.00104156 3.73584e-13
0.000414559 1.61403e-13
4.80019e-09 4.52899e-05
 2.1696e-09  0.00391464
5.20868e-05 4.39136e-13
6.78269e-05 8.41203e-13
8.44412e-17  4.5545e-05
 0.00171501 5.49768e-13
6.66698e-05 8.67509e-13
 0.00250036 7.99285e-13
1.22276e-16  0.00443508
0.000903586 3.09074e-13
2.01665e-11 9.90777e-06
 0.00248369 7.91377e-13
6.05708e-05 1.20183e-12
4.45464e-09 6.08348e-06
6.01016e-05 1.23002e-12
9.40498e-08    0.102089
2.68239e-08  1.3277e-07
0.000997979 3.38779e-13
 0.00298422  9.4502e-13
  0.0702432 3.32631e-13
2.33343e-07  0.00221822
  0.0733883 3.33738e-13
1.51283e-05  0.00111558
 0.00519968 1.55453e-12
  0.0375935 6.29416e-14
4.50762e-12 2.87801e-06
2.66346e-09  0.00107248
 0.00495766 1.79431e-12
 0.00527444 1.83666e-12
7.30131e-12 0.000705988
8.91711e-05 3.50219e-11
9.61699e-12   2.803e-09
9.09363e-12  0.00057986
4.69572e-16 7.37361e-06
 0.00708101 8.75089e-14
3.88342e-16  3.5053e-05
3.79973e-17 0.000509496
0.000704084 6.59915e-12
 2.4798e-13 0.000523522
2.26984e-13 0.000539258
 0.00100206 5.29428e-12
0.000955096 2.95486e-12
6.31049e-05 4.89015e-11
 0.00110848   8.325e-12
 8.1418e-08   0.0430844
1.68965e-17 0.000655596
 0.00106547 8.04392e-12
0.000342307 6.22136e-13
1.09332e-10 1.70929e-09
5.97728e-09 8.16284e-06
 0.00086684 6.47237e-12
0.000375287  7.5919e-13
2.80037e-09  0.00125995
5.28457e-07 3.28837e-05
1.63267e-11 2.20682e-06
7.46521e-15 1.22276e-11
0.000153048 6.01539e-13
0.000413846 3.07299e-12
 0.00036637 7.48712e-13
1.66172e-06  0.00304452
 2.2962e-10 4.15621e-07
  0.0003223 6.58809e-13
3.27381e-12 5.03707e-05
0.000291611  1.8313e-12
 0.00013977 7.59218e-13
0.000327421   2.035e-12
0.000297576  1.8478e-12
1.84473e-07    0.106941
2.68095e-09 2.42498e-05
7.53264e-05 5.01592e-13
4.80504e-09 6.56124e-06
2.94427e-05 2.37466e-13
4.47813e-05 3.21817e-13
2.20711e-11 3.84331e-05
3.10097e-05  1.9035e-13
 0.00011829 7.51263e-13
 1.0403e-09    0.001955
6.32266e-13 0.000520727
0.000111643 7.13045e-13
0.000102782 6.91913e-13
4.05283e-05 4.34408e-13
2.24385e-10 3.31508e-07
9.52425e-05 6.41912e-13
3.84871e-05 4.25732e-13
1.17325e-05 2.49299e-13
8.93143e-06  2.0569e-13
1.36032e-05 2.95671e-13
1.26252e-05  2.7626e-13
 1.1542e-05  2.6533e-13
8.24052e-06 3.23922e-13
 2.1077e-09 4.72438e-17
6.28169e-10 5.95013e-06
1.66328e-09  4.1606e-09
7.81829e-06 3.48557e-13
4.37988e-06 1.94468e-13
1.18437e-05 3.80483e-13
8.66125e-08 0.000821342
8.85728e-10 2.37145e-09
3.01652e-14 6.82315e-05
2.89828e-06 1.19673e-12
3.01284e-06 1.26359e-12
2.93341e-06 1.33135e-12
1.65709e-08 1.97426e-08
2.03877e-10   1.714e-06
1.43679e-05 6.13065e-13
1.21571e-05    5.71e-13
1.00315e-05 0.000722265
2.32404e-15   0.0114596
4.41975e-08 6.05957e-05
3.31234e-08 0.000314038
1.82586e-09 2.59441e-08
1.52842e-10 1.32215e-06
1.98423e-06 1.20811e-12
5.28487e-07 3.46845e-05
   1.53e-06 9.35215e-13
1.21116e-06 3.45996e-12
1.54282e-09 1.46156e-05
3.01171e-09 1.90865e-15
1.19065e-06 3.39253e-12
1.12732e-17 0.000223277
2.71056e-06  0.00415514
5.44106e-15 2.19653e-06
3.37573e-11  2.6379e-07
6.54488e-10 1.61907e-07
1.15776e-09  0.00217685
2.37253e-10 2.21583e-16
6.59455e-07 4.10586e-12
8.40938e-07 6.57985e-12
1.97348e-16    0.011464
 9.8266e-08 9.15841e-14
2.12677e-16    0.001254
7.03336e-09 0.000441984
2.85899e-16   0.0103955
1.59286e-10 1.31589e-06
9.55581e-08 8.93617e-14
2.54538e-13 3.18063e-05
1.57594e-09  1.4719e-15
 5.7198e-07 6.47629e-12
4.47447e-09 4.17911e-15
2.11175e-09 7.79954e-14
2.04139e-08 0.000193395
3.80322e-09 1.65686e-13
4.35295e-17 4.80683e-14
4.56081e-09 4.25986e-15
4.24941e-11 1.96081e-05
7.91161e-08 0.000750249
4.77196e-09 2.25615e-13
 3.1411e-17  0.00114126
4.43997e-09  2.1693e-13
8.76034e-09 1.52016e-10
2.15674e-11 3.10678e-07
4.37289e-10 1.69016e-06
7.47685e-08 1.88143e-10
1.03193e-09  0.00193862
 7.2761e-08 1.81618e-10
4.25175e-11 3.21668e-15
3.26176e-10 3.38021e-13
7.01067e-11 5.53802e-15
 7.2655e-11 5.77618e-15
4.61349e-20 5.43238e-17
7.18433e-12  0.00762875
2.63249e-17 1.24121e-08
1.46807e-08  3.7394e-11
 1.8834e-08 4.98734e-11
1.43367e-08 0.000135635
1.61757e-08  4.1252e-11
5.96708e-11  1.7264e-13
1.59488e-08 4.06586e-11
8.04425e-14 0.000170143
8.62955e-10 8.17279e-06
7.14226e-07  0.00288266
1.48113e-08 3.77596e-11
1.55759e-08 4.12554e-11
1.14395e-10 3.32987e-13
5.91478e-13  1.5095e-15
  0.0195024 1.49227e-10
4.74789e-11 1.38024e-13
1.48496e-08 1.49147e-07
1.15225e-10 3.36251e-13
1.78423e-10 5.23374e-13
 4.0384e-11 4.23452e-05
6.06456e-13  1.5375e-15
1.81755e-10 5.33771e-13
2.40481e-16  0.00141322
7.43362e-12  0.00817302
2.35399e-10  9.5425e-08
2.63849e-17 0.000958666
2.62052e-11 7.58063e-14
3.13466e-17  0.00124296
7.64206e-09 2.04701e-06
1.40945e-10 5.72899e-08
 3.0409e-11 2.92068e-06
3.42362e-10 1.75264e-12
6.80312e-09 9.29046e-06
2.16676e-10 2.04903e-06
4.16126e-09 2.89673e-07
2.48986e-08  1.1879e-07
3.72177e-10 1.54023e-12
1.30901e-09 0.000181723
4.60365e-10 1.74644e-12
1.52799e-10  4.5081e-13
1.97368e-13 0.000416691
1.96077e-13 4.64526e-16
6.03553e-10 2.07277e-12
 1.1034e-06  0.00564407
7.80661e-11 0.000140964
1.80235e-05 0.000958651
7.36514e-11 5.52159e-07
4.51606e-06 2.44623e-05
  9.105e-13 4.20534e-07
5.87202e-10  1.9879e-12
2.56478e-11   5.153e-14
1.89908e-17 0.000267042
3.60263e-10  7.7912e-13
4.19971e-11 4.39483e-05
7.27302e-09 7.76026e-06
7.80803e-10 1.73968e-12
3.66916e-15 6.51391e-07
7.91686e-10 1.69197e-12
8.42127e-08    0.168589
5.09432e-10 1.18337e-12
4.02026e-12 3.80101e-11
 1.1401e-11 1.29194e-14
8.45816e-10 9.58472e-13
7.28473e-10 9.60712e-13
2.58489e-15 8.30012e-07
2.78927e-11 5.17671e-07
8.86539e-10  1.0045e-12
5.69409e-11    0.142652
6.51661e-13  4.2738e-09
3.32902e-10 3.77224e-13
1.93648e-09 1.79911e-05
9.56895e-10  1.0834e-12
1.28708e-09 1.47967e-12
2.07762e-08 2.22133e-11
6.32791e-09   0.0121199
2.39753e-08 2.56308e-11
1.42201e-07  2.0515e-08
1.14871e-16  0.00685979
8.89228e-09 4.16682e-07
1.94495e-09 2.19511e-12
2.05541e-16   0.0119668
2.44475e-08 2.61319e-11
7.62436e-11    1.65e-07
2.34534e-16 2.54604e-13
1.76677e-09 5.20223e-09
 2.0316e-09   2.289e-12
1.60721e-08 1.71731e-11
2.33035e-16  0.00137284
1.29435e-14  1.3966e-11
3.74492e-09 3.99167e-12
4.45537e-09 4.74894e-12
1.67949e-13 0.000127478
 1.0909e-09 1.22242e-12
4.57352e-09 4.87487e-12
5.46512e-09 5.16251e-05
3.77183e-10 7.30052e-08
 4.1131e-07 4.38443e-10
3.94329e-07  4.2034e-10
4.40972e-07 4.70063e-10
5.34566e-12 5.43348e-05
5.61418e-07  5.9844e-10
2.94572e-17 4.59629e-05
3.75902e-07 4.00699e-10
1.04789e-06  0.00529131
5.70699e-07 6.08331e-10
 4.3822e-07 4.67086e-10
2.19067e-14  2.5724e-11
1.38395e-10 1.89902e-07
  2.734e-06 2.91409e-09
3.64698e-06 3.88722e-09
3.33553e-06 3.55524e-09
7.80473e-08 6.13082e-09
1.25587e-10 4.59668e-07
1.37994e-14 1.60682e-05
3.88803e-11 6.14034e-07
1.01393e-09 1.38395e-06
4.27663e-06 4.55833e-09
1.41847e-09 1.34371e-05
4.01284e-06 4.27717e-09
7.27406e-06 7.75367e-09
1.05021e-09 3.00216e-09
2.21739e-08 3.21678e-08
1.66124e-09  4.1452e-05
1.58512e-05 1.68953e-08
2.83573e-09 2.55258e-05
1.35177e-12 1.44082e-15
2.16749e-05 2.31026e-08
1.35583e-12 1.44514e-15
3.14755e-09 2.84731e-05
8.47296e-06  9.0308e-09
 1.6724e-05 1.78245e-08
7.91433e-06 8.43539e-09
1.11921e-07  0.00106145
8.44823e-12 1.80072e-05
1.77825e-14 1.89539e-17
7.30192e-09 6.89499e-05
1.67428e-06 7.54122e-08
1.55004e-12 1.17729e-06
6.89049e-14    0.000164
8.87794e-05 0.000743984
2.95777e-09 7.20658e-09
4.91923e-11   0.0938992
0.000233751 2.50885e-07
4.35895e-09  0.00814928
 0.00143397   1.541e-06
 0.00151873 1.63206e-06
1.62876e-11 0.000127655
 3.6451e-11 3.45325e-07
0.000727615 7.82048e-07
1.97105e-08 2.21948e-09
2.52816e-07 0.000357839
 0.00144054 1.54813e-06
2.39116e-11 2.68217e-05
2.28562e-07  0.00221151
0.000113832 1.04752e-07
4.13218e-14 9.75067e-05
 0.00120754 1.29761e-06
0.000918064 9.86828e-07
1.72799e-09 2.42201e-08
 5.4589e-08 7.44457e-05
2.23788e-17 2.49939e-14
1.01692e-05 1.75742e-07
 0.00010631 9.02075e-08
1.39088e-09 3.43851e-09
1.25857e-10 6.46179e-06
1.67179e-07 0.000227994
4.42934e-12 2.11352e-09
1.93514e-09 0.000401333
3.24809e-07  0.00611128
1.65843e-07 0.000226162
0.000490163 5.25349e-07
1.06857e-07 0.000151249
 0.00259986 2.79478e-06
3.21607e-12 0.000159963
1.74585e-09 2.61413e-08
 0.00252573 2.71425e-06
1.31673e-07 1.58448e-14
 0.00237741 2.55768e-06
0.000167253 9.94583e-08
0.000144574 8.22873e-08
 0.00019551 1.11964e-07
1.18877e-07  0.00112748
3.50927e-11    0.076281
4.79345e-05 1.60603e-08
 6.1307e-05 8.81358e-05
 0.00363606 4.38874e-06
 3.4432e-15    0.123561
2.43496e-14 2.78366e-11
2.52975e-16  0.00920237
4.41539e-05 1.21617e-08
4.22012e-10  5.9553e-09
   0.142122 1.84473e-07
    0.14273 1.85554e-07
  0.0146367 1.43689e-06
  0.0065367 8.76881e-09
3.14014e-09 0.000381164
1.21139e-08 1.44902e-08
  0.0129139 1.49516e-06
9.12433e-13 1.78179e-07
  0.0844482 1.10253e-07
2.44856e-12 1.90558e-08
 0.00518747 6.97682e-09
    0.10592 1.38563e-07
 0.00355949 3.60253e-07
   0.110169 1.44194e-07
9.77856e-13 8.25263e-09
   0.073422 9.60931e-08
0.000831613 9.46609e-08
 0.00373402 3.24764e-07
2.82578e-09  0.00527814
 0.00362404  3.1453e-07
  0.0034569 3.23354e-07
  0.0171426 2.24456e-08
 0.00331615 3.09302e-07
1.36623e-09 1.86544e-06
 0.00182156 1.70907e-07
1.57304e-10  6.3903e-08
1.74436e-06   0.0113285
4.72503e-12  4.1346e-05
  0.0247362 3.24059e-08
0.000301515 2.64476e-08
1.43202e-12  0.00340339
  0.0247018 3.23621e-08
4.35931e-10 6.84866e-09
  5.029e-06 6.71583e-12
9.03152e-12 0.000553512
4.28279e-17 9.05826e-05
3.78024e-07  0.00279127
0.000892901 8.37476e-08
0.000540076 4.68646e-08
0.000469111 4.06929e-08
3.07578e-11 6.19286e-06
 3.9944e-15 9.03391e-06
1.12229e-07  0.00106428
0.000471025 4.07687e-08
 1.0584e-09 5.10131e-06
3.94595e-10 5.21829e-09
1.14789e-09 8.96635e-06
9.66444e-05 3.60728e-09
1.01088e-14 4.76937e-06
2.99203e-12 2.04174e-08
4.56888e-10 6.25888e-07
1.83977e-14 3.09438e-11
8.95231e-05 0.000737773
2.36722e-07 0.000234135
6.39111e-06 1.03124e-11
4.73797e-11 2.43064e-07
6.22992e-06 1.01454e-11
2.20955e-10  8.9558e-08
1.31858e-12  0.00278631
0.000155047 5.80034e-09
9.92443e-09  0.00510332
4.92147e-24 6.79637e-15
5.05768e-07 0.000677383
1.99675e-18 6.02015e-06
0.000135847 5.08282e-09
1.91075e-05 1.26404e-09
1.98424e-05 1.28772e-09
5.97962e-08 0.000566597
 2.5739e-05 1.21614e-09
2.76625e-05 1.32434e-09
2.28187e-05 1.10527e-09
1.85238e-08   1.366e-10
1.80778e-08 1.39872e-10
5.33943e-06  2.5615e-10
5.47584e-06 2.62726e-10
1.45191e-09 1.37549e-05
5.23965e-06 2.51434e-10
2.49636e-09  0.00470676
4.97222e-06 2.38583e-10
1.32333e-06 6.35281e-11
2.10182e-06 1.00849e-10
2.56806e-16 1.65392e-08
3.21544e-09 1.85546e-07
1.60586e-09 3.22722e-08
3.01055e-11 5.87959e-06
 1.3814e-06 6.63126e-11
4.46257e-11 2.14068e-15
2.40522e-06 1.15406e-10
2.22772e-06 1.06889e-10
2.16019e-11 2.98014e-07
2.50155e-08  8.3561e-12
3.27312e-08 4.23151e-08
5.04527e-11  2.4202e-15
2.56239e-08 8.44864e-12
2.94442e-16   0.0107089
2.01064e-11 3.32821e-07
 5.0106e-10 1.95184e-06
4.88235e-18 1.66589e-05
2.97008e-14 6.73416e-05
1.26014e-06 6.04512e-11
2.10923e-10 4.98844e-07
5.21844e-12 3.64927e-06
2.28229e-09  0.00423527
1.21323e-06 5.81997e-11
2.66478e-11 1.27828e-15
4.47479e-07 2.14473e-11
7.87828e-08 1.38375e-12
7.74947e-08  1.3873e-12
3.99955e-07 1.91695e-11
1.86603e-07 2.04983e-12
1.22886e-10 1.82302e-07
 2.6716e-13 0.000359788
 5.0253e-09 6.85445e-06
4.47543e-08 2.14452e-12
4.63269e-08 2.21986e-12
3.75044e-08 1.79703e-12
2.23258e-08 1.06966e-12
1.20815e-09 6.33279e-06
2.15443e-06 7.98988e-12
2.24631e-08 1.07624e-12
2.70209e-09 3.69972e-06
3.98174e-13 0.000249026
2.15541e-06 7.52781e-12
 1.2609e-11 9.97459e-05
1.76252e-06 7.26507e-12
2.16974e-11  3.5265e-07
 3.8336e-09 1.79485e-13
5.52451e-09 5.19167e-05
6.64065e-06 6.10592e-13
1.02546e-06 5.21254e-12
8.25753e-06 5.05375e-13
1.95104e-09 9.61648e-08
3.59822e-09 1.67923e-13
1.61535e-07 3.76334e-15
3.67723e-06 3.65432e-13
4.22131e-09 2.45444e-07
1.04299e-09 5.47888e-06
1.28863e-09 2.62837e-07
7.57073e-14 0.000179795
1.62568e-07 0.000221702
1.61927e-07 3.69184e-15
1.21871e-09 1.49453e-11
2.89532e-17   0.0013331
1.39688e-12 0.000795185
2.20038e-16  0.00799575
1.30681e-05 1.58015e-13
8.64527e-10 6.16186e-08
7.12563e-07   1.073e-13
4.33291e-06 4.40483e-13
2.43211e-08 0.000230551
1.43631e-10 5.66903e-07
2.79508e-06 2.94211e-13
 3.0509e-09 4.18007e-06
3.85341e-05 1.12603e-13
3.24463e-08 1.31316e-07
3.62583e-05 7.17836e-14
1.53767e-09 1.56125e-08
2.69276e-11 3.06551e-07
6.27014e-05 1.24488e-13
6.82857e-05 1.32969e-13
2.88642e-09 6.36134e-07
2.94963e-12 5.76764e-06
 7.9006e-05 1.45887e-13
5.95976e-05 1.04929e-13
6.58418e-05 4.03626e-14
1.43328e-09 1.19105e-05
8.96465e-10 2.13457e-07
5.15514e-05 7.78574e-14
3.42453e-09 7.32818e-07
 3.7597e-07 3.09894e-08
 0.00363304  3.9206e-06
2.02106e-10 2.41992e-07
5.70708e-07 0.000806671
 0.00012204  5.1277e-14
4.46006e-05 4.90404e-15
0.000131773 5.05764e-14
0.000105884  2.5479e-14
2.13105e-07  0.00201902
  0.0121107 1.53574e-15
4.28032e-12 7.27582e-07
0.000260426 1.46607e-14
0.000250063  1.1165e-14
3.88607e-05 1.11247e-15
  0.0149414  1.8942e-15
0.000655008 1.96735e-14
2.46733e-09 4.64777e-07
 0.00062945 1.88477e-14
0.000282091 8.03509e-15
  0.0284043 3.59307e-15
2.05013e-17 4.23845e-05
1.86922e-06  0.00187774
3.06136e-14  6.9163e-05
0.000296621 8.43423e-15
1.32938e-16  0.00635733
9.04835e-12   0.0287655
 5.4188e-09 0.000258455
2.70865e-11 2.92331e-05
3.90869e-12 2.20417e-06
  0.0146179 3.48531e-14
2.44839e-08 3.33911e-05
  0.0134105 2.67503e-14
2.13495e-08  1.0334e-07
  0.0164436 4.63858e-14
  0.0147769 4.43294e-14
1.03451e-08 2.77099e-06
0.000247429 4.55155e-15
 0.00134695 2.54936e-14
5.55586e-11 5.26926e-07
 0.00288692 6.85136e-14
 0.00226741 5.57045e-14
 0.00279822 7.17528e-14
 0.00308793 1.52109e-13
 0.00285585 1.47588e-13
5.34384e-12  1.4513e-08
4.27823e-17 0.000244732
5.94857e-12 1.18694e-05
1.42108e-10 6.64956e-06
8.81809e-10 6.11701e-08
2.90461e-10 2.46454e-06
6.29001e-10 1.52496e-07
 0.00303707  1.8512e-13
 0.00255977   1.854e-13
9.36045e-12 2.84461e-09
0.000506901 2.09865e-14
7.64615e-13  0.00061184
 0.00245957 2.21777e-13
2.64887e-08 0.000251136
 0.00227563 2.33941e-13
6.25422e-05 8.20168e-15
4.26513e-12 2.21308e-09
3.98266e-17 8.36609e-05
 0.00131101 1.89662e-13
 9.0179e-08    0.172312
3.14104e-16  0.00155641
0.000131947  1.7488e-14
 9.4727e-15  1.0281e-11
3.07602e-09 1.07575e-06
2.17733e-09 4.40055e-07
8.50231e-13 5.93449e-10
4.91187e-12 3.50561e-06
 1.8319e-16  0.00107505
   1.65e-07  0.00156479
0.000119615 1.60504e-14
2.92256e-10 3.90335e-07
3.35703e-09 9.12697e-07
 4.5106e-08  6.1513e-05
1.83039e-11 9.87332e-06
2.95702e-12  0.00703536
0.000331689 5.04442e-13
6.73375e-16  0.00333718
2.59704e-17 0.000371912
4.87507e-05 3.16789e-13
1.78112e-05 6.21817e-15
6.94034e-05 4.51163e-13
0.000263136 8.67738e-13
0.000120822 7.85874e-13
0.000117232 7.63926e-13
5.58706e-16 7.24779e-06
2.01871e-07  0.00191443
2.95955e-05 1.92668e-13
6.40035e-09 0.000368148
6.13527e-15 2.35167e-06
0.000147931 1.07891e-12
3.08043e-05 2.00545e-13
 1.4834e-05 2.79295e-11
4.51465e-09 1.94589e-08
2.94222e-09 2.68816e-05
1.88388e-05 4.31845e-11
1.74537e-05 4.26398e-11
1.24659e-05 3.09803e-11
4.17663e-07 2.28255e-09
1.03991e-05 2.76981e-11
5.10897e-07 2.98322e-09
1.92369e-07 1.53871e-09
1.26502e-17  0.00045897
2.03866e-11 9.42634e-06
2.31099e-08 0.000219053
 4.1046e-13 1.54627e-09
4.87072e-06 1.79785e-11
3.17561e-07 1.88296e-09
6.26325e-10 5.51543e-15
1.29797e-15  1.0342e-05
4.28841e-13 0.000207024
5.82638e-06 3.72754e-11
 2.8851e-10 2.73283e-06
2.82967e-06   0.0025074
2.62719e-17 0.000953208
1.37582e-15  0.00683785
5.53745e-06 3.75759e-11
2.55855e-09 2.25487e-05
2.12246e-07 0.000289754
4.38692e-06 2.94338e-11
1.40139e-09 3.43115e-09
1.69209e-06 1.42777e-11
1.03106e-06  0.00378519
 2.2465e-11 3.45298e-08
3.69237e-07 3.03326e-11
5.19642e-07 0.000705425
1.61548e-07 1.42259e-12
8.81293e-15   0.0434448
 1.4444e-06 1.40955e-11
1.37945e-09 1.85276e-08
3.64321e-08 2.98244e-12
7.17432e-07 2.57922e-11
6.43325e-07  1.3438e-11
1.97526e-16 2.14444e-13
4.15347e-07 5.09883e-12
1.13657e-06 3.95065e-11
7.60059e-17 1.05893e-08
1.06104e-06 3.67675e-11
8.36947e-09 0.000464414
1.20326e-09  2.4995e-06
6.06378e-08 7.45202e-13
7.21693e-11 5.63518e-07
 5.9391e-08 7.29889e-13
1.32373e-07 1.63955e-12