 0.00493585 1.59568e-05
9.22781e-09 6.57068e-05
 0.00495894 1.63938e-05
 0.00320966 1.54952e-05
 0.00457001 1.24499e-05
 0.00235206 1.47034e-05
 0.00586087 2.68003e-05
1.63433e-06  0.00627529
  0.0062214 2.87932e-05
 0.00617169 2.81479e-05
 0.00541896 2.56302e-05
1.54177e-06  0.00973802
 0.00296692 1.79785e-05
5.09397e-08  0.00238184
3.74832e-06  0.00170515
 7.6018e-08   0.0629846
 0.00657073 3.08724e-05
 0.00680733 3.18497e-05
0.000110934   0.0268282
  0.0026206 1.60916e-05
 0.00647292 2.99243e-05
 0.00136935  0.00928845
  0.0285215 7.26814e-06
 0.00926002 1.21116e-05
3.22154e-06  0.00144721
1.37128e-06 0.000873735
8.89808e-07  0.00489666
 0.00565511  2.7822e-05
 0.00625654 3.01385e-05
 0.00735756 2.82221e-05
0.000257645 0.000274513
 0.00196809 1.23266e-05
 0.00754028 3.01575e-05
  0.0085437 2.91773e-05
4.12704e-06 0.000917917
1.39947e-06   0.0110216
0.000114237   0.0665799
  6.383e-06  0.00110552
 0.00571738 2.92232e-05
0.000147686 0.000163267
 0.00506711 2.99669e-05
 0.00842828 2.90606e-05
8.40198e-08   0.0347638
 1.8563e-07 9.15773e-05
8.62496e-05 0.000227424
4.04942e-07   0.0136618
3.64767e-06  0.00084974
 0.00705451 2.98001e-05
6.76973e-08   0.0550037
 0.00221336   0.0036765
 0.00844887 3.13972e-05
7.17562e-06 0.000713897
1.08161e-06  0.00117951
 0.00795819 3.23955e-05
 0.00599005 3.93943e-05
 0.00403238 2.82035e-05
0.000417298   0.0152447
 3.1476e-06  0.00584916
0.000119441  0.00305842
0.000308169   0.0224932
  0.0223092 1.59318e-05
7.75394e-05  0.00171243
 0.00645618  4.2998e-05
 0.00605755 4.03407e-05
1.57466e-06  0.00717292
3.12289e-08 0.000570777
2.98819e-06   0.0062371
3.24963e-08 0.000404966
1.23444e-06  0.00739967
3.55684e-07   0.0210746
2.02924e-07  0.00666658
1.36016e-08 0.000199088
 0.00641028 3.02142e-05
  0.0302648 2.29727e-05
  0.0242322  1.9008e-05
1.26108e-05 0.000292361
 0.00728121  5.3877e-05
1.56571e-06   0.0226792
1.94242e-06  3.5571e-05
 0.00691315 5.22638e-05
  4.989e-05 0.000188375
0.000126461  0.00103912
9.31558e-06   0.0013469
1.05914e-07   0.0566582
1.82498e-06   0.0297874
  0.0308548 2.44413e-05
  0.0067703 5.12001e-05
1.18641e-07  0.00725026
  0.0057035 4.51156e-05
0.000840092  0.00607811
 0.00362909  0.00147868
  0.0279241 2.31607e-05
  0.0251771 2.08212e-05
 0.00868789 6.51863e-05
2.32824e-06  0.00104461
   0.008917 6.79004e-05
 0.00718873 5.10378e-05
  0.0118183 0.000101559
 0.00782341 6.52099e-05
 0.00862297  0.00331777
0.000908804 7.46291e-07
3.36109e-06  0.00174342
  0.0154555 0.000134298
 0.00747966 5.69354e-05
1.48643e-06  0.00703956
2.06956e-06 3.51135e-05
  0.0184697 0.000161213
0.000128128 1.73304e-05
0.000186272    0.264959
0.000212979   0.0516604
2.26917e-06   0.0291346
 0.00762083  0.00192124
1.31674e-05 0.000210736
  0.0161424 0.000141872
4.77431e-07   0.0143555
7.76664e-08   0.0698244
  0.0192749 0.000166961
 0.00928585 8.17593e-05
  0.0190006 0.000167961
  0.0457295 0.000343803
1.65963e-06  0.00521159
2.08555e-08   0.0500742
5.22003e-05 0.000205832
   0.018381 0.000162811
  0.0322283 0.000425123
 0.00797474 3.92885e-05
 0.00807165 4.41421e-05
  0.0110121 0.000105822
3.60385e-06  0.00117352
 0.00965115 9.07267e-05
0.000236255   0.0285803
 0.00928805 8.91131e-05
 0.00928736 8.67696e-05
7.45674e-08   0.0429388
 0.00292484  0.00107734
  0.0253451 0.000358612
  0.0245413 0.000359579
  0.0238074 0.000349719
  0.0117808 0.000161665
3.86472e-09  0.00531426
 0.00742055 6.66556e-05
 0.00841904 8.23317e-05
2.00523e-05  0.00799284
  0.0121676 0.000178679
 0.00150768 0.000276213
5.85345e-06 8.18287e-05
0.000137492  0.00476208
 0.00966548 0.000115494
1.38814e-06   0.0113197
5.18996e-09  0.00751068
1.90462e-06  0.00586806
1.16229e-05 0.000310196
0.000885378 7.27774e-07
 0.00986444 0.000122143
8.98826e-07   0.0507879
 0.00965256 0.000120154
9.69491e-07  0.00169685
 0.00937334   0.0001145
 0.00769698 0.000274157
 0.00348929 3.15642e-05
 0.00733681 0.000339829
8.87573e-07 1.49892e-05
 0.00520928 5.50912e-05
0.000239364  0.00717368
1.47482e-08     0.01047
2.84314e-06  0.00135781
 0.00614202 0.000188967
 0.00607538 0.000265877
0.000482743   0.0104201
6.45238e-06 0.000387178
5.94897e-06   0.0072505
 0.00734848 0.000254548
2.88547e-07   0.0119662
 0.00043947 0.000422682
  0.0067003  8.6835e-05
 1.0163e-08  0.00730648
 0.00667734 8.96359e-05
 0.00699455 0.000148766
  2.221e-06  0.00344633
1.58089e-05 0.000184366
1.55661e-06   0.0112077
  0.0059339  0.00019436
2.06605e-07   0.0118338
1.78863e-05  0.00020163
 0.00809135 0.000175856
 0.00798468 0.000179242
2.73359e-07 0.000122866
 0.00761968 0.000160831
1.64906e-07    0.028837
 0.00855541 0.000184965
 0.00499306 6.56936e-05
  0.0069029  0.00015089
0.000439522 0.000615084
 0.00778118 0.000164634
2.48801e-06  0.00661809
 0.00738445 0.000155041
 0.00649097 0.000124329
 0.00177572  0.00164134
2.05863e-06   0.0129703
 0.00779948 0.000142698
 0.00834292 0.000145347
 0.00841799 0.000147172
 0.00545361 0.000127193
 0.00313198 3.40931e-05
2.28941e-06  0.00233251
 0.00413511 4.37237e-05
6.28769e-06  0.00268438
 0.00103735   0.0254577
4.89591e-07   0.0043253
0.000805395  9.4708e-07
2.76835e-09  0.00280186
 1.4794e-06 1.75817e-05
6.41536e-06  0.00201894
  0.0064214 5.86849e-05
 0.00912591 8.33086e-05
 0.00112129   0.0261395
  9.827e-05  0.00276438
  0.0106393 0.000101309
8.85711e-07 1.48214e-05
4.58235e-08  0.00215327
1.90943e-08  0.00113479
 0.00426413 0.000188029
4.24633e-07 9.43702e-05
5.60475e-09  0.00847259
 0.00725736 5.65528e-05
  0.0129322 0.000102624
  0.0021089 0.000117592
9.54638e-07  0.00470774
2.63609e-07   0.0576346
4.55205e-09  0.00719559
  0.0131442 0.000102049
 0.00856484 8.39596e-05
5.91286e-05  0.00304949
1.24975e-05  0.00481132
3.75746e-06 1.98407e-05
  0.0143469  8.1733e-05
0.000110678  0.00300778
  0.0155595 9.44177e-05
3.40899e-07  0.00314455
0.000280698   5.106e-05
  0.0145214 7.39479e-05
  0.0120108 8.35263e-05
6.57858e-07 5.02674e-05
6.60726e-08 0.000439996
1.24518e-09  0.00233884
4.05929e-07 0.000107618
0.000297612   0.0174832
  0.0146741 8.88751e-05
 0.00225089  0.00948481
  0.0152083 8.29554e-05
9.74915e-09   0.0069882
4.48016e-07  9.5829e-05
  0.0142966 5.17949e-05
3.07988e-07 6.43074e-05
  0.0128576 7.31648e-06
  0.0145316  8.5102e-06
 0.00592046 3.62884e-05
   0.015165 8.87364e-06
 0.00601612 3.63262e-05
  0.0164886 3.36267e-05
  0.0130768 7.65354e-06
  0.0324908 2.98989e-05
  0.0267448 1.42819e-05
 0.00263177 7.22804e-06
  0.0290182 1.54189e-05
7.01234e-07  0.00511631
4.14141e-05  0.00970134
2.09899e-06   0.0345522
  0.0458131 2.78736e-05
 0.00729742 4.03977e-06
1.02915e-08  0.00213458
  0.0366854  1.9261e-05
 0.00237703 1.20735e-05
  0.0554181 2.88733e-05
2.93465e-07 5.83345e-05
1.19602e-05 2.38033e-05
6.65914e-07 0.000721291
2.17274e-08  0.00130336
1.48135e-05 0.000219391
0.000266586   0.0693179
4.19452e-05 0.000667097
1.16792e-06 3.12238e-05
  0.0454491 2.44097e-05
  0.0256058 1.41234e-05
2.12901e-07   0.0131933
  0.0619055 2.87041e-05
1.32934e-05  0.00142262
 0.00671066 3.89931e-06
  2.415e-06  0.00475165
2.00451e-06 3.23658e-05
  0.0560689 2.48294e-05
 2.1258e-08   0.0166541
2.68777e-05  0.00314328
1.64328e-06 2.88984e-05
  0.0407714 1.88146e-05
  0.0775795 2.59037e-05
    0.05985 2.48413e-05
8.51664e-05  0.00200327
8.25486e-06 0.000117131
2.25638e-06  0.00314769
  1.641e-08  0.00316692
  0.0126574 5.71496e-06
  0.0533758 2.15861e-05
2.73152e-06   0.0232632
 0.00491822 2.73226e-06
3.78244e-05   0.0078921
 0.00558407 3.23239e-06
3.43955e-05 0.000498898
1.86882e-06 8.98621e-05
 0.00614127 2.99257e-06
   0.016532 7.31139e-06
 0.00101015 0.000829807
  0.0068834 3.81491e-06
 0.00710954 3.93358e-06
  0.0150155 6.63841e-06
1.39616e-07  0.00275514
3.51826e-07   0.0135328
5.29762e-07   0.0119861
  0.0152142 6.70053e-06
3.70354e-08 0.000610483
  0.0105882  4.5938e-06
  0.0118723  4.9792e-06
1.52573e-07   0.0255159
5.24479e-06 5.80203e-05
5.49716e-05 0.000734677
  0.0125773 5.37422e-06
   0.013006 5.49298e-06
1.14147e-06  0.00166815
 0.00643878 2.82175e-06
 0.00917698 3.98022e-06
1.91087e-05  0.00756105
3.59139e-08  0.00217199
2.13332e-06   0.0254452
0.000243417 1.04389e-07
 0.00912881 3.94687e-06
5.43953e-08   0.0921822
  1.929e-06  0.00592895
  0.0118251 5.01559e-06
   0.010958 4.71696e-06
9.34011e-06 0.000510706
  0.0103305 4.37508e-06
4.87243e-08  0.00212454
 0.00103138 4.92765e-07
1.04845e-08  0.00736867
1.04382e-06  0.00641402
0.000117727   0.0446754
8.13047e-07    0.030292
 0.00775959 3.24095e-06
  0.0103544 4.41268e-06
2.16733e-05 4.31257e-05
 0.00927282 3.90767e-06
 0.00529211 2.24475e-06
3.04627e-06   0.0274437
2.04318e-06    0.125764
 0.00138363 5.93312e-07
 0.00392761 1.77864e-06
  0.0062164 2.65962e-06
0.000544692   0.0531021
 0.00259177 1.10952e-06
 0.00482558 2.12541e-06
 0.00484131 1.32129e-06
 0.00506198  2.3688e-06
 0.00457904 1.21997e-06
5.90857e-06  0.00138052
 0.00203684 1.47908e-06
0.000117716   0.0414782
 0.00469203 2.35629e-06
  0.0043608 1.87379e-06
3.06957e-08  0.00146385
7.12255e-05 0.000133896
3.82477e-06 0.000169863
 0.00472686 2.25191e-06
 0.00557561 9.20832e-07
2.98846e-06  0.00179409
 0.00363688 2.70072e-06
3.85038e-06 0.000171007
7.75331e-07    0.032101
 0.00356913 2.63919e-06
 0.00628042 9.22614e-07
  3.234e-06 5.17487e-05
 0.00227811  0.00353816
 0.00524119 6.98645e-07
1.50127e-06  0.00952808
3.54638e-08   0.0207915
1.40455e-06   0.0105919
 0.00404582 9.13511e-07
3.25141e-07    0.014756
1.28104e-05   0.0006944
1.26913e-06  0.00740827
3.18699e-06    0.021041
 0.00683691 8.91571e-07
6.75565e-07  0.00284295
5.99495e-08    0.115372
2.78633e-06  0.00362022
 0.00476307 8.33387e-07
5.52221e-06 0.000553838
 0.00066376  0.00104397
 0.00522965 7.32286e-07
 0.00238381 1.92846e-07
2.56178e-06  0.00211874
2.31271e-07   0.0249756
3.26501e-08  0.00128462
  0.0072352 8.40896e-07
1.41662e-06   0.0105097
1.37719e-05 0.000206196
1.28836e-08  0.00248637
 0.00582736  7.3362e-07
 1.0903e-06  0.00928438
2.27172e-07   0.0140186
 0.00473654  6.7229e-07
 0.00707814  7.2066e-07
1.27276e-05  0.00114419
 6.1213e-06  0.00141877
 0.00550531 7.16717e-07
 0.00719703 6.98413e-07
 0.00532447 6.20091e-07
2.42051e-05 4.81391e-05
 2.0634e-06  0.00482778
2.32304e-05  0.00464596
 0.00367617 2.76256e-07
2.10611e-05 0.000386524
9.85966e-06 0.000689241
  0.0070778  5.6178e-07
4.35025e-08  0.00153904
 0.00521333 5.60479e-07
 0.00458081 4.26704e-07
 3.0322e-07 6.12337e-05
 0.00607896 2.25117e-07
 0.00384191 1.79883e-07
1.11561e-06  0.00675679
 1.0901e-09 0.000809337
 0.00376599 1.76241e-07
 0.00660871 2.29223e-07
  0.0100001 2.86122e-07
5.70478e-05   0.0137973
2.01626e-06   0.0492079
1.37682e-05 0.000457489
2.20217e-05 0.000633476
  0.0121323 2.64932e-07
5.91488e-07   0.0328893
1.49915e-07    0.026803
6.14401e-08  0.00147764
 0.00673389  2.7742e-07
0.000377707  0.00842842
 0.00645556  2.0304e-07
8.21222e-09  0.00604245
1.42744e-05  0.00049573
 0.00788062 2.61787e-07
 0.00244521 1.04909e-07
  0.0182886 2.86512e-07
  0.0115215 1.98312e-07
  0.0198276  2.7805e-07
 0.00826498 1.57179e-07
  0.0203634 2.57805e-07
  0.0102567 1.46359e-07
  0.0187599 2.09824e-07
 3.6714e-07 0.000120711
 0.00975968  1.1241e-07
 0.00944487 1.65896e-07
1.26873e-06    0.079459
 4.2549e-07 7.73241e-06
 0.00264532 5.40486e-08
0.000367483   0.0104515
  0.0256039 1.84363e-07
 0.00824007  1.5212e-07
0.000114436 3.08433e-08
  0.0374057 1.81768e-07
  0.0391275 1.88736e-07
1.23368e-05  0.00174103
5.46077e-07  0.00739988
  0.0418508 1.85846e-07
 0.00648578  1.2357e-07
  0.0437808  1.8391e-07
1.14051e-07   0.0627389
5.03842e-07  6.0011e-05
 5.9985e-06  0.00313516
0.000305793   0.0740093
0.000117321   0.0283791
  0.0230252 1.01318e-07
1.98865e-06 3.17027e-05
1.19747e-06  0.00609673
5.78005e-08    0.230602
0.000569234 0.000888119
0.000636891 0.000508733
   0.043671 1.50893e-07
4.93161e-08  0.00151236
  0.0447172 1.47337e-07
3.03489e-08  0.00155682
  0.0348352 1.31079e-07
8.23406e-07 0.000356783
 0.00254517 5.61906e-08
 0.00540404 1.16886e-07
  0.0475294 1.36343e-07
1.23102e-06  0.00282661
1.26769e-06 0.000757684
  0.0593187 1.28403e-07
1.93279e-07   0.0371319
  0.0042758 9.47647e-08
1.30124e-08  0.00881522
  0.0397205 1.10314e-07
2.54358e-07   0.0508335
 0.00633299 1.44959e-07
5.11495e-05    0.001443
8.40548e-05   0.0287388
4.17811e-05 0.000106779
  0.0266083 1.08273e-07
  0.0243143 1.02845e-07
0.000331497 3.99574e-05
 0.00666283 1.55614e-07
1.10239e-06  0.00411455
 0.00253481   3.468e-08
1.13661e-07 0.000312969
 0.00425527 9.70008e-08
  0.0146416 8.33274e-08
 0.00623164 1.53396e-07
0.000436039   0.0079757
3.12832e-07   0.0181426
7.03197e-06 9.60912e-05
 0.00210526 2.88074e-08
 0.00645366 6.91043e-08
 0.00657435 6.96144e-08
 0.00694298 1.88557e-07
4.55053e-06 5.17995e-05
7.82992e-07 1.31362e-05
3.45761e-09  0.00277764
8.90608e-05   0.0401646
1.56225e-07  0.00960497
 0.00982923 1.40179e-07
 0.00058216   0.0176427
 0.00492613 6.75612e-08
 0.00748476 2.18016e-07
 0.00575761 8.00907e-08
 0.00952101 2.00698e-07
9.83635e-07  0.00333792
2.78436e-05   0.0054972
3.64106e-06  0.00583249
 3.4543e-08  0.00140185
 0.00792311 2.45438e-07
3.45744e-06  0.00152069
 0.00449507 6.64407e-08
 0.00631756 1.69526e-07
 7.1923e-06  0.00687406
 0.00839038 2.75911e-07
 0.00889229 2.62595e-07
 0.00814867 2.38274e-07
 0.00986262 3.43815e-07
  0.0102078 3.62106e-07
 0.00506921 2.45183e-07
  0.0100744 3.61969e-07
4.67768e-09 0.000255087
8.77016e-05  0.00268576
2.70462e-08   0.0029415
 0.00473895 2.38019e-07
 0.00982304 3.90567e-07
 0.00990966 3.94842e-07
 1.7272e-06  0.00898022
 0.00597697 3.76644e-07
1.63673e-07   0.0277245
 0.00921329 3.22615e-07
2.25307e-07 0.000187742
 0.00806985 5.26446e-07
 0.00828239 5.58995e-07
 0.00601942 4.19002e-07
0.000317319  0.00024937
 0.00801383 2.34131e-07
  0.0425082 3.37827e-07
3.86809e-05   0.0142293
 1.0037e-07 0.000106578
2.46541e-07 3.02296e-06
 0.00851071 6.79061e-07
2.12321e-06  0.00326869
7.32585e-05  0.00427299
 0.00857107 7.15249e-07
5.92774e-07   0.0043068
4.24051e-08  0.00152515
1.29282e-08 2.43864e-06
 0.00116089 4.38312e-07
2.02693e-05 0.000426584
3.16547e-06  0.00784551
 0.00372959 3.27927e-07
  0.0573039 4.21534e-07
 4.8468e-07 7.80414e-05
4.50779e-05  0.00012057
 0.00789583  0.00479259
 0.00942833 9.06752e-07
 0.00974268 9.61817e-07
4.21287e-08  0.00795955
0.000216925 1.59934e-09
  0.0091888 9.45527e-07
 0.00151754 6.91042e-07
 0.00918424 1.00433e-06
0.000332924 4.41012e-05
  0.0147657 1.10848e-06
  0.0160674 1.08781e-06
  0.0110358 1.40038e-06
  0.0219189 5.96626e-07
1.89497e-06  0.00100774
1.52277e-05  0.00247771
1.16707e-05 0.000215158
 0.00252874 1.25931e-06
0.000263228   0.0275812
  0.0123657 1.73189e-06
 0.00111595 1.13669e-06
  0.0121868  1.8128e-06
0.000388958    0.037304
 0.00267104 1.24701e-06
 0.00145918 0.000265527
4.88156e-08   0.0014042
2.03487e-07   0.0129086
   0.011794 1.96854e-06
1.04845e-06  0.00138025
9.71145e-05   0.0754039
2.23866e-07   0.0137196
5.51014e-06   0.0013369
6.84261e-07 6.96659e-05
1.48604e-05  0.00121769
  0.0110189 1.91638e-06
0.000279703 0.000244508
  0.0230523 3.06766e-06
 0.00296148 1.98556e-06
 0.00278384  1.9145e-06
  0.0264362 3.61383e-06
  0.0273102 3.93783e-06
  0.0262084 3.86459e-06
  0.0157619 4.29209e-06
  0.0277051 3.83066e-06
1.64813e-06  0.00790194
2.32812e-07   0.0143381
9.25123e-08 0.000862835
4.14148e-06  0.00166306
  0.0170587 3.58209e-06
3.07025e-05 8.16496e-05
  0.0237474 3.23426e-06
  0.0159198 5.39531e-06
 2.3058e-06  0.00053507
 0.00696163 9.45252e-07
  0.0126849 9.26181e-06
  0.0134395 1.14422e-05
  0.0212017 2.64702e-06
2.29723e-05 0.000144482
 3.2596e-06  0.00335682
   0.013996 1.19653e-05
4.09215e-06 4.76368e-05
  0.0300568 5.20185e-06
 4.6749e-08  0.00233874
 0.00793481 6.78501e-06
  0.0183162 1.61548e-05
0.000191319    0.250778
  0.0293418 7.02063e-06
  0.0467129 5.02635e-06
  0.0545821 6.10621e-06
3.34376e-06  0.00148151
  0.0552263 6.36407e-06
0.000183426    0.158174
  0.0482995 4.82923e-06
2.14002e-07   0.0294674
  0.0190111 3.33895e-05
  0.0549892 5.74145e-06
3.28525e-06   0.0159928
  0.0396839 3.88123e-06
0.000578372 0.000917283
8.67714e-06  0.00137196
1.50634e-06   0.0068236
  0.0849335 6.38218e-06
1.25611e-06   0.0133243
2.01998e-06  0.00228091
   0.071125 6.55685e-06
3.41769e-07  0.00279179
  0.0689487 6.45927e-06
8.38762e-06   0.0124968
6.65081e-05  0.00405393
  0.0673284 6.33803e-06
  0.0341084 7.34974e-05
1.42587e-06  0.00408871
5.88805e-08    0.226402
  0.0550222 5.26968e-06
  0.0355433 3.57622e-06
   0.122884 0.000452187
1.23795e-07 0.000129435
  0.0495215  4.9797e-06
  0.0470533 4.84561e-06
  0.0176639 7.11366e-06
   0.108103 0.000244787
  0.0177534 7.55273e-06
3.69847e-05  0.00800217
    0.11942 0.000271312
  0.0232188 3.47802e-06
5.29982e-09   0.0079261
6.38305e-06 0.000673765
     0.1155 0.000261643
  0.0129608 4.20623e-06
6.91008e-07 4.00516e-05
0.000330836 8.77514e-05
0.000103375   0.0307454
  0.0927884 0.000214773
 7.7046e-08   0.0591588
 9.1236e-05   0.0220612
  0.0177075 4.55093e-06
  0.0189269 4.60049e-06
 8.7032e-05  0.00291094
4.59584e-05 0.000216264
  0.0182654 4.46478e-06
  0.0167387 4.10525e-06
  0.0177615 4.39195e-06
2.22964e-06   0.0323266
4.52317e-05   0.0297117
 1.6481e-06   0.0152994
8.59649e-06  0.00130877
6.47643e-08   0.0645898
  0.0157549 7.65161e-06
  0.0157665 7.54651e-06
  0.0146175  8.0213e-06
  0.0133997 6.53116e-06
  0.0126345 7.74847e-06
2.69527e-06  0.00725574
4.88824e-08   0.0404244
5.60863e-08   0.0734855
 0.00108435 7.04922e-07
8.08507e-08   0.0168576
6.67926e-06  0.00343298
0.000173473  0.00623086
8.11999e-07 3.86357e-05
 0.00778185  6.7092e-06
  0.0011331 7.62528e-07
0.000228884  0.00518149
6.84224e-05  0.00378927
0.000240185 0.000188924
 0.00169237 1.19386e-06
 0.00121474 8.61279e-07
8.03239e-06   0.0091335
6.94118e-06  0.00375931
1.22866e-05 0.000182029
1.59113e-08   0.0110813
6.20064e-05  0.00184412
 9.2436e-06  0.00092746
 0.00183356 1.34329e-06
5.52571e-05 0.000179903
 0.00137164 1.06593e-06
4.22183e-08  0.00161845
 0.00124259 9.25279e-07
4.42389e-08   0.0366026
0.000578748 4.24263e-07
0.000510991   0.0116079
 0.00124538 9.68134e-07
1.86865e-07   0.0115668
0.000144166 1.29354e-07
 0.00101905 8.48256e-07
0.000740589  1.4725e-06
1.59701e-07   0.0271755
4.85329e-05   0.0113748
3.17248e-06  0.00469811
 0.00044872 3.82064e-07
0.000429956  3.6904e-07
0.000684802 1.41855e-06
0.000483527 5.38139e-07
0.000547464 1.89082e-06
0.000299272   0.0193951
2.10277e-08   0.0148643
0.000658828 1.92253e-06
2.16896e-25 8.53262e-19
3.49921e-05 7.84965e-06
1.48608e-06   0.0125423
4.87311e-06  0.00119715
  0.0001349 2.35616e-07
0.000396678 6.76442e-07
6.35232e-05  0.00332282
0.000406941 6.76028e-07
 0.00025624 4.96248e-07
 0.00035265 1.20612e-06
0.000362599 1.25179e-06
0.000345098 1.22388e-06
0.000336781 1.23179e-06
2.60281e-06  0.00103033
 9.4675e-06  0.00722047
 4.5078e-05 0.000597278
3.61598e-06  0.00133287
0.000209682 6.18444e-07
0.000109902 3.27322e-07
1.31562e-06  0.00953552
 0.00023346 7.83354e-07
1.75412e-06  0.00810419
2.18673e-05  0.00542885
2.50686e-06   0.0131762
1.99805e-05 7.74922e-05
0.000218231 7.73013e-07
0.000190117 1.13819e-06
4.01358e-13 7.82207e-08
0.000187705 1.10604e-06
4.94493e-05 0.000716608
0.000163992  9.0997e-07
5.38487e-08   0.0444509
8.60798e-05 2.99807e-07
0.000120919 1.81022e-06
0.000138294 2.03017e-06
4.75481e-08  0.00210026
0.000181331 4.73029e-07
1.18487e-05 7.60138e-07
3.07589e-05 0.000274738
8.85594e-06  0.00547426
0.000127939 2.08473e-06
7.26086e-05 6.39727e-07
8.35054e-05 1.63836e-06
0.000300639    0.072498
0.000188324    0.267202
7.39236e-09 4.24855e-05
0.000107773 2.16946e-06
 9.0947e-05 8.74577e-07
1.67266e-05 0.000196863
1.43921e-06  0.00150993
7.27525e-06  0.00797303
2.02209e-07   0.0200364
8.93999e-05 8.74601e-07
1.68344e-06   0.0146754
8.74098e-07 1.46531e-05
4.50229e-08  0.00187416
6.74081e-05 2.05233e-06
6.58686e-05 6.81599e-07
2.72887e-05  0.00468662
2.32155e-05  4.2128e-06
1.89357e-05 2.39246e-07
8.06526e-06  0.00047268
5.40672e-05 2.68279e-06
7.92738e-08   0.0657409
2.39676e-05 4.52569e-06
4.31195e-05 2.27141e-06
0.000786047  0.00751221
2.82391e-05 4.16978e-06
1.25478e-07   0.0241901
4.25756e-05 3.20328e-06
1.30107e-05 1.98674e-07
4.57039e-05 3.58725e-06
3.51282e-05 2.56249e-06
6.57412e-06 0.000175985
8.35718e-05  0.00255762
3.01278e-05 7.10581e-06
3.40053e-05 9.53692e-06
5.22896e-08    0.116098
3.24135e-05 3.25824e-06
3.38418e-05 9.94041e-06
 4.2486e-05 4.49445e-06
1.05842e-05 0.000550034
2.22613e-05 3.04247e-06
4.96936e-06  0.00377382
4.08979e-05  4.6631e-06
3.14343e-05  1.1111e-05
5.58493e-08  0.00161145
3.10526e-05 1.12996e-05
0.000473511   0.0110779
1.66437e-06   0.0153302
2.53733e-05 3.42269e-06
4.59652e-05 5.73949e-06
3.68004e-05 4.48078e-06
3.71306e-06 4.37795e-05
3.80941e-05 4.62103e-06
 0.00691261  0.00487742
5.66738e-05 7.36443e-06
 1.4962e-05 1.80286e-06
2.51128e-06  0.00707508
0.000105521   0.0543921
6.20798e-05 8.24911e-06
6.10109e-05 8.04229e-06
3.77535e-07   0.0134217
2.37059e-05 5.06625e-05
  0.0187272  0.00217774
5.16001e-07   0.0162563
0.000151967  0.00014485
1.78473e-05 2.01707e-06
0.000136405 0.000158114
5.30995e-05 0.000199595
9.18046e-05 1.87682e-05
1.01765e-08  0.00743802
4.48443e-09  0.00337596
 9.7328e-05 1.50766e-05
6.68985e-05 9.04397e-06
1.49242e-05 7.67954e-05
 0.00014065 2.01463e-05
0.000548866   0.0158372
 1.8029e-07   0.0452028
0.000141322 1.92514e-05
9.80429e-05 5.37147e-06
6.74928e-07  0.00494048
5.38441e-08  0.00123011
0.000140242 1.64616e-05
 0.00012421 6.63215e-06
9.94366e-05   0.0364061
1.14224e-05  0.00166422
4.57208e-06  0.00144318
 0.00025323   0.0292952
0.000107177 5.62437e-06
0.000117691 1.02885e-05
0.000123388 6.36773e-06
1.13641e-06 3.47709e-05
 2.0865e-07   0.0128832
0.000105329 5.41647e-06
 1.0365e-06   0.0122059
0.000226287 8.98095e-06
0.000156293 5.67141e-06
0.000258943 8.95281e-06
0.000260866 8.46612e-06
6.46216e-07 1.10413e-05
8.26856e-06 0.000385915
0.000182853 4.46171e-06
 4.2764e-08 0.000754932
0.000244068 2.12893e-06
0.000234144 3.00646e-06
6.29898e-06 0.000866052
0.000136325 2.08088e-06
0.000268391 4.72238e-06
6.87727e-05  0.00386675
1.53071e-07   0.0276005
0.000266677 4.52505e-06
0.000287299 4.42655e-06
0.000460055 2.77058e-06
6.91641e-08    0.004094
0.000261981 3.83288e-06
0.000464809 2.58216e-06
0.000843816 2.02091e-06
0.000760348 1.74609e-06
0.000905874 2.02206e-06
0.000889027  1.9331e-06
0.000488337 1.52873e-06
 0.00106115  1.5052e-06
8.34264e-06  1.2202e-08
1.26659e-06 6.73676e-05
2.04905e-05   0.0075257
 0.00111334    1.36e-06
0.000707708 8.88641e-07
0.000703686 1.44621e-06
4.56944e-06 5.51928e-05
1.09567e-05  0.00576621
5.24201e-09  0.00800391
 0.00200968 1.17741e-06
 0.00212222 1.21087e-06
 0.00229079 1.21013e-06
 1.6052e-06  0.00615338
6.60768e-05 0.000224081
0.000984844 1.50755e-06
0.000944823 1.26226e-06
 0.00515853  0.00330889
9.62246e-07  0.00237072
7.66034e-08 6.34901e-05
5.85087e-06 8.39143e-05
3.29369e-06   0.0262157
 6.7002e-07   0.0365665
 0.00224571  9.8403e-07
1.14135e-05  0.00172502
 0.00186117 7.27799e-07
 0.00224052  7.5339e-07
1.99295e-06 9.89808e-05
0.000300167 2.13011e-08
 0.00223796  7.1864e-07
2.46135e-05 0.000123517
1.20545e-06 3.36968e-05
0.000640023 0.000537711
2.09212e-05  0.00532525
7.76597e-07   0.0030342
7.11223e-05  0.00377213
0.000426236 1.13275e-08
 0.00223154 5.48859e-07
 0.00279608 6.27385e-07
 7.0273e-07   0.0106302
 0.00824951 2.68072e-07
  3.025e-07   0.0122898
0.000219045    0.149474
1.40852e-05  0.00095147
7.18979e-05  0.00019078
 0.00853531 2.54452e-07
3.69093e-08   0.0021035
  0.0014371 3.81525e-08
 0.00284254  5.0447e-07
 0.00252282 6.75469e-08
  0.0165838 1.06892e-07
1.50872e-06 1.79572e-05
  0.0298168 1.83272e-07
3.25705e-05   0.0076336
 0.00262307 6.94312e-08
5.21203e-06  0.00225612
 5.3254e-06 6.56936e-05
  0.0332657 1.97406e-07
3.68198e-06 0.000231415
   0.032331 1.87968e-07
 0.00419554 1.08307e-06
5.64661e-07   0.0208745
1.72323e-06  0.00102878
  0.0138598 1.37717e-06
 6.3756e-05  0.00386186
  0.0143582 1.31852e-06
   0.010693 3.70776e-08
  0.0265643 8.35685e-08
  0.0140077 4.71767e-08
  0.0147021  4.9071e-08
3.57387e-06 0.000832358
1.96043e-07   0.0226338
1.05237e-08  0.00218287
  0.0185854 9.03288e-07
  0.0131778 7.66981e-07
1.35505e-05 0.000230417
  0.0206135  9.8543e-07
  0.0329882 2.99817e-08
   0.020521 9.32061e-07
5.12683e-09  0.00396522
1.43214e-06 8.10333e-05
 9.9935e-07 2.13622e-05
  0.0190442 8.64172e-07
  0.0121346 5.32216e-07
  0.0574434 4.94024e-08
  0.0042054 3.54282e-09
 0.00156848  1.8782e-06
  0.0351572 2.98191e-08
1.26046e-06  0.00916012
  0.0596556 5.01006e-08
  0.0709118 5.83432e-08
8.91805e-06  0.00350825
 0.00445206 3.74257e-09
  0.0732524 5.73428e-08
3.37202e-07   0.0204501
1.88687e-07   0.0224863
2.18365e-05 0.000524341
2.91056e-06 0.000187038
   0.021111 1.75969e-08
2.64397e-07     0.05566
0.000361602   0.0112805
1.52564e-05 0.000473314
1.24014e-05   0.0131695
   0.035753 9.22697e-08
6.13636e-08  0.00149951
0.000337373 4.41265e-05
1.33323e-06  0.00791083
1.61086e-06   0.0145345
   0.102463 8.99136e-08
9.88677e-05     0.12706
   0.149776  9.4902e-08
  0.0791374  4.9735e-08
8.07411e-09  0.00590814
 0.00199527 1.66249e-09
   0.156983 9.68081e-08
1.86128e-06 3.51457e-05
7.04181e-06  0.00934567
 0.00810251  0.00413345
 4.6051e-07    0.026126
 0.00359647 0.000503862
6.45771e-07  0.00426933
   0.153952 9.35437e-08
  0.0140505  7.9287e-09
3.76076e-05 0.000135186
  0.0865098 4.58098e-08
9.39373e-06  0.00393305
0.000234251   0.0197688
    0.15327 8.02433e-08
0.000484514 0.000301054
   0.142881 7.40391e-08
0.000433054  0.00959434
   0.135124 6.37367e-08
 0.00488371 1.60947e-07
 0.00209729   1.158e-09
  0.0249519 1.36105e-08
  0.0570896 2.95153e-08
0.000386119  0.00060539
7.10755e-06 0.000717651
  0.0267772 1.45939e-08
1.05618e-07   0.0603139
  0.0017956  3.3178e-06
  0.0151399 8.25778e-09
8.48075e-06 0.000235358
  0.0271572 1.47491e-08
  0.0342801 1.85017e-08
  0.0217835 1.55894e-08
0.000134714  0.00357067
  0.0257591 1.78489e-08
 8.7943e-07  0.00240295
5.89541e-07   0.0061608
1.49934e-06  0.00715144
  0.0369018 2.01504e-08
7.36081e-07   0.0106169
  0.0244849 1.72769e-08
1.28153e-07  0.00894036
4.85285e-05   0.0117002
6.55369e-06   0.0090601
  0.0366297 2.00804e-08
  0.0179222 1.25584e-08
3.37933e-07   0.0169253
0.000360952   0.0541009
 0.00202084 1.83573e-09
 0.00228314  2.0527e-09
7.71932e-08   0.0148972
  0.0211353 1.16635e-08
  0.0021884 2.02463e-09
2.56461e-05 0.000124292
4.07756e-07 0.000350602
 0.00778618 1.06692e-08
 0.00812572 1.11953e-08
   0.007953 1.11168e-08
1.60804e-06    0.010839
 0.00629933 1.01888e-08
5.77208e-08   0.0551116
 0.00742444 1.04759e-08
1.76865e-06 3.36418e-05
 0.00504835 9.29799e-09
0.000281158 4.15771e-09
 0.00050027    0.052661
1.44003e-08 0.000757094
0.000778904 1.25582e-08
0.000838536 1.35503e-08
0.000967771 1.57062e-08
  0.0004938  0.00071292
3.55051e-05  0.00757342
4.09466e-08    0.007736
6.22696e-07   0.0367719
3.85036e-08  0.00159182
 0.00111015 1.81294e-08
1.90648e-06   9.654e-05
 0.00103945 1.70167e-08
0.000978358 1.94428e-08
 8.1335e-06  0.00612454
1.70396e-06  0.00876288
0.000126876   0.0464071
 0.00122432 3.10088e-08
1.45019e-05   0.0005424
1.34113e-06 2.10863e-11
 0.00140977 3.86581e-08
1.34666e-06 2.11903e-11
1.47452e-05 0.000528781
0.000836628 2.34446e-08
0.000992449 3.29055e-08
0.000695143 1.94737e-08
4.69966e-06  4.7627e-05
3.39082e-06   0.0052917
 1.2527e-07 1.97017e-12
2.00405e-05 0.000189227
 0.00167914  0.00142099
1.32515e-06  0.00438235
2.09197e-09  0.00147281
3.47733e-06 1.41504e-05
  7.066e-06  0.00936235
7.57807e-08   0.0626454
9.68009e-05 1.11918e-07
0.000113198  0.00304995
0.000102891 3.35326e-07
0.000112196 3.56187e-07
5.73685e-07  0.00712831
4.45413e-08 6.01586e-07
6.07319e-05 2.29303e-07
0.000179042  0.00039409
2.85209e-07 5.64301e-05
0.000106649 3.84258e-07
7.68967e-06   0.0036051
3.03479e-06 3.71399e-05
6.07324e-05 7.31544e-08
2.22885e-09  0.00221922
8.94443e-05 3.48643e-07
 7.1181e-05 2.95744e-07
 3.3011e-06   0.0249974
1.06522e-07 0.000300648
2.22408e-05  0.00514416
 0.00338598 0.000245447
5.43365e-05  6.7781e-08
  1.703e-05  0.00708951
2.06954e-06    0.119567
2.43247e-07 0.000201043
5.91138e-08   0.0944203
0.000119755    0.121638
1.35237e-06  2.0794e-05
2.31688e-07 0.000198514
4.54212e-05 1.78282e-07
 1.6742e-07 3.30326e-05
 9.0928e-05 4.70483e-07
8.06069e-07   0.0326652
2.84707e-06   0.0267765
8.48919e-05 4.50283e-07
 0.00171917 2.35327e-08
7.47396e-05 4.68417e-07
6.66105e-05 8.62721e-08
5.88373e-05 7.65392e-08
6.96724e-05 9.06098e-08
4.54023e-06 4.69051e-05
8.55581e-08   0.0404876
 2.2161e-05 2.96071e-08
2.95655e-06 4.12664e-06
3.04148e-05 6.91366e-07
3.32545e-06  0.00314808
0.000534362    0.046527
1.15095e-05 0.000852168
1.58975e-05 2.15584e-08
1.58212e-06   0.0107726
8.27147e-06 1.28914e-07
8.61562e-06 1.30899e-07
1.81829e-05 3.32856e-07
3.57673e-06 2.50491e-08
0.000160897    0.216026
1.29183e-06  0.00441269
1.83025e-05 3.49946e-07
6.91502e-07 0.000301569
7.23142e-06 1.06255e-07
 0.00289085 7.45151e-06
2.73547e-06 1.73121e-08
8.37965e-06 1.17783e-07
8.47777e-06 1.58431e-07
8.38646e-06 1.17664e-07
1.09559e-07  0.00598094
6.50135e-06 9.04492e-08
3.29416e-06 6.28838e-08
8.58884e-06 1.61444e-07
8.69672e-05  0.00248311
8.15569e-06 1.53519e-07
8.92637e-06 1.68648e-07
3.08741e-06 4.35618e-08
8.42876e-06 1.59599e-07
5.20325e-08  0.00245396
 6.2413e-06 1.18313e-07
1.79362e-05 0.000521787
 0.00239518    0.011815
1.57985e-06  0.00851792
3.48692e-06 4.98158e-08
2.98573e-06 6.20993e-08
1.52984e-08   0.0107956
 3.4831e-06  4.9879e-08
1.47133e-06   0.0108117
 5.4722e-08  9.8569e-10
4.83789e-07    0.015299
 8.3574e-08   0.0675003
1.81864e-06 2.60525e-05
  3.462e-06 6.59429e-08
3.90451e-06 8.66647e-08
3.51325e-06 7.85422e-08
 6.8771e-06  0.00279784
1.50435e-09  0.00223869
5.15826e-06 6.04537e-05
3.41875e-06 7.74288e-08
3.96253e-06  0.00135456
1.49481e-06  0.00876872
8.11865e-06 0.000725236
1.06705e-06 3.29153e-08
8.29187e-08   0.0173743
2.14539e-07    0.028948
  9.233e-09 0.000118379
0.000427346   0.0398325
 3.5119e-06 1.33103e-05
2.08677e-07 1.39483e-05
1.54755e-07 3.19265e-09
2.90567e-07   0.0167415
1.50997e-07 3.14371e-09
2.14233e-05 0.000533064
1.69448e-08   0.0120495
1.26261e-06 4.50995e-08
 0.00013871   0.0119908
4.03652e-13 7.86422e-08
4.31662e-07 0.000102545
2.26267e-05 4.50238e-05
 1.0622e-06 3.85108e-08
7.51608e-07 4.62985e-08
8.20257e-07 5.01228e-08
2.21692e-06  2.5519e-05
8.27508e-07 5.61069e-08
 8.5278e-07  6.0721e-08
7.77144e-07 5.63641e-08
5.79834e-08 1.57418e-06
5.68067e-08 1.60529e-06
5.22959e-07 6.87729e-08
5.23486e-07 7.33743e-08
1.87445e-06 9.17886e-05
5.21299e-07   7.424e-08
7.85491e-05  0.00264481
5.05983e-07 7.66665e-08
2.20475e-07  3.7208e-08
3.22419e-07 6.28868e-08
0.000185555    0.006677
1.28497e-06   0.0116446
 1.7541e-06   0.0217413
6.88481e-06  0.00270417
2.45708e-07  4.2862e-08
2.78671e-09  2.3487e-09
3.12144e-07 8.82167e-08
2.88824e-07 9.12147e-08
5.03889e-07   0.0213133
3.99195e-09 2.55819e-06
1.95405e-06  0.00985298
3.37781e-09 2.84759e-09
4.03898e-09 2.61408e-06
1.33435e-05 0.000947116
6.43045e-07    0.017562
2.15702e-06  0.00108847
6.42704e-08    0.263607
3.56661e-09  0.00451376
2.17215e-07 1.37497e-07
 4.8838e-07   0.0218261
2.86709e-06  0.00719675
6.68133e-05  0.00207735
2.04837e-07 1.41372e-07
2.05634e-09 1.73452e-09
1.17569e-07 1.76483e-07
2.48983e-08 2.05541e-06
2.63666e-08 1.93358e-06
 9.8001e-08  1.4803e-07
3.06304e-09 2.67851e-06
6.33175e-08  0.00389414
5.08924e-06 0.000364605
3.55324e-08 0.000486481
5.89516e-08 8.59746e-08
6.09998e-08 8.92061e-08
5.95858e-08 8.73618e-08
3.99311e-08 5.88428e-08
5.44261e-06  0.00138037
5.33531e-09 7.53495e-06
4.09186e-08 6.03204e-08
3.10228e-08 0.000471204
1.92943e-07   0.0402958
4.84351e-09 7.10115e-06
2.84235e-07  0.00594755
4.89969e-09 7.81087e-06
6.64516e-07   0.0193249
1.49004e-08   2.501e-08
1.33366e-05  0.00025163
1.21083e-09 1.88212e-06
2.92018e-09 5.56064e-06
9.33167e-10 1.44096e-06
 1.2597e-06   0.0148946
1.26162e-08  2.2136e-08
1.18046e-09 2.45171e-07
1.05729e-09 1.93671e-06
 1.3878e-06    0.011361
4.50079e-06  0.00131601
8.17023e-07  0.00278871
1.76488e-09  0.00141847
2.34337e-07 0.000205903
1.19764e-09 2.39163e-07
   0.110336 0.000446361
1.93076e-07  0.00720713
1.21826e-05 0.000680063
1.36364e-05 0.000834613
4.93056e-10 7.66015e-07
7.81362e-07   0.0073285
4.81906e-10 1.23288e-06
1.20815e-09 2.33397e-06
6.91143e-06 8.50723e-05
3.75356e-05   0.0082813
9.27571e-10 1.90647e-06
2.84961e-08 0.000304148
4.20235e-10 6.31985e-07
1.23186e-06  0.00186428
2.87517e-10 4.15616e-07
4.94738e-09 0.000271118
4.17256e-07   0.0239827
4.54337e-10 6.69933e-07
4.56363e-10 6.76854e-07
1.59639e-06  0.00455122
1.79537e-07  0.00112212
4.86063e-10 7.18802e-07
3.92908e-10 5.79395e-07
2.46156e-10 3.62409e-07
1.06481e-05 0.000609114
5.10041e-05 0.000561511
3.23765e-10 4.77365e-07
 1.7278e-06  0.00515759
0.000707955  0.00113666
4.14876e-05 5.92265e-07
2.93157e-05  0.00470344
4.95376e-07 9.53673e-05
2.34521e-10 3.44052e-07
6.78143e-11 9.63201e-08
 2.3915e-10 3.50292e-07
1.79111e-10 2.59818e-07
4.26325e-06 4.91828e-05
 2.8347e-11 2.61932e-07
2.13491e-06 0.000801354
1.39661e-10 1.92117e-07
1.18847e-10 1.60421e-07
2.93402e-11 3.80413e-08
3.69611e-11 2.28192e-07
1.56999e-10 2.05612e-07
1.35481e-06 0.000878009
1.52929e-10 1.99554e-07
 9.6081e-11 1.24124e-07
5.54297e-11 1.03296e-07
4.72174e-08   0.0387754
7.08528e-07 4.67826e-05
4.61813e-09  0.00648916
1.00644e-10 1.29707e-07
5.07239e-07   0.0147789
2.38265e-08   0.0141317
0.000122293 0.000820328
7.69036e-06  0.00380224
2.01451e-06  0.00615296
2.16232e-10 2.02673e-07
7.46329e-08 0.000445874
1.84301e-10 1.76843e-07
1.16645e-06  0.00150345
2.45011e-10 2.21501e-07
2.37642e-10 2.11001e-07
0.000437848   0.0136188
4.26697e-11 3.44813e-08
1.42519e-10 1.11564e-07
5.18768e-07   0.0287377
2.56062e-10 1.94497e-07
2.41206e-10 1.79707e-07
2.69954e-10 2.01761e-07
4.31173e-10 3.09084e-07
4.27105e-10 3.05218e-07
1.61132e-07   0.0270079
9.85822e-08   0.0142712
2.41836e-06  0.00339136
2.09599e-06    0.144788
8.16027e-07  0.00791218
3.16574e-05  0.00024092
7.17505e-07  0.00318113
 5.0427e-10  3.5586e-07
5.03351e-10 3.51553e-07
  0.0178804  0.00209711
1.49304e-10 1.06717e-07
1.96609e-07   0.0360925
5.53014e-10 3.81403e-07
4.63386e-06 6.78576e-05
5.65437e-10 3.86875e-07
1.66302e-10  1.1299e-07
6.75599e-08   0.0852136
7.83123e-08   0.0631476
4.87934e-10 3.28747e-07
0.000436576  0.00971139
4.84904e-07  0.00297534
2.61377e-10 1.77485e-07
0.000302592   0.0734403
2.04641e-06  0.00418726
 1.3089e-06 0.000814235
 0.00500401 0.000567884
2.75196e-06  0.00663997
2.80059e-07   0.0191255
5.11128e-06 5.69899e-05
2.37411e-10  1.6105e-07
1.71085e-08  0.00113938
2.03258e-06  0.00504175
1.19541e-07 0.000184271
4.63663e-06  0.00385529
2.11585e-08   0.0148542
7.71848e-10 4.99447e-07
7.39973e-07   0.0053561
4.71475e-05 0.000180093
1.08436e-09 6.93652e-07
1.03202e-10 6.94273e-08
1.62441e-09 1.03909e-06
1.36236e-09 8.73493e-07
2.09812e-09 1.34204e-06
2.02955e-09 1.29813e-06
0.000170201 0.000156642
4.57417e-06 5.22479e-05
9.92123e-10   6.346e-07
0.000207983    0.119715
0.000699228 0.000584686
1.88471e-09 1.20442e-06
1.05752e-09 6.76428e-07
1.11879e-08 7.13251e-06
1.62439e-07 0.000103542
1.32757e-05 0.000443728
1.52905e-08 9.74775e-06
1.55795e-08 9.93194e-06
 1.3053e-08 8.32127e-06
6.29797e-08 4.01445e-05
1.22502e-08  7.8094e-06
 8.3634e-08   5.331e-05
5.72189e-08 3.64724e-05
2.60015e-06 0.000115384
5.21447e-06  0.00377989
8.30662e-06 0.000100908
 0.00139015 1.57179e-06
9.89442e-09 6.30742e-06
6.06983e-08 3.86903e-05
6.12906e-11 3.90699e-08
0.000266554 0.000234741
2.43852e-07   0.0608384
1.43899e-08 9.17296e-06
6.00017e-07 3.18007e-05
1.08006e-06 2.97914e-05
4.42662e-06 0.000203689
7.19463e-07  0.00371431
1.41851e-08 9.04234e-06
7.11867e-06 0.000497572
2.52464e-07 0.000134482
 1.2644e-08 8.06002e-06
 1.2495e-05  0.00716409
7.28488e-09 4.64377e-06
1.41689e-06 3.16118e-05
1.37862e-05  0.00228495
7.35525e-09  4.6885e-06
4.62648e-07 0.000116962
1.80334e-09 1.14954e-06
2.09831e-06  0.00359673
7.14216e-09 4.55278e-06
3.23485e-06   0.0207014
1.54067e-09 9.82077e-07
8.66121e-09 5.52102e-06
  6.322e-09 4.02993e-06
3.78387e-05  0.00909842
3.57182e-09 2.27685e-06
1.00211e-08 6.38786e-06
9.72334e-05  0.00283802
 9.2681e-09 5.90788e-06
0.000165259   0.0012943
3.26761e-06  0.00125051
3.21101e-09 2.04685e-06
4.65153e-07   0.0263793
3.14654e-09 2.00576e-06
1.49753e-09 9.54596e-07